1 inf -8.574420 -0.899933 -0.252019 -2.324493 -1.451984 3.436707 0.227921 2.492733 0.217334 0.565334 2.315031 0.100653 10.307313 -0.276293 0.284748 3.573574
1 303.00492 -8.571712 -0.908504 -0.249949 -2.329170 -1.425693 3.448501 0.232247 2.521700 0.250804 0.562162 2.362412 0.098132 10.319379 -0.258458 0.269821 3.585835
1 303.00492 -8.571712 -0.908504 -0.249949 -2.329170 -1.425693 3.448501 0.232247 2.521700 0.250804 0.562162 2.362412 0.098132 10.319379 -0.258458 0.269821 3.585835
1 303.00492 -8.571712 -0.908504 -0.249949 -2.329170 -1.425693 3.448501 0.232247 2.521700 0.250804 0.562162 2.362412 0.098132 10.319379 -0.258458 0.269821 3.585835
1 303.00492 -8.571712 -0.908504 -0.249949 -2.329170 -1.425693 3.448501 0.232247 2.521700 0.250804 0.562162 2.362412 0.098132 10.319379 -0.258458 0.269821 3.585835
1 291.6426 -8.565069 -0.873827 -0.311699 -2.370248 -1.435214 3.442131 0.228647 2.506291 0.247731 0.570241 2.361657 0.078079 10.319239 -0.291016 0.314860 3.581678
1 291.6426 -8.565069 -0.873827 -0.311699 -2.370248 -1.435214 3.442131 0.228647 2.506291 0.247731 0.570241 2.361657 0.078079 10.319239 -0.291016 0.314860 3.581678
1 291.6426 -8.565069 -0.873827 -0.311699 -2.370248 -1.435214 3.442131 0.228647 2.506291 0.247731 0.570241 2.361657 0.078079 10.319239 -0.291016 0.314860 3.581678
1 291.6426 -8.565069 -0.873827 -0.311699 -2.370248 -1.435214 3.442131 0.228647 2.506291 0.247731 0.570241 2.361657 0.078079 10.319239 -0.291016 0.314860 3.581678
1 291.6426 -8.565069 -0.873827 -0.311699 -2.370248 -1.435214 3.442131 0.228647 2.506291 0.247731 0.570241 2.361657 0.078079 10.319239 -0.291016 0.314860 3.581678
1 291.6426 -8.565069 -0.873827 -0.311699 -2.370248 -1.435214 3.442131 0.228647 2.506291 0.247731 0.570241 2.361657 0.078079 10.319239 -0.291016 0.314860 3.581678
1 291.6426 -8.565069 -0.873827 -0.311699 -2.370248 -1.435214 3.442131 0.228647 2.506291 0.247731 0.570241 2.361657 0.078079 10.319239 -0.291016 0.314860 3.581678
1 291.6426 -8.565069 -0.873827 -0.311699 -2.370248 -1.435214 3.442131 0.228647 2.506291 0.247731 0.570241 2.361657 0.078079 10.319239 -0.291016 0.314860 3.581678
1 291.6426 -8.565069 -0.873827 -0.311699 -2.370248 -1.435214 3.442131 0.228647 2.506291 0.247731 0.570241 2.361657 0.078079 10.319239 -0.291016 0.314860 3.581678
1 291.6426 -8.565069 -0.873827 -0.311699 -2.370248 -1.435214 3.442131 0.228647 2.506291 0.247731 0.570241 2.361657 0.078079 10.319239 -0.291016 0.314860 3.581678
1 291.6426 -8.565069 -0.873827 -0.311699 -2.370248 -1.435214 3.442131 0.228647 2.506291 0.247731 0.570241 2.361657 0.078079 10.319239 -0.291016 0.314860 3.581678
1 291.6426 -8.565069 -0.873827 -0.311699 -2.370248 -1.435214 3.442131 0.228647 2.506291 0.247731 0.570241 2.361657 0.078079 10.319239 -0.291016 0.314860 3.581678
1 291.6426 -8.565069 -0.873827 -0.311699 -2.370248 -1.435214 3.442131 0.228647 2.506291 0.247731 0.570241 2.361657 0.078079 10.319239 -0.291016 0.314860 3.581678
1 291.6426 -8.565069 -0.873827 -0.311699 -2.370248 -1.435214 3.442131 0.228647 2.506291 0.247731 0.570241 2.361657 0.078079 10.319239 -0.291016 0.314860 3.581678
1 291.6426 -8.565069 -0.873827 -0.311699 -2.370248 -1.435214 3.442131 0.228647 2.506291 0.247731 0.570241 2.361657 0.078079 10.319239 -0.291016 0.314860 3.581678
1 291.6426 -8.565069 -0.873827 -0.311699 -2.370248 -1.435214 3.442131 0.228647 2.506291 0.247731 0.570241 2.361657 0.078079 10.319239 -0.291016 0.314860 3.581678
1 291.6426 -8.565069 -0.873827 -0.311699 -2.370248 -1.435214 3.442131 0.228647 2.506291 0.247731 0.570241 2.361657 0.078079 10.319239 -0.291016 0.314860 3.581678
1 291.6426 -8.565069 -0.873827 -0.311699 -2.370248 -1.435214 3.442131 0.228647 2.506291 0.247731 0.570241 2.361657 0.078079 10.319239 -0.291016 0.314860 3.581678
1 291.6426 -8.565069 -0.873827 -0.311699 -2.370248 -1.435214 3.442131 0.228647 2.506291 0.247731 0.570241 2.361657 0.078079 10.319239 -0.291016 0.314860 3.581678
1 291.6426 -8.565069 -0.873827 -0.311699 -2.370248 -1.435214 3.442131 0.228647 2.506291 0.247731 0.570241 2.361657 0.078079 10.319239 -0.291016 0.314860 3.581678
1 291.6426 -8.565069 -0.873827 -0.311699 -2.370248 -1.435214 3.442131 0.228647 2.506291 0.247731 0.570241 2.361657 0.078079 10.319239 -0.291016 0.314860 3.581678
1 288.80107 -8.546317 -0.847540 -0.312778 -2.363332 -1.384472 3.461347 0.226776 2.509847 0.229182 0.565519 2.341995 0.100091 10.339721 -0.316779 0.309322 3.570850
1 288.80107 -8.546317 -0.847540 -0.312778 -2.363332 -1.384472 3.461347 0.226776 2.509847 0.229182 0.565519 2.341995 0.100091 10.339721 -0.316779 0.309322 3.570850
1 288.80107 -8.546317 -0.847540 -0.312778 -2.363332 -1.384472 3.461347 0.226776 2.509847 0.229182 0.565519 2.341995 0.100091 10.339721 -0.316779 0.309322 3.570850
1 288.80107 -8.546317 -0.847540 -0.312778 -2.363332 -1.384472 3.461347 0.226776 2.509847 0.229182 0.565519 2.341995 0.100091 10.339721 -0.316779 0.309322 3.570850
1 288.80107 -8.546317 -0.847540 -0.312778 -2.363332 -1.384472 3.461347 0.226776 2.509847 0.229182 0.565519 2.341995 0.100091 10.339721 -0.316779 0.309322 3.570850
1 288.80107 -8.546317 -0.847540 -0.312778 -2.363332 -1.384472 3.461347 0.226776 2.509847 0.229182 0.565519 2.341995 0.100091 10.339721 -0.316779 0.309322 3.570850
1 288.80107 -8.546317 -0.847540 -0.312778 -2.363332 -1.384472 3.461347 0.226776 2.509847 0.229182 0.565519 2.341995 0.100091 10.339721 -0.316779 0.309322 3.570850
1 288.80107 -8.546317 -0.847540 -0.312778 -2.363332 -1.384472 3.461347 0.226776 2.509847 0.229182 0.565519 2.341995 0.100091 10.339721 -0.316779 0.309322 3.570850
1 288.80107 -8.546317 -0.847540 -0.312778 -2.363332 -1.384472 3.461347 0.226776 2.509847 0.229182 0.565519 2.341995 0.100091 10.339721 -0.316779 0.309322 3.570850
1 288.80107 -8.546317 -0.847540 -0.312778 -2.363332 -1.384472 3.461347 0.226776 2.509847 0.229182 0.565519 2.341995 0.100091 10.339721 -0.316779 0.309322 3.570850
1 288.80107 -8.546317 -0.847540 -0.312778 -2.363332 -1.384472 3.461347 0.226776 2.509847 0.229182 0.565519 2.341995 0.100091 10.339721 -0.316779 0.309322 3.570850
1 288.80107 -8.546317 -0.847540 -0.312778 -2.363332 -1.384472 3.461347 0.226776 2.509847 0.229182 0.565519 2.341995 0.100091 10.339721 -0.316779 0.309322 3.570850
1 288.80107 -8.546317 -0.847540 -0.312778 -2.363332 -1.384472 3.461347 0.226776 2.509847 0.229182 0.565519 2.341995 0.100091 10.339721 -0.316779 0.309322 3.570850
1 288.80107 -8.546317 -0.847540 -0.312778 -2.363332 -1.384472 3.461347 0.226776 2.509847 0.229182 0.565519 2.341995 0.100091 10.339721 -0.316779 0.309322 3.570850
1 288.80107 -8.546317 -0.847540 -0.312778 -2.363332 -1.384472 3.461347 0.226776 2.509847 0.229182 0.565519 2.341995 0.100091 10.339721 -0.316779 0.309322 3.570850
1 288.80107 -8.546317 -0.847540 -0.312778 -2.363332 -1.384472 3.461347 0.226776 2.509847 0.229182 0.565519 2.341995 0.100091 10.339721 -0.316779 0.309322 3.570850
1 288.80107 -8.546317 -0.847540 -0.312778 -2.363332 -1.384472 3.461347 0.226776 2.509847 0.229182 0.565519 2.341995 0.100091 10.339721 -0.316779 0.309322 3.570850
1 288.80107 -8.546317 -0.847540 -0.312778 -2.363332 -1.384472 3.461347 0.226776 2.509847 0.229182 0.565519 2.341995 0.100091 10.339721 -0.316779 0.309322 3.570850
1 288.80107 -8.546317 -0.847540 -0.312778 -2.363332 -1.384472 3.461347 0.226776 2.509847 0.229182 0.565519 2.341995 0.100091 10.339721 -0.316779 0.309322 3.570850
1 288.80107 -8.546317 -0.847540 -0.312778 -2.363332 -1.384472 3.461347 0.226776 2.509847 0.229182 0.565519 2.341995 0.100091 10.339721 -0.316779 0.309322 3.570850
1 288.80107 -8.546317 -0.847540 -0.312778 -2.363332 -1.384472 3.461347 0.226776 2.509847 0.229182 0.565519 2.341995 0.100091 10.339721 -0.316779 0.309322 3.570850
1 288.80107 -8.546317 -0.847540 -0.312778 -2.363332 -1.384472 3.461347 0.226776 2.509847 0.229182 0.565519 2.341995 0.100091 10.339721 -0.316779 0.309322 3.570850
1 288.80107 -8.546317 -0.847540 -0.312778 -2.363332 -1.384472 3.461347 0.226776 2.509847 0.229182 0.565519 2.341995 0.100091 10.339721 -0.316779 0.309322 3.570850
1 288.80107 -8.546317 -0.847540 -0.312778 -2.363332 -1.384472 3.461347 0.226776 2.509847 0.229182 0.565519 2.341995 0.100091 10.339721 -0.316779 0.309322 3.570850
1 288.80107 -8.546317 -0.847540 -0.312778 -2.363332 -1.384472 3.461347 0.226776 2.509847 0.229182 0.565519 2.341995 0.100091 10.339721 -0.316779 0.309322 3.570850
1 288.80107 -8.546317 -0.847540 -0.312778 -2.363332 -1.384472 3.461347 0.226776 2.509847 0.229182 0.565519 2.341995 0.100091 10.339721 -0.316779 0.309322 3.570850
1 288.22365 -8.538575 -0.861698 -0.311427 -2.388107 -1.373396 3.453938 0.192889 2.529286 0.226117 0.570280 2.327906 0.115903 10.349393 -0.300399 0.304131 3.573913
1 288.22365 -8.538575 -0.861698 -0.311427 -2.388107 -1.373396 3.453938 0.192889 2.529286 0.226117 0.570280 2.327906 0.115903 10.349393 -0.300399 0.304131 3.573913
1 288.22365 -8.538575 -0.861698 -0.311427 -2.388107 -1.373396 3.453938 0.192889 2.529286 0.226117 0.570280 2.327906 0.115903 10.349393 -0.300399 0.304131 3.573913
1 288.22365 -8.538575 -0.861698 -0.311427 -2.388107 -1.373396 3.453938 0.192889 2.529286 0.226117 0.570280 2.327906 0.115903 10.349393 -0.300399 0.304131 3.573913
1 288.22365 -8.538575 -0.861698 -0.311427 -2.388107 -1.373396 3.453938 0.192889 2.529286 0.226117 0.570280 2.327906 0.115903 10.349393 -0.300399 0.304131 3.573913
1 288.22365 -8.538575 -0.861698 -0.311427 -2.388107 -1.373396 3.453938 0.192889 2.529286 0.226117 0.570280 2.327906 0.115903 10.349393 -0.300399 0.304131 3.573913
1 288.22365 -8.538575 -0.861698 -0.311427 -2.388107 -1.373396 3.453938 0.192889 2.529286 0.226117 0.570280 2.327906 0.115903 10.349393 -0.300399 0.304131 3.573913
1 288.22365 -8.538575 -0.861698 -0.311427 -2.388107 -1.373396 3.453938 0.192889 2.529286 0.226117 0.570280 2.327906 0.115903 10.349393 -0.300399 0.304131 3.573913
1 288.22365 -8.538575 -0.861698 -0.311427 -2.388107 -1.373396 3.453938 0.192889 2.529286 0.226117 0.570280 2.327906 0.115903 10.349393 -0.300399 0.304131 3.573913
1 288.22365 -8.538575 -0.861698 -0.311427 -2.388107 -1.373396 3.453938 0.192889 2.529286 0.226117 0.570280 2.327906 0.115903 10.349393 -0.300399 0.304131 3.573913
1 288.22365 -8.538575 -0.861698 -0.311427 -2.388107 -1.373396 3.453938 0.192889 2.529286 0.226117 0.570280 2.327906 0.115903 10.349393 -0.300399 0.304131 3.573913
1 288.22365 -8.538575 -0.861698 -0.311427 -2.388107 -1.373396 3.453938 0.192889 2.529286 0.226117 0.570280 2.327906 0.115903 10.349393 -0.300399 0.304131 3.573913
1 288.22365 -8.538575 -0.861698 -0.311427 -2.388107 -1.373396 3.453938 0.192889 2.529286 0.226117 0.570280 2.327906 0.115903 10.349393 -0.300399 0.304131 3.573913
1 288.22365 -8.538575 -0.861698 -0.311427 -2.388107 -1.373396 3.453938 0.192889 2.529286 0.226117 0.570280 2.327906 0.115903 10.349393 -0.300399 0.304131 3.573913
1 288.22365 -8.538575 -0.861698 -0.311427 -2.388107 -1.373396 3.453938 0.192889 2.529286 0.226117 0.570280 2.327906 0.115903 10.349393 -0.300399 0.304131 3.573913
