1 inf -8.688651 -0.999521 -0.286456 -2.207079 -1.392529 3.383103 0.213173 2.564607 0.180920 0.560534 2.295759 0.134775 10.476744 -0.297672 0.151565 3.685650
1 inf -8.682707 -0.988836 -0.308293 -2.221721 -1.380854 3.372559 0.212357 2.565413 0.200131 0.535813 2.272431 0.094118 10.459508 -0.297547 0.194384 3.657732
1 inf -8.688592 -0.951620 -0.270770 -2.215215 -1.382831 3.372891 0.196787 2.558737 0.181935 0.514146 2.276297 0.126190 10.460852 -0.323311 0.179902 3.681655
1 inf -8.675662 -0.991900 -0.257913 -2.240086 -1.401593 3.360421 0.196487 2.545016 0.140565 0.496037 2.258860 0.144019 10.446586 -0.337427 0.166722 3.725595
1 inf -8.720086 -0.993345 -0.267869 -2.249381 -1.384032 3.369568 0.182182 2.569286 0.127616 0.479540 2.229530 0.140832 10.454590 -0.340753 0.199734 3.729351
1 inf -8.733714 -0.995528 -0.252678 -2.219933 -1.395560 3.355224 0.141831 2.558954 0.166745 0.486049 2.238912 0.151936 10.449472 -0.332357 0.193120 3.728332
1 inf -8.751475 -0.997597 -0.261756 -2.202511 -1.402716 3.386635 0.114357 2.543519 0.167305 0.503967 2.230600 0.131417 10.444828 -0.353061 0.213625 3.709943
1 inf -8.731740 -0.988398 -0.254428 -2.243749 -1.423031 3.405407 0.106358 2.541734 0.147532 0.523153 2.237610 0.112878 10.451015 -0.339126 0.181985 3.739181
1 inf -8.758048 -0.939248 -0.256300 -2.251187 -1.402280 3.436665 0.093541 2.527956 0.103065 0.540894 2.248955 0.090362 10.458898 -0.326911 0.172661 3.675448
1 inf -8.789519 -0.930154 -0.299105 -2.277941 -1.388945 3.412256 0.085762 2.543586 0.115416 0.543577 2.234617 0.098915 10.457395 -0.303340 0.177037 3.656833
1 inf -8.779351 -0.972098 -0.256151 -2.268217 -1.416369 3.413790 0.143402 2.570132 0.112563 0.540044 2.259001 0.102529 10.452660 -0.274323 0.180234 3.674146
1 inf -8.733086 -0.994371 -0.238036 -2.282607 -1.445985 3.390557 0.131570 2.526440 0.119611 0.564798 2.260519 0.116557 10.454514 -0.249232 0.156494 3.656889
1 inf -8.749991 -0.989316 -0.247624 -2.290468 -1.461277 3.355107 0.102267 2.535986 0.113125 0.587357 2.252921 0.123811 10.457066 -0.243190 0.171208 3.654611
1 inf -8.750497 -0.991191 -0.259259 -2.313586 -1.482522 3.365291 0.091982 2.545640 0.091467 0.578602 2.278213 0.082102 10.452691 -0.221961 0.186289 3.653809
1 inf -8.749385 -0.993472 -0.261259 -2.332903 -1.450051 3.338406 0.116270 2.517092 0.088779 0.595803 2.306303 0.096244 10.435582 -0.210556 0.173444 3.676192
1 inf -8.733761 -0.982374 -0.258334 -2.322302 -1.472259 3.340945 0.135318 2.555470 0.124851 0.597637 2.297291 0.077038 10.411434 -0.206200 0.197377 3.699809
1 inf -8.725699 -0.971976 -0.262056 -2.315110 -1.442229 3.371279 0.147663 2.583036 0.114423 0.608597 2.285589 0.083801 10.422848 -0.209012 0.195084 3.688739
1 inf -8.741424 -0.982640 -0.273094 -2.331825 -1.398332 3.367249 0.159504 2.599157 0.094039 0.590995 2.260144 0.108749 10.409322 -0.257273 0.202524 3.709792
1 inf -8.757629 -0.954557 -0.257299 -2.318677 -1.372172 3.360575 0.134298 2.581248 0.087936 0.557309 2.270499 0.097277 10.399105 -0.259981 0.223292 3.671556
1 inf -8.750412 -0.952033 -0.254507 -2.334908 -1.351149 3.390139 0.141700 2.629591 0.103903 0.527131 2.280733 0.116837 10.355152 -0.256599 0.223171 3.659639
1 inf -8.745818 -0.951970 -0.220478 -2.312767 -1.339576 3.349860 0.113585 2.608414 0.116159 0.529052 2.301127 0.088322 10.359097 -0.284034 0.210739 3.603382
1 inf -8.742141 -0.946704 -0.187665 -2.322330 -1.380573 3.379912 0.078980 2.599155 0.111407 0.533958 2.352622 0.086186 10.367877 -0.295501 0.217448 3.612541
1 inf -8.748429 -0.893655 -0.206196 -2.311530 -1.399320 3.419563 0.069316 2.602383 0.130358 0.543012 2.349554 0.069251 10.419005 -0.268067 0.223811 3.582454
1 inf -8.761117 -0.884688 -0.211754 -2.291748 -1.395407 3.433465 0.088047 2.606955 0.143600 0.538938 2.352929 0.032392 10.425636 -0.291584 0.240858 3.560381
1 inf -8.752685 -0.914110 -0.209146 -2.311491 -1.394335 3.457065 0.075262 2.629920 0.158356 0.555875 2.316480 0.032278 10.410950 -0.282143 0.222061 3.600541
1 130.7881 -8.746612 -0.956905 -0.214355 -2.275877 -1.378891 3.446423 0.077235 2.646906 0.163737 0.522489 2.294375 0.013726 10.425473 -0.297471 0.182543 3.613972
1 121.81555 -8.771541 -0.979412 -0.183330 -2.312679 -1.371470 3.440503 0.102314 2.656031 0.179987 0.538316 2.311749 0.006821 10.400230 -0.287813 0.159060 3.631658
1 121.81555 -8.771541 -0.979412 -0.183330 -2.312679 -1.371470 3.440503 0.102314 2.656031 0.179987 0.538316 2.311749 0.006821 10.400230 -0.287813 0.159060 3.631658
1 114.79632 -8.726471 -0.959200 -0.188267 -2.310777 -1.384992 3.453305 0.130251 2.668210 0.202456 0.552970 2.305710 -0.014861 10.396621 -0.310504 0.133544 3.624979
1 114.79632 -8.726471 -0.959200 -0.188267 -2.310777 -1.384992 3.453305 0.130251 2.668210 0.202456 0.552970 2.305710 -0.014861 10.396621 -0.310504 0.133544 3.624979
1 114.79632 -8.726471 -0.959200 -0.188267 -2.310777 -1.384992 3.453305 0.130251 2.668210 0.202456 0.552970 2.305710 -0.014861 10.396621 -0.310504 0.133544 3.624979
1 114.79632 -8.726471 -0.959200 -0.188267 -2.310777 -1.384992 3.453305 0.130251 2.668210 0.202456 0.552970 2.305710 -0.014861 10.396621 -0.310504 0.133544 3.624979
1 114.79632 -8.726471 -0.959200 -0.188267 -2.310777 -1.384992 3.453305 0.130251 2.668210 0.202456 0.552970 2.305710 -0.014861 10.396621 -0.310504 0.133544 3.624979
1 114.79632 -8.726471 -0.959200 -0.188267 -2.310777 -1.384992 3.453305 0.130251 2.668210 0.202456 0.552970 2.305710 -0.014861 10.396621 -0.310504 0.133544 3.624979
1 114.79632 -8.726471 -0.959200 -0.188267 -2.310777 -1.384992 3.453305 0.130251 2.668210 0.202456 0.552970 2.305710 -0.014861 10.396621 -0.310504 0.133544 3.624979
1 114.79632 -8.726471 -0.959200 -0.188267 -2.310777 -1.384992 3.453305 0.130251 2.668210 0.202456 0.552970 2.305710 -0.014861 10.396621 -0.310504 0.133544 3.624979
1 114.79632 -8.726471 -0.959200 -0.188267 -2.310777 -1.384992 3.453305 0.130251 2.668210 0.202456 0.552970 2.305710 -0.014861 10.396621 -0.310504 0.133544 3.624979
1 114.79632 -8.726471 -0.959200 -0.188267 -2.310777 -1.384992 3.453305 0.130251 2.668210 0.202456 0.552970 2.305710 -0.014861 10.396621 -0.310504 0.133544 3.624979
1 114.79632 -8.726471 -0.959200 -0.188267 -2.310777 -1.384992 3.453305 0.130251 2.668210 0.202456 0.552970 2.305710 -0.014861 10.396621 -0.310504 0.133544 3.624979
1 112.26094 -8.688751 -0.936887 -0.171637 -2.339759 -1.403455 3.452609 0.126815 2.669053 0.231430 0.573438 2.279229 -0.031267 10.380329 -0.349116 0.139353 3.618388
1 112.26094 -8.688751 -0.936887 -0.171637 -2.339759 -1.403455 3.452609 0.126815 2.669053 0.231430 0.573438 2.279229 -0.031267 10.380329 -0.349116 0.139353 3.618388
1 112.29396 -8.709166 -0.930904 -0.136934 -2.356191 -1.434870 3.460711 0.125284 2.675491 0.194668 0.532666 2.284666 -0.040196 10.386361 -0.347441 0.135656 3.630739
1 111.00938 -8.716618 -0.931491 -0.110035 -2.350045 -1.425816 3.458975 0.152194 2.679517 0.174888 0.508834 2.300608 -0.053849 10.370081 -0.320733 0.123110 3.608652
1 111.00938 -8.716618 -0.931491 -0.110035 -2.350045 -1.425816 3.458975 0.152194 2.679517 0.174888 0.508834 2.300608 -0.053849 10.370081 -0.320733 0.123110 3.608652
1 111.00938 -8.716618 -0.931491 -0.110035 -2.350045 -1.425816 3.458975 0.152194 2.679517 0.174888 0.508834 2.300608 -0.053849 10.370081 -0.320733 0.123110 3.608652
1 111.00938 -8.716618 -0.931491 -0.110035 -2.350045 -1.425816 3.458975 0.152194 2.679517 0.174888 0.508834 2.300608 -0.053849 10.370081 -0.320733 0.123110 3.608652
1 111.00938 -8.716618 -0.931491 -0.110035 -2.350045 -1.425816 3.458975 0.152194 2.679517 0.174888 0.508834 2.300608 -0.053849 10.370081 -0.320733 0.123110 3.608652
1 110.86467 -8.721835 -0.950651 -0.128190 -2.353318 -1.431708 3.442863 0.151735 2.667197 0.199656 0.472544 2.310611 -0.020326 10.344589 -0.283762 0.084032 3.584315
1 109.95898 -8.713449 -0.920553 -0.122866 -2.315532 -1.418514 3.433816 0.154129 2.664492 0.241996 0.476539 2.282921 0.032775 10.334180 -0.299495 0.118139 3.572999
1 109.95898 -8.713449 -0.920553 -0.122866 -2.315532 -1.418514 3.433816 0.154129 2.664492 0.241996 0.476539 2.282921 0.032775 10.334180 -0.299495 0.118139 3.572999
1 109.95898 -8.713449 -0.920553 -0.122866 -2.315532 -1.418514 3.433816 0.154129 2.664492 0.241996 0.476539 2.282921 0.032775 10.334180 -0.299495 0.118139 3.572999
1 108.6798 -8.698140 -0.925224 -0.151987 -2.305241 -1.438091 3.457557 0.152690 2.631671 0.241004 0.498991 2.260559 -0.000523 10.328728 -0.294087 0.118578 3.566755
1 108.6798 -8.698140 -0.925224 -0.151987 -2.305241 -1.438091 3.457557 0.152690 2.631671 0.241004 0.498991 2.260559 -0.000523 10.328728 -0.294087 0.118578 3.566755
1 108.6798 -8.698140 -0.925224 -0.151987 -2.305241 -1.438091 3.457557 0.152690 2.631671 0.241004 0.498991 2.260559 -0.000523 10.328728 -0.294087 0.118578 3.566755
1 108.6798 -8.698140 -0.925224 -0.151987 -2.305241 -1.438091 3.457557 0.152690 2.631671 0.241004 0.498991 2.260559 -0.000523 10.328728 -0.294087 0.118578 3.566755
1 108.6798 -8.698140 -0.925224 -0.151987 -2.305241 -1.438091 3.457557 0.152690 2.631671 0.241004 0.498991 2.260559 -0.000523 10.328728 -0.294087 0.118578 3.566755
1 108.6798 -8.698140 -0.925224 -0.151987 -2.305241 -1.438091 3.457557 0.152690 2.631671 0.241004 0.498991 2.260559 -0.000523 10.328728 -0.294087 0.118578 3.566755
1 108.6798 -8.698140 -0.925224 -0.151987 -2.305241 -1.438091 3.457557 0.152690 2.631671 0.241004 0.498991 2.260559 -0.000523 10.328728 -0.294087 0.118578 3.566755
1 103.16288 -8.697876 -0.940907 -0.130090 -2.340566 -1.467825 3.469156 0.127783 2.608876 0.258014 0.500288 2.268709 -0.028458 10.334301 -0.303858 0.123932 3.622554
1 103.16288 -8.697876 -0.940907 -0.130090 -2.340566 -1.467825 3.469156 0.127783 2.608876 0.258014 0.500288 2.268709 -0.028458 10.334301 -0.303858 0.123932 3.622554
1 103.16288 -8.697876 -0.940907 -0.130090 -2.340566 -1.467825 3.469156 0.127783 2.608876 0.258014 0.500288 2.268709 -0.028458 10.334301 -0.303858 0.123932 3.622554
1 103.16288 -8.697876 -0.940907 -0.130090 -2.340566 -1.467825 3.469156 0.127783 2.608876 0.258014 0.500288 2.268709 -0.028458 10.334301 -0.303858 0.123932 3.622554
1 103.16288 -8.697876 -0.940907 -0.130090 -2.340566 -1.467825 3.469156 0.127783 2.608876 0.258014 0.500288 2.268709 -0.028458 10.334301 -0.303858 0.123932 3.622554
1 103.16288 -8.697876 -0.940907 -0.130090 -2.340566 -1.467825 3.469156 0.127783 2.608876 0.258014 0.500288 2.268709 -0.028458 10.334301 -0.303858 0.123932 3.622554
1 103.16288 -8.697876 -0.940907 -0.130090 -2.340566 -1.467825 3.469156 0.127783 2.608876 0.258014 0.500288 2.268709 -0.028458 10.334301 -0.303858 0.123932 3.622554
1 101.30255 -8.671318 -0.934022 -0.104148 -2.339843 -1.506689 3.437463 0.158945 2.588098 0.244220 0.472012 2.287745 -0.053235 10.318758 -0.330076 0.125642 3.666950
1 101.30255 -8.671318 -0.934022 -0.104148 -2.339843 -1.506689 3.437463 0.158945 2.588098 0.244220 0.472012 2.287745 -0.053235 10.318758 -0.330076 0.125642 3.666950
1 101.30255 -8.671318 -0.934022 -0.104148 -2.339843 -1.506689 3.437463 0.158945 2.588098 0.244220 0.472012 2.287745 -0.053235 10.318758 -0.330076 0.125642 3.666950
1 101.30255 -8.671318 -0.934022 -0.104148 -2.339843 -1.506689 3.437463 0.158945 2.588098 0.244220 0.472012 2.287745 -0.053235 10.318758 -0.330076 0.125642 3.666950
1 101.30255 -8.671318 -0.934022 -0.104148 -2.339843 -1.506689 3.437463 0.158945 2.588098 0.244220 0.472012 2.287745 -0.053235 10.318758 -0.330076 0.125642 3.666950
1 101.30255 -8.671318 -0.934022 -0.104148 -2.339843 -1.506689 3.437463 0.158945 2.588098 0.244220 0.472012 2.287745 -0.053235 10.318758 -0.330076 0.125642 3.666950
1 101.30255 -8.671318 -0.934022 -0.104148 -2.339843 -1.506689 3.437463 0.158945 2.588098 0.244220 0.472012 2.287745 -0.053235 10.318758 -0.330076 0.125642 3.666950
1 101.30255 -8.671318 -0.934022 -0.104148 -2.339843 -1.506689 3.437463 0.158945 2.588098 0.244220 0.472012 2.287745 -0.053235 10.318758 -0.330076 0.125642 3.666950
1 102.43426 -8.692689 -0.935740 -0.098409 -2.360964 -1.517001 3.445991 0.180713 2.593899 0.235853 0.466238 2.279780 -0.067884 10.328085 -0.335525 0.135452 3.644499
1 102.43426 -8.692689 -0.935740 -0.098409 -2.360964 -1.517001 3.445991 0.180713 2.593899 0.235853 0.466238 2.279780 -0.067884 10.328085 -0.335525 0.135452 3.644499
1 102.43426 -8.692689 -0.935740 -0.098409 -2.360964 -1.517001 3.445991 0.180713 2.593899 0.235853 0.466238 2.279780 -0.067884 10.328085 -0.335525 0.135452 3.644499
1 101.31497 -8.695156 -0.942845 -0.086908 -2.360917 -1.522516 3.460796 0.215474 2.620983 0.236246 0.465447 2.256693 -0.066999 10.273660 -0.312005 0.153181 3.614920
1 100.15257 -8.670489 -0.935567 -0.080284 -2.358218 -1.514905 3.473650 0.224829 2.610649 0.214732 0.459660 2.271993 -0.069574 10.275138 -0.312569 0.149389 3.632779
1 100.15257 -8.670489 -0.935567 -0.080284 -2.358218 -1.514905 3.473650 0.224829 2.610649 0.214732 0.459660 2.271993 -0.069574 10.275138 -0.312569 0.149389 3.632779
1 100.15257 -8.670489 -0.935567 -0.080284 -2.358218 -1.514905 3.473650 0.224829 2.610649 0.214732 0.459660 2.271993 -0.069574 10.275138 -0.312569 0.149389 3.632779
1 100.15257 -8.670489 -0.935567 -0.080284 -2.358218 -1.514905 3.473650 0.224829 2.610649 0.214732 0.459660 2.271993 -0.069574 10.275138 -0.312569 0.149389 3.632779
1 100.15257 -8.670489 -0.935567 -0.080284 -2.358218 -1.514905 3.473650 0.224829 2.610649 0.214732 0.459660 2.271993 -0.069574 10.275138 -0.312569 0.149389 3.632779
1 100.15257 -8.670489 -0.935567 -0.080284 -2.358218 -1.514905 3.473650 0.224829 2.610649 0.214732 0.459660 2.271993 -0.069574 10.275138 -0.312569 0.149389 3.632779
1 100.15257 -8.670489 -0.935567 -0.080284 -2.358218 -1.514905 3.473650 0.224829 2.610649 0.214732 0.459660 2.271993 -0.069574 10.275138 -0.312569 0.149389 3.632779
1 100.15257 -8.670489 -0.935567 -0.080284 -2.358218 -1.514905 3.473650 0.224829 2.610649 0.214732 0.459660 2.271993 -0.069574 10.275138 -0.312569 0.149389 3.632779
1 100.15257 -8.670489 -0.935567 -0.080284 -2.358218 -1.514905 3.473650 0.224829 2.610649 0.214732 0.459660 2.271993 -0.069574 10.275138 -0.312569 0.149389 3.632779
1 100.15257 -8.670489 -0.935567 -0.080284 -2.358218 -1.514905 3.473650 0.224829 2.610649 0.214732 0.459660 2.271993 -0.069574 10.275138 -0.312569 0.149389 3.632779
1 100.15257 -8.670489 -0.935567 -0.080284 -2.358218 -1.514905 3.473650 0.224829 2.610649 0.214732 0.459660 2.271993 -0.069574 10.275138 -0.312569 0.149389 3.632779
1 100.15257 -8.670489 -0.935567 -0.080284 -2.358218 -1.514905 3.473650 0.224829 2.610649 0.214732 0.459660 2.271993 -0.069574 10.275138 -0.312569 0.149389 3.632779
1 100.15257 -8.670489 -0.935567 -0.080284 -2.358218 -1.514905 3.473650 0.224829 2.610649 0.214732 0.459660 2.271993 -0.069574 10.275138 -0.312569 0.149389 3.632779
1 100.15257 -8.670489 -0.935567 -0.080284 -2.358218 -1.514905 3.473650 0.224829 2.610649 0.214732 0.459660 2.271993 -0.069574 10.275138 -0.312569 0.149389 3.632779
1 100.15257 -8.670489 -0.935567 -0.080284 -2.358218 -1.514905 3.473650 0.224829 2.610649 0.214732 0.459660 2.271993 -0.069574 10.275138 -0.312569 0.149389 3.632779
1 100.15257 -8.670489 -0.935567 -0.080284 -2.358218 -1.514905 3.473650 0.224829 2.610649 0.214732 0.459660 2.271993 -0.069574 10.275138 -0.312569 0.149389 3.632779
1 100.15257 -8.670489 -0.935567 -0.080284 -2.358218 -1.514905 3.473650 0.224829 2.610649 0.214732 0.459660 2.271993 -0.069574 10.275138 -0.312569 0.149389 3.632779
1 100.15257 -8.670489 -0.935567 -0.080284 -2.358218 -1.514905 3.473650 0.224829 2.610649 0.214732 0.459660 2.271993 -0.069574 10.275138 -0.312569 0.149389 3.632779
1 100.15257 -8.670489 -0.935567 -0.080284 -2.358218 -1.514905 3.473650 0.224829 2.610649 0.214732 0.459660 2.271993 -0.069574 10.275138 -0.312569 0.149389 3.632779
1 100.15257 -8.670489 -0.935567 -0.080284 -2.358218 -1.514905 3.473650 0.224829 2.610649 0.214732 0.459660 2.271993 -0.069574 10.275138 -0.312569 0.149389 3.632779
1 99.825014 -8.668942 -0.921263 -0.092993 -2.378755 -1.502495 3.462792 0.235320 2.619399 0.206953 0.483726 2.266064 -0.084102 10.278560 -0.316223 0.133128 3.610794
1 99.825014 -8.668942 -0.921263 -0.092993 -2.378755 -1.502495 3.462792 0.235320 2.619399 0.206953 0.483726 2.266064 -0.084102 10.278560 -0.316223 0.133128 3.610794
1 99.825014 -8.668942 -0.921263 -0.092993 -2.378755 -1.502495 3.462792 0.235320 2.619399 0.206953 0.483726 2.266064 -0.084102 10.278560 -0.316223 0.133128 3.610794
1 99.825014 -8.668942 -0.921263 -0.092993 -2.378755 -1.502495 3.462792 0.235320 2.619399 0.206953 0.483726 2.266064 -0.084102 10.278560 -0.316223 0.133128 3.610794
1 99.825014 -8.668942 -0.921263 -0.092993 -2.378755 -1.502495 3.462792 0.235320 2.619399 0.206953 0.483726 2.266064 -0.084102 10.278560 -0.316223 0.133128 3.610794
1 99.825014 -8.668942 -0.921263 -0.092993 -2.378755 -1.502495 3.462792 0.235320 2.619399 0.206953 0.483726 2.266064 -0.084102 10.278560 -0.316223 0.133128 3.610794
1 99.825014 -8.668942 -0.921263 -0.092993 -2.378755 -1.502495 3.462792 0.235320 2.619399 0.206953 0.483726 2.266064 -0.084102 10.278560 -0.316223 0.133128 3.610794
1 99.825014 -8.668942 -0.921263 -0.092993 -2.378755 -1.502495 3.462792 0.235320 2.619399 0.206953 0.483726 2.266064 -0.084102 10.278560 -0.316223 0.133128 3.610794
1 99.825014 -8.668942 -0.921263 -0.092993 -2.378755 -1.502495 3.462792 0.235320 2.619399 0.206953 0.483726 2.266064 -0.084102 10.278560 -0.316223 0.133128 3.610794
