1 165.33122 -8.697668 -0.993655 -0.249695 -2.251226 -1.450879 3.387041 0.189650 2.535319 0.181229 0.617947 2.339688 0.199487 10.462283 -0.765792 -0.276931 0.211204 3.656573
1 157.62723 -8.726148 -0.987597 -0.246125 -2.267537 -1.419256 3.369956 0.208052 2.556873 0.162323 0.597234 2.321360 0.199958 10.459219 -0.718517 -0.290761 0.238335 3.661893
1 138.86324 -8.698508 -0.995327 -0.227965 -2.270507 -1.387746 3.349226 0.205755 2.561348 0.186562 0.594545 2.340240 0.210965 10.441453 -0.714032 -0.290877 0.256811 3.684883
1 138.86324 -8.698508 -0.995327 -0.227965 -2.270507 -1.387746 3.349226 0.205755 2.561348 0.186562 0.594545 2.340240 0.210965 10.441453 -0.714032 -0.290877 0.256811 3.684883
1 138.86324 -8.698508 -0.995327 -0.227965 -2.270507 -1.387746 3.349226 0.205755 2.561348 0.186562 0.594545 2.340240 0.210965 10.441453 -0.714032 -0.290877 0.256811 3.684883
1 138.86324 -8.698508 -0.995327 -0.227965 -2.270507 -1.387746 3.349226 0.205755 2.561348 0.186562 0.594545 2.340240 0.210965 10.441453 -0.714032 -0.290877 0.256811 3.684883
1 138.86324 -8.698508 -0.995327 -0.227965 -2.270507 -1.387746 3.349226 0.205755 2.561348 0.186562 0.594545 2.340240 0.210965 10.441453 -0.714032 -0.290877 0.256811 3.684883
1 138.86324 -8.698508 -0.995327 -0.227965 -2.270507 -1.387746 3.349226 0.205755 2.561348 0.186562 0.594545 2.340240 0.210965 10.441453 -0.714032 -0.290877 0.256811 3.684883
1 136.62088 -8.695827 -0.998389 -0.193384 -2.283432 -1.390107 3.359357 0.242609 2.544609 0.163732 0.585450 2.325803 0.191155 10.424754 -0.700321 -0.301873 0.269616 3.702653
1 136.62088 -8.695827 -0.998389 -0.193384 -2.283432 -1.390107 3.359357 0.242609 2.544609 0.163732 0.585450 2.325803 0.191155 10.424754 -0.700321 -0.301873 0.269616 3.702653
1 136.62088 -8.695827 -0.998389 -0.193384 -2.283432 -1.390107 3.359357 0.242609 2.544609 0.163732 0.585450 2.325803 0.191155 10.424754 -0.700321 -0.301873 0.269616 3.702653
1 136.62088 -8.695827 -0.998389 -0.193384 -2.283432 -1.390107 3.359357 0.242609 2.544609 0.163732 0.585450 2.325803 0.191155 10.424754 -0.700321 -0.301873 0.269616 3.702653
1 136.62088 -8.695827 -0.998389 -0.193384 -2.283432 -1.390107 3.359357 0.242609 2.544609 0.163732 0.585450 2.325803 0.191155 10.424754 -0.700321 -0.301873 0.269616 3.702653
1 136.62088 -8.695827 -0.998389 -0.193384 -2.283432 -1.390107 3.359357 0.242609 2.544609 0.163732 0.585450 2.325803 0.191155 10.424754 -0.700321 -0.301873 0.269616 3.702653
1 136.62088 -8.695827 -0.998389 -0.193384 -2.283432 -1.390107 3.359357 0.242609 2.544609 0.163732 0.585450 2.325803 0.191155 10.424754 -0.700321 -0.301873 0.269616 3.702653
1 136.62088 -8.695827 -0.998389 -0.193384 -2.283432 -1.390107 3.359357 0.242609 2.544609 0.163732 0.585450 2.325803 0.191155 10.424754 -0.700321 -0.301873 0.269616 3.702653
1 136.62088 -8.695827 -0.998389 -0.193384 -2.283432 -1.390107 3.359357 0.242609 2.544609 0.163732 0.585450 2.325803 0.191155 10.424754 -0.700321 -0.301873 0.269616 3.702653
1 136.62088 -8.695827 -0.998389 -0.193384 -2.283432 -1.390107 3.359357 0.242609 2.544609 0.163732 0.585450 2.325803 0.191155 10.424754 -0.700321 -0.301873 0.269616 3.702653
1 136.62088 -8.695827 -0.998389 -0.193384 -2.283432 -1.390107 3.359357 0.242609 2.544609 0.163732 0.585450 2.325803 0.191155 10.424754 -0.700321 -0.301873 0.269616 3.702653
1 136.62088 -8.695827 -0.998389 -0.193384 -2.283432 -1.390107 3.359357 0.242609 2.544609 0.163732 0.585450 2.325803 0.191155 10.424754 -0.700321 -0.301873 0.269616 3.702653
1 136.62088 -8.695827 -0.998389 -0.193384 -2.283432 -1.390107 3.359357 0.242609 2.544609 0.163732 0.585450 2.325803 0.191155 10.424754 -0.700321 -0.301873 0.269616 3.702653
1 136.62088 -8.695827 -0.998389 -0.193384 -2.283432 -1.390107 3.359357 0.242609 2.544609 0.163732 0.585450 2.325803 0.191155 10.424754 -0.700321 -0.301873 0.269616 3.702653
1 136.62088 -8.695827 -0.998389 -0.193384 -2.283432 -1.390107 3.359357 0.242609 2.544609 0.163732 0.585450 2.325803 0.191155 10.424754 -0.700321 -0.301873 0.269616 3.702653
1 136.62088 -8.695827 -0.998389 -0.193384 -2.283432 -1.390107 3.359357 0.242609 2.544609 0.163732 0.585450 2.325803 0.191155 10.424754 -0.700321 -0.301873 0.269616 3.702653
1 136.62088 -8.695827 -0.998389 -0.193384 -2.283432 -1.390107 3.359357 0.242609 2.544609 0.163732 0.585450 2.325803 0.191155 10.424754 -0.700321 -0.301873 0.269616 3.702653
1 136.62088 -8.695827 -0.998389 -0.193384 -2.283432 -1.390107 3.359357 0.242609 2.544609 0.163732 0.585450 2.325803 0.191155 10.424754 -0.700321 -0.301873 0.269616 3.702653
1 136.62088 -8.695827 -0.998389 -0.193384 -2.283432 -1.390107 3.359357 0.242609 2.544609 0.163732 0.585450 2.325803 0.191155 10.424754 -0.700321 -0.301873 0.269616 3.702653
1 136.62088 -8.695827 -0.998389 -0.193384 -2.283432 -1.390107 3.359357 0.242609 2.544609 0.163732 0.585450 2.325803 0.191155 10.424754 -0.700321 -0.301873 0.269616 3.702653
1 136.62088 -8.695827 -0.998389 -0.193384 -2.283432 -1.390107 3.359357 0.242609 2.544609 0.163732 0.585450 2.325803 0.191155 10.424754 -0.700321 -0.301873 0.269616 3.702653
1 136.62088 -8.695827 -0.998389 -0.193384 -2.283432 -1.390107 3.359357 0.242609 2.544609 0.163732 0.585450 2.325803 0.191155 10.424754 -0.700321 -0.301873 0.269616 3.702653
1 136.62088 -8.695827 -0.998389 -0.193384 -2.283432 -1.390107 3.359357 0.242609 2.544609 0.163732 0.585450 2.325803 0.191155 10.424754 -0.700321 -0.301873 0.269616 3.702653
1 136.62088 -8.695827 -0.998389 -0.193384 -2.283432 -1.390107 3.359357 0.242609 2.544609 0.163732 0.585450 2.325803 0.191155 10.424754 -0.700321 -0.301873 0.269616 3.702653
1 136.62088 -8.695827 -0.998389 -0.193384 -2.283432 -1.390107 3.359357 0.242609 2.544609 0.163732 0.585450 2.325803 0.191155 10.424754 -0.700321 -0.301873 0.269616 3.702653
1 136.62088 -8.695827 -0.998389 -0.193384 -2.283432 -1.390107 3.359357 0.242609 2.544609 0.163732 0.585450 2.325803 0.191155 10.424754 -0.700321 -0.301873 0.269616 3.702653
1 136.62088 -8.695827 -0.998389 -0.193384 -2.283432 -1.390107 3.359357 0.242609 2.544609 0.163732 0.585450 2.325803 0.191155 10.424754 -0.700321 -0.301873 0.269616 3.702653
1 136.62088 -8.695827 -0.998389 -0.193384 -2.283432 -1.390107 3.359357 0.242609 2.544609 0.163732 0.585450 2.325803 0.191155 10.424754 -0.700321 -0.301873 0.269616 3.702653
1 136.62088 -8.695827 -0.998389 -0.193384 -2.283432 -1.390107 3.359357 0.242609 2.544609 0.163732 0.585450 2.325803 0.191155 10.424754 -0.700321 -0.301873 0.269616 3.702653
1 136.62088 -8.695827 -0.998389 -0.193384 -2.283432 -1.390107 3.359357 0.242609 2.544609 0.163732 0.585450 2.325803 0.191155 10.424754 -0.700321 -0.301873 0.269616 3.702653
1 136.62088 -8.695827 -0.998389 -0.193384 -2.283432 -1.390107 3.359357 0.242609 2.544609 0.163732 0.585450 2.325803 0.191155 10.424754 -0.700321 -0.301873 0.269616 3.702653
1 136.62088 -8.695827 -0.998389 -0.193384 -2.283432 -1.390107 3.359357 0.242609 2.544609 0.163732 0.585450 2.325803 0.191155 10.424754 -0.700321 -0.301873 0.269616 3.702653
1 136.62088 -8.695827 -0.998389 -0.193384 -2.283432 -1.390107 3.359357 0.242609 2.544609 0.163732 0.585450 2.325803 0.191155 10.424754 -0.700321 -0.301873 0.269616 3.702653
1 136.62088 -8.695827 -0.998389 -0.193384 -2.283432 -1.390107 3.359357 0.242609 2.544609 0.163732 0.585450 2.325803 0.191155 10.424754 -0.700321 -0.301873 0.269616 3.702653
1 136.62088 -8.695827 -0.998389 -0.193384 -2.283432 -1.390107 3.359357 0.242609 2.544609 0.163732 0.585450 2.325803 0.191155 10.424754 -0.700321 -0.301873 0.269616 3.702653
1 136.62088 -8.695827 -0.998389 -0.193384 -2.283432 -1.390107 3.359357 0.242609 2.544609 0.163732 0.585450 2.325803 0.191155 10.424754 -0.700321 -0.301873 0.269616 3.702653
1 136.62088 -8.695827 -0.998389 -0.193384 -2.283432 -1.390107 3.359357 0.242609 2.544609 0.163732 0.585450 2.325803 0.191155 10.424754 -0.700321 -0.301873 0.269616 3.702653
1 136.62088 -8.695827 -0.998389 -0.193384 -2.283432 -1.390107 3.359357 0.242609 2.544609 0.163732 0.585450 2.325803 0.191155 10.424754 -0.700321 -0.301873 0.269616 3.702653
1 136.62088 -8.695827 -0.998389 -0.193384 -2.283432 -1.390107 3.359357 0.242609 2.544609 0.163732 0.585450 2.325803 0.191155 10.424754 -0.700321 -0.301873 0.269616 3.702653
1 136.62088 -8.695827 -0.998389 -0.193384 -2.283432 -1.390107 3.359357 0.242609 2.544609 0.163732 0.585450 2.325803 0.191155 10.424754 -0.700321 -0.301873 0.269616 3.702653
1 136.62088 -8.695827 -0.998389 -0.193384 -2.283432 -1.390107 3.359357 0.242609 2.544609 0.163732 0.585450 2.325803 0.191155 10.424754 -0.700321 -0.301873 0.269616 3.702653
1 136.62088 -8.695827 -0.998389 -0.193384 -2.283432 -1.390107 3.359357 0.242609 2.544609 0.163732 0.585450 2.325803 0.191155 10.424754 -0.700321 -0.301873 0.269616 3.702653
1 136.62088 -8.695827 -0.998389 -0.193384 -2.283432 -1.390107 3.359357 0.242609 2.544609 0.163732 0.585450 2.325803 0.191155 10.424754 -0.700321 -0.301873 0.269616 3.702653
1 136.62088 -8.695827 -0.998389 -0.193384 -2.283432 -1.390107 3.359357 0.242609 2.544609 0.163732 0.585450 2.325803 0.191155 10.424754 -0.700321 -0.301873 0.269616 3.702653
1 136.62088 -8.695827 -0.998389 -0.193384 -2.283432 -1.390107 3.359357 0.242609 2.544609 0.163732 0.585450 2.325803 0.191155 10.424754 -0.700321 -0.301873 0.269616 3.702653
1 136.62088 -8.695827 -0.998389 -0.193384 -2.283432 -1.390107 3.359357 0.242609 2.544609 0.163732 0.585450 2.325803 0.191155 10.424754 -0.700321 -0.301873 0.269616 3.702653
1 136.62088 -8.695827 -0.998389 -0.193384 -2.283432 -1.390107 3.359357 0.242609 2.544609 0.163732 0.585450 2.325803 0.191155 10.424754 -0.700321 -0.301873 0.269616 3.702653
1 136.62088 -8.695827 -0.998389 -0.193384 -2.283432 -1.390107 3.359357 0.242609 2.544609 0.163732 0.585450 2.325803 0.191155 10.424754 -0.700321 -0.301873 0.269616 3.702653
1 136.62088 -8.695827 -0.998389 -0.193384 -2.283432 -1.390107 3.359357 0.242609 2.544609 0.163732 0.585450 2.325803 0.191155 10.424754 -0.700321 -0.301873 0.269616 3.702653
1 136.62088 -8.695827 -0.998389 -0.193384 -2.283432 -1.390107 3.359357 0.242609 2.544609 0.163732 0.585450 2.325803 0.191155 10.424754 -0.700321 -0.301873 0.269616 3.702653
1 136.62088 -8.695827 -0.998389 -0.193384 -2.283432 -1.390107 3.359357 0.242609 2.544609 0.163732 0.585450 2.325803 0.191155 10.424754 -0.700321 -0.301873 0.269616 3.702653
1 136.62088 -8.695827 -0.998389 -0.193384 -2.283432 -1.390107 3.359357 0.242609 2.544609 0.163732 0.585450 2.325803 0.191155 10.424754 -0.700321 -0.301873 0.269616 3.702653
1 136.62088 -8.695827 -0.998389 -0.193384 -2.283432 -1.390107 3.359357 0.242609 2.544609 0.163732 0.585450 2.325803 0.191155 10.424754 -0.700321 -0.301873 0.269616 3.702653
1 136.62088 -8.695827 -0.998389 -0.193384 -2.283432 -1.390107 3.359357 0.242609 2.544609 0.163732 0.585450 2.325803 0.191155 10.424754 -0.700321 -0.301873 0.269616 3.702653
1 136.62088 -8.695827 -0.998389 -0.193384 -2.283432 -1.390107 3.359357 0.242609 2.544609 0.163732 0.585450 2.325803 0.191155 10.424754 -0.700321 -0.301873 0.269616 3.702653
1 136.62088 -8.695827 -0.998389 -0.193384 -2.283432 -1.390107 3.359357 0.242609 2.544609 0.163732 0.585450 2.325803 0.191155 10.424754 -0.700321 -0.301873 0.269616 3.702653
1 136.62088 -8.695827 -0.998389 -0.193384 -2.283432 -1.390107 3.359357 0.242609 2.544609 0.163732 0.585450 2.325803 0.191155 10.424754 -0.700321 -0.301873 0.269616 3.702653
1 136.62088 -8.695827 -0.998389 -0.193384 -2.283432 -1.390107 3.359357 0.242609 2.544609 0.163732 0.585450 2.325803 0.191155 10.424754 -0.700321 -0.301873 0.269616 3.702653
1 136.62088 -8.695827 -0.998389 -0.193384 -2.283432 -1.390107 3.359357 0.242609 2.544609 0.163732 0.585450 2.325803 0.191155 10.424754 -0.700321 -0.301873 0.269616 3.702653
1 136.62088 -8.695827 -0.998389 -0.193384 -2.283432 -1.390107 3.359357 0.242609 2.544609 0.163732 0.585450 2.325803 0.191155 10.424754 -0.700321 -0.301873 0.269616 3.702653
1 136.62088 -8.695827 -0.998389 -0.193384 -2.283432 -1.390107 3.359357 0.242609 2.544609 0.163732 0.585450 2.325803 0.191155 10.424754 -0.700321 -0.301873 0.269616 3.702653
1 136.62088 -8.695827 -0.998389 -0.193384 -2.283432 -1.390107 3.359357 0.242609 2.544609 0.163732 0.585450 2.325803 0.191155 10.424754 -0.700321 -0.301873 0.269616 3.702653
1 136.62088 -8.695827 -0.998389 -0.193384 -2.283432 -1.390107 3.359357 0.242609 2.544609 0.163732 0.585450 2.325803 0.191155 10.424754 -0.700321 -0.301873 0.269616 3.702653
1 136.62088 -8.695827 -0.998389 -0.193384 -2.283432 -1.390107 3.359357 0.242609 2.544609 0.163732 0.585450 2.325803 0.191155 10.424754 -0.700321 -0.301873 0.269616 3.702653
1 136.62088 -8.695827 -0.998389 -0.193384 -2.283432 -1.390107 3.359357 0.242609 2.544609 0.163732 0.585450 2.325803 0.191155 10.424754 -0.700321 -0.301873 0.269616 3.702653
1 136.62088 -8.695827 -0.998389 -0.193384 -2.283432 -1.390107 3.359357 0.242609 2.544609 0.163732 0.585450 2.325803 0.191155 10.424754 -0.700321 -0.301873 0.269616 3.702653
1 136.62088 -8.695827 -0.998389 -0.193384 -2.283432 -1.390107 3.359357 0.242609 2.544609 0.163732 0.585450 2.325803 0.191155 10.424754 -0.700321 -0.301873 0.269616 3.702653
1 136.62088 -8.695827 -0.998389 -0.193384 -2.283432 -1.390107 3.359357 0.242609 2.544609 0.163732 0.585450 2.325803 0.191155 10.424754 -0.700321 -0.301873 0.269616 3.702653
1 136.62088 -8.695827 -0.998389 -0.193384 -2.283432 -1.390107 3.359357 0.242609 2.544609 0.163732 0.585450 2.325803 0.191155 10.424754 -0.700321 -0.301873 0.269616 3.702653
1 136.62088 -8.695827 -0.998389 -0.193384 -2.283432 -1.390107 3.359357 0.242609 2.544609 0.163732 0.585450 2.325803 0.191155 10.424754 -0.700321 -0.301873 0.269616 3.702653
1 136.62088 -8.695827 -0.998389 -0.193384 -2.283432 -1.390107 3.359357 0.242609 2.544609 0.163732 0.585450 2.325803 0.191155 10.424754 -0.700321 -0.301873 0.269616 3.702653
1 136.62088 -8.695827 -0.998389 -0.193384 -2.283432 -1.390107 3.359357 0.242609 2.544609 0.163732 0.585450 2.325803 0.191155 10.424754 -0.700321 -0.301873 0.269616 3.702653
1 136.62088 -8.695827 -0.998389 -0.193384 -2.283432 -1.390107 3.359357 0.242609 2.544609 0.163732 0.585450 2.325803 0.191155 10.424754 -0.700321 -0.301873 0.269616 3.702653
1 136.62088 -8.695827 -0.998389 -0.193384 -2.283432 -1.390107 3.359357 0.242609 2.544609 0.163732 0.585450 2.325803 0.191155 10.424754 -0.700321 -0.301873 0.269616 3.702653
1 136.62088 -8.695827 -0.998389 -0.193384 -2.283432 -1.390107 3.359357 0.242609 2.544609 0.163732 0.585450 2.325803 0.191155 10.424754 -0.700321 -0.301873 0.269616 3.702653
1 136.62088 -8.695827 -0.998389 -0.193384 -2.283432 -1.390107 3.359357 0.242609 2.544609 0.163732 0.585450 2.325803 0.191155 10.424754 -0.700321 -0.301873 0.269616 3.702653
1 136.62088 -8.695827 -0.998389 -0.193384 -2.283432 -1.390107 3.359357 0.242609 2.544609 0.163732 0.585450 2.325803 0.191155 10.424754 -0.700321 -0.301873 0.269616 3.702653
1 136.62088 -8.695827 -0.998389 -0.193384 -2.283432 -1.390107 3.359357 0.242609 2.544609 0.163732 0.585450 2.325803 0.191155 10.424754 -0.700321 -0.301873 0.269616 3.702653
1 136.62088 -8.695827 -0.998389 -0.193384 -2.283432 -1.390107 3.359357 0.242609 2.544609 0.163732 0.585450 2.325803 0.191155 10.424754 -0.700321 -0.301873 0.269616 3.702653
1 136.62088 -8.695827 -0.998389 -0.193384 -2.283432 -1.390107 3.359357 0.242609 2.544609 0.163732 0.585450 2.325803 0.191155 10.424754 -0.700321 -0.301873 0.269616 3.702653
1 136.62088 -8.695827 -0.998389 -0.193384 -2.283432 -1.390107 3.359357 0.242609 2.544609 0.163732 0.585450 2.325803 0.191155 10.424754 -0.700321 -0.301873 0.269616 3.702653
1 136.62088 -8.695827 -0.998389 -0.193384 -2.283432 -1.390107 3.359357 0.242609 2.544609 0.163732 0.585450 2.325803 0.191155 10.424754 -0.700321 -0.301873 0.269616 3.702653
1 136.62088 -8.695827 -0.998389 -0.193384 -2.283432 -1.390107 3.359357 0.242609 2.544609 0.163732 0.585450 2.325803 0.191155 10.424754 -0.700321 -0.301873 0.269616 3.702653
1 136.62088 -8.695827 -0.998389 -0.193384 -2.283432 -1.390107 3.359357 0.242609 2.544609 0.163732 0.585450 2.325803 0.191155 10.424754 -0.700321 -0.301873 0.269616 3.702653
1 136.62088 -8.695827 -0.998389 -0.193384 -2.283432 -1.390107 3.359357 0.242609 2.544609 0.163732 0.585450 2.325803 0.191155 10.424754 -0.700321 -0.301873 0.269616 3.702653
1 136.62088 -8.695827 -0.998389 -0.193384 -2.283432 -1.390107 3.359357 0.242609 2.544609 0.163732 0.585450 2.325803 0.191155 10.424754 -0.700321 -0.301873 0.269616 3.702653
1 136.62088 -8.695827 -0.998389 -0.193384 -2.283432 -1.390107 3.359357 0.242609 2.544609 0.163732 0.585450 2.325803 0.191155 10.424754 -0.700321 -0.301873 0.269616 3.702653
1 136.62088 -8.695827 -0.998389 -0.193384 -2.283432 -1.390107 3.359357 0.242609 2.544609 0.163732 0.585450 2.325803 0.191155 10.424754 -0.700321 -0.301873 0.269616 3.702653
1 136.62088 -8.695827 -0.998389 -0.193384 -2.283432 -1.390107 3.359357 0.242609 2.544609 0.163732 0.585450 2.325803 0.191155 10.424754 -0.700321 -0.301873 0.269616 3.702653
1 136.62088 -8.695827 -0.998389 -0.193384 -2.283432 -1.390107 3.359357 0.242609 2.544609 0.163732 0.585450 2.325803 0.191155 10.424754 -0.700321 -0.301873 0.269616 3.702653
1 136.62088 -8.695827 -0.998389 -0.193384 -2.283432 -1.390107 3.359357 0.242609 2.544609 0.163732 0.585450 2.325803 0.191155 10.424754 -0.700321 -0.301873 0.269616 3.702653
1 136.62088 -8.695827 -0.998389 -0.193384 -2.283432 -1.390107 3.359357 0.242609 2.544609 0.163732 0.585450 2.325803 0.191155 10.424754 -0.700321 -0.301873 0.269616 3.702653
1 136.62088 -8.695827 -0.998389 -0.193384 -2.283432 -1.390107 3.359357 0.242609 2.544609 0.163732 0.585450 2.325803 0.191155 10.424754 -0.700321 -0.301873 0.269616 3.702653
1 136.62088 -8.695827 -0.998389 -0.193384 -2.283432 -1.390107 3.359357 0.242609 2.544609 0.163732 0.585450 2.325803 0.191155 10.424754 -0.700321 -0.301873 0.269616 3.702653
1 136.62088 -8.695827 -0.998389 -0.193384 -2.283432 -1.390107 3.359357 0.242609 2.544609 0.163732 0.585450 2.325803 0.191155 10.424754 -0.700321 -0.301873 0.269616 3.702653
1 136.62088 -8.695827 -0.998389 -0.193384 -2.283432 -1.390107 3.359357 0.242609 2.544609 0.163732 0.585450 2.325803 0.191155 10.424754 -0.700321 -0.301873 0.269616 3.702653
1 136.62088 -8.695827 -0.998389 -0.193384 -2.283432 -1.390107 3.359357 0.242609 2.544609 0.163732 0.585450 2.325803 0.191155 10.424754 -0.700321 -0.301873 0.269616 3.702653
1 136.62088 -8.695827 -0.998389 -0.193384 -2.283432 -1.390107 3.359357 0.242609 2.544609 0.163732 0.585450 2.325803 0.191155 10.424754 -0.700321 -0.301873 0.269616 3.702653
1 136.62088 -8.695827 -0.998389 -0.193384 -2.283432 -1.390107 3.359357 0.242609 2.544609 0.163732 0.585450 2.325803 0.191155 10.424754 -0.700321 -0.301873 0.269616 3.702653
1 136.62088 -8.695827 -0.998389 -0.193384 -2.283432 -1.390107 3.359357 0.242609 2.544609 0.163732 0.585450 2.325803 0.191155 10.424754 -0.700321 -0.301873 0.269616 3.702653
1 136.62088 -8.695827 -0.998389 -0.193384 -2.283432 -1.390107 3.359357 0.242609 2.544609 0.163732 0.585450 2.325803 0.191155 10.424754 -0.700321 -0.301873 0.269616 3.702653
1 136.62088 -8.695827 -0.998389 -0.193384 -2.283432 -1.390107 3.359357 0.242609 2.544609 0.163732 0.585450 2.325803 0.191155 10.424754 -0.700321 -0.301873 0.269616 3.702653
1 136.62088 -8.695827 -0.998389 -0.193384 -2.283432 -1.390107 3.359357 0.242609 2.544609 0.163732 0.585450 2.325803 0.191155 10.424754 -0.700321 -0.301873 0.269616 3.702653
1 136.62088 -8.695827 -0.998389 -0.193384 -2.283432 -1.390107 3.359357 0.242609 2.544609 0.163732 0.585450 2.325803 0.191155 10.424754 -0.700321 -0.301873 0.269616 3.702653
1 136.62088 -8.695827 -0.998389 -0.193384 -2.283432 -1.390107 3.359357 0.242609 2.544609 0.163732 0.585450 2.325803 0.191155 10.424754 -0.700321 -0.301873 0.269616 3.702653
1 136.62088 -8.695827 -0.998389 -0.193384 -2.283432 -1.390107 3.359357 0.242609 2.544609 0.163732 0.585450 2.325803 0.191155 10.424754 -0.700321 -0.301873 0.269616 3.702653
1 136.62088 -8.695827 -0.998389 -0.193384 -2.283432 -1.390107 3.359357 0.242609 2.544609 0.163732 0.585450 2.325803 0.191155 10.424754 -0.700321 -0.301873 0.269616 3.702653
1 136.62088 -8.695827 -0.998389 -0.193384 -2.283432 -1.390107 3.359357 0.242609 2.544609 0.163732 0.585450 2.325803 0.191155 10.424754 -0.700321 -0.301873 0.269616 3.702653
1 136.62088 -8.695827 -0.998389 -0.193384 -2.283432 -1.390107 3.359357 0.242609 2.544609 0.163732 0.585450 2.325803 0.191155 10.424754 -0.700321 -0.301873 0.269616 3.702653
1 136.62088 -8.695827 -0.998389 -0.193384 -2.283432 -1.390107 3.359357 0.242609 2.544609 0.163732 0.585450 2.325803 0.191155 10.424754 -0.700321 -0.301873 0.269616 3.702653
1 136.62088 -8.695827 -0.998389 -0.193384 -2.283432 -1.390107 3.359357 0.242609 2.544609 0.163732 0.585450 2.325803 0.191155 10.424754 -0.700321 -0.301873 0.269616 3.702653
1 136.62088 -8.695827 -0.998389 -0.193384 -2.283432 -1.390107 3.359357 0.242609 2.544609 0.163732 0.585450 2.325803 0.191155 10.424754 -0.700321 -0.301873 0.269616 3.702653
1 136.62088 -8.695827 -0.998389 -0.193384 -2.283432 -1.390107 3.359357 0.242609 2.544609 0.163732 0.585450 2.325803 0.191155 10.424754 -0.700321 -0.301873 0.269616 3.702653
1 136.62088 -8.695827 -0.998389 -0.193384 -2.283432 -1.390107 3.359357 0.242609 2.544609 0.163732 0.585450 2.325803 0.191155 10.424754 -0.700321 -0.301873 0.269616 3.702653
1 136.62088 -8.695827 -0.998389 -0.193384 -2.283432 -1.390107 3.359357 0.242609 2.544609 0.163732 0.585450 2.325803 0.191155 10.424754 -0.700321 -0.301873 0.269616 3.702653
1 136.62088 -8.695827 -0.998389 -0.193384 -2.283432 -1.390107 3.359357 0.242609 2.544609 0.163732 0.585450 2.325803 0.191155 10.424754 -0.700321 -0.301873 0.269616 3.702653
1 136.62088 -8.695827 -0.998389 -0.193384 -2.283432 -1.390107 3.359357 0.242609 2.544609 0.163732 0.585450 2.325803 0.191155 10.424754 -0.700321 -0.301873 0.269616 3.702653
1 136.62088 -8.695827 -0.998389 -0.193384 -2.283432 -1.390107 3.359357 0.242609 2.544609 0.163732 0.585450 2.325803 0.191155 10.424754 -0.700321 -0.301873 0.269616 3.702653
1 136.62088 -8.695827 -0.998389 -0.193384 -2.283432 -1.390107 3.359357 0.242609 2.544609 0.163732 0.585450 2.325803 0.191155 10.424754 -0.700321 -0.301873 0.269616 3.702653
1 136.62088 -8.695827 -0.998389 -0.193384 -2.283432 -1.390107 3.359357 0.242609 2.544609 0.163732 0.585450 2.325803 0.191155 10.424754 -0.700321 -0.301873 0.269616 3.702653
1 136.62088 -8.695827 -0.998389 -0.193384 -2.283432 -1.390107 3.359357 0.242609 2.544609 0.163732 0.585450 2.325803 0.191155 10.424754 -0.700321 -0.301873 0.269616 3.702653
1 136.62088 -8.695827 -0.998389 -0.193384 -2.283432 -1.390107 3.359357 0.242609 2.544609 0.163732 0.585450 2.325803 0.191155 10.424754 -0.700321 -0.301873 0.269616 3.702653
1 136.62088 -8.695827 -0.998389 -0.193384 -2.283432 -1.390107 3.359357 0.242609 2.544609 0.163732 0.585450 2.325803 0.191155 10.424754 -0.700321 -0.301873 0.269616 3.702653
1 136.62088 -8.695827 -0.998389 -0.193384 -2.283432 -1.390107 3.359357 0.242609 2.544609 0.163732 0.585450 2.325803 0.191155 10.424754 -0.700321 -0.301873 0.269616 3.702653
1 136.62088 -8.695827 -0.998389 -0.193384 -2.283432 -1.390107 3.359357 0.242609 2.544609 0.163732 0.585450 2.325803 0.191155 10.424754 -0.700321 -0.301873 0.269616 3.702653
1 136.62088 -8.695827 -0.998389 -0.193384 -2.283432 -1.390107 3.359357 0.242609 2.544609 0.163732 0.585450 2.325803 0.191155 10.424754 -0.700321 -0.301873 0.269616 3.702653
1 136.62088 -8.695827 -0.998389 -0.193384 -2.283432 -1.390107 3.359357 0.242609 2.544609 0.163732 0.585450 2.325803 0.191155 10.424754 -0.700321 -0.301873 0.269616 3.702653
1 136.62088 -8.695827 -0.998389 -0.193384 -2.283432 -1.390107 3.359357 0.242609 2.544609 0.163732 0.585450 2.325803 0.191155 10.424754 -0.700321 -0.301873 0.269616 3.702653
1 136.62088 -8.695827 -0.998389 -0.193384 -2.283432 -1.390107 3.359357 0.242609 2.544609 0.163732 0.585450 2.325803 0.191155 10.424754 -0.700321 -0.301873 0.269616 3.702653
1 136.62088 -8.695827 -0.998389 -0.193384 -2.283432 -1.390107 3.359357 0.242609 2.544609 0.163732 0.585450 2.325803 0.191155 10.424754 -0.700321 -0.301873 0.269616 3.702653
1 136.62088 -8.695827 -0.998389 -0.193384 -2.283432 -1.390107 3.359357 0.242609 2.544609 0.163732 0.585450 2.325803 0.191155 10.424754 -0.700321 -0.301873 0.269616 3.702653
1 136.62088 -8.695827 -0.998389 -0.193384 -2.283432 -1.390107 3.359357 0.242609 2.544609 0.163732 0.585450 2.325803 0.191155 10.424754 -0.700321 -0.301873 0.269616 3.702653
1 136.62088 -8.695827 -0.998389 -0.193384 -2.283432 -1.390107 3.359357 0.242609 2.544609 0.163732 0.585450 2.325803 0.191155 10.424754 -0.700321 -0.301873 0.269616 3.702653
1 136.62088 -8.695827 -0.998389 -0.193384 -2.283432 -1.390107 3.359357 0.242609 2.544609 0.163732 0.585450 2.325803 0.191155 10.424754 -0.700321 -0.301873 0.269616 3.702653
1 136.62088 -8.695827 -0.998389 -0.193384 -2.283432 -1.390107 3.359357 0.242609 2.544609 0.163732 0.585450 2.325803 0.191155 10.424754 -0.700321 -0.301873 0.269616 3.702653
1 136.62088 -8.695827 -0.998389 -0.193384 -2.283432 -1.390107 3.359357 0.242609 2.544609 0.163732 0.585450 2.325803 0.191155 10.424754 -0.700321 -0.301873 0.269616 3.702653
1 136.62088 -8.695827 -0.998389 -0.193384 -2.283432 -1.390107 3.359357 0.242609 2.544609 0.163732 0.585450 2.325803 0.191155 10.424754 -0.700321 -0.301873 0.269616 3.702653
1 136.62088 -8.695827 -0.998389 -0.193384 -2.283432 -1.390107 3.359357 0.242609 2.544609 0.163732 0.585450 2.325803 0.191155 10.424754 -0.700321 -0.301873 0.269616 3.702653
1 136.62088 -8.695827 -0.998389 -0.193384 -2.283432 -1.390107 3.359357 0.242609 2.544609 0.163732 0.585450 2.325803 0.191155 10.424754 -0.700321 -0.301873 0.269616 3.702653
1 136.62088 -8.695827 -0.998389 -0.193384 -2.283432 -1.390107 3.359357 0.242609 2.544609 0.163732 0.585450 2.325803 0.191155 10.424754 -0.700321 -0.301873 0.269616 3.702653
1 136.62088 -8.695827 -0.998389 -0.193384 -2.283432 -1.390107 3.359357 0.242609 2.544609 0.163732 0.585450 2.325803 0.191155 10.424754 -0.700321 -0.301873 0.269616 3.702653
1 136.62088 -8.695827 -0.998389 -0.193384 -2.283432 -1.390107 3.359357 0.242609 2.544609 0.163732 0.585450 2.325803 0.191155 10.424754 -0.700321 -0.301873 0.269616 3.702653
1 136.62088 -8.695827 -0.998389 -0.193384 -2.283432 -1.390107 3.359357 0.242609 2.544609 0.163732 0.585450 2.325803 0.191155 10.424754 -0.700321 -0.301873 0.269616 3.702653
1 136.62088 -8.695827 -0.998389 -0.193384 -2.283432 -1.390107 3.359357 0.242609 2.544609 0.163732 0.585450 2.325803 0.191155 10.424754 -0.700321 -0.301873 0.269616 3.702653
1 136.62088 -8.695827 -0.998389 -0.193384 -2.283432 -1.390107 3.359357 0.242609 2.544609 0.163732 0.585450 2.325803 0.191155 10.424754 -0.700321 -0.301873 0.269616 3.702653
1 136.62088 -8.695827 -0.998389 -0.193384 -2.283432 -1.390107 3.359357 0.242609 2.544609 0.163732 0.585450 2.325803 0.191155 10.424754 -0.700321 -0.301873 0.269616 3.702653
1 136.62088 -8.695827 -0.998389 -0.193384 -2.283432 -1.390107 3.359357 0.242609 2.544609 0.163732 0.585450 2.325803 0.191155 10.424754 -0.700321 -0.301873 0.269616 3.702653
1 136.62088 -8.695827 -0.998389 -0.193384 -2.283432 -1.390107 3.359357 0.242609 2.544609 0.163732 0.585450 2.325803 0.191155 10.424754 -0.700321 -0.301873 0.269616 3.702653
1 136.62088 -8.695827 -0.998389 -0.193384 -2.283432 -1.390107 3.359357 0.242609 2.544609 0.163732 0.585450 2.325803 0.191155 10.424754 -0.700321 -0.301873 0.269616 3.702653
1 136.62088 -8.695827 -0.998389 -0.193384 -2.283432 -1.390107 3.359357 0.242609 2.544609 0.163732 0.585450 2.325803 0.191155 10.424754 -0.700321 -0.301873 0.269616 3.702653
1 136.62088 -8.695827 -0.998389 -0.193384 -2.283432 -1.390107 3.359357 0.242609 2.544609 0.163732 0.585450 2.325803 0.191155 10.424754 -0.700321 -0.301873 0.269616 3.702653
1 136.62088 -8.695827 -0.998389 -0.193384 -2.283432 -1.390107 3.359357 0.242609 2.544609 0.163732 0.585450 2.325803 0.191155 10.424754 -0.700321 -0.301873 0.269616 3.702653
