1 inf -8.661464 -0.963611 -0.271949 -2.227280 -1.431419 3.393396 0.203928 2.526977 0.202276 0.600179 2.319203 0.167649 10.469305 -0.258400 0.202182 3.641498
1 inf -8.645256 -0.966155 -0.262384 -2.253181 -1.511618 3.386939 0.198374 2.601589 0.226532 0.588150 2.325742 0.193745 10.474772 -0.238077 0.238293 3.673649
1 inf -8.628007 -0.951893 -0.270777 -2.269682 -1.491167 3.403241 0.238441 2.571148 0.211792 0.606524 2.341481 0.207703 10.465311 -0.255049 0.235236 3.689346
1 inf -8.608758 -0.943960 -0.298448 -2.242445 -1.486908 3.395707 0.273475 2.554774 0.216309 0.616406 2.352523 0.176351 10.485456 -0.274172 0.278384 3.705976
1 inf -8.645810 -0.953809 -0.289500 -2.223372 -1.507611 3.393497 0.241504 2.519726 0.186846 0.580965 2.391113 0.184634 10.490232 -0.286282 0.274504 3.710274
1 inf -8.646505 -0.967612 -0.279696 -2.196147 -1.493062 3.378157 0.228311 2.553505 0.194810 0.564857 2.426709 0.172697 10.494206 -0.304338 0.277868 3.671234
1 inf -8.608451 -0.948930 -0.295450 -2.200765 -1.544909 3.356828 0.190395 2.545652 0.193691 0.528353 2.445419 0.174063 10.480679 -0.309766 0.292709 3.643385
1 inf -8.631570 -0.960816 -0.233128 -2.230613 -1.512234 3.348349 0.196676 2.530156 0.170231 0.540346 2.410140 0.220567 10.458514 -0.312538 0.344305 3.661275
1 inf -8.642139 -0.964698 -0.199212 -2.234284 -1.504186 3.344526 0.193907 2.528123 0.149601 0.525760 2.447822 0.211264 10.451924 -0.319009 0.324449 3.713091
1 inf -8.643215 -0.938289 -0.184568 -2.237179 -1.556886 3.361303 0.213502 2.529132 0.136726 0.491290 2.441581 0.235544 10.453642 -0.338316 0.305403 3.709915
1 inf -8.654778 -0.948601 -0.199465 -2.250637 -1.526360 3.372335 0.187259 2.519472 0.131249 0.533858 2.441464 0.248752 10.485034 -0.306449 0.320479 3.712877
1 inf -8.659762 -0.947845 -0.187336 -2.262813 -1.542469 3.373907 0.192593 2.567581 0.156346 0.522061 2.485751 0.225480 10.469080 -0.316550 0.266213 3.728016
1 inf -8.660233 -0.957016 -0.183200 -2.210082 -1.519514 3.425680 0.225050 2.588212 0.172077 0.479852 2.469747 0.238339 10.436030 -0.319269 0.269010 3.724088
1 inf -8.653088 -0.961119 -0.194338 -2.225350 -1.487895 3.428701 0.239887 2.623465 0.177030 0.497402 2.444421 0.226338 10.418510 -0.314642 0.259160 3.701128
1 inf -8.644311 -0.966037 -0.171719 -2.200305 -1.492439 3.411549 0.261869 2.631629 0.150438 0.505093 2.434448 0.240079 10.428414 -0.320157 0.244662 3.665607
1 inf -8.639123 -0.962444 -0.222809 -2.186052 -1.474556 3.367714 0.272191 2.620839 0.139165 0.536895 2.447026 0.214829 10.449941 -0.340051 0.237544 3.680398
1 inf -8.644341 -0.946190 -0.243317 -2.168891 -1.475272 3.365473 0.254896 2.610320 0.105676 0.514364 2.417222 0.262089 10.454582 -0.327876 0.238125 3.686435
1 inf -8.678576 -0.932398 -0.240903 -2.176675 -1.493977 3.346780 0.227878 2.592412 0.070351 0.538751 2.440441 0.310115 10.476447 -0.336551 0.240191 3.697317
1 inf -8.631191 -0.913157 -0.224835 -2.190067 -1.485737 3.350491 0.234239 2.612968 0.033796 0.541082 2.397677 0.338749 10.462322 -0.355789 0.247761 3.677178
1 inf -8.619962 -0.888718 -0.225928 -2.202887 -1.511891 3.348217 0.232575 2.620478 0.075789 0.566262 2.392387 0.322171 10.414914 -0.371099 0.236662 3.683565
1 inf -8.616982 -0.909453 -0.226564 -2.208817 -1.533182 3.338009 0.239827 2.600482 0.068137 0.557694 2.379891 0.301716 10.432511 -0.366598 0.235697 3.681713
1 inf -8.635006 -0.923598 -0.224453 -2.213750 -1.545655 3.316102 0.221119 2.591462 0.072405 0.571673 2.358318 0.326226 10.498303 -0.352007 0.225028 3.693811
1 inf -8.624419 -0.891335 -0.202278 -2.233755 -1.527718 3.309573 0.171337 2.562449 0.061292 0.562197 2.386034 0.316148 10.505383 -0.369442 0.237385 3.708730
1 inf -8.587291 -0.871783 -0.183533 -2.238699 -1.530367 3.313622 0.197466 2.557044 0.089178 0.582258 2.391258 0.328852 10.521678 -0.365168 0.237927 3.704394
1 inf -8.590639 -0.918753 -0.181408 -2.277755 -1.557538 3.279976 0.188394 2.509380 0.096202 0.575994 2.362328 0.318861 10.534233 -0.357942 0.260581 3.731336
1 158.18706 -8.550854 -0.928880 -0.169777 -2.263213 -1.587524 3.273177 0.181585 2.490306 0.121896 0.583716 2.364309 0.328121 10.547087 -0.336346 0.265627 3.704355
1 158.18706 -8.550854 -0.928880 -0.169777 -2.263213 -1.587524 3.273177 0.181585 2.490306 0.121896 0.583716 2.364309 0.328121 10.547087 -0.336346 0.265627 3.704355
1 158.18706 -8.550854 -0.928880 -0.169777 -2.263213 -1.587524 3.273177 0.181585 2.490306 0.121896 0.583716 2.364309 0.328121 10.547087 -0.336346 0.265627 3.704355
1 158.18706 -8.550854 -0.928880 -0.169777 -2.263213 -1.587524 3.273177 0.181585 2.490306 0.121896 0.583716 2.364309 0.328121 10.547087 -0.336346 0.265627 3.704355
1 156.71833 -8.553511 -0.911573 -0.176987 -2.253331 -1.575954 3.328089 0.162254 2.509460 0.114022 0.603240 2.359580 0.273248 10.556660 -0.340545 0.265333 3.701936
1 156.71833 -8.553511 -0.911573 -0.176987 -2.253331 -1.575954 3.328089 0.162254 2.509460 0.114022 0.603240 2.359580 0.273248 10.556660 -0.340545 0.265333 3.701936
1 156.71833 -8.553511 -0.911573 -0.176987 -2.253331 -1.575954 3.328089 0.162254 2.509460 0.114022 0.603240 2.359580 0.273248 10.556660 -0.340545 0.265333 3.701936
1 156.71833 -8.553511 -0.911573 -0.176987 -2.253331 -1.575954 3.328089 0.162254 2.509460 0.114022 0.603240 2.359580 0.273248 10.556660 -0.340545 0.265333 3.701936
1 155.67446 -8.521983 -0.943403 -0.160044 -2.247789 -1.547824 3.329510 0.155422 2.503935 0.120047 0.564058 2.391073 0.239392 10.549237 -0.331368 0.286867 3.680493
1 141.40933 -8.565940 -0.978064 -0.139813 -2.217775 -1.494529 3.346634 0.184188 2.512193 0.150789 0.561038 2.391357 0.255318 10.538791 -0.323551 0.271028 3.667337
1 141.22687 -8.579993 -0.996474 -0.159934 -2.242307 -1.521547 3.373301 0.192213 2.528017 0.133625 0.580007 2.368624 0.219295 10.537991 -0.329128 0.266818 3.654228
1 141.22687 -8.579993 -0.996474 -0.159934 -2.242307 -1.521547 3.373301 0.192213 2.528017 0.133625 0.580007 2.368624 0.219295 10.537991 -0.329128 0.266818 3.654228
1 130.33253 -8.551622 -0.996256 -0.157367 -2.249902 -1.530130 3.350901 0.225232 2.534065 0.138556 0.576186 2.387108 0.232511 10.549310 -0.360879 0.270625 3.653433
1 129.17008 -8.551733 -0.975250 -0.156063 -2.221795 -1.538789 3.342683 0.240982 2.546462 0.131265 0.592550 2.362169 0.195097 10.545006 -0.345628 0.271877 3.639570
1 129.17008 -8.551733 -0.975250 -0.156063 -2.221795 -1.538789 3.342683 0.240982 2.546462 0.131265 0.592550 2.362169 0.195097 10.545006 -0.345628 0.271877 3.639570
1 124.17344 -8.553908 -0.993458 -0.143150 -2.248456 -1.553671 3.333362 0.239645 2.557767 0.137575 0.636370 2.359828 0.183711 10.498998 -0.375612 0.284302 3.626913
1 124.17344 -8.553908 -0.993458 -0.143150 -2.248456 -1.553671 3.333362 0.239645 2.557767 0.137575 0.636370 2.359828 0.183711 10.498998 -0.375612 0.284302 3.626913
1 116.17711 -8.586912 -0.992880 -0.137316 -2.265907 -1.534756 3.313365 0.255832 2.586482 0.164446 0.669163 2.359560 0.163274 10.490794 -0.384484 0.276652 3.628980
1 116.17711 -8.586912 -0.992880 -0.137316 -2.265907 -1.534756 3.313365 0.255832 2.586482 0.164446 0.669163 2.359560 0.163274 10.490794 -0.384484 0.276652 3.628980
1 116.87465 -8.562415 -0.986177 -0.138670 -2.259472 -1.520037 3.287513 0.273474 2.581746 0.171745 0.648933 2.390351 0.154741 10.459896 -0.348732 0.297893 3.621274
1 115.80486 -8.571764 -0.983464 -0.114024 -2.220694 -1.553889 3.285248 0.281625 2.554797 0.191262 0.659179 2.406756 0.179714 10.459923 -0.379699 0.274533 3.617820
1 115.80486 -8.571764 -0.983464 -0.114024 -2.220694 -1.553889 3.285248 0.281625 2.554797 0.191262 0.659179 2.406756 0.179714 10.459923 -0.379699 0.274533 3.617820
1 115.80486 -8.571764 -0.983464 -0.114024 -2.220694 -1.553889 3.285248 0.281625 2.554797 0.191262 0.659179 2.406756 0.179714 10.459923 -0.379699 0.274533 3.617820
1 115.80486 -8.571764 -0.983464 -0.114024 -2.220694 -1.553889 3.285248 0.281625 2.554797 0.191262 0.659179 2.406756 0.179714 10.459923 -0.379699 0.274533 3.617820
1 115.80486 -8.571764 -0.983464 -0.114024 -2.220694 -1.553889 3.285248 0.281625 2.554797 0.191262 0.659179 2.406756 0.179714 10.459923 -0.379699 0.274533 3.617820
1 114.05564 -8.531979 -0.993591 -0.102393 -2.206152 -1.583875 3.278449 0.274816 2.535723 0.216956 0.666901 2.408737 0.188974 10.472777 -0.358103 0.279579 3.590839
1 114.72034 -8.530618 -0.971409 -0.128398 -2.217833 -1.567303 3.261938 0.244370 2.537102 0.224341 0.640790 2.414644 0.183206 10.488906 -0.346230 0.284612 3.568713
1 114.72034 -8.530618 -0.971409 -0.128398 -2.217833 -1.567303 3.261938 0.244370 2.537102 0.224341 0.640790 2.414644 0.183206 10.488906 -0.346230 0.284612 3.568713
1 106.63074 -8.483617 -0.985924 -0.138525 -2.233388 -1.558340 3.314745 0.235601 2.541395 0.246933 0.616197 2.423980 0.236310 10.460478 -0.346856 0.300278 3.576955
1 106.63074 -8.483617 -0.985924 -0.138525 -2.233388 -1.558340 3.314745 0.235601 2.541395 0.246933 0.616197 2.423980 0.236310 10.460478 -0.346856 0.300278 3.576955
1 103.58159 -8.468965 -0.982822 -0.138772 -2.268259 -1.577326 3.298638 0.255403 2.525059 0.238416 0.626586 2.418197 0.216214 10.441549 -0.391060 0.283075 3.595114
1 103.58159 -8.468965 -0.982822 -0.138772 -2.268259 -1.577326 3.298638 0.255403 2.525059 0.238416 0.626586 2.418197 0.216214 10.441549 -0.391060 0.283075 3.595114
1 103.58159 -8.468965 -0.982822 -0.138772 -2.268259 -1.577326 3.298638 0.255403 2.525059 0.238416 0.626586 2.418197 0.216214 10.441549 -0.391060 0.283075 3.595114
1 103.58159 -8.468965 -0.982822 -0.138772 -2.268259 -1.577326 3.298638 0.255403 2.525059 0.238416 0.626586 2.418197 0.216214 10.441549 -0.391060 0.283075 3.595114
1 103.58159 -8.468965 -0.982822 -0.138772 -2.268259 -1.577326 3.298638 0.255403 2.525059 0.238416 0.626586 2.418197 0.216214 10.441549 -0.391060 0.283075 3.595114
1 103.58159 -8.468965 -0.982822 -0.138772 -2.268259 -1.577326 3.298638 0.255403 2.525059 0.238416 0.626586 2.418197 0.216214 10.441549 -0.391060 0.283075 3.595114
1 103.58159 -8.468965 -0.982822 -0.138772 -2.268259 -1.577326 3.298638 0.255403 2.525059 0.238416 0.626586 2.418197 0.216214 10.441549 -0.391060 0.283075 3.595114
1 103.58159 -8.468965 -0.982822 -0.138772 -2.268259 -1.577326 3.298638 0.255403 2.525059 0.238416 0.626586 2.418197 0.216214 10.441549 -0.391060 0.283075 3.595114
1 103.58159 -8.468965 -0.982822 -0.138772 -2.268259 -1.577326 3.298638 0.255403 2.525059 0.238416 0.626586 2.418197 0.216214 10.441549 -0.391060 0.283075 3.595114
1 103.58159 -8.468965 -0.982822 -0.138772 -2.268259 -1.577326 3.298638 0.255403 2.525059 0.238416 0.626586 2.418197 0.216214 10.441549 -0.391060 0.283075 3.595114
1 103.58159 -8.468965 -0.982822 -0.138772 -2.268259 -1.577326 3.298638 0.255403 2.525059 0.238416 0.626586 2.418197 0.216214 10.441549 -0.391060 0.283075 3.595114
1 100.90536 -8.444799 -0.994149 -0.145239 -2.239782 -1.583253 3.337508 0.257425 2.530557 0.248489 0.625094 2.394240 0.209068 10.405009 -0.389132 0.295367 3.616680
1 100.82978 -8.429759 -0.977586 -0.130121 -2.219857 -1.562995 3.317930 0.274745 2.516444 0.254804 0.605430 2.389901 0.228665 10.385243 -0.372992 0.301344 3.616239
1 100.82978 -8.429759 -0.977586 -0.130121 -2.219857 -1.562995 3.317930 0.274745 2.516444 0.254804 0.605430 2.389901 0.228665 10.385243 -0.372992 0.301344 3.616239
1 100.82978 -8.429759 -0.977586 -0.130121 -2.219857 -1.562995 3.317930 0.274745 2.516444 0.254804 0.605430 2.389901 0.228665 10.385243 -0.372992 0.301344 3.616239
1 100.82978 -8.429759 -0.977586 -0.130121 -2.219857 -1.562995 3.317930 0.274745 2.516444 0.254804 0.605430 2.389901 0.228665 10.385243 -0.372992 0.301344 3.616239
1 100.82978 -8.429759 -0.977586 -0.130121 -2.219857 -1.562995 3.317930 0.274745 2.516444 0.254804 0.605430 2.389901 0.228665 10.385243 -0.372992 0.301344 3.616239
1 99.467335 -8.393386 -0.973681 -0.159208 -2.229874 -1.567838 3.315058 0.241630 2.555983 0.270638 0.595547 2.431451 0.235099 10.371301 -0.357286 0.295474 3.611954
1 98.47058 -8.419917 -0.996495 -0.155497 -2.178475 -1.555482 3.362380 0.235073 2.548824 0.286113 0.579839 2.431386 0.272515 10.355806 -0.309182 0.294831 3.638584
1 98.47058 -8.419917 -0.996495 -0.155497 -2.178475 -1.555482 3.362380 0.235073 2.548824 0.286113 0.579839 2.431386 0.272515 10.355806 -0.309182 0.294831 3.638584
1 97.611846 -8.436431 -0.988313 -0.150642 -2.168268 -1.544513 3.366524 0.247925 2.549806 0.287198 0.620114 2.461364 0.245557 10.304158 -0.303767 0.312137 3.677130
1 94.163709 -8.445924 -0.975409 -0.161268 -2.175316 -1.521850 3.396070 0.270006 2.536926 0.259023 0.603072 2.503643 0.228241 10.282522 -0.304487 0.327952 3.668247
1 93.668198 -8.406139 -0.985536 -0.149637 -2.160774 -1.551836 3.389271 0.263197 2.517852 0.284717 0.610794 2.505624 0.237501 10.295376 -0.282891 0.332998 3.641266
1 93.668198 -8.406139 -0.985536 -0.149637 -2.160774 -1.551836 3.389271 0.263197 2.517852 0.284717 0.610794 2.505624 0.237501 10.295376 -0.282891 0.332998 3.641266
1 93.668198 -8.406139 -0.985536 -0.149637 -2.160774 -1.551836 3.389271 0.263197 2.517852 0.284717 0.610794 2.505624 0.237501 10.295376 -0.282891 0.332998 3.641266
1 93.668198 -8.406139 -0.985536 -0.149637 -2.160774 -1.551836 3.389271 0.263197 2.517852 0.284717 0.610794 2.505624 0.237501 10.295376 -0.282891 0.332998 3.641266
1 91.075333 -8.383765 -0.985011 -0.131247 -2.174147 -1.516547 3.383715 0.243750 2.493231 0.288438 0.589344 2.483284 0.242994 10.281303 -0.317603 0.338923 3.630963
1 91.075333 -8.383765 -0.985011 -0.131247 -2.174147 -1.516547 3.383715 0.243750 2.493231 0.288438 0.589344 2.483284 0.242994 10.281303 -0.317603 0.338923 3.630963
1 91.075333 -8.383765 -0.985011 -0.131247 -2.174147 -1.516547 3.383715 0.243750 2.493231 0.288438 0.589344 2.483284 0.242994 10.281303 -0.317603 0.338923 3.630963
1 91.099006 -8.359391 -0.983542 -0.119657 -2.180841 -1.527068 3.411378 0.238633 2.531875 0.280318 0.592196 2.488440 0.242586 10.285251 -0.324839 0.306689 3.621671
1 91.099006 -8.359391 -0.983542 -0.119657 -2.180841 -1.527068 3.411378 0.238633 2.531875 0.280318 0.592196 2.488440 0.242586 10.285251 -0.324839 0.306689 3.621671
1 91.099006 -8.359391 -0.983542 -0.119657 -2.180841 -1.527068 3.411378 0.238633 2.531875 0.280318 0.592196 2.488440 0.242586 10.285251 -0.324839 0.306689 3.621671
1 91.099006 -8.359391 -0.983542 -0.119657 -2.180841 -1.527068 3.411378 0.238633 2.531875 0.280318 0.592196 2.488440 0.242586 10.285251 -0.324839 0.306689 3.621671
1 91.099006 -8.359391 -0.983542 -0.119657 -2.180841 -1.527068 3.411378 0.238633 2.531875 0.280318 0.592196 2.488440 0.242586 10.285251 -0.324839 0.306689 3.621671
1 92.035665 -8.383800 -0.984572 -0.150978 -2.185598 -1.518040 3.379489 0.220795 2.513950 0.289731 0.588074 2.489218 0.191239 10.274309 -0.362247 0.325248 3.582302
1 91.49485 -8.342022 -0.967229 -0.148837 -2.153706 -1.547442 3.360860 0.223488 2.503185 0.299476 0.561040 2.511299 0.189234 10.273039 -0.395122 0.343861 3.589760
1 91.49485 -8.342022 -0.967229 -0.148837 -2.153706 -1.547442 3.360860 0.223488 2.503185 0.299476 0.561040 2.511299 0.189234 10.273039 -0.395122 0.343861 3.589760
1 91.49485 -8.342022 -0.967229 -0.148837 -2.153706 -1.547442 3.360860 0.223488 2.503185 0.299476 0.561040 2.511299 0.189234 10.273039 -0.395122 0.343861 3.589760
1 90.2227 -8.341288 -0.996493 -0.162866 -2.171750 -1.555229 3.381135 0.222360 2.523862 0.295067 0.579489 2.536170 0.210853 10.236862 -0.406377 0.321246 3.601611
1 90.2227 -8.341288 -0.996493 -0.162866 -2.171750 -1.555229 3.381135 0.222360 2.523862 0.295067 0.579489 2.536170 0.210853 10.236862 -0.406377 0.321246 3.601611
1 90.2227 -8.341288 -0.996493 -0.162866 -2.171750 -1.555229 3.381135 0.222360 2.523862 0.295067 0.579489 2.536170 0.210853 10.236862 -0.406377 0.321246 3.601611
1 90.2227 -8.341288 -0.996493 -0.162866 -2.171750 -1.555229 3.381135 0.222360 2.523862 0.295067 0.579489 2.536170 0.210853 10.236862 -0.406377 0.321246 3.601611
1 91.249129 -8.347411 -0.980091 -0.172820 -2.205100 -1.552844 3.384421 0.218300 2.531595 0.301535 0.571625 2.536653 0.181551 10.256968 -0.389821 0.329627 3.594699
1 91.249129 -8.347411 -0.980091 -0.172820 -2.205100 -1.552844 3.384421 0.218300 2.531595 0.301535 0.571625 2.536653 0.181551 10.256968 -0.389821 0.329627 3.594699
1 91.249129 -8.347411 -0.980091 -0.172820 -2.205100 -1.552844 3.384421 0.218300 2.531595 0.301535 0.571625 2.536653 0.181551 10.256968 -0.389821 0.329627 3.594699
1 91.249129 -8.347411 -0.980091 -0.172820 -2.205100 -1.552844 3.384421 0.218300 2.531595 0.301535 0.571625 2.536653 0.181551 10.256968 -0.389821 0.329627 3.594699
1 91.249129 -8.347411 -0.980091 -0.172820 -2.205100 -1.552844 3.384421 0.218300 2.531595 0.301535 0.571625 2.536653 0.181551 10.256968 -0.389821 0.329627 3.594699
1 91.85667 -8.329823 -0.953112 -0.151255 -2.212792 -1.515122 3.359885 0.215400 2.523728 0.303386 0.550808 2.536383 0.187464 10.262615 -0.425121 0.326707 3.611966
1 91.85667 -8.329823 -0.953112 -0.151255 -2.212792 -1.515122 3.359885 0.215400 2.523728 0.303386 0.550808 2.536383 0.187464 10.262615 -0.425121 0.326707 3.611966
1 92.8442 -8.320380 -0.963712 -0.112207 -2.213658 -1.482227 3.353924 0.196285 2.578540 0.251373 0.532043 2.513806 0.176612 10.293825 -0.434667 0.348320 3.578954
