1 inf -8.265207 -0.745347 0.233777 -2.951385 -1.619695 3.399759 -0.066471 2.237031 -0.428362 0.847117 2.554699 0.652476 9.388747 -0.614360 -0.043891 -0.176384 2.771404
1 inf -8.248290 -0.758811 0.253719 -2.926905 -1.637703 3.439537 -0.095063 2.249041 -0.417206 0.823062 2.567283 0.636101 9.365610 -0.632843 -0.069670 -0.149091 2.766574
1 inf -8.233958 -0.779830 0.254074 -2.932468 -1.676129 3.449031 -0.101510 2.265485 -0.420900 0.788122 2.534920 0.637394 9.397844 -0.645510 -0.049710 -0.133056 2.781695
1 inf -8.226818 -0.753847 0.211724 -2.950585 -1.694250 3.426536 -0.115936 2.252987 -0.409280 0.801283 2.556298 0.600422 9.381045 -0.630432 -0.062739 -0.146620 2.821857
1 inf -8.220283 -0.730237 0.192783 -2.972594 -1.707195 3.429543 -0.098960 2.250753 -0.380988 0.786101 2.525638 0.623263 9.340493 -0.620569 -0.055692 -0.151508 2.892679
1 inf -8.211546 -0.747190 0.174457 -2.984945 -1.723902 3.422039 -0.081293 2.266805 -0.392876 0.785519 2.531111 0.601658 9.323437 -0.586709 -0.039846 -0.161018 2.883616
1 inf -8.254340 -0.749618 0.228667 -2.996777 -1.716702 3.431335 -0.108487 2.278845 -0.393957 0.799711 2.561932 0.611184 9.344712 -0.585567 -0.031272 -0.160223 2.877221
1 inf -8.250409 -0.729526 0.220672 -2.994833 -1.720339 3.441093 -0.097950 2.299272 -0.403271 0.789468 2.549078 0.651893 9.346306 -0.627004 -0.037893 -0.197130 2.884010
1 inf -8.243165 -0.711255 0.206469 -3.016686 -1.698052 3.466748 -0.101338 2.284624 -0.370923 0.806844 2.565732 0.631040 9.360781 -0.593272 -0.058903 -0.224343 2.899191
1 inf -8.256038 -0.714135 0.208798 -3.043687 -1.675618 3.466273 -0.087084 2.266545 -0.348372 0.809578 2.537994 0.629659 9.380867 -0.588880 -0.040040 -0.251784 2.905815
1 inf -8.268324 -0.710078 0.216530 -3.031130 -1.684932 3.459286 -0.084432 2.265572 -0.330598 0.788844 2.526572 0.621850 9.406229 -0.599917 -0.042497 -0.226975 2.876887
1 inf -8.270577 -0.763501 0.242335 -3.016238 -1.711071 3.451346 -0.080657 2.259668 -0.315938 0.823598 2.541381 0.659706 9.407374 -0.592813 -0.074938 -0.223003 2.885526
1 inf -8.263164 -0.786310 0.219328 -3.040681 -1.692298 3.420923 -0.056452 2.235274 -0.282294 0.790852 2.501754 0.667958 9.435705 -0.621338 -0.069705 -0.254680 2.874444
1 inf -8.226529 -0.760837 0.219143 -3.057142 -1.687165 3.397165 -0.052760 2.176142 -0.308237 0.751107 2.487146 0.662058 9.440780 -0.640469 -0.072471 -0.245172 2.871142
1 inf -8.229848 -0.765212 0.236767 -3.066282 -1.665136 3.392442 -0.066208 2.216110 -0.286101 0.725624 2.515880 0.625983 9.463339 -0.600853 -0.066100 -0.256147 2.885033
1 inf -8.243291 -0.753723 0.230187 -3.056415 -1.660095 3.397089 -0.036123 2.215753 -0.318270 0.713287 2.511022 0.620124 9.443451 -0.579256 -0.075358 -0.263721 2.877261
1 inf -8.219066 -0.717319 0.222798 -3.020134 -1.671256 3.398564 -0.053605 2.218774 -0.322499 0.711401 2.509085 0.621610 9.443922 -0.570000 -0.054905 -0.264801 2.920784
1 inf -8.276844 -0.735721 0.185374 -3.041591 -1.673704 3.424328 0.018980 2.227186 -0.317081 0.727579 2.462448 0.646422 9.442782 -0.514730 -0.074888 -0.263169 2.891070
1 inf -8.232331 -0.713088 0.175535 -3.041627 -1.634475 3.401415 0.005442 2.228086 -0.281063 0.755216 2.475028 0.634413 9.467131 -0.516328 -0.065638 -0.249027 2.871227
1 inf -8.204914 -0.713912 0.164751 -3.038537 -1.627869 3.398263 0.033280 2.220793 -0.309714 0.714928 2.476620 0.639922 9.451414 -0.521825 -0.080477 -0.249337 2.901735
1 inf -8.217351 -0.749520 0.152402 -3.068424 -1.626686 3.414978 -0.014001 2.226232 -0.361002 0.735153 2.439382 0.641968 9.419529 -0.557247 -0.075275 -0.255641 2.899611
1 inf -8.226747 -0.760426 0.166083 -3.004315 -1.620592 3.405712 -0.025322 2.219494 -0.342226 0.763669 2.402785 0.584605 9.404381 -0.532920 -0.089287 -0.229704 2.857432
1 inf -8.208413 -0.750457 0.154142 -3.000659 -1.631290 3.394370 -0.008506 2.216382 -0.321658 0.732408 2.397863 0.606608 9.423634 -0.488517 -0.107693 -0.220296 2.843202
1 inf -8.195720 -0.714450 0.141477 -3.011856 -1.668010 3.378549 0.004110 2.162436 -0.259896 0.711105 2.418776 0.597722 9.452844 -0.505557 -0.084347 -0.229576 2.816732
1 inf -8.178949 -0.701761 0.138420 -3.018753 -1.649499 3.381593 -0.023219 2.186522 -0.268055 0.695317 2.423420 0.604322 9.473061 -0.508120 -0.084496 -0.229199 2.803958
1 inf -8.202418 -0.707790 0.169188 -3.036441 -1.642097 3.329884 -0.019404 2.166169 -0.249282 0.672550 2.409255 0.598671 9.490182 -0.504979 -0.092333 -0.222116 2.835753
1 inf -8.198376 -0.699614 0.144870 -3.054713 -1.649235 3.349455 -0.038684 2.185207 -0.246283 0.699635 2.437005 0.590462 9.529332 -0.505553 -0.078226 -0.209027 2.834513
1 inf -8.214322 -0.698837 0.114398 -3.043867 -1.663515 3.352664 -0.062565 2.202812 -0.195757 0.675682 2.454215 0.619487 9.530439 -0.516856 -0.091399 -0.226770 2.851768
1 inf -8.229685 -0.723402 0.085037 -3.071167 -1.631876 3.364503 -0.027623 2.142071 -0.176973 0.685801 2.461149 0.601055 9.573579 -0.524008 -0.091117 -0.227622 2.850631
1 inf -8.232108 -0.722921 0.020697 -3.036998 -1.607971 3.339762 -0.016635 2.127045 -0.170729 0.656160 2.474826 0.585530 9.549554 -0.549501 -0.120676 -0.211818 2.828862
1 inf -8.228039 -0.718104 0.033899 -3.065039 -1.633314 3.347054 0.016650 2.103239 -0.197349 0.654255 2.483365 0.608271 9.552041 -0.544535 -0.101419 -0.176376 2.825922
1 inf -8.251809 -0.753067 0.078324 -3.056392 -1.622729 3.389555 0.057756 2.104261 -0.171562 0.662898 2.475663 0.602107 9.539943 -0.575797 -0.114186 -0.206766 2.852720
1 inf -8.230002 -0.728039 0.096245 -3.054405 -1.630712 3.396220 0.045811 2.065074 -0.179348 0.703370 2.468813 0.589041 9.537501 -0.536789 -0.107215 -0.217093 2.849331
1 inf -8.250638 -0.745412 0.092347 -3.074277 -1.604136 3.355515 0.015593 2.076752 -0.133231 0.695953 2.461834 0.565079 9.574953 -0.486357 -0.082173 -0.198333 2.888537
1 inf -8.244677 -0.761771 0.037979 -3.077759 -1.574827 3.355133 0.017351 2.107177 -0.138659 0.693665 2.461633 0.566728 9.572107 -0.492741 -0.091515 -0.209316 2.873526
1 inf -8.283162 -0.755717 0.011704 -3.097810 -1.574985 3.372908 -0.015035 2.112246 -0.147916 0.662983 2.447363 0.552937 9.560534 -0.476077 -0.059608 -0.209207 2.869119
1 inf -8.264758 -0.750261 0.013495 -3.119864 -1.558112 3.381981 0.003927 2.096721 -0.111480 0.651811 2.469530 0.541438 9.528912 -0.445578 -0.064970 -0.185920 2.873611
1 inf -8.293905 -0.730337 -0.032013 -3.098853 -1.593869 3.375207 -0.007815 2.083359 -0.129881 0.698599 2.476305 0.523003 9.566155 -0.441355 -0.078386 -0.166502 2.896076
1 inf -8.300643 -0.667039 -0.025981 -3.126034 -1.571597 3.429499 -0.008441 2.046490 -0.139306 0.657264 2.457991 0.516037 9.547514 -0.465048 -0.112019 -0.143207 2.910672
1 inf -8.273332 -0.655916 -0.005976 -3.098101 -1.543825 3.436006 0.009003 2.000702 -0.134207 0.661287 2.422843 0.514194 9.530339 -0.467621 -0.131042 -0.161361 2.905843
1 inf -8.258941 -0.676731 -0.004755 -3.087823 -1.558430 3.428451 0.019020 2.035192 -0.119508 0.663104 2.426680 0.500849 9.527327 -0.471723 -0.115084 -0.170305 2.886880
1 inf -8.242301 -0.696218 -0.001462 -3.047431 -1.623309 3.457734 0.018094 2.038286 -0.149611 0.671537 2.438624 0.477109 9.535753 -0.502368 -0.104604 -0.165818 2.864680
1 inf -8.258840 -0.745121 0.020113 -3.036176 -1.618652 3.441342 -0.013736 2.051324 -0.157340 0.647110 2.461811 0.529271 9.547796 -0.468124 -0.117783 -0.140409 2.855275
1 inf -8.252719 -0.726939 0.037424 -3.019018 -1.641884 3.420294 -0.025380 2.043655 -0.141087 0.651082 2.476993 0.516125 9.519982 -0.482691 -0.126888 -0.128909 2.844865
1 inf -8.249454 -0.732252 0.025488 -2.984641 -1.629954 3.401008 -0.003711 2.008556 -0.179764 0.625368 2.483554 0.520354 9.497568 -0.483846 -0.089650 -0.136576 2.811858
1 inf -8.291076 -0.723048 0.030229 -2.975173 -1.624254 3.416514 -0.030568 1.990716 -0.185851 0.603262 2.498808 0.514834 9.484516 -0.517077 -0.114734 -0.132689 2.774187
1 inf -8.316917 -0.729831 0.012043 -3.005374 -1.632453 3.470263 -0.025660 1.957357 -0.191565 0.595593 2.490269 0.501304 9.468408 -0.500164 -0.116565 -0.118248 2.752863
1 inf -8.316518 -0.749592 -0.004303 -3.028179 -1.609151 3.469038 -0.042419 1.952463 -0.203168 0.578854 2.495088 0.508113 9.447562 -0.474887 -0.122384 -0.146951 2.733935
1 inf -8.344837 -0.720235 -0.062227 -3.033623 -1.598193 3.467146 -0.078386 1.945040 -0.209404 0.630861 2.491361 0.542471 9.461415 -0.464545 -0.148227 -0.123022 2.729103
1 inf -8.362982 -0.778464 -0.085589 -3.041196 -1.600168 3.456311 -0.063955 1.976488 -0.197222 0.626705 2.474430 0.564339 9.452093 -0.473082 -0.157195 -0.113432 2.723571
1 inf -8.381173 -0.820868 -0.065894 -3.040356 -1.614329 3.472919 -0.027809 1.956850 -0.219657 0.634909 2.475379 0.594775 9.469490 -0.484747 -0.184835 -0.116444 2.707730
1 inf -8.400151 -0.800846 -0.050344 -3.036930 -1.628862 3.467833 0.009320 1.933231 -0.230061 0.640036 2.457307 0.607651 9.437687 -0.479120 -0.156047 -0.127018 2.695513
1 inf -8.372683 -0.803231 -0.059626 -3.008187 -1.598033 3.455844 -0.016019 1.905501 -0.213903 0.619515 2.437306 0.643870 9.470751 -0.490966 -0.204270 -0.149356 2.724934
1 inf -8.375706 -0.811508 -0.041945 -2.982088 -1.566532 3.476091 -0.030810 1.901153 -0.212699 0.634303 2.432649 0.657247 9.471518 -0.498383 -0.198421 -0.171907 2.706125
1 inf -8.377697 -0.850711 -0.065645 -2.990870 -1.581213 3.468180 -0.029656 1.917910 -0.214325 0.642708 2.431900 0.688043 9.508512 -0.504172 -0.197924 -0.197336 2.675110
1 inf -8.378887 -0.857610 -0.037945 -2.971971 -1.610860 3.440010 -0.043191 1.932517 -0.262010 0.643912 2.447065 0.681651 9.531941 -0.524619 -0.215878 -0.165536 2.677507
1 inf -8.388368 -0.871246 -0.018339 -2.982051 -1.599913 3.431309 -0.033941 1.908974 -0.261282 0.634915 2.496345 0.673385 9.527409 -0.524033 -0.220528 -0.165500 2.666218
1 inf -8.392645 -0.862992 -0.000256 -3.001251 -1.612306 3.442677 -0.006532 1.886316 -0.277119 0.653402 2.514556 0.668526 9.524657 -0.565642 -0.206915 -0.174471 2.638915
1 inf -8.401805 -0.900480 -0.000349 -3.002512 -1.604314 3.458874 0.012049 1.912377 -0.278830 0.623575 2.482709 0.671077 9.554404 -0.582520 -0.199640 -0.139033 2.626127
1 inf -8.418822 -0.907300 0.020405 -3.000198 -1.614161 3.444973 0.028362 1.900997 -0.299760 0.620467 2.440298 0.680182 9.581795 -0.553439 -0.183076 -0.161416 2.628422
1 inf -8.404595 -0.907111 -0.004810 -2.997804 -1.570560 3.444459 0.030656 1.900961 -0.325403 0.587441 2.430048 0.674053 9.547569 -0.555703 -0.184014 -0.169550 2.619320
1 inf -8.389032 -0.962272 -0.020832 -2.977570 -1.541264 3.433801 0.028281 1.914189 -0.306781 0.587129 2.441763 0.671694 9.548568 -0.541383 -0.144290 -0.169349 2.632678
1 inf -8.395536 -0.927692 -0.065763 -3.039212 -1.566895 3.463106 0.029133 1.924217 -0.330008 0.560924 2.455725 0.668676 9.594603 -0.559281 -0.144824 -0.148936 2.646702
1 inf -8.412328 -0.934947 -0.061791 -3.026986 -1.524921 3.448190 -0.021763 1.952557 -0.363374 0.573189 2.459845 0.654421 9.635249 -0.565882 -0.140652 -0.128624 2.674935
1 inf -8.395211 -0.918245 -0.046259 -3.025526 -1.493408 3.423612 -0.046328 1.931430 -0.344223 0.603964 2.437756 0.674990 9.629409 -0.534497 -0.148123 -0.140504 2.641513
1 inf -8.397877 -0.909177 -0.040230 -3.029276 -1.511452 3.424659 -0.029719 1.954224 -0.324033 0.599138 2.396491 0.672062 9.580642 -0.524873 -0.132190 -0.132475 2.653026
1 inf -8.394686 -0.926643 -0.034780 -3.057425 -1.550842 3.463892 0.010044 1.948000 -0.323168 0.626180 2.420551 0.660032 9.593264 -0.535820 -0.144314 -0.136132 2.683938
1 inf -8.353675 -0.940587 -0.051185 -3.039985 -1.534391 3.452106 0.018014 1.957848 -0.295708 0.617193 2.428820 0.649980 9.574375 -0.562567 -0.113140 -0.149701 2.665669
1 inf -8.385016 -0.932220 -0.033335 -3.031723 -1.519866 3.443763 0.020220 1.959884 -0.325778 0.601114 2.412957 0.656550 9.608904 -0.530365 -0.124993 -0.145952 2.651206
1 inf -8.363333 -0.921925 -0.034770 -3.027228 -1.487095 3.453206 0.020615 1.982350 -0.322481 0.676245 2.394772 0.637054 9.630961 -0.529225 -0.159628 -0.177927 2.646776
1 inf -8.358643 -0.878680 -0.051511 -3.047137 -1.478552 3.413948 0.040058 1.999365 -0.331687 0.687879 2.380138 0.646511 9.643019 -0.531354 -0.188615 -0.202519 2.624631
1 inf -8.350257 -0.876834 -0.046120 -3.080588 -1.495834 3.373563 0.060478 2.000352 -0.320274 0.706429 2.389478 0.595572 9.647625 -0.512926 -0.167856 -0.188091 2.596939
1 inf -8.329974 -0.828351 -0.014540 -3.080420 -1.507777 3.378639 0.085237 1.991217 -0.270877 0.713360 2.361099 0.580902 9.651695 -0.473839 -0.151373 -0.184959 2.617330
1 inf -8.314680 -0.817894 -0.023832 -3.054732 -1.504764 3.377801 0.098005 2.006050 -0.233499 0.694830 2.355931 0.573922 9.667630 -0.476649 -0.125674 -0.164835 2.645131
1 inf -8.371174 -0.837555 -0.035236 -3.071854 -1.515864 3.395480 0.081388 2.008021 -0.202646 0.698370 2.342107 0.576970 9.710365 -0.492639 -0.144007 -0.133198 2.648199
1 inf -8.340343 -0.808579 -0.047376 -3.092571 -1.503471 3.388915 0.062315 2.002022 -0.173716 0.691698 2.331933 0.610265 9.669760 -0.516510 -0.155350 -0.117260 2.682960
1 inf -8.299268 -0.783289 -0.068696 -3.094614 -1.517634 3.383702 0.048780 2.001184 -0.177042 0.676834 2.307356 0.619292 9.673286 -0.516133 -0.183280 -0.113539 2.676606
1 inf -8.329236 -0.796743 -0.063527 -3.076261 -1.505326 3.407964 0.042230 1.989981 -0.150819 0.702349 2.349111 0.634370 9.709733 -0.546453 -0.157431 -0.120306 2.685956
1 inf -8.332829 -0.780323 -0.090292 -3.116098 -1.533395 3.367796 0.057671 1.987407 -0.150055 0.713985 2.352664 0.597333 9.725136 -0.551346 -0.168254 -0.150341 2.692129
1 inf -8.315895 -0.786636 -0.076968 -3.112812 -1.493536 3.373482 0.091654 2.002974 -0.136077 0.709209 2.318331 0.644038 9.702118 -0.538243 -0.189649 -0.125868 2.669983
1 inf -8.329972 -0.751622 -0.055594 -3.115863 -1.485241 3.344860 0.071958 2.009932 -0.144366 0.703918 2.292254 0.621295 9.677260 -0.536831 -0.176748 -0.083300 2.639766
1 inf -8.324501 -0.745075 -0.070375 -3.114018 -1.480575 3.341076 0.095088 2.023428 -0.133309 0.690154 2.257497 0.653742 9.692876 -0.544346 -0.159045 -0.086459 2.663342
1 inf -8.332120 -0.733681 -0.068011 -3.081911 -1.453334 3.390638 0.098788 2.002170 -0.140742 0.644036 2.241937 0.682428 9.680723 -0.520089 -0.198870 -0.086616 2.698300
1 inf -8.346349 -0.723605 -0.098708 -3.075280 -1.418966 3.383745 0.114899 1.994620 -0.170169 0.642314 2.231087 0.660685 9.672985 -0.523729 -0.163957 -0.054852 2.716922
1 inf -8.390791 -0.740185 -0.086320 -3.048236 -1.383623 3.387390 0.079992 1.970393 -0.189582 0.662134 2.216094 0.684733 9.680476 -0.532182 -0.147355 -0.066053 2.763094
1 inf -8.389824 -0.731444 -0.110740 -3.037618 -1.387451 3.380016 0.093790 1.943113 -0.180228 0.654652 2.212054 0.685040 9.710368 -0.555897 -0.153056 -0.093907 2.760145
1 inf -8.373484 -0.727427 -0.131663 -3.032992 -1.375784 3.385299 0.105653 1.926516 -0.184489 0.669483 2.224592 0.671655 9.744134 -0.553877 -0.128097 -0.093896 2.787269
1 inf -8.376510 -0.718172 -0.141702 -3.044119 -1.349404 3.418949 0.078836 1.941680 -0.188071 0.673443 2.186396 0.656759 9.749773 -0.533777 -0.136596 -0.093107 2.795333
1 inf -8.388869 -0.699978 -0.105365 -3.036123 -1.360012 3.408809 0.081904 1.942638 -0.205269 0.660738 2.197854 0.649840 9.740059 -0.543321 -0.122835 -0.101957 2.843639
1 inf -8.400136 -0.673076 -0.090065 -3.013733 -1.307736 3.448743 0.049695 1.965137 -0.178095 0.678770 2.182093 0.671446 9.674757 -0.580278 -0.124459 -0.092735 2.860694
1 inf -8.446665 -0.687206 -0.096306 -3.007487 -1.305422 3.404821 0.055852 1.973108 -0.191416 0.656636 2.199664 0.654782 9.687147 -0.555765 -0.117444 -0.074636 2.868124
1 inf -8.441738 -0.653498 -0.100914 -2.990189 -1.325927 3.395847 0.038315 1.951007 -0.211613 0.648673 2.213212 0.649818 9.736876 -0.514878 -0.150488 -0.096653 2.865737
1 inf -8.428184 -0.661628 -0.132660 -2.993789 -1.319444 3.395362 0.053019 1.940848 -0.216236 0.689755 2.231234 0.692176 9.743659 -0.506068 -0.119266 -0.109234 2.864885
1 inf -8.441966 -0.658415 -0.148873 -2.996421 -1.338285 3.442791 0.050767 1.921017 -0.198807 0.719970 2.203399 0.691447 9.781532 -0.492204 -0.104149 -0.091693 2.861849
1 inf -8.449546 -0.659936 -0.112717 -2.973681 -1.307289 3.419244 0.078150 1.958046 -0.136907 0.743875 2.210519 0.696531 9.805289 -0.506449 -0.100868 -0.067055 2.832525
1 inf -8.448942 -0.698580 -0.126890 -2.960423 -1.283085 3.398598 0.082889 1.934790 -0.138696 0.746400 2.226544 0.680902 9.860313 -0.534882 -0.098335 -0.089270 2.801647
1 inf -8.403963 -0.669813 -0.127379 -2.974315 -1.281460 3.379590 0.090541 1.926311 -0.128281 0.748190 2.196470 0.674317 9.841604 -0.533576 -0.094760 -0.101827 2.808310
1 inf -8.382489 -0.683038 -0.121397 -2.991437 -1.292229 3.332030 0.064473 1.940641 -0.133899 0.724104 2.164783 0.693427 9.843055 -0.561053 -0.074320 -0.134273 2.827811
1 inf -8.352911 -0.710607 -0.150744 -2.998833 -1.261236 3.343046 0.078468 1.921566 -0.130149 0.721762 2.180865 0.694445 9.872149 -0.535741 -0.076004 -0.157184 2.878124
1 inf -8.362743 -0.710852 -0.130995 -2.976914 -1.254128 3.343282 0.091644 1.899607 -0.129994 0.740396 2.181039 0.658083 9.886434 -0.514200 -0.070759 -0.124617 2.880610
1 inf -8.349597 -0.692475 -0.158521 -2.978375 -1.229682 3.330380 0.099995 1.888573 -0.125889 0.749013 2.168800 0.654856 9.873772 -0.522886 -0.049447 -0.157350 2.877691
1 inf -8.325328 -0.707925 -0.172432 -2.963396 -1.238664 3.327019 0.111757 1.864534 -0.105675 0.732863 2.195115 0.651535 9.847640 -0.528974 -0.041218 -0.160422 2.898419
1 inf -8.324640 -0.670333 -0.152729 -3.005049 -1.226650 3.344750 0.112192 1.874286 -0.082956 0.716012 2.229471 0.645600 9.814288 -0.548016 -0.046679 -0.197346 2.914304
1 inf -8.357309 -0.654736 -0.192527 -3.060969 -1.166864 3.352129 0.092529 1.823910 -0.088233 0.680192 2.231628 0.693713 9.832826 -0.553203 -0.052650 -0.209974 2.904346
1 inf -8.370048 -0.651876 -0.163258 -3.061941 -1.191611 3.325751 0.151528 1.826755 -0.056638 0.671367 2.225372 0.696899 9.845242 -0.560619 -0.046429 -0.201604 2.904877
1 inf -8.375196 -0.664394 -0.156911 -3.084154 -1.214116 3.349222 0.143712 1.831362 -0.053608 0.697103 2.224576 0.689796 9.814742 -0.592113 -0.032367 -0.226166 2.886676
1 inf -8.396333 -0.592075 -0.131965 -3.093939 -1.228179 3.364954 0.151658 1.797651 -0.102926 0.663776 2.253376 0.679180 9.797017 -0.581798 -0.047368 -0.243977 2.913074
1 inf -8.414361 -0.581849 -0.129248 -3.104124 -1.197241 3.324365 0.159466 1.780419 -0.087995 0.654160 2.250364 0.692990 9.810965 -0.573636 -0.048776 -0.290303 2.913345
1 inf -8.427137 -0.567380 -0.158513 -3.118930 -1.225155 3.329478 0.165178 1.798102 -0.089569 0.660850 2.267660 0.665438 9.790629 -0.592141 -0.039341 -0.288894 2.923591
1 inf -8.450898 -0.546364 -0.154444 -3.118814 -1.279695 3.313073 0.179415 1.817890 -0.103437 0.660880 2.259987 0.658266 9.761371 -0.615638 -0.038426 -0.318459 2.941741
1 inf -8.429873 -0.541506 -0.169951 -3.097834 -1.257361 3.335411 0.153272 1.814405 -0.094546 0.617151 2.279015 0.684601 9.773226 -0.612797 -0.046792 -0.341290 2.954851
1 inf -8.428243 -0.573375 -0.172175 -3.124806 -1.269936 3.365893 0.207840 1.818015 -0.085858 0.630348 2.261541 0.691406 9.806336 -0.629840 -0.048292 -0.358244 2.941509
1 inf -8.430816 -0.553464 -0.141556 -3.116884 -1.254882 3.379750 0.193657 1.809360 -0.099442 0.621876 2.268920 0.685030 9.797667 -0.665350 -0.048856 -0.380138 2.990603
1 inf -8.436934 -0.548144 -0.130596 -3.129528 -1.262165 3.361356 0.213420 1.795194 -0.091958 0.559690 2.272307 0.691312 9.814158 -0.651451 -0.048204 -0.402943 3.000084
1 inf -8.456189 -0.520791 -0.128077 -3.103840 -1.252791 3.376609 0.192599 1.801272 -0.079770 0.540693 2.265131 0.663756 9.853148 -0.659310 -0.040782 -0.373497 3.003328
1 inf -8.447788 -0.543551 -0.133265 -3.148119 -1.292912 3.415345 0.213666 1.818997 -0.084447 0.586823 2.264338 0.660541 9.885256 -0.610737 -0.055203 -0.358516 2.976779
1 inf -8.429180 -0.520729 -0.110705 -3.164411 -1.296306 3.396802 0.179123 1.823679 -0.067566 0.573829 2.250988 0.647527 9.902683 -0.623958 -0.048971 -0.378520 2.970799
1 inf -8.418561 -0.522122 -0.138644 -3.185587 -1.330064 3.441640 0.185582 1.819104 -0.041346 0.565673 2.229118 0.648416 9.887607 -0.620346 -0.015604 -0.384175 2.946863
1 inf -8.429615 -0.547373 -0.137300 -3.165403 -1.275990 3.429815 0.229609 1.808008 -0.032091 0.578121 2.254385 0.632980 9.916395 -0.638513 -0.005326 -0.392226 2.963108
1 inf -8.441822 -0.552359 -0.127057 -3.152205 -1.273538 3.410183 0.244684 1.787921 -0.031509 0.586615 2.263872 0.634498 9.922224 -0.665281 -0.018735 -0.367820 2.960871
1 inf -8.496675 -0.561368 -0.156473 -3.137846 -1.290745 3.416907 0.220098 1.815199 -0.031831 0.603064 2.231852 0.618932 9.945310 -0.640691 -0.062133 -0.348691 2.949960
1 inf -8.488862 -0.540307 -0.137393 -3.140778 -1.277533 3.441596 0.210445 1.837103 -0.043745 0.561908 2.218243 0.647187 9.973705 -0.620864 -0.057946 -0.344060 2.909412
1 inf -8.512491 -0.512718 -0.137545 -3.164087 -1.292442 3.427864 0.183076 1.839954 -0.061995 0.570283 2.250475 0.646126 9.973973 -0.612483 -0.054132 -0.348921 2.893926
1 inf -8.494122 -0.542444 -0.154464 -3.125501 -1.335059 3.417499 0.156547 1.805729 -0.039247 0.590097 2.254768 0.608618 9.988581 -0.600431 -0.122500 -0.342801 2.925188
1 inf -8.471143 -0.551330 -0.162020 -3.108704 -1.343221 3.428725 0.184181 1.805321 -0.039403 0.593902 2.234232 0.588417 9.976374 -0.576447 -0.135547 -0.343599 2.966665
1 inf -8.462192 -0.576257 -0.187234 -3.115087 -1.333634 3.429680 0.119461 1.782130 -0.043774 0.547271 2.205080 0.616771 9.965924 -0.586263 -0.120887 -0.361687 2.998611
1 inf -8.465293 -0.563554 -0.187819 -3.110688 -1.299691 3.432235 0.123138 1.767647 -0.058191 0.519559 2.245807 0.599183 9.972242 -0.590919 -0.108912 -0.374473 2.984220
1 inf -8.474807 -0.559594 -0.157339 -3.102392 -1.291960 3.441758 0.110539 1.788581 -0.049317 0.507071 2.261231 0.599782 9.954142 -0.568508 -0.105075 -0.391911 2.992690
1 inf -8.461376 -0.593438 -0.132467 -3.096039 -1.254696 3.458105 0.117496 1.782659 -0.049140 0.520405 2.276819 0.622466 9.939122 -0.559282 -0.086021 -0.428959 3.009830
1 inf -8.417182 -0.577454 -0.106710 -3.074120 -1.259929 3.462385 0.067631 1.784573 -0.063174 0.518215 2.267544 0.566851 9.955646 -0.554135 -0.072011 -0.411258 3.028136
1 inf -8.434414 -0.577054 -0.089038 -3.089849 -1.226658 3.445205 0.075564 1.757661 -0.081658 0.543765 2.248679 0.601251 9.942020 -0.577545 -0.066851 -0.408837 3.012720
1 inf -8.435757 -0.549213 -0.073662 -3.080760 -1.227114 3.430780 0.066150 1.765635 -0.114297 0.583207 2.247796 0.573784 9.955746 -0.587878 -0.067469 -0.392995 3.038285
1 inf -8.442228 -0.532194 -0.093231 -3.104305 -1.249258 3.438970 0.057958 1.777549 -0.121241 0.584541 2.240427 0.577494 9.970006 -0.569966 -0.033776 -0.410410 3.032585
1 inf -8.463949 -0.546863 -0.087383 -3.080232 -1.255072 3.427813 0.071276 1.822815 -0.139094 0.593598 2.180833 0.582224 10.003154 -0.568009 -0.056191 -0.412639 3.018894
1 inf -8.453553 -0.615163 -0.094207 -3.073266 -1.258610 3.450845 0.056827 1.838734 -0.127215 0.587092 2.180496 0.608545 9.996743 -0.592097 -0.041378 -0.436993 3.049099
1 inf -8.466114 -0.610017 -0.076365 -3.086147 -1.250436 3.424756 0.058373 1.838304 -0.136064 0.596285 2.179448 0.637668 10.007082 -0.591148 -0.055462 -0.445049 3.052852
1 inf -8.486046 -0.607860 -0.096635 -3.109497 -1.241946 3.407134 0.045430 1.817738 -0.164684 0.637601 2.194189 0.645148 10.012520 -0.599190 -0.038936 -0.449665 3.065928
1 inf -8.499887 -0.569356 -0.109006 -3.098294 -1.249520 3.403027 0.052240 1.824659 -0.171848 0.642094 2.192353 0.633782 10.010411 -0.608599 -0.059370 -0.482923 3.071883
1 inf -8.478300 -0.587242 -0.126378 -3.135738 -1.245800 3.405215 0.062801 1.800570 -0.158463 0.656799 2.160471 0.638430 10.012102 -0.581449 -0.085161 -0.515001 3.068490
1 inf -8.496004 -0.614305 -0.139628 -3.141486 -1.282538 3.399307 0.041963 1.814260 -0.180852 0.636065 2.185204 0.633457 9.986352 -0.598203 -0.089869 -0.479300 3.058634
1 inf -8.512589 -0.633287 -0.100537 -3.170403 -1.284474 3.366206 0.029706 1.805676 -0.152827 0.657225 2.190701 0.637524 10.015099 -0.571935 -0.066659 -0.490048 3.090366
1 inf -8.537228 -0.627756 -0.104508 -3.182421 -1.282695 3.349800 0.013651 1.766109 -0.167529 0.635640 2.201910 0.634610 10.005877 -0.560702 -0.113880 -0.490936 3.100080
1 inf -8.516181 -0.660265 -0.115856 -3.195485 -1.270374 3.398577 0.039843 1.752025 -0.193359 0.616457 2.235302 0.662671 10.005065 -0.553157 -0.135242 -0.518172 3.105783
1 inf -8.488899 -0.650717 -0.133401 -3.181401 -1.262059 3.422900 0.028891 1.780279 -0.175341 0.610860 2.235257 0.677440 10.002403 -0.542428 -0.112204 -0.584983 3.106835
1 inf -8.484200 -0.636343 -0.134338 -3.177860 -1.248886 3.411055 0.053243 1.779667 -0.146528 0.625220 2.199454 0.632578 10.006754 -0.567713 -0.108941 -0.613544 3.136588
1 inf -8.475948 -0.600121 -0.121701 -3.202011 -1.271111 3.382171 0.028441 1.784103 -0.138185 0.659935 2.167795 0.628703 9.995849 -0.573557 -0.102914 -0.597065 3.091801
1 inf -8.470628 -0.617306 -0.129464 -3.212628 -1.265076 3.383795 0.032436 1.788893 -0.129400 0.685360 2.143252 0.600646 10.015583 -0.612570 -0.118393 -0.610968 3.053169
1 inf -8.483647 -0.577984 -0.168460 -3.221163 -1.299860 3.429242 0.027679 1.809686 -0.108609 0.654418 2.150522 0.605063 10.045521 -0.652009 -0.117726 -0.609699 3.050339
1 inf -8.508202 -0.605167 -0.148310 -3.243521 -1.319874 3.457381 0.030573 1.785748 -0.091846 0.656468 2.121364 0.614173 10.067765 -0.659947 -0.142992 -0.614566 3.050374
1 inf -8.468102 -0.612806 -0.129318 -3.236844 -1.323142 3.458629 0.055395 1.752202 -0.084783 0.689465 2.173605 0.598441 10.064861 -0.661283 -0.153939 -0.594435 3.073689
1 inf -8.509276 -0.608313 -0.144455 -3.212407 -1.316252 3.457687 0.074488 1.744368 -0.056325 0.669434 2.173298 0.622748 10.069138 -0.646003 -0.123469 -0.587409 3.049391
1 inf -8.508604 -0.604931 -0.160865 -3.218193 -1.365873 3.454546 0.039663 1.769046 -0.025111 0.627850 2.207452 0.636007 10.076854 -0.664095 -0.110807 -0.593014 3.060278
1 inf -8.485136 -0.595819 -0.144847 -3.230661 -1.352290 3.421721 0.035570 1.802820 -0.013479 0.631218 2.219628 0.618890 10.088157 -0.679115 -0.119486 -0.619736 3.042336
1 inf -8.469748 -0.557455 -0.111670 -3.246099 -1.317802 3.425474 0.087950 1.782352 -0.009340 0.627420 2.195931 0.611688 10.053480 -0.670699 -0.118336 -0.669502 3.053191
1 inf -8.481607 -0.535073 -0.157057 -3.250652 -1.350880 3.439113 0.062279 1.811897 -0.015704 0.612955 2.179661 0.591507 10.073679 -0.653659 -0.072525 -0.690007 3.042362
1 inf -8.476286 -0.530186 -0.135868 -3.236798 -1.377066 3.431777 0.043987 1.823490 -0.029209 0.624039 2.184189 0.580929 10.069615 -0.635436 -0.070334 -0.684489 3.052741
1 inf -8.499545 -0.557133 -0.127505 -3.220644 -1.355591 3.427226 0.032826 1.816599 -0.050547 0.641254 2.159229 0.589816 10.065034 -0.632337 -0.101927 -0.712650 3.045692
1 inf -8.476180 -0.577132 -0.168251 -3.244917 -1.352281 3.403129 0.011028 1.787151 -0.108686 0.642595 2.188839 0.556485 10.040545 -0.625896 -0.084383 -0.683492 3.030092
1 inf -8.502036 -0.566774 -0.168121 -3.225052 -1.340203 3.415186 0.001160 1.771882 -0.119152 0.620204 2.151739 0.571497 10.041127 -0.605226 -0.089293 -0.709242 3.078080
1 inf -8.514994 -0.594617 -0.145136 -3.250198 -1.336183 3.413338 0.036059 1.772699 -0.093995 0.616149 2.140941 0.567093 10.031584 -0.615854 -0.065319 -0.719370 3.093542
1 inf -8.481958 -0.631078 -0.104726 -3.237439 -1.327512 3.421102 0.032275 1.778807 -0.082585 0.618874 2.134767 0.562876 10.038506 -0.611324 -0.074128 -0.663301 3.100055
1 inf -8.426083 -0.585103 -0.086206 -3.246450 -1.303814 3.471624 0.030467 1.800952 -0.085438 0.626179 2.105589 0.545771 10.033538 -0.632118 -0.077997 -0.641519 3.090398
1 inf -8.422158 -0.571652 -0.103747 -3.241542 -1.319504 3.468610 0.064713 1.845163 -0.070040 0.648804 2.098669 0.526278 9.978131 -0.653211 -0.097746 -0.651053 3.071116
1 inf -8.396927 -0.532750 -0.096823 -3.252155 -1.320541 3.467820 0.089883 1.851505 -0.073331 0.651681 2.095230 0.533218 9.959832 -0.604525 -0.124397 -0.666986 3.068726
1 inf -8.408554 -0.569776 -0.115286 -3.270804 -1.335310 3.457650 0.113392 1.860550 -0.055012 0.661263 2.064653 0.504232 9.957089 -0.601525 -0.173770 -0.668010 3.080826
1 inf -8.413340 -0.600490 -0.072602 -3.262662 -1.338939 3.447896 0.131366 1.839634 -0.018506 0.684490 2.027535 0.507071 9.944005 -0.592194 -0.160714 -0.662761 3.039220
1 inf -8.412439 -0.570656 -0.072023 -3.267059 -1.357746 3.441563 0.136584 1.842384 0.015837 0.718903 2.059338 0.489128 9.921859 -0.582590 -0.134741 -0.673638 3.025777
1 inf -8.390928 -0.601973 -0.070053 -3.284220 -1.397642 3.461516 0.117515 1.808864 -0.028050 0.736896 2.073051 0.502808 9.941040 -0.599049 -0.166415 -0.656880 3.035129
1 inf -8.393015 -0.614678 -0.048191 -3.283115 -1.414637 3.467074 0.126907 1.810403 -0.011268 0.726077 2.098326 0.508884 9.944666 -0.617329 -0.173870 -0.656112 3.035469
1 inf -8.392614 -0.550558 -0.052485 -3.309301 -1.429138 3.459859 0.118333 1.781641 0.003484 0.718632 2.097321 0.472731 9.929880 -0.596225 -0.187013 -0.663443 2.993354
1 inf -8.349492 -0.535339 -0.076206 -3.332499 -1.372939 3.472573 0.124915 1.815684 0.006023 0.710318 2.063891 0.446601 9.928097 -0.585940 -0.212121 -0.677400 3.007899
1 inf -8.351826 -0.536051 -0.086836 -3.308224 -1.374588 3.460557 0.141471 1.802903 0.006875 0.707788 2.045036 0.429805 9.893156 -0.593219 -0.193023 -0.687688 2.957753
1 inf -8.336913 -0.525055 -0.071190 -3.288368 -1.357535 3.465610 0.144535 1.816259 0.014358 0.702864 2.077678 0.451865 9.847162 -0.591418 -0.132797 -0.692308 2.928705
1 inf -8.381355 -0.541635 -0.058802 -3.261324 -1.322192 3.469255 0.109628 1.792032 -0.005055 0.722684 2.062685 0.475913 9.854653 -0.599871 -0.116195 -0.703509 2.974877
1 inf -8.402844 -0.544961 -0.097972 -3.242226 -1.300104 3.452395 0.133724 1.790992 0.026047 0.718673 2.019382 0.422994 9.855839 -0.611942 -0.105852 -0.741557 3.003503
1 inf -8.363017 -0.550329 -0.089255 -3.234269 -1.288151 3.457363 0.112065 1.772741 0.021037 0.734790 2.029911 0.381749 9.868283 -0.589130 -0.149425 -0.734002 3.042637
1 inf -8.355084 -0.516136 -0.052995 -3.210867 -1.288203 3.468073 0.129789 1.739107 0.004632 0.731393 2.022262 0.380374 9.865141 -0.594307 -0.153450 -0.726128 3.031509
1 inf -8.387426 -0.523538 -0.026618 -3.248392 -1.317672 3.454980 0.136822 1.759025 0.009729 0.725274 2.008579 0.375439 9.867050 -0.569195 -0.144496 -0.688495 2.999677
1 inf -8.363340 -0.515839 -0.029281 -3.239294 -1.308439 3.468410 0.144182 1.750001 0.016809 0.733262 1.978260 0.349855 9.860002 -0.530842 -0.141846 -0.675762 3.017601
1 inf -8.361564 -0.487262 -0.017448 -3.242186 -1.299195 3.456841 0.150419 1.783929 0.041907 0.735117 1.972600 0.321558 9.851833 -0.542921 -0.140981 -0.668448 3.078825
1 inf -8.347991 -0.498832 -0.005862 -3.217953 -1.270639 3.433799 0.178309 1.746635 0.024037 0.780249 1.985288 0.335965 9.875201 -0.573357 -0.124303 -0.686985 3.096742
1 inf -8.375373 -0.498697 -0.048331 -3.212456 -1.258984 3.425782 0.187361 1.710968 0.018661 0.800344 1.979942 0.332192 9.870461 -0.621990 -0.116128 -0.691413 3.115774
1 inf -8.392064 -0.499683 -0.040005 -3.207887 -1.270760 3.418630 0.174333 1.715819 0.031839 0.798528 1.955599 0.325553 9.865236 -0.596183 -0.104624 -0.669885 3.153681
1 inf -8.416653 -0.482800 -0.057589 -3.199363 -1.272995 3.388228 0.187364 1.687598 0.012319 0.801382 1.960959 0.357149 9.882274 -0.570322 -0.099920 -0.652126 3.162559
1 inf -8.447831 -0.503065 -0.043879 -3.214986 -1.284406 3.397235 0.148873 1.694711 -0.025437 0.813610 1.943795 0.358541 9.883772 -0.564525 -0.110087 -0.639594 3.171909
1 inf -8.457841 -0.487627 -0.066527 -3.214217 -1.324234 3.431021 0.201130 1.706582 0.011214 0.816571 1.913425 0.363329 9.857431 -0.534400 -0.118931 -0.611884 3.152602
1 inf -8.462123 -0.491012 -0.066782 -3.218575 -1.334828 3.406906 0.169455 1.671401 0.020166 0.839351 1.891624 0.346971 9.858383 -0.534258 -0.133998 -0.615270 3.121442
1 inf -8.463548 -0.486535 -0.078526 -3.234309 -1.325110 3.426471 0.133710 1.684625 -0.005728 0.795261 1.878126 0.347484 9.852196 -0.542989 -0.116280 -0.630408 3.135969
1 inf -8.516188 -0.462029 -0.078832 -3.244907 -1.307753 3.377788 0.067205 1.769192 0.022526 0.787079 1.902858 0.369138 9.870194 -0.551250 -0.111608 -0.631034 3.168295
1 inf -8.518979 -0.415955 -0.086933 -3.261683 -1.332351 3.389647 0.131103 1.745089 0.036910 0.808514 1.943436 0.396399 9.850710 -0.604915 -0.127936 -0.621559 3.182696
1 inf -8.536808 -0.404927 -0.073954 -3.245291 -1.337337 3.396378 0.117775 1.783711 0.025948 0.820723 1.949162 0.385970 9.839410 -0.568115 -0.125011 -0.639843 3.186263
1 inf -8.503393 -0.414812 -0.064369 -3.268757 -1.373642 3.393224 0.111900 1.798038 0.056016 0.818798 1.920304 0.394901 9.829446 -0.585729 -0.133117 -0.610952 3.185532
1 inf -8.497142 -0.469212 -0.040907 -3.287976 -1.390886 3.356863 0.124921 1.821475 0.067465 0.824221 1.903081 0.393701 9.833742 -0.591433 -0.116809 -0.572623 3.211493
1 inf -8.499296 -0.484709 -0.036779 -3.256278 -1.404927 3.360845 0.121318 1.839626 0.092143 0.832780 1.888472 0.419477 9.812679 -0.561143 -0.146426 -0.589834 3.220980
1 inf -8.514019 -0.432273 -0.034516 -3.268204 -1.412073 3.348929 0.105349 1.845426 0.086447 0.867492 1.877800 0.429619 9.802545 -0.601380 -0.162635 -0.601832 3.189430
1 inf -8.496784 -0.457390 -0.007711 -3.302571 -1.401077 3.386850 0.125579 1.834545 0.076842 0.855547 1.869325 0.418741 9.789017 -0.611830 -0.146430 -0.622691 3.175450
1 inf -8.547666 -0.426481 -0.042451 -3.312490 -1.391179 3.399380 0.101192 1.836758 0.091027 0.823026 1.868956 0.381934 9.796511 -0.576490 -0.127820 -0.638346 3.170991
1 inf -8.538541 -0.424255 -0.065043 -3.311417 -1.396211 3.435773 0.109659 1.827643 0.086745 0.854725 1.904925 0.350714 9.777405 -0.588272 -0.162511 -0.648341 3.183440
1 inf -8.520216 -0.446876 -0.039087 -3.300508 -1.375100 3.448042 0.108873 1.804951 0.085162 0.836204 1.895617 0.358948 9.800947 -0.580728 -0.174415 -0.603708 3.168781
1 inf -8.510638 -0.451520 -0.030828 -3.282505 -1.365130 3.474593 0.108892 1.809396 0.098873 0.818309 1.914687 0.331415 9.774515 -0.564222 -0.209500 -0.630221 3.132497
1 inf -8.484569 -0.448924 -0.032244 -3.322995 -1.348420 3.468767 0.113209 1.809963 0.114830 0.811924 1.925350 0.356021 9.774131 -0.544354 -0.172446 -0.630548 3.131149
1 inf -8.487009 -0.492516 -0.017273 -3.314893 -1.327451 3.453657 0.107394 1.805050 0.151176 0.779342 1.923854 0.343245 9.774334 -0.547427 -0.176386 -0.636083 3.095345
1 inf -8.508206 -0.500574 0.009425 -3.314036 -1.341350 3.417021 0.075102 1.801098 0.116480 0.790255 1.910306 0.337483 9.747803 -0.586182 -0.184962 -0.670181 3.076217
1 inf -8.502173 -0.520239 0.018895 -3.264057 -1.359880 3.423218 0.098065 1.791207 0.137647 0.808739 1.899894 0.372983 9.775084 -0.550540 -0.193231 -0.668736 3.061603
1 inf -8.521998 -0.525622 -0.035223 -3.266680 -1.364176 3.408455 0.122976 1.790069 0.097903 0.768117 1.892966 0.359600 9.778866 -0.554013 -0.207903 -0.661591 3.056349
1 inf -8.476444 -0.549952 -0.058400 -3.276884 -1.374182 3.451748 0.143844 1.769140 0.135731 0.785151 1.892512 0.354120 9.791638 -0.560487 -0.196127 -0.630975 3.054174
1 inf -8.459736 -0.463602 -0.056565 -3.261198 -1.380084 3.445428 0.143425 1.733041 0.127950 0.745210 1.908914 0.318840 9.780973 -0.578450 -0.176489 -0.658670 3.058536
1 inf -8.471797 -0.437834 -0.075263 -3.210147 -1.357632 3.401840 0.160233 1.738958 0.133550 0.710305 1.899670 0.329298 9.800178 -0.560926 -0.191938 -0.701098 3.063916
1 inf -8.471691 -0.424455 -0.074092 -3.190652 -1.388694 3.397113 0.238793 1.728023 0.131420 0.743950 1.905257 0.330711 9.812293 -0.590427 -0.196622 -0.686965 3.066899
1 inf -8.439003 -0.441910 -0.055981 -3.208362 -1.385067 3.443303 0.236951 1.756062 0.116313 0.713906 1.920302 0.337707 9.812304 -0.622739 -0.221566 -0.669425 3.084576
1 inf -8.468108 -0.411950 -0.052642 -3.201109 -1.408433 3.411871 0.216428 1.774699 0.108576 0.715878 1.924035 0.308351 9.816280 -0.603544 -0.184305 -0.665544 3.110178
1 inf -8.495595 -0.415457 -0.039924 -3.223019 -1.449970 3.452114 0.224921 1.755741 0.089547 0.725826 1.931566 0.337287 9.805168 -0.604409 -0.193737 -0.691599 3.097002
1 inf -8.535342 -0.425348 -0.030183 -3.246037 -1.449963 3.435283 0.228474 1.801307 0.086797 0.714804 1.943077 0.327308 9.755972 -0.621574 -0.217323 -0.707063 3.091387
1 inf -8.487747 -0.417763 -0.029013 -3.228628 -1.473516 3.435248 0.250854 1.797713 0.060168 0.725177 1.934328 0.339291 9.766031 -0.612434 -0.207305 -0.694762 3.105068
1 inf -8.476831 -0.395468 -0.061218 -3.170431 -1.490280 3.415626 0.260987 1.834771 0.062466 0.716904 1.950646 0.358301 9.779657 -0.617947 -0.206318 -0.698735 3.081228
1 inf -8.513255 -0.395512 -0.065768 -3.162625 -1.501530 3.424050 0.254423 1.815058 0.059351 0.722768 1.931759 0.339348 9.834679 -0.605707 -0.202004 -0.731996 3.088070
1 inf -8.513932 -0.390262 -0.061140 -3.176084 -1.521703 3.428070 0.267942 1.802037 0.072299 0.710377 1.944432 0.327988 9.837741 -0.587972 -0.210497 -0.724480 3.077413
1 inf -8.569601 -0.377081 -0.047436 -3.129488 -1.522790 3.423371 0.265064 1.820233 0.054768 0.714206 1.974012 0.327856 9.840811 -0.575061 -0.173003 -0.704170 3.095098
1 inf -8.550985 -0.373594 -0.048291 -3.131891 -1.495394 3.457741 0.249662 1.810621 0.050697 0.686298 1.969219 0.311757 9.860689 -0.594739 -0.169539 -0.705610 3.100518
1 inf -8.504930 -0.375936 -0.037880 -3.134916 -1.477679 3.420404 0.222552 1.799743 0.036354 0.661232 1.904803 0.307700 9.826606 -0.609408 -0.151433 -0.732970 3.103900
1 inf -8.499432 -0.353963 -0.046077 -3.138453 -1.452747 3.431247 0.252685 1.767640 0.015388 0.697096 1.895476 0.292785 9.843915 -0.575461 -0.158751 -0.705883 3.103078
1 inf -8.490081 -0.374732 -0.038468 -3.104906 -1.405611 3.437101 0.239383 1.765222 0.031849 0.730172 1.895176 0.333906 9.826589 -0.588697 -0.168683 -0.654544 3.098252
1 inf -8.464018 -0.369916 -0.071326 -3.086729 -1.412674 3.457023 0.251716 1.764239 0.019301 0.753207 1.889321 0.355485 9.820889 -0.594219 -0.151950 -0.659154 3.091947
1 inf -8.482786 -0.390241 -0.062235 -3.112570 -1.397064 3.435596 0.252053 1.748617 0.030496 0.749548 1.905856 0.324903 9.867103 -0.589772 -0.173424 -0.663833 3.110715
1 inf -8.438508 -0.389965 -0.066706 -3.113067 -1.384868 3.429847 0.250038 1.777645 0.059854 0.760171 1.918831 0.317516 9.834116 -0.554458 -0.183365 -0.667253 3.128099
1 inf -8.415920 -0.386243 -0.024419 -3.102866 -1.405393 3.421322 0.245308 1.817828 0.009149 0.771964 1.908785 0.307324 9.820599 -0.550116 -0.172173 -0.646962 3.145334
1 inf -8.428520 -0.370874 -0.024958 -3.128446 -1.400835 3.371654 0.247155 1.826571 0.009450 0.738663 1.944015 0.313248 9.803798 -0.558442 -0.161443 -0.614549 3.145555
1 inf -8.441081 -0.369269 -0.020447 -3.141892 -1.428723 3.369244 0.234145 1.843394 0.025375 0.730931 1.944934 0.293965 9.801069 -0.559052 -0.138848 -0.623723 3.128787
1 inf -8.444267 -0.368147 -0.010027 -3.153804 -1.346800 3.377397 0.219201 1.853686 0.028861 0.739546 1.945599 0.305282 9.793520 -0.568399 -0.154916 -0.606634 3.140489
1 inf -8.409697 -0.346861 -0.030716 -3.166222 -1.362040 3.361089 0.229531 1.832882 0.020015 0.740037 1.942239 0.334985 9.796682 -0.556180 -0.127976 -0.627721 3.138713
1 inf -8.381801 -0.347839 -0.031868 -3.196713 -1.343821 3.364521 0.232537 1.821974 0.011929 0.770812 1.950433 0.342321 9.790310 -0.562202 -0.166214 -0.597720 3.173436
1 inf -8.348284 -0.328087 -0.004058 -3.192908 -1.349659 3.334013 0.217961 1.781420 0.011668 0.791436 1.950812 0.351663 9.793735 -0.563079 -0.146372 -0.561932 3.202107
1 inf -8.326961 -0.358432 0.015678 -3.199297 -1.338872 3.356309 0.210421 1.785994 0.002342 0.809911 1.953022 0.356628 9.779016 -0.566811 -0.139583 -0.590318 3.170399
1 inf -8.294056 -0.355049 0.005680 -3.204707 -1.353998 3.386989 0.230897 1.774476 0.019431 0.857692 1.963341 0.327169 9.790321 -0.576084 -0.129626 -0.568519 3.152103
1 inf -8.329034 -0.383585 0.000757 -3.207860 -1.388903 3.388145 0.228702 1.786884 0.010020 0.857229 1.978726 0.289162 9.801921 -0.601260 -0.185696 -0.600854 3.181485
1 inf -8.341265 -0.396453 -0.015303 -3.214944 -1.388673 3.404687 0.188227 1.764483 -0.004163 0.841655 2.003039 0.294090 9.796601 -0.576645 -0.153584 -0.585139 3.140587
1 inf -8.327833 -0.401356 -0.024834 -3.223860 -1.392626 3.378676 0.195763 1.760173 -0.003341 0.830028 2.010038 0.299223 9.733480 -0.554749 -0.124316 -0.597317 3.174187
1 inf -8.324000 -0.399736 -0.035917 -3.260184 -1.386555 3.372770 0.202613 1.759371 0.021435 0.826263 1.998351 0.334269 9.689313 -0.561396 -0.120428 -0.589191 3.188864
1 inf -8.338628 -0.393261 -0.026200 -3.226604 -1.366917 3.367501 0.201005 1.724182 0.005342 0.803860 1.992317 0.356080 9.687728 -0.563292 -0.092552 -0.615440 3.154133
1 inf -8.338673 -0.412899 -0.036942 -3.224392 -1.347178 3.393206 0.199538 1.707763 -0.031376 0.799656 1.973682 0.346057 9.699216 -0.551942 -0.076104 -0.631878 3.167946
1 inf -8.334209 -0.389587 -0.057233 -3.245587 -1.346626 3.371619 0.232418 1.712929 -0.035854 0.826416 1.951037 0.361755 9.697381 -0.555626 -0.092259 -0.627988 3.185790
1 inf -8.349227 -0.378157 -0.049611 -3.259159 -1.348463 3.382200 0.207162 1.714226 -0.030810 0.789380 1.895470 0.288571 9.669494 -0.588139 -0.112331 -0.650441 3.193363
1 inf -8.327272 -0.402143 -0.063461 -3.251517 -1.349272 3.391872 0.214650 1.747541 -0.022633 0.832990 1.860886 0.310053 9.648718 -0.625961 -0.104383 -0.673445 3.212406
1 inf -8.327512 -0.458498 -0.079031 -3.259853 -1.317278 3.389441 0.181991 1.760915 -0.024607 0.848428 1.901872 0.314460 9.676796 -0.631048 -0.067207 -0.695422 3.238305
1 inf -8.306646 -0.472044 -0.061319 -3.260213 -1.314796 3.407292 0.202238 1.783142 -0.037276 0.811194 1.932095 0.337460 9.662589 -0.648777 -0.078140 -0.688938 3.229988
1 inf -8.328445 -0.490588 -0.076207 -3.276732 -1.300365 3.390689 0.186453 1.809771 -0.040752 0.821001 1.950653 0.343255 9.670720 -0.590922 -0.112564 -0.680360 3.199275
1 inf -8.299421 -0.461773 -0.070592 -3.257867 -1.268795 3.386646 0.164371 1.865978 -0.059325 0.828724 1.945985 0.315386 9.688228 -0.584538 -0.129646 -0.665482 3.188502
1 inf -8.310160 -0.468254 -0.070851 -3.271878 -1.303997 3.403481 0.142120 1.842000 -0.051693 0.822732 1.943815 0.350137 9.673459 -0.583143 -0.111915 -0.633025 3.183838
1 inf -8.322351 -0.445044 -0.033926 -3.287226 -1.287031 3.396425 0.124889 1.841803 -0.044327 0.790913 1.915769 0.330489 9.687175 -0.604427 -0.094446 -0.596825 3.181093
1 inf -8.323904 -0.403484 -0.046064 -3.279560 -1.283479 3.397326 0.145357 1.872780 -0.022929 0.804268 1.927929 0.336019 9.696318 -0.610158 -0.057978 -0.575328 3.238264
1 inf -8.328534 -0.359693 -0.059988 -3.280784 -1.302410 3.355975 0.126534 1.883665 -0.046561 0.836297 1.953570 0.320550 9.660798 -0.607408 -0.070192 -0.566678 3.250830
1 inf -8.336172 -0.347756 -0.047358 -3.282459 -1.301500 3.353883 0.108931 1.874431 -0.055524 0.832372 1.969274 0.294202 9.704071 -0.604664 -0.092526 -0.583626 3.276639
1 inf -8.320074 -0.309825 -0.030381 -3.303869 -1.294691 3.378612 0.074271 1.896777 -0.067932 0.805382 1.966127 0.273563 9.709430 -0.590828 -0.127616 -0.538228 3.300462
1 inf -8.319528 -0.330425 -0.017379 -3.291161 -1.298882 3.362648 0.113542 1.901642 -0.043934 0.797146 1.976485 0.297342 9.720289 -0.574773 -0.125476 -0.544901 3.288297
1 inf -8.332872 -0.356497 -0.045351 -3.247158 -1.316861 3.368161 0.135193 1.900501 -0.034167 0.821377 1.991307 0.252342 9.735703 -0.572940 -0.085758 -0.524443 3.258653
1 inf -8.316641 -0.325824 -0.052421 -3.259052 -1.350195 3.391391 0.131768 1.902346 -0.076067 0.814245 2.006200 0.282045 9.736077 -0.586043 -0.106955 -0.521307 3.242452
1 inf -8.308192 -0.349205 -0.016655 -3.231189 -1.333789 3.411608 0.111157 1.912180 -0.072568 0.825309 2.011199 0.312115 9.735667 -0.598786 -0.125995 -0.520664 3.268070
1 inf -8.315054 -0.380274 -0.022934 -3.218104 -1.321098 3.375020 0.110745 1.886715 -0.090988 0.843412 2.051634 0.323417 9.772687 -0.576116 -0.150708 -0.536134 3.287394
1 inf -8.327036 -0.398466 -0.032779 -3.218106 -1.354408 3.428532 0.097836 1.868354 -0.122611 0.830444 2.057118 0.325231 9.789984 -0.593407 -0.154015 -0.543092 3.294621
1 inf -8.336572 -0.434770 -0.017757 -3.179260 -1.348628 3.419509 0.095216 1.843363 -0.126201 0.826620 2.055104 0.303246 9.747873 -0.596258 -0.151886 -0.544578 3.297459
1 inf -8.343419 -0.474318 -0.066205 -3.151861 -1.308418 3.447855 0.061992 1.830936 -0.098482 0.840243 2.068444 0.265131 9.794216 -0.620627 -0.136441 -0.537202 3.280060
1 inf -8.333987 -0.481363 -0.077889 -3.172757 -1.349642 3.418044 0.083377 1.809871 -0.092703 0.849785 2.022429 0.209959 9.784279 -0.605457 -0.160950 -0.537843 3.258130
1 inf -8.339390 -0.500652 -0.051223 -3.167472 -1.329565 3.434478 0.068678 1.796083 -0.098148 0.864260 1.987261 0.231229 9.790208 -0.579969 -0.170494 -0.548715 3.261485
1 inf -8.356085 -0.501315 -0.035211 -3.209013 -1.295337 3.415848 0.029989 1.827505 -0.094908 0.845898 1.985515 0.200826 9.794906 -0.603091 -0.159093 -0.524835 3.266806
1 inf -8.367749 -0.495432 -0.026454 -3.201399 -1.316944 3.447027 0.029243 1.811250 -0.093951 0.847384 1.981771 0.264881 9.783917 -0.586299 -0.174212 -0.504403 3.291317
1 inf -8.382498 -0.485155 -0.049225 -3.206062 -1.271533 3.406683 0.031264 1.792085 -0.111384 0.855055 1.939527 0.230682 9.766879 -0.594787 -0.134466 -0.496049 3.313559
1 inf -8.393904 -0.497098 -0.078730 -3.210791 -1.290791 3.404896 0.077222 1.783000 -0.082014 0.861116 1.958262 0.199005 9.789398 -0.605071 -0.158715 -0.471239 3.300943
1 inf -8.438346 -0.513678 -0.066342 -3.183747 -1.255448 3.408541 0.042315 1.758773 -0.101427 0.880936 1.943269 0.223053 9.796889 -0.613524 -0.142113 -0.482440 3.347115
1 inf -8.448144 -0.518360 -0.082469 -3.178886 -1.242468 3.403800 0.037601 1.733284 -0.080574 0.924461 1.912100 0.242078 9.817161 -0.623754 -0.136116 -0.468208 3.358609
1 inf -8.421271 -0.550395 -0.091790 -3.204504 -1.249542 3.396891 -0.000242 1.743736 -0.064790 0.913722 1.927895 0.238043 9.809883 -0.628610 -0.150832 -0.424054 3.384199
1 inf -8.413964 -0.532519 -0.073966 -3.186552 -1.261657 3.377744 -0.016416 1.709213 -0.084100 0.934614 1.940355 0.220612 9.794203 -0.583730 -0.155831 -0.423422 3.352401
1 inf -8.390403 -0.576090 -0.079349 -3.193121 -1.255154 3.376538 -0.005851 1.713846 -0.064234 0.928300 1.940700 0.216160 9.803524 -0.559205 -0.122360 -0.413475 3.353631
1 inf -8.392917 -0.543539 -0.089028 -3.189213 -1.264731 3.382892 -0.030318 1.702940 -0.048671 0.933037 1.938825 0.218588 9.769133 -0.546642 -0.098503 -0.412589 3.329205
1 inf -8.384667 -0.566606 -0.107260 -3.199290 -1.251197 3.382118 -0.025793 1.726308 -0.074600 0.938887 1.972580 0.192219 9.781449 -0.543443 -0.104806 -0.398311 3.334593
1 inf -8.405657 -0.607197 -0.122115 -3.173096 -1.275894 3.357090 -0.006647 1.772504 -0.096567 0.905828 1.978957 0.233642 9.768771 -0.541400 -0.088255 -0.401660 3.288787
1 inf -8.391126 -0.618890 -0.122783 -3.178868 -1.278816 3.334621 -0.026807 1.807270 -0.105381 0.906262 1.985045 0.210256 9.770451 -0.530269 -0.077716 -0.383753 3.304230
1 inf -8.376097 -0.651795 -0.126439 -3.148158 -1.275569 3.326229 -0.018885 1.803039 -0.102568 0.914721 1.959518 0.227505 9.797489 -0.503413 -0.115144 -0.368947 3.298948
1 inf -8.370785 -0.663425 -0.149491 -3.153968 -1.252090 3.323261 -0.050416 1.764393 -0.094996 0.877297 1.912481 0.230529 9.806942 -0.477642 -0.108457 -0.362015 3.284360
1 inf -8.337903 -0.664749 -0.152497 -3.149936 -1.249720 3.331132 -0.077620 1.776422 -0.092838 0.914609 1.923270 0.224127 9.848497 -0.481363 -0.077417 -0.335642 3.261755
1 inf -8.355390 -0.685585 -0.147369 -3.143800 -1.294119 3.326016 -0.083143 1.757557 -0.121869 0.926809 1.952908 0.233083 9.847447 -0.497532 -0.056685 -0.387487 3.242779
1 inf -8.378268 -0.649968 -0.148307 -3.132894 -1.275735 3.343517 -0.086862 1.797172 -0.129625 0.938300 1.961972 0.259188 9.852078 -0.505269 -0.062996 -0.416906 3.229776
1 inf -8.366499 -0.636716 -0.135003 -3.190619 -1.278849 3.326783 -0.055888 1.774273 -0.142313 0.916530 1.971926 0.232646 9.859893 -0.514902 -0.078194 -0.379831 3.232671
1 inf -8.354538 -0.628498 -0.124309 -3.199242 -1.274511 3.323501 -0.079809 1.805248 -0.128317 0.889978 1.976919 0.241797 9.850255 -0.542202 -0.120612 -0.345241 3.239110
1 inf -8.402472 -0.594610 -0.138331 -3.220418 -1.300147 3.341764 -0.075606 1.798678 -0.102007 0.887636 2.023292 0.203922 9.840199 -0.563623 -0.149434 -0.329991 3.247418
1 inf -8.409210 -0.595903 -0.137923 -3.222637 -1.277955 3.363808 -0.052288 1.805906 -0.080339 0.869645 2.006672 0.224621 9.844313 -0.591886 -0.130324 -0.305797 3.275123
1 inf -8.392216 -0.601286 -0.121154 -3.268028 -1.334653 3.365766 -0.025213 1.757259 -0.090674 0.880318 1.984698 0.239053 9.891185 -0.578164 -0.107802 -0.284053 3.278355
1 inf -8.383485 -0.608600 -0.090024 -3.248703 -1.311036 3.392590 -0.038711 1.764181 -0.104117 0.872905 1.979179 0.239968 9.882641 -0.569911 -0.082241 -0.262900 3.260400
1 inf -8.377786 -0.641081 -0.082947 -3.273257 -1.321022 3.384027 -0.053056 1.758202 -0.092305 0.856878 1.948058 0.229831 9.874443 -0.559336 -0.059532 -0.256627 3.258869
1 inf -8.361556 -0.615701 -0.063727 -3.295235 -1.314978 3.385262 -0.054231 1.748528 -0.075229 0.805939 1.947978 0.212877 9.868305 -0.551005 -0.059694 -0.261631 3.251802
1 inf -8.380558 -0.611180 -0.053396 -3.351194 -1.310229 3.382099 -0.050385 1.712094 -0.079884 0.773829 1.949446 0.245947 9.901723 -0.543304 -0.053043 -0.265556 3.235657
1 inf -8.367431 -0.604241 -0.045756 -3.363425 -1.339552 3.420688 -0.060923 1.695393 -0.057844 0.769884 1.958065 0.252444 9.915763 -0.514400 -0.038548 -0.276007 3.239568
1 inf -8.343855 -0.593078 -0.018063 -3.371664 -1.337728 3.449616 -0.054687 1.690339 -0.078311 0.763175 1.981855 0.251983 9.911601 -0.500643 -0.018104 -0.250250 3.206797
1 inf -8.315354 -0.593093 -0.029554 -3.377025 -1.339976 3.413338 -0.065261 1.704694 -0.084136 0.760079 1.959507 0.234345 9.904578 -0.518380 -0.016219 -0.244191 3.158333
1 inf -8.316082 -0.600477 -0.007541 -3.395736 -1.362269 3.398185 -0.081676 1.683128 -0.057538 0.721827 1.947348 0.245136 9.910783 -0.526138 -0.062282 -0.235862 3.145492
1 inf -8.321468 -0.601830 -0.019511 -3.394891 -1.363992 3.410894 -0.096494 1.733322 -0.040554 0.722133 1.976399 0.262975 9.895236 -0.536815 -0.068162 -0.260215 3.130929
1 inf -8.332486 -0.623874 0.005362 -3.405751 -1.346169 3.422897 -0.055691 1.731980 -0.031465 0.737517 1.941563 0.259724 9.851288 -0.503521 -0.069666 -0.255631 3.181110
1 inf -8.339087 -0.647436 -0.000654 -3.404982 -1.386363 3.426153 -0.087767 1.702735 -0.060415 0.736288 1.945143 0.277995 9.858619 -0.479110 -0.058793 -0.252344 3.185048
1 inf -8.326750 -0.668742 -0.030056 -3.435984 -1.403815 3.409977 -0.109649 1.722462 -0.055334 0.753827 1.973570 0.234519 9.870369 -0.449063 -0.066051 -0.236383 3.198286
1 inf -8.329926 -0.717034 0.010780 -3.416051 -1.397011 3.380948 -0.128340 1.692126 -0.052343 0.767022 1.975157 0.248684 9.873331 -0.419268 -0.042636 -0.244565 3.212559
1 inf -8.312167 -0.738640 0.007089 -3.432355 -1.404133 3.388946 -0.123561 1.705204 -0.019237 0.769875 1.991800 0.227981 9.921606 -0.450206 -0.006884 -0.253724 3.219022
1 inf -8.299259 -0.759772 0.003789 -3.434505 -1.426040 3.400940 -0.114707 1.687977 -0.007998 0.769749 1.973372 0.207565 9.923653 -0.415158 -0.015542 -0.261414 3.229887
1 inf -8.301863 -0.779804 0.026444 -3.458235 -1.422361 3.395722 -0.104907 1.701515 -0.031650 0.789295 1.943845 0.227866 9.931608 -0.419777 -0.030382 -0.258028 3.214577
1 inf -8.314395 -0.777060 0.027916 -3.474970 -1.456544 3.371211 -0.083327 1.734486 -0.050137 0.784148 1.964705 0.219851 9.943736 -0.437496 -0.025845 -0.270264 3.197100
1 inf -8.296126 -0.797187 -0.018319 -3.490504 -1.449762 3.389049 -0.083506 1.709589 -0.067185 0.789893 1.959843 0.231801 9.968548 -0.440986 -0.020061 -0.286329 3.170057
1 inf -8.264507 -0.802414 0.001559 -3.516605 -1.467554 3.384193 -0.080363 1.694704 -0.088392 0.806278 1.927087 0.221170 9.956292 -0.401991 -0.001317 -0.239752 3.154882
1 inf -8.267296 -0.781950 -0.033151 -3.557397 -1.494498 3.398912 -0.103921 1.677891 -0.110481 0.816008 1.938073 0.216602 9.976243 -0.428232 -0.034651 -0.244170 3.218525
1 inf -8.285747 -0.780428 -0.013813 -3.523708 -1.518138 3.386459 -0.128934 1.701615 -0.104274 0.824162 1.957792 0.178847 9.987325 -0.470884 -0.048906 -0.264071 3.214338
1 inf -8.254825 -0.805345 -0.011147 -3.531390 -1.443442 3.401729 -0.173138 1.693145 -0.073925 0.827649 1.971539 0.182156 10.002531 -0.484861 -0.094001 -0.271065 3.225865
1 inf -8.250865 -0.823273 0.011958 -3.545453 -1.426230 3.373687 -0.215939 1.677736 -0.053854 0.813105 1.923646 0.181088 10.029378 -0.489264 -0.093304 -0.271958 3.220416
1 inf -8.255309 -0.818419 0.028618 -3.552978 -1.412592 3.338236 -0.202405 1.696791 -0.051043 0.792169 1.922736 0.146104 10.050816 -0.478901 -0.101926 -0.299343 3.238592
1 inf -8.226111 -0.825811 0.024956 -3.553620 -1.417192 3.343907 -0.218294 1.697647 -0.065613 0.801136 1.906519 0.098134 10.027521 -0.501892 -0.108527 -0.271659 3.209020
1 inf -8.219777 -0.844942 -0.004584 -3.542498 -1.436689 3.330327 -0.228570 1.680976 -0.071743 0.804146 1.911346 0.124495 10.007262 -0.554580 -0.159228 -0.228564 3.200469
1 inf -8.222227 -0.871394 -0.014252 -3.565749 -1.438468 3.312890 -0.227684 1.684008 -0.062400 0.781596 1.917755 0.126715 9.960757 -0.574711 -0.137848 -0.240908 3.236833
1 inf -8.224877 -0.853622 0.008310 -3.544526 -1.448056 3.310280 -0.216804 1.683299 -0.067879 0.824003 1.914635 0.118388 9.948884 -0.562683 -0.103859 -0.186572 3.223574
1 inf -8.211733 -0.872765 -0.001378 -3.551219 -1.463845 3.347285 -0.192384 1.663422 -0.103550 0.827815 1.874682 0.127723 9.919815 -0.597968 -0.086070 -0.174557 3.221488
1 inf -8.196152 -0.888148 -0.008790 -3.532275 -1.480721 3.368277 -0.173262 1.638757 -0.132943 0.844063 1.857426 0.122057 9.957841 -0.581560 -0.046340 -0.164804 3.188324
1 inf -8.238412 -0.910277 -0.056283 -3.554194 -1.454237 3.389039 -0.191940 1.609275 -0.124515 0.815941 1.858713 0.135346 9.966406 -0.591285 -0.053782 -0.155238 3.179633
1 inf -8.241809 -0.932089 -0.088126 -3.569042 -1.461464 3.413453 -0.200396 1.610743 -0.112959 0.801562 1.820800 0.186593 9.968106 -0.571843 -0.051528 -0.198227 3.167694
1 inf -8.197157 -0.945239 -0.100813 -3.527048 -1.469229 3.412099 -0.180995 1.608492 -0.091729 0.785592 1.825167 0.167313 9.985097 -0.625355 -0.053822 -0.223911 3.187201
1 inf -8.225277 -0.948450 -0.103009 -3.523404 -1.499488 3.402840 -0.174233 1.630216 -0.088159 0.788672 1.815554 0.142384 9.998484 -0.636975 -0.065374 -0.174183 3.169618
1 inf -8.216611 -0.959261 -0.093301 -3.521839 -1.506396 3.372277 -0.132059 1.642870 -0.091124 0.766368 1.831738 0.192503 9.974986 -0.643701 -0.026874 -0.187867 3.188651
1 inf -8.188751 -0.957753 -0.083617 -3.494853 -1.514582 3.398670 -0.150079 1.609562 -0.075913 0.734412 1.806526 0.172923 9.977654 -0.671249 -0.026653 -0.201820 3.187629
1 inf -8.188538 -0.994408 -0.029147 -3.480704 -1.529046 3.412361 -0.160679 1.629656 -0.094962 0.720996 1.789443 0.158002 9.974621 -0.655602 -0.039206 -0.199736 3.178738
1 inf -8.187903 -0.972010 -0.011257 -3.461680 -1.491849 3.417733 -0.151275 1.626596 -0.136581 0.705519 1.803009 0.165735 9.961980 -0.661929 -0.020548 -0.222490 3.181174
1 inf -8.207706 -0.940635 0.019009 -3.444548 -1.496445 3.455084 -0.153151 1.631170 -0.171160 0.716475 1.790977 0.158728 9.955772 -0.629443 -0.025258 -0.222867 3.193710
1 inf -8.206173 -0.895105 0.009742 -3.452260 -1.548860 3.446176 -0.156648 1.613305 -0.174143 0.698681 1.784106 0.143965 9.957160 -0.601177 -0.032948 -0.223789 3.199092
1 inf -8.200599 -0.945815 0.043587 -3.444888 -1.547877 3.446763 -0.174329 1.583227 -0.156961 0.703608 1.769306 0.144087 9.970392 -0.581648 -0.032063 -0.173171 3.203735
1 inf -8.197675 -0.970214 0.029172 -3.465819 -1.557125 3.438706 -0.142604 1.557636 -0.103228 0.714699 1.710300 0.135475 9.959146 -0.595970 -0.019766 -0.185206 3.202234
1 inf -8.136528 -0.938959 0.034906 -3.474010 -1.537941 3.424435 -0.159898 1.572111 -0.124809 0.686477 1.702056 0.087160 9.976744 -0.604144 -0.022919 -0.172268 3.221439
1 inf -8.118576 -0.895249 0.043483 -3.476149 -1.526523 3.417975 -0.143544 1.600664 -0.105788 0.681258 1.710972 0.073179 9.961115 -0.617100 -0.004841 -0.156907 3.199835
1 inf -8.136322 -0.886263 -0.004222 -3.479193 -1.505896 3.450394 -0.151418 1.581303 -0.127941 0.688697 1.737202 0.092078 9.980202 -0.622350 -0.000786 -0.177882 3.224285
1 inf -8.132701 -0.844409 -0.009360 -3.520360 -1.524105 3.464417 -0.149490 1.587800 -0.138806 0.698708 1.749755 0.093678 9.999423 -0.604421 -0.009528 -0.131338 3.247576
1 inf -8.133950 -0.807387 -0.009891 -3.539054 -1.517478 3.458278 -0.115971 1.574949 -0.128611 0.682906 1.732798 0.134399 9.948856 -0.576341 -0.006100 -0.142997 3.238341
1 inf -8.138524 -0.835967 -0.029487 -3.543393 -1.512685 3.425694 -0.123137 1.551133 -0.121728 0.699618 1.748322 0.120987 9.926904 -0.585249 -0.031696 -0.142963 3.290512
1 inf -8.130645 -0.839599 -0.010104 -3.563867 -1.531859 3.475257 -0.141396 1.559958 -0.077580 0.685486 1.706432 0.128988 9.929665 -0.592537 -0.043452 -0.120382 3.311242
1 inf -8.142127 -0.833089 -0.028089 -3.574264 -1.521477 3.475604 -0.132176 1.555010 -0.087117 0.669859 1.738680 0.139238 9.905937 -0.568134 -0.063719 -0.069325 3.295322
1 inf -8.136501 -0.842096 -0.051518 -3.593080 -1.519429 3.416294 -0.133517 1.544822 -0.074950 0.669347 1.782696 0.136159 9.901373 -0.548954 -0.032712 -0.064461 3.260405
1 inf -8.102304 -0.840324 -0.082435 -3.582341 -1.508038 3.419927 -0.165595 1.563144 -0.067933 0.620899 1.797028 0.133463 9.896877 -0.553760 -0.055586 -0.058055 3.298881
1 inf -8.107913 -0.810171 -0.109468 -3.575011 -1.524709 3.389407 -0.167024 1.550076 -0.038668 0.603375 1.810961 0.138558 9.896675 -0.543169 -0.050889 -0.067821 3.309051
1 inf -8.134325 -0.815032 -0.103709 -3.584549 -1.543540 3.375349 -0.152531 1.541332 -0.053197 0.631963 1.819290 0.123886 9.876934 -0.541146 -0.009684 -0.035066 3.291381
1 inf -8.170386 -0.835762 -0.088791 -3.604559 -1.516019 3.383357 -0.172185 1.565585 -0.065968 0.614845 1.791570 0.140444 9.897069 -0.567440 -0.032212 -0.040594 3.285459
1 inf -8.148100 -0.785334 -0.061569 -3.618398 -1.523140 3.384199 -0.152330 1.549342 -0.073856 0.624318 1.807905 0.151751 9.895332 -0.545889 -0.019566 -0.048272 3.275406
1 inf -8.113257 -0.797624 -0.043943 -3.595623 -1.504907 3.380270 -0.141528 1.574913 -0.069919 0.590893 1.807613 0.152257 9.912098 -0.510102 -0.040934 -0.019542 3.277149
1 inf -8.086059 -0.783574 -0.050401 -3.597448 -1.466911 3.383838 -0.159977 1.563385 -0.082865 0.597284 1.819050 0.148449 9.894618 -0.528372 -0.027580 -0.031413 3.293481
1 inf -8.099024 -0.756808 -0.060275 -3.584590 -1.451733 3.367907 -0.131682 1.573998 -0.043901 0.592936 1.818957 0.135320 9.896180 -0.511564 -0.001266 -0.014490 3.341774
1 inf -8.105268 -0.754893 -0.032172 -3.594723 -1.481425 3.348161 -0.129709 1.565096 -0.040866 0.582752 1.828753 0.194130 9.908005 -0.529654 -0.019476 -0.009372 3.343419
1 inf -8.072970 -0.772644 -0.043880 -3.582325 -1.462253 3.339428 -0.134247 1.599243 -0.049998 0.573502 1.798008 0.205465 9.911005 -0.522947 -0.022455 -0.019978 3.366856
1 inf -8.099918 -0.768643 -0.029205 -3.570159 -1.464044 3.319467 -0.161891 1.569936 -0.082974 0.584360 1.791173 0.189515 9.927542 -0.531879 -0.020048 -0.012777 3.404636
1 inf -8.075580 -0.800298 -0.017991 -3.589433 -1.454519 3.322097 -0.161553 1.562662 -0.099384 0.575134 1.758235 0.222298 9.897676 -0.546395 -0.016223 -0.005515 3.387270
1 inf -8.074668 -0.792685 -0.048802 -3.590153 -1.449126 3.337177 -0.134538 1.599769 -0.081770 0.600591 1.767886 0.242720 9.886780 -0.552217 -0.013038 0.025398 3.382220
1 inf -8.086017 -0.758196 -0.062416 -3.617935 -1.418495 3.321245 -0.114717 1.593574 -0.080256 0.608995 1.732997 0.233511 9.905558 -0.545970 -0.030442 -0.008276 3.343646
