1 inf -8.321474 -0.392062 -0.657054 -2.962337 -1.984903 2.681450 0.025556 2.748357 0.420393 0.958201 2.681816 0.387355 10.276553 -0.454662 -0.549458 -0.675349 3.615277
1 inf -8.317979 -0.423238 -0.653291 -2.970392 -1.940515 2.673589 0.028410 2.763904 0.415175 0.952733 2.712613 0.383169 10.273220 -0.435105 -0.571274 -0.702973 3.585370
1 inf -8.301772 -0.410798 -0.696895 -3.017347 -1.985775 2.692257 0.047205 2.718061 0.387827 0.968632 2.713348 0.404479 10.291738 -0.447338 -0.587566 -0.706996 3.589872
1 inf -8.303097 -0.389157 -0.707862 -3.020179 -1.965116 2.689552 0.048967 2.727592 0.357157 0.987914 2.714872 0.420036 10.323697 -0.453235 -0.549711 -0.712847 3.566673
1 inf -8.264498 -0.349679 -0.674140 -3.047557 -1.938475 2.675601 0.013752 2.716576 0.355709 0.995593 2.714763 0.453919 10.337036 -0.453917 -0.498050 -0.700783 3.549072
1 inf -8.221770 -0.334838 -0.676709 -3.056144 -1.949004 2.584397 -0.003700 2.707752 0.341359 0.973922 2.712290 0.450650 10.338613 -0.471401 -0.537528 -0.706439 3.529764
1 inf -8.205281 -0.387888 -0.713505 -3.080792 -1.942590 2.570432 -0.021675 2.696594 0.366542 0.991603 2.693028 0.435291 10.380538 -0.452978 -0.517514 -0.681236 3.533295
1 inf -8.196907 -0.353001 -0.724200 -3.142229 -1.916034 2.575352 0.038269 2.660156 0.391247 0.998996 2.705606 0.427383 10.377997 -0.455591 -0.514077 -0.704715 3.526279
1 inf -8.228928 -0.376521 -0.723278 -3.160275 -1.894772 2.598689 0.009853 2.632692 0.428710 0.990272 2.692615 0.450106 10.378600 -0.486604 -0.477258 -0.705202 3.501176
1 inf -8.237985 -0.371180 -0.691802 -3.173471 -1.866518 2.562513 0.014588 2.658450 0.440834 0.978339 2.664518 0.519745 10.370455 -0.542281 -0.510348 -0.734798 3.534110
1 inf -8.271896 -0.416288 -0.731485 -3.144236 -1.887408 2.575504 0.035585 2.631329 0.433820 0.978056 2.659781 0.534708 10.328931 -0.563310 -0.495082 -0.778420 3.498272
1 inf -8.245576 -0.452689 -0.728439 -3.144164 -1.892829 2.590959 0.018910 2.637187 0.418424 0.969896 2.638030 0.571831 10.318664 -0.528851 -0.495328 -0.738520 3.510596
1 inf -8.228023 -0.450920 -0.721741 -3.148112 -1.879491 2.578009 -0.004400 2.635646 0.420004 0.982950 2.649011 0.569253 10.285461 -0.548843 -0.442502 -0.743185 3.478216
1 inf -8.208287 -0.422719 -0.731903 -3.148386 -1.881049 2.565926 -0.016419 2.642427 0.422151 0.999611 2.644507 0.586447 10.256855 -0.557106 -0.439070 -0.750445 3.510204
1 inf -8.249369 -0.415999 -0.749211 -3.187667 -1.858287 2.591011 -0.015148 2.634976 0.413403 0.989536 2.664940 0.564239 10.313771 -0.552559 -0.463621 -0.710195 3.518085
1 inf -8.245668 -0.411115 -0.739018 -3.177386 -1.855149 2.587457 -0.014536 2.647972 0.398442 0.950571 2.674212 0.564859 10.326305 -0.524890 -0.476907 -0.687659 3.500300
1 inf -8.212722 -0.391639 -0.760120 -3.205980 -1.865061 2.609697 -0.023065 2.708434 0.401636 0.943113 2.719779 0.572506 10.337295 -0.512876 -0.454730 -0.703559 3.517403
1 inf -8.194688 -0.432580 -0.782291 -3.163866 -1.900941 2.639325 -0.030408 2.719124 0.416456 0.946152 2.730122 0.555496 10.311122 -0.488029 -0.418376 -0.681557 3.487640
1 inf -8.201453 -0.429303 -0.811147 -3.141557 -1.928304 2.663629 -0.038171 2.730088 0.448489 0.941711 2.718340 0.544539 10.296550 -0.454147 -0.390600 -0.698573 3.462107
1 inf -8.216775 -0.427319 -0.753961 -3.115137 -1.960615 2.681428 -0.041913 2.728190 0.442632 0.909117 2.726476 0.551580 10.279901 -0.453141 -0.407071 -0.721742 3.470223
1 inf -8.234302 -0.407176 -0.766765 -3.148947 -1.992885 2.656531 -0.037664 2.719589 0.445355 0.905501 2.712374 0.585458 10.240696 -0.402529 -0.410613 -0.737672 3.464360
1 inf -8.223638 -0.439335 -0.802141 -3.127803 -1.982608 2.631628 -0.003636 2.721039 0.468775 0.930404 2.741270 0.550707 10.226764 -0.404933 -0.412810 -0.726930 3.424319
1 inf -8.220566 -0.391878 -0.832345 -3.141625 -1.967815 2.608341 0.029835 2.714106 0.453176 0.913561 2.751826 0.540298 10.226826 -0.406711 -0.415369 -0.719301 3.438550
1 inf -8.197711 -0.403766 -0.817771 -3.106929 -1.971855 2.621913 0.039107 2.695593 0.464380 0.937165 2.719510 0.546285 10.199668 -0.468964 -0.427645 -0.762928 3.470985
1 inf -8.209864 -0.442432 -0.814406 -3.088365 -1.920589 2.617796 0.046125 2.702992 0.468246 0.961238 2.726179 0.554532 10.159416 -0.468415 -0.419300 -0.736050 3.484943
1 inf -8.236039 -0.492376 -0.859718 -3.094008 -1.885075 2.626977 0.065777 2.705773 0.451372 0.967939 2.726165 0.565690 10.201026 -0.470942 -0.463012 -0.694379 3.504729
1 inf -8.247512 -0.483977 -0.879913 -3.086235 -1.905838 2.662585 0.068794 2.671746 0.479429 0.979168 2.772661 0.538500 10.209150 -0.459500 -0.458715 -0.648052 3.476742
1 inf -8.208008 -0.486287 -0.856278 -3.070619 -1.926262 2.673635 0.066994 2.700355 0.475373 0.978165 2.746012 0.550751 10.206010 -0.441442 -0.457020 -0.619534 3.492808
1 inf -8.195397 -0.478183 -0.844710 -3.081419 -1.929048 2.619813 0.046120 2.705906 0.486309 0.998294 2.814362 0.554796 10.210467 -0.455998 -0.456639 -0.607265 3.495739
1 inf -8.237123 -0.509218 -0.852234 -3.100607 -1.953931 2.645639 0.035005 2.713380 0.496000 0.999070 2.806488 0.521328 10.191612 -0.444389 -0.428892 -0.621140 3.485250
1 inf -8.199655 -0.486318 -0.846873 -3.103358 -1.957803 2.669715 0.068959 2.738988 0.483799 0.972368 2.829653 0.538024 10.211562 -0.447973 -0.428640 -0.657888 3.485014
1 inf -8.178081 -0.533081 -0.886665 -3.096077 -1.941965 2.658852 0.096511 2.741507 0.518276 0.965479 2.862120 0.535411 10.193128 -0.441300 -0.421977 -0.698260 3.504266
1 inf -8.166072 -0.541693 -0.872642 -3.054954 -1.955802 2.614693 0.095254 2.765104 0.526513 0.956690 2.906570 0.491100 10.169488 -0.443283 -0.394809 -0.668899 3.547132
1 inf -8.183111 -0.544779 -0.851190 -3.026675 -1.951963 2.588629 0.124545 2.731717 0.517780 0.951784 2.926007 0.477518 10.178801 -0.464534 -0.449944 -0.656731 3.501328
1 inf -8.207384 -0.533950 -0.834588 -3.050708 -1.992890 2.587749 0.177651 2.712693 0.545761 0.947092 2.892897 0.480664 10.219547 -0.468275 -0.422118 -0.684863 3.472913
1 inf -8.210957 -0.526140 -0.887376 -3.034644 -1.984758 2.592731 0.219305 2.686398 0.538818 0.938113 2.927752 0.462329 10.192140 -0.460250 -0.409690 -0.696811 3.451245
1 inf -8.185224 -0.552496 -0.911882 -3.067765 -1.984398 2.578078 0.221940 2.671079 0.481468 0.948925 2.971042 0.475502 10.185971 -0.423981 -0.437723 -0.713661 3.476243
1 inf -8.196578 -0.588440 -0.921004 -3.077262 -1.979870 2.618110 0.253561 2.677167 0.472080 0.946912 2.929751 0.473406 10.169777 -0.425877 -0.415567 -0.693101 3.471369
1 inf -8.175079 -0.611659 -0.882008 -3.110546 -1.971979 2.611991 0.257388 2.695270 0.488511 0.962998 2.903046 0.470863 10.162730 -0.451607 -0.439713 -0.671253 3.397581
1 inf -8.145771 -0.571662 -0.886832 -3.106931 -1.970530 2.616930 0.268351 2.706470 0.539018 0.958561 2.929860 0.488341 10.153443 -0.411693 -0.458655 -0.699440 3.438129
1 inf -8.183129 -0.595899 -0.883261 -3.088348 -1.943130 2.588696 0.232171 2.739759 0.534434 0.936745 2.930141 0.479945 10.212197 -0.392060 -0.472829 -0.677105 3.437290
1 inf -8.213078 -0.594784 -0.918390 -3.072457 -1.934292 2.634771 0.189427 2.725066 0.507950 0.933685 2.939580 0.486512 10.218255 -0.340698 -0.479653 -0.715235 3.416466
1 inf -8.198688 -0.590685 -0.916374 -3.107157 -1.908147 2.627536 0.226023 2.724359 0.468676 0.932897 2.947733 0.509690 10.180193 -0.315726 -0.542748 -0.717817 3.437060
1 inf -8.167065 -0.582332 -0.934063 -3.115359 -1.907581 2.646135 0.214279 2.723368 0.473781 0.891108 2.957757 0.498799 10.166455 -0.306857 -0.564718 -0.715590 3.448311
1 inf -8.151403 -0.538868 -0.927160 -3.126890 -1.912019 2.688367 0.230243 2.691297 0.491745 0.892586 2.969983 0.505333 10.208940 -0.281982 -0.597178 -0.712113 3.493059
1 inf -8.152779 -0.551815 -0.907724 -3.121049 -1.922257 2.704981 0.248397 2.677872 0.485959 0.894179 2.978430 0.529934 10.190305 -0.290778 -0.626131 -0.704543 3.463702
1 inf -8.162442 -0.565299 -0.860920 -3.164459 -1.931649 2.681608 0.250171 2.655470 0.475024 0.883678 2.965164 0.509869 10.203413 -0.321138 -0.586103 -0.703597 3.489664
1 inf -8.156930 -0.519621 -0.859346 -3.125221 -1.936440 2.682567 0.255330 2.695866 0.475601 0.916783 2.949644 0.510961 10.222765 -0.347383 -0.574870 -0.718422 3.505858
1 inf -8.184211 -0.509122 -0.858163 -3.174973 -1.945768 2.655485 0.259908 2.702470 0.444788 0.891647 2.969650 0.527214 10.231852 -0.360248 -0.583078 -0.741557 3.503899
1 inf -8.175965 -0.513876 -0.848267 -3.165250 -1.939502 2.632426 0.291931 2.700201 0.442466 0.891768 2.936781 0.516608 10.252668 -0.359588 -0.584744 -0.720395 3.469061
1 inf -8.156148 -0.537485 -0.854405 -3.158615 -1.922667 2.625080 0.287377 2.729424 0.448672 0.890429 2.915930 0.493439 10.238182 -0.366583 -0.546229 -0.724791 3.450600
1 inf -8.181450 -0.537052 -0.841430 -3.151454 -1.922896 2.643551 0.287183 2.730803 0.467388 0.923518 2.900139 0.530331 10.274927 -0.354581 -0.563608 -0.740312 3.456290
1 inf -8.143938 -0.558719 -0.832601 -3.141988 -1.955042 2.637898 0.270952 2.752150 0.494516 0.885373 2.881688 0.512639 10.270826 -0.357610 -0.532969 -0.751959 3.470040
1 inf -8.191730 -0.552115 -0.855595 -3.192408 -1.948714 2.627360 0.302244 2.770883 0.524558 0.879333 2.876401 0.519984 10.260898 -0.363658 -0.502890 -0.736812 3.503643
1 inf -8.200928 -0.578214 -0.837549 -3.189556 -1.908377 2.607380 0.328170 2.739982 0.542827 0.871615 2.882678 0.548957 10.268917 -0.383801 -0.562123 -0.715083 3.534260
1 inf -8.180373 -0.577665 -0.832726 -3.161633 -1.921652 2.568775 0.321397 2.692095 0.558916 0.837651 2.897867 0.552245 10.259933 -0.364517 -0.573016 -0.702968 3.516378
1 inf -8.192949 -0.584105 -0.817707 -3.157104 -1.903366 2.546002 0.329882 2.724571 0.537188 0.846780 2.909047 0.561478 10.226760 -0.383296 -0.614562 -0.715717 3.545511
1 inf -8.192320 -0.594080 -0.816107 -3.134874 -1.892311 2.527427 0.325078 2.738130 0.567409 0.810211 2.918353 0.571721 10.222519 -0.371963 -0.594121 -0.705698 3.522906
1 inf -8.205544 -0.616202 -0.816690 -3.151609 -1.895060 2.566262 0.314775 2.733679 0.593645 0.808181 2.924068 0.535713 10.217567 -0.381943 -0.627617 -0.679522 3.550703
1 inf -8.218574 -0.632523 -0.800006 -3.106945 -1.874432 2.561522 0.293185 2.736743 0.572598 0.828043 2.907920 0.531776 10.253254 -0.366574 -0.684463 -0.648104 3.553536
1 inf -8.210564 -0.623763 -0.806525 -3.125526 -1.928352 2.581757 0.282223 2.720026 0.559394 0.831401 2.903274 0.554584 10.251022 -0.388779 -0.679831 -0.625359 3.553036
1 inf -8.229892 -0.620246 -0.827427 -3.098651 -1.966882 2.597589 0.323225 2.702646 0.560843 0.840359 2.916414 0.574305 10.219661 -0.387938 -0.697033 -0.633322 3.536415
1 inf -8.210778 -0.611369 -0.873268 -3.073364 -1.975312 2.612698 0.289260 2.687972 0.567064 0.870410 2.938357 0.590207 10.239050 -0.365481 -0.682681 -0.640509 3.556906
1 inf -8.197310 -0.641847 -0.890727 -3.048425 -1.974614 2.618130 0.262853 2.713406 0.529764 0.843130 2.908811 0.539369 10.196704 -0.330407 -0.691816 -0.632563 3.535549
1 inf -8.185301 -0.650459 -0.876704 -3.007302 -1.988451 2.573971 0.261596 2.737003 0.538001 0.834341 2.953261 0.495058 10.173064 -0.332390 -0.664648 -0.603202 3.578415
1 inf -8.172370 -0.642601 -0.887504 -3.032970 -1.949954 2.570000 0.230225 2.741150 0.552304 0.864889 2.939534 0.527996 10.148201 -0.328884 -0.680202 -0.600861 3.575248
1 inf -8.185824 -0.633393 -0.898260 -3.021201 -1.968259 2.571840 0.221897 2.724116 0.539669 0.855954 2.899676 0.564172 10.138777 -0.322752 -0.632475 -0.592084 3.591510
1 inf -8.211856 -0.638448 -0.873032 -3.023778 -1.964766 2.579482 0.236879 2.708843 0.571147 0.878857 2.929537 0.581468 10.159737 -0.353637 -0.653331 -0.592530 3.570474
1 inf -8.231444 -0.655478 -0.863907 -3.026617 -1.968418 2.602363 0.256070 2.730210 0.556933 0.869820 2.918284 0.586929 10.180779 -0.355315 -0.647120 -0.632282 3.565631
1 inf -8.252058 -0.667890 -0.878699 -2.994363 -1.978270 2.610250 0.240277 2.720327 0.567341 0.875501 2.910117 0.608476 10.164584 -0.385558 -0.668287 -0.601126 3.554728
1 inf -8.241277 -0.646589 -0.926403 -3.017036 -1.989421 2.577793 0.196778 2.742862 0.543983 0.845479 2.917636 0.633454 10.149385 -0.378942 -0.683153 -0.576566 3.557157
1 inf -8.284740 -0.641103 -0.926521 -3.015985 -1.999896 2.594829 0.198797 2.777273 0.515902 0.864154 2.924482 0.629797 10.144562 -0.352041 -0.650801 -0.566569 3.557537
1 inf -8.321574 -0.638633 -0.927948 -2.984438 -1.988136 2.564240 0.175717 2.786187 0.522991 0.860462 2.971270 0.615498 10.145705 -0.317356 -0.671660 -0.614397 3.540886
1 inf -8.339654 -0.664053 -0.932483 -2.987833 -1.956230 2.588408 0.191497 2.761105 0.570529 0.893094 2.944409 0.591223 10.163471 -0.317758 -0.689088 -0.621206 3.551167
1 inf -8.371378 -0.635978 -0.931323 -3.022188 -1.952346 2.572683 0.177844 2.799968 0.557147 0.893519 2.953638 0.575641 10.164631 -0.321080 -0.706630 -0.641345 3.571216
1 inf -8.363930 -0.646875 -0.974099 -3.030514 -1.945173 2.575757 0.156441 2.810227 0.580003 0.880629 2.946220 0.587526 10.186321 -0.334781 -0.680411 -0.613296 3.593476
1 inf -8.351185 -0.643396 -0.976011 -3.026334 -1.966787 2.539897 0.169531 2.801615 0.554739 0.841258 2.964888 0.600460 10.168894 -0.304672 -0.686758 -0.608356 3.595551
1 inf -8.361807 -0.641285 -0.972069 -3.038803 -1.987480 2.502343 0.188850 2.791010 0.551893 0.823679 2.982824 0.582701 10.157905 -0.328052 -0.698664 -0.564347 3.600035
1 inf -8.377051 -0.650047 -0.992265 -3.033861 -1.984963 2.505879 0.220816 2.764168 0.537332 0.846167 2.962126 0.589703 10.160539 -0.358901 -0.652567 -0.544875 3.605658
1 inf -8.367027 -0.673941 -0.957823 -3.051794 -1.996547 2.486296 0.227566 2.771868 0.546707 0.847836 2.962573 0.582308 10.152942 -0.348085 -0.656267 -0.566495 3.605820
1 inf -8.348360 -0.663480 -0.933431 -3.034060 -1.985755 2.489244 0.207592 2.782450 0.542713 0.843801 2.988208 0.577575 10.176971 -0.333155 -0.656008 -0.563441 3.628407
1 inf -8.309496 -0.669801 -0.920391 -3.020313 -1.958912 2.495230 0.191063 2.754076 0.559636 0.860594 2.987174 0.622850 10.170063 -0.338448 -0.658361 -0.556239 3.600574
1 inf -8.332594 -0.675508 -0.942471 -2.981023 -1.939760 2.504131 0.177274 2.751713 0.557685 0.905457 2.993335 0.643261 10.186744 -0.372280 -0.674376 -0.571949 3.596852
1 inf -8.336534 -0.644412 -0.967985 -2.963639 -1.936593 2.504131 0.171559 2.728208 0.604239 0.889746 2.990828 0.661985 10.213788 -0.348465 -0.653861 -0.588814 3.581284
1 inf -8.344914 -0.632821 -0.992544 -3.001125 -1.930446 2.490013 0.176409 2.763517 0.593932 0.896427 2.978911 0.682755 10.188569 -0.367959 -0.605255 -0.591606 3.613547
1 inf -8.349494 -0.616105 -0.992229 -3.003294 -1.899926 2.456092 0.175283 2.767048 0.596630 0.883961 2.971018 0.652594 10.165033 -0.358195 -0.605290 -0.616024 3.630677
1 inf -8.348542 -0.621493 -0.992236 -2.996141 -1.886839 2.472549 0.159914 2.747885 0.578966 0.872976 2.987881 0.648194 10.150603 -0.356584 -0.656105 -0.643472 3.641563
1 inf -8.389412 -0.607416 -0.991740 -2.952604 -1.884317 2.457118 0.176014 2.762955 0.572112 0.912938 2.968447 0.637521 10.139826 -0.344331 -0.642406 -0.630911 3.626385
1 inf -8.373191 -0.644023 -0.991563 -2.972488 -1.813953 2.464964 0.186656 2.756087 0.571580 0.897262 2.957930 0.639285 10.137225 -0.331871 -0.641015 -0.652369 3.591397
1 inf -8.370912 -0.670122 -0.978184 -2.951744 -1.829031 2.447226 0.192875 2.742293 0.557020 0.929998 2.980741 0.638550 10.125962 -0.300550 -0.658602 -0.652104 3.566273
1 inf -8.383625 -0.695602 -0.959082 -2.948915 -1.867286 2.508662 0.209303 2.731923 0.597584 0.897636 2.983749 0.600948 10.136748 -0.312156 -0.641829 -0.660750 3.634914
1 inf -8.385719 -0.750064 -0.930828 -2.936775 -1.884046 2.519294 0.231457 2.733567 0.614263 0.886627 2.991282 0.571071 10.147388 -0.312722 -0.634793 -0.700031 3.599086
1 inf -8.398629 -0.760357 -0.927235 -2.944280 -1.896347 2.515596 0.217316 2.752789 0.668516 0.866435 2.998307 0.556658 10.142444 -0.317926 -0.620160 -0.700228 3.598136
1 inf -8.379151 -0.781459 -0.945720 -2.953831 -1.916265 2.491717 0.224562 2.775205 0.640460 0.849977 2.951410 0.552497 10.158481 -0.336152 -0.597722 -0.666100 3.609167
1 inf -8.388807 -0.749691 -0.948271 -2.974181 -1.940769 2.515812 0.209367 2.767401 0.690347 0.852428 2.951531 0.518001 10.131369 -0.348217 -0.586906 -0.675185 3.635393
1 inf -8.376798 -0.758303 -0.934248 -2.933058 -1.954606 2.471653 0.208110 2.790998 0.698584 0.843639 2.995981 0.473690 10.107729 -0.350200 -0.559738 -0.645824 3.678259
1 inf -8.360237 -0.768754 -0.913484 -2.937104 -1.958177 2.460990 0.233203 2.792623 0.696822 0.836155 2.972136 0.463887 10.082613 -0.351434 -0.575677 -0.640795 3.718909
1 inf -8.359533 -0.760684 -0.900321 -2.978920 -1.937385 2.482097 0.265927 2.780602 0.667201 0.809323 2.942843 0.414461 10.081972 -0.353148 -0.583407 -0.640149 3.715632
1 inf -8.334761 -0.773107 -0.891287 -2.977092 -1.944470 2.452639 0.282816 2.773389 0.687369 0.784467 2.994799 0.377134 10.096191 -0.340761 -0.593313 -0.611604 3.700134
1 inf -8.345676 -0.777069 -0.934136 -2.990029 -1.940909 2.421108 0.312043 2.773804 0.674977 0.728411 2.988068 0.371420 10.101738 -0.353737 -0.618085 -0.633724 3.732934
1 inf -8.309708 -0.775735 -0.928961 -2.980670 -1.952829 2.430292 0.299936 2.746758 0.674943 0.730626 2.986534 0.352885 10.125253 -0.346096 -0.621923 -0.612328 3.757307
1 inf -8.321784 -0.813804 -0.918672 -2.953923 -1.986615 2.416527 0.325578 2.733699 0.692265 0.738790 2.997798 0.366581 10.084316 -0.353022 -0.616473 -0.638317 3.799470
1 inf -8.311769 -0.815058 -0.942932 -2.941194 -1.996336 2.435320 0.361396 2.713746 0.696690 0.714460 2.987921 0.369254 10.101631 -0.347673 -0.619824 -0.644931 3.825611
1 inf -8.310814 -0.774419 -0.927596 -2.947561 -1.953192 2.473411 0.317299 2.716492 0.696367 0.720100 2.990378 0.377214 10.114709 -0.333861 -0.615844 -0.614039 3.806504
1 inf -8.332495 -0.745151 -0.938213 -2.963574 -1.935467 2.454402 0.332252 2.703648 0.692170 0.735158 2.989789 0.414462 10.134511 -0.319743 -0.645572 -0.607043 3.803706
1 inf -8.317983 -0.752504 -0.989726 -2.966278 -1.989029 2.460803 0.352992 2.694274 0.681275 0.743662 2.992225 0.442589 10.117414 -0.309780 -0.651421 -0.622421 3.782267
1 inf -8.344700 -0.787532 -0.971309 -2.959498 -1.965308 2.441746 0.346030 2.678767 0.657787 0.720237 2.975620 0.433438 10.115866 -0.322549 -0.663156 -0.619156 3.734236
1 inf -8.344450 -0.780323 -0.969227 -2.940881 -1.954421 2.474120 0.343291 2.695410 0.674503 0.727008 2.962885 0.457362 10.154892 -0.347714 -0.655839 -0.584966 3.732491
1 inf -8.324539 -0.788057 -0.957685 -2.948325 -1.974379 2.485647 0.364087 2.731931 0.629319 0.716939 2.965685 0.467093 10.184541 -0.330157 -0.632763 -0.576669 3.677449
1 inf -8.321775 -0.797693 -0.952856 -2.929897 -1.953775 2.446954 0.380178 2.715880 0.632390 0.738907 2.982930 0.452554 10.140612 -0.358476 -0.623207 -0.592016 3.688634
1 inf -8.326100 -0.821951 -0.939538 -2.945090 -1.949375 2.432334 0.368884 2.686150 0.623821 0.729890 2.977880 0.455302 10.127288 -0.360884 -0.658091 -0.566023 3.672457
1 inf -8.333005 -0.803312 -0.968474 -2.982718 -1.971654 2.411894 0.390188 2.665129 0.618479 0.741431 2.977697 0.487365 10.122084 -0.346300 -0.655006 -0.540738 3.683505
1 inf -8.369985 -0.821669 -0.975013 -2.935668 -1.971774 2.426420 0.437325 2.639160 0.603703 0.729863 2.988498 0.512145 10.141023 -0.374122 -0.680455 -0.541580 3.701094
1 inf -8.369915 -0.815821 -0.945746 -2.949969 -1.934049 2.407727 0.433732 2.650786 0.624664 0.697475 2.998251 0.494024 10.138128 -0.343299 -0.663515 -0.556568 3.691638
1 inf -8.362171 -0.797009 -0.959419 -2.931907 -1.933994 2.392676 0.413083 2.651951 0.606971 0.679519 2.989977 0.502500 10.137468 -0.321072 -0.629921 -0.539432 3.699358
1 inf -8.365277 -0.823296 -0.958674 -2.947692 -1.917072 2.449368 0.436406 2.646555 0.606174 0.718602 2.995715 0.529696 10.125943 -0.321795 -0.625005 -0.553119 3.699278
1 inf -8.354474 -0.806085 -0.935151 -2.935408 -1.926433 2.472192 0.420338 2.676485 0.584715 0.715251 2.996329 0.514275 10.145826 -0.300027 -0.620880 -0.563205 3.662462
1 inf -8.376786 -0.765894 -0.925669 -2.936963 -1.913061 2.453210 0.451447 2.718765 0.568235 0.722155 2.963812 0.519230 10.133904 -0.304063 -0.628531 -0.576290 3.706891
1 inf -8.345428 -0.768886 -0.959467 -2.930268 -1.915416 2.457181 0.463269 2.709754 0.564142 0.732313 2.986077 0.494903 10.157382 -0.307033 -0.647772 -0.548161 3.736326
1 inf -8.308640 -0.762245 -0.981286 -2.908295 -1.914474 2.475489 0.427995 2.731440 0.556452 0.749471 2.999522 0.494499 10.179047 -0.313469 -0.662183 -0.561771 3.702266
1 inf -8.295641 -0.725122 -0.959221 -2.925358 -1.911214 2.491595 0.442205 2.768718 0.514374 0.763409 2.994324 0.444442 10.207646 -0.311868 -0.675200 -0.551121 3.717228
1 inf -8.271109 -0.767310 -0.962821 -2.913381 -1.902721 2.502916 0.473093 2.772043 0.517840 0.750053 2.999278 0.441489 10.194398 -0.294717 -0.688112 -0.547497 3.698539
1 inf -8.242327 -0.773936 -0.953298 -2.911004 -1.893806 2.495534 0.452489 2.759121 0.512533 0.737347 2.997627 0.478900 10.195638 -0.293501 -0.657310 -0.600462 3.736171
1 inf -8.225992 -0.776171 -0.971534 -2.912702 -1.892040 2.494233 0.439611 2.740618 0.551303 0.750595 2.977626 0.462890 10.193953 -0.312242 -0.657372 -0.604039 3.726066
1 inf -8.173765 -0.756905 -0.923442 -2.888244 -1.887267 2.485376 0.428655 2.770105 0.566451 0.734857 2.956459 0.490484 10.176867 -0.350636 -0.628881 -0.601973 3.742738
1 inf -8.157700 -0.739495 -0.920380 -2.864872 -1.871987 2.483623 0.415644 2.751477 0.577442 0.726643 2.934860 0.473157 10.186467 -0.359080 -0.585034 -0.601751 3.742382
1 inf -8.123676 -0.741503 -0.933180 -2.876798 -1.871736 2.503403 0.382320 2.749046 0.539867 0.753119 2.951462 0.444547 10.186140 -0.358003 -0.613086 -0.583172 3.787943
1 inf -8.111667 -0.750115 -0.919157 -2.835675 -1.885573 2.459244 0.381063 2.772643 0.548104 0.744330 2.995912 0.400236 10.162500 -0.359986 -0.585918 -0.553811 3.830809
1 inf -8.136612 -0.754913 -0.916873 -2.810639 -1.893042 2.494248 0.356152 2.759996 0.534126 0.727424 2.935457 0.386009 10.175299 -0.400395 -0.617172 -0.551998 3.851688
1 inf -8.097583 -0.739727 -0.916454 -2.828345 -1.941185 2.472791 0.402458 2.757677 0.544512 0.662045 2.916217 0.376019 10.178577 -0.392955 -0.653589 -0.550171 3.823020
1 inf -8.069097 -0.713466 -0.901292 -2.849240 -1.955576 2.481747 0.431008 2.776547 0.534057 0.660730 2.909140 0.356901 10.159136 -0.420517 -0.681707 -0.526408 3.865939
1 inf -8.079079 -0.724087 -0.868791 -2.820119 -1.955997 2.481249 0.419219 2.803802 0.514363 0.660772 2.913896 0.364910 10.159086 -0.421065 -0.656931 -0.503969 3.852833
1 inf -8.072187 -0.689014 -0.881761 -2.814972 -1.951219 2.483170 0.401325 2.817983 0.538247 0.665696 2.904032 0.378815 10.189502 -0.435167 -0.648630 -0.493652 3.829230
1 inf -8.089716 -0.651545 -0.871584 -2.778965 -1.968780 2.456815 0.400163 2.798270 0.549980 0.647048 2.889150 0.393500 10.178774 -0.435535 -0.655991 -0.471117 3.856677
1 inf -8.085270 -0.639405 -0.869864 -2.766642 -1.980020 2.422587 0.413238 2.821139 0.551791 0.633998 2.885030 0.399515 10.154575 -0.469312 -0.643916 -0.468544 3.844015
1 inf -8.121821 -0.629623 -0.848332 -2.776475 -1.992997 2.410852 0.423265 2.825404 0.545234 0.625573 2.901157 0.398682 10.162835 -0.441953 -0.634104 -0.442510 3.844085
1 inf -8.086520 -0.609354 -0.842132 -2.809444 -1.985782 2.447700 0.432376 2.782332 0.564415 0.613386 2.913888 0.417711 10.184085 -0.448662 -0.640021 -0.407256 3.824423
1 inf -8.085607 -0.552099 -0.829710 -2.818589 -1.934460 2.462367 0.434042 2.772140 0.557582 0.594602 2.944155 0.419373 10.179774 -0.430826 -0.609274 -0.403343 3.813145
1 inf -8.060529 -0.556610 -0.804164 -2.838478 -1.939779 2.465580 0.450116 2.761947 0.542709 0.585028 2.922128 0.407537 10.197052 -0.437226 -0.591555 -0.426183 3.805316
1 inf -8.086432 -0.582012 -0.797639 -2.798889 -1.959125 2.447046 0.442685 2.774678 0.594097 0.598215 2.953657 0.411809 10.191581 -0.402508 -0.584911 -0.452442 3.801106
1 inf -8.097364 -0.584229 -0.794226 -2.796506 -1.991331 2.413731 0.438064 2.752179 0.613391 0.609176 2.951473 0.427699 10.169228 -0.422287 -0.615976 -0.468942 3.820853
1 inf -8.077166 -0.605135 -0.768643 -2.785556 -1.968819 2.409330 0.432001 2.781533 0.568658 0.584573 2.932595 0.429676 10.128428 -0.422442 -0.569418 -0.480219 3.770396
1 inf -8.084968 -0.619350 -0.768043 -2.780183 -1.968603 2.436433 0.393364 2.765901 0.523287 0.626286 2.943154 0.432830 10.134826 -0.405417 -0.550494 -0.464249 3.776837
1 inf -8.060412 -0.603732 -0.795189 -2.729619 -1.979681 2.462002 0.372490 2.793784 0.509448 0.636867 2.969921 0.431471 10.142365 -0.424766 -0.563753 -0.443956 3.731508
1 inf -8.052056 -0.581150 -0.769213 -2.729776 -1.987250 2.467775 0.370408 2.816344 0.534904 0.629987 2.973863 0.381881 10.161719 -0.453212 -0.591340 -0.434637 3.709653
1 inf -8.017770 -0.557032 -0.735542 -2.766126 -1.957660 2.488582 0.381770 2.806412 0.504719 0.663753 2.991243 0.371344 10.158440 -0.433064 -0.558738 -0.384903 3.705646
1 inf -8.002236 -0.520571 -0.757090 -2.767235 -1.976999 2.471080 0.402104 2.834151 0.520895 0.707691 2.958096 0.362512 10.145175 -0.457548 -0.523421 -0.368739 3.657895
1 inf -7.987157 -0.523061 -0.753927 -2.708055 -1.989566 2.444424 0.420599 2.810986 0.538714 0.666652 2.947846 0.361908 10.164510 -0.493893 -0.511003 -0.391699 3.620547
1 inf -8.016508 -0.531133 -0.731710 -2.709196 -1.991039 2.437309 0.450768 2.809739 0.533138 0.656152 2.939371 0.376524 10.147222 -0.502010 -0.498207 -0.392450 3.631177
1 inf -8.011473 -0.522124 -0.773627 -2.728631 -1.984923 2.458405 0.458680 2.840005 0.554562 0.635547 2.922968 0.368779 10.136052 -0.539091 -0.533138 -0.362956 3.667053
1 inf -8.011244 -0.501831 -0.796077 -2.724893 -1.966343 2.454129 0.429512 2.858002 0.531263 0.627886 2.974224 0.364257 10.128947 -0.570576 -0.526000 -0.347060 3.670265
1 inf -7.986607 -0.500037 -0.785448 -2.722589 -1.995741 2.461654 0.442008 2.858866 0.536197 0.632429 2.969920 0.400079 10.139846 -0.585874 -0.544112 -0.372871 3.650363
1 inf -7.989117 -0.505715 -0.790938 -2.718325 -1.945531 2.461707 0.439370 2.878717 0.565621 0.629735 2.979924 0.442767 10.143259 -0.575815 -0.544110 -0.377140 3.631693
1 inf -7.966311 -0.487800 -0.799221 -2.695305 -1.935794 2.482199 0.455784 2.868440 0.589090 0.626066 2.960466 0.440892 10.130944 -0.575727 -0.541561 -0.361084 3.620010
1 inf -7.940195 -0.500013 -0.810629 -2.685095 -1.920878 2.473301 0.435528 2.860877 0.634649 0.613960 2.940844 0.423930 10.119655 -0.556040 -0.577517 -0.345308 3.594760
1 inf -7.948311 -0.500799 -0.803602 -2.691747 -1.882841 2.487113 0.447389 2.887681 0.614102 0.614063 2.938314 0.434136 10.129123 -0.564271 -0.566888 -0.352561 3.634425
1 inf -7.911381 -0.471068 -0.821558 -2.646954 -1.864510 2.482827 0.455036 2.893841 0.670332 0.623879 2.933121 0.443098 10.160296 -0.602332 -0.568072 -0.347620 3.639509
1 inf -7.921902 -0.515456 -0.789415 -2.648573 -1.890882 2.482842 0.459499 2.925245 0.677145 0.595676 2.921898 0.423695 10.177921 -0.588076 -0.573622 -0.359748 3.594117
1 inf -7.911102 -0.514765 -0.761933 -2.689092 -1.946474 2.459826 0.458777 2.959848 0.689888 0.572799 2.917868 0.401681 10.139815 -0.593176 -0.588978 -0.382929 3.571862
1 inf -7.863966 -0.545720 -0.739929 -2.717025 -1.914136 2.464575 0.460248 2.975973 0.674816 0.594673 2.945976 0.375276 10.154555 -0.595845 -0.608756 -0.381298 3.596476
1 inf -7.851957 -0.554332 -0.725906 -2.675902 -1.927973 2.420416 0.458991 2.999570 0.683053 0.585884 2.990426 0.330965 10.130915 -0.597828 -0.581588 -0.351937 3.639342
1 inf -7.863446 -0.567215 -0.723396 -2.682048 -1.882493 2.479233 0.485726 2.952508 0.682910 0.588786 2.979542 0.270653 10.152472 -0.605376 -0.604727 -0.367349 3.616088
1 inf -7.875417 -0.550755 -0.711513 -2.696573 -1.868273 2.497626 0.454911 2.967269 0.674518 0.586102 2.997752 0.278450 10.147227 -0.608626 -0.610161 -0.358686 3.648167
1 inf -7.893736 -0.520398 -0.670409 -2.642094 -1.898450 2.474180 0.450380 2.944576 0.683265 0.543385 2.988095 0.301023 10.144511 -0.609559 -0.598770 -0.374855 3.646353
1 inf -7.865552 -0.514254 -0.681218 -2.656920 -1.921839 2.483546 0.463012 2.970389 0.671838 0.542427 2.970004 0.298260 10.143745 -0.624258 -0.602304 -0.375074 3.635051
1 inf -7.831620 -0.490983 -0.671024 -2.626859 -1.894169 2.461657 0.505985 2.989469 0.639786 0.529023 2.985475 0.260320 10.141030 -0.609666 -0.578528 -0.359094 3.601442
1 inf -7.805850 -0.488942 -0.663573 -2.608590 -1.883876 2.463915 0.523226 2.963445 0.646457 0.516639 2.995019 0.243744 10.120049 -0.615612 -0.555818 -0.317998 3.601099
1 inf -7.813253 -0.481852 -0.675004 -2.577079 -1.860142 2.434056 0.497329 2.986373 0.642526 0.488089 2.999230 0.261287 10.123913 -0.596519 -0.537314 -0.326177 3.600184
1 inf -7.799162 -0.485850 -0.710012 -2.606391 -1.875825 2.456096 0.496559 2.986150 0.627418 0.457122 2.991665 0.294008 10.139459 -0.604283 -0.520801 -0.338600 3.631750
1 inf -7.782744 -0.466592 -0.693212 -2.628287 -1.886797 2.494788 0.484916 2.962217 0.642247 0.480093 2.979206 0.274388 10.132796 -0.609065 -0.504963 -0.314286 3.635109
1 inf -7.802119 -0.444333 -0.690752 -2.639541 -1.881310 2.454344 0.451010 2.954663 0.629226 0.504852 2.974994 0.267205 10.127310 -0.579056 -0.476184 -0.324623 3.647029
1 inf -7.777336 -0.435791 -0.682091 -2.640648 -1.888372 2.469467 0.437393 2.956500 0.644180 0.501679 2.964955 0.234227 10.113969 -0.553291 -0.490904 -0.328068 3.652009
1 inf -7.756390 -0.425555 -0.709051 -2.694221 -1.860832 2.421626 0.488354 2.945047 0.633736 0.476203 2.944367 0.273038 10.129272 -0.597881 -0.485263 -0.315213 3.647342
1 inf -7.732141 -0.408196 -0.707030 -2.678905 -1.845825 2.443727 0.512212 2.913116 0.615121 0.528317 2.915280 0.251700 10.091206 -0.578348 -0.500257 -0.304951 3.662624
1 inf -7.698801 -0.421959 -0.718434 -2.672191 -1.835003 2.463040 0.557108 2.879684 0.638707 0.566394 2.913533 0.219763 10.076180 -0.524219 -0.486395 -0.328253 3.672920
1 inf -7.713453 -0.419784 -0.703064 -2.674403 -1.857973 2.440667 0.535485 2.877674 0.617872 0.554512 2.912963 0.196730 10.046231 -0.468484 -0.471723 -0.316058 3.691510
1 inf -7.719718 -0.422172 -0.644104 -2.719308 -1.843635 2.453287 0.546248 2.907011 0.643156 0.553300 2.882414 0.214623 10.016968 -0.447967 -0.514910 -0.334368 3.678443
1 inf -7.688019 -0.401208 -0.634545 -2.742641 -1.799910 2.462645 0.536875 2.919903 0.665059 0.555546 2.854622 0.235544 10.033068 -0.451794 -0.538206 -0.345600 3.656128
1 inf -7.694654 -0.403046 -0.600406 -2.766159 -1.772915 2.461211 0.548129 2.931468 0.635861 0.536856 2.885070 0.245125 10.028499 -0.462198 -0.557115 -0.349623 3.676111
1 inf -7.702090 -0.428302 -0.601663 -2.785657 -1.770781 2.450559 0.541808 2.905428 0.629443 0.537865 2.857721 0.249260 10.030765 -0.479908 -0.575795 -0.346057 3.652067
1 inf -7.720170 -0.441692 -0.608031 -2.824065 -1.709532 2.429366 0.503006 2.923237 0.635306 0.531082 2.811074 0.250919 10.022253 -0.479318 -0.567423 -0.321199 3.624069
1 inf -7.726108 -0.444309 -0.645966 -2.842289 -1.688365 2.448149 0.491258 2.935672 0.606502 0.523288 2.818289 0.268486 10.033176 -0.471805 -0.548758 -0.334775 3.606340
1 inf -7.700473 -0.467789 -0.658680 -2.829022 -1.670034 2.461785 0.476048 2.917466 0.615486 0.562317 2.784322 0.278575 10.009191 -0.495317 -0.521042 -0.306070 3.618376
1 inf -7.688464 -0.476401 -0.644657 -2.787899 -1.683871 2.417626 0.474791 2.941063 0.623723 0.553528 2.828772 0.234264 9.985551 -0.497300 -0.493874 -0.276709 3.661242
1 inf -7.679692 -0.426893 -0.669784 -2.770110 -1.688884 2.386206 0.470834 2.956695 0.637820 0.518193 2.840671 0.241162 9.981214 -0.491867 -0.454015 -0.307553 3.659305
1 inf -7.693211 -0.438615 -0.624711 -2.744092 -1.686227 2.403964 0.497456 2.972992 0.614434 0.531897 2.841923 0.256769 10.011744 -0.497018 -0.417411 -0.330680 3.671198
1 inf -7.741570 -0.427535 -0.634001 -2.747697 -1.710836 2.418755 0.514463 2.960487 0.612227 0.525306 2.837881 0.242931 9.998450 -0.503480 -0.421813 -0.319961 3.655499
1 inf -7.766368 -0.405904 -0.656614 -2.731367 -1.680558 2.422694 0.545156 2.952245 0.615187 0.514228 2.852861 0.236068 10.005882 -0.474226 -0.402177 -0.342473 3.701344
1 inf -7.779391 -0.406177 -0.689513 -2.696798 -1.716771 2.438952 0.585923 2.976692 0.617791 0.495072 2.820521 0.295585 10.000959 -0.457492 -0.396760 -0.318888 3.690837
1 inf -7.818585 -0.430081 -0.684296 -2.698709 -1.725382 2.438648 0.554559 2.975632 0.600895 0.475334 2.803345 0.252531 10.008649 -0.489400 -0.345033 -0.322031 3.678478
1 inf -7.809844 -0.431527 -0.673117 -2.691339 -1.664709 2.417597 0.561613 2.935541 0.599471 0.495788 2.813180 0.238167 9.990198 -0.500916 -0.330558 -0.309492 3.666080
1 inf -7.802544 -0.413763 -0.690055 -2.700912 -1.647119 2.416858 0.565633 2.959064 0.587175 0.506910 2.784946 0.282978 10.030125 -0.487220 -0.333563 -0.319810 3.678352
1 inf -7.816743 -0.438487 -0.684570 -2.701194 -1.607751 2.433578 0.524570 2.977017 0.599656 0.492447 2.798194 0.302520 10.034956 -0.495149 -0.361612 -0.356840 3.654903
1 inf -7.852549 -0.451960 -0.685885 -2.689999 -1.576742 2.432338 0.520557 2.973443 0.575822 0.508008 2.794681 0.329579 10.021916 -0.489161 -0.382227 -0.314434 3.615136
1 inf -7.850650 -0.436574 -0.710498 -2.677668 -1.549466 2.480978 0.519035 2.983397 0.537938 0.524264 2.739881 0.318623 10.009551 -0.494977 -0.377988 -0.341042 3.606358
1 inf -7.861606 -0.431103 -0.749834 -2.699082 -1.486918 2.495082 0.545664 2.964230 0.581226 0.517334 2.688821 0.309326 9.986719 -0.480631 -0.365044 -0.321033 3.641525
1 inf -7.823968 -0.413536 -0.709470 -2.671883 -1.513705 2.520863 0.511249 2.942797 0.614470 0.561074 2.695471 0.323466 9.968042 -0.468655 -0.354999 -0.293696 3.634843
1 inf -7.854518 -0.397235 -0.711999 -2.710696 -1.518244 2.519418 0.465505 2.953994 0.599868 0.557006 2.696704 0.294465 9.946365 -0.480878 -0.400469 -0.298563 3.646480
1 inf -7.853429 -0.387349 -0.709986 -2.703004 -1.531454 2.462191 0.438168 2.958887 0.588596 0.560063 2.696927 0.285884 9.917489 -0.448889 -0.408303 -0.301873 3.675561
1 inf -7.842326 -0.378968 -0.744884 -2.677442 -1.541584 2.475796 0.420937 2.957810 0.594655 0.541618 2.668142 0.256154 9.907992 -0.417791 -0.421613 -0.268930 3.662283
1 inf -7.844800 -0.404760 -0.744355 -2.656620 -1.501065 2.457450 0.436252 2.975984 0.599397 0.546910 2.702922 0.243384 9.922639 -0.421739 -0.431074 -0.275659 3.651117
1 inf -7.841992 -0.401076 -0.721695 -2.664705 -1.480938 2.491090 0.433708 2.995842 0.577065 0.535857 2.700642 0.273965 9.910657 -0.378210 -0.429301 -0.280750 3.633966
1 inf -7.824539 -0.422399 -0.765908 -2.638390 -1.493126 2.436421 0.472055 2.976452 0.567375 0.514843 2.657113 0.274026 9.876489 -0.381466 -0.432419 -0.316400 3.686324
1 inf -7.834108 -0.427796 -0.710213 -2.610368 -1.496737 2.441643 0.477091 2.947721 0.577653 0.508606 2.710115 0.288861 9.890033 -0.373917 -0.463188 -0.296525 3.704737
1 inf -7.819426 -0.424326 -0.721648 -2.617658 -1.501846 2.426485 0.479320 2.948803 0.578802 0.532876 2.706263 0.285460 9.907505 -0.424566 -0.469919 -0.299751 3.724181
1 inf -7.818576 -0.463760 -0.689429 -2.608844 -1.506864 2.422479 0.478705 2.929138 0.555938 0.539803 2.697851 0.295047 9.896954 -0.446507 -0.460648 -0.300111 3.749285
1 inf -7.822702 -0.444485 -0.703805 -2.627331 -1.511286 2.416148 0.467205 2.936682 0.538553 0.531780 2.735667 0.325242 9.910685 -0.426785 -0.495508 -0.303438 3.725258
1 inf -7.850690 -0.470761 -0.702191 -2.633859 -1.548611 2.407613 0.470385 2.963039 0.562528 0.504643 2.757496 0.351121 9.906479 -0.417639 -0.467538 -0.310169 3.719873
1 inf -7.821420 -0.440143 -0.693891 -2.646218 -1.547888 2.413356 0.476333 2.892208 0.564621 0.492813 2.737182 0.378622 9.935577 -0.429137 -0.469925 -0.304396 3.703506
1 inf -7.841731 -0.416230 -0.741250 -2.659790 -1.566295 2.441015 0.468948 2.880388 0.577536 0.460950 2.783863 0.362343 9.953986 -0.461954 -0.439072 -0.294011 3.676983
1 inf -7.823500 -0.396648 -0.721591 -2.599982 -1.583987 2.435609 0.468822 2.883883 0.561118 0.462935 2.796058 0.347537 9.971216 -0.467110 -0.463930 -0.315244 3.694765
1 inf -7.879415 -0.398231 -0.701727 -2.565383 -1.570597 2.445637 0.525483 2.839595 0.533135 0.441770 2.777487 0.332902 9.995699 -0.452056 -0.432608 -0.337200 3.681628
1 inf -7.854818 -0.390198 -0.716958 -2.560688 -1.587366 2.450357 0.472574 2.896207 0.512970 0.455765 2.782278 0.344359 9.990769 -0.461133 -0.445826 -0.321654 3.693882
1 inf -7.856113 -0.409624 -0.720672 -2.564240 -1.589069 2.448994 0.484618 2.887279 0.526422 0.472270 2.809081 0.354453 9.978545 -0.469546 -0.472816 -0.285560 3.651641
1 inf -7.858642 -0.407730 -0.729348 -2.590120 -1.594156 2.439175 0.474604 2.872610 0.520585 0.459165 2.809447 0.356459 9.995579 -0.478556 -0.495366 -0.297765 3.640938
1 inf -7.875663 -0.375572 -0.752261 -2.584810 -1.623187 2.433034 0.472474 2.863334 0.514150 0.469982 2.796575 0.360082 10.005666 -0.528934 -0.462527 -0.284505 3.648961
1 inf -7.898322 -0.413506 -0.745413 -2.569141 -1.654170 2.442374 0.455050 2.834737 0.511836 0.458142 2.831882 0.368005 10.031011 -0.540011 -0.466264 -0.285499 3.672301
1 inf -7.886313 -0.422118 -0.731390 -2.528018 -1.668007 2.398215 0.453793 2.858334 0.520073 0.449353 2.876332 0.323694 10.007371 -0.541994 -0.439096 -0.256138 3.715167
1 inf -7.912527 -0.425620 -0.707269 -2.510213 -1.653190 2.409245 0.451572 2.901750 0.510771 0.481240 2.833881 0.304134 10.007726 -0.532931 -0.391521 -0.261603 3.718640
1 inf -7.909105 -0.416039 -0.701847 -2.453562 -1.668383 2.382934 0.464727 2.925651 0.493544 0.476193 2.849802 0.313880 10.003007 -0.527331 -0.419519 -0.257899 3.745310
1 inf -7.911928 -0.448090 -0.702583 -2.459674 -1.691321 2.376278 0.494763 2.948951 0.533435 0.499079 2.872950 0.310736 9.993339 -0.539401 -0.437607 -0.244200 3.747119
1 inf -7.939212 -0.453407 -0.713058 -2.461698 -1.713111 2.410580 0.491999 2.948150 0.532541 0.529814 2.859341 0.272197 9.993843 -0.561052 -0.458225 -0.267904 3.769351
1 inf -7.936980 -0.465713 -0.725718 -2.471748 -1.696596 2.397355 0.510704 2.945779 0.537964 0.531800 2.844751 0.302949 9.993487 -0.587112 -0.456292 -0.271419 3.748025
1 inf -7.982316 -0.460645 -0.727574 -2.478243 -1.682266 2.356842 0.536896 2.917868 0.546495 0.523965 2.841894 0.282903 10.015569 -0.608683 -0.503434 -0.240459 3.795840
1 inf -7.987964 -0.452530 -0.746218 -2.490971 -1.670929 2.354618 0.554526 2.932797 0.487720 0.550341 2.838815 0.285627 10.029364 -0.653844 -0.473980 -0.238700 3.831112
1 inf -7.977096 -0.456120 -0.742583 -2.456478 -1.696163 2.332213 0.595256 2.917311 0.483395 0.536145 2.825975 0.286697 10.023977 -0.635297 -0.484702 -0.263062 3.853759
1 inf -7.985583 -0.453947 -0.786888 -2.459877 -1.705533 2.309617 0.617329 2.946375 0.515254 0.516014 2.827166 0.260326 10.029838 -0.633018 -0.498013 -0.224906 3.843039
1 inf -8.004098 -0.469781 -0.768772 -2.455251 -1.723237 2.289515 0.581003 2.924684 0.478850 0.544781 2.817739 0.245620 9.985732 -0.619982 -0.491681 -0.253103 3.827276
1 inf -7.958061 -0.450327 -0.756933 -2.447775 -1.729296 2.285470 0.584117 2.912273 0.493531 0.568262 2.864140 0.218244 9.983421 -0.576385 -0.439879 -0.271299 3.844381
1 inf -7.937769 -0.455923 -0.732377 -2.489853 -1.746376 2.256409 0.568888 2.941733 0.539584 0.580532 2.866821 0.251918 9.948131 -0.596754 -0.466336 -0.286475 3.889679
1 inf -7.957218 -0.448101 -0.755105 -2.490059 -1.781709 2.278899 0.554352 2.904178 0.521545 0.600754 2.844769 0.247688 9.932145 -0.575135 -0.496193 -0.286671 3.851021
1 inf -7.953442 -0.438202 -0.742625 -2.495414 -1.750798 2.275845 0.540125 2.897708 0.485686 0.607733 2.865726 0.265601 9.925307 -0.583964 -0.503631 -0.323594 3.807572
1 inf -7.935489 -0.431871 -0.752418 -2.483441 -1.802352 2.262957 0.519953 2.909588 0.471476 0.616177 2.864693 0.289606 9.905020 -0.541176 -0.483271 -0.310229 3.795283
1 inf -7.923046 -0.459433 -0.769047 -2.466968 -1.819065 2.268633 0.501909 2.917526 0.453757 0.619042 2.879291 0.316570 9.909265 -0.564021 -0.494223 -0.287338 3.814001
1 inf -7.947113 -0.464872 -0.771983 -2.495320 -1.842595 2.272525 0.569755 2.948636 0.452268 0.606756 2.888529 0.324927 9.894738 -0.575538 -0.468963 -0.284372 3.825447
1 inf -7.901419 -0.487290 -0.744226 -2.513934 -1.814182 2.281462 0.535995 2.943113 0.447419 0.595409 2.841707 0.315920 9.877549 -0.578664 -0.456522 -0.244890 3.804817
1 inf -7.896581 -0.474039 -0.717481 -2.501453 -1.734350 2.301226 0.504158 2.945051 0.447980 0.576931 2.805916 0.304328 9.873279 -0.550401 -0.460255 -0.256064 3.807391
1 inf -7.879409 -0.484819 -0.723824 -2.490960 -1.730769 2.326963 0.513038 2.929868 0.428171 0.584221 2.789715 0.290876 9.853645 -0.533166 -0.460030 -0.279417 3.784113
1 inf -7.888651 -0.468549 -0.730117 -2.486498 -1.748997 2.332391 0.533965 2.903357 0.388602 0.585768 2.763523 0.274379 9.867101 -0.540575 -0.448456 -0.245725 3.814739
1 inf -7.892465 -0.466067 -0.695984 -2.490548 -1.776480 2.320860 0.532346 2.898621 0.371051 0.586319 2.744339 0.236764 9.861101 -0.569736 -0.427293 -0.259326 3.797388
1 inf -7.905441 -0.459214 -0.707078 -2.495933 -1.770541 2.368532 0.570942 2.912842 0.388270 0.583214 2.731237 0.203203 9.858790 -0.550785 -0.431695 -0.248979 3.783275
1 inf -7.889354 -0.429090 -0.696985 -2.486319 -1.742348 2.364757 0.607315 2.916175 0.419337 0.557776 2.717773 0.197320 9.800719 -0.595995 -0.413129 -0.259246 3.824701
1 inf -7.877522 -0.432180 -0.676620 -2.488277 -1.758616 2.367228 0.613969 2.905516 0.428942 0.563589 2.696927 0.172864 9.841426 -0.647233 -0.399988 -0.238831 3.860666
1 inf -7.882640 -0.464615 -0.654940 -2.456088 -1.701905 2.412999 0.616925 2.896437 0.431197 0.549009 2.683200 0.146334 9.809798 -0.653365 -0.440621 -0.217713 3.881787
1 inf -7.915058 -0.485715 -0.679199 -2.465603 -1.670732 2.382180 0.654667 2.895922 0.386292 0.538857 2.678266 0.132368 9.830521 -0.633932 -0.429240 -0.201791 3.862751
1 inf -7.939081 -0.461958 -0.677316 -2.424125 -1.676400 2.379730 0.640112 2.919484 0.355875 0.514537 2.670974 0.144397 9.782014 -0.628156 -0.411924 -0.234494 3.876955
1 inf -7.960807 -0.432867 -0.627177 -2.428973 -1.683247 2.358834 0.653873 2.897325 0.352045 0.496441 2.725669 0.166695 9.749513 -0.644671 -0.381750 -0.225928 3.870562
1 inf -7.978936 -0.416051 -0.606308 -2.438546 -1.673747 2.336062 0.662667 2.882281 0.354313 0.504332 2.707784 0.174177 9.760361 -0.666463 -0.347107 -0.263290 3.893389
1 inf -8.000101 -0.474795 -0.603228 -2.444743 -1.658257 2.331958 0.688921 2.883991 0.389364 0.495562 2.718082 0.152250 9.754310 -0.706824 -0.341163 -0.262142 3.906373
1 inf -7.988092 -0.483407 -0.589205 -2.403620 -1.672094 2.287799 0.687664 2.907588 0.397601 0.486773 2.762532 0.107939 9.730670 -0.708807 -0.313995 -0.232781 3.949239
1 inf -7.966452 -0.479719 -0.610774 -2.412937 -1.655234 2.259321 0.757165 2.895159 0.408070 0.465758 2.764714 0.094683 9.730555 -0.694283 -0.346542 -0.233832 3.971640
1 inf -7.936462 -0.462387 -0.612768 -2.431905 -1.644771 2.290489 0.715688 2.881886 0.397724 0.448782 2.770649 0.140473 9.766876 -0.715540 -0.281392 -0.249798 3.960048
1 inf -7.916293 -0.481960 -0.645522 -2.465675 -1.656194 2.313635 0.694976 2.909370 0.374419 0.487829 2.744055 0.137003 9.760361 -0.706830 -0.265936 -0.230004 3.996475
1 inf -7.915775 -0.479073 -0.608913 -2.491386 -1.643040 2.300143 0.680124 2.919700 0.383278 0.546918 2.730379 0.158703 9.780239 -0.694146 -0.267318 -0.193395 4.005086
1 inf -7.881136 -0.501000 -0.594099 -2.538069 -1.634308 2.276329 0.663125 2.933776 0.379727 0.539104 2.712474 0.183359 9.764777 -0.667058 -0.237409 -0.145101 4.006187
1 inf -7.870774 -0.481758 -0.550538 -2.541113 -1.605681 2.258919 0.670795 2.966436 0.370942 0.526327 2.736540 0.184611 9.757618 -0.661284 -0.242826 -0.129495 4.010698
1 inf -7.889701 -0.459819 -0.564346 -2.530483 -1.570719 2.315385 0.702921 2.976376 0.391735 0.528530 2.740076 0.214301 9.765570 -0.655668 -0.268791 -0.106852 3.996473
