1 inf -8.952582 -0.641161 0.158184 -2.314180 -1.434110 3.179458 0.579753 2.810765 0.548383 0.968550 2.137224 0.579815 10.195696 -0.753719 -0.341915 0.147633 3.600029
1 inf -8.951852 -0.607234 0.173171 -2.309099 -1.462039 3.206798 0.556085 2.790687 0.555604 0.942012 2.144177 0.583361 10.207149 -0.801527 -0.303870 0.131611 3.606407
1 inf -8.944219 -0.589566 0.163330 -2.281149 -1.488477 3.227074 0.598351 2.763986 0.565282 0.947008 2.175087 0.579903 10.178249 -0.848474 -0.299113 0.144638 3.649836
1 inf -8.904534 -0.580830 0.160567 -2.310212 -1.444616 3.226381 0.617559 2.806981 0.592391 0.951001 2.193452 0.584939 10.192539 -0.873677 -0.313305 0.126087 3.664481
1 inf -8.897878 -0.591525 0.176541 -2.334159 -1.472163 3.206569 0.639534 2.812140 0.564154 0.961998 2.207715 0.566284 10.237346 -0.867224 -0.366860 0.128052 3.643325
1 inf -8.909455 -0.546807 0.187582 -2.354682 -1.462939 3.193047 0.617871 2.823459 0.570804 0.955368 2.219106 0.556109 10.224569 -0.878143 -0.365186 0.120162 3.640977
1 inf -8.926355 -0.565308 0.214582 -2.350244 -1.474509 3.189372 0.578699 2.806868 0.544376 0.943503 2.224198 0.581879 10.193224 -0.880868 -0.336408 0.119681 3.614705
1 inf -8.919850 -0.593667 0.249085 -2.347633 -1.468011 3.193356 0.599009 2.790730 0.516370 0.939278 2.232426 0.603570 10.206412 -0.857861 -0.324244 0.118637 3.593886
1 inf -8.937299 -0.555132 0.235317 -2.337679 -1.448351 3.187940 0.609269 2.833526 0.504872 0.970089 2.251754 0.585923 10.180843 -0.845429 -0.304303 0.077817 3.600445
1 inf -8.935919 -0.570046 0.263521 -2.331253 -1.463427 3.196088 0.602114 2.824167 0.497579 0.939737 2.244154 0.604605 10.182267 -0.809401 -0.352686 0.067177 3.568619
1 inf -8.912060 -0.565453 0.237710 -2.299287 -1.449812 3.208224 0.612646 2.830479 0.495663 0.929879 2.215137 0.617254 10.194860 -0.777783 -0.381727 0.073554 3.591751
1 inf -8.925011 -0.589959 0.283130 -2.314305 -1.438963 3.170066 0.614593 2.850256 0.467254 0.911093 2.235605 0.601927 10.186295 -0.801522 -0.366854 0.124153 3.597862
1 inf -8.958595 -0.595832 0.279431 -2.300793 -1.445099 3.174717 0.625101 2.905428 0.454672 0.924363 2.237238 0.609169 10.182697 -0.808585 -0.415445 0.083674 3.588747
1 inf -9.008722 -0.630140 0.237153 -2.293786 -1.460185 3.197810 0.668592 2.856437 0.423602 0.924468 2.254915 0.616801 10.151604 -0.811534 -0.391296 0.077431 3.597542
1 inf -9.020970 -0.663127 0.223744 -2.287684 -1.451017 3.168874 0.685362 2.890587 0.395100 0.916005 2.273965 0.605477 10.143984 -0.787167 -0.412874 0.078598 3.565415
1 inf -9.020543 -0.674481 0.200761 -2.268022 -1.401373 3.129222 0.696395 2.897264 0.376084 0.948542 2.267917 0.603876 10.121400 -0.788122 -0.358096 0.066317 3.561541
1 inf -9.019613 -0.689700 0.200294 -2.269784 -1.358655 3.134502 0.675447 2.867281 0.390086 0.967390 2.267463 0.584868 10.084274 -0.792896 -0.354636 0.109968 3.592263
1 inf -9.009224 -0.721455 0.175947 -2.266866 -1.373565 3.102829 0.681501 2.879831 0.402214 0.989585 2.257862 0.587029 10.072194 -0.827962 -0.379329 0.096005 3.578825
1 inf -9.020958 -0.701408 0.175945 -2.272322 -1.356629 3.147112 0.649449 2.882586 0.400221 0.992918 2.289530 0.580120 10.049815 -0.823367 -0.401854 0.093828 3.540316
1 inf -9.026684 -0.690559 0.138520 -2.277988 -1.289621 3.181452 0.669708 2.889391 0.403487 0.995608 2.306526 0.605830 10.071993 -0.849885 -0.436652 0.124351 3.536145
1 inf -9.032140 -0.719126 0.135499 -2.267096 -1.286755 3.180438 0.690128 2.910837 0.394547 0.960915 2.325738 0.619613 10.043358 -0.840423 -0.456454 0.097973 3.549964
1 inf -8.985618 -0.687545 0.148577 -2.270970 -1.295768 3.171029 0.694025 2.888795 0.410349 0.980682 2.319157 0.575115 10.066800 -0.839722 -0.476350 0.140807 3.562969
1 inf -9.036916 -0.639566 0.141913 -2.251563 -1.332730 3.113171 0.694676 2.906543 0.403854 0.934733 2.299872 0.553949 10.042052 -0.808239 -0.493739 0.167802 3.591693
1 inf -9.039172 -0.642923 0.163649 -2.221717 -1.373100 3.057168 0.700789 2.904777 0.409003 0.925394 2.290422 0.565190 10.039454 -0.797676 -0.483532 0.193153 3.586607
1 inf -9.053490 -0.632470 0.152636 -2.240185 -1.372523 3.086177 0.717411 2.857870 0.402012 0.955444 2.271664 0.539313 10.057096 -0.772913 -0.538283 0.184582 3.594261
1 inf -9.074912 -0.607392 0.172720 -2.237059 -1.372647 3.075037 0.713398 2.857173 0.437397 0.949902 2.311853 0.554484 10.083220 -0.769194 -0.546312 0.163617 3.609325
1 inf -9.099106 -0.572077 0.161077 -2.239813 -1.353630 3.054189 0.717654 2.859071 0.454861 0.912058 2.301920 0.588974 10.113407 -0.778337 -0.587195 0.156414 3.576433
1 inf -9.097569 -0.558043 0.162144 -2.240381 -1.367569 3.042452 0.745986 2.887860 0.438257 0.874453 2.315979 0.597381 10.092992 -0.764557 -0.592315 0.131959 3.563606
1 inf -9.098784 -0.615996 0.164013 -2.235866 -1.380907 3.028498 0.714080 2.909405 0.483187 0.883763 2.315605 0.609880 10.085177 -0.775497 -0.601227 0.116329 3.566854
1 inf -9.079982 -0.604673 0.178876 -2.261634 -1.382685 3.006483 0.713450 2.914219 0.481515 0.882862 2.330932 0.613110 10.113922 -0.754103 -0.592257 0.128174 3.547523
1 inf -9.076292 -0.627646 0.179667 -2.262936 -1.375964 2.984029 0.725962 2.901842 0.478737 0.887823 2.307131 0.577914 10.158747 -0.770426 -0.599988 0.131157 3.517908
1 inf -9.073977 -0.640474 0.152695 -2.213337 -1.352712 2.956231 0.699918 2.917605 0.466262 0.891597 2.320193 0.607721 10.154779 -0.782498 -0.603934 0.143600 3.556991
1 inf -9.108934 -0.676536 0.171107 -2.221280 -1.322222 2.967338 0.737091 2.918815 0.447205 0.872738 2.313869 0.567864 10.154019 -0.789609 -0.583832 0.153762 3.541949
1 inf -9.090661 -0.676339 0.179196 -2.226959 -1.343286 2.957790 0.712275 2.883396 0.472525 0.839423 2.309027 0.568276 10.151044 -0.809429 -0.584205 0.189885 3.564135
1 inf -9.087037 -0.663120 0.183393 -2.218597 -1.361373 2.977667 0.747770 2.889458 0.496429 0.834125 2.304665 0.579999 10.137302 -0.827704 -0.574788 0.192787 3.538644
1 inf -9.091933 -0.674063 0.187085 -2.212994 -1.342384 2.992672 0.755055 2.862461 0.522935 0.853758 2.309934 0.587346 10.169184 -0.850599 -0.552639 0.203336 3.532191
1 inf -9.090951 -0.674799 0.187092 -2.175990 -1.335977 3.006341 0.753293 2.871558 0.520463 0.880277 2.316829 0.590792 10.197023 -0.864625 -0.559999 0.200360 3.558127
1 inf -9.096204 -0.674718 0.206433 -2.217357 -1.331110 3.033284 0.753932 2.880833 0.528353 0.894312 2.319083 0.622093 10.184227 -0.878738 -0.574492 0.207582 3.542039
1 inf -9.090323 -0.692642 0.229733 -2.203549 -1.350334 3.040501 0.744220 2.891778 0.518637 0.836491 2.335392 0.582596 10.201737 -0.881012 -0.606718 0.228127 3.541298
1 inf -9.107895 -0.722567 0.235022 -2.186411 -1.297081 3.068365 0.750372 2.852247 0.521779 0.811993 2.338680 0.591410 10.192787 -0.895405 -0.622405 0.222406 3.546118
1 inf -9.068065 -0.741728 0.191396 -2.229066 -1.278722 3.081985 0.786503 2.875572 0.502773 0.796777 2.352259 0.580859 10.220766 -0.888885 -0.597933 0.224227 3.529956
1 inf -9.064705 -0.780685 0.249748 -2.260993 -1.278246 3.078262 0.779180 2.862118 0.509494 0.806892 2.382353 0.612878 10.210014 -0.917488 -0.628315 0.247197 3.535708
1 inf -9.074005 -0.784036 0.237535 -2.273955 -1.240046 3.111455 0.783623 2.881351 0.499742 0.815451 2.414206 0.645433 10.224962 -0.889779 -0.604875 0.246472 3.550545
1 inf -9.065817 -0.800202 0.242507 -2.271952 -1.238085 3.122323 0.760120 2.861568 0.522081 0.796695 2.394502 0.641905 10.239162 -0.889848 -0.574270 0.253591 3.576285
1 inf -9.075865 -0.824649 0.224374 -2.279020 -1.194017 3.104436 0.726382 2.875003 0.574963 0.793681 2.417666 0.636845 10.220180 -0.922936 -0.560749 0.260441 3.579608
1 inf -9.041009 -0.809075 0.203209 -2.269518 -1.174329 3.089517 0.706949 2.920779 0.594047 0.846977 2.429297 0.649643 10.221398 -0.910435 -0.547364 0.300103 3.538697
1 inf -9.042967 -0.802067 0.194745 -2.287894 -1.149196 3.094507 0.725385 2.940120 0.554411 0.830817 2.417815 0.658151 10.187108 -0.909633 -0.557484 0.301945 3.554522
1 inf -9.029750 -0.782345 0.212647 -2.279914 -1.137881 3.084904 0.702152 2.956833 0.598096 0.886321 2.428043 0.676997 10.166314 -0.912343 -0.551672 0.291070 3.583326
1 inf -9.032006 -0.785702 0.234383 -2.250068 -1.178251 3.028901 0.708265 2.955067 0.603245 0.876982 2.418593 0.688238 10.163716 -0.901780 -0.541465 0.316421 3.578240
1 inf -9.032492 -0.772465 0.211594 -2.260987 -1.156329 3.024274 0.681459 2.962543 0.624483 0.873480 2.405533 0.669432 10.127448 -0.873924 -0.540177 0.300837 3.557901
1 inf -9.031268 -0.764557 0.212159 -2.277911 -1.187063 3.044915 0.676021 2.986511 0.609775 0.903116 2.425330 0.684618 10.144642 -0.882878 -0.523860 0.270231 3.565377
1 inf -9.019190 -0.734511 0.218783 -2.245392 -1.190156 3.078386 0.689902 2.981384 0.566913 0.901643 2.406252 0.671910 10.183055 -0.877602 -0.528401 0.275653 3.548957
1 inf -9.021463 -0.713590 0.210031 -2.279128 -1.220307 3.083843 0.693761 2.996810 0.553662 0.844004 2.386451 0.665414 10.168992 -0.834426 -0.537984 0.266793 3.544273
1 inf -9.028217 -0.740372 0.204834 -2.268946 -1.212444 3.102820 0.667004 2.986077 0.553427 0.864987 2.394380 0.633316 10.163573 -0.828127 -0.515462 0.303803 3.501503
1 inf -9.028329 -0.764230 0.186180 -2.256785 -1.198890 3.066612 0.671548 2.969282 0.574398 0.866612 2.398771 0.595114 10.179751 -0.800269 -0.498131 0.308890 3.519443
1 inf -9.042707 -0.778264 0.202152 -2.241419 -1.199266 3.091984 0.660743 2.956094 0.596960 0.866895 2.420605 0.575427 10.175362 -0.765715 -0.475972 0.344955 3.523758
1 inf -9.017054 -0.807361 0.192730 -2.239461 -1.220146 3.067343 0.640283 2.947239 0.601870 0.857463 2.409034 0.525239 10.167816 -0.764407 -0.463493 0.345423 3.532006
1 inf -9.031875 -0.794421 0.177830 -2.240431 -1.176639 3.079144 0.680739 2.921650 0.625387 0.866030 2.404051 0.510183 10.154621 -0.746456 -0.473155 0.369448 3.503847
1 inf -9.034618 -0.793379 0.187314 -2.222922 -1.176186 3.100206 0.713100 2.905063 0.603299 0.857104 2.410680 0.499289 10.142655 -0.751518 -0.485875 0.351120 3.528334
1 inf -9.038250 -0.754711 0.200579 -2.242714 -1.173052 3.099656 0.711775 2.950798 0.593321 0.848241 2.429830 0.492576 10.141409 -0.748091 -0.465833 0.342611 3.497268
1 inf -9.069401 -0.749548 0.197291 -2.201219 -1.181585 3.112008 0.712823 2.934411 0.595490 0.840746 2.454326 0.469999 10.182717 -0.733862 -0.497221 0.337551 3.532616
1 inf -9.057059 -0.753851 0.190799 -2.212817 -1.194813 3.072257 0.681203 2.928815 0.596027 0.833099 2.429485 0.481266 10.186156 -0.742037 -0.508484 0.296572 3.488173
1 inf -9.067561 -0.790330 0.203476 -2.187046 -1.192287 3.126307 0.716787 2.954343 0.593157 0.824118 2.449898 0.523742 10.182515 -0.762239 -0.453805 0.331738 3.498901
1 inf -9.082708 -0.834004 0.202938 -2.194679 -1.196437 3.097360 0.755554 2.957635 0.607612 0.815673 2.460226 0.540503 10.209608 -0.773210 -0.442423 0.298632 3.504910
1 inf -9.086444 -0.834870 0.191712 -2.224975 -1.217220 3.079770 0.760482 2.953416 0.637002 0.816767 2.458404 0.527207 10.227338 -0.770521 -0.465698 0.274401 3.469018
1 inf -9.063192 -0.839225 0.191342 -2.262600 -1.185648 3.102748 0.724706 2.938189 0.621243 0.810310 2.439637 0.494047 10.194458 -0.800748 -0.480238 0.286215 3.445527
1 inf -9.060223 -0.833409 0.214872 -2.258246 -1.186078 3.117655 0.735512 2.953263 0.615542 0.846251 2.446590 0.450807 10.230022 -0.805251 -0.454302 0.301830 3.439366
1 inf -9.099989 -0.798693 0.193495 -2.272922 -1.192321 3.123556 0.714267 2.942539 0.634404 0.824806 2.417029 0.471491 10.223319 -0.815429 -0.468727 0.337656 3.433738
1 inf -9.106232 -0.812044 0.187993 -2.249054 -1.149006 3.116854 0.693064 2.971894 0.603390 0.869696 2.405930 0.477705 10.210814 -0.793764 -0.476136 0.310619 3.422072
1 inf -9.098147 -0.840595 0.162546 -2.277364 -1.164206 3.105565 0.698763 2.974472 0.637179 0.871995 2.397663 0.476136 10.218438 -0.805319 -0.493730 0.296318 3.415001
1 inf -9.087580 -0.869685 0.168087 -2.275747 -1.151812 3.123722 0.650387 2.948507 0.608721 0.854237 2.412093 0.423465 10.186302 -0.755965 -0.491265 0.270062 3.425214
1 inf -9.060128 -0.833165 0.156824 -2.267492 -1.143945 3.139128 0.665572 2.937027 0.631980 0.867955 2.413255 0.409152 10.177621 -0.728318 -0.508378 0.266414 3.425179
1 inf -9.062384 -0.836522 0.178560 -2.237646 -1.184315 3.083125 0.671685 2.935261 0.637129 0.858616 2.403805 0.420393 10.175023 -0.717755 -0.498171 0.291765 3.420093
1 inf -9.075875 -0.843661 0.188236 -2.262271 -1.210229 3.060602 0.674584 2.947340 0.644160 0.857539 2.394458 0.415025 10.179027 -0.727014 -0.504042 0.246190 3.449180
1 inf -9.078273 -0.856818 0.182905 -2.255116 -1.210722 3.073895 0.657442 2.949772 0.656502 0.847874 2.385538 0.432766 10.201730 -0.719537 -0.498279 0.267435 3.388008
1 inf -9.051044 -0.856892 0.171226 -2.254167 -1.214032 3.052534 0.660234 2.915665 0.692533 0.827277 2.392693 0.440267 10.193657 -0.697144 -0.482540 0.292735 3.386409
1 inf -9.070416 -0.866681 0.165407 -2.253194 -1.236410 3.058089 0.662560 2.903519 0.672645 0.824611 2.420330 0.436698 10.214983 -0.709093 -0.468144 0.300313 3.404294
1 inf -9.065812 -0.854632 0.207041 -2.266962 -1.217418 3.074836 0.663977 2.931630 0.691656 0.871306 2.415286 0.440929 10.206997 -0.720272 -0.434104 0.302362 3.447661
1 inf -9.076294 -0.819900 0.190996 -2.265438 -1.206138 3.120898 0.712155 2.926827 0.684938 0.875094 2.412373 0.435755 10.155923 -0.696572 -0.421892 0.288938 3.468219
1 inf -9.085720 -0.789968 0.192012 -2.298321 -1.228779 3.107865 0.678507 2.941893 0.680186 0.870514 2.426664 0.426444 10.106437 -0.705700 -0.414683 0.288683 3.494685
1 inf -9.070099 -0.789482 0.181177 -2.300758 -1.211808 3.135660 0.649261 2.930500 0.675856 0.857539 2.435782 0.443691 10.106046 -0.702846 -0.438080 0.298720 3.491854
1 inf -9.043776 -0.809913 0.216183 -2.275249 -1.207100 3.147169 0.643224 2.929014 0.674624 0.849150 2.426097 0.437766 10.098141 -0.697129 -0.436221 0.323454 3.511570
1 inf -9.049544 -0.798299 0.193090 -2.272558 -1.213565 3.109408 0.636505 2.963139 0.634142 0.854415 2.451875 0.439674 10.067238 -0.680459 -0.468253 0.352649 3.532529
1 inf -9.069897 -0.799175 0.232566 -2.263592 -1.248409 3.105425 0.605003 2.961528 0.621739 0.884585 2.491959 0.416689 10.081238 -0.649131 -0.473594 0.359587 3.510770
1 inf -9.071578 -0.774784 0.205743 -2.277996 -1.260284 3.100199 0.585769 2.952481 0.611005 0.931612 2.480858 0.394927 10.045011 -0.609994 -0.479330 0.367232 3.507646
1 inf -9.107712 -0.773150 0.192267 -2.247842 -1.235789 3.105022 0.580858 2.960052 0.627818 0.961628 2.454722 0.382706 10.030437 -0.642104 -0.508137 0.392572 3.505448
1 inf -9.124407 -0.743311 0.153851 -2.272370 -1.227239 3.136264 0.573790 2.967524 0.634640 0.949594 2.451497 0.378636 10.036014 -0.643649 -0.515486 0.425162 3.519928
1 inf -9.144719 -0.745191 0.147634 -2.278236 -1.230738 3.131197 0.565625 2.973629 0.632244 0.958847 2.476892 0.381862 10.020760 -0.634197 -0.549436 0.433119 3.523885
1 inf -9.154990 -0.786487 0.155512 -2.250374 -1.239246 3.105800 0.535586 2.969738 0.638368 0.943739 2.503072 0.379187 10.002640 -0.640695 -0.576563 0.460282 3.533953
1 inf -9.143827 -0.781398 0.181415 -2.243857 -1.225180 3.113397 0.558794 2.947655 0.611224 0.954315 2.456542 0.363652 9.990027 -0.609543 -0.556526 0.463188 3.553830
1 inf -9.111661 -0.766307 0.154215 -2.246875 -1.250542 3.115620 0.570759 2.922999 0.629108 0.967268 2.453043 0.360204 10.013636 -0.609157 -0.528967 0.420804 3.548130
1 inf -9.119809 -0.764574 0.114461 -2.227755 -1.231673 3.113300 0.579880 2.939920 0.640046 0.946298 2.460534 0.370928 10.025016 -0.616019 -0.553280 0.409354 3.538146
1 inf -9.097922 -0.759564 0.139482 -2.201028 -1.262645 3.148095 0.590038 2.923880 0.609146 0.953937 2.471234 0.378412 10.016155 -0.608689 -0.528881 0.444347 3.527773
1 inf -9.080881 -0.766330 0.137887 -2.229224 -1.242315 3.134017 0.590568 2.949774 0.599854 0.956038 2.493237 0.394645 10.031561 -0.596880 -0.568142 0.424576 3.541322
1 inf -9.080999 -0.759949 0.100443 -2.255604 -1.251981 3.135262 0.609193 2.948784 0.584779 0.948544 2.501573 0.413573 10.045231 -0.551692 -0.585879 0.445646 3.554313
1 inf -9.055628 -0.719595 0.063325 -2.263237 -1.248525 3.155152 0.579521 2.975361 0.588290 0.958139 2.493606 0.368950 10.042215 -0.595441 -0.587651 0.451663 3.541652
1 inf -9.057884 -0.722952 0.085061 -2.233391 -1.288895 3.099149 0.585634 2.973595 0.593439 0.948800 2.484156 0.380191 10.039617 -0.584878 -0.577444 0.477014 3.536566
1 inf -9.118472 -0.706403 0.087823 -2.247249 -1.243715 3.091681 0.586391 2.949028 0.591905 0.959381 2.444377 0.386558 10.063978 -0.567129 -0.557199 0.487948 3.505534
1 inf -9.140402 -0.767360 0.087273 -2.241492 -1.220288 3.081225 0.594173 2.981813 0.633769 0.994736 2.435427 0.359201 10.047104 -0.576017 -0.516419 0.498177 3.500181
1 inf -9.150964 -0.772068 0.088191 -2.263735 -1.203738 3.089280 0.596740 2.979001 0.641037 0.940842 2.422908 0.367061 10.053569 -0.606253 -0.533314 0.467803 3.503352
1 inf -9.139528 -0.807487 0.084902 -2.267245 -1.194613 3.062162 0.603720 2.967256 0.627171 0.921100 2.433110 0.339507 10.066161 -0.652422 -0.500327 0.468088 3.498985
1 inf -9.114178 -0.790966 0.085389 -2.269352 -1.187421 3.067453 0.606860 2.966622 0.599253 0.920285 2.431160 0.315683 10.074871 -0.631816 -0.518397 0.479295 3.485818
1 inf -9.093674 -0.782080 0.055243 -2.269628 -1.205486 3.040362 0.608253 2.962587 0.560102 0.923540 2.462443 0.299197 10.072548 -0.658976 -0.487072 0.477958 3.517916
1 inf -9.080069 -0.806874 0.046898 -2.280569 -1.217756 3.051367 0.598438 2.950696 0.577078 0.964732 2.449571 0.279569 10.045854 -0.661973 -0.489551 0.408050 3.503890
1 inf -9.090612 -0.827358 0.036234 -2.281739 -1.229589 3.042887 0.562615 2.972085 0.521307 0.966185 2.427920 0.298609 10.036010 -0.645768 -0.496896 0.417939 3.499375
1 inf -9.067865 -0.858870 0.017795 -2.299123 -1.234046 3.023130 0.535491 2.992387 0.572308 0.967402 2.432642 0.310364 9.990891 -0.660711 -0.489287 0.414660 3.512440
1 inf -9.012646 -0.871662 0.022204 -2.279933 -1.197999 3.015392 0.542374 2.968232 0.558523 0.952274 2.429864 0.257696 9.955366 -0.666590 -0.516896 0.403722 3.501170
1 inf -9.024199 -0.863307 0.041355 -2.280815 -1.167698 3.004658 0.556083 2.996574 0.483907 0.941384 2.441891 0.273034 9.957372 -0.645983 -0.519306 0.393958 3.499566
1 inf -9.003274 -0.858635 0.063968 -2.281576 -1.151155 3.025611 0.545388 2.985024 0.483248 0.935771 2.430537 0.318816 9.983061 -0.650470 -0.547360 0.406377 3.511311
1 inf -9.039920 -0.901990 0.090848 -2.300901 -1.152564 3.007138 0.545830 2.976216 0.486939 0.968268 2.435718 0.301799 9.979575 -0.678200 -0.555997 0.415219 3.534475
1 inf -9.044133 -0.927002 0.072801 -2.295343 -1.153271 3.023791 0.542586 2.957552 0.505706 0.938712 2.391258 0.325252 9.963360 -0.654545 -0.547873 0.400193 3.553045
1 inf -9.033461 -0.906236 0.057166 -2.256226 -1.153099 3.017629 0.556107 2.956993 0.563691 0.964950 2.392672 0.326870 9.984549 -0.666512 -0.544341 0.353630 3.499546
1 inf -9.031429 -0.914385 0.086748 -2.249702 -1.148401 3.016843 0.542527 2.931265 0.579288 0.962848 2.394656 0.314847 9.967440 -0.690234 -0.561615 0.349947 3.499061
1 inf -9.037130 -0.965397 0.114195 -2.221447 -1.100453 3.023521 0.536175 2.917432 0.597991 0.936035 2.397461 0.327463 9.935784 -0.711756 -0.555187 0.373986 3.481011
1 inf -9.022614 -0.924650 0.117502 -2.249037 -1.130140 2.993285 0.533937 2.939524 0.583090 0.975433 2.386914 0.328722 9.913662 -0.678334 -0.540803 0.410821 3.473109
1 inf -9.029256 -0.931125 0.110141 -2.261041 -1.140145 3.022258 0.550509 2.936973 0.596935 0.980498 2.368025 0.362368 9.950004 -0.716028 -0.518259 0.410249 3.491506
1 inf -9.023821 -0.952778 0.134951 -2.262914 -1.161654 3.011222 0.557106 2.896000 0.565515 0.978011 2.399088 0.340935 9.917259 -0.683892 -0.523809 0.425428 3.482905
1 inf -9.020687 -0.964663 0.150297 -2.278358 -1.154110 3.021160 0.560293 2.868196 0.534228 0.939235 2.436551 0.309630 9.910058 -0.722885 -0.531233 0.401367 3.505508
1 inf -9.002594 -0.952442 0.164233 -2.276929 -1.132472 3.027695 0.551542 2.841734 0.567436 0.950740 2.428978 0.331635 9.920904 -0.719878 -0.506650 0.365539 3.514247
1 inf -8.989971 -0.917804 0.140474 -2.286254 -1.154843 3.010123 0.553640 2.854176 0.553416 0.930125 2.446051 0.313468 9.914474 -0.703353 -0.495431 0.353119 3.504244
1 inf -8.992227 -0.921161 0.162210 -2.256408 -1.195213 2.954120 0.559753 2.852410 0.558565 0.920786 2.436601 0.324709 9.911876 -0.692790 -0.485224 0.378470 3.499158
1 inf -8.953339 -0.926841 0.208038 -2.244809 -1.220599 2.975440 0.559765 2.879987 0.561743 0.955192 2.465616 0.316961 9.951963 -0.715668 -0.495588 0.350148 3.460501
1 inf -8.960067 -0.936814 0.209351 -2.205165 -1.195356 3.010791 0.530671 2.895155 0.589999 0.985990 2.469535 0.299238 9.960800 -0.710528 -0.470278 0.339345 3.449211
1 inf -8.962856 -0.923785 0.212959 -2.187284 -1.207216 3.025964 0.529792 2.938098 0.606224 0.992817 2.503029 0.310704 9.926860 -0.727158 -0.436818 0.358516 3.452566
1 inf -8.953580 -0.888729 0.153250 -2.194903 -1.186805 3.025195 0.537262 2.924245 0.599766 0.969878 2.522886 0.292066 9.902611 -0.736648 -0.479330 0.369906 3.448753
1 inf -8.932577 -0.912793 0.169639 -2.220620 -1.207616 3.008947 0.543033 2.911591 0.594846 0.991041 2.527426 0.301138 9.955624 -0.746911 -0.470166 0.369065 3.408355
1 inf -8.933388 -0.958023 0.180154 -2.221522 -1.220844 3.014185 0.534802 2.943295 0.600373 0.981716 2.540253 0.301835 9.954946 -0.744205 -0.465123 0.342399 3.408611
1 inf -8.946791 -0.942755 0.210042 -2.236841 -1.220424 3.011127 0.522221 2.976074 0.578544 0.998487 2.538287 0.317661 9.954819 -0.741395 -0.472650 0.424758 3.413677
1 inf -9.009040 -0.948474 0.209714 -2.236630 -1.189324 2.964810 0.519874 2.990944 0.582529 0.983030 2.570082 0.317903 9.988261 -0.739316 -0.503142 0.363098 3.376491
1 inf -9.001032 -0.945248 0.229821 -2.221562 -1.187118 2.976447 0.585929 2.961563 0.591333 0.975728 2.578392 0.299320 9.981655 -0.723382 -0.502460 0.319669 3.360176
1 inf -9.009114 -0.936274 0.225341 -2.244941 -1.178932 2.976482 0.603357 2.999351 0.615072 0.996204 2.565320 0.322544 10.002265 -0.704113 -0.501944 0.312283 3.394563
1 inf -8.982137 -0.914919 0.192754 -2.217506 -1.174850 2.994078 0.640260 2.970542 0.594346 0.983288 2.533808 0.329272 9.984736 -0.700700 -0.517109 0.301136 3.389701
1 inf -9.002634 -0.931328 0.207836 -2.219233 -1.176331 3.016092 0.656465 2.946140 0.563543 0.970478 2.566523 0.310765 9.941368 -0.667656 -0.513221 0.346645 3.404715
1 inf -9.015729 -0.913134 0.215813 -2.210025 -1.165264 3.054453 0.693050 2.922496 0.573601 0.978979 2.578417 0.314397 9.964435 -0.638624 -0.520742 0.328755 3.409669
1 inf -9.028531 -0.915664 0.209756 -2.257858 -1.176741 3.036758 0.683797 2.952844 0.549375 0.981706 2.566620 0.296353 9.973942 -0.638262 -0.524884 0.316781 3.432233
1 inf -9.005447 -0.911825 0.202711 -2.261277 -1.208760 3.072752 0.670929 2.948347 0.561827 0.980763 2.573305 0.299282 9.985783 -0.646550 -0.562418 0.321297 3.467950
1 inf -9.007703 -0.915182 0.224447 -2.231431 -1.249130 3.016749 0.677042 2.946581 0.566976 0.971424 2.563855 0.310523 9.983185 -0.635987 -0.552211 0.346648 3.462864
1 inf -9.015874 -0.942999 0.237802 -2.253212 -1.270826 3.047508 0.657547 2.912829 0.574232 0.998893 2.563162 0.302138 10.008315 -0.646925 -0.567429 0.342810 3.442727
1 inf -9.043435 -0.940600 0.232413 -2.266308 -1.307336 3.048381 0.624455 2.900148 0.574310 0.995145 2.585607 0.300719 9.997423 -0.655075 -0.539863 0.320258 3.450114
1 inf -9.063270 -0.979217 0.250349 -2.274389 -1.322867 3.051365 0.582685 2.934667 0.563203 0.954110 2.609025 0.293452 9.997591 -0.655424 -0.517022 0.310605 3.447609
1 inf -9.055338 -0.962009 0.235835 -2.267494 -1.353423 3.043392 0.598668 2.924764 0.577101 0.954915 2.573624 0.288593 10.028316 -0.696342 -0.474374 0.313512 3.451588
1 inf -9.044542 -0.963946 0.240410 -2.248930 -1.351390 3.030927 0.616020 2.923119 0.586378 0.945887 2.533345 0.270747 10.033031 -0.697031 -0.463131 0.323937 3.443382
1 inf -9.037992 -0.977000 0.232641 -2.242216 -1.338905 3.047761 0.637728 2.925436 0.604857 0.931121 2.521042 0.272318 10.032497 -0.711665 -0.411857 0.306258 3.427399
1 inf -9.041433 -0.994589 0.220301 -2.259221 -1.366337 3.092322 0.616336 2.944237 0.588799 0.983974 2.565582 0.308325 10.024366 -0.692805 -0.348020 0.304626 3.404319
1 inf -9.036765 -0.980923 0.208386 -2.229920 -1.367649 3.086329 0.647365 2.936523 0.549180 0.965771 2.520780 0.279013 10.028033 -0.700985 -0.341178 0.324336 3.392823
1 inf -9.076826 -0.942404 0.270648 -2.240804 -1.358630 3.112107 0.638747 2.937313 0.543154 0.948065 2.500834 0.287745 10.059123 -0.689996 -0.326589 0.345542 3.421480
1 inf -9.056405 -0.986418 0.267527 -2.275944 -1.346358 3.125836 0.638047 2.961075 0.568493 0.924718 2.465272 0.285458 10.030229 -0.706054 -0.304397 0.350350 3.430061
1 inf -9.057690 -0.994287 0.231409 -2.250308 -1.338244 3.132915 0.653886 2.998493 0.553309 0.931519 2.430438 0.253472 10.018909 -0.711889 -0.296963 0.354704 3.437655
1 inf -9.047846 -0.969804 0.218994 -2.245227 -1.344085 3.112307 0.667852 2.987074 0.556434 0.934923 2.438299 0.223563 10.001025 -0.740014 -0.287960 0.367602 3.402127
1 inf -9.052816 -0.971682 0.220295 -2.266522 -1.344474 3.088978 0.647631 2.964644 0.552867 0.936999 2.455240 0.194843 9.947679 -0.739341 -0.321383 0.362943 3.426418
1 inf -9.080600 -0.960272 0.223101 -2.263120 -1.372220 3.075016 0.654593 2.992431 0.509005 0.937768 2.442245 0.205991 9.977255 -0.704203 -0.309588 0.377473 3.430012
1 inf -9.055455 -0.932512 0.218325 -2.284918 -1.377361 3.064846 0.648796 2.997012 0.479417 0.940975 2.411168 0.203313 10.004034 -0.711079 -0.332974 0.368047 3.461131
1 inf -9.035391 -0.932827 0.208466 -2.262644 -1.373256 3.078696 0.658962 2.966166 0.470128 0.948739 2.422810 0.211152 10.036385 -0.749464 -0.350901 0.355539 3.458731
1 inf -9.020085 -0.927873 0.171499 -2.262958 -1.345057 3.050720 0.643830 2.976464 0.491630 0.977844 2.395601 0.197382 10.037136 -0.742294 -0.391552 0.346317 3.444791
1 inf -9.004551 -0.935585 0.148388 -2.284254 -1.308718 3.060326 0.658327 2.965599 0.518055 0.996914 2.421830 0.195671 10.033284 -0.744559 -0.427127 0.289902 3.488137
1 inf -8.973327 -0.944186 0.149590 -2.308599 -1.269512 3.046333 0.589208 2.977343 0.499086 0.980669 2.430861 0.182638 10.052887 -0.748184 -0.417904 0.316378 3.503001
1 inf -8.964664 -0.958648 0.154607 -2.317288 -1.266429 3.075862 0.549293 2.979734 0.479150 0.969942 2.427403 0.214426 10.086118 -0.800237 -0.421540 0.270454 3.480404
1 inf -8.968951 -0.956561 0.122968 -2.302703 -1.255431 3.044911 0.567721 2.932240 0.460570 0.953483 2.427204 0.209038 10.061478 -0.808369 -0.420726 0.308923 3.489039
1 inf -8.946376 -0.977585 0.100667 -2.305300 -1.222537 3.044246 0.559293 2.912272 0.456591 0.950087 2.414300 0.192540 10.046059 -0.802950 -0.436697 0.289382 3.490329
1 inf -8.943904 -0.961967 0.109537 -2.302192 -1.238163 3.047754 0.552941 2.928616 0.450501 0.985813 2.397679 0.162825 10.035234 -0.807566 -0.424345 0.275097 3.502231
1 inf -8.945218 -0.981712 0.120112 -2.302415 -1.262839 3.039282 0.562275 2.924594 0.452424 0.987326 2.391355 0.145163 10.054000 -0.831047 -0.421950 0.263431 3.503734
1 inf -8.947474 -0.985069 0.141848 -2.272569 -1.303209 2.983279 0.568388 2.922828 0.457573 0.977987 2.381905 0.156404 10.051402 -0.820484 -0.411743 0.288782 3.498648
1 inf -8.930327 -0.950646 0.158834 -2.235992 -1.290046 2.981805 0.608852 2.921379 0.449792 0.952167 2.387685 0.137702 10.043317 -0.807362 -0.384293 0.264077 3.531792
1 inf -8.909998 -0.987393 0.136402 -2.228054 -1.300577 3.005474 0.599765 2.993727 0.460387 0.952733 2.384539 0.161082 10.045016 -0.796685 -0.372121 0.245529 3.551289
1 inf -8.893887 -0.965053 0.150369 -2.246188 -1.330849 3.032047 0.600504 2.996167 0.474019 0.918460 2.375292 0.152572 10.053509 -0.811036 -0.365127 0.230706 3.536112
1 inf -8.902444 -0.957438 0.176220 -2.222015 -1.344577 3.037833 0.612889 2.999118 0.470899 0.910217 2.339236 0.115545 10.040442 -0.805021 -0.366671 0.243983 3.557394
1 inf -8.947885 -0.931885 0.159996 -2.206995 -1.301620 3.064582 0.623325 2.986521 0.477807 0.920326 2.339219 0.151775 10.035916 -0.819746 -0.375766 0.261716 3.554459
1 inf -8.961353 -0.965951 0.178151 -2.228317 -1.266279 3.044531 0.617545 2.993880 0.489855 0.889450 2.348926 0.165345 10.040936 -0.844231 -0.426570 0.278619 3.550177
1 inf -8.968313 -0.997291 0.148203 -2.217576 -1.266574 3.050526 0.628130 2.993884 0.469616 0.858750 2.290638 0.167408 10.045084 -0.867771 -0.413239 0.284521 3.541922
1 inf -8.966234 -0.985489 0.168399 -2.224796 -1.253647 3.072742 0.605783 2.999565 0.480668 0.878610 2.267167 0.165928 10.071314 -0.858519 -0.429904 0.296631 3.539822
1 inf -8.954076 -0.983794 0.145254 -2.230045 -1.278637 3.065354 0.635926 2.998532 0.504234 0.877768 2.275733 0.204090 10.063376 -0.830792 -0.423384 0.294420 3.544225
1 inf -8.976585 -0.987626 0.130970 -2.254460 -1.262713 3.070279 0.636514 2.999643 0.487147 0.887989 2.261161 0.241079 10.097634 -0.863395 -0.438691 0.299145 3.518545
1 inf -8.967546 -0.993391 0.149465 -2.240246 -1.258579 3.046938 0.665930 2.998548 0.468877 0.864289 2.251458 0.212256 10.122286 -0.849443 -0.432226 0.338428 3.526739
1 inf -8.941586 -0.978515 0.160982 -2.221243 -1.248863 3.086364 0.669926 2.962429 0.454151 0.851038 2.212105 0.204922 10.141252 -0.852441 -0.401279 0.336013 3.538190
1 inf -8.940217 -0.974244 0.114325 -2.238445 -1.257064 3.075690 0.676076 2.944440 0.430834 0.901319 2.228032 0.188126 10.142463 -0.839563 -0.418817 0.313976 3.525336
1 inf -8.912015 -0.976188 0.066890 -2.221042 -1.273051 3.051736 0.630561 2.947867 0.434248 0.881701 2.256298 0.173527 10.130452 -0.836122 -0.415257 0.300433 3.553325
1 inf -8.874616 -0.968351 0.048939 -2.212006 -1.300341 3.060986 0.661836 2.956130 0.443347 0.889427 2.258327 0.132800 10.119469 -0.880376 -0.404851 0.287348 3.570803
1 inf -8.851074 -0.977207 0.037009 -2.212073 -1.303350 3.032850 0.647371 2.985389 0.439906 0.892171 2.244490 0.108563 10.142807 -0.858211 -0.419963 0.292332 3.578943
1 inf -8.812421 -0.981613 0.042981 -2.237078 -1.299175 3.048767 0.681349 2.987532 0.466480 0.923893 2.262853 0.162826 10.153869 -0.884418 -0.428886 0.281504 3.566112
1 inf -8.800167 -0.987115 0.070157 -2.266505 -1.331675 3.049730 0.662540 2.988299 0.494820 0.899467 2.277334 0.173324 10.166559 -0.849059 -0.415384 0.276878 3.544761
1 inf -8.794182 -0.968025 0.058369 -2.238504 -1.314466 3.049260 0.646626 2.992010 0.521473 0.925832 2.241240 0.194665 10.160787 -0.836776 -0.371009 0.280969 3.557802
1 inf -8.796141 -0.989878 0.038996 -2.227859 -1.312679 3.039899 0.660765 2.952423 0.553084 0.914931 2.253193 0.213364 10.183263 -0.856340 -0.391546 0.297158 3.538785
1 inf -8.849385 -0.994330 0.046763 -2.218818 -1.296117 3.043543 0.636900 2.939850 0.580192 0.921427 2.267629 0.225183 10.194660 -0.853357 -0.369366 0.277972 3.543141
1 inf -8.865026 -0.998778 0.046734 -2.223674 -1.268772 3.031158 0.624066 2.920053 0.586745 0.961128 2.277683 0.271670 10.158133 -0.872508 -0.351850 0.312820 3.512702
1 inf -8.883715 -0.993113 0.052447 -2.195956 -1.218363 3.030209 0.622516 2.893713 0.536987 0.968439 2.277834 0.264267 10.140200 -0.878121 -0.327382 0.325878 3.521841
1 inf -8.913487 -0.983405 0.075553 -2.173647 -1.262382 3.035502 0.636366 2.922800 0.515771 0.965203 2.255396 0.294471 10.179044 -0.864350 -0.321796 0.306676 3.526728
1 inf -8.915743 -0.986762 0.097289 -2.143801 -1.302752 2.979499 0.642479 2.921034 0.520920 0.955864 2.245946 0.305712 10.176446 -0.853787 -0.311589 0.332027 3.521642
1 inf -8.875841 -0.962126 0.086262 -2.173137 -1.305803 2.997785 0.651232 2.906285 0.519382 0.966001 2.265840 0.293625 10.182434 -0.800112 -0.329409 0.330770 3.534915
1 inf -8.867687 -0.973027 0.098188 -2.155149 -1.321047 3.005045 0.691525 2.929363 0.462045 0.958880 2.272601 0.293983 10.154895 -0.778648 -0.322327 0.361108 3.523883
1 inf -8.856140 -0.984225 0.131775 -2.171523 -1.325623 2.997607 0.692951 2.930971 0.433372 0.933865 2.243163 0.317755 10.154969 -0.773699 -0.311036 0.334904 3.559105
1 inf -8.907436 -0.950131 0.150208 -2.159396 -1.349013 3.028808 0.698739 2.958681 0.439695 0.949915 2.219142 0.305727 10.206249 -0.752545 -0.305208 0.368825 3.570032
1 inf -8.902393 -0.929756 0.169671 -2.137008 -1.362138 2.974467 0.691102 2.943974 0.416953 0.958859 2.224934 0.323156 10.166611 -0.746002 -0.298890 0.409162 3.577987
