1 inf -8.587655 -0.923975 -0.229343 -2.298174 -1.449242 3.451721 0.260300 2.487756 0.206529 0.612779 2.282811 0.095226 10.360690 -0.261859 0.283455 3.588642
1 inf -8.583072 -0.918634 -0.235352 -2.299102 -1.463672 3.476021 0.228337 2.521354 0.183445 0.605598 2.302560 0.113473 10.341203 -0.262252 0.265331 3.611047
1 inf -8.583152 -0.904619 -0.229860 -2.286429 -1.453072 3.456121 0.245330 2.536570 0.206460 0.622745 2.304667 0.109372 10.328750 -0.224989 0.294199 3.635136
1 inf -8.563446 -0.903372 -0.240603 -2.295316 -1.422656 3.472543 0.269853 2.501107 0.203242 0.626891 2.329518 0.112398 10.331349 -0.245825 0.278672 3.650201
1 inf -8.594974 -0.902663 -0.266630 -2.272253 -1.395899 3.454049 0.282520 2.489400 0.177006 0.621435 2.328237 0.147473 10.343642 -0.259398 0.299891 3.665011
1 inf -8.586639 -0.895450 -0.262142 -2.272604 -1.390943 3.426410 0.286761 2.518845 0.170706 0.586997 2.348308 0.193569 10.329350 -0.242700 0.310381 3.669123
1 inf -8.604402 -0.878995 -0.264199 -2.220605 -1.384411 3.452314 0.308194 2.557125 0.180214 0.635614 2.371397 0.152758 10.299679 -0.240710 0.275521 3.663912
1 inf -8.628538 -0.865766 -0.256820 -2.222673 -1.361054 3.438565 0.305064 2.552471 0.165285 0.682236 2.356113 0.146586 10.318057 -0.228279 0.283452 3.657229
1 inf -8.643146 -0.885390 -0.253801 -2.240886 -1.376629 3.418222 0.311133 2.581541 0.206075 0.661000 2.334884 0.133276 10.273591 -0.244291 0.251936 3.665618
1 inf -8.705009 -0.895727 -0.202886 -2.254376 -1.359791 3.411207 0.308893 2.558216 0.272258 0.650092 2.337019 0.107180 10.280095 -0.257188 0.252370 3.696016
1 inf -8.682596 -0.893002 -0.175610 -2.273147 -1.394519 3.403643 0.319922 2.556239 0.286136 0.624230 2.308050 0.124349 10.250349 -0.242815 0.270192 3.736905
1 inf -8.656336 -0.887403 -0.198269 -2.264456 -1.366755 3.443147 0.301578 2.564619 0.280947 0.600820 2.300154 0.139393 10.232072 -0.257290 0.290707 3.721510
1 inf -8.664886 -0.872299 -0.174820 -2.214945 -1.362551 3.448911 0.281027 2.548209 0.309574 0.594417 2.339482 0.117390 10.204370 -0.298843 0.290970 3.694502
1 inf -8.683359 -0.891894 -0.156959 -2.246130 -1.359898 3.442351 0.270797 2.563145 0.317858 0.592913 2.333783 0.147186 10.181728 -0.292111 0.307907 3.671455
1 inf -8.672747 -0.893438 -0.150318 -2.222345 -1.370869 3.425981 0.269318 2.553797 0.306112 0.578406 2.359814 0.129601 10.144355 -0.309541 0.302021 3.694461
1 inf -8.642831 -0.886546 -0.140687 -2.236950 -1.378639 3.418511 0.260434 2.545578 0.297775 0.595652 2.351762 0.151234 10.170833 -0.283036 0.318145 3.670632
1 inf -8.642652 -0.868650 -0.146302 -2.191813 -1.404387 3.420089 0.235454 2.529487 0.306063 0.581537 2.327259 0.180522 10.159323 -0.286132 0.317645 3.655698
1 inf -8.677941 -0.855953 -0.186264 -2.159862 -1.404804 3.421141 0.247406 2.521407 0.317939 0.562304 2.339197 0.163053 10.154667 -0.294416 0.343671 3.634822
1 inf -8.680394 -0.887063 -0.173683 -2.198319 -1.429066 3.443517 0.236286 2.547993 0.332398 0.563884 2.328294 0.165646 10.123185 -0.313732 0.327226 3.637238
1 inf -8.696677 -0.896630 -0.144643 -2.203123 -1.412320 3.463829 0.228102 2.553559 0.347161 0.537831 2.293236 0.182999 10.094176 -0.321552 0.333979 3.664257
1 inf -8.688586 -0.922802 -0.163321 -2.224937 -1.379190 3.446237 0.248502 2.567569 0.353601 0.529220 2.265865 0.228784 10.069658 -0.347444 0.364647 3.678545
1 inf -8.703806 -0.882892 -0.149161 -2.245836 -1.375991 3.436753 0.250430 2.549553 0.371228 0.542993 2.268342 0.210075 10.035547 -0.343996 0.357812 3.667259
1 inf -8.709529 -0.862213 -0.156764 -2.221287 -1.392812 3.413124 0.229723 2.575480 0.381566 0.522145 2.269049 0.208965 10.015575 -0.281684 0.358376 3.675916
1 inf -8.719862 -0.821281 -0.127394 -2.202500 -1.359193 3.440621 0.242598 2.580345 0.375705 0.541371 2.261783 0.212701 10.042232 -0.255121 0.339477 3.681793
1 inf -8.712072 -0.851742 -0.127841 -2.237581 -1.356211 3.437408 0.210225 2.619064 0.375700 0.517425 2.243068 0.216332 10.043948 -0.260198 0.328965 3.673003
1 inf -8.700129 -0.852018 -0.105440 -2.281834 -1.337885 3.387414 0.190609 2.641257 0.347198 0.515137 2.240047 0.225156 10.029988 -0.264951 0.362862 3.632028
1 inf -8.699153 -0.862144 -0.103366 -2.247849 -1.353486 3.395736 0.207754 2.616045 0.408685 0.496638 2.235752 0.195190 10.060695 -0.231814 0.344628 3.629269
1 inf -8.696328 -0.893416 -0.093979 -2.243147 -1.407659 3.402623 0.231176 2.607008 0.409573 0.512085 2.232049 0.162024 10.062287 -0.227598 0.313165 3.629227
1 inf -8.659078 -0.879967 -0.066817 -2.286856 -1.400967 3.417086 0.232210 2.583672 0.400038 0.531191 2.218311 0.158513 10.063367 -0.250534 0.328362 3.674781
1 inf -8.661756 -0.845040 -0.040919 -2.249059 -1.427788 3.405761 0.241681 2.564788 0.395669 0.498987 2.194088 0.175785 10.044099 -0.231529 0.321091 3.684883
1 inf -8.651492 -0.837605 -0.033172 -2.215844 -1.433636 3.378973 0.257469 2.510744 0.343262 0.499771 2.194545 0.185478 10.010013 -0.245278 0.329669 3.642693
1 inf -8.663050 -0.792522 -0.066917 -2.235667 -1.404603 3.365981 0.283813 2.538027 0.368416 0.484643 2.196502 0.176184 9.963166 -0.248848 0.283783 3.619896
1 inf -8.685663 -0.814869 -0.067872 -2.225844 -1.397362 3.395107 0.314844 2.502485 0.372615 0.484215 2.173117 0.181022 9.936321 -0.238618 0.311817 3.614207
1 inf -8.664631 -0.825294 -0.074971 -2.224509 -1.422037 3.405526 0.338738 2.477376 0.367495 0.516694 2.178517 0.147494 9.953468 -0.243869 0.331439 3.608653
1 inf -8.688767 -0.812065 -0.067592 -2.226577 -1.398680 3.391777 0.335608 2.472722 0.352566 0.563316 2.163233 0.141322 9.971846 -0.231438 0.339370 3.601970
1 inf -8.705349 -0.799979 -0.052950 -2.249795 -1.392280 3.372913 0.333091 2.486774 0.385958 0.581911 2.140880 0.134049 9.962557 -0.200380 0.328999 3.609558
1 inf -8.711190 -0.806646 -0.054319 -2.235028 -1.396034 3.341091 0.329684 2.482811 0.346890 0.635405 2.164250 0.141803 9.958247 -0.181003 0.282723 3.617711
1 inf -8.701963 -0.792541 -0.037170 -2.213689 -1.371915 3.326967 0.288158 2.511667 0.357551 0.636778 2.169654 0.123125 9.954817 -0.185096 0.300817 3.582934
1 inf -8.709001 -0.781015 -0.024291 -2.194814 -1.354057 3.314962 0.272598 2.526230 0.325797 0.650506 2.162993 0.105642 9.973676 -0.201692 0.299405 3.599362
1 inf -8.701199 -0.793650 -0.005654 -2.197696 -1.303845 3.291990 0.274146 2.516892 0.291349 0.645242 2.178788 0.100621 9.988378 -0.193917 0.288048 3.603523
1 inf -8.703518 -0.793229 -0.020240 -2.235102 -1.304682 3.332663 0.326715 2.483406 0.266433 0.634525 2.170214 0.113406 9.985327 -0.173689 0.328098 3.595408
1 inf -8.706238 -0.777796 -0.036036 -2.252937 -1.287707 3.321581 0.315627 2.490221 0.293315 0.602237 2.141704 0.122974 9.992189 -0.189384 0.349020 3.599822
1 inf -8.660128 -0.809805 0.008724 -2.255733 -1.291144 3.312092 0.292293 2.473094 0.331834 0.627049 2.154113 0.119735 9.997065 -0.197827 0.349320 3.611367
1 inf -8.632378 -0.838564 0.006802 -2.255528 -1.250109 3.332130 0.288996 2.492385 0.347772 0.624322 2.136800 0.124300 10.011322 -0.181571 0.344583 3.629440
1 inf -8.636169 -0.861400 0.017844 -2.262036 -1.266534 3.341154 0.279946 2.483665 0.333436 0.616340 2.110575 0.128922 10.008325 -0.166667 0.363405 3.613638
1 inf -8.625555 -0.825868 0.010230 -2.286303 -1.268059 3.356151 0.262710 2.506228 0.316416 0.624803 2.128299 0.129167 9.994834 -0.179322 0.378522 3.607842
1 inf -8.615575 -0.808135 0.028553 -2.284668 -1.292285 3.323314 0.292062 2.501622 0.339846 0.623287 2.126437 0.106574 9.977696 -0.176183 0.371531 3.628997
1 inf -8.600283 -0.778464 0.014472 -2.261583 -1.314760 3.313757 0.282184 2.470980 0.318975 0.623600 2.095702 0.129820 10.002000 -0.212558 0.350497 3.634137
1 inf -8.582510 -0.764825 0.026376 -2.248803 -1.336168 3.337984 0.272062 2.472763 0.322945 0.641393 2.115785 0.119922 10.025939 -0.233545 0.339958 3.588309
1 inf -8.573302 -0.753857 0.026975 -2.239679 -1.370400 3.318838 0.273729 2.476768 0.306012 0.680335 2.158017 0.084517 10.034759 -0.243965 0.351073 3.579249
1 inf -8.554065 -0.762360 0.044015 -2.233137 -1.405249 3.287779 0.236678 2.522704 0.320762 0.625897 2.159451 0.082284 10.044599 -0.230711 0.354748 3.569918
1 inf -8.561686 -0.781284 0.028340 -2.246058 -1.398681 3.276990 0.236104 2.461874 0.250766 0.640758 2.142161 0.091137 10.083429 -0.217017 0.345301 3.548276
1 inf -8.568388 -0.784887 0.035492 -2.277510 -1.422219 3.325774 0.247768 2.476489 0.272999 0.662168 2.148904 0.076825 10.071602 -0.219461 0.368343 3.541742
1 inf -8.550253 -0.756576 0.054793 -2.274859 -1.399628 3.345528 0.259989 2.456108 0.247406 0.662646 2.134871 0.027395 10.054627 -0.222379 0.373109 3.560000
1 inf -8.536764 -0.717288 0.070131 -2.283584 -1.436229 3.375469 0.263421 2.471154 0.205523 0.644149 2.144790 0.009822 10.020176 -0.221520 0.391230 3.547270
1 inf -8.532875 -0.709107 0.082278 -2.243552 -1.424625 3.351831 0.274667 2.437898 0.195723 0.653883 2.133841 -0.017633 10.027613 -0.212848 0.395399 3.561303
1 inf -8.537111 -0.735516 0.077752 -2.247391 -1.442514 3.376357 0.313236 2.429418 0.177045 0.660486 2.151550 0.025187 10.012733 -0.195824 0.410224 3.557843
1 inf -8.528636 -0.746526 0.077819 -2.242144 -1.410537 3.364117 0.329135 2.417301 0.145394 0.672486 2.152378 0.007698 9.990286 -0.190421 0.380754 3.546662
1 inf -8.535230 -0.761838 0.090553 -2.238420 -1.423410 3.429858 0.323137 2.419624 0.133293 0.633514 2.132551 0.029032 10.019530 -0.188861 0.363979 3.519966
1 inf -8.520934 -0.752393 0.061368 -2.237312 -1.412726 3.419535 0.321011 2.421382 0.123062 0.647992 2.133426 0.027801 9.989075 -0.181428 0.335581 3.542828
