1 106.21345 -8.759056 -0.570056 -0.452099 -2.206827 -1.576501 3.073522 -0.060400 2.392114 0.320939 0.931340 1.886694 -0.070209 10.268973 -0.382718 -0.358002 0.155367 4.058585
1 106.21345 -8.759056 -0.570056 -0.452099 -2.206827 -1.576501 3.073522 -0.060400 2.392114 0.320939 0.931340 1.886694 -0.070209 10.268973 -0.382718 -0.358002 0.155367 4.058585
1 106.21345 -8.759056 -0.570056 -0.452099 -2.206827 -1.576501 3.073522 -0.060400 2.392114 0.320939 0.931340 1.886694 -0.070209 10.268973 -0.382718 -0.358002 0.155367 4.058585
1 94.677908 -8.738060 -0.603995 -0.460881 -2.213966 -1.568185 3.041699 -0.067256 2.393882 0.341690 0.889134 1.829547 -0.103186 10.263496 -0.344222 -0.338080 0.177194 4.086423
1 94.677908 -8.738060 -0.603995 -0.460881 -2.213966 -1.568185 3.041699 -0.067256 2.393882 0.341690 0.889134 1.829547 -0.103186 10.263496 -0.344222 -0.338080 0.177194 4.086423
1 94.677908 -8.738060 -0.603995 -0.460881 -2.213966 -1.568185 3.041699 -0.067256 2.393882 0.341690 0.889134 1.829547 -0.103186 10.263496 -0.344222 -0.338080 0.177194 4.086423
1 90.258484 -8.743930 -0.628562 -0.440189 -2.206264 -1.551471 3.020641 -0.062967 2.403710 0.353698 0.854031 1.894074 -0.084430 10.263083 -0.336015 -0.315711 0.170545 4.109659
1 79.451156 -8.736808 -0.588998 -0.467100 -2.206823 -1.562991 3.029551 -0.066407 2.423861 0.351833 0.846313 1.893604 -0.104799 10.255745 -0.342348 -0.327471 0.180220 4.088465
1 70.922763 -8.758959 -0.571365 -0.438228 -2.185322 -1.539000 3.057243 -0.057292 2.420327 0.365205 0.850195 1.893970 -0.120602 10.280138 -0.339123 -0.344706 0.203241 4.087850
1 60.401308 -8.758202 -0.597865 -0.461679 -2.175153 -1.579040 3.070428 -0.040896 2.422541 0.423047 0.846620 1.893046 -0.148745 10.237494 -0.336994 -0.324005 0.180463 4.100936
1 60.401308 -8.758202 -0.597865 -0.461679 -2.175153 -1.579040 3.070428 -0.040896 2.422541 0.423047 0.846620 1.893046 -0.148745 10.237494 -0.336994 -0.324005 0.180463 4.100936
1 60.401308 -8.758202 -0.597865 -0.461679 -2.175153 -1.579040 3.070428 -0.040896 2.422541 0.423047 0.846620 1.893046 -0.148745 10.237494 -0.336994 -0.324005 0.180463 4.100936
1 60.401308 -8.758202 -0.597865 -0.461679 -2.175153 -1.579040 3.070428 -0.040896 2.422541 0.423047 0.846620 1.893046 -0.148745 10.237494 -0.336994 -0.324005 0.180463 4.100936
1 60.401308 -8.758202 -0.597865 -0.461679 -2.175153 -1.579040 3.070428 -0.040896 2.422541 0.423047 0.846620 1.893046 -0.148745 10.237494 -0.336994 -0.324005 0.180463 4.100936
1 60.401308 -8.758202 -0.597865 -0.461679 -2.175153 -1.579040 3.070428 -0.040896 2.422541 0.423047 0.846620 1.893046 -0.148745 10.237494 -0.336994 -0.324005 0.180463 4.100936
1 60.401308 -8.758202 -0.597865 -0.461679 -2.175153 -1.579040 3.070428 -0.040896 2.422541 0.423047 0.846620 1.893046 -0.148745 10.237494 -0.336994 -0.324005 0.180463 4.100936
1 60.401308 -8.758202 -0.597865 -0.461679 -2.175153 -1.579040 3.070428 -0.040896 2.422541 0.423047 0.846620 1.893046 -0.148745 10.237494 -0.336994 -0.324005 0.180463 4.100936
1 60.401308 -8.758202 -0.597865 -0.461679 -2.175153 -1.579040 3.070428 -0.040896 2.422541 0.423047 0.846620 1.893046 -0.148745 10.237494 -0.336994 -0.324005 0.180463 4.100936
1 60.401308 -8.758202 -0.597865 -0.461679 -2.175153 -1.579040 3.070428 -0.040896 2.422541 0.423047 0.846620 1.893046 -0.148745 10.237494 -0.336994 -0.324005 0.180463 4.100936
1 60.401308 -8.758202 -0.597865 -0.461679 -2.175153 -1.579040 3.070428 -0.040896 2.422541 0.423047 0.846620 1.893046 -0.148745 10.237494 -0.336994 -0.324005 0.180463 4.100936
1 60.401308 -8.758202 -0.597865 -0.461679 -2.175153 -1.579040 3.070428 -0.040896 2.422541 0.423047 0.846620 1.893046 -0.148745 10.237494 -0.336994 -0.324005 0.180463 4.100936
1 58.708383 -8.757781 -0.609083 -0.450108 -2.202951 -1.613594 3.088197 -0.025473 2.414712 0.424069 0.876983 1.929509 -0.145195 10.254251 -0.326776 -0.303983 0.223971 4.102826
1 58.708383 -8.757781 -0.609083 -0.450108 -2.202951 -1.613594 3.088197 -0.025473 2.414712 0.424069 0.876983 1.929509 -0.145195 10.254251 -0.326776 -0.303983 0.223971 4.102826
1 58.708383 -8.757781 -0.609083 -0.450108 -2.202951 -1.613594 3.088197 -0.025473 2.414712 0.424069 0.876983 1.929509 -0.145195 10.254251 -0.326776 -0.303983 0.223971 4.102826
1 58.708383 -8.757781 -0.609083 -0.450108 -2.202951 -1.613594 3.088197 -0.025473 2.414712 0.424069 0.876983 1.929509 -0.145195 10.254251 -0.326776 -0.303983 0.223971 4.102826
1 58.708383 -8.757781 -0.609083 -0.450108 -2.202951 -1.613594 3.088197 -0.025473 2.414712 0.424069 0.876983 1.929509 -0.145195 10.254251 -0.326776 -0.303983 0.223971 4.102826
1 58.708383 -8.757781 -0.609083 -0.450108 -2.202951 -1.613594 3.088197 -0.025473 2.414712 0.424069 0.876983 1.929509 -0.145195 10.254251 -0.326776 -0.303983 0.223971 4.102826
1 58.708383 -8.757781 -0.609083 -0.450108 -2.202951 -1.613594 3.088197 -0.025473 2.414712 0.424069 0.876983 1.929509 -0.145195 10.254251 -0.326776 -0.303983 0.223971 4.102826
1 58.708383 -8.757781 -0.609083 -0.450108 -2.202951 -1.613594 3.088197 -0.025473 2.414712 0.424069 0.876983 1.929509 -0.145195 10.254251 -0.326776 -0.303983 0.223971 4.102826
1 58.708383 -8.757781 -0.609083 -0.450108 -2.202951 -1.613594 3.088197 -0.025473 2.414712 0.424069 0.876983 1.929509 -0.145195 10.254251 -0.326776 -0.303983 0.223971 4.102826
1 58.708383 -8.757781 -0.609083 -0.450108 -2.202951 -1.613594 3.088197 -0.025473 2.414712 0.424069 0.876983 1.929509 -0.145195 10.254251 -0.326776 -0.303983 0.223971 4.102826
1 58.708383 -8.757781 -0.609083 -0.450108 -2.202951 -1.613594 3.088197 -0.025473 2.414712 0.424069 0.876983 1.929509 -0.145195 10.254251 -0.326776 -0.303983 0.223971 4.102826
1 58.708383 -8.757781 -0.609083 -0.450108 -2.202951 -1.613594 3.088197 -0.025473 2.414712 0.424069 0.876983 1.929509 -0.145195 10.254251 -0.326776 -0.303983 0.223971 4.102826
1 58.708383 -8.757781 -0.609083 -0.450108 -2.202951 -1.613594 3.088197 -0.025473 2.414712 0.424069 0.876983 1.929509 -0.145195 10.254251 -0.326776 -0.303983 0.223971 4.102826
1 58.708383 -8.757781 -0.609083 -0.450108 -2.202951 -1.613594 3.088197 -0.025473 2.414712 0.424069 0.876983 1.929509 -0.145195 10.254251 -0.326776 -0.303983 0.223971 4.102826
1 58.708383 -8.757781 -0.609083 -0.450108 -2.202951 -1.613594 3.088197 -0.025473 2.414712 0.424069 0.876983 1.929509 -0.145195 10.254251 -0.326776 -0.303983 0.223971 4.102826
1 59.05885 -8.778492 -0.575749 -0.430761 -2.197117 -1.638694 3.057392 -0.041776 2.402053 0.415729 0.865498 1.926510 -0.122128 10.266273 -0.358871 -0.283738 0.231593 4.103780
1 56.560044 -8.810081 -0.581667 -0.426881 -2.194348 -1.617152 3.072651 -0.017475 2.386335 0.446970 0.885321 1.945435 -0.111384 10.257176 -0.402884 -0.261934 0.221026 4.103018
1 55.034688 -8.813335 -0.608330 -0.425598 -2.182763 -1.604656 3.090368 -0.012432 2.391456 0.457789 0.890780 1.956549 -0.109171 10.261036 -0.427949 -0.241380 0.232961 4.116033
1 55.034688 -8.813335 -0.608330 -0.425598 -2.182763 -1.604656 3.090368 -0.012432 2.391456 0.457789 0.890780 1.956549 -0.109171 10.261036 -0.427949 -0.241380 0.232961 4.116033
1 55.034688 -8.813335 -0.608330 -0.425598 -2.182763 -1.604656 3.090368 -0.012432 2.391456 0.457789 0.890780 1.956549 -0.109171 10.261036 -0.427949 -0.241380 0.232961 4.116033
1 55.034688 -8.813335 -0.608330 -0.425598 -2.182763 -1.604656 3.090368 -0.012432 2.391456 0.457789 0.890780 1.956549 -0.109171 10.261036 -0.427949 -0.241380 0.232961 4.116033
1 54.390749 -8.816991 -0.610423 -0.434510 -2.159352 -1.629504 3.117113 -0.004475 2.415788 0.468722 0.901197 1.973264 -0.105153 10.252958 -0.449675 -0.265179 0.247581 4.100712
1 54.390749 -8.816991 -0.610423 -0.434510 -2.159352 -1.629504 3.117113 -0.004475 2.415788 0.468722 0.901197 1.973264 -0.105153 10.252958 -0.449675 -0.265179 0.247581 4.100712
1 54.390749 -8.816991 -0.610423 -0.434510 -2.159352 -1.629504 3.117113 -0.004475 2.415788 0.468722 0.901197 1.973264 -0.105153 10.252958 -0.449675 -0.265179 0.247581 4.100712
1 54.390749 -8.816991 -0.610423 -0.434510 -2.159352 -1.629504 3.117113 -0.004475 2.415788 0.468722 0.901197 1.973264 -0.105153 10.252958 -0.449675 -0.265179 0.247581 4.100712
1 51.361597 -8.800796 -0.651682 -0.411876 -2.129071 -1.636836 3.123927 0.009174 2.429184 0.466718 0.914406 2.014765 -0.085561 10.299885 -0.459882 -0.248138 0.241985 4.112722
1 51.361597 -8.800796 -0.651682 -0.411876 -2.129071 -1.636836 3.123927 0.009174 2.429184 0.466718 0.914406 2.014765 -0.085561 10.299885 -0.459882 -0.248138 0.241985 4.112722
1 51.361597 -8.800796 -0.651682 -0.411876 -2.129071 -1.636836 3.123927 0.009174 2.429184 0.466718 0.914406 2.014765 -0.085561 10.299885 -0.459882 -0.248138 0.241985 4.112722
1 51.361597 -8.800796 -0.651682 -0.411876 -2.129071 -1.636836 3.123927 0.009174 2.429184 0.466718 0.914406 2.014765 -0.085561 10.299885 -0.459882 -0.248138 0.241985 4.112722
1 51.361597 -8.800796 -0.651682 -0.411876 -2.129071 -1.636836 3.123927 0.009174 2.429184 0.466718 0.914406 2.014765 -0.085561 10.299885 -0.459882 -0.248138 0.241985 4.112722
1 51.361597 -8.800796 -0.651682 -0.411876 -2.129071 -1.636836 3.123927 0.009174 2.429184 0.466718 0.914406 2.014765 -0.085561 10.299885 -0.459882 -0.248138 0.241985 4.112722
1 51.361597 -8.800796 -0.651682 -0.411876 -2.129071 -1.636836 3.123927 0.009174 2.429184 0.466718 0.914406 2.014765 -0.085561 10.299885 -0.459882 -0.248138 0.241985 4.112722
1 51.361597 -8.800796 -0.651682 -0.411876 -2.129071 -1.636836 3.123927 0.009174 2.429184 0.466718 0.914406 2.014765 -0.085561 10.299885 -0.459882 -0.248138 0.241985 4.112722
1 51.361597 -8.800796 -0.651682 -0.411876 -2.129071 -1.636836 3.123927 0.009174 2.429184 0.466718 0.914406 2.014765 -0.085561 10.299885 -0.459882 -0.248138 0.241985 4.112722
1 51.361597 -8.800796 -0.651682 -0.411876 -2.129071 -1.636836 3.123927 0.009174 2.429184 0.466718 0.914406 2.014765 -0.085561 10.299885 -0.459882 -0.248138 0.241985 4.112722
1 51.361597 -8.800796 -0.651682 -0.411876 -2.129071 -1.636836 3.123927 0.009174 2.429184 0.466718 0.914406 2.014765 -0.085561 10.299885 -0.459882 -0.248138 0.241985 4.112722
1 51.361597 -8.800796 -0.651682 -0.411876 -2.129071 -1.636836 3.123927 0.009174 2.429184 0.466718 0.914406 2.014765 -0.085561 10.299885 -0.459882 -0.248138 0.241985 4.112722
1 51.361597 -8.800796 -0.651682 -0.411876 -2.129071 -1.636836 3.123927 0.009174 2.429184 0.466718 0.914406 2.014765 -0.085561 10.299885 -0.459882 -0.248138 0.241985 4.112722
1 51.361597 -8.800796 -0.651682 -0.411876 -2.129071 -1.636836 3.123927 0.009174 2.429184 0.466718 0.914406 2.014765 -0.085561 10.299885 -0.459882 -0.248138 0.241985 4.112722
1 51.361597 -8.800796 -0.651682 -0.411876 -2.129071 -1.636836 3.123927 0.009174 2.429184 0.466718 0.914406 2.014765 -0.085561 10.299885 -0.459882 -0.248138 0.241985 4.112722
1 51.361597 -8.800796 -0.651682 -0.411876 -2.129071 -1.636836 3.123927 0.009174 2.429184 0.466718 0.914406 2.014765 -0.085561 10.299885 -0.459882 -0.248138 0.241985 4.112722
1 51.361597 -8.800796 -0.651682 -0.411876 -2.129071 -1.636836 3.123927 0.009174 2.429184 0.466718 0.914406 2.014765 -0.085561 10.299885 -0.459882 -0.248138 0.241985 4.112722
1 51.361597 -8.800796 -0.651682 -0.411876 -2.129071 -1.636836 3.123927 0.009174 2.429184 0.466718 0.914406 2.014765 -0.085561 10.299885 -0.459882 -0.248138 0.241985 4.112722
1 51.361597 -8.800796 -0.651682 -0.411876 -2.129071 -1.636836 3.123927 0.009174 2.429184 0.466718 0.914406 2.014765 -0.085561 10.299885 -0.459882 -0.248138 0.241985 4.112722
1 51.361597 -8.800796 -0.651682 -0.411876 -2.129071 -1.636836 3.123927 0.009174 2.429184 0.466718 0.914406 2.014765 -0.085561 10.299885 -0.459882 -0.248138 0.241985 4.112722
1 51.361597 -8.800796 -0.651682 -0.411876 -2.129071 -1.636836 3.123927 0.009174 2.429184 0.466718 0.914406 2.014765 -0.085561 10.299885 -0.459882 -0.248138 0.241985 4.112722
1 51.361597 -8.800796 -0.651682 -0.411876 -2.129071 -1.636836 3.123927 0.009174 2.429184 0.466718 0.914406 2.014765 -0.085561 10.299885 -0.459882 -0.248138 0.241985 4.112722
1 51.361597 -8.800796 -0.651682 -0.411876 -2.129071 -1.636836 3.123927 0.009174 2.429184 0.466718 0.914406 2.014765 -0.085561 10.299885 -0.459882 -0.248138 0.241985 4.112722
1 51.361597 -8.800796 -0.651682 -0.411876 -2.129071 -1.636836 3.123927 0.009174 2.429184 0.466718 0.914406 2.014765 -0.085561 10.299885 -0.459882 -0.248138 0.241985 4.112722
1 51.361597 -8.800796 -0.651682 -0.411876 -2.129071 -1.636836 3.123927 0.009174 2.429184 0.466718 0.914406 2.014765 -0.085561 10.299885 -0.459882 -0.248138 0.241985 4.112722
1 50.101809 -8.803873 -0.615950 -0.420797 -2.114144 -1.648193 3.136276 -0.003712 2.413386 0.433695 0.854819 2.022949 -0.086393 10.328168 -0.444535 -0.248248 0.245904 4.087948
1 50.101809 -8.803873 -0.615950 -0.420797 -2.114144 -1.648193 3.136276 -0.003712 2.413386 0.433695 0.854819 2.022949 -0.086393 10.328168 -0.444535 -0.248248 0.245904 4.087948
1 49.263354 -8.824503 -0.605058 -0.458009 -2.100534 -1.649187 3.139928 -0.030368 2.383719 0.451452 0.806251 2.029136 -0.108886 10.322100 -0.442765 -0.241513 0.267163 4.070097
1 49.263354 -8.824503 -0.605058 -0.458009 -2.100534 -1.649187 3.139928 -0.030368 2.383719 0.451452 0.806251 2.029136 -0.108886 10.322100 -0.442765 -0.241513 0.267163 4.070097
1 49.263354 -8.824503 -0.605058 -0.458009 -2.100534 -1.649187 3.139928 -0.030368 2.383719 0.451452 0.806251 2.029136 -0.108886 10.322100 -0.442765 -0.241513 0.267163 4.070097
1 49.263354 -8.824503 -0.605058 -0.458009 -2.100534 -1.649187 3.139928 -0.030368 2.383719 0.451452 0.806251 2.029136 -0.108886 10.322100 -0.442765 -0.241513 0.267163 4.070097
1 49.263354 -8.824503 -0.605058 -0.458009 -2.100534 -1.649187 3.139928 -0.030368 2.383719 0.451452 0.806251 2.029136 -0.108886 10.322100 -0.442765 -0.241513 0.267163 4.070097
1 49.263354 -8.824503 -0.605058 -0.458009 -2.100534 -1.649187 3.139928 -0.030368 2.383719 0.451452 0.806251 2.029136 -0.108886 10.322100 -0.442765 -0.241513 0.267163 4.070097
1 49.263354 -8.824503 -0.605058 -0.458009 -2.100534 -1.649187 3.139928 -0.030368 2.383719 0.451452 0.806251 2.029136 -0.108886 10.322100 -0.442765 -0.241513 0.267163 4.070097
1 49.263354 -8.824503 -0.605058 -0.458009 -2.100534 -1.649187 3.139928 -0.030368 2.383719 0.451452 0.806251 2.029136 -0.108886 10.322100 -0.442765 -0.241513 0.267163 4.070097
1 49.263354 -8.824503 -0.605058 -0.458009 -2.100534 -1.649187 3.139928 -0.030368 2.383719 0.451452 0.806251 2.029136 -0.108886 10.322100 -0.442765 -0.241513 0.267163 4.070097
1 49.263354 -8.824503 -0.605058 -0.458009 -2.100534 -1.649187 3.139928 -0.030368 2.383719 0.451452 0.806251 2.029136 -0.108886 10.322100 -0.442765 -0.241513 0.267163 4.070097
1 49.263354 -8.824503 -0.605058 -0.458009 -2.100534 -1.649187 3.139928 -0.030368 2.383719 0.451452 0.806251 2.029136 -0.108886 10.322100 -0.442765 -0.241513 0.267163 4.070097
1 49.263354 -8.824503 -0.605058 -0.458009 -2.100534 -1.649187 3.139928 -0.030368 2.383719 0.451452 0.806251 2.029136 -0.108886 10.322100 -0.442765 -0.241513 0.267163 4.070097
1 49.263354 -8.824503 -0.605058 -0.458009 -2.100534 -1.649187 3.139928 -0.030368 2.383719 0.451452 0.806251 2.029136 -0.108886 10.322100 -0.442765 -0.241513 0.267163 4.070097
1 48.658321 -8.848335 -0.593221 -0.467916 -2.070928 -1.670920 3.144531 -0.037415 2.369599 0.478163 0.853510 2.050576 -0.106583 10.347544 -0.422274 -0.247982 0.277492 4.068783
1 46.962603 -8.833743 -0.570285 -0.445978 -2.083072 -1.704349 3.144368 -0.031998 2.348116 0.467707 0.863732 2.085250 -0.128091 10.361026 -0.393784 -0.257300 0.300138 4.097993
1 46.723138 -8.822705 -0.584305 -0.402702 -2.077736 -1.709029 3.131778 -0.031700 2.338637 0.466994 0.858837 2.066441 -0.106964 10.426017 -0.383303 -0.269831 0.301925 4.110334
1 43.530297 -8.830132 -0.567608 -0.428321 -2.084955 -1.711511 3.146239 -0.048183 2.359636 0.464855 0.859374 2.074795 -0.132515 10.445033 -0.377539 -0.299246 0.326632 4.077316
1 40.934894 -8.827676 -0.586773 -0.430109 -2.063230 -1.703798 3.142354 -0.086859 2.358948 0.477877 0.859896 2.055802 -0.118154 10.421874 -0.369338 -0.290475 0.351716 4.053072
1 36.579612 -8.844250 -0.552969 -0.459876 -2.050023 -1.735177 3.135266 -0.070766 2.349146 0.452332 0.875273 2.091379 -0.112903 10.444017 -0.348869 -0.320833 0.355636 4.048181
1 36.579612 -8.844250 -0.552969 -0.459876 -2.050023 -1.735177 3.135266 -0.070766 2.349146 0.452332 0.875273 2.091379 -0.112903 10.444017 -0.348869 -0.320833 0.355636 4.048181
1 36.579612 -8.844250 -0.552969 -0.459876 -2.050023 -1.735177 3.135266 -0.070766 2.349146 0.452332 0.875273 2.091379 -0.112903 10.444017 -0.348869 -0.320833 0.355636 4.048181
1 36.579612 -8.844250 -0.552969 -0.459876 -2.050023 -1.735177 3.135266 -0.070766 2.349146 0.452332 0.875273 2.091379 -0.112903 10.444017 -0.348869 -0.320833 0.355636 4.048181
1 36.579612 -8.844250 -0.552969 -0.459876 -2.050023 -1.735177 3.135266 -0.070766 2.349146 0.452332 0.875273 2.091379 -0.112903 10.444017 -0.348869 -0.320833 0.355636 4.048181
1 36.579612 -8.844250 -0.552969 -0.459876 -2.050023 -1.735177 3.135266 -0.070766 2.349146 0.452332 0.875273 2.091379 -0.112903 10.444017 -0.348869 -0.320833 0.355636 4.048181
1 36.579612 -8.844250 -0.552969 -0.459876 -2.050023 -1.735177 3.135266 -0.070766 2.349146 0.452332 0.875273 2.091379 -0.112903 10.444017 -0.348869 -0.320833 0.355636 4.048181
1 36.579612 -8.844250 -0.552969 -0.459876 -2.050023 -1.735177 3.135266 -0.070766 2.349146 0.452332 0.875273 2.091379 -0.112903 10.444017 -0.348869 -0.320833 0.355636 4.048181
1 36.579612 -8.844250 -0.552969 -0.459876 -2.050023 -1.735177 3.135266 -0.070766 2.349146 0.452332 0.875273 2.091379 -0.112903 10.444017 -0.348869 -0.320833 0.355636 4.048181
1 36.579612 -8.844250 -0.552969 -0.459876 -2.050023 -1.735177 3.135266 -0.070766 2.349146 0.452332 0.875273 2.091379 -0.112903 10.444017 -0.348869 -0.320833 0.355636 4.048181
1 36.579612 -8.844250 -0.552969 -0.459876 -2.050023 -1.735177 3.135266 -0.070766 2.349146 0.452332 0.875273 2.091379 -0.112903 10.444017 -0.348869 -0.320833 0.355636 4.048181
1 36.579612 -8.844250 -0.552969 -0.459876 -2.050023 -1.735177 3.135266 -0.070766 2.349146 0.452332 0.875273 2.091379 -0.112903 10.444017 -0.348869 -0.320833 0.355636 4.048181
1 36.579612 -8.844250 -0.552969 -0.459876 -2.050023 -1.735177 3.135266 -0.070766 2.349146 0.452332 0.875273 2.091379 -0.112903 10.444017 -0.348869 -0.320833 0.355636 4.048181
1 36.579612 -8.844250 -0.552969 -0.459876 -2.050023 -1.735177 3.135266 -0.070766 2.349146 0.452332 0.875273 2.091379 -0.112903 10.444017 -0.348869 -0.320833 0.355636 4.048181
1 36.410255 -8.847010 -0.583282 -0.468899 -2.045998 -1.709038 3.175599 -0.063660 2.357867 0.444488 0.852832 2.074230 -0.101618 10.460019 -0.360539 -0.335845 0.382825 4.059899
1 36.410255 -8.847010 -0.583282 -0.468899 -2.045998 -1.709038 3.175599 -0.063660 2.357867 0.444488 0.852832 2.074230 -0.101618 10.460019 -0.360539 -0.335845 0.382825 4.059899
1 36.410255 -8.847010 -0.583282 -0.468899 -2.045998 -1.709038 3.175599 -0.063660 2.357867 0.444488 0.852832 2.074230 -0.101618 10.460019 -0.360539 -0.335845 0.382825 4.059899
1 36.410255 -8.847010 -0.583282 -0.468899 -2.045998 -1.709038 3.175599 -0.063660 2.357867 0.444488 0.852832 2.074230 -0.101618 10.460019 -0.360539 -0.335845 0.382825 4.059899
1 36.089716 -8.862109 -0.603113 -0.430466 -2.031431 -1.735291 3.167057 -0.063881 2.358653 0.399707 0.844370 2.075275 -0.110433 10.436499 -0.317458 -0.312837 0.392912 4.039685
1 34.216968 -8.893517 -0.602680 -0.462783 -2.003024 -1.740657 3.187757 -0.089389 2.362742 0.431453 0.822055 2.089280 -0.097950 10.449079 -0.309539 -0.313964 0.387500 4.045575
1 34.216968 -8.893517 -0.602680 -0.462783 -2.003024 -1.740657 3.187757 -0.089389 2.362742 0.431453 0.822055 2.089280 -0.097950 10.449079 -0.309539 -0.313964 0.387500 4.045575
1 34.216968 -8.893517 -0.602680 -0.462783 -2.003024 -1.740657 3.187757 -0.089389 2.362742 0.431453 0.822055 2.089280 -0.097950 10.449079 -0.309539 -0.313964 0.387500 4.045575
1 34.216968 -8.893517 -0.602680 -0.462783 -2.003024 -1.740657 3.187757 -0.089389 2.362742 0.431453 0.822055 2.089280 -0.097950 10.449079 -0.309539 -0.313964 0.387500 4.045575
1 34.216968 -8.893517 -0.602680 -0.462783 -2.003024 -1.740657 3.187757 -0.089389 2.362742 0.431453 0.822055 2.089280 -0.097950 10.449079 -0.309539 -0.313964 0.387500 4.045575
1 34.216968 -8.893517 -0.602680 -0.462783 -2.003024 -1.740657 3.187757 -0.089389 2.362742 0.431453 0.822055 2.089280 -0.097950 10.449079 -0.309539 -0.313964 0.387500 4.045575
1 34.216968 -8.893517 -0.602680 -0.462783 -2.003024 -1.740657 3.187757 -0.089389 2.362742 0.431453 0.822055 2.089280 -0.097950 10.449079 -0.309539 -0.313964 0.387500 4.045575
1 34.216968 -8.893517 -0.602680 -0.462783 -2.003024 -1.740657 3.187757 -0.089389 2.362742 0.431453 0.822055 2.089280 -0.097950 10.449079 -0.309539 -0.313964 0.387500 4.045575
1 34.216968 -8.893517 -0.602680 -0.462783 -2.003024 -1.740657 3.187757 -0.089389 2.362742 0.431453 0.822055 2.089280 -0.097950 10.449079 -0.309539 -0.313964 0.387500 4.045575
1 34.216968 -8.893517 -0.602680 -0.462783 -2.003024 -1.740657 3.187757 -0.089389 2.362742 0.431453 0.822055 2.089280 -0.097950 10.449079 -0.309539 -0.313964 0.387500 4.045575
1 34.216968 -8.893517 -0.602680 -0.462783 -2.003024 -1.740657 3.187757 -0.089389 2.362742 0.431453 0.822055 2.089280 -0.097950 10.449079 -0.309539 -0.313964 0.387500 4.045575
1 34.216968 -8.893517 -0.602680 -0.462783 -2.003024 -1.740657 3.187757 -0.089389 2.362742 0.431453 0.822055 2.089280 -0.097950 10.449079 -0.309539 -0.313964 0.387500 4.045575
1 34.216968 -8.893517 -0.602680 -0.462783 -2.003024 -1.740657 3.187757 -0.089389 2.362742 0.431453 0.822055 2.089280 -0.097950 10.449079 -0.309539 -0.313964 0.387500 4.045575
1 34.216968 -8.893517 -0.602680 -0.462783 -2.003024 -1.740657 3.187757 -0.089389 2.362742 0.431453 0.822055 2.089280 -0.097950 10.449079 -0.309539 -0.313964 0.387500 4.045575
1 34.216968 -8.893517 -0.602680 -0.462783 -2.003024 -1.740657 3.187757 -0.089389 2.362742 0.431453 0.822055 2.089280 -0.097950 10.449079 -0.309539 -0.313964 0.387500 4.045575
1 34.216968 -8.893517 -0.602680 -0.462783 -2.003024 -1.740657 3.187757 -0.089389 2.362742 0.431453 0.822055 2.089280 -0.097950 10.449079 -0.309539 -0.313964 0.387500 4.045575
1 34.216968 -8.893517 -0.602680 -0.462783 -2.003024 -1.740657 3.187757 -0.089389 2.362742 0.431453 0.822055 2.089280 -0.097950 10.449079 -0.309539 -0.313964 0.387500 4.045575
1 34.216968 -8.893517 -0.602680 -0.462783 -2.003024 -1.740657 3.187757 -0.089389 2.362742 0.431453 0.822055 2.089280 -0.097950 10.449079 -0.309539 -0.313964 0.387500 4.045575
1 34.216968 -8.893517 -0.602680 -0.462783 -2.003024 -1.740657 3.187757 -0.089389 2.362742 0.431453 0.822055 2.089280 -0.097950 10.449079 -0.309539 -0.313964 0.387500 4.045575
1 35.91298 -8.884346 -0.577773 -0.443573 -2.002707 -1.729878 3.172829 -0.063980 2.353468 0.480577 0.845595 2.080655 -0.101678 10.437445 -0.320226 -0.342191 0.403112 4.033961
1 35.91298 -8.884346 -0.577773 -0.443573 -2.002707 -1.729878 3.172829 -0.063980 2.353468 0.480577 0.845595 2.080655 -0.101678 10.437445 -0.320226 -0.342191 0.403112 4.033961
1 35.91298 -8.884346 -0.577773 -0.443573 -2.002707 -1.729878 3.172829 -0.063980 2.353468 0.480577 0.845595 2.080655 -0.101678 10.437445 -0.320226 -0.342191 0.403112 4.033961
1 34.233389 -8.901329 -0.623094 -0.451767 -1.983783 -1.735935 3.207517 -0.059880 2.323680 0.479032 0.879480 2.093386 -0.107806 10.441968 -0.308085 -0.339992 0.394690 4.034823
1 33.736453 -8.882673 -0.657720 -0.454695 -1.967647 -1.727366 3.218205 -0.069115 2.310831 0.493137 0.881836 2.083758 -0.114499 10.451137 -0.316696 -0.333376 0.391713 4.007181
1 33.736453 -8.882673 -0.657720 -0.454695 -1.967647 -1.727366 3.218205 -0.069115 2.310831 0.493137 0.881836 2.083758 -0.114499 10.451137 -0.316696 -0.333376 0.391713 4.007181
1 33.655662 -8.888370 -0.687163 -0.481212 -1.979192 -1.717337 3.203730 -0.054766 2.311091 0.483714 0.871754 2.084588 -0.114017 10.467546 -0.315971 -0.320653 0.378328 4.008025
1 33.655662 -8.888370 -0.687163 -0.481212 -1.979192 -1.717337 3.203730 -0.054766 2.311091 0.483714 0.871754 2.084588 -0.114017 10.467546 -0.315971 -0.320653 0.378328 4.008025
1 33.655662 -8.888370 -0.687163 -0.481212 -1.979192 -1.717337 3.203730 -0.054766 2.311091 0.483714 0.871754 2.084588 -0.114017 10.467546 -0.315971 -0.320653 0.378328 4.008025
1 33.655662 -8.888370 -0.687163 -0.481212 -1.979192 -1.717337 3.203730 -0.054766 2.311091 0.483714 0.871754 2.084588 -0.114017 10.467546 -0.315971 -0.320653 0.378328 4.008025
1 33.655662 -8.888370 -0.687163 -0.481212 -1.979192 -1.717337 3.203730 -0.054766 2.311091 0.483714 0.871754 2.084588 -0.114017 10.467546 -0.315971 -0.320653 0.378328 4.008025
1 33.655662 -8.888370 -0.687163 -0.481212 -1.979192 -1.717337 3.203730 -0.054766 2.311091 0.483714 0.871754 2.084588 -0.114017 10.467546 -0.315971 -0.320653 0.378328 4.008025
1 33.655662 -8.888370 -0.687163 -0.481212 -1.979192 -1.717337 3.203730 -0.054766 2.311091 0.483714 0.871754 2.084588 -0.114017 10.467546 -0.315971 -0.320653 0.378328 4.008025
1 33.655662 -8.888370 -0.687163 -0.481212 -1.979192 -1.717337 3.203730 -0.054766 2.311091 0.483714 0.871754 2.084588 -0.114017 10.467546 -0.315971 -0.320653 0.378328 4.008025
1 33.655662 -8.888370 -0.687163 -0.481212 -1.979192 -1.717337 3.203730 -0.054766 2.311091 0.483714 0.871754 2.084588 -0.114017 10.467546 -0.315971 -0.320653 0.378328 4.008025
1 33.655662 -8.888370 -0.687163 -0.481212 -1.979192 -1.717337 3.203730 -0.054766 2.311091 0.483714 0.871754 2.084588 -0.114017 10.467546 -0.315971 -0.320653 0.378328 4.008025
1 33.655662 -8.888370 -0.687163 -0.481212 -1.979192 -1.717337 3.203730 -0.054766 2.311091 0.483714 0.871754 2.084588 -0.114017 10.467546 -0.315971 -0.320653 0.378328 4.008025
1 33.655662 -8.888370 -0.687163 -0.481212 -1.979192 -1.717337 3.203730 -0.054766 2.311091 0.483714 0.871754 2.084588 -0.114017 10.467546 -0.315971 -0.320653 0.378328 4.008025
1 33.655662 -8.888370 -0.687163 -0.481212 -1.979192 -1.717337 3.203730 -0.054766 2.311091 0.483714 0.871754 2.084588 -0.114017 10.467546 -0.315971 -0.320653 0.378328 4.008025
1 33.655662 -8.888370 -0.687163 -0.481212 -1.979192 -1.717337 3.203730 -0.054766 2.311091 0.483714 0.871754 2.084588 -0.114017 10.467546 -0.315971 -0.320653 0.378328 4.008025
1 33.655662 -8.888370 -0.687163 -0.481212 -1.979192 -1.717337 3.203730 -0.054766 2.311091 0.483714 0.871754 2.084588 -0.114017 10.467546 -0.315971 -0.320653 0.378328 4.008025
1 33.655662 -8.888370 -0.687163 -0.481212 -1.979192 -1.717337 3.203730 -0.054766 2.311091 0.483714 0.871754 2.084588 -0.114017 10.467546 -0.315971 -0.320653 0.378328 4.008025
1 33.219816 -8.865070 -0.741721 -0.480246 -1.979724 -1.756027 3.177434 -0.077226 2.314585 0.464411 0.919524 2.080367 -0.124131 10.485196 -0.303834 -0.304918 0.390547 4.009412
1 33.219816 -8.865070 -0.741721 -0.480246 -1.979724 -1.756027 3.177434 -0.077226 2.314585 0.464411 0.919524 2.080367 -0.124131 10.485196 -0.303834 -0.304918 0.390547 4.009412
1 33.219816 -8.865070 -0.741721 -0.480246 -1.979724 -1.756027 3.177434 -0.077226 2.314585 0.464411 0.919524 2.080367 -0.124131 10.485196 -0.303834 -0.304918 0.390547 4.009412
1 33.219816 -8.865070 -0.741721 -0.480246 -1.979724 -1.756027 3.177434 -0.077226 2.314585 0.464411 0.919524 2.080367 -0.124131 10.485196 -0.303834 -0.304918 0.390547 4.009412
1 33.219816 -8.865070 -0.741721 -0.480246 -1.979724 -1.756027 3.177434 -0.077226 2.314585 0.464411 0.919524 2.080367 -0.124131 10.485196 -0.303834 -0.304918 0.390547 4.009412
1 33.219816 -8.865070 -0.741721 -0.480246 -1.979724 -1.756027 3.177434 -0.077226 2.314585 0.464411 0.919524 2.080367 -0.124131 10.485196 -0.303834 -0.304918 0.390547 4.009412
1 33.219816 -8.865070 -0.741721 -0.480246 -1.979724 -1.756027 3.177434 -0.077226 2.314585 0.464411 0.919524 2.080367 -0.124131 10.485196 -0.303834 -0.304918 0.390547 4.009412
1 33.219816 -8.865070 -0.741721 -0.480246 -1.979724 -1.756027 3.177434 -0.077226 2.314585 0.464411 0.919524 2.080367 -0.124131 10.485196 -0.303834 -0.304918 0.390547 4.009412
1 33.219816 -8.865070 -0.741721 -0.480246 -1.979724 -1.756027 3.177434 -0.077226 2.314585 0.464411 0.919524 2.080367 -0.124131 10.485196 -0.303834 -0.304918 0.390547 4.009412
1 33.219816 -8.865070 -0.741721 -0.480246 -1.979724 -1.756027 3.177434 -0.077226 2.314585 0.464411 0.919524 2.080367 -0.124131 10.485196 -0.303834 -0.304918 0.390547 4.009412
1 33.219816 -8.865070 -0.741721 -0.480246 -1.979724 -1.756027 3.177434 -0.077226 2.314585 0.464411 0.919524 2.080367 -0.124131 10.485196 -0.303834 -0.304918 0.390547 4.009412
1 33.219816 -8.865070 -0.741721 -0.480246 -1.979724 -1.756027 3.177434 -0.077226 2.314585 0.464411 0.919524 2.080367 -0.124131 10.485196 -0.303834 -0.304918 0.390547 4.009412
1 33.219816 -8.865070 -0.741721 -0.480246 -1.979724 -1.756027 3.177434 -0.077226 2.314585 0.464411 0.919524 2.080367 -0.124131 10.485196 -0.303834 -0.304918 0.390547 4.009412
1 33.219816 -8.865070 -0.741721 -0.480246 -1.979724 -1.756027 3.177434 -0.077226 2.314585 0.464411 0.919524 2.080367 -0.124131 10.485196 -0.303834 -0.304918 0.390547 4.009412
1 33.219816 -8.865070 -0.741721 -0.480246 -1.979724 -1.756027 3.177434 -0.077226 2.314585 0.464411 0.919524 2.080367 -0.124131 10.485196 -0.303834 -0.304918 0.390547 4.009412
1 33.219816 -8.865070 -0.741721 -0.480246 -1.979724 -1.756027 3.177434 -0.077226 2.314585 0.464411 0.919524 2.080367 -0.124131 10.485196 -0.303834 -0.304918 0.390547 4.009412
1 33.219816 -8.865070 -0.741721 -0.480246 -1.979724 -1.756027 3.177434 -0.077226 2.314585 0.464411 0.919524 2.080367 -0.124131 10.485196 -0.303834 -0.304918 0.390547 4.009412
1 33.219816 -8.865070 -0.741721 -0.480246 -1.979724 -1.756027 3.177434 -0.077226 2.314585 0.464411 0.919524 2.080367 -0.124131 10.485196 -0.303834 -0.304918 0.390547 4.009412
1 33.219816 -8.865070 -0.741721 -0.480246 -1.979724 -1.756027 3.177434 -0.077226 2.314585 0.464411 0.919524 2.080367 -0.124131 10.485196 -0.303834 -0.304918 0.390547 4.009412
1 33.219816 -8.865070 -0.741721 -0.480246 -1.979724 -1.756027 3.177434 -0.077226 2.314585 0.464411 0.919524 2.080367 -0.124131 10.485196 -0.303834 -0.304918 0.390547 4.009412
1 33.219816 -8.865070 -0.741721 -0.480246 -1.979724 -1.756027 3.177434 -0.077226 2.314585 0.464411 0.919524 2.080367 -0.124131 10.485196 -0.303834 -0.304918 0.390547 4.009412
1 33.219816 -8.865070 -0.741721 -0.480246 -1.979724 -1.756027 3.177434 -0.077226 2.314585 0.464411 0.919524 2.080367 -0.124131 10.485196 -0.303834 -0.304918 0.390547 4.009412
1 33.219816 -8.865070 -0.741721 -0.480246 -1.979724 -1.756027 3.177434 -0.077226 2.314585 0.464411 0.919524 2.080367 -0.124131 10.485196 -0.303834 -0.304918 0.390547 4.009412
1 33.219816 -8.865070 -0.741721 -0.480246 -1.979724 -1.756027 3.177434 -0.077226 2.314585 0.464411 0.919524 2.080367 -0.124131 10.485196 -0.303834 -0.304918 0.390547 4.009412
1 33.219816 -8.865070 -0.741721 -0.480246 -1.979724 -1.756027 3.177434 -0.077226 2.314585 0.464411 0.919524 2.080367 -0.124131 10.485196 -0.303834 -0.304918 0.390547 4.009412
1 33.219816 -8.865070 -0.741721 -0.480246 -1.979724 -1.756027 3.177434 -0.077226 2.314585 0.464411 0.919524 2.080367 -0.124131 10.485196 -0.303834 -0.304918 0.390547 4.009412
1 33.219816 -8.865070 -0.741721 -0.480246 -1.979724 -1.756027 3.177434 -0.077226 2.314585 0.464411 0.919524 2.080367 -0.124131 10.485196 -0.303834 -0.304918 0.390547 4.009412
1 33.219816 -8.865070 -0.741721 -0.480246 -1.979724 -1.756027 3.177434 -0.077226 2.314585 0.464411 0.919524 2.080367 -0.124131 10.485196 -0.303834 -0.304918 0.390547 4.009412
1 33.219816 -8.865070 -0.741721 -0.480246 -1.979724 -1.756027 3.177434 -0.077226 2.314585 0.464411 0.919524 2.080367 -0.124131 10.485196 -0.303834 -0.304918 0.390547 4.009412
1 33.219816 -8.865070 -0.741721 -0.480246 -1.979724 -1.756027 3.177434 -0.077226 2.314585 0.464411 0.919524 2.080367 -0.124131 10.485196 -0.303834 -0.304918 0.390547 4.009412
1 33.219816 -8.865070 -0.741721 -0.480246 -1.979724 -1.756027 3.177434 -0.077226 2.314585 0.464411 0.919524 2.080367 -0.124131 10.485196 -0.303834 -0.304918 0.390547 4.009412
1 33.219816 -8.865070 -0.741721 -0.480246 -1.979724 -1.756027 3.177434 -0.077226 2.314585 0.464411 0.919524 2.080367 -0.124131 10.485196 -0.303834 -0.304918 0.390547 4.009412
1 33.219816 -8.865070 -0.741721 -0.480246 -1.979724 -1.756027 3.177434 -0.077226 2.314585 0.464411 0.919524 2.080367 -0.124131 10.485196 -0.303834 -0.304918 0.390547 4.009412
1 33.219816 -8.865070 -0.741721 -0.480246 -1.979724 -1.756027 3.177434 -0.077226 2.314585 0.464411 0.919524 2.080367 -0.124131 10.485196 -0.303834 -0.304918 0.390547 4.009412
1 33.219816 -8.865070 -0.741721 -0.480246 -1.979724 -1.756027 3.177434 -0.077226 2.314585 0.464411 0.919524 2.080367 -0.124131 10.485196 -0.303834 -0.304918 0.390547 4.009412
1 33.219816 -8.865070 -0.741721 -0.480246 -1.979724 -1.756027 3.177434 -0.077226 2.314585 0.464411 0.919524 2.080367 -0.124131 10.485196 -0.303834 -0.304918 0.390547 4.009412
1 33.219816 -8.865070 -0.741721 -0.480246 -1.979724 -1.756027 3.177434 -0.077226 2.314585 0.464411 0.919524 2.080367 -0.124131 10.485196 -0.303834 -0.304918 0.390547 4.009412
1 33.219816 -8.865070 -0.741721 -0.480246 -1.979724 -1.756027 3.177434 -0.077226 2.314585 0.464411 0.919524 2.080367 -0.124131 10.485196 -0.303834 -0.304918 0.390547 4.009412
1 33.219816 -8.865070 -0.741721 -0.480246 -1.979724 -1.756027 3.177434 -0.077226 2.314585 0.464411 0.919524 2.080367 -0.124131 10.485196 -0.303834 -0.304918 0.390547 4.009412
1 33.219816 -8.865070 -0.741721 -0.480246 -1.979724 -1.756027 3.177434 -0.077226 2.314585 0.464411 0.919524 2.080367 -0.124131 10.485196 -0.303834 -0.304918 0.390547 4.009412
1 33.219816 -8.865070 -0.741721 -0.480246 -1.979724 -1.756027 3.177434 -0.077226 2.314585 0.464411 0.919524 2.080367 -0.124131 10.485196 -0.303834 -0.304918 0.390547 4.009412
1 33.219816 -8.865070 -0.741721 -0.480246 -1.979724 -1.756027 3.177434 -0.077226 2.314585 0.464411 0.919524 2.080367 -0.124131 10.485196 -0.303834 -0.304918 0.390547 4.009412
1 33.219816 -8.865070 -0.741721 -0.480246 -1.979724 -1.756027 3.177434 -0.077226 2.314585 0.464411 0.919524 2.080367 -0.124131 10.485196 -0.303834 -0.304918 0.390547 4.009412
1 33.219816 -8.865070 -0.741721 -0.480246 -1.979724 -1.756027 3.177434 -0.077226 2.314585 0.464411 0.919524 2.080367 -0.124131 10.485196 -0.303834 -0.304918 0.390547 4.009412
1 33.219816 -8.865070 -0.741721 -0.480246 -1.979724 -1.756027 3.177434 -0.077226 2.314585 0.464411 0.919524 2.080367 -0.124131 10.485196 -0.303834 -0.304918 0.390547 4.009412
1 33.219816 -8.865070 -0.741721 -0.480246 -1.979724 -1.756027 3.177434 -0.077226 2.314585 0.464411 0.919524 2.080367 -0.124131 10.485196 -0.303834 -0.304918 0.390547 4.009412
1 33.219816 -8.865070 -0.741721 -0.480246 -1.979724 -1.756027 3.177434 -0.077226 2.314585 0.464411 0.919524 2.080367 -0.124131 10.485196 -0.303834 -0.304918 0.390547 4.009412
1 33.219816 -8.865070 -0.741721 -0.480246 -1.979724 -1.756027 3.177434 -0.077226 2.314585 0.464411 0.919524 2.080367 -0.124131 10.485196 -0.303834 -0.304918 0.390547 4.009412
1 33.219816 -8.865070 -0.741721 -0.480246 -1.979724 -1.756027 3.177434 -0.077226 2.314585 0.464411 0.919524 2.080367 -0.124131 10.485196 -0.303834 -0.304918 0.390547 4.009412
1 33.219816 -8.865070 -0.741721 -0.480246 -1.979724 -1.756027 3.177434 -0.077226 2.314585 0.464411 0.919524 2.080367 -0.124131 10.485196 -0.303834 -0.304918 0.390547 4.009412
1 33.219816 -8.865070 -0.741721 -0.480246 -1.979724 -1.756027 3.177434 -0.077226 2.314585 0.464411 0.919524 2.080367 -0.124131 10.485196 -0.303834 -0.304918 0.390547 4.009412
1 33.219816 -8.865070 -0.741721 -0.480246 -1.979724 -1.756027 3.177434 -0.077226 2.314585 0.464411 0.919524 2.080367 -0.124131 10.485196 -0.303834 -0.304918 0.390547 4.009412
1 33.219816 -8.865070 -0.741721 -0.480246 -1.979724 -1.756027 3.177434 -0.077226 2.314585 0.464411 0.919524 2.080367 -0.124131 10.485196 -0.303834 -0.304918 0.390547 4.009412
1 33.219816 -8.865070 -0.741721 -0.480246 -1.979724 -1.756027 3.177434 -0.077226 2.314585 0.464411 0.919524 2.080367 -0.124131 10.485196 -0.303834 -0.304918 0.390547 4.009412
1 32.913903 -8.863673 -0.767123 -0.453377 -1.982444 -1.781990 3.167584 -0.107162 2.315560 0.477622 0.952717 2.064941 -0.102332 10.481527 -0.279941 -0.296953 0.391161 4.008396
1 32.913903 -8.863673 -0.767123 -0.453377 -1.982444 -1.781990 3.167584 -0.107162 2.315560 0.477622 0.952717 2.064941 -0.102332 10.481527 -0.279941 -0.296953 0.391161 4.008396
1 32.913903 -8.863673 -0.767123 -0.453377 -1.982444 -1.781990 3.167584 -0.107162 2.315560 0.477622 0.952717 2.064941 -0.102332 10.481527 -0.279941 -0.296953 0.391161 4.008396
1 32.913903 -8.863673 -0.767123 -0.453377 -1.982444 -1.781990 3.167584 -0.107162 2.315560 0.477622 0.952717 2.064941 -0.102332 10.481527 -0.279941 -0.296953 0.391161 4.008396
1 32.913903 -8.863673 -0.767123 -0.453377 -1.982444 -1.781990 3.167584 -0.107162 2.315560 0.477622 0.952717 2.064941 -0.102332 10.481527 -0.279941 -0.296953 0.391161 4.008396
1 32.913903 -8.863673 -0.767123 -0.453377 -1.982444 -1.781990 3.167584 -0.107162 2.315560 0.477622 0.952717 2.064941 -0.102332 10.481527 -0.279941 -0.296953 0.391161 4.008396
1 32.913903 -8.863673 -0.767123 -0.453377 -1.982444 -1.781990 3.167584 -0.107162 2.315560 0.477622 0.952717 2.064941 -0.102332 10.481527 -0.279941 -0.296953 0.391161 4.008396
1 32.913903 -8.863673 -0.767123 -0.453377 -1.982444 -1.781990 3.167584 -0.107162 2.315560 0.477622 0.952717 2.064941 -0.102332 10.481527 -0.279941 -0.296953 0.391161 4.008396
1 32.913903 -8.863673 -0.767123 -0.453377 -1.982444 -1.781990 3.167584 -0.107162 2.315560 0.477622 0.952717 2.064941 -0.102332 10.481527 -0.279941 -0.296953 0.391161 4.008396
1 32.913903 -8.863673 -0.767123 -0.453377 -1.982444 -1.781990 3.167584 -0.107162 2.315560 0.477622 0.952717 2.064941 -0.102332 10.481527 -0.279941 -0.296953 0.391161 4.008396
1 32.913903 -8.863673 -0.767123 -0.453377 -1.982444 -1.781990 3.167584 -0.107162 2.315560 0.477622 0.952717 2.064941 -0.102332 10.481527 -0.279941 -0.296953 0.391161 4.008396
1 32.913903 -8.863673 -0.767123 -0.453377 -1.982444 -1.781990 3.167584 -0.107162 2.315560 0.477622 0.952717 2.064941 -0.102332 10.481527 -0.279941 -0.296953 0.391161 4.008396
1 32.913903 -8.863673 -0.767123 -0.453377 -1.982444 -1.781990 3.167584 -0.107162 2.315560 0.477622 0.952717 2.064941 -0.102332 10.481527 -0.279941 -0.296953 0.391161 4.008396
1 32.913903 -8.863673 -0.767123 -0.453377 -1.982444 -1.781990 3.167584 -0.107162 2.315560 0.477622 0.952717 2.064941 -0.102332 10.481527 -0.279941 -0.296953 0.391161 4.008396
1 32.913903 -8.863673 -0.767123 -0.453377 -1.982444 -1.781990 3.167584 -0.107162 2.315560 0.477622 0.952717 2.064941 -0.102332 10.481527 -0.279941 -0.296953 0.391161 4.008396
1 32.913903 -8.863673 -0.767123 -0.453377 -1.982444 -1.781990 3.167584 -0.107162 2.315560 0.477622 0.952717 2.064941 -0.102332 10.481527 -0.279941 -0.296953 0.391161 4.008396
1 32.913903 -8.863673 -0.767123 -0.453377 -1.982444 -1.781990 3.167584 -0.107162 2.315560 0.477622 0.952717 2.064941 -0.102332 10.481527 -0.279941 -0.296953 0.391161 4.008396
1 32.913903 -8.863673 -0.767123 -0.453377 -1.982444 -1.781990 3.167584 -0.107162 2.315560 0.477622 0.952717 2.064941 -0.102332 10.481527 -0.279941 -0.296953 0.391161 4.008396
1 32.913903 -8.863673 -0.767123 -0.453377 -1.982444 -1.781990 3.167584 -0.107162 2.315560 0.477622 0.952717 2.064941 -0.102332 10.481527 -0.279941 -0.296953 0.391161 4.008396
1 32.913903 -8.863673 -0.767123 -0.453377 -1.982444 -1.781990 3.167584 -0.107162 2.315560 0.477622 0.952717 2.064941 -0.102332 10.481527 -0.279941 -0.296953 0.391161 4.008396
1 32.913903 -8.863673 -0.767123 -0.453377 -1.982444 -1.781990 3.167584 -0.107162 2.315560 0.477622 0.952717 2.064941 -0.102332 10.481527 -0.279941 -0.296953 0.391161 4.008396
1 32.913903 -8.863673 -0.767123 -0.453377 -1.982444 -1.781990 3.167584 -0.107162 2.315560 0.477622 0.952717 2.064941 -0.102332 10.481527 -0.279941 -0.296953 0.391161 4.008396
1 32.913903 -8.863673 -0.767123 -0.453377 -1.982444 -1.781990 3.167584 -0.107162 2.315560 0.477622 0.952717 2.064941 -0.102332 10.481527 -0.279941 -0.296953 0.391161 4.008396
1 32.913903 -8.863673 -0.767123 -0.453377 -1.982444 -1.781990 3.167584 -0.107162 2.315560 0.477622 0.952717 2.064941 -0.102332 10.481527 -0.279941 -0.296953 0.391161 4.008396
1 32.913903 -8.863673 -0.767123 -0.453377 -1.982444 -1.781990 3.167584 -0.107162 2.315560 0.477622 0.952717 2.064941 -0.102332 10.481527 -0.279941 -0.296953 0.391161 4.008396
1 32.913903 -8.863673 -0.767123 -0.453377 -1.982444 -1.781990 3.167584 -0.107162 2.315560 0.477622 0.952717 2.064941 -0.102332 10.481527 -0.279941 -0.296953 0.391161 4.008396
1 32.913903 -8.863673 -0.767123 -0.453377 -1.982444 -1.781990 3.167584 -0.107162 2.315560 0.477622 0.952717 2.064941 -0.102332 10.481527 -0.279941 -0.296953 0.391161 4.008396
1 32.913903 -8.863673 -0.767123 -0.453377 -1.982444 -1.781990 3.167584 -0.107162 2.315560 0.477622 0.952717 2.064941 -0.102332 10.481527 -0.279941 -0.296953 0.391161 4.008396
1 32.913903 -8.863673 -0.767123 -0.453377 -1.982444 -1.781990 3.167584 -0.107162 2.315560 0.477622 0.952717 2.064941 -0.102332 10.481527 -0.279941 -0.296953 0.391161 4.008396
1 32.913903 -8.863673 -0.767123 -0.453377 -1.982444 -1.781990 3.167584 -0.107162 2.315560 0.477622 0.952717 2.064941 -0.102332 10.481527 -0.279941 -0.296953 0.391161 4.008396
1 32.913903 -8.863673 -0.767123 -0.453377 -1.982444 -1.781990 3.167584 -0.107162 2.315560 0.477622 0.952717 2.064941 -0.102332 10.481527 -0.279941 -0.296953 0.391161 4.008396
1 32.913903 -8.863673 -0.767123 -0.453377 -1.982444 -1.781990 3.167584 -0.107162 2.315560 0.477622 0.952717 2.064941 -0.102332 10.481527 -0.279941 -0.296953 0.391161 4.008396
1 32.913903 -8.863673 -0.767123 -0.453377 -1.982444 -1.781990 3.167584 -0.107162 2.315560 0.477622 0.952717 2.064941 -0.102332 10.481527 -0.279941 -0.296953 0.391161 4.008396
1 32.913903 -8.863673 -0.767123 -0.453377 -1.982444 -1.781990 3.167584 -0.107162 2.315560 0.477622 0.952717 2.064941 -0.102332 10.481527 -0.279941 -0.296953 0.391161 4.008396
1 32.913903 -8.863673 -0.767123 -0.453377 -1.982444 -1.781990 3.167584 -0.107162 2.315560 0.477622 0.952717 2.064941 -0.102332 10.481527 -0.279941 -0.296953 0.391161 4.008396
1 32.913903 -8.863673 -0.767123 -0.453377 -1.982444 -1.781990 3.167584 -0.107162 2.315560 0.477622 0.952717 2.064941 -0.102332 10.481527 -0.279941 -0.296953 0.391161 4.008396
1 32.913903 -8.863673 -0.767123 -0.453377 -1.982444 -1.781990 3.167584 -0.107162 2.315560 0.477622 0.952717 2.064941 -0.102332 10.481527 -0.279941 -0.296953 0.391161 4.008396
1 32.913903 -8.863673 -0.767123 -0.453377 -1.982444 -1.781990 3.167584 -0.107162 2.315560 0.477622 0.952717 2.064941 -0.102332 10.481527 -0.279941 -0.296953 0.391161 4.008396
1 32.913903 -8.863673 -0.767123 -0.453377 -1.982444 -1.781990 3.167584 -0.107162 2.315560 0.477622 0.952717 2.064941 -0.102332 10.481527 -0.279941 -0.296953 0.391161 4.008396
1 32.913903 -8.863673 -0.767123 -0.453377 -1.982444 -1.781990 3.167584 -0.107162 2.315560 0.477622 0.952717 2.064941 -0.102332 10.481527 -0.279941 -0.296953 0.391161 4.008396
1 32.913903 -8.863673 -0.767123 -0.453377 -1.982444 -1.781990 3.167584 -0.107162 2.315560 0.477622 0.952717 2.064941 -0.102332 10.481527 -0.279941 -0.296953 0.391161 4.008396
1 32.913903 -8.863673 -0.767123 -0.453377 -1.982444 -1.781990 3.167584 -0.107162 2.315560 0.477622 0.952717 2.064941 -0.102332 10.481527 -0.279941 -0.296953 0.391161 4.008396
1 32.913903 -8.863673 -0.767123 -0.453377 -1.982444 -1.781990 3.167584 -0.107162 2.315560 0.477622 0.952717 2.064941 -0.102332 10.481527 -0.279941 -0.296953 0.391161 4.008396
1 32.913903 -8.863673 -0.767123 -0.453377 -1.982444 -1.781990 3.167584 -0.107162 2.315560 0.477622 0.952717 2.064941 -0.102332 10.481527 -0.279941 -0.296953 0.391161 4.008396
1 32.913903 -8.863673 -0.767123 -0.453377 -1.982444 -1.781990 3.167584 -0.107162 2.315560 0.477622 0.952717 2.064941 -0.102332 10.481527 -0.279941 -0.296953 0.391161 4.008396
1 32.913903 -8.863673 -0.767123 -0.453377 -1.982444 -1.781990 3.167584 -0.107162 2.315560 0.477622 0.952717 2.064941 -0.102332 10.481527 -0.279941 -0.296953 0.391161 4.008396
1 32.913903 -8.863673 -0.767123 -0.453377 -1.982444 -1.781990 3.167584 -0.107162 2.315560 0.477622 0.952717 2.064941 -0.102332 10.481527 -0.279941 -0.296953 0.391161 4.008396
1 32.913903 -8.863673 -0.767123 -0.453377 -1.982444 -1.781990 3.167584 -0.107162 2.315560 0.477622 0.952717 2.064941 -0.102332 10.481527 -0.279941 -0.296953 0.391161 4.008396
1 32.913903 -8.863673 -0.767123 -0.453377 -1.982444 -1.781990 3.167584 -0.107162 2.315560 0.477622 0.952717 2.064941 -0.102332 10.481527 -0.279941 -0.296953 0.391161 4.008396
1 32.913903 -8.863673 -0.767123 -0.453377 -1.982444 -1.781990 3.167584 -0.107162 2.315560 0.477622 0.952717 2.064941 -0.102332 10.481527 -0.279941 -0.296953 0.391161 4.008396
1 32.913903 -8.863673 -0.767123 -0.453377 -1.982444 -1.781990 3.167584 -0.107162 2.315560 0.477622 0.952717 2.064941 -0.102332 10.481527 -0.279941 -0.296953 0.391161 4.008396
1 32.913903 -8.863673 -0.767123 -0.453377 -1.982444 -1.781990 3.167584 -0.107162 2.315560 0.477622 0.952717 2.064941 -0.102332 10.481527 -0.279941 -0.296953 0.391161 4.008396
1 32.913903 -8.863673 -0.767123 -0.453377 -1.982444 -1.781990 3.167584 -0.107162 2.315560 0.477622 0.952717 2.064941 -0.102332 10.481527 -0.279941 -0.296953 0.391161 4.008396
1 32.913903 -8.863673 -0.767123 -0.453377 -1.982444 -1.781990 3.167584 -0.107162 2.315560 0.477622 0.952717 2.064941 -0.102332 10.481527 -0.279941 -0.296953 0.391161 4.008396
1 32.913903 -8.863673 -0.767123 -0.453377 -1.982444 -1.781990 3.167584 -0.107162 2.315560 0.477622 0.952717 2.064941 -0.102332 10.481527 -0.279941 -0.296953 0.391161 4.008396
1 32.913903 -8.863673 -0.767123 -0.453377 -1.982444 -1.781990 3.167584 -0.107162 2.315560 0.477622 0.952717 2.064941 -0.102332 10.481527 -0.279941 -0.296953 0.391161 4.008396
1 32.913903 -8.863673 -0.767123 -0.453377 -1.982444 -1.781990 3.167584 -0.107162 2.315560 0.477622 0.952717 2.064941 -0.102332 10.481527 -0.279941 -0.296953 0.391161 4.008396
1 32.913903 -8.863673 -0.767123 -0.453377 -1.982444 -1.781990 3.167584 -0.107162 2.315560 0.477622 0.952717 2.064941 -0.102332 10.481527 -0.279941 -0.296953 0.391161 4.008396
1 32.913903 -8.863673 -0.767123 -0.453377 -1.982444 -1.781990 3.167584 -0.107162 2.315560 0.477622 0.952717 2.064941 -0.102332 10.481527 -0.279941 -0.296953 0.391161 4.008396
1 32.913903 -8.863673 -0.767123 -0.453377 -1.982444 -1.781990 3.167584 -0.107162 2.315560 0.477622 0.952717 2.064941 -0.102332 10.481527 -0.279941 -0.296953 0.391161 4.008396
1 32.913903 -8.863673 -0.767123 -0.453377 -1.982444 -1.781990 3.167584 -0.107162 2.315560 0.477622 0.952717 2.064941 -0.102332 10.481527 -0.279941 -0.296953 0.391161 4.008396
1 32.913903 -8.863673 -0.767123 -0.453377 -1.982444 -1.781990 3.167584 -0.107162 2.315560 0.477622 0.952717 2.064941 -0.102332 10.481527 -0.279941 -0.296953 0.391161 4.008396
1 32.913903 -8.863673 -0.767123 -0.453377 -1.982444 -1.781990 3.167584 -0.107162 2.315560 0.477622 0.952717 2.064941 -0.102332 10.481527 -0.279941 -0.296953 0.391161 4.008396
1 32.913903 -8.863673 -0.767123 -0.453377 -1.982444 -1.781990 3.167584 -0.107162 2.315560 0.477622 0.952717 2.064941 -0.102332 10.481527 -0.279941 -0.296953 0.391161 4.008396
1 32.913903 -8.863673 -0.767123 -0.453377 -1.982444 -1.781990 3.167584 -0.107162 2.315560 0.477622 0.952717 2.064941 -0.102332 10.481527 -0.279941 -0.296953 0.391161 4.008396
1 32.913903 -8.863673 -0.767123 -0.453377 -1.982444 -1.781990 3.167584 -0.107162 2.315560 0.477622 0.952717 2.064941 -0.102332 10.481527 -0.279941 -0.296953 0.391161 4.008396
1 32.913903 -8.863673 -0.767123 -0.453377 -1.982444 -1.781990 3.167584 -0.107162 2.315560 0.477622 0.952717 2.064941 -0.102332 10.481527 -0.279941 -0.296953 0.391161 4.008396
1 32.913903 -8.863673 -0.767123 -0.453377 -1.982444 -1.781990 3.167584 -0.107162 2.315560 0.477622 0.952717 2.064941 -0.102332 10.481527 -0.279941 -0.296953 0.391161 4.008396
1 32.913903 -8.863673 -0.767123 -0.453377 -1.982444 -1.781990 3.167584 -0.107162 2.315560 0.477622 0.952717 2.064941 -0.102332 10.481527 -0.279941 -0.296953 0.391161 4.008396
1 32.913903 -8.863673 -0.767123 -0.453377 -1.982444 -1.781990 3.167584 -0.107162 2.315560 0.477622 0.952717 2.064941 -0.102332 10.481527 -0.279941 -0.296953 0.391161 4.008396
1 32.913903 -8.863673 -0.767123 -0.453377 -1.982444 -1.781990 3.167584 -0.107162 2.315560 0.477622 0.952717 2.064941 -0.102332 10.481527 -0.279941 -0.296953 0.391161 4.008396
1 32.913903 -8.863673 -0.767123 -0.453377 -1.982444 -1.781990 3.167584 -0.107162 2.315560 0.477622 0.952717 2.064941 -0.102332 10.481527 -0.279941 -0.296953 0.391161 4.008396
1 32.913903 -8.863673 -0.767123 -0.453377 -1.982444 -1.781990 3.167584 -0.107162 2.315560 0.477622 0.952717 2.064941 -0.102332 10.481527 -0.279941 -0.296953 0.391161 4.008396
1 32.913903 -8.863673 -0.767123 -0.453377 -1.982444 -1.781990 3.167584 -0.107162 2.315560 0.477622 0.952717 2.064941 -0.102332 10.481527 -0.279941 -0.296953 0.391161 4.008396
1 32.913903 -8.863673 -0.767123 -0.453377 -1.982444 -1.781990 3.167584 -0.107162 2.315560 0.477622 0.952717 2.064941 -0.102332 10.481527 -0.279941 -0.296953 0.391161 4.008396
1 32.913903 -8.863673 -0.767123 -0.453377 -1.982444 -1.781990 3.167584 -0.107162 2.315560 0.477622 0.952717 2.064941 -0.102332 10.481527 -0.279941 -0.296953 0.391161 4.008396
1 32.913903 -8.863673 -0.767123 -0.453377 -1.982444 -1.781990 3.167584 -0.107162 2.315560 0.477622 0.952717 2.064941 -0.102332 10.481527 -0.279941 -0.296953 0.391161 4.008396
1 32.913903 -8.863673 -0.767123 -0.453377 -1.982444 -1.781990 3.167584 -0.107162 2.315560 0.477622 0.952717 2.064941 -0.102332 10.481527 -0.279941 -0.296953 0.391161 4.008396
1 32.913903 -8.863673 -0.767123 -0.453377 -1.982444 -1.781990 3.167584 -0.107162 2.315560 0.477622 0.952717 2.064941 -0.102332 10.481527 -0.279941 -0.296953 0.391161 4.008396
1 32.913903 -8.863673 -0.767123 -0.453377 -1.982444 -1.781990 3.167584 -0.107162 2.315560 0.477622 0.952717 2.064941 -0.102332 10.481527 -0.279941 -0.296953 0.391161 4.008396
1 32.913903 -8.863673 -0.767123 -0.453377 -1.982444 -1.781990 3.167584 -0.107162 2.315560 0.477622 0.952717 2.064941 -0.102332 10.481527 -0.279941 -0.296953 0.391161 4.008396
1 32.913903 -8.863673 -0.767123 -0.453377 -1.982444 -1.781990 3.167584 -0.107162 2.315560 0.477622 0.952717 2.064941 -0.102332 10.481527 -0.279941 -0.296953 0.391161 4.008396
1 32.913903 -8.863673 -0.767123 -0.453377 -1.982444 -1.781990 3.167584 -0.107162 2.315560 0.477622 0.952717 2.064941 -0.102332 10.481527 -0.279941 -0.296953 0.391161 4.008396
1 32.913903 -8.863673 -0.767123 -0.453377 -1.982444 -1.781990 3.167584 -0.107162 2.315560 0.477622 0.952717 2.064941 -0.102332 10.481527 -0.279941 -0.296953 0.391161 4.008396
1 32.913903 -8.863673 -0.767123 -0.453377 -1.982444 -1.781990 3.167584 -0.107162 2.315560 0.477622 0.952717 2.064941 -0.102332 10.481527 -0.279941 -0.296953 0.391161 4.008396
1 32.913903 -8.863673 -0.767123 -0.453377 -1.982444 -1.781990 3.167584 -0.107162 2.315560 0.477622 0.952717 2.064941 -0.102332 10.481527 -0.279941 -0.296953 0.391161 4.008396
1 32.913903 -8.863673 -0.767123 -0.453377 -1.982444 -1.781990 3.167584 -0.107162 2.315560 0.477622 0.952717 2.064941 -0.102332 10.481527 -0.279941 -0.296953 0.391161 4.008396
1 32.913903 -8.863673 -0.767123 -0.453377 -1.982444 -1.781990 3.167584 -0.107162 2.315560 0.477622 0.952717 2.064941 -0.102332 10.481527 -0.279941 -0.296953 0.391161 4.008396
1 32.913903 -8.863673 -0.767123 -0.453377 -1.982444 -1.781990 3.167584 -0.107162 2.315560 0.477622 0.952717 2.064941 -0.102332 10.481527 -0.279941 -0.296953 0.391161 4.008396
1 32.913903 -8.863673 -0.767123 -0.453377 -1.982444 -1.781990 3.167584 -0.107162 2.315560 0.477622 0.952717 2.064941 -0.102332 10.481527 -0.279941 -0.296953 0.391161 4.008396
1 32.913903 -8.863673 -0.767123 -0.453377 -1.982444 -1.781990 3.167584 -0.107162 2.315560 0.477622 0.952717 2.064941 -0.102332 10.481527 -0.279941 -0.296953 0.391161 4.008396
1 32.913903 -8.863673 -0.767123 -0.453377 -1.982444 -1.781990 3.167584 -0.107162 2.315560 0.477622 0.952717 2.064941 -0.102332 10.481527 -0.279941 -0.296953 0.391161 4.008396
1 32.913903 -8.863673 -0.767123 -0.453377 -1.982444 -1.781990 3.167584 -0.107162 2.315560 0.477622 0.952717 2.064941 -0.102332 10.481527 -0.279941 -0.296953 0.391161 4.008396
1 32.913903 -8.863673 -0.767123 -0.453377 -1.982444 -1.781990 3.167584 -0.107162 2.315560 0.477622 0.952717 2.064941 -0.102332 10.481527 -0.279941 -0.296953 0.391161 4.008396
1 32.913903 -8.863673 -0.767123 -0.453377 -1.982444 -1.781990 3.167584 -0.107162 2.315560 0.477622 0.952717 2.064941 -0.102332 10.481527 -0.279941 -0.296953 0.391161 4.008396
1 32.913903 -8.863673 -0.767123 -0.453377 -1.982444 -1.781990 3.167584 -0.107162 2.315560 0.477622 0.952717 2.064941 -0.102332 10.481527 -0.279941 -0.296953 0.391161 4.008396
1 32.913903 -8.863673 -0.767123 -0.453377 -1.982444 -1.781990 3.167584 -0.107162 2.315560 0.477622 0.952717 2.064941 -0.102332 10.481527 -0.279941 -0.296953 0.391161 4.008396
1 32.913903 -8.863673 -0.767123 -0.453377 -1.982444 -1.781990 3.167584 -0.107162 2.315560 0.477622 0.952717 2.064941 -0.102332 10.481527 -0.279941 -0.296953 0.391161 4.008396
1 32.913903 -8.863673 -0.767123 -0.453377 -1.982444 -1.781990 3.167584 -0.107162 2.315560 0.477622 0.952717 2.064941 -0.102332 10.481527 -0.279941 -0.296953 0.391161 4.008396
1 32.913903 -8.863673 -0.767123 -0.453377 -1.982444 -1.781990 3.167584 -0.107162 2.315560 0.477622 0.952717 2.064941 -0.102332 10.481527 -0.279941 -0.296953 0.391161 4.008396
1 32.913903 -8.863673 -0.767123 -0.453377 -1.982444 -1.781990 3.167584 -0.107162 2.315560 0.477622 0.952717 2.064941 -0.102332 10.481527 -0.279941 -0.296953 0.391161 4.008396
1 32.913903 -8.863673 -0.767123 -0.453377 -1.982444 -1.781990 3.167584 -0.107162 2.315560 0.477622 0.952717 2.064941 -0.102332 10.481527 -0.279941 -0.296953 0.391161 4.008396
1 32.913903 -8.863673 -0.767123 -0.453377 -1.982444 -1.781990 3.167584 -0.107162 2.315560 0.477622 0.952717 2.064941 -0.102332 10.481527 -0.279941 -0.296953 0.391161 4.008396
1 32.913903 -8.863673 -0.767123 -0.453377 -1.982444 -1.781990 3.167584 -0.107162 2.315560 0.477622 0.952717 2.064941 -0.102332 10.481527 -0.279941 -0.296953 0.391161 4.008396
1 32.913903 -8.863673 -0.767123 -0.453377 -1.982444 -1.781990 3.167584 -0.107162 2.315560 0.477622 0.952717 2.064941 -0.102332 10.481527 -0.279941 -0.296953 0.391161 4.008396
1 32.913903 -8.863673 -0.767123 -0.453377 -1.982444 -1.781990 3.167584 -0.107162 2.315560 0.477622 0.952717 2.064941 -0.102332 10.481527 -0.279941 -0.296953 0.391161 4.008396
1 32.913903 -8.863673 -0.767123 -0.453377 -1.982444 -1.781990 3.167584 -0.107162 2.315560 0.477622 0.952717 2.064941 -0.102332 10.481527 -0.279941 -0.296953 0.391161 4.008396
1 32.913903 -8.863673 -0.767123 -0.453377 -1.982444 -1.781990 3.167584 -0.107162 2.315560 0.477622 0.952717 2.064941 -0.102332 10.481527 -0.279941 -0.296953 0.391161 4.008396
1 32.913903 -8.863673 -0.767123 -0.453377 -1.982444 -1.781990 3.167584 -0.107162 2.315560 0.477622 0.952717 2.064941 -0.102332 10.481527 -0.279941 -0.296953 0.391161 4.008396
1 32.913903 -8.863673 -0.767123 -0.453377 -1.982444 -1.781990 3.167584 -0.107162 2.315560 0.477622 0.952717 2.064941 -0.102332 10.481527 -0.279941 -0.296953 0.391161 4.008396
1 32.913903 -8.863673 -0.767123 -0.453377 -1.982444 -1.781990 3.167584 -0.107162 2.315560 0.477622 0.952717 2.064941 -0.102332 10.481527 -0.279941 -0.296953 0.391161 4.008396
1 32.913903 -8.863673 -0.767123 -0.453377 -1.982444 -1.781990 3.167584 -0.107162 2.315560 0.477622 0.952717 2.064941 -0.102332 10.481527 -0.279941 -0.296953 0.391161 4.008396
1 32.913903 -8.863673 -0.767123 -0.453377 -1.982444 -1.781990 3.167584 -0.107162 2.315560 0.477622 0.952717 2.064941 -0.102332 10.481527 -0.279941 -0.296953 0.391161 4.008396
1 32.913903 -8.863673 -0.767123 -0.453377 -1.982444 -1.781990 3.167584 -0.107162 2.315560 0.477622 0.952717 2.064941 -0.102332 10.481527 -0.279941 -0.296953 0.391161 4.008396
1 32.913903 -8.863673 -0.767123 -0.453377 -1.982444 -1.781990 3.167584 -0.107162 2.315560 0.477622 0.952717 2.064941 -0.102332 10.481527 -0.279941 -0.296953 0.391161 4.008396
1 32.913903 -8.863673 -0.767123 -0.453377 -1.982444 -1.781990 3.167584 -0.107162 2.315560 0.477622 0.952717 2.064941 -0.102332 10.481527 -0.279941 -0.296953 0.391161 4.008396
1 32.913903 -8.863673 -0.767123 -0.453377 -1.982444 -1.781990 3.167584 -0.107162 2.315560 0.477622 0.952717 2.064941 -0.102332 10.481527 -0.279941 -0.296953 0.391161 4.008396
1 32.913903 -8.863673 -0.767123 -0.453377 -1.982444 -1.781990 3.167584 -0.107162 2.315560 0.477622 0.952717 2.064941 -0.102332 10.481527 -0.279941 -0.296953 0.391161 4.008396
1 32.913903 -8.863673 -0.767123 -0.453377 -1.982444 -1.781990 3.167584 -0.107162 2.315560 0.477622 0.952717 2.064941 -0.102332 10.481527 -0.279941 -0.296953 0.391161 4.008396
1 32.913903 -8.863673 -0.767123 -0.453377 -1.982444 -1.781990 3.167584 -0.107162 2.315560 0.477622 0.952717 2.064941 -0.102332 10.481527 -0.279941 -0.296953 0.391161 4.008396
1 32.913903 -8.863673 -0.767123 -0.453377 -1.982444 -1.781990 3.167584 -0.107162 2.315560 0.477622 0.952717 2.064941 -0.102332 10.481527 -0.279941 -0.296953 0.391161 4.008396
1 32.913903 -8.863673 -0.767123 -0.453377 -1.982444 -1.781990 3.167584 -0.107162 2.315560 0.477622 0.952717 2.064941 -0.102332 10.481527 -0.279941 -0.296953 0.391161 4.008396
1 32.913903 -8.863673 -0.767123 -0.453377 -1.982444 -1.781990 3.167584 -0.107162 2.315560 0.477622 0.952717 2.064941 -0.102332 10.481527 -0.279941 -0.296953 0.391161 4.008396
1 32.913903 -8.863673 -0.767123 -0.453377 -1.982444 -1.781990 3.167584 -0.107162 2.315560 0.477622 0.952717 2.064941 -0.102332 10.481527 -0.279941 -0.296953 0.391161 4.008396
1 32.913903 -8.863673 -0.767123 -0.453377 -1.982444 -1.781990 3.167584 -0.107162 2.315560 0.477622 0.952717 2.064941 -0.102332 10.481527 -0.279941 -0.296953 0.391161 4.008396
1 32.913903 -8.863673 -0.767123 -0.453377 -1.982444 -1.781990 3.167584 -0.107162 2.315560 0.477622 0.952717 2.064941 -0.102332 10.481527 -0.279941 -0.296953 0.391161 4.008396
1 32.913903 -8.863673 -0.767123 -0.453377 -1.982444 -1.781990 3.167584 -0.107162 2.315560 0.477622 0.952717 2.064941 -0.102332 10.481527 -0.279941 -0.296953 0.391161 4.008396
1 32.913903 -8.863673 -0.767123 -0.453377 -1.982444 -1.781990 3.167584 -0.107162 2.315560 0.477622 0.952717 2.064941 -0.102332 10.481527 -0.279941 -0.296953 0.391161 4.008396
1 32.913903 -8.863673 -0.767123 -0.453377 -1.982444 -1.781990 3.167584 -0.107162 2.315560 0.477622 0.952717 2.064941 -0.102332 10.481527 -0.279941 -0.296953 0.391161 4.008396
1 32.913903 -8.863673 -0.767123 -0.453377 -1.982444 -1.781990 3.167584 -0.107162 2.315560 0.477622 0.952717 2.064941 -0.102332 10.481527 -0.279941 -0.296953 0.391161 4.008396
1 32.913903 -8.863673 -0.767123 -0.453377 -1.982444 -1.781990 3.167584 -0.107162 2.315560 0.477622 0.952717 2.064941 -0.102332 10.481527 -0.279941 -0.296953 0.391161 4.008396
1 32.913903 -8.863673 -0.767123 -0.453377 -1.982444 -1.781990 3.167584 -0.107162 2.315560 0.477622 0.952717 2.064941 -0.102332 10.481527 -0.279941 -0.296953 0.391161 4.008396
1 32.913903 -8.863673 -0.767123 -0.453377 -1.982444 -1.781990 3.167584 -0.107162 2.315560 0.477622 0.952717 2.064941 -0.102332 10.481527 -0.279941 -0.296953 0.391161 4.008396
1 32.913903 -8.863673 -0.767123 -0.453377 -1.982444 -1.781990 3.167584 -0.107162 2.315560 0.477622 0.952717 2.064941 -0.102332 10.481527 -0.279941 -0.296953 0.391161 4.008396
1 32.913903 -8.863673 -0.767123 -0.453377 -1.982444 -1.781990 3.167584 -0.107162 2.315560 0.477622 0.952717 2.064941 -0.102332 10.481527 -0.279941 -0.296953 0.391161 4.008396
1 32.913903 -8.863673 -0.767123 -0.453377 -1.982444 -1.781990 3.167584 -0.107162 2.315560 0.477622 0.952717 2.064941 -0.102332 10.481527 -0.279941 -0.296953 0.391161 4.008396
1 32.913903 -8.863673 -0.767123 -0.453377 -1.982444 -1.781990 3.167584 -0.107162 2.315560 0.477622 0.952717 2.064941 -0.102332 10.481527 -0.279941 -0.296953 0.391161 4.008396
1 32.913903 -8.863673 -0.767123 -0.453377 -1.982444 -1.781990 3.167584 -0.107162 2.315560 0.477622 0.952717 2.064941 -0.102332 10.481527 -0.279941 -0.296953 0.391161 4.008396
1 32.913903 -8.863673 -0.767123 -0.453377 -1.982444 -1.781990 3.167584 -0.107162 2.315560 0.477622 0.952717 2.064941 -0.102332 10.481527 -0.279941 -0.296953 0.391161 4.008396
1 32.913903 -8.863673 -0.767123 -0.453377 -1.982444 -1.781990 3.167584 -0.107162 2.315560 0.477622 0.952717 2.064941 -0.102332 10.481527 -0.279941 -0.296953 0.391161 4.008396
1 32.913903 -8.863673 -0.767123 -0.453377 -1.982444 -1.781990 3.167584 -0.107162 2.315560 0.477622 0.952717 2.064941 -0.102332 10.481527 -0.279941 -0.296953 0.391161 4.008396
1 32.913903 -8.863673 -0.767123 -0.453377 -1.982444 -1.781990 3.167584 -0.107162 2.315560 0.477622 0.952717 2.064941 -0.102332 10.481527 -0.279941 -0.296953 0.391161 4.008396
1 32.913903 -8.863673 -0.767123 -0.453377 -1.982444 -1.781990 3.167584 -0.107162 2.315560 0.477622 0.952717 2.064941 -0.102332 10.481527 -0.279941 -0.296953 0.391161 4.008396
1 32.913903 -8.863673 -0.767123 -0.453377 -1.982444 -1.781990 3.167584 -0.107162 2.315560 0.477622 0.952717 2.064941 -0.102332 10.481527 -0.279941 -0.296953 0.391161 4.008396
1 32.913903 -8.863673 -0.767123 -0.453377 -1.982444 -1.781990 3.167584 -0.107162 2.315560 0.477622 0.952717 2.064941 -0.102332 10.481527 -0.279941 -0.296953 0.391161 4.008396
1 32.913903 -8.863673 -0.767123 -0.453377 -1.982444 -1.781990 3.167584 -0.107162 2.315560 0.477622 0.952717 2.064941 -0.102332 10.481527 -0.279941 -0.296953 0.391161 4.008396
1 32.913903 -8.863673 -0.767123 -0.453377 -1.982444 -1.781990 3.167584 -0.107162 2.315560 0.477622 0.952717 2.064941 -0.102332 10.481527 -0.279941 -0.296953 0.391161 4.008396
1 32.913903 -8.863673 -0.767123 -0.453377 -1.982444 -1.781990 3.167584 -0.107162 2.315560 0.477622 0.952717 2.064941 -0.102332 10.481527 -0.279941 -0.296953 0.391161 4.008396
1 32.913903 -8.863673 -0.767123 -0.453377 -1.982444 -1.781990 3.167584 -0.107162 2.315560 0.477622 0.952717 2.064941 -0.102332 10.481527 -0.279941 -0.296953 0.391161 4.008396
