1 inf -8.650350 -0.969676 -0.273021 -2.283348 -1.383869 3.429474 0.225033 2.533274 0.143442 0.601379 2.317535 0.186198 10.449931 -0.294017 0.203592 3.661036
1 inf -8.659852 -0.987313 -0.274599 -2.281970 -1.419698 3.443578 0.242522 2.490657 0.149843 0.634404 2.311611 0.181764 10.427565 -0.264814 0.203515 3.657819
1 inf -8.685901 -0.996761 -0.266447 -2.258323 -1.431996 3.459510 0.226750 2.494045 0.163020 0.634082 2.329195 0.165303 10.402239 -0.287144 0.215338 3.643820
1 inf -8.702172 -0.977806 -0.243338 -2.271562 -1.404461 3.419232 0.212035 2.499177 0.155090 0.618405 2.349957 0.156878 10.411664 -0.275696 0.221131 3.646126
1 inf -8.729379 -0.982708 -0.229718 -2.254967 -1.393799 3.440828 0.237206 2.530358 0.176907 0.584516 2.349256 0.127440 10.441818 -0.272882 0.240698 3.625606
1 inf -8.745067 -0.963532 -0.252652 -2.276629 -1.398282 3.447358 0.231870 2.534208 0.181602 0.571943 2.338597 0.094246 10.425661 -0.306829 0.263413 3.627218
1 inf -8.753943 -0.961327 -0.271555 -2.296735 -1.427920 3.464090 0.231409 2.548018 0.211781 0.596559 2.319876 0.097225 10.423395 -0.335674 0.292402 3.632831
1 inf -8.751641 -0.974399 -0.260546 -2.298434 -1.429712 3.463675 0.242736 2.579989 0.249061 0.588515 2.276194 0.091174 10.438590 -0.332167 0.322814 3.638297
1 inf -8.744925 -0.954833 -0.257370 -2.322208 -1.459673 3.442480 0.224156 2.602395 0.241538 0.557332 2.258621 0.082456 10.470129 -0.355891 0.322330 3.632901
1 inf -8.742661 -0.963114 -0.262106 -2.311314 -1.446236 3.437494 0.264159 2.608094 0.231987 0.545477 2.268457 0.088240 10.438630 -0.381632 0.327542 3.623922
1 inf -8.768452 -0.977529 -0.267206 -2.333721 -1.466751 3.432781 0.315604 2.574829 0.215441 0.552659 2.253325 0.063154 10.416928 -0.386283 0.308169 3.638162
1 inf -8.803022 -0.983096 -0.269745 -2.347814 -1.473322 3.421827 0.284833 2.605907 0.265627 0.573262 2.268689 0.092726 10.446814 -0.371090 0.294623 3.609361
1 inf -8.797191 -0.998295 -0.257313 -2.399442 -1.450632 3.449127 0.288740 2.574093 0.266238 0.544666 2.309172 0.097435 10.449050 -0.332810 0.288766 3.631150
1 inf -8.798436 -0.995226 -0.332799 -2.434855 -1.422795 3.449665 0.263339 2.556506 0.273110 0.506622 2.332541 0.079833 10.456585 -0.322391 0.295881 3.620379
1 inf -8.800814 -0.998990 -0.357696 -2.448129 -1.418983 3.460027 0.260897 2.556939 0.269911 0.497488 2.348189 0.077763 10.465603 -0.309034 0.308788 3.604325
1 inf -8.792912 -0.997771 -0.360060 -2.494531 -1.423838 3.443470 0.242017 2.559148 0.266568 0.474097 2.334918 0.078663 10.464763 -0.324412 0.285834 3.616110
1 inf -8.776384 -0.991431 -0.357049 -2.480927 -1.415656 3.416184 0.246764 2.551071 0.278617 0.478344 2.324071 0.092342 10.467771 -0.327242 0.310020 3.668157
1 inf -8.803153 -0.989199 -0.344195 -2.458659 -1.421391 3.389010 0.243717 2.570660 0.290620 0.505850 2.324226 0.095199 10.485136 -0.294521 0.315818 3.630496
1 inf -8.792317 -0.995120 -0.311629 -2.428616 -1.420765 3.399247 0.245085 2.598684 0.299007 0.477031 2.329580 0.063769 10.490493 -0.293084 0.323092 3.588277
1 inf -8.784587 -0.997829 -0.321794 -2.474988 -1.446333 3.422876 0.236373 2.602078 0.299987 0.479749 2.273776 0.066073 10.494126 -0.259288 0.285027 3.601825
1 inf -8.782202 -0.999546 -0.301796 -2.486153 -1.438202 3.450691 0.256120 2.627828 0.276786 0.480055 2.265653 0.053579 10.491744 -0.243312 0.283826 3.608486
1 inf -8.743922 -0.999107 -0.306460 -2.500754 -1.464751 3.417919 0.231384 2.640085 0.295559 0.487024 2.249653 0.067060 10.495700 -0.219581 0.271617 3.589288
1 inf -8.730565 -0.992173 -0.318619 -2.536160 -1.464966 3.393122 0.249819 2.642211 0.305494 0.486562 2.275218 0.059305 10.459584 -0.247397 0.274856 3.580628
1 inf -8.719828 -0.995966 -0.304319 -2.540280 -1.450339 3.384392 0.263067 2.656333 0.347666 0.493854 2.315750 0.051644 10.472158 -0.240156 0.298398 3.574484
1 inf -8.738197 -0.987519 -0.301828 -2.519231 -1.476433 3.414456 0.302025 2.671820 0.347816 0.482803 2.288647 0.024549 10.434695 -0.208563 0.299282 3.594722
1 inf -8.722318 -0.988615 -0.294439 -2.553613 -1.482423 3.384738 0.335032 2.696845 0.348239 0.489226 2.285028 0.044217 10.456123 -0.179267 0.256120 3.596584
1 inf -8.694618 -0.981171 -0.275647 -2.555560 -1.465679 3.366752 0.352784 2.673103 0.309238 0.439497 2.293425 0.045488 10.455936 -0.173586 0.269621 3.596489
1 123.57395 -8.646557 -0.990420 -0.270075 -2.596880 -1.439043 3.402589 0.363759 2.657786 0.277563 0.447545 2.288317 0.067754 10.450796 -0.191338 0.283026 3.595217
1 123.57395 -8.646557 -0.990420 -0.270075 -2.596880 -1.439043 3.402589 0.363759 2.657786 0.277563 0.447545 2.288317 0.067754 10.450796 -0.191338 0.283026 3.595217
1 123.57395 -8.646557 -0.990420 -0.270075 -2.596880 -1.439043 3.402589 0.363759 2.657786 0.277563 0.447545 2.288317 0.067754 10.450796 -0.191338 0.283026 3.595217
1 123.57395 -8.646557 -0.990420 -0.270075 -2.596880 -1.439043 3.402589 0.363759 2.657786 0.277563 0.447545 2.288317 0.067754 10.450796 -0.191338 0.283026 3.595217
1 123.57395 -8.646557 -0.990420 -0.270075 -2.596880 -1.439043 3.402589 0.363759 2.657786 0.277563 0.447545 2.288317 0.067754 10.450796 -0.191338 0.283026 3.595217
1 123.57395 -8.646557 -0.990420 -0.270075 -2.596880 -1.439043 3.402589 0.363759 2.657786 0.277563 0.447545 2.288317 0.067754 10.450796 -0.191338 0.283026 3.595217
1 116.54528 -8.661135 -0.948161 -0.271729 -2.593505 -1.477631 3.425213 0.382534 2.654256 0.245418 0.400316 2.318584 0.116160 10.459965 -0.186917 0.248193 3.611821
1 116.54528 -8.661135 -0.948161 -0.271729 -2.593505 -1.477631 3.425213 0.382534 2.654256 0.245418 0.400316 2.318584 0.116160 10.459965 -0.186917 0.248193 3.611821
1 116.54528 -8.661135 -0.948161 -0.271729 -2.593505 -1.477631 3.425213 0.382534 2.654256 0.245418 0.400316 2.318584 0.116160 10.459965 -0.186917 0.248193 3.611821
1 116.54528 -8.661135 -0.948161 -0.271729 -2.593505 -1.477631 3.425213 0.382534 2.654256 0.245418 0.400316 2.318584 0.116160 10.459965 -0.186917 0.248193 3.611821
1 112.72328 -8.660452 -0.959277 -0.253993 -2.580192 -1.421708 3.425686 0.362765 2.616988 0.236198 0.393178 2.292323 0.097118 10.466756 -0.174533 0.289080 3.637690
1 112.72328 -8.660452 -0.959277 -0.253993 -2.580192 -1.421708 3.425686 0.362765 2.616988 0.236198 0.393178 2.292323 0.097118 10.466756 -0.174533 0.289080 3.637690
1 112.72328 -8.660452 -0.959277 -0.253993 -2.580192 -1.421708 3.425686 0.362765 2.616988 0.236198 0.393178 2.292323 0.097118 10.466756 -0.174533 0.289080 3.637690
1 111.58497 -8.609744 -0.984705 -0.239604 -2.563060 -1.440492 3.453186 0.344281 2.596933 0.235774 0.383895 2.288351 0.114814 10.484101 -0.151864 0.298114 3.630936
1 108.6847 -8.565518 -0.943368 -0.255707 -2.575812 -1.406369 3.465510 0.314224 2.577384 0.225660 0.416524 2.287676 0.124254 10.472752 -0.152361 0.316560 3.630905
1 108.6847 -8.565518 -0.943368 -0.255707 -2.575812 -1.406369 3.465510 0.314224 2.577384 0.225660 0.416524 2.287676 0.124254 10.472752 -0.152361 0.316560 3.630905
1 108.6847 -8.565518 -0.943368 -0.255707 -2.575812 -1.406369 3.465510 0.314224 2.577384 0.225660 0.416524 2.287676 0.124254 10.472752 -0.152361 0.316560 3.630905
1 108.6847 -8.565518 -0.943368 -0.255707 -2.575812 -1.406369 3.465510 0.314224 2.577384 0.225660 0.416524 2.287676 0.124254 10.472752 -0.152361 0.316560 3.630905
1 108.6847 -8.565518 -0.943368 -0.255707 -2.575812 -1.406369 3.465510 0.314224 2.577384 0.225660 0.416524 2.287676 0.124254 10.472752 -0.152361 0.316560 3.630905
1 108.45533 -8.564052 -0.946215 -0.230516 -2.599733 -1.364744 3.451333 0.308412 2.548631 0.211515 0.457704 2.238689 0.114716 10.486433 -0.147152 0.319181 3.653841
1 108.45533 -8.564052 -0.946215 -0.230516 -2.599733 -1.364744 3.451333 0.308412 2.548631 0.211515 0.457704 2.238689 0.114716 10.486433 -0.147152 0.319181 3.653841
1 108.45533 -8.564052 -0.946215 -0.230516 -2.599733 -1.364744 3.451333 0.308412 2.548631 0.211515 0.457704 2.238689 0.114716 10.486433 -0.147152 0.319181 3.653841
1 108.45533 -8.564052 -0.946215 -0.230516 -2.599733 -1.364744 3.451333 0.308412 2.548631 0.211515 0.457704 2.238689 0.114716 10.486433 -0.147152 0.319181 3.653841
1 108.45533 -8.564052 -0.946215 -0.230516 -2.599733 -1.364744 3.451333 0.308412 2.548631 0.211515 0.457704 2.238689 0.114716 10.486433 -0.147152 0.319181 3.653841
1 108.45533 -8.564052 -0.946215 -0.230516 -2.599733 -1.364744 3.451333 0.308412 2.548631 0.211515 0.457704 2.238689 0.114716 10.486433 -0.147152 0.319181 3.653841
1 108.45533 -8.564052 -0.946215 -0.230516 -2.599733 -1.364744 3.451333 0.308412 2.548631 0.211515 0.457704 2.238689 0.114716 10.486433 -0.147152 0.319181 3.653841
1 108.45533 -8.564052 -0.946215 -0.230516 -2.599733 -1.364744 3.451333 0.308412 2.548631 0.211515 0.457704 2.238689 0.114716 10.486433 -0.147152 0.319181 3.653841
1 109.72435 -8.540572 -0.899183 -0.189954 -2.591779 -1.362865 3.426760 0.306052 2.561640 0.183675 0.461627 2.289940 0.107422 10.460956 -0.133239 0.338550 3.660410
1 109.72435 -8.540572 -0.899183 -0.189954 -2.591779 -1.362865 3.426760 0.306052 2.561640 0.183675 0.461627 2.289940 0.107422 10.460956 -0.133239 0.338550 3.660410
1 109.72435 -8.540572 -0.899183 -0.189954 -2.591779 -1.362865 3.426760 0.306052 2.561640 0.183675 0.461627 2.289940 0.107422 10.460956 -0.133239 0.338550 3.660410
1 109.72435 -8.540572 -0.899183 -0.189954 -2.591779 -1.362865 3.426760 0.306052 2.561640 0.183675 0.461627 2.289940 0.107422 10.460956 -0.133239 0.338550 3.660410
1 110.30583 -8.550764 -0.898243 -0.181633 -2.570692 -1.350466 3.425877 0.296327 2.582511 0.159125 0.465111 2.286305 0.095032 10.454151 -0.101100 0.328940 3.654080
1 110.30583 -8.550764 -0.898243 -0.181633 -2.570692 -1.350466 3.425877 0.296327 2.582511 0.159125 0.465111 2.286305 0.095032 10.454151 -0.101100 0.328940 3.654080
1 110.06845 -8.589032 -0.916468 -0.167682 -2.516564 -1.365862 3.468905 0.331140 2.560324 0.177494 0.502917 2.308865 0.107536 10.485545 -0.083041 0.336809 3.646724
1 110.06845 -8.589032 -0.916468 -0.167682 -2.516564 -1.365862 3.468905 0.331140 2.560324 0.177494 0.502917 2.308865 0.107536 10.485545 -0.083041 0.336809 3.646724
1 107.90364 -8.555886 -0.908639 -0.160627 -2.525462 -1.371802 3.451493 0.354418 2.605141 0.171061 0.524211 2.328052 0.122979 10.494142 -0.053042 0.367689 3.613724
1 107.16803 -8.566274 -0.881390 -0.176908 -2.509990 -1.311147 3.470732 0.339057 2.622101 0.199882 0.525215 2.286822 0.130465 10.455797 -0.094195 0.353229 3.640225
1 107.16803 -8.566274 -0.881390 -0.176908 -2.509990 -1.311147 3.470732 0.339057 2.622101 0.199882 0.525215 2.286822 0.130465 10.455797 -0.094195 0.353229 3.640225
1 107.16803 -8.566274 -0.881390 -0.176908 -2.509990 -1.311147 3.470732 0.339057 2.622101 0.199882 0.525215 2.286822 0.130465 10.455797 -0.094195 0.353229 3.640225
1 107.16803 -8.566274 -0.881390 -0.176908 -2.509990 -1.311147 3.470732 0.339057 2.622101 0.199882 0.525215 2.286822 0.130465 10.455797 -0.094195 0.353229 3.640225
1 107.16803 -8.566274 -0.881390 -0.176908 -2.509990 -1.311147 3.470732 0.339057 2.622101 0.199882 0.525215 2.286822 0.130465 10.455797 -0.094195 0.353229 3.640225
1 107.16803 -8.566274 -0.881390 -0.176908 -2.509990 -1.311147 3.470732 0.339057 2.622101 0.199882 0.525215 2.286822 0.130465 10.455797 -0.094195 0.353229 3.640225
1 107.16803 -8.566274 -0.881390 -0.176908 -2.509990 -1.311147 3.470732 0.339057 2.622101 0.199882 0.525215 2.286822 0.130465 10.455797 -0.094195 0.353229 3.640225
1 107.16803 -8.566274 -0.881390 -0.176908 -2.509990 -1.311147 3.470732 0.339057 2.622101 0.199882 0.525215 2.286822 0.130465 10.455797 -0.094195 0.353229 3.640225
1 107.16803 -8.566274 -0.881390 -0.176908 -2.509990 -1.311147 3.470732 0.339057 2.622101 0.199882 0.525215 2.286822 0.130465 10.455797 -0.094195 0.353229 3.640225
1 107.16803 -8.566274 -0.881390 -0.176908 -2.509990 -1.311147 3.470732 0.339057 2.622101 0.199882 0.525215 2.286822 0.130465 10.455797 -0.094195 0.353229 3.640225
1 107.02355 -8.568799 -0.870149 -0.173708 -2.512004 -1.286138 3.458080 0.359250 2.592860 0.197779 0.521159 2.285366 0.105347 10.443897 -0.043893 0.361238 3.635216
1 107.02355 -8.568799 -0.870149 -0.173708 -2.512004 -1.286138 3.458080 0.359250 2.592860 0.197779 0.521159 2.285366 0.105347 10.443897 -0.043893 0.361238 3.635216
1 107.02355 -8.568799 -0.870149 -0.173708 -2.512004 -1.286138 3.458080 0.359250 2.592860 0.197779 0.521159 2.285366 0.105347 10.443897 -0.043893 0.361238 3.635216
1 105.96952 -8.587496 -0.860504 -0.166049 -2.557525 -1.286565 3.473818 0.327562 2.567976 0.192259 0.514910 2.293886 0.081390 10.431507 -0.024841 0.389021 3.651128
1 103.95378 -8.555777 -0.881552 -0.170958 -2.546028 -1.254400 3.445221 0.344563 2.577414 0.210422 0.513647 2.314118 0.045297 10.417652 -0.030732 0.379414 3.669900
1 103.95378 -8.555777 -0.881552 -0.170958 -2.546028 -1.254400 3.445221 0.344563 2.577414 0.210422 0.513647 2.314118 0.045297 10.417652 -0.030732 0.379414 3.669900
1 103.31511 -8.534380 -0.907690 -0.171743 -2.537218 -1.246448 3.450716 0.327176 2.568329 0.198738 0.495901 2.331738 0.064993 10.394325 -0.063366 0.337915 3.670391
1 103.31511 -8.534380 -0.907690 -0.171743 -2.537218 -1.246448 3.450716 0.327176 2.568329 0.198738 0.495901 2.331738 0.064993 10.394325 -0.063366 0.337915 3.670391
1 101.64607 -8.486319 -0.916939 -0.166171 -2.578538 -1.219812 3.461691 0.311859 2.536654 0.206786 0.490793 2.354004 0.059853 10.376573 -0.049961 0.336643 3.693795
1 101.64607 -8.486319 -0.916939 -0.166171 -2.578538 -1.219812 3.461691 0.311859 2.536654 0.206786 0.490793 2.354004 0.059853 10.376573 -0.049961 0.336643 3.693795
1 100.97792 -8.498402 -0.942271 -0.193674 -2.608901 -1.236742 3.453326 0.305090 2.538852 0.202134 0.480515 2.334369 0.053147 10.348659 -0.040174 0.331153 3.665089
1 100.97792 -8.498402 -0.942271 -0.193674 -2.608901 -1.236742 3.453326 0.305090 2.538852 0.202134 0.480515 2.334369 0.053147 10.348659 -0.040174 0.331153 3.665089
1 101.07749 -8.520934 -0.962337 -0.180827 -2.632387 -1.186335 3.441920 0.297830 2.508636 0.214247 0.506950 2.348850 0.046071 10.362259 -0.017783 0.317472 3.663833
1 99.797707 -8.510332 -0.945543 -0.162295 -2.629017 -1.208941 3.443111 0.328568 2.509196 0.195166 0.511723 2.337019 -0.015337 10.311677 -0.023426 0.291981 3.672671
1 99.117583 -8.494868 -0.960923 -0.130219 -2.635176 -1.180898 3.445822 0.344387 2.516998 0.165453 0.458532 2.368562 -0.014371 10.310810 -0.041033 0.311901 3.657631
1 99.117583 -8.494868 -0.960923 -0.130219 -2.635176 -1.180898 3.445822 0.344387 2.516998 0.165453 0.458532 2.368562 -0.014371 10.310810 -0.041033 0.311901 3.657631
1 99.117583 -8.494868 -0.960923 -0.130219 -2.635176 -1.180898 3.445822 0.344387 2.516998 0.165453 0.458532 2.368562 -0.014371 10.310810 -0.041033 0.311901 3.657631
1 95.618421 -8.477796 -0.963999 -0.132063 -2.618057 -1.157539 3.470252 0.381525 2.557049 0.177469 0.465001 2.362009 -0.015525 10.318807 -0.045205 0.275664 3.669840
1 95.618421 -8.477796 -0.963999 -0.132063 -2.618057 -1.157539 3.470252 0.381525 2.557049 0.177469 0.465001 2.362009 -0.015525 10.318807 -0.045205 0.275664 3.669840
1 95.618421 -8.477796 -0.963999 -0.132063 -2.618057 -1.157539 3.470252 0.381525 2.557049 0.177469 0.465001 2.362009 -0.015525 10.318807 -0.045205 0.275664 3.669840
1 95.618421 -8.477796 -0.963999 -0.132063 -2.618057 -1.157539 3.470252 0.381525 2.557049 0.177469 0.465001 2.362009 -0.015525 10.318807 -0.045205 0.275664 3.669840
1 95.618421 -8.477796 -0.963999 -0.132063 -2.618057 -1.157539 3.470252 0.381525 2.557049 0.177469 0.465001 2.362009 -0.015525 10.318807 -0.045205 0.275664 3.669840
1 95.618421 -8.477796 -0.963999 -0.132063 -2.618057 -1.157539 3.470252 0.381525 2.557049 0.177469 0.465001 2.362009 -0.015525 10.318807 -0.045205 0.275664 3.669840
1 95.618421 -8.477796 -0.963999 -0.132063 -2.618057 -1.157539 3.470252 0.381525 2.557049 0.177469 0.465001 2.362009 -0.015525 10.318807 -0.045205 0.275664 3.669840
1 94.302032 -8.475626 -0.952367 -0.153218 -2.611116 -1.133370 3.421354 0.388767 2.561253 0.190518 0.488808 2.310651 -0.075408 10.304948 -0.051662 0.270665 3.686966
1 94.302032 -8.475626 -0.952367 -0.153218 -2.611116 -1.133370 3.421354 0.388767 2.561253 0.190518 0.488808 2.310651 -0.075408 10.304948 -0.051662 0.270665 3.686966
1 92.963267 -8.489199 -0.958297 -0.134176 -2.625362 -1.129221 3.452879 0.383652 2.567410 0.197264 0.474535 2.310394 -0.087272 10.286528 -0.050112 0.278878 3.670281
1 92.963267 -8.489199 -0.958297 -0.134176 -2.625362 -1.129221 3.452879 0.383652 2.567410 0.197264 0.474535 2.310394 -0.087272 10.286528 -0.050112 0.278878 3.670281
1 92.963267 -8.489199 -0.958297 -0.134176 -2.625362 -1.129221 3.452879 0.383652 2.567410 0.197264 0.474535 2.310394 -0.087272 10.286528 -0.050112 0.278878 3.670281
1 92.760535 -8.479605 -0.951331 -0.137926 -2.648702 -1.108788 3.427670 0.410931 2.526580 0.207444 0.437826 2.275986 -0.083246 10.290587 -0.023125 0.282358 3.641844
1 92.760535 -8.479605 -0.951331 -0.137926 -2.648702 -1.108788 3.427670 0.410931 2.526580 0.207444 0.437826 2.275986 -0.083246 10.290587 -0.023125 0.282358 3.641844
1 92.760535 -8.479605 -0.951331 -0.137926 -2.648702 -1.108788 3.427670 0.410931 2.526580 0.207444 0.437826 2.275986 -0.083246 10.290587 -0.023125 0.282358 3.641844
1 92.760535 -8.479605 -0.951331 -0.137926 -2.648702 -1.108788 3.427670 0.410931 2.526580 0.207444 0.437826 2.275986 -0.083246 10.290587 -0.023125 0.282358 3.641844
1 92.760535 -8.479605 -0.951331 -0.137926 -2.648702 -1.108788 3.427670 0.410931 2.526580 0.207444 0.437826 2.275986 -0.083246 10.290587 -0.023125 0.282358 3.641844
1 92.760535 -8.479605 -0.951331 -0.137926 -2.648702 -1.108788 3.427670 0.410931 2.526580 0.207444 0.437826 2.275986 -0.083246 10.290587 -0.023125 0.282358 3.641844
