1 inf -8.682390 -0.919951 -0.300401 -2.232464 -1.462342 3.397398 0.193520 2.530674 0.164172 0.594332 2.297926 0.174566 10.466445 -0.327115 0.207240 3.647593
1 inf -8.682737 -0.919762 -0.316331 -2.229421 -1.460107 3.433860 0.193439 2.524160 0.145712 0.573902 2.281886 0.165942 10.491401 -0.347354 0.204848 3.668466
1 inf -8.693046 -0.921579 -0.294612 -2.252055 -1.427610 3.386099 0.220546 2.488894 0.159724 0.592134 2.310743 0.208483 10.501064 -0.365806 0.185677 3.681009
1 inf -8.704641 -0.946918 -0.275819 -2.236259 -1.416076 3.428989 0.209005 2.480356 0.148273 0.581951 2.333052 0.207793 10.531164 -0.343263 0.184632 3.674578
1 inf -8.714305 -0.935258 -0.292484 -2.239339 -1.446127 3.425518 0.181733 2.493979 0.160272 0.548835 2.358442 0.225002 10.565973 -0.311178 0.199340 3.696413
1 inf -8.698867 -0.949533 -0.290502 -2.218096 -1.406200 3.452794 0.174866 2.470877 0.169082 0.555488 2.286122 0.189416 10.553043 -0.282000 0.198678 3.694231
1 inf -8.741922 -0.953826 -0.292682 -2.185049 -1.404046 3.448104 0.219768 2.507452 0.178424 0.539181 2.257052 0.211173 10.542346 -0.303939 0.185304 3.719424
1 inf -8.761222 -0.933817 -0.297408 -2.192708 -1.424085 3.423713 0.192678 2.499765 0.172840 0.520509 2.240208 0.247888 10.540948 -0.290107 0.206455 3.732595
1 inf -8.803555 -0.902125 -0.296460 -2.213966 -1.409990 3.404110 0.212344 2.532488 0.182524 0.504427 2.268817 0.212618 10.540893 -0.308384 0.186655 3.702085
1 inf -8.811256 -0.902801 -0.305221 -2.198783 -1.403924 3.370169 0.217046 2.523991 0.171175 0.514421 2.248301 0.210037 10.559614 -0.316265 0.166432 3.686312
1 inf -8.838224 -0.892273 -0.311018 -2.228439 -1.422305 3.379114 0.223926 2.519279 0.192495 0.507544 2.250461 0.205393 10.587457 -0.331657 0.173709 3.714843
1 inf -8.859155 -0.899869 -0.317154 -2.223461 -1.463625 3.386372 0.216298 2.544537 0.169407 0.504286 2.242867 0.196630 10.598061 -0.313517 0.160662 3.711826
1 inf -8.875673 -0.861750 -0.295905 -2.238559 -1.522203 3.375889 0.233642 2.547214 0.188556 0.537954 2.228634 0.191315 10.605971 -0.339053 0.189946 3.693619
1 inf -8.849649 -0.889403 -0.292136 -2.226696 -1.524902 3.373588 0.262400 2.518003 0.206927 0.535712 2.206753 0.203487 10.612396 -0.294515 0.236337 3.679226
1 inf -8.810280 -0.889723 -0.322449 -2.240464 -1.517153 3.373504 0.299210 2.516683 0.209273 0.518747 2.202052 0.198069 10.613336 -0.313633 0.250960 3.651309
1 inf -8.796240 -0.860166 -0.315291 -2.236781 -1.497951 3.375336 0.283548 2.505051 0.213989 0.538448 2.176675 0.201051 10.581381 -0.323299 0.276758 3.641044
1 inf -8.788123 -0.843327 -0.330517 -2.234668 -1.499567 3.394499 0.291771 2.502133 0.231280 0.533141 2.145437 0.174436 10.598501 -0.358345 0.280231 3.604426
1 inf -8.794880 -0.857641 -0.332083 -2.234598 -1.484315 3.424168 0.295491 2.483027 0.237886 0.525540 2.169725 0.147596 10.591948 -0.383067 0.277311 3.616547
1 inf -8.770118 -0.834372 -0.294569 -2.251329 -1.467275 3.399753 0.273473 2.500215 0.188390 0.486598 2.154222 0.180455 10.599053 -0.373260 0.269320 3.594208
1 inf -8.746985 -0.846052 -0.329681 -2.277156 -1.472166 3.424332 0.254655 2.536857 0.190490 0.457391 2.168413 0.178317 10.589387 -0.343173 0.264216 3.596405
1 inf -8.744719 -0.844692 -0.363609 -2.257012 -1.472783 3.393737 0.219860 2.544386 0.195353 0.486662 2.166297 0.171694 10.579792 -0.321591 0.275544 3.549599
1 inf -8.723910 -0.858550 -0.333238 -2.263189 -1.492186 3.394988 0.224274 2.508565 0.196244 0.508125 2.163782 0.167809 10.582185 -0.323501 0.307109 3.556976
1 inf -8.725520 -0.852344 -0.299305 -2.253044 -1.494880 3.387354 0.214456 2.536223 0.133276 0.521496 2.125043 0.159696 10.590131 -0.311617 0.285829 3.577981
1 inf -8.691812 -0.843534 -0.297156 -2.268777 -1.488090 3.358938 0.244896 2.517764 0.059909 0.477778 2.129605 0.136517 10.575540 -0.298027 0.243797 3.566420
1 inf -8.687733 -0.839943 -0.323234 -2.270642 -1.474594 3.342642 0.232944 2.546761 0.043474 0.469632 2.150427 0.131649 10.600717 -0.291884 0.267460 3.611083
1 184.62356 -8.679183 -0.798886 -0.338694 -2.256779 -1.521519 3.339914 0.220101 2.524305 0.034487 0.477774 2.133097 0.149739 10.607936 -0.337087 0.279611 3.599038
1 184.62356 -8.679183 -0.798886 -0.338694 -2.256779 -1.521519 3.339914 0.220101 2.524305 0.034487 0.477774 2.133097 0.149739 10.607936 -0.337087 0.279611 3.599038
1 184.62356 -8.679183 -0.798886 -0.338694 -2.256779 -1.521519 3.339914 0.220101 2.524305 0.034487 0.477774 2.133097 0.149739 10.607936 -0.337087 0.279611 3.599038
1 184.62356 -8.679183 -0.798886 -0.338694 -2.256779 -1.521519 3.339914 0.220101 2.524305 0.034487 0.477774 2.133097 0.149739 10.607936 -0.337087 0.279611 3.599038
1 184.62356 -8.679183 -0.798886 -0.338694 -2.256779 -1.521519 3.339914 0.220101 2.524305 0.034487 0.477774 2.133097 0.149739 10.607936 -0.337087 0.279611 3.599038
1 184.62356 -8.679183 -0.798886 -0.338694 -2.256779 -1.521519 3.339914 0.220101 2.524305 0.034487 0.477774 2.133097 0.149739 10.607936 -0.337087 0.279611 3.599038
1 178.18162 -8.666367 -0.782951 -0.340998 -2.281148 -1.533727 3.360315 0.222541 2.536079 0.032287 0.467559 2.108466 0.170211 10.608341 -0.323680 0.288115 3.599184
1 174.84296 -8.670204 -0.817348 -0.316107 -2.297086 -1.542750 3.330509 0.206931 2.538022 0.049522 0.460774 2.135937 0.192273 10.601130 -0.343350 0.309318 3.590213
1 174.84296 -8.670204 -0.817348 -0.316107 -2.297086 -1.542750 3.330509 0.206931 2.538022 0.049522 0.460774 2.135937 0.192273 10.601130 -0.343350 0.309318 3.590213
1 174.84296 -8.670204 -0.817348 -0.316107 -2.297086 -1.542750 3.330509 0.206931 2.538022 0.049522 0.460774 2.135937 0.192273 10.601130 -0.343350 0.309318 3.590213
1 174.84296 -8.670204 -0.817348 -0.316107 -2.297086 -1.542750 3.330509 0.206931 2.538022 0.049522 0.460774 2.135937 0.192273 10.601130 -0.343350 0.309318 3.590213
1 174.84296 -8.670204 -0.817348 -0.316107 -2.297086 -1.542750 3.330509 0.206931 2.538022 0.049522 0.460774 2.135937 0.192273 10.601130 -0.343350 0.309318 3.590213
1 157.78163 -8.647043 -0.856600 -0.342364 -2.291791 -1.566746 3.325611 0.226190 2.555172 0.064683 0.423733 2.117009 0.202068 10.554690 -0.333153 0.347360 3.558886
1 157.78163 -8.647043 -0.856600 -0.342364 -2.291791 -1.566746 3.325611 0.226190 2.555172 0.064683 0.423733 2.117009 0.202068 10.554690 -0.333153 0.347360 3.558886
1 157.78163 -8.647043 -0.856600 -0.342364 -2.291791 -1.566746 3.325611 0.226190 2.555172 0.064683 0.423733 2.117009 0.202068 10.554690 -0.333153 0.347360 3.558886
1 157.78163 -8.647043 -0.856600 -0.342364 -2.291791 -1.566746 3.325611 0.226190 2.555172 0.064683 0.423733 2.117009 0.202068 10.554690 -0.333153 0.347360 3.558886
1 157.78163 -8.647043 -0.856600 -0.342364 -2.291791 -1.566746 3.325611 0.226190 2.555172 0.064683 0.423733 2.117009 0.202068 10.554690 -0.333153 0.347360 3.558886
1 157.78163 -8.647043 -0.856600 -0.342364 -2.291791 -1.566746 3.325611 0.226190 2.555172 0.064683 0.423733 2.117009 0.202068 10.554690 -0.333153 0.347360 3.558886
1 153.07983 -8.650587 -0.887906 -0.341998 -2.308623 -1.565527 3.351301 0.215085 2.571591 0.069685 0.405468 2.168324 0.172312 10.542994 -0.305654 0.349549 3.569705
1 142.45952 -8.658360 -0.902853 -0.373179 -2.282960 -1.545869 3.364405 0.246639 2.564807 0.088056 0.417605 2.145375 0.178826 10.535649 -0.305713 0.371133 3.579468
1 142.45952 -8.658360 -0.902853 -0.373179 -2.282960 -1.545869 3.364405 0.246639 2.564807 0.088056 0.417605 2.145375 0.178826 10.535649 -0.305713 0.371133 3.579468
1 142.45952 -8.658360 -0.902853 -0.373179 -2.282960 -1.545869 3.364405 0.246639 2.564807 0.088056 0.417605 2.145375 0.178826 10.535649 -0.305713 0.371133 3.579468
1 122.0986 -8.651920 -0.906063 -0.345837 -2.325533 -1.543918 3.360397 0.296209 2.576878 0.121551 0.443687 2.161514 0.210956 10.510328 -0.277785 0.332055 3.602796
1 122.0986 -8.651920 -0.906063 -0.345837 -2.325533 -1.543918 3.360397 0.296209 2.576878 0.121551 0.443687 2.161514 0.210956 10.510328 -0.277785 0.332055 3.602796
1 122.0986 -8.651920 -0.906063 -0.345837 -2.325533 -1.543918 3.360397 0.296209 2.576878 0.121551 0.443687 2.161514 0.210956 10.510328 -0.277785 0.332055 3.602796
1 114.88133 -8.657896 -0.909802 -0.315029 -2.333733 -1.517333 3.378530 0.318769 2.584491 0.146827 0.491355 2.131183 0.199911 10.522257 -0.297934 0.348390 3.622153
1 114.88133 -8.657896 -0.909802 -0.315029 -2.333733 -1.517333 3.378530 0.318769 2.584491 0.146827 0.491355 2.131183 0.199911 10.522257 -0.297934 0.348390 3.622153
1 114.88133 -8.657896 -0.909802 -0.315029 -2.333733 -1.517333 3.378530 0.318769 2.584491 0.146827 0.491355 2.131183 0.199911 10.522257 -0.297934 0.348390 3.622153
1 114.88133 -8.657896 -0.909802 -0.315029 -2.333733 -1.517333 3.378530 0.318769 2.584491 0.146827 0.491355 2.131183 0.199911 10.522257 -0.297934 0.348390 3.622153
1 114.88133 -8.657896 -0.909802 -0.315029 -2.333733 -1.517333 3.378530 0.318769 2.584491 0.146827 0.491355 2.131183 0.199911 10.522257 -0.297934 0.348390 3.622153
1 114.88133 -8.657896 -0.909802 -0.315029 -2.333733 -1.517333 3.378530 0.318769 2.584491 0.146827 0.491355 2.131183 0.199911 10.522257 -0.297934 0.348390 3.622153
1 114.88133 -8.657896 -0.909802 -0.315029 -2.333733 -1.517333 3.378530 0.318769 2.584491 0.146827 0.491355 2.131183 0.199911 10.522257 -0.297934 0.348390 3.622153
1 114.88133 -8.657896 -0.909802 -0.315029 -2.333733 -1.517333 3.378530 0.318769 2.584491 0.146827 0.491355 2.131183 0.199911 10.522257 -0.297934 0.348390 3.622153
1 112.23916 -8.635300 -0.904991 -0.315808 -2.354697 -1.537284 3.358552 0.256791 2.585367 0.180770 0.485799 2.133192 0.217383 10.526787 -0.297384 0.347131 3.591674
1 112.23916 -8.635300 -0.904991 -0.315808 -2.354697 -1.537284 3.358552 0.256791 2.585367 0.180770 0.485799 2.133192 0.217383 10.526787 -0.297384 0.347131 3.591674
1 112.23916 -8.635300 -0.904991 -0.315808 -2.354697 -1.537284 3.358552 0.256791 2.585367 0.180770 0.485799 2.133192 0.217383 10.526787 -0.297384 0.347131 3.591674
1 112.23916 -8.635300 -0.904991 -0.315808 -2.354697 -1.537284 3.358552 0.256791 2.585367 0.180770 0.485799 2.133192 0.217383 10.526787 -0.297384 0.347131 3.591674
1 112.23916 -8.635300 -0.904991 -0.315808 -2.354697 -1.537284 3.358552 0.256791 2.585367 0.180770 0.485799 2.133192 0.217383 10.526787 -0.297384 0.347131 3.591674
1 112.33882 -8.637285 -0.862445 -0.299136 -2.368610 -1.514007 3.327501 0.255952 2.570117 0.207826 0.495745 2.123444 0.202166 10.522941 -0.283954 0.323053 3.597180
1 110.36244 -8.633007 -0.870002 -0.273892 -2.359500 -1.518334 3.338124 0.241205 2.560737 0.206064 0.524121 2.116992 0.197795 10.495338 -0.283379 0.293395 3.579973
1 110.36244 -8.633007 -0.870002 -0.273892 -2.359500 -1.518334 3.338124 0.241205 2.560737 0.206064 0.524121 2.116992 0.197795 10.495338 -0.283379 0.293395 3.579973
1 110.36244 -8.633007 -0.870002 -0.273892 -2.359500 -1.518334 3.338124 0.241205 2.560737 0.206064 0.524121 2.116992 0.197795 10.495338 -0.283379 0.293395 3.579973
1 110.36244 -8.633007 -0.870002 -0.273892 -2.359500 -1.518334 3.338124 0.241205 2.560737 0.206064 0.524121 2.116992 0.197795 10.495338 -0.283379 0.293395 3.579973
1 110.36244 -8.633007 -0.870002 -0.273892 -2.359500 -1.518334 3.338124 0.241205 2.560737 0.206064 0.524121 2.116992 0.197795 10.495338 -0.283379 0.293395 3.579973
1 110.36244 -8.633007 -0.870002 -0.273892 -2.359500 -1.518334 3.338124 0.241205 2.560737 0.206064 0.524121 2.116992 0.197795 10.495338 -0.283379 0.293395 3.579973
1 105.61588 -8.620596 -0.866516 -0.275151 -2.367715 -1.562839 3.324881 0.218833 2.579219 0.260027 0.530394 2.123665 0.217020 10.448489 -0.275321 0.292458 3.576036
1 105.61588 -8.620596 -0.866516 -0.275151 -2.367715 -1.562839 3.324881 0.218833 2.579219 0.260027 0.530394 2.123665 0.217020 10.448489 -0.275321 0.292458 3.576036
1 105.61588 -8.620596 -0.866516 -0.275151 -2.367715 -1.562839 3.324881 0.218833 2.579219 0.260027 0.530394 2.123665 0.217020 10.448489 -0.275321 0.292458 3.576036
1 105.32361 -8.607909 -0.823154 -0.312388 -2.324578 -1.565975 3.320059 0.234524 2.593293 0.217613 0.477149 2.126135 0.203503 10.425027 -0.296387 0.308186 3.566748
1 105.32361 -8.607909 -0.823154 -0.312388 -2.324578 -1.565975 3.320059 0.234524 2.593293 0.217613 0.477149 2.126135 0.203503 10.425027 -0.296387 0.308186 3.566748
1 105.32361 -8.607909 -0.823154 -0.312388 -2.324578 -1.565975 3.320059 0.234524 2.593293 0.217613 0.477149 2.126135 0.203503 10.425027 -0.296387 0.308186 3.566748
1 105.32361 -8.607909 -0.823154 -0.312388 -2.324578 -1.565975 3.320059 0.234524 2.593293 0.217613 0.477149 2.126135 0.203503 10.425027 -0.296387 0.308186 3.566748
1 103.30504 -8.615719 -0.834858 -0.296097 -2.332405 -1.571097 3.369277 0.207741 2.584476 0.249666 0.494237 2.160366 0.245481 10.411678 -0.299020 0.329782 3.574169
1 102.9082 -8.591877 -0.831627 -0.308566 -2.349854 -1.577576 3.409607 0.162860 2.573306 0.268578 0.493626 2.183546 0.255399 10.397192 -0.296624 0.332964 3.603920
1 102.9082 -8.591877 -0.831627 -0.308566 -2.349854 -1.577576 3.409607 0.162860 2.573306 0.268578 0.493626 2.183546 0.255399 10.397192 -0.296624 0.332964 3.603920
1 102.9082 -8.591877 -0.831627 -0.308566 -2.349854 -1.577576 3.409607 0.162860 2.573306 0.268578 0.493626 2.183546 0.255399 10.397192 -0.296624 0.332964 3.603920
1 101.71912 -8.574407 -0.827070 -0.294219 -2.333065 -1.571273 3.419789 0.136660 2.596472 0.255085 0.494688 2.150544 0.269827 10.402596 -0.306948 0.341282 3.588552
1 101.71912 -8.574407 -0.827070 -0.294219 -2.333065 -1.571273 3.419789 0.136660 2.596472 0.255085 0.494688 2.150544 0.269827 10.402596 -0.306948 0.341282 3.588552
1 101.71912 -8.574407 -0.827070 -0.294219 -2.333065 -1.571273 3.419789 0.136660 2.596472 0.255085 0.494688 2.150544 0.269827 10.402596 -0.306948 0.341282 3.588552
1 101.71912 -8.574407 -0.827070 -0.294219 -2.333065 -1.571273 3.419789 0.136660 2.596472 0.255085 0.494688 2.150544 0.269827 10.402596 -0.306948 0.341282 3.588552
1 101.71912 -8.574407 -0.827070 -0.294219 -2.333065 -1.571273 3.419789 0.136660 2.596472 0.255085 0.494688 2.150544 0.269827 10.402596 -0.306948 0.341282 3.588552
1 101.71912 -8.574407 -0.827070 -0.294219 -2.333065 -1.571273 3.419789 0.136660 2.596472 0.255085 0.494688 2.150544 0.269827 10.402596 -0.306948 0.341282 3.588552
1 101.71912 -8.574407 -0.827070 -0.294219 -2.333065 -1.571273 3.419789 0.136660 2.596472 0.255085 0.494688 2.150544 0.269827 10.402596 -0.306948 0.341282 3.588552
1 101.71912 -8.574407 -0.827070 -0.294219 -2.333065 -1.571273 3.419789 0.136660 2.596472 0.255085 0.494688 2.150544 0.269827 10.402596 -0.306948 0.341282 3.588552
1 101.71912 -8.574407 -0.827070 -0.294219 -2.333065 -1.571273 3.419789 0.136660 2.596472 0.255085 0.494688 2.150544 0.269827 10.402596 -0.306948 0.341282 3.588552
1 101.71912 -8.574407 -0.827070 -0.294219 -2.333065 -1.571273 3.419789 0.136660 2.596472 0.255085 0.494688 2.150544 0.269827 10.402596 -0.306948 0.341282 3.588552
1 101.71912 -8.574407 -0.827070 -0.294219 -2.333065 -1.571273 3.419789 0.136660 2.596472 0.255085 0.494688 2.150544 0.269827 10.402596 -0.306948 0.341282 3.588552
1 101.71912 -8.574407 -0.827070 -0.294219 -2.333065 -1.571273 3.419789 0.136660 2.596472 0.255085 0.494688 2.150544 0.269827 10.402596 -0.306948 0.341282 3.588552
1 101.96042 -8.572877 -0.866049 -0.315115 -2.321871 -1.558316 3.393454 0.123148 2.566239 0.258259 0.462311 2.132428 0.279734 10.402920 -0.333468 0.334743 3.603411
1 101.96042 -8.572877 -0.866049 -0.315115 -2.321871 -1.558316 3.393454 0.123148 2.566239 0.258259 0.462311 2.132428 0.279734 10.402920 -0.333468 0.334743 3.603411
1 102.76644 -8.589270 -0.866719 -0.306696 -2.292197 -1.545892 3.374991 0.144099 2.627966 0.258201 0.491067 2.103235 0.272202 10.380473 -0.344694 0.352124 3.642097
1 102.76644 -8.589270 -0.866719 -0.306696 -2.292197 -1.545892 3.374991 0.144099 2.627966 0.258201 0.491067 2.103235 0.272202 10.380473 -0.344694 0.352124 3.642097
1 102.76644 -8.589270 -0.866719 -0.306696 -2.292197 -1.545892 3.374991 0.144099 2.627966 0.258201 0.491067 2.103235 0.272202 10.380473 -0.344694 0.352124 3.642097
1 102.76644 -8.589270 -0.866719 -0.306696 -2.292197 -1.545892 3.374991 0.144099 2.627966 0.258201 0.491067 2.103235 0.272202 10.380473 -0.344694 0.352124 3.642097
1 103.16305 -8.657382 -0.848419 -0.314227 -2.265797 -1.550468 3.390026 0.159469 2.663011 0.223074 0.448848 2.091458 0.252280 10.367907 -0.377494 0.344685 3.650269
1 102.22361 -8.636594 -0.888039 -0.294516 -2.258540 -1.566213 3.369394 0.188041 2.652821 0.239904 0.483485 2.084357 0.242199 10.344191 -0.382319 0.373871 3.650724
1 101.46073 -8.643115 -0.913114 -0.316371 -2.278163 -1.533544 3.358908 0.200087 2.659749 0.226280 0.473359 2.076600 0.210643 10.307255 -0.389924 0.374271 3.664457
