1 inf -8.705318 -0.811931 -0.852537 -2.242350 -1.026060 2.848371 0.232910 2.272896 0.070261 0.575657 2.053616 -0.427154 10.722839 -0.669691 -0.247242 0.023112 3.175135
1 inf -8.722842 -0.824747 -0.837103 -2.230513 -1.066348 2.862917 0.230867 2.243050 0.092089 0.581082 2.040475 -0.451430 10.710419 -0.676371 -0.236745 -0.006206 3.181187
1 inf -8.663848 -0.832976 -0.835553 -2.246389 -1.081850 2.846135 0.212834 2.249501 0.102381 0.599476 2.059973 -0.429109 10.686735 -0.682642 -0.219915 0.005238 3.185689
1 inf -8.666422 -0.788407 -0.855347 -2.228894 -1.093921 2.856746 0.213576 2.239515 0.102480 0.584718 2.085191 -0.462857 10.681771 -0.701581 -0.233759 0.031441 3.185250
1 inf -8.670473 -0.779829 -0.886620 -2.233551 -1.079578 2.845561 0.197277 2.209929 0.135268 0.548609 2.071693 -0.478447 10.692657 -0.694518 -0.283119 -0.008880 3.193335
1 inf -8.651658 -0.776608 -0.865861 -2.248294 -1.070350 2.838052 0.186086 2.239668 0.173522 0.533088 2.069971 -0.483574 10.695507 -0.617591 -0.292636 -0.020589 3.189584
1 inf -8.652466 -0.782482 -0.870214 -2.239346 -1.084491 2.838283 0.187802 2.280344 0.156469 0.514716 2.071836 -0.479642 10.684625 -0.615278 -0.330552 -0.002760 3.178185
1 inf -8.670671 -0.746877 -0.872383 -2.249137 -1.082211 2.806978 0.195639 2.257301 0.136939 0.539414 2.092567 -0.483190 10.673170 -0.604300 -0.312538 0.009822 3.182446
1 inf -8.695134 -0.738448 -0.895677 -2.243506 -1.043389 2.803868 0.198265 2.283909 0.139296 0.568030 2.087251 -0.444225 10.695443 -0.607600 -0.327067 0.003023 3.173417
1 inf -8.703991 -0.739334 -0.906197 -2.264079 -1.074359 2.809434 0.183610 2.275992 0.161746 0.552758 2.082956 -0.455337 10.684225 -0.604925 -0.315172 -0.014569 3.181284
1 inf -8.698664 -0.691653 -0.896435 -2.251064 -1.065401 2.812001 0.203723 2.263159 0.163249 0.551127 2.062224 -0.453353 10.673290 -0.619229 -0.344089 -0.036709 3.166735
1 inf -8.742887 -0.695669 -0.883084 -2.217634 -1.087793 2.799535 0.200387 2.289739 0.144777 0.575050 2.070127 -0.431178 10.674165 -0.630164 -0.342455 -0.040156 3.187180
1 inf -8.738748 -0.722494 -0.926595 -2.241496 -1.099459 2.761636 0.193647 2.304866 0.172332 0.524672 2.055795 -0.415334 10.647821 -0.620235 -0.354606 -0.035170 3.183342
1 inf -8.765920 -0.776185 -0.884432 -2.253797 -1.078123 2.755213 0.190463 2.280934 0.227630 0.528170 2.022453 -0.467280 10.652856 -0.590763 -0.358549 -0.061082 3.204732
1 inf -8.781795 -0.755898 -0.881522 -2.255763 -1.077642 2.766039 0.212773 2.320401 0.222379 0.551527 2.016000 -0.446854 10.639359 -0.605133 -0.356149 -0.060497 3.213477
1 inf -8.770022 -0.758677 -0.868507 -2.316631 -1.085762 2.753898 0.232816 2.309685 0.222547 0.538653 2.021422 -0.455625 10.655136 -0.597222 -0.393778 -0.072355 3.197234
1 inf -8.761302 -0.752691 -0.859940 -2.328815 -1.046453 2.731218 0.244823 2.329484 0.180007 0.539803 1.988182 -0.507649 10.669205 -0.589314 -0.412448 -0.103779 3.229012
1 inf -8.815289 -0.747826 -0.869723 -2.316968 -1.071231 2.733376 0.260184 2.331636 0.162968 0.539619 2.022553 -0.530998 10.648492 -0.598992 -0.443506 -0.121511 3.213181
1 inf -8.771701 -0.752035 -0.883337 -2.301150 -1.084502 2.750154 0.230417 2.310331 0.155621 0.505954 2.037398 -0.518095 10.659794 -0.612357 -0.461789 -0.091404 3.189627
1 inf -8.765825 -0.758464 -0.896317 -2.286206 -1.056001 2.776779 0.189686 2.316012 0.150767 0.525522 2.061205 -0.485498 10.637942 -0.651410 -0.450675 -0.096858 3.198465
1 inf -8.741434 -0.775445 -0.921816 -2.255325 -1.039927 2.794146 0.201479 2.312113 0.171798 0.544137 2.110021 -0.478207 10.639157 -0.614800 -0.413596 -0.090032 3.171373
1 inf -8.767931 -0.775994 -0.908551 -2.301802 -1.061198 2.810695 0.212188 2.359348 0.203931 0.530226 2.076930 -0.457285 10.661699 -0.653802 -0.432920 -0.099932 3.176689
1 inf -8.763022 -0.769845 -0.903821 -2.322187 -1.038275 2.804769 0.189809 2.377532 0.226731 0.535549 2.123278 -0.422698 10.642397 -0.635060 -0.397914 -0.097262 3.132104
1 inf -8.784862 -0.743099 -0.923112 -2.319184 -1.047617 2.781692 0.206882 2.369068 0.205355 0.544148 2.110895 -0.396695 10.658356 -0.661523 -0.380753 -0.096493 3.128857
1 inf -8.748295 -0.773165 -0.942509 -2.355609 -1.016537 2.765506 0.183650 2.351614 0.214977 0.553808 2.137666 -0.380773 10.654247 -0.669365 -0.393888 -0.127120 3.121562
1 inf -8.756416 -0.793194 -0.949988 -2.360144 -1.054340 2.795382 0.198787 2.343098 0.231178 0.548150 2.118683 -0.398824 10.638826 -0.618983 -0.382387 -0.111419 3.117529
1 inf -8.741695 -0.790177 -0.960421 -2.386495 -1.057354 2.782282 0.172816 2.379078 0.244595 0.562340 2.096717 -0.370533 10.607353 -0.599918 -0.398890 -0.114253 3.107426
1 inf -8.739770 -0.795340 -0.957147 -2.399577 -1.117021 2.791473 0.170528 2.361022 0.221308 0.575229 2.099161 -0.358071 10.573094 -0.567425 -0.415765 -0.099234 3.113028
1 inf -8.753822 -0.821673 -0.950405 -2.395521 -1.117440 2.774926 0.162838 2.369890 0.245853 0.626262 2.087861 -0.370317 10.555663 -0.581769 -0.418686 -0.089260 3.125586
1 inf -8.770773 -0.842732 -0.972206 -2.389987 -1.088959 2.761066 0.169266 2.368991 0.238096 0.661042 2.079203 -0.373960 10.543580 -0.563018 -0.382813 -0.066571 3.130674
1 inf -8.752140 -0.822316 -0.955827 -2.394761 -1.093960 2.780776 0.188380 2.358668 0.256310 0.694342 2.066348 -0.334962 10.508594 -0.533231 -0.353888 -0.054831 3.140285
1 inf -8.763115 -0.851287 -0.923053 -2.386001 -1.082411 2.802294 0.227114 2.408209 0.234402 0.712667 2.057980 -0.332754 10.512424 -0.524838 -0.348566 -0.073002 3.139247
1 inf -8.759617 -0.838549 -0.921530 -2.433462 -1.091478 2.812631 0.267606 2.396123 0.207704 0.698144 2.053114 -0.317957 10.535244 -0.539034 -0.360724 -0.080570 3.122549
1 inf -8.756332 -0.852511 -0.915563 -2.464074 -1.083038 2.791153 0.254759 2.382095 0.203783 0.670324 2.071165 -0.281733 10.527853 -0.549043 -0.354042 -0.088985 3.129350
1 inf -8.751459 -0.857044 -0.888076 -2.441606 -1.090834 2.814164 0.215040 2.379556 0.204475 0.672113 2.054240 -0.298436 10.504747 -0.549198 -0.326430 -0.074608 3.115441
1 inf -8.727363 -0.879614 -0.866405 -2.452010 -1.093811 2.789571 0.212675 2.378443 0.233635 0.673721 2.060259 -0.310227 10.521434 -0.528053 -0.334768 -0.073888 3.075017
1 inf -8.699803 -0.871868 -0.848869 -2.487497 -1.074132 2.787780 0.226714 2.417573 0.264974 0.668989 2.080990 -0.309878 10.550321 -0.514233 -0.340222 -0.056619 3.066865
1 inf -8.708787 -0.867876 -0.861793 -2.531242 -1.022893 2.794330 0.225868 2.372629 0.284021 0.672725 2.110738 -0.354699 10.549852 -0.558910 -0.352742 -0.057063 3.044682
1 inf -8.669214 -0.883276 -0.891179 -2.516856 -1.035305 2.756427 0.230365 2.367008 0.314221 0.665527 2.099114 -0.345821 10.578917 -0.552465 -0.380554 -0.044459 3.043738
1 inf -8.676510 -0.913427 -0.871276 -2.519018 -1.027196 2.782236 0.231753 2.359003 0.351210 0.694666 2.141019 -0.358389 10.596604 -0.570428 -0.386675 -0.032446 3.028687
1 inf -8.677138 -0.905686 -0.893848 -2.490364 -1.024784 2.766310 0.228736 2.351494 0.341758 0.686219 2.122570 -0.342445 10.617829 -0.583978 -0.383519 -0.034702 3.040862
1 inf -8.674829 -0.894763 -0.881089 -2.460594 -1.015540 2.781987 0.261622 2.385279 0.377945 0.684844 2.132166 -0.393107 10.626186 -0.548250 -0.374409 -0.037953 3.040261
1 inf -8.678225 -0.911597 -0.870372 -2.436785 -1.003191 2.781241 0.240263 2.385376 0.328673 0.683967 2.120948 -0.398302 10.605190 -0.525738 -0.366549 -0.062773 3.034804
1 inf -8.654438 -0.903811 -0.875004 -2.413574 -1.003746 2.777614 0.261154 2.398150 0.291574 0.674107 2.089740 -0.376435 10.577375 -0.542509 -0.354052 -0.081321 3.019166
1 inf -8.646356 -0.880408 -0.902585 -2.398063 -1.013599 2.773838 0.293606 2.406736 0.332712 0.672870 2.131621 -0.377489 10.563751 -0.566431 -0.365182 -0.086198 3.037353
1 inf -8.632693 -0.879879 -0.911869 -2.429058 -1.025845 2.816137 0.282319 2.415769 0.321937 0.665304 2.145830 -0.371787 10.572226 -0.557571 -0.365153 -0.061363 3.053320
1 inf -8.616089 -0.857510 -0.924958 -2.440116 -1.042365 2.802776 0.250948 2.428805 0.339733 0.661019 2.143084 -0.396368 10.590352 -0.508701 -0.365230 -0.035251 3.020542
1 inf -8.680993 -0.868488 -0.941021 -2.439179 -1.024184 2.781091 0.256711 2.427638 0.292640 0.691469 2.137573 -0.391992 10.555394 -0.482020 -0.335497 -0.026751 2.998851
1 inf -8.679553 -0.870047 -0.928211 -2.449039 -1.040950 2.757388 0.271869 2.425184 0.325824 0.685188 2.136510 -0.339228 10.564047 -0.502457 -0.314638 -0.009971 2.994834
1 inf -8.678739 -0.860377 -0.939527 -2.425430 -1.012427 2.748803 0.277680 2.424563 0.315827 0.710579 2.120125 -0.327635 10.554013 -0.456218 -0.330761 -0.009365 2.990649
1 inf -8.694692 -0.851702 -0.890985 -2.390469 -1.004813 2.727416 0.281349 2.472570 0.298591 0.740472 2.114198 -0.349755 10.590952 -0.480476 -0.337183 -0.001656 3.013203
1 inf -8.671515 -0.833643 -0.893389 -2.403672 -1.023860 2.737563 0.300651 2.427481 0.274424 0.736957 2.105684 -0.374764 10.595451 -0.457497 -0.341878 0.018044 3.046025
1 inf -8.703741 -0.826189 -0.872727 -2.385156 -1.031147 2.769915 0.327607 2.418552 0.287843 0.758209 2.069998 -0.378694 10.580927 -0.461943 -0.368236 0.008953 3.062444
1 inf -8.689020 -0.823172 -0.883160 -2.411507 -1.034161 2.756815 0.301636 2.454532 0.301260 0.772399 2.048032 -0.350403 10.549454 -0.442878 -0.384739 0.006119 3.052341
1 inf -8.682139 -0.823576 -0.879233 -2.388042 -1.026477 2.745598 0.311573 2.435750 0.314818 0.756396 2.062417 -0.332979 10.562095 -0.480460 -0.377080 0.011111 3.048412
1 inf -8.678485 -0.830439 -0.893179 -2.374097 -1.016575 2.792659 0.325567 2.490301 0.299757 0.769925 2.030198 -0.263695 10.566364 -0.497993 -0.413109 0.020393 3.065621
1 inf -8.662699 -0.836719 -0.896975 -2.366769 -1.036080 2.789118 0.355303 2.482720 0.357156 0.775648 2.042815 -0.270332 10.599779 -0.499180 -0.401008 -0.015531 3.039288
1 inf -8.653362 -0.792928 -0.872721 -2.357568 -1.029957 2.798031 0.343341 2.483216 0.378509 0.766858 2.048263 -0.282372 10.614251 -0.452926 -0.388967 -0.020207 3.009868
1 inf -8.610455 -0.795587 -0.883620 -2.366235 -1.014407 2.827349 0.333457 2.494322 0.381646 0.783000 2.019561 -0.262670 10.632247 -0.456071 -0.367430 0.006264 3.019387
1 inf -8.590831 -0.784969 -0.905139 -2.365646 -1.020799 2.821251 0.330832 2.511882 0.349851 0.793743 2.039616 -0.279551 10.642790 -0.460277 -0.390863 0.032056 3.002974
1 inf -8.597554 -0.794156 -0.916789 -2.360855 -1.028272 2.812524 0.288439 2.516605 0.360968 0.746655 2.050713 -0.277973 10.643085 -0.448443 -0.413112 0.060010 3.036307
1 inf -8.587101 -0.794710 -0.917010 -2.354490 -1.041180 2.851280 0.303484 2.487719 0.342479 0.770292 2.042833 -0.298585 10.619281 -0.450480 -0.380699 0.029738 3.047106
1 inf -8.603628 -0.811029 -0.916092 -2.372826 -1.065271 2.860324 0.312372 2.489054 0.349359 0.759502 2.047912 -0.269107 10.623306 -0.399593 -0.352713 0.028618 3.010625
1 inf -8.603715 -0.838136 -0.890557 -2.348125 -1.069700 2.837273 0.290745 2.479726 0.335777 0.819705 2.046675 -0.241431 10.628542 -0.453129 -0.353854 0.033273 2.998403
1 inf -8.611443 -0.875403 -0.893827 -2.331267 -1.066739 2.849273 0.279505 2.468300 0.346821 0.833619 2.072963 -0.274455 10.644628 -0.446268 -0.339303 0.060834 2.989470
1 inf -8.602806 -0.898402 -0.907744 -2.316575 -1.061161 2.833100 0.299204 2.455202 0.345101 0.859772 2.066384 -0.266178 10.655112 -0.480958 -0.337845 0.100018 2.967169
1 inf -8.597120 -0.899156 -0.888182 -2.304505 -1.063090 2.848327 0.294671 2.445293 0.340300 0.860634 2.031735 -0.280871 10.662172 -0.512188 -0.330195 0.106294 2.965980
1 inf -8.624036 -0.902113 -0.880024 -2.331978 -1.031340 2.852821 0.279320 2.503659 0.349856 0.887018 2.029188 -0.312737 10.667898 -0.527519 -0.325518 0.129201 2.967295
1 inf -8.633852 -0.907725 -0.865759 -2.285619 -1.057296 2.860487 0.267871 2.522095 0.373031 0.904409 2.015851 -0.316139 10.701721 -0.547116 -0.306445 0.120957 2.986234
1 inf -8.599160 -0.893758 -0.846051 -2.292491 -1.052735 2.862535 0.245883 2.521395 0.345896 0.901998 2.012948 -0.276886 10.738960 -0.540298 -0.326843 0.101708 2.990455
1 inf -8.622567 -0.846512 -0.862138 -2.281428 -1.036716 2.879055 0.230440 2.494529 0.366943 0.927378 2.035808 -0.278941 10.753465 -0.515308 -0.348228 0.116480 3.005907
1 inf -8.617113 -0.802789 -0.880023 -2.293381 -1.058124 2.885796 0.245404 2.509019 0.329772 0.943967 2.049992 -0.310771 10.742698 -0.502837 -0.339586 0.102844 3.019887
1 inf -8.609972 -0.810497 -0.881557 -2.271479 -1.058697 2.904293 0.231103 2.487327 0.338107 0.921912 2.054372 -0.338592 10.742997 -0.531875 -0.364810 0.120304 3.034932
1 inf -8.586414 -0.805982 -0.896201 -2.246028 -1.050328 2.943183 0.246252 2.484447 0.366875 0.929771 2.038054 -0.331428 10.767263 -0.538889 -0.335170 0.121964 3.085688
1 inf -8.580818 -0.812685 -0.884178 -2.219777 -1.056618 2.929815 0.234078 2.465326 0.364645 0.920401 2.015015 -0.300895 10.750710 -0.555151 -0.330688 0.125994 3.109006
1 inf -8.574311 -0.819213 -0.866174 -2.218407 -1.067312 2.892439 0.250561 2.441073 0.356660 0.920106 2.027160 -0.311852 10.780429 -0.538852 -0.325150 0.107802 3.101007
1 inf -8.547210 -0.782440 -0.866601 -2.243559 -1.068471 2.900663 0.258250 2.472634 0.365956 0.904944 2.036740 -0.274123 10.766389 -0.546969 -0.306428 0.132097 3.092713
1 inf -8.510444 -0.767069 -0.837335 -2.204137 -1.059820 2.871163 0.245958 2.461437 0.338193 0.939750 1.996239 -0.272162 10.766006 -0.560687 -0.331975 0.134114 3.089066
1 inf -8.530662 -0.711343 -0.841262 -2.195714 -1.090166 2.837089 0.252268 2.498819 0.356723 0.960185 2.047549 -0.271950 10.756737 -0.532532 -0.357833 0.161607 3.095930
1 inf -8.552766 -0.683353 -0.875633 -2.216132 -1.051764 2.866755 0.220765 2.473882 0.362688 0.964466 2.046440 -0.271981 10.769313 -0.552471 -0.340717 0.176753 3.121061
1 inf -8.577367 -0.670807 -0.864213 -2.219276 -1.052608 2.853697 0.218739 2.466909 0.392989 0.937730 2.045722 -0.273717 10.770341 -0.528014 -0.318628 0.186469 3.142132
1 inf -8.562646 -0.667790 -0.874646 -2.245627 -1.055622 2.840597 0.192768 2.502889 0.406406 0.951920 2.023756 -0.245426 10.738868 -0.508949 -0.335131 0.183635 3.132029
1 inf -8.544755 -0.669475 -0.843609 -2.270081 -1.012102 2.837493 0.198052 2.489111 0.390503 0.933990 2.022518 -0.245115 10.740312 -0.528154 -0.295494 0.205191 3.105248
1 inf -8.565778 -0.688169 -0.883264 -2.234072 -1.006698 2.854898 0.201307 2.470082 0.381630 0.948218 2.037967 -0.272540 10.738047 -0.528495 -0.296916 0.233378 3.090168
1 inf -8.573221 -0.689031 -0.875126 -2.265489 -1.020386 2.865407 0.207499 2.468458 0.416643 0.923109 2.034327 -0.278659 10.722370 -0.510493 -0.296743 0.224008 3.076584
1 inf -8.573782 -0.700352 -0.868405 -2.270058 -1.020387 2.866935 0.191545 2.423665 0.383521 0.951486 2.056177 -0.252446 10.702849 -0.499588 -0.286731 0.200359 3.071279
1 inf -8.592492 -0.714481 -0.868308 -2.264702 -1.015834 2.892478 0.173718 2.452899 0.347730 0.961000 2.069312 -0.287944 10.703208 -0.510075 -0.293685 0.213418 3.104613
1 inf -8.578862 -0.732293 -0.852295 -2.276040 -1.022014 2.883914 0.198213 2.441515 0.362657 0.940374 2.041674 -0.320006 10.705138 -0.509233 -0.287547 0.196765 3.132728
1 inf -8.531412 -0.749529 -0.835127 -2.282393 -1.018250 2.841344 0.194428 2.458274 0.368927 0.945992 2.051127 -0.297301 10.673835 -0.509870 -0.284171 0.216427 3.151144
1 inf -8.508339 -0.753351 -0.821261 -2.297933 -1.014950 2.833798 0.211532 2.455702 0.376373 0.954767 2.048033 -0.303687 10.708105 -0.513528 -0.280859 0.218312 3.154847
1 inf -8.501361 -0.754678 -0.791544 -2.268198 -1.017833 2.790975 0.191780 2.432664 0.338235 0.987774 2.058688 -0.307647 10.701064 -0.493948 -0.276995 0.227792 3.196335
1 inf -8.551381 -0.744010 -0.804104 -2.247258 -1.031633 2.776164 0.189236 2.436997 0.287505 0.980626 2.033954 -0.312022 10.711972 -0.492831 -0.267574 0.226779 3.220103
1 inf -8.546695 -0.731431 -0.793678 -2.246671 -1.024016 2.755059 0.176567 2.406888 0.257545 0.958864 1.995788 -0.280639 10.711949 -0.511122 -0.261481 0.207011 3.159569
1 inf -8.540236 -0.770038 -0.791144 -2.230533 -1.016363 2.787791 0.228216 2.412803 0.274806 0.975376 1.994842 -0.267634 10.728659 -0.512015 -0.277540 0.189459 3.176936
1 inf -8.559207 -0.785582 -0.803540 -2.214092 -1.020081 2.758555 0.268913 2.422821 0.268148 0.978977 1.995630 -0.299973 10.704605 -0.522795 -0.331465 0.162458 3.167110
1 inf -8.568443 -0.765715 -0.758823 -2.211333 -1.031331 2.768119 0.263658 2.428423 0.237526 0.944942 1.993666 -0.326125 10.709977 -0.512147 -0.343775 0.170303 3.131356
1 inf -8.620185 -0.764269 -0.770689 -2.197588 -1.052447 2.748473 0.273827 2.447804 0.241864 0.949582 2.002451 -0.374752 10.694776 -0.492562 -0.326358 0.186319 3.127825
1 inf -8.653083 -0.768457 -0.738343 -2.249463 -1.046635 2.775105 0.285337 2.483413 0.214799 0.944361 2.015605 -0.369393 10.703992 -0.502800 -0.346026 0.165736 3.118075
1 inf -8.658689 -0.780938 -0.757603 -2.252892 -1.016022 2.790495 0.285042 2.444938 0.201062 0.896606 1.997732 -0.385633 10.726196 -0.481445 -0.359018 0.183248 3.080171
1 inf -8.646496 -0.732278 -0.723539 -2.251902 -1.056441 2.783002 0.268263 2.437840 0.196593 0.912314 2.003025 -0.384411 10.715845 -0.483909 -0.386805 0.191176 3.056888
1 inf -8.657418 -0.739557 -0.718031 -2.246812 -1.064620 2.760070 0.274695 2.444953 0.217166 0.894665 1.969327 -0.414479 10.772344 -0.503831 -0.387727 0.173331 3.038263
1 inf -8.649497 -0.730553 -0.688749 -2.226414 -1.059472 2.741198 0.283429 2.436031 0.228333 0.886627 1.995283 -0.385415 10.742656 -0.496362 -0.415277 0.210323 3.039970
1 inf -8.639112 -0.749842 -0.698545 -2.245339 -1.098553 2.722290 0.274466 2.409223 0.263187 0.853271 1.991781 -0.381798 10.757146 -0.484919 -0.416128 0.186819 3.062639
1 inf -8.689144 -0.732337 -0.664114 -2.236808 -1.076380 2.692837 0.269260 2.367025 0.275963 0.871355 1.995977 -0.399545 10.764319 -0.469084 -0.376909 0.221447 3.064000
1 inf -8.707939 -0.758024 -0.661897 -2.224705 -1.058570 2.675962 0.242239 2.400277 0.331885 0.875123 1.997742 -0.429854 10.742459 -0.473344 -0.362832 0.225726 3.053037
1 inf -8.672978 -0.773516 -0.657998 -2.247186 -1.073688 2.682899 0.244931 2.360065 0.344868 0.887525 2.011316 -0.448566 10.744448 -0.507754 -0.340690 0.228033 3.017873
1 inf -8.639108 -0.792072 -0.714229 -2.243270 -1.085008 2.648660 0.269967 2.366877 0.301266 0.875652 2.017945 -0.458235 10.769450 -0.520152 -0.349426 0.217755 3.027077
1 inf -8.624387 -0.789055 -0.724662 -2.269621 -1.088022 2.635560 0.243996 2.402857 0.314683 0.889842 1.995979 -0.429944 10.737977 -0.501087 -0.365929 0.214921 3.016974
1 inf -8.661412 -0.771026 -0.731617 -2.243634 -1.106128 2.666580 0.201085 2.392585 0.286157 0.898043 2.027241 -0.389514 10.751233 -0.500197 -0.397195 0.240235 3.009625
1 inf -8.661725 -0.749623 -0.733070 -2.248154 -1.141834 2.676433 0.171398 2.346589 0.293375 0.901363 1.995965 -0.396043 10.776647 -0.521592 -0.375838 0.260612 3.019284
1 inf -8.630173 -0.756368 -0.741129 -2.234205 -1.157349 2.696456 0.198977 2.350048 0.312603 0.915442 2.027064 -0.404250 10.769457 -0.572222 -0.380064 0.269654 3.023936
1 inf -8.643719 -0.790869 -0.724988 -2.247571 -1.159002 2.719699 0.171869 2.345065 0.303898 0.906442 2.024506 -0.426546 10.768521 -0.550892 -0.419703 0.271400 3.010784
1 inf -8.620143 -0.795980 -0.740002 -2.236346 -1.171608 2.748323 0.199582 2.338084 0.288984 0.880211 2.025635 -0.418445 10.819549 -0.524773 -0.422740 0.254875 3.057123
1 inf -8.581796 -0.794358 -0.731967 -2.254457 -1.203934 2.747931 0.204759 2.333890 0.275628 0.880535 2.065448 -0.443970 10.831712 -0.539548 -0.404986 0.255410 3.050590
1 inf -8.587910 -0.780124 -0.717091 -2.237111 -1.208999 2.717405 0.197947 2.331543 0.314895 0.871171 2.082375 -0.480458 10.856453 -0.513840 -0.439080 0.264886 3.018946
1 inf -8.575675 -0.772469 -0.737145 -2.260049 -1.245120 2.706556 0.196869 2.316474 0.351591 0.871150 2.058314 -0.479845 10.805374 -0.513528 -0.451490 0.282122 3.026697
1 inf -8.554625 -0.728419 -0.755923 -2.232901 -1.266497 2.729210 0.190640 2.317662 0.367437 0.854793 2.075012 -0.481011 10.772506 -0.514415 -0.418226 0.271355 3.001634
1 inf -8.545320 -0.715616 -0.742389 -2.201914 -1.280117 2.723748 0.170974 2.311244 0.389963 0.868723 2.106863 -0.462567 10.752323 -0.523509 -0.404071 0.250974 3.004839
1 inf -8.604366 -0.763444 -0.773128 -2.224628 -1.285029 2.722975 0.151688 2.321651 0.406378 0.861900 2.111993 -0.461017 10.767937 -0.535576 -0.392603 0.261625 2.993101
1 inf -8.602258 -0.759293 -0.766212 -2.264709 -1.311845 2.728450 0.154880 2.361054 0.436406 0.837563 2.149028 -0.413065 10.759784 -0.575770 -0.350017 0.268355 3.038467
1 inf -8.587114 -0.756618 -0.777520 -2.236146 -1.339131 2.737248 0.154485 2.371286 0.418878 0.856400 2.150879 -0.407375 10.740745 -0.591758 -0.361861 0.244876 3.057382
1 inf -8.557254 -0.769577 -0.759551 -2.245722 -1.365540 2.743541 0.156768 2.399253 0.440914 0.858977 2.153758 -0.409916 10.715113 -0.611447 -0.365751 0.206578 3.086182
1 inf -8.531248 -0.772859 -0.732999 -2.249514 -1.360998 2.769013 0.168760 2.436200 0.442059 0.871395 2.139222 -0.367492 10.700236 -0.587232 -0.405048 0.216509 3.110128
1 inf -8.522705 -0.776445 -0.757909 -2.235720 -1.384719 2.766482 0.194615 2.451112 0.465537 0.814235 2.100540 -0.361196 10.678405 -0.576722 -0.393471 0.220594 3.145689
1 inf -8.534229 -0.763011 -0.713579 -2.232566 -1.403666 2.777127 0.208736 2.453258 0.429103 0.852437 2.084508 -0.394219 10.694718 -0.594977 -0.424869 0.241087 3.152901
1 inf -8.558852 -0.813014 -0.705728 -2.248407 -1.421436 2.804207 0.249881 2.430854 0.452156 0.840207 2.092487 -0.412702 10.707293 -0.602935 -0.418811 0.203840 3.183882
1 inf -8.564879 -0.844765 -0.721432 -2.246199 -1.441379 2.786284 0.250361 2.396332 0.457815 0.882206 2.043650 -0.421224 10.704149 -0.601108 -0.438651 0.213333 3.180862
1 inf -8.605609 -0.850766 -0.701518 -2.276437 -1.457186 2.778417 0.266092 2.377588 0.455468 0.896112 2.065453 -0.426381 10.705262 -0.573538 -0.459617 0.188318 3.194369
1 inf -8.562104 -0.828340 -0.701198 -2.245389 -1.468813 2.792297 0.308136 2.398999 0.437062 0.900209 2.073863 -0.448984 10.696616 -0.584242 -0.482040 0.215791 3.226509
1 inf -8.533223 -0.820232 -0.656396 -2.245438 -1.443007 2.812116 0.315413 2.399108 0.458337 0.892632 2.068102 -0.475734 10.672879 -0.605814 -0.496372 0.238631 3.238717
1 inf -8.528404 -0.816620 -0.617074 -2.269001 -1.448602 2.827434 0.339587 2.400875 0.455475 0.899425 2.060785 -0.461300 10.617787 -0.616003 -0.492419 0.208465 3.263580
1 inf -8.556122 -0.805543 -0.606744 -2.264176 -1.450921 2.793138 0.344546 2.434586 0.486301 0.956547 2.064086 -0.490587 10.633926 -0.616067 -0.465039 0.236470 3.281117
1 inf -8.561639 -0.819531 -0.605999 -2.281271 -1.443643 2.773381 0.272476 2.432569 0.450211 0.972301 2.066075 -0.512010 10.651227 -0.605618 -0.421067 0.259125 3.286226
1 inf -8.546918 -0.816514 -0.616432 -2.307622 -1.446657 2.760281 0.246505 2.468549 0.463628 0.986491 2.044109 -0.483719 10.619754 -0.586553 -0.437570 0.256291 3.276123
1 inf -8.529917 -0.823628 -0.615459 -2.338288 -1.444854 2.776276 0.190971 2.456589 0.459446 0.981738 2.042850 -0.452303 10.621183 -0.610083 -0.419338 0.265942 3.288832
1 inf -8.562020 -0.802125 -0.622450 -2.346218 -1.444616 2.788232 0.165841 2.477906 0.433034 0.961312 2.072652 -0.458017 10.589626 -0.626856 -0.406223 0.264740 3.303816
1 inf -8.559872 -0.799852 -0.633361 -2.342491 -1.477653 2.776909 0.171377 2.464736 0.452912 0.956419 2.101102 -0.420517 10.562651 -0.607185 -0.382513 0.244357 3.303277
1 inf -8.560184 -0.779209 -0.591799 -2.309522 -1.449283 2.781427 0.174298 2.488080 0.469281 0.966437 2.077043 -0.394786 10.574926 -0.608618 -0.379764 0.235761 3.302298
1 inf -8.582721 -0.799985 -0.565103 -2.340974 -1.465610 2.785549 0.194240 2.501213 0.477163 0.935077 2.076331 -0.383938 10.591284 -0.628916 -0.366677 0.279755 3.279208
1 inf -8.592976 -0.803197 -0.521793 -2.337049 -1.468522 2.782070 0.217442 2.525767 0.481526 0.956012 2.063193 -0.341550 10.602889 -0.619484 -0.375193 0.249757 3.264117
1 inf -8.590689 -0.810100 -0.496953 -2.307405 -1.455967 2.790673 0.186007 2.535987 0.491325 0.958329 2.063085 -0.316021 10.601035 -0.646208 -0.344260 0.216144 3.246462
1 inf -8.593717 -0.817528 -0.483431 -2.294106 -1.450839 2.762648 0.193241 2.533513 0.461507 0.905788 2.036705 -0.331910 10.626496 -0.637860 -0.346715 0.237340 3.192782
1 inf -8.582634 -0.811316 -0.485567 -2.287191 -1.434326 2.758938 0.199235 2.517917 0.417628 0.914057 2.045838 -0.335033 10.608782 -0.595272 -0.358882 0.222571 3.136665
1 inf -8.561014 -0.794117 -0.470554 -2.286906 -1.400133 2.743641 0.228325 2.487840 0.415646 0.932588 2.051350 -0.378229 10.602978 -0.567422 -0.393818 0.202042 3.129166
1 inf -8.543231 -0.762989 -0.464284 -2.295500 -1.352175 2.738190 0.258148 2.490806 0.380958 0.939039 2.045789 -0.361601 10.584750 -0.523623 -0.403224 0.209500 3.137857
1 inf -8.542448 -0.753059 -0.493017 -2.293100 -1.328587 2.768839 0.250757 2.482057 0.408650 0.937068 2.048717 -0.375659 10.582136 -0.523614 -0.385243 0.211198 3.154114
1 inf -8.559838 -0.716602 -0.506603 -2.327320 -1.319952 2.797988 0.253554 2.510047 0.437109 0.966102 2.075595 -0.380763 10.574038 -0.522262 -0.390302 0.219191 3.142163
1 inf -8.597302 -0.762981 -0.521376 -2.320448 -1.312386 2.822645 0.261735 2.512360 0.454002 0.937310 2.089459 -0.402300 10.572849 -0.499884 -0.407436 0.217094 3.101914
1 inf -8.591903 -0.745214 -0.498141 -2.327253 -1.346948 2.826401 0.296411 2.521703 0.473437 0.942586 2.103249 -0.431633 10.570598 -0.486602 -0.432583 0.205425 3.129517
1 inf -8.560488 -0.748690 -0.503153 -2.319811 -1.342692 2.798403 0.324705 2.528476 0.495011 0.947324 2.112555 -0.432382 10.564280 -0.507969 -0.450016 0.213327 3.113750
1 inf -8.545767 -0.745673 -0.513586 -2.346162 -1.345706 2.785303 0.298734 2.564456 0.508428 0.961514 2.090589 -0.404091 10.532807 -0.488904 -0.466519 0.210493 3.103647
1 inf -8.590509 -0.779145 -0.499466 -2.324870 -1.336825 2.789228 0.301798 2.587345 0.514300 0.949435 2.087780 -0.421537 10.541793 -0.506783 -0.523615 0.175840 3.122680
1 inf -8.586036 -0.764259 -0.519795 -2.327769 -1.339509 2.746233 0.302797 2.583039 0.545676 0.937914 2.089128 -0.444228 10.574967 -0.500320 -0.528060 0.181631 3.117597
1 inf -8.575516 -0.769708 -0.496091 -2.317130 -1.343676 2.734744 0.305480 2.575575 0.573043 0.940651 2.088339 -0.435589 10.556041 -0.488611 -0.544541 0.204638 3.088310
1 inf -8.601034 -0.795216 -0.519552 -2.331042 -1.337497 2.762147 0.292000 2.570230 0.585790 0.925597 2.078958 -0.433521 10.566304 -0.465259 -0.568686 0.195541 3.075299
1 inf -8.580991 -0.798592 -0.527689 -2.333431 -1.323224 2.729079 0.305208 2.556896 0.602877 0.897563 2.058470 -0.420398 10.558724 -0.501561 -0.567394 0.191187 3.079384
1 inf -8.567094 -0.789541 -0.519969 -2.321148 -1.335175 2.730545 0.316329 2.585872 0.580522 0.905084 2.052924 -0.420536 10.526453 -0.513153 -0.590710 0.254695 3.067706
1 inf -8.592519 -0.758085 -0.510666 -2.341247 -1.309060 2.735844 0.260945 2.595038 0.595662 0.906456 2.049905 -0.439900 10.566116 -0.475736 -0.602407 0.236986 3.058708
1 inf -8.589657 -0.766818 -0.513695 -2.337822 -1.327991 2.757077 0.293052 2.626391 0.599877 0.893958 2.083702 -0.439900 10.537254 -0.506197 -0.576688 0.254925 3.029423
1 inf -8.592356 -0.766952 -0.509534 -2.360218 -1.323149 2.695950 0.277964 2.665699 0.599582 0.899934 2.107464 -0.446417 10.515137 -0.493812 -0.569683 0.265832 3.052730
1 inf -8.593560 -0.765612 -0.516708 -2.360601 -1.282794 2.725268 0.286297 2.635282 0.635022 0.902332 2.123716 -0.467002 10.506895 -0.511735 -0.598202 0.243485 3.043318
1 inf -8.602546 -0.748587 -0.520196 -2.353410 -1.316904 2.700711 0.295381 2.632239 0.662241 0.891688 2.123941 -0.498251 10.498313 -0.488561 -0.617312 0.253605 3.068584
1 inf -8.620090 -0.712179 -0.545640 -2.367148 -1.322594 2.723136 0.305930 2.576011 0.667534 0.858108 2.110135 -0.486191 10.474447 -0.486156 -0.620997 0.229190 3.054345
1 inf -8.630724 -0.709617 -0.526762 -2.373934 -1.337886 2.748976 0.299196 2.572207 0.695056 0.839175 2.112397 -0.489453 10.526272 -0.478955 -0.660576 0.236595 3.078172
1 inf -8.640177 -0.677129 -0.537995 -2.356246 -1.322482 2.765901 0.316105 2.570099 0.680168 0.874855 2.209560 -0.494518 10.460093 -0.522002 -0.668931 0.251371 3.083578
1 inf -8.652756 -0.665729 -0.529610 -2.370581 -1.327704 2.749851 0.308671 2.586688 0.690764 0.898320 2.224560 -0.492416 10.507906 -0.498608 -0.669479 0.225994 3.070093
1 inf -8.655964 -0.707734 -0.544300 -2.413084 -1.304028 2.724746 0.317639 2.603684 0.656280 0.931336 2.280994 -0.444583 10.510082 -0.495223 -0.680982 0.265350 3.060992
1 inf -8.638163 -0.692561 -0.568961 -2.418148 -1.322928 2.727511 0.309581 2.616932 0.650159 0.915066 2.318298 -0.454665 10.460735 -0.475052 -0.657921 0.253271 3.050890
1 inf -8.639368 -0.670820 -0.530172 -2.434619 -1.337947 2.736845 0.299559 2.620623 0.646335 0.879327 2.275373 -0.489696 10.436925 -0.500522 -0.647512 0.283552 3.016337
1 inf -8.659376 -0.661106 -0.550965 -2.434486 -1.345389 2.744122 0.281974 2.580387 0.631658 0.879176 2.245926 -0.488937 10.474398 -0.524508 -0.666780 0.282582 2.973302
1 inf -8.689527 -0.649585 -0.567673 -2.437433 -1.349942 2.729980 0.274520 2.612000 0.680730 0.878524 2.212621 -0.481310 10.478259 -0.509649 -0.647877 0.314925 2.987167
1 inf -8.678471 -0.637097 -0.590888 -2.457949 -1.345963 2.750789 0.267170 2.608736 0.687103 0.896204 2.222688 -0.457912 10.496169 -0.503648 -0.655701 0.357335 2.973090
1 inf -8.658012 -0.644720 -0.615199 -2.486363 -1.367946 2.751707 0.268910 2.610703 0.695806 0.922823 2.246845 -0.441951 10.486308 -0.488976 -0.670333 0.368645 2.958795
1 inf -8.666595 -0.647629 -0.587181 -2.481172 -1.389391 2.710652 0.288635 2.638828 0.671975 0.929615 2.254531 -0.444267 10.473435 -0.445982 -0.632137 0.367541 2.955261
1 inf -8.636150 -0.583104 -0.629747 -2.510697 -1.394506 2.714815 0.269864 2.613832 0.631743 0.964999 2.262278 -0.468785 10.448931 -0.444278 -0.618332 0.347401 2.962909
1 inf -8.638129 -0.559689 -0.620348 -2.503199 -1.387223 2.748596 0.291900 2.589379 0.623989 0.933930 2.268342 -0.472519 10.438214 -0.432043 -0.641116 0.382711 2.953220
1 inf -8.623408 -0.556672 -0.630781 -2.529550 -1.390237 2.735496 0.265929 2.625359 0.637406 0.948120 2.246376 -0.444228 10.406741 -0.412978 -0.657619 0.379877 2.943117
1 inf -8.650410 -0.554662 -0.625068 -2.528376 -1.326182 2.723718 0.246800 2.595091 0.597642 0.910570 2.256526 -0.440004 10.400836 -0.423678 -0.611950 0.357718 2.930456
1 inf -8.700733 -0.567148 -0.616236 -2.524264 -1.318237 2.762310 0.220454 2.625443 0.595058 0.902123 2.252921 -0.469447 10.380840 -0.397478 -0.605512 0.342557 2.914118
1 inf -8.667221 -0.581698 -0.632213 -2.522607 -1.350005 2.751162 0.188286 2.625099 0.597710 0.895590 2.291294 -0.468495 10.394141 -0.401658 -0.611315 0.369764 2.863983
1 inf -8.689630 -0.573859 -0.631905 -2.525771 -1.350665 2.719182 0.193918 2.608623 0.562939 0.936149 2.239619 -0.470095 10.376754 -0.385938 -0.629893 0.398342 2.834781
1 inf -8.711441 -0.569767 -0.684006 -2.488914 -1.348792 2.661153 0.188473 2.616247 0.578265 0.919948 2.238972 -0.493993 10.361298 -0.381635 -0.645243 0.417971 2.836300
1 inf -8.710114 -0.553547 -0.701421 -2.488819 -1.345654 2.668062 0.230786 2.594523 0.578383 0.942048 2.238210 -0.497569 10.395016 -0.390375 -0.619988 0.461330 2.898072
1 inf -8.671023 -0.579724 -0.734114 -2.484443 -1.344277 2.692636 0.219190 2.580837 0.576322 0.960185 2.263194 -0.445945 10.409037 -0.389440 -0.603748 0.486858 2.938159
1 inf -8.670322 -0.571654 -0.746153 -2.510534 -1.373595 2.658421 0.261309 2.554763 0.572618 0.992468 2.254980 -0.400501 10.402446 -0.395238 -0.625735 0.505577 2.914344
1 inf -8.727058 -0.555856 -0.756952 -2.487476 -1.366328 2.640067 0.226463 2.553818 0.599436 0.985626 2.244208 -0.413272 10.432145 -0.349573 -0.623629 0.561229 2.891666
1 inf -8.729314 -0.546243 -0.731797 -2.457628 -1.374564 2.658371 0.217043 2.526970 0.616448 0.977109 2.240980 -0.393344 10.428055 -0.365316 -0.645448 0.569053 2.852133
1 inf -8.705394 -0.520394 -0.753037 -2.451190 -1.338280 2.660301 0.207784 2.544899 0.591047 0.975761 2.257153 -0.375119 10.426333 -0.323079 -0.641024 0.568529 2.844831
1 inf -8.707561 -0.529420 -0.760500 -2.474851 -1.310698 2.688508 0.171762 2.571668 0.584932 0.985116 2.232116 -0.397856 10.451542 -0.355256 -0.644251 0.589472 2.831093
1 inf -8.719900 -0.553667 -0.761519 -2.479879 -1.327800 2.657485 0.199546 2.583804 0.601535 0.979112 2.253544 -0.425120 10.471104 -0.372024 -0.628762 0.580537 2.841924
1 inf -8.707274 -0.564940 -0.738806 -2.467500 -1.333172 2.650851 0.169943 2.602543 0.589382 0.948947 2.264702 -0.435180 10.455998 -0.373211 -0.635420 0.566123 2.861419
1 inf -8.724718 -0.552681 -0.747333 -2.498079 -1.323128 2.649525 0.145687 2.579115 0.648066 0.932808 2.268042 -0.423244 10.466485 -0.408371 -0.652658 0.568961 2.854280
1 inf -8.689799 -0.563712 -0.738860 -2.502890 -1.343437 2.674823 0.131814 2.559162 0.669744 0.928712 2.298335 -0.468068 10.450485 -0.407735 -0.663023 0.554494 2.834024
1 inf -8.712430 -0.541284 -0.719508 -2.491495 -1.316235 2.650702 0.122184 2.542856 0.679509 0.939575 2.298329 -0.490026 10.451072 -0.400756 -0.680526 0.578670 2.862183
1 inf -8.778106 -0.550672 -0.699069 -2.499569 -1.320805 2.635924 0.124189 2.573811 0.677803 0.904833 2.284615 -0.443010 10.443401 -0.435521 -0.645581 0.607230 2.857281
1 inf -8.801334 -0.569017 -0.665854 -2.502164 -1.329546 2.665974 0.095264 2.571642 0.665665 0.902310 2.287021 -0.486201 10.418723 -0.431174 -0.662444 0.633101 2.880255
1 inf -8.753235 -0.555788 -0.666113 -2.530165 -1.342702 2.681005 0.086331 2.585549 0.675403 0.903880 2.291776 -0.518028 10.454140 -0.444124 -0.675046 0.657039 2.843485
1 inf -8.738514 -0.552771 -0.676546 -2.556516 -1.345716 2.667905 0.060360 2.621529 0.688820 0.918070 2.269810 -0.489737 10.422667 -0.425059 -0.691549 0.654205 2.833382
1 inf -8.733484 -0.541700 -0.681045 -2.560876 -1.318105 2.661806 0.093887 2.607990 0.672733 0.908409 2.274098 -0.506698 10.429550 -0.435973 -0.700545 0.623261 2.833667
1 inf -8.753447 -0.566600 -0.671052 -2.586100 -1.334155 2.678371 0.103097 2.639927 0.651346 0.896915 2.268957 -0.457302 10.418008 -0.446040 -0.725379 0.639342 2.841253
1 inf -8.730866 -0.575728 -0.661352 -2.588013 -1.346036 2.651629 0.107731 2.619462 0.658726 0.906736 2.278054 -0.446732 10.397913 -0.421520 -0.716329 0.657117 2.840978
1 inf -8.690287 -0.584482 -0.645323 -2.596594 -1.367727 2.631685 0.098412 2.624391 0.658676 0.907453 2.283987 -0.421567 10.400390 -0.412788 -0.715551 0.675139 2.850942
1 inf -8.665306 -0.587765 -0.655881 -2.595389 -1.366134 2.664733 0.081573 2.671913 0.648895 0.898967 2.280885 -0.424791 10.375935 -0.434099 -0.755646 0.684638 2.849284
