1 inf -8.674575 -0.943399 -0.257670 -2.192938 -1.397622 3.407091 0.195226 2.527804 0.190862 0.616239 2.299523 0.196069 10.450156 -0.258661 0.215229 3.695347
1 inf -8.713469 -0.892539 -0.232199 -2.229540 -1.436318 3.392706 0.185033 2.540081 0.202315 0.622437 2.297197 0.199891 10.491331 -0.251194 0.210934 3.680284
1 inf -8.734709 -0.911931 -0.258558 -2.199069 -1.435072 3.378942 0.175499 2.535281 0.164301 0.620204 2.324880 0.195908 10.451792 -0.247391 0.180537 3.666185
1 inf -8.700144 -0.934422 -0.271095 -2.195178 -1.463304 3.380170 0.166025 2.530951 0.161145 0.674204 2.331728 0.171285 10.449668 -0.274567 0.213639 3.659626
1 inf -8.696912 -0.934265 -0.263816 -2.192512 -1.468979 3.397342 0.162738 2.518923 0.179743 0.664080 2.340611 0.150633 10.474709 -0.277491 0.251928 3.701220
1 inf -8.724751 -0.937757 -0.255136 -2.157577 -1.451593 3.407199 0.159430 2.511887 0.198925 0.698185 2.329422 0.162130 10.472073 -0.302300 0.246963 3.676149
1 inf -8.713605 -0.934537 -0.272941 -2.139964 -1.476619 3.401650 0.180598 2.521530 0.186106 0.722526 2.344732 0.137614 10.464468 -0.286370 0.250787 3.690679
1 inf -8.787556 -0.913848 -0.252202 -2.153481 -1.476134 3.370878 0.171463 2.529656 0.163262 0.705546 2.323128 0.109448 10.481048 -0.297189 0.262982 3.695564
1 inf -8.811099 -0.931922 -0.221872 -2.138647 -1.532499 3.384146 0.227940 2.513550 0.184066 0.692834 2.327054 0.087010 10.520425 -0.290728 0.251431 3.697208
1 inf -8.822110 -0.934108 -0.233073 -2.143628 -1.540064 3.375513 0.239829 2.540257 0.197127 0.705681 2.349969 0.102287 10.508690 -0.308652 0.257083 3.698849
1 inf -8.805352 -0.946525 -0.202368 -2.129576 -1.542038 3.407603 0.211301 2.550712 0.194287 0.706212 2.323513 0.092469 10.511646 -0.294186 0.245203 3.670401
1 inf -8.830545 -0.957243 -0.178011 -2.107771 -1.560220 3.414671 0.208296 2.614095 0.180359 0.682266 2.319119 0.099216 10.512364 -0.315507 0.257802 3.612874
1 inf -8.831580 -0.968754 -0.207038 -2.113901 -1.548839 3.435351 0.243549 2.593356 0.172373 0.726840 2.323974 0.052053 10.523386 -0.315073 0.274700 3.609371
1 inf -8.858821 -0.960340 -0.232054 -2.113599 -1.553557 3.412949 0.222810 2.583830 0.169890 0.754952 2.298943 0.035294 10.501002 -0.335383 0.256883 3.598210
1 inf -8.828264 -0.975575 -0.206470 -2.127798 -1.543646 3.399011 0.248836 2.600068 0.135912 0.744035 2.277653 -0.006236 10.501545 -0.338449 0.249435 3.572272
1 inf -8.829543 -0.954194 -0.185406 -2.136549 -1.548374 3.429682 0.242421 2.622749 0.125649 0.762572 2.304313 -0.013049 10.511445 -0.291240 0.272366 3.577869
1 inf -8.796490 -0.938548 -0.169994 -2.122756 -1.559214 3.436008 0.253958 2.643769 0.137528 0.780717 2.301270 0.007142 10.512700 -0.307618 0.251305 3.597762
1 inf -8.813547 -0.948125 -0.120915 -2.105020 -1.556128 3.465777 0.217860 2.614948 0.123620 0.761920 2.273243 -0.005179 10.505951 -0.309288 0.264074 3.585904
1 inf -8.815883 -0.957203 -0.133800 -2.082585 -1.554932 3.453798 0.231550 2.626261 0.091792 0.756760 2.304191 0.013736 10.507048 -0.318251 0.230673 3.580379
1 inf -8.817676 -0.965963 -0.105547 -2.087726 -1.544560 3.435105 0.210123 2.650024 0.111912 0.735209 2.305006 -0.028101 10.528973 -0.298169 0.223390 3.579383
1 inf -8.845193 -0.946490 -0.140261 -2.087221 -1.558180 3.434295 0.217801 2.632039 0.095015 0.718057 2.259989 -0.015483 10.505349 -0.290459 0.230545 3.580244
1 inf -8.847795 -0.928088 -0.136859 -2.108832 -1.571445 3.460098 0.179809 2.627554 0.112865 0.723750 2.262969 -0.003640 10.520226 -0.332470 0.234583 3.579470
1 inf -8.821711 -0.930887 -0.143901 -2.108016 -1.587961 3.441838 0.179486 2.677061 0.121826 0.764013 2.222078 -0.027339 10.495829 -0.289495 0.241861 3.583391
1 inf -8.840723 -0.942961 -0.136429 -2.159736 -1.575475 3.442816 0.123930 2.649954 0.128350 0.755398 2.272930 -0.031854 10.464483 -0.308638 0.237987 3.625956
1 inf -8.813226 -0.955175 -0.133742 -2.181009 -1.599347 3.457010 0.136332 2.618805 0.173473 0.741628 2.254940 -0.033115 10.435681 -0.338579 0.240058 3.635607
1 123.44166 -8.792437 -0.940429 -0.109410 -2.126088 -1.591291 3.466862 0.115283 2.591728 0.199194 0.760661 2.237072 0.007906 10.425413 -0.326140 0.257094 3.668115
1 118.69671 -8.785517 -0.990097 -0.117118 -2.128545 -1.590988 3.448164 0.097055 2.581326 0.238928 0.763830 2.233499 -0.035666 10.420869 -0.307937 0.261789 3.678195
1 118.60325 -8.761952 -0.979178 -0.141263 -2.148742 -1.610688 3.457998 0.064957 2.572112 0.238077 0.783474 2.209611 -0.052455 10.405844 -0.319916 0.266115 3.660513
1 118.60325 -8.761952 -0.979178 -0.141263 -2.148742 -1.610688 3.457998 0.064957 2.572112 0.238077 0.783474 2.209611 -0.052455 10.405844 -0.319916 0.266115 3.660513
1 113.53686 -8.765993 -0.991099 -0.118023 -2.153921 -1.656929 3.468444 0.058996 2.613310 0.232959 0.770275 2.205403 -0.068124 10.377529 -0.319708 0.243459 3.655691
1 113.53686 -8.765993 -0.991099 -0.118023 -2.153921 -1.656929 3.468444 0.058996 2.613310 0.232959 0.770275 2.205403 -0.068124 10.377529 -0.319708 0.243459 3.655691
1 111.92663 -8.766079 -0.960662 -0.091225 -2.177922 -1.671231 3.449037 0.068626 2.611845 0.246756 0.795562 2.179037 -0.075650 10.373530 -0.355296 0.221852 3.679008
1 111.92663 -8.766079 -0.960662 -0.091225 -2.177922 -1.671231 3.449037 0.068626 2.611845 0.246756 0.795562 2.179037 -0.075650 10.373530 -0.355296 0.221852 3.679008
1 111.92663 -8.766079 -0.960662 -0.091225 -2.177922 -1.671231 3.449037 0.068626 2.611845 0.246756 0.795562 2.179037 -0.075650 10.373530 -0.355296 0.221852 3.679008
1 111.92663 -8.766079 -0.960662 -0.091225 -2.177922 -1.671231 3.449037 0.068626 2.611845 0.246756 0.795562 2.179037 -0.075650 10.373530 -0.355296 0.221852 3.679008
1 111.92663 -8.766079 -0.960662 -0.091225 -2.177922 -1.671231 3.449037 0.068626 2.611845 0.246756 0.795562 2.179037 -0.075650 10.373530 -0.355296 0.221852 3.679008
1 110.72704 -8.765164 -0.953676 -0.056044 -2.141317 -1.701461 3.443519 0.066766 2.578052 0.260531 0.789291 2.182237 -0.066833 10.369808 -0.334929 0.247666 3.671972
1 110.72704 -8.765164 -0.953676 -0.056044 -2.141317 -1.701461 3.443519 0.066766 2.578052 0.260531 0.789291 2.182237 -0.066833 10.369808 -0.334929 0.247666 3.671972
1 110.72704 -8.765164 -0.953676 -0.056044 -2.141317 -1.701461 3.443519 0.066766 2.578052 0.260531 0.789291 2.182237 -0.066833 10.369808 -0.334929 0.247666 3.671972
1 110.48852 -8.721215 -0.935520 -0.067579 -2.127545 -1.700358 3.422976 0.041287 2.607093 0.289902 0.743449 2.170021 -0.063496 10.389616 -0.334525 0.241015 3.656363
1 110.48852 -8.721215 -0.935520 -0.067579 -2.127545 -1.700358 3.422976 0.041287 2.607093 0.289902 0.743449 2.170021 -0.063496 10.389616 -0.334525 0.241015 3.656363
1 110.07632 -8.732457 -0.898877 -0.035384 -2.105320 -1.691589 3.422262 0.041295 2.599156 0.305635 0.736723 2.171698 -0.052021 10.354559 -0.345505 0.270599 3.649264
1 105.84388 -8.719513 -0.908418 -0.051146 -2.137429 -1.656717 3.388460 0.016601 2.573394 0.302054 0.754736 2.135293 -0.078792 10.348480 -0.376718 0.306043 3.690932
1 105.84388 -8.719513 -0.908418 -0.051146 -2.137429 -1.656717 3.388460 0.016601 2.573394 0.302054 0.754736 2.135293 -0.078792 10.348480 -0.376718 0.306043 3.690932
1 105.84388 -8.719513 -0.908418 -0.051146 -2.137429 -1.656717 3.388460 0.016601 2.573394 0.302054 0.754736 2.135293 -0.078792 10.348480 -0.376718 0.306043 3.690932
1 105.84388 -8.719513 -0.908418 -0.051146 -2.137429 -1.656717 3.388460 0.016601 2.573394 0.302054 0.754736 2.135293 -0.078792 10.348480 -0.376718 0.306043 3.690932
1 105.84388 -8.719513 -0.908418 -0.051146 -2.137429 -1.656717 3.388460 0.016601 2.573394 0.302054 0.754736 2.135293 -0.078792 10.348480 -0.376718 0.306043 3.690932
1 105.94811 -8.703560 -0.935031 -0.036741 -2.150439 -1.665957 3.402197 0.015518 2.591841 0.294918 0.778534 2.108720 -0.058278 10.353483 -0.372352 0.309875 3.653956
1 105.94811 -8.703560 -0.935031 -0.036741 -2.150439 -1.665957 3.402197 0.015518 2.591841 0.294918 0.778534 2.108720 -0.058278 10.353483 -0.372352 0.309875 3.653956
1 105.94811 -8.703560 -0.935031 -0.036741 -2.150439 -1.665957 3.402197 0.015518 2.591841 0.294918 0.778534 2.108720 -0.058278 10.353483 -0.372352 0.309875 3.653956
1 105.94811 -8.703560 -0.935031 -0.036741 -2.150439 -1.665957 3.402197 0.015518 2.591841 0.294918 0.778534 2.108720 -0.058278 10.353483 -0.372352 0.309875 3.653956
1 102.3891 -8.682771 -0.920285 -0.012409 -2.095518 -1.657901 3.412049 -0.005531 2.564764 0.320639 0.797567 2.090852 -0.017257 10.343215 -0.359913 0.326911 3.686464
1 102.3891 -8.682771 -0.920285 -0.012409 -2.095518 -1.657901 3.412049 -0.005531 2.564764 0.320639 0.797567 2.090852 -0.017257 10.343215 -0.359913 0.326911 3.686464
1 103.12475 -8.682047 -0.917570 -0.027169 -2.069361 -1.661095 3.421384 -0.021252 2.551401 0.312283 0.766678 2.071016 -0.033147 10.319075 -0.394789 0.357690 3.689722
1 103.12475 -8.682047 -0.917570 -0.027169 -2.069361 -1.661095 3.421384 -0.021252 2.551401 0.312283 0.766678 2.071016 -0.033147 10.319075 -0.394789 0.357690 3.689722
1 101.18804 -8.645234 -0.916916 -0.022792 -2.076728 -1.675962 3.431379 0.021498 2.574165 0.327152 0.765200 2.114966 -0.018448 10.316751 -0.400748 0.343364 3.685139
1 101.86643 -8.640149 -0.982314 -0.002884 -2.055682 -1.688670 3.451127 -0.000239 2.567262 0.321791 0.752133 2.122308 0.014909 10.307668 -0.403431 0.293658 3.658765
1 99.443145 -8.631731 -0.993572 -0.017055 -2.048126 -1.674601 3.463876 -0.012477 2.561719 0.308682 0.761493 2.099188 0.006308 10.288588 -0.379828 0.292887 3.651160
1 99.443145 -8.631731 -0.993572 -0.017055 -2.048126 -1.674601 3.463876 -0.012477 2.561719 0.308682 0.761493 2.099188 0.006308 10.288588 -0.379828 0.292887 3.651160
1 99.443145 -8.631731 -0.993572 -0.017055 -2.048126 -1.674601 3.463876 -0.012477 2.561719 0.308682 0.761493 2.099188 0.006308 10.288588 -0.379828 0.292887 3.651160
1 99.443145 -8.631731 -0.993572 -0.017055 -2.048126 -1.674601 3.463876 -0.012477 2.561719 0.308682 0.761493 2.099188 0.006308 10.288588 -0.379828 0.292887 3.651160
1 99.602728 -8.620749 -0.985740 -0.019934 -2.015226 -1.659700 3.465352 -0.043234 2.577148 0.294871 0.727332 2.092708 -0.008514 10.286982 -0.376655 0.311336 3.638588
1 100.44053 -8.618462 -0.988499 -0.080278 -2.030277 -1.627908 3.427666 -0.000561 2.601711 0.313154 0.706216 2.096942 0.005760 10.327131 -0.394903 0.335416 3.640500
1 97.686362 -8.599724 -0.960499 -0.050362 -2.039698 -1.636948 3.464293 -0.002103 2.612535 0.315699 0.730933 2.136037 0.006641 10.289151 -0.383140 0.347925 3.651117
1 97.384665 -8.602043 -0.980994 -0.082955 -2.032456 -1.627351 3.454508 -0.027672 2.607798 0.309114 0.748320 2.157773 -0.003481 10.311265 -0.392997 0.334397 3.695965
1 97.384665 -8.602043 -0.980994 -0.082955 -2.032456 -1.627351 3.454508 -0.027672 2.607798 0.309114 0.748320 2.157773 -0.003481 10.311265 -0.392997 0.334397 3.695965
1 97.384665 -8.602043 -0.980994 -0.082955 -2.032456 -1.627351 3.454508 -0.027672 2.607798 0.309114 0.748320 2.157773 -0.003481 10.311265 -0.392997 0.334397 3.695965
1 97.384665 -8.602043 -0.980994 -0.082955 -2.032456 -1.627351 3.454508 -0.027672 2.607798 0.309114 0.748320 2.157773 -0.003481 10.311265 -0.392997 0.334397 3.695965
1 97.384665 -8.602043 -0.980994 -0.082955 -2.032456 -1.627351 3.454508 -0.027672 2.607798 0.309114 0.748320 2.157773 -0.003481 10.311265 -0.392997 0.334397 3.695965
1 97.384665 -8.602043 -0.980994 -0.082955 -2.032456 -1.627351 3.454508 -0.027672 2.607798 0.309114 0.748320 2.157773 -0.003481 10.311265 -0.392997 0.334397 3.695965
1 97.384665 -8.602043 -0.980994 -0.082955 -2.032456 -1.627351 3.454508 -0.027672 2.607798 0.309114 0.748320 2.157773 -0.003481 10.311265 -0.392997 0.334397 3.695965
1 97.384665 -8.602043 -0.980994 -0.082955 -2.032456 -1.627351 3.454508 -0.027672 2.607798 0.309114 0.748320 2.157773 -0.003481 10.311265 -0.392997 0.334397 3.695965
1 96.877432 -8.568576 -0.960501 -0.084625 -2.057307 -1.618591 3.455254 -0.049484 2.628522 0.308782 0.738889 2.151148 0.046465 10.293640 -0.366436 0.365343 3.697080
1 96.877432 -8.568576 -0.960501 -0.084625 -2.057307 -1.618591 3.455254 -0.049484 2.628522 0.308782 0.738889 2.151148 0.046465 10.293640 -0.366436 0.365343 3.697080
1 96.877432 -8.568576 -0.960501 -0.084625 -2.057307 -1.618591 3.455254 -0.049484 2.628522 0.308782 0.738889 2.151148 0.046465 10.293640 -0.366436 0.365343 3.697080
1 96.877432 -8.568576 -0.960501 -0.084625 -2.057307 -1.618591 3.455254 -0.049484 2.628522 0.308782 0.738889 2.151148 0.046465 10.293640 -0.366436 0.365343 3.697080
1 96.877432 -8.568576 -0.960501 -0.084625 -2.057307 -1.618591 3.455254 -0.049484 2.628522 0.308782 0.738889 2.151148 0.046465 10.293640 -0.366436 0.365343 3.697080
1 95.119424 -8.547787 -0.945755 -0.060293 -2.002386 -1.610535 3.465106 -0.070533 2.601445 0.334503 0.757922 2.133280 0.087486 10.283372 -0.353997 0.382379 3.729588
1 95.119424 -8.547787 -0.945755 -0.060293 -2.002386 -1.610535 3.465106 -0.070533 2.601445 0.334503 0.757922 2.133280 0.087486 10.283372 -0.353997 0.382379 3.729588
1 95.119424 -8.547787 -0.945755 -0.060293 -2.002386 -1.610535 3.465106 -0.070533 2.601445 0.334503 0.757922 2.133280 0.087486 10.283372 -0.353997 0.382379 3.729588
1 93.426473 -8.517501 -0.953179 -0.005224 -2.003082 -1.620247 3.447705 -0.091345 2.605757 0.349586 0.771561 2.120170 0.080844 10.240218 -0.384035 0.358121 3.766059
1 93.426473 -8.517501 -0.953179 -0.005224 -2.003082 -1.620247 3.447705 -0.091345 2.605757 0.349586 0.771561 2.120170 0.080844 10.240218 -0.384035 0.358121 3.766059
1 93.844488 -8.528410 -0.943828 -0.008227 -1.989717 -1.647825 3.459298 -0.127450 2.611454 0.351941 0.757344 2.102805 0.083010 10.259191 -0.375609 0.356200 3.742508
1 93.844488 -8.528410 -0.943828 -0.008227 -1.989717 -1.647825 3.459298 -0.127450 2.611454 0.351941 0.757344 2.102805 0.083010 10.259191 -0.375609 0.356200 3.742508
1 91.609422 -8.500134 -0.924144 -0.007361 -1.996404 -1.653059 3.447017 -0.125125 2.601384 0.372271 0.742434 2.112177 0.109609 10.224442 -0.391964 0.385521 3.719782
1 91.609422 -8.500134 -0.924144 -0.007361 -1.996404 -1.653059 3.447017 -0.125125 2.601384 0.372271 0.742434 2.112177 0.109609 10.224442 -0.391964 0.385521 3.719782
1 89.46717 -8.491314 -0.900571 -0.000636 -2.018259 -1.659237 3.406413 -0.118569 2.597774 0.345800 0.752876 2.139014 0.144546 10.185018 -0.339238 0.400204 3.727046
1 89.46717 -8.491314 -0.900571 -0.000636 -2.018259 -1.659237 3.406413 -0.118569 2.597774 0.345800 0.752876 2.139014 0.144546 10.185018 -0.339238 0.400204 3.727046
1 89.46717 -8.491314 -0.900571 -0.000636 -2.018259 -1.659237 3.406413 -0.118569 2.597774 0.345800 0.752876 2.139014 0.144546 10.185018 -0.339238 0.400204 3.727046
1 89.46717 -8.491314 -0.900571 -0.000636 -2.018259 -1.659237 3.406413 -0.118569 2.597774 0.345800 0.752876 2.139014 0.144546 10.185018 -0.339238 0.400204 3.727046
1 89.46717 -8.491314 -0.900571 -0.000636 -2.018259 -1.659237 3.406413 -0.118569 2.597774 0.345800 0.752876 2.139014 0.144546 10.185018 -0.339238 0.400204 3.727046
1 89.46717 -8.491314 -0.900571 -0.000636 -2.018259 -1.659237 3.406413 -0.118569 2.597774 0.345800 0.752876 2.139014 0.144546 10.185018 -0.339238 0.400204 3.727046
1 89.46717 -8.491314 -0.900571 -0.000636 -2.018259 -1.659237 3.406413 -0.118569 2.597774 0.345800 0.752876 2.139014 0.144546 10.185018 -0.339238 0.400204 3.727046
1 89.46717 -8.491314 -0.900571 -0.000636 -2.018259 -1.659237 3.406413 -0.118569 2.597774 0.345800 0.752876 2.139014 0.144546 10.185018 -0.339238 0.400204 3.727046
1 88.238578 -8.508447 -0.922980 -0.024243 -1.988794 -1.661906 3.405991 -0.104200 2.568550 0.363642 0.743701 2.128667 0.130595 10.145950 -0.341350 0.373640 3.745095
1 88.238578 -8.508447 -0.922980 -0.024243 -1.988794 -1.661906 3.405991 -0.104200 2.568550 0.363642 0.743701 2.128667 0.130595 10.145950 -0.341350 0.373640 3.745095
1 88.238578 -8.508447 -0.922980 -0.024243 -1.988794 -1.661906 3.405991 -0.104200 2.568550 0.363642 0.743701 2.128667 0.130595 10.145950 -0.341350 0.373640 3.745095
1 88.238578 -8.508447 -0.922980 -0.024243 -1.988794 -1.661906 3.405991 -0.104200 2.568550 0.363642 0.743701 2.128667 0.130595 10.145950 -0.341350 0.373640 3.745095
1 88.238578 -8.508447 -0.922980 -0.024243 -1.988794 -1.661906 3.405991 -0.104200 2.568550 0.363642 0.743701 2.128667 0.130595 10.145950 -0.341350 0.373640 3.745095
1 88.238578 -8.508447 -0.922980 -0.024243 -1.988794 -1.661906 3.405991 -0.104200 2.568550 0.363642 0.743701 2.128667 0.130595 10.145950 -0.341350 0.373640 3.745095
1 88.238578 -8.508447 -0.922980 -0.024243 -1.988794 -1.661906 3.405991 -0.104200 2.568550 0.363642 0.743701 2.128667 0.130595 10.145950 -0.341350 0.373640 3.745095
1 88.238578 -8.508447 -0.922980 -0.024243 -1.988794 -1.661906 3.405991 -0.104200 2.568550 0.363642 0.743701 2.128667 0.130595 10.145950 -0.341350 0.373640 3.745095
1 88.238578 -8.508447 -0.922980 -0.024243 -1.988794 -1.661906 3.405991 -0.104200 2.568550 0.363642 0.743701 2.128667 0.130595 10.145950 -0.341350 0.373640 3.745095
1 87.836938 -8.487019 -0.867620 -0.041580 -1.991838 -1.646051 3.416558 -0.080701 2.591021 0.364488 0.753844 2.122481 0.132321 10.121396 -0.337066 0.387571 3.710388
