1 inf -8.683484 -0.504065 -0.138955 -2.731980 -1.911740 2.647967 0.305701 2.483526 0.228181 0.958315 2.113599 0.254744 10.701688 -0.818609 -0.985528 0.856565 2.930832
1 inf -8.696948 -0.481093 -0.122829 -2.716952 -1.922194 2.603033 0.269980 2.442918 0.254505 0.984210 2.093977 0.247078 10.677195 -0.846431 -1.014944 0.835451 2.921891
1 inf -8.719776 -0.471611 -0.121582 -2.713015 -1.919750 2.614957 0.245831 2.449029 0.271692 0.999477 2.070837 0.253307 10.679759 -0.837239 -1.025814 0.838050 2.926438
1 inf -8.695983 -0.452857 -0.117294 -2.675197 -1.936033 2.590001 0.244981 2.428803 0.298576 0.976133 2.068321 0.230924 10.705107 -0.832645 -1.040455 0.838810 2.954883
1 inf -8.686872 -0.444579 -0.127630 -2.672797 -1.900965 2.600801 0.232216 2.428290 0.253104 0.953309 2.087424 0.232282 10.735570 -0.869198 -1.047108 0.858080 2.933597
1 inf -8.663438 -0.465084 -0.192910 -2.644228 -1.904655 2.623517 0.215093 2.397392 0.265227 0.972961 2.099829 0.251898 10.742267 -0.904572 -1.010822 0.852532 2.942522
1 inf -8.677752 -0.466167 -0.216067 -2.692762 -1.931983 2.609209 0.206376 2.406042 0.268101 0.996164 2.107141 0.246070 10.728546 -0.894016 -1.025986 0.880997 2.939091
1 inf -8.675176 -0.476131 -0.174650 -2.708522 -1.927459 2.612824 0.212827 2.420040 0.307170 0.941534 2.146553 0.228181 10.740391 -0.857088 -1.013842 0.883678 2.924179
1 inf -8.681882 -0.472841 -0.190580 -2.719646 -1.893552 2.604318 0.203568 2.431385 0.280615 0.952967 2.180966 0.218218 10.683522 -0.827613 -1.032877 0.857229 2.922805
1 inf -8.670278 -0.457153 -0.193713 -2.722519 -1.874995 2.620205 0.199388 2.432248 0.276169 0.922981 2.173372 0.217188 10.692847 -0.822409 -1.086879 0.860198 2.910777
1 inf -8.686508 -0.455481 -0.202823 -2.749409 -1.911487 2.601380 0.189864 2.438116 0.287945 0.932942 2.205099 0.187120 10.659910 -0.827293 -1.087183 0.907729 2.894857
1 inf -8.678808 -0.481038 -0.210826 -2.701432 -1.928619 2.576316 0.219258 2.439412 0.311389 0.882418 2.187059 0.214863 10.670676 -0.838090 -1.084910 0.888359 2.893859
1 inf -8.702918 -0.519504 -0.233544 -2.738089 -1.931759 2.531732 0.215896 2.406792 0.337340 0.864748 2.160943 0.220278 10.662178 -0.810341 -1.073843 0.917306 2.879494
1 inf -8.722516 -0.469564 -0.236017 -2.753727 -1.958122 2.538126 0.199681 2.415841 0.306705 0.859147 2.172558 0.201448 10.628257 -0.832971 -1.094159 0.897841 2.862333
1 inf -8.718587 -0.453462 -0.240548 -2.747876 -1.975898 2.535142 0.195567 2.408486 0.314370 0.870454 2.192819 0.160429 10.575887 -0.806686 -1.091455 0.889378 2.888225
1 inf -8.759814 -0.463722 -0.263539 -2.728881 -1.989295 2.533326 0.195842 2.423788 0.324250 0.840616 2.195189 0.174790 10.578443 -0.764544 -1.109283 0.882674 2.866558
1 inf -8.796874 -0.455838 -0.282412 -2.721245 -1.988711 2.529370 0.218515 2.431838 0.323601 0.833767 2.173487 0.179122 10.567733 -0.762038 -1.124531 0.875780 2.866063
1 inf -8.824697 -0.467387 -0.284940 -2.734292 -1.980286 2.514335 0.219416 2.431430 0.305868 0.828060 2.153614 0.179169 10.586511 -0.701034 -1.124880 0.852099 2.830570
1 inf -8.816659 -0.484050 -0.295233 -2.700323 -1.996204 2.518709 0.209037 2.387127 0.281883 0.830405 2.167465 0.213110 10.598762 -0.676633 -1.128626 0.853741 2.823265
1 inf -8.782150 -0.477047 -0.299988 -2.692462 -1.996506 2.538402 0.232504 2.394872 0.258838 0.810571 2.160688 0.235229 10.555593 -0.677797 -1.127958 0.868808 2.814736
1 inf -8.775239 -0.511794 -0.330620 -2.668722 -1.999585 2.512133 0.221898 2.438137 0.306248 0.796796 2.105950 0.224928 10.547861 -0.670459 -1.157948 0.878524 2.811785
1 inf -8.761062 -0.501321 -0.335391 -2.675841 -1.966114 2.515615 0.218131 2.444637 0.292446 0.810054 2.097473 0.218307 10.566268 -0.677956 -1.120741 0.875288 2.784486
1 inf -8.726691 -0.537520 -0.305689 -2.640826 -1.974136 2.499399 0.221623 2.414413 0.299886 0.782158 2.121295 0.207571 10.608990 -0.685206 -1.146837 0.876246 2.765408
1 inf -8.734603 -0.578378 -0.333143 -2.667072 -1.958493 2.502348 0.207622 2.419055 0.304462 0.828548 2.135406 0.187205 10.607923 -0.698002 -1.111864 0.880858 2.753550
1 inf -8.723070 -0.608153 -0.300486 -2.673663 -1.980221 2.495734 0.168514 2.415239 0.322663 0.822471 2.128369 0.191044 10.580249 -0.726567 -1.098346 0.875230 2.771821
1 inf -8.746259 -0.606319 -0.280086 -2.709585 -1.980663 2.447347 0.170826 2.407207 0.278764 0.835304 2.149766 0.222296 10.601830 -0.705720 -1.073464 0.888927 2.810801
1 inf -8.747824 -0.588268 -0.258190 -2.694709 -1.982900 2.442567 0.168565 2.402708 0.264081 0.799109 2.152897 0.208947 10.574085 -0.701339 -1.066002 0.919088 2.779577
1 inf -8.766419 -0.601066 -0.254983 -2.689343 -1.979665 2.452909 0.148008 2.417496 0.261480 0.791861 2.167361 0.208007 10.564091 -0.723517 -1.062137 0.948306 2.788934
1 inf -8.740355 -0.583766 -0.234969 -2.703038 -1.995312 2.435722 0.166374 2.430025 0.269103 0.800478 2.207775 0.199848 10.539264 -0.711871 -1.037302 0.954162 2.799297
1 inf -8.683572 -0.565580 -0.225734 -2.668721 -1.998848 2.421870 0.143002 2.429922 0.245902 0.795407 2.221044 0.195333 10.545954 -0.737965 -1.000572 0.955298 2.793084
1 inf -8.704153 -0.618329 -0.207079 -2.652019 -1.983464 2.422639 0.172708 2.436944 0.242205 0.784669 2.183137 0.223496 10.543519 -0.734357 -1.002634 0.970065 2.772187
1 inf -8.691221 -0.627707 -0.204803 -2.669275 -1.986929 2.395337 0.172351 2.445777 0.259171 0.769435 2.196079 0.252631 10.530221 -0.730060 -0.981588 0.973308 2.813400
1 inf -8.664254 -0.595093 -0.201481 -2.637102 -1.962932 2.384427 0.147854 2.479407 0.220371 0.743895 2.224603 0.249810 10.578569 -0.715509 -0.968384 0.940696 2.815840
1 inf -8.704602 -0.601007 -0.254240 -2.632858 -1.984666 2.375149 0.156025 2.455945 0.245076 0.742103 2.223343 0.267917 10.564057 -0.747299 -1.005404 0.914315 2.854256
1 inf -8.676313 -0.586456 -0.271370 -2.633437 -1.986518 2.360465 0.164546 2.431052 0.251349 0.753391 2.267675 0.205716 10.534560 -0.766106 -1.032536 0.899038 2.852138
1 inf -8.715283 -0.613857 -0.285908 -2.616035 -1.967041 2.348907 0.217031 2.411046 0.266297 0.734922 2.300113 0.195839 10.562647 -0.737181 -1.034175 0.893697 2.835953
1 inf -8.700351 -0.660175 -0.309800 -2.618323 -1.992640 2.374451 0.230721 2.432060 0.249979 0.728751 2.292233 0.200592 10.546038 -0.730324 -1.045481 0.880089 2.798324
1 inf -8.709699 -0.659059 -0.317483 -2.551542 -1.961563 2.370330 0.232280 2.424042 0.231278 0.712960 2.273019 0.216021 10.554437 -0.741113 -1.023178 0.848610 2.804766
1 inf -8.758305 -0.697632 -0.293917 -2.535315 -1.940058 2.357317 0.222638 2.395570 0.208205 0.699511 2.258085 0.180334 10.567930 -0.734263 -1.067518 0.833121 2.782371
1 inf -8.737479 -0.692640 -0.356621 -2.562294 -1.961652 2.362923 0.261907 2.384012 0.238921 0.665516 2.278023 0.144918 10.579882 -0.758483 -1.095413 0.839226 2.769029
1 inf -8.734314 -0.718373 -0.370547 -2.555966 -1.933594 2.336588 0.256241 2.405004 0.217959 0.668973 2.277828 0.134150 10.612611 -0.808072 -1.099626 0.816928 2.754818
1 inf -8.757604 -0.696903 -0.382605 -2.526611 -1.943936 2.379750 0.249340 2.400713 0.229323 0.649878 2.293205 0.171463 10.613099 -0.820052 -1.074996 0.842063 2.758624
1 inf -8.762190 -0.702848 -0.401668 -2.531405 -1.951302 2.405128 0.233166 2.359373 0.226540 0.640506 2.306207 0.140831 10.626431 -0.807333 -1.093358 0.841394 2.773381
1 inf -8.727819 -0.739047 -0.371966 -2.496390 -1.959324 2.388912 0.236658 2.329149 0.233980 0.612610 2.330029 0.130095 10.669153 -0.814583 -1.119454 0.842352 2.754303
1 inf -8.736553 -0.764759 -0.365933 -2.479679 -1.974857 2.383696 0.279823 2.313645 0.177582 0.613188 2.327488 0.107609 10.669745 -0.811490 -1.101382 0.857662 2.727836
1 inf -8.740973 -0.751869 -0.367723 -2.498793 -1.945699 2.342244 0.296682 2.299321 0.213471 0.624576 2.314577 0.111501 10.694956 -0.799439 -1.129661 0.881918 2.739191
1 inf -8.743935 -0.757549 -0.381032 -2.511375 -1.944659 2.319408 0.284346 2.288072 0.229125 0.619542 2.334896 0.060734 10.676606 -0.816093 -1.151341 0.859183 2.735232
1 inf -8.730537 -0.780391 -0.414525 -2.559725 -1.932622 2.330676 0.264667 2.291155 0.167791 0.612030 2.308851 0.085650 10.671529 -0.816620 -1.135286 0.861023 2.748342
1 inf -8.779469 -0.765830 -0.425085 -2.550194 -1.947285 2.298825 0.246204 2.279527 0.159542 0.583407 2.329865 0.114623 10.697940 -0.784961 -1.083300 0.874397 2.714713
1 inf -8.774854 -0.760514 -0.459716 -2.580681 -1.947456 2.287230 0.251558 2.264259 0.180073 0.544471 2.337288 0.112157 10.721542 -0.825088 -1.092638 0.888161 2.693613
1 inf -8.782657 -0.721161 -0.470593 -2.576386 -1.940609 2.301404 0.253746 2.285195 0.201412 0.537909 2.305529 0.120260 10.746773 -0.814944 -1.110312 0.895403 2.670899
1 inf -8.805995 -0.680617 -0.458691 -2.567542 -1.911529 2.296791 0.208506 2.313242 0.213640 0.540859 2.299180 0.135226 10.743051 -0.831237 -1.106644 0.898208 2.646376
1 inf -8.808199 -0.694432 -0.460820 -2.548697 -1.877967 2.288093 0.206703 2.314461 0.173541 0.535999 2.330273 0.150629 10.771531 -0.843703 -1.106600 0.888641 2.640082
1 inf -8.860953 -0.695716 -0.465736 -2.561377 -1.892557 2.273312 0.230910 2.304133 0.231863 0.511750 2.352870 0.168777 10.797576 -0.858044 -1.087211 0.872757 2.615569
1 inf -8.888494 -0.705677 -0.474446 -2.567764 -1.894401 2.262550 0.248479 2.281947 0.243420 0.541441 2.366239 0.154507 10.783975 -0.859433 -1.070525 0.878900 2.601939
1 inf -8.845563 -0.718881 -0.472593 -2.540978 -1.879853 2.296720 0.254689 2.259550 0.232809 0.538381 2.380592 0.179949 10.809998 -0.891816 -1.042540 0.872165 2.584076
1 inf -8.835090 -0.714980 -0.495023 -2.466208 -1.858143 2.330967 0.254014 2.260403 0.249061 0.546531 2.385235 0.166609 10.803600 -0.888588 -1.037336 0.870382 2.603989
1 inf -8.856198 -0.715678 -0.504310 -2.454736 -1.877380 2.300681 0.246485 2.275176 0.272063 0.532517 2.403696 0.193259 10.801706 -0.906560 -1.060224 0.880601 2.604520
1 inf -8.886159 -0.716356 -0.512394 -2.452178 -1.861775 2.326052 0.254517 2.263765 0.229178 0.532432 2.387962 0.161428 10.833864 -0.922188 -1.016583 0.871642 2.579867
1 inf -8.925117 -0.716016 -0.524316 -2.470312 -1.862542 2.336998 0.228122 2.289228 0.235154 0.518155 2.362416 0.171068 10.870784 -0.894242 -0.999500 0.887495 2.585507
1 inf -8.955332 -0.711335 -0.538713 -2.458553 -1.852082 2.323952 0.255934 2.301403 0.244359 0.567611 2.435103 0.166254 10.869116 -0.899105 -1.035208 0.865146 2.579810
1 inf -8.965458 -0.690984 -0.553688 -2.451833 -1.829740 2.300142 0.252621 2.318775 0.241735 0.575146 2.448367 0.167469 10.878862 -0.897070 -1.058912 0.843753 2.555033
1 inf -8.947895 -0.687402 -0.548378 -2.457481 -1.811611 2.309825 0.273297 2.328503 0.266689 0.631154 2.452714 0.178771 10.865368 -0.945426 -1.101338 0.803432 2.561505
1 inf -8.913524 -0.723601 -0.518676 -2.422466 -1.819633 2.293609 0.276789 2.298279 0.274129 0.603258 2.476536 0.168035 10.908090 -0.952676 -1.127434 0.804390 2.542427
1 inf -8.922180 -0.745145 -0.510815 -2.408680 -1.799217 2.315782 0.281072 2.309266 0.287221 0.584635 2.476181 0.155384 10.915417 -0.964528 -1.129477 0.783781 2.558067
1 inf -8.895047 -0.719288 -0.492975 -2.422091 -1.788820 2.329195 0.265689 2.290758 0.274620 0.598271 2.464124 0.183889 10.891476 -0.978147 -1.125562 0.786006 2.553036
1 inf -8.885310 -0.736453 -0.516045 -2.379450 -1.768819 2.309063 0.284927 2.288276 0.268192 0.625078 2.444410 0.177326 10.885950 -0.954215 -1.143778 0.781469 2.571965
1 inf -8.886127 -0.731214 -0.511798 -2.404183 -1.766522 2.286924 0.275289 2.241727 0.235251 0.614188 2.462674 0.156594 10.861325 -0.941271 -1.135654 0.809084 2.573015
1 inf -8.893043 -0.735777 -0.516032 -2.420329 -1.802106 2.341786 0.226423 2.238377 0.244122 0.657497 2.477036 0.134429 10.841944 -0.970841 -1.149755 0.788638 2.570443
1 inf -8.883114 -0.738427 -0.519581 -2.414135 -1.794157 2.357921 0.245631 2.252272 0.211745 0.662530 2.487287 0.150318 10.856786 -0.976920 -1.147586 0.791902 2.527515
1 inf -8.897274 -0.726496 -0.505560 -2.445958 -1.782826 2.392272 0.260856 2.248559 0.207038 0.696307 2.476386 0.142277 10.825185 -0.999837 -1.147496 0.765011 2.528384
1 inf -8.889974 -0.712087 -0.482463 -2.458426 -1.776016 2.388677 0.263301 2.260699 0.209182 0.718532 2.430652 0.120508 10.787847 -1.033594 -1.175224 0.767952 2.496466
1 inf -8.939348 -0.712406 -0.435014 -2.486968 -1.742375 2.389471 0.291696 2.242910 0.228960 0.708551 2.453298 0.122765 10.802356 -1.036634 -1.191353 0.754692 2.500093
1 inf -8.907765 -0.710853 -0.449576 -2.507346 -1.725495 2.403913 0.338988 2.238517 0.221543 0.689851 2.417221 0.082783 10.814555 -1.053531 -1.196952 0.723574 2.466010
1 inf -8.901885 -0.690111 -0.496911 -2.503301 -1.779906 2.430142 0.319863 2.244863 0.220083 0.683352 2.428336 0.070708 10.824962 -1.034204 -1.187959 0.708850 2.435051
1 inf -8.931901 -0.658482 -0.482669 -2.545160 -1.774480 2.435723 0.314901 2.233812 0.234696 0.715077 2.459502 0.051967 10.815362 -1.003916 -1.205573 0.700378 2.410936
1 inf -8.924539 -0.618806 -0.490340 -2.540003 -1.798835 2.434101 0.347188 2.187234 0.269159 0.730740 2.481034 0.043948 10.878953 -1.017634 -1.201130 0.703302 2.402036
1 inf -8.953139 -0.619516 -0.533710 -2.521943 -1.816317 2.427049 0.366403 2.198285 0.264837 0.731099 2.515615 0.026695 10.900791 -1.043936 -1.183443 0.688732 2.387228
1 inf -8.924503 -0.641507 -0.488497 -2.526782 -1.804146 2.426011 0.379405 2.223693 0.259807 0.712666 2.516211 0.049387 10.895579 -1.017935 -1.151123 0.663295 2.381405
1 inf -8.900273 -0.625533 -0.485853 -2.499228 -1.819128 2.418464 0.359588 2.216208 0.278150 0.721115 2.518386 0.062546 10.930218 -1.035744 -1.147988 0.663523 2.393487
1 inf -8.838464 -0.639445 -0.492955 -2.501167 -1.800344 2.448792 0.339811 2.226695 0.317484 0.747152 2.545134 0.051273 10.933469 -0.996347 -1.133478 0.652962 2.381990
1 inf -8.811384 -0.634364 -0.487248 -2.508169 -1.735957 2.436586 0.337686 2.264464 0.279889 0.725967 2.535693 0.014409 10.940181 -0.966642 -1.147541 0.619274 2.380056
1 inf -8.792747 -0.635216 -0.484805 -2.493592 -1.730854 2.437555 0.365474 2.259951 0.272427 0.743790 2.591233 0.018579 10.947419 -0.953431 -1.103508 0.561908 2.378002
1 inf -8.755266 -0.591159 -0.437695 -2.463567 -1.721547 2.445761 0.373366 2.239915 0.258686 0.729145 2.552913 0.039857 10.963529 -0.997607 -1.111954 0.557026 2.366222
1 inf -8.739884 -0.640261 -0.422118 -2.453351 -1.714177 2.444856 0.383832 2.266724 0.261043 0.731699 2.543847 0.050468 10.975992 -0.989230 -1.094555 0.547627 2.335527
1 inf -8.705513 -0.676460 -0.392416 -2.418336 -1.722199 2.428640 0.387324 2.236500 0.268483 0.703803 2.567669 0.039732 11.018714 -0.996480 -1.120651 0.548585 2.316449
1 inf -8.715023 -0.659660 -0.401837 -2.420503 -1.729317 2.431779 0.363749 2.279783 0.266296 0.685832 2.553242 0.025486 11.013885 -1.017910 -1.106167 0.564471 2.349418
1 inf -8.673775 -0.675425 -0.424634 -2.433736 -1.749077 2.408179 0.360979 2.278588 0.267753 0.680190 2.538785 0.016550 10.975341 -1.009127 -1.097593 0.558354 2.330459
1 inf -8.697889 -0.677939 -0.371985 -2.448059 -1.739423 2.397310 0.352319 2.276108 0.282719 0.707245 2.542273 0.036314 10.990319 -0.987337 -1.116974 0.572643 2.339062
1 inf -8.698664 -0.700410 -0.373422 -2.482635 -1.774612 2.392081 0.351634 2.266091 0.278052 0.684551 2.546074 0.030229 10.986831 -0.962182 -1.107802 0.612204 2.322876
1 inf -8.676525 -0.703393 -0.387348 -2.475230 -1.803435 2.387581 0.325340 2.283326 0.308632 0.677854 2.567449 0.024950 10.997367 -0.952950 -1.073434 0.620876 2.328719
1 inf -8.681896 -0.726638 -0.379557 -2.489011 -1.805828 2.356729 0.294044 2.298575 0.290930 0.714618 2.568789 0.074995 10.984084 -0.948205 -1.085809 0.632881 2.361047
1 inf -8.658954 -0.741829 -0.397406 -2.461895 -1.800949 2.371836 0.310696 2.310559 0.351275 0.694523 2.539513 0.090408 10.976646 -0.945776 -1.102881 0.622930 2.334120
1 inf -8.659792 -0.737796 -0.421294 -2.481774 -1.784061 2.386956 0.297752 2.338340 0.317399 0.679502 2.520330 0.082124 10.989484 -0.958387 -1.134381 0.649438 2.339055
1 inf -8.636830 -0.731251 -0.408666 -2.480602 -1.820342 2.396194 0.322193 2.352562 0.319530 0.688918 2.504460 0.071374 11.004136 -0.952769 -1.134801 0.665124 2.350481
1 inf -8.625515 -0.730063 -0.371572 -2.496903 -1.815577 2.437417 0.323753 2.339177 0.326050 0.707425 2.491236 0.069584 10.986423 -0.968530 -1.133025 0.665438 2.366405
1 inf -8.659206 -0.688414 -0.339328 -2.525967 -1.809220 2.442167 0.321312 2.335199 0.328885 0.764309 2.464449 0.074823 10.935907 -0.958728 -1.122270 0.650550 2.370893
1 inf -8.652447 -0.691643 -0.327054 -2.500017 -1.765557 2.444223 0.331854 2.297803 0.322041 0.754578 2.475353 0.057646 10.930180 -0.959368 -1.152918 0.633354 2.383551
1 inf -8.681527 -0.678742 -0.306490 -2.487761 -1.831190 2.429181 0.326892 2.303238 0.330645 0.768787 2.494379 0.059646 10.957585 -0.940433 -1.140209 0.609856 2.388994
1 inf -8.639081 -0.688710 -0.285198 -2.509588 -1.826641 2.427061 0.331074 2.278164 0.332800 0.780457 2.486840 0.083228 11.000757 -0.934312 -1.108132 0.621836 2.413183
1 inf -8.663140 -0.672294 -0.225601 -2.505443 -1.834582 2.450588 0.316887 2.278086 0.310337 0.807572 2.498946 0.040682 10.992485 -0.945246 -1.113456 0.597912 2.414257
1 inf -8.683376 -0.677597 -0.216932 -2.510681 -1.853449 2.481263 0.333262 2.284428 0.312566 0.782312 2.490834 0.013676 10.995075 -0.943100 -1.134665 0.588394 2.436557
1 inf -8.684937 -0.679334 -0.209970 -2.522775 -1.862287 2.442874 0.407398 2.288642 0.302834 0.793935 2.452460 -0.009324 11.024935 -1.003014 -1.123211 0.622500 2.463311
1 inf -8.730250 -0.662039 -0.183040 -2.535045 -1.857222 2.430806 0.371664 2.292721 0.273328 0.781691 2.493001 0.014368 11.039245 -0.999621 -1.128671 0.695960 2.503437
1 inf -8.727298 -0.631040 -0.202248 -2.535232 -1.870330 2.426553 0.329508 2.336414 0.249954 0.772695 2.527462 -0.023250 11.040767 -0.973745 -1.152626 0.691950 2.519362
1 inf -8.715472 -0.641801 -0.182282 -2.557470 -1.910541 2.442818 0.342878 2.291283 0.258299 0.762264 2.512548 -0.023850 11.056085 -0.977126 -1.147267 0.688665 2.490181
1 inf -8.727906 -0.640648 -0.201432 -2.559403 -1.939400 2.438745 0.369169 2.273817 0.235133 0.767485 2.501002 -0.006848 11.071876 -1.007959 -1.128242 0.696535 2.486184
1 inf -8.710957 -0.648041 -0.166635 -2.586302 -1.888079 2.413602 0.368573 2.271042 0.223436 0.756758 2.498058 0.006334 11.076307 -0.981081 -1.153194 0.676026 2.509919
1 inf -8.676586 -0.684240 -0.136933 -2.551287 -1.896101 2.397386 0.372065 2.240818 0.230876 0.728862 2.521880 -0.004402 11.119029 -0.988331 -1.179290 0.676984 2.490841
1 inf -8.661972 -0.716884 -0.113763 -2.538152 -1.884606 2.407678 0.399284 2.219437 0.217450 0.735046 2.541265 0.032615 11.169489 -1.002168 -1.184264 0.685053 2.466047
1 inf -8.631659 -0.734747 -0.082712 -2.507549 -1.902632 2.393529 0.449746 2.227894 0.244983 0.758985 2.520852 0.028073 11.167985 -0.975709 -1.168647 0.720012 2.483654
1 inf -8.602071 -0.767675 -0.061028 -2.470438 -1.931196 2.419309 0.474834 2.243163 0.230675 0.728683 2.536072 0.013599 11.130876 -0.987122 -1.182455 0.742136 2.500747
1 inf -8.631231 -0.773452 -0.053842 -2.472104 -1.907169 2.400618 0.494312 2.204246 0.231048 0.721526 2.530657 0.009871 11.097580 -0.992015 -1.207937 0.730242 2.510055
1 inf -8.598038 -0.742196 -0.039748 -2.488000 -1.908460 2.389107 0.504390 2.220057 0.221131 0.722308 2.520331 -0.014461 11.082491 -0.979999 -1.174556 0.692921 2.546085
1 inf -8.616806 -0.740395 -0.032238 -2.481176 -1.907764 2.396438 0.484788 2.228923 0.226120 0.687341 2.493026 -0.050471 11.083592 -0.946575 -1.178337 0.652320 2.535217
1 inf -8.619902 -0.734591 0.001555 -2.460300 -1.889380 2.419487 0.462975 2.208006 0.212545 0.694432 2.475283 -0.033478 11.035877 -0.937921 -1.191059 0.663744 2.529883
1 inf -8.618329 -0.693943 0.001651 -2.484289 -1.896139 2.424201 0.436298 2.192476 0.234846 0.656401 2.455277 -0.016300 11.063495 -0.994658 -1.191004 0.670497 2.557195
1 inf -8.633198 -0.729608 -0.035195 -2.491284 -1.867379 2.437558 0.441669 2.165744 0.249201 0.687623 2.479771 0.018885 11.048229 -1.016107 -1.222473 0.680085 2.582769
1 inf -8.689427 -0.749250 -0.042850 -2.505855 -1.867285 2.423799 0.455829 2.158891 0.242670 0.673859 2.464442 0.057187 11.053470 -1.050253 -1.226579 0.681792 2.575402
1 inf -8.696500 -0.754277 -0.048400 -2.478336 -1.890920 2.431658 0.448214 2.127477 0.258133 0.696267 2.451995 0.078792 11.009621 -1.048828 -1.232482 0.667857 2.553028
1 inf -8.735306 -0.758273 -0.065387 -2.500136 -1.905945 2.408113 0.418663 2.136196 0.280593 0.673050 2.419118 0.060488 10.973878 -1.015815 -1.222026 0.662383 2.574959
1 inf -8.710254 -0.764789 -0.029892 -2.523826 -1.887355 2.394767 0.393707 2.177196 0.249382 0.676852 2.444881 0.062131 11.014768 -1.060064 -1.236351 0.632010 2.584622
1 inf -8.716129 -0.778398 -0.066214 -2.461801 -1.884120 2.401177 0.405331 2.171152 0.246026 0.704180 2.439232 0.054315 11.018249 -1.084259 -1.263385 0.658796 2.579857
1 inf -8.681758 -0.814597 -0.036512 -2.426786 -1.892142 2.384961 0.408823 2.140928 0.253466 0.676284 2.463054 0.043579 11.060971 -1.091509 -1.289481 0.659754 2.560779
1 inf -8.693750 -0.836150 -0.043763 -2.464258 -1.901106 2.400878 0.404561 2.138605 0.264494 0.703704 2.451380 0.010040 11.064645 -1.091384 -1.294872 0.679871 2.575356
1 inf -8.706080 -0.837811 -0.011627 -2.449602 -1.888980 2.423555 0.366163 2.186349 0.288859 0.743329 2.451976 0.029220 11.037159 -1.084122 -1.290789 0.663864 2.595001
1 inf -8.689065 -0.839925 -0.018519 -2.428593 -1.889713 2.402553 0.356726 2.241325 0.244160 0.771821 2.466348 0.014628 11.005087 -1.109080 -1.246186 0.676127 2.603501
1 inf -8.656238 -0.823417 -0.003004 -2.409512 -1.838403 2.402887 0.397715 2.239754 0.244038 0.774151 2.499204 0.058140 10.993858 -1.048636 -1.238882 0.670586 2.604403
1 inf -8.636464 -0.876471 -0.016739 -2.420984 -1.850707 2.409039 0.402169 2.219228 0.260007 0.792676 2.506037 0.071805 10.955945 -1.064230 -1.231764 0.677624 2.607723
1 inf -8.625751 -0.867436 -0.027390 -2.429777 -1.844655 2.431135 0.395418 2.219871 0.262973 0.758603 2.511464 0.032473 10.969063 -1.054418 -1.257830 0.638498 2.621235
1 inf -8.652440 -0.871198 -0.008514 -2.440272 -1.886513 2.427090 0.435103 2.229749 0.289353 0.721729 2.524833 0.007385 10.953966 -1.047559 -1.234705 0.639128 2.630938
1 inf -8.665847 -0.895344 -0.001793 -2.396469 -1.913059 2.418044 0.363544 2.223442 0.270908 0.727500 2.504723 0.034204 10.933229 -1.044170 -1.242825 0.657834 2.632932
1 inf -8.665999 -0.829815 -0.019971 -2.365453 -1.889316 2.395800 0.361185 2.229877 0.277251 0.773664 2.560804 0.043336 10.927684 -1.069946 -1.220627 0.651166 2.635634
1 inf -8.650145 -0.805438 -0.034601 -2.364721 -1.871118 2.399684 0.363165 2.228433 0.238347 0.797996 2.607016 0.000818 10.945025 -1.076712 -1.232889 0.627834 2.657977
1 inf -8.620236 -0.799664 -0.065591 -2.379237 -1.855014 2.407423 0.372524 2.254660 0.263340 0.784064 2.606681 -0.011713 10.936704 -1.081814 -1.234370 0.578295 2.689976
1 inf -8.600500 -0.780438 -0.070206 -2.393562 -1.855322 2.418303 0.351399 2.262545 0.265999 0.784866 2.612155 0.050108 10.970762 -1.097376 -1.244742 0.536139 2.679354
1 inf -8.585102 -0.816474 -0.083187 -2.408394 -1.870244 2.440893 0.343567 2.262900 0.322342 0.816976 2.625330 0.021876 10.973102 -1.092908 -1.253310 0.531483 2.693184
1 inf -8.585611 -0.859510 -0.051889 -2.428050 -1.841942 2.407343 0.337422 2.244455 0.324697 0.820387 2.634982 0.013894 10.968880 -1.101579 -1.263516 0.521555 2.700645
1 inf -8.601322 -0.845996 -0.070858 -2.469379 -1.839964 2.390565 0.350586 2.242542 0.321473 0.848000 2.639113 0.026967 10.985456 -1.063556 -1.240163 0.539655 2.684083
1 inf -8.611019 -0.805723 -0.058806 -2.468132 -1.881791 2.392000 0.359258 2.234081 0.317373 0.842302 2.614440 0.025795 10.983252 -1.050665 -1.251479 0.532315 2.714193
1 inf -8.593694 -0.788635 -0.042961 -2.487846 -1.897156 2.365871 0.362087 2.240160 0.283358 0.885765 2.622983 0.023425 11.003001 -1.047830 -1.266117 0.506999 2.716210
1 inf -8.599033 -0.761502 -0.047040 -2.499094 -1.893055 2.365623 0.325155 2.233627 0.275846 0.848254 2.608906 0.010175 11.003312 -1.033967 -1.271716 0.485066 2.725678
1 inf -8.598973 -0.744727 -0.049790 -2.473320 -1.905556 2.345692 0.322447 2.233314 0.259476 0.830994 2.548415 0.019805 10.964171 -1.022463 -1.223355 0.468275 2.747889
1 inf -8.610408 -0.747016 -0.081950 -2.480291 -1.971755 2.405309 0.322177 2.193007 0.244889 0.838907 2.562272 0.024388 10.902503 -0.996503 -1.200362 0.460940 2.743388
1 inf -8.605994 -0.730217 -0.075308 -2.477661 -1.930475 2.427132 0.303632 2.144108 0.236506 0.869916 2.605534 -0.039416 10.917443 -1.014211 -1.209222 0.475486 2.759110
1 inf -8.579539 -0.763463 -0.080153 -2.464118 -1.948553 2.412352 0.276703 2.160409 0.256580 0.855325 2.626036 -0.092327 10.898671 -1.004100 -1.178838 0.513901 2.769842
1 inf -8.545168 -0.799662 -0.050451 -2.429103 -1.956575 2.396136 0.280195 2.130185 0.264020 0.827429 2.649858 -0.103063 10.941393 -1.011350 -1.204934 0.514859 2.750764
1 inf -8.590004 -0.769146 -0.051903 -2.432780 -1.967196 2.453427 0.288458 2.074616 0.219199 0.826506 2.647841 -0.112398 10.902341 -0.991488 -1.208617 0.476601 2.781823
1 inf -8.608215 -0.800653 -0.042529 -2.406669 -1.952326 2.482314 0.287481 2.085103 0.240308 0.827036 2.654857 -0.107829 10.928282 -1.050402 -1.211867 0.476732 2.783772
1 inf -8.593943 -0.801500 -0.007531 -2.393968 -1.950652 2.438202 0.297223 2.097661 0.225051 0.836523 2.641093 -0.128838 10.931971 -1.028767 -1.184954 0.474956 2.769988
1 inf -8.563032 -0.788893 -0.008318 -2.410244 -1.937791 2.409187 0.300727 2.089215 0.207591 0.794237 2.665446 -0.142417 10.954098 -1.028915 -1.188714 0.468739 2.770073
1 inf -8.589614 -0.767234 -0.023142 -2.436161 -1.951173 2.439898 0.320350 2.068081 0.196814 0.846628 2.670033 -0.132691 10.970231 -0.997708 -1.181459 0.408159 2.770469
1 inf -8.601189 -0.747026 0.005092 -2.428374 -1.972890 2.439273 0.367955 2.112292 0.206140 0.815864 2.695774 -0.112626 10.981474 -1.002983 -1.188248 0.356304 2.756880
1 inf -8.627623 -0.758564 -0.001396 -2.416565 -1.979833 2.443366 0.372356 2.073005 0.211033 0.819283 2.695297 -0.095704 10.934571 -0.966362 -1.191889 0.388398 2.743380
1 inf -8.629677 -0.761008 -0.044162 -2.416723 -1.970542 2.420798 0.370082 2.044382 0.226028 0.822395 2.686799 -0.082110 10.972370 -0.951627 -1.223592 0.383338 2.738266
1 inf -8.628980 -0.718706 -0.015584 -2.423734 -1.968849 2.430965 0.372868 2.114064 0.253460 0.816709 2.727855 -0.098146 10.974077 -0.930155 -1.241862 0.383663 2.746472
1 inf -8.639393 -0.710763 0.004300 -2.399317 -1.971258 2.426574 0.354770 2.120527 0.243626 0.819851 2.752558 -0.103884 10.930296 -0.918512 -1.236158 0.413319 2.729541
1 inf -8.592810 -0.727993 -0.017587 -2.395639 -1.927999 2.429413 0.332830 2.093079 0.253097 0.812462 2.713373 -0.061562 10.914850 -0.930412 -1.223979 0.411029 2.752327
1 inf -8.587425 -0.698667 -0.011604 -2.404237 -1.921149 2.440253 0.351588 2.108258 0.271961 0.797253 2.702744 -0.069605 10.903650 -0.950264 -1.205072 0.431617 2.772323
1 inf -8.546266 -0.687633 -0.019477 -2.425479 -1.893521 2.428647 0.383353 2.116302 0.263598 0.786129 2.687265 -0.088608 10.923946 -0.953215 -1.202207 0.425863 2.777988
1 inf -8.552482 -0.673680 0.019293 -2.448078 -1.870934 2.393791 0.417725 2.110704 0.288101 0.789848 2.664962 -0.120425 10.933428 -0.988543 -1.193854 0.426614 2.811575
1 inf -8.592345 -0.719421 0.029117 -2.467208 -1.907265 2.425086 0.448683 2.082249 0.257501 0.769999 2.675136 -0.112237 10.887263 -0.944677 -1.181048 0.396244 2.838950
1 inf -8.568028 -0.719516 0.068027 -2.486878 -1.887643 2.452436 0.449477 2.059822 0.305623 0.762404 2.722580 -0.110732 10.852321 -0.988020 -1.191744 0.321144 2.857142
1 inf -8.586898 -0.721262 0.090181 -2.500350 -1.909563 2.452971 0.485441 2.022190 0.316405 0.756323 2.735036 -0.123884 10.851384 -1.016493 -1.192298 0.335398 2.865338
1 inf -8.608293 -0.703228 0.113252 -2.537575 -1.934138 2.464826 0.477653 1.983665 0.321544 0.770161 2.753364 -0.108983 10.844974 -1.010158 -1.206127 0.332734 2.850276
1 inf -8.570055 -0.661000 0.082553 -2.541997 -1.925905 2.442740 0.464198 1.998756 0.303149 0.749453 2.744685 -0.129854 10.821613 -0.984809 -1.198809 0.362343 2.838454
1 inf -8.582057 -0.670522 0.078981 -2.574128 -1.918428 2.445159 0.497836 2.023400 0.291332 0.711077 2.741583 -0.106516 10.821328 -1.032430 -1.156818 0.342245 2.849529
1 inf -8.536530 -0.671447 0.054235 -2.587180 -1.937389 2.464884 0.475755 2.064660 0.306663 0.748179 2.736003 -0.120695 10.790961 -1.071564 -1.163829 0.353010 2.833538
1 inf -8.523240 -0.680627 0.096641 -2.605719 -1.968496 2.465101 0.489351 2.064975 0.302332 0.740983 2.735677 -0.131132 10.800027 -1.069633 -1.184559 0.331002 2.862219
1 inf -8.529697 -0.691935 0.123841 -2.591679 -1.980772 2.453219 0.459726 2.115080 0.313874 0.741284 2.721900 -0.132575 10.772760 -1.068000 -1.201069 0.335071 2.870212
1 inf -8.495326 -0.728134 0.153543 -2.556664 -1.988794 2.437003 0.463218 2.084856 0.321314 0.713388 2.745722 -0.143311 10.815482 -1.075250 -1.227165 0.336029 2.851134
1 inf -8.526998 -0.735733 0.182173 -2.546171 -1.987295 2.467470 0.467719 2.057035 0.335353 0.719291 2.740932 -0.142897 10.828951 -1.047376 -1.213635 0.313493 2.845101
1 inf -8.540960 -0.748807 0.154952 -2.530301 -1.974117 2.464761 0.479666 2.009918 0.324362 0.747255 2.729984 -0.163906 10.821429 -1.072676 -1.221998 0.329099 2.859659
1 inf -8.565080 -0.722783 0.162388 -2.526282 -1.970541 2.486583 0.479818 2.004395 0.339745 0.711778 2.718343 -0.167196 10.848786 -1.076333 -1.219861 0.340304 2.867630
1 inf -8.557669 -0.690438 0.167547 -2.544108 -1.977591 2.456054 0.481918 2.009811 0.329450 0.710518 2.741264 -0.165755 10.845782 -1.098644 -1.206768 0.344550 2.821633
1 inf -8.531326 -0.706046 0.183036 -2.517731 -1.966866 2.474021 0.473158 1.994494 0.321583 0.734425 2.737118 -0.140717 10.866369 -1.118585 -1.211494 0.308182 2.823362
