1 285.94579 -8.564825 -0.933573 -0.249308 -2.275101 -1.485770 3.436784 0.276881 2.491660 0.224576 0.579032 2.311820 0.134084 10.350869 -0.303025 0.259673 3.575036
1 285.94579 -8.564825 -0.933573 -0.249308 -2.275101 -1.485770 3.436784 0.276881 2.491660 0.224576 0.579032 2.311820 0.134084 10.350869 -0.303025 0.259673 3.575036
1 285.94579 -8.564825 -0.933573 -0.249308 -2.275101 -1.485770 3.436784 0.276881 2.491660 0.224576 0.579032 2.311820 0.134084 10.350869 -0.303025 0.259673 3.575036
1 285.94579 -8.564825 -0.933573 -0.249308 -2.275101 -1.485770 3.436784 0.276881 2.491660 0.224576 0.579032 2.311820 0.134084 10.350869 -0.303025 0.259673 3.575036
1 285.28604 -8.587616 -0.899991 -0.218035 -2.269237 -1.517154 3.430969 0.294684 2.480769 0.207751 0.582328 2.316087 0.186161 10.346663 -0.311213 0.269441 3.572421
1 285.28604 -8.587616 -0.899991 -0.218035 -2.269237 -1.517154 3.430969 0.294684 2.480769 0.207751 0.582328 2.316087 0.186161 10.346663 -0.311213 0.269441 3.572421
1 285.28604 -8.587616 -0.899991 -0.218035 -2.269237 -1.517154 3.430969 0.294684 2.480769 0.207751 0.582328 2.316087 0.186161 10.346663 -0.311213 0.269441 3.572421
1 285.28604 -8.587616 -0.899991 -0.218035 -2.269237 -1.517154 3.430969 0.294684 2.480769 0.207751 0.582328 2.316087 0.186161 10.346663 -0.311213 0.269441 3.572421
1 285.28604 -8.587616 -0.899991 -0.218035 -2.269237 -1.517154 3.430969 0.294684 2.480769 0.207751 0.582328 2.316087 0.186161 10.346663 -0.311213 0.269441 3.572421
1 285.28604 -8.587616 -0.899991 -0.218035 -2.269237 -1.517154 3.430969 0.294684 2.480769 0.207751 0.582328 2.316087 0.186161 10.346663 -0.311213 0.269441 3.572421
1 285.28604 -8.587616 -0.899991 -0.218035 -2.269237 -1.517154 3.430969 0.294684 2.480769 0.207751 0.582328 2.316087 0.186161 10.346663 -0.311213 0.269441 3.572421
1 285.28604 -8.587616 -0.899991 -0.218035 -2.269237 -1.517154 3.430969 0.294684 2.480769 0.207751 0.582328 2.316087 0.186161 10.346663 -0.311213 0.269441 3.572421
1 285.28604 -8.587616 -0.899991 -0.218035 -2.269237 -1.517154 3.430969 0.294684 2.480769 0.207751 0.582328 2.316087 0.186161 10.346663 -0.311213 0.269441 3.572421
1 285.28604 -8.587616 -0.899991 -0.218035 -2.269237 -1.517154 3.430969 0.294684 2.480769 0.207751 0.582328 2.316087 0.186161 10.346663 -0.311213 0.269441 3.572421
1 285.28604 -8.587616 -0.899991 -0.218035 -2.269237 -1.517154 3.430969 0.294684 2.480769 0.207751 0.582328 2.316087 0.186161 10.346663 -0.311213 0.269441 3.572421
1 285.28604 -8.587616 -0.899991 -0.218035 -2.269237 -1.517154 3.430969 0.294684 2.480769 0.207751 0.582328 2.316087 0.186161 10.346663 -0.311213 0.269441 3.572421
1 280.46731 -8.574624 -0.924342 -0.198367 -2.217189 -1.498492 3.470648 0.286433 2.456694 0.218231 0.564114 2.337223 0.158931 10.320500 -0.316591 0.267713 3.558132
1 280.46731 -8.574624 -0.924342 -0.198367 -2.217189 -1.498492 3.470648 0.286433 2.456694 0.218231 0.564114 2.337223 0.158931 10.320500 -0.316591 0.267713 3.558132
1 280.46731 -8.574624 -0.924342 -0.198367 -2.217189 -1.498492 3.470648 0.286433 2.456694 0.218231 0.564114 2.337223 0.158931 10.320500 -0.316591 0.267713 3.558132
1 280.46731 -8.574624 -0.924342 -0.198367 -2.217189 -1.498492 3.470648 0.286433 2.456694 0.218231 0.564114 2.337223 0.158931 10.320500 -0.316591 0.267713 3.558132
1 280.46731 -8.574624 -0.924342 -0.198367 -2.217189 -1.498492 3.470648 0.286433 2.456694 0.218231 0.564114 2.337223 0.158931 10.320500 -0.316591 0.267713 3.558132
1 280.46731 -8.574624 -0.924342 -0.198367 -2.217189 -1.498492 3.470648 0.286433 2.456694 0.218231 0.564114 2.337223 0.158931 10.320500 -0.316591 0.267713 3.558132
1 280.46731 -8.574624 -0.924342 -0.198367 -2.217189 -1.498492 3.470648 0.286433 2.456694 0.218231 0.564114 2.337223 0.158931 10.320500 -0.316591 0.267713 3.558132
1 280.46731 -8.574624 -0.924342 -0.198367 -2.217189 -1.498492 3.470648 0.286433 2.456694 0.218231 0.564114 2.337223 0.158931 10.320500 -0.316591 0.267713 3.558132
1 280.46731 -8.574624 -0.924342 -0.198367 -2.217189 -1.498492 3.470648 0.286433 2.456694 0.218231 0.564114 2.337223 0.158931 10.320500 -0.316591 0.267713 3.558132
1 280.46731 -8.574624 -0.924342 -0.198367 -2.217189 -1.498492 3.470648 0.286433 2.456694 0.218231 0.564114 2.337223 0.158931 10.320500 -0.316591 0.267713 3.558132
1 280.46731 -8.574624 -0.924342 -0.198367 -2.217189 -1.498492 3.470648 0.286433 2.456694 0.218231 0.564114 2.337223 0.158931 10.320500 -0.316591 0.267713 3.558132
1 280.46731 -8.574624 -0.924342 -0.198367 -2.217189 -1.498492 3.470648 0.286433 2.456694 0.218231 0.564114 2.337223 0.158931 10.320500 -0.316591 0.267713 3.558132
1 280.46731 -8.574624 -0.924342 -0.198367 -2.217189 -1.498492 3.470648 0.286433 2.456694 0.218231 0.564114 2.337223 0.158931 10.320500 -0.316591 0.267713 3.558132
1 280.46731 -8.574624 -0.924342 -0.198367 -2.217189 -1.498492 3.470648 0.286433 2.456694 0.218231 0.564114 2.337223 0.158931 10.320500 -0.316591 0.267713 3.558132
1 280.46731 -8.574624 -0.924342 -0.198367 -2.217189 -1.498492 3.470648 0.286433 2.456694 0.218231 0.564114 2.337223 0.158931 10.320500 -0.316591 0.267713 3.558132
1 280.46731 -8.574624 -0.924342 -0.198367 -2.217189 -1.498492 3.470648 0.286433 2.456694 0.218231 0.564114 2.337223 0.158931 10.320500 -0.316591 0.267713 3.558132
1 280.46731 -8.574624 -0.924342 -0.198367 -2.217189 -1.498492 3.470648 0.286433 2.456694 0.218231 0.564114 2.337223 0.158931 10.320500 -0.316591 0.267713 3.558132
1 280.46731 -8.574624 -0.924342 -0.198367 -2.217189 -1.498492 3.470648 0.286433 2.456694 0.218231 0.564114 2.337223 0.158931 10.320500 -0.316591 0.267713 3.558132
1 280.46731 -8.574624 -0.924342 -0.198367 -2.217189 -1.498492 3.470648 0.286433 2.456694 0.218231 0.564114 2.337223 0.158931 10.320500 -0.316591 0.267713 3.558132
1 280.46731 -8.574624 -0.924342 -0.198367 -2.217189 -1.498492 3.470648 0.286433 2.456694 0.218231 0.564114 2.337223 0.158931 10.320500 -0.316591 0.267713 3.558132
1 280.46731 -8.574624 -0.924342 -0.198367 -2.217189 -1.498492 3.470648 0.286433 2.456694 0.218231 0.564114 2.337223 0.158931 10.320500 -0.316591 0.267713 3.558132
1 280.46731 -8.574624 -0.924342 -0.198367 -2.217189 -1.498492 3.470648 0.286433 2.456694 0.218231 0.564114 2.337223 0.158931 10.320500 -0.316591 0.267713 3.558132
1 280.46731 -8.574624 -0.924342 -0.198367 -2.217189 -1.498492 3.470648 0.286433 2.456694 0.218231 0.564114 2.337223 0.158931 10.320500 -0.316591 0.267713 3.558132
1 279.75699 -8.574091 -0.899986 -0.176272 -2.240284 -1.529834 3.442486 0.287299 2.486520 0.180643 0.563578 2.345819 0.184512 10.328670 -0.263995 0.271828 3.557274
1 279.75699 -8.574091 -0.899986 -0.176272 -2.240284 -1.529834 3.442486 0.287299 2.486520 0.180643 0.563578 2.345819 0.184512 10.328670 -0.263995 0.271828 3.557274
1 279.75699 -8.574091 -0.899986 -0.176272 -2.240284 -1.529834 3.442486 0.287299 2.486520 0.180643 0.563578 2.345819 0.184512 10.328670 -0.263995 0.271828 3.557274
1 279.75699 -8.574091 -0.899986 -0.176272 -2.240284 -1.529834 3.442486 0.287299 2.486520 0.180643 0.563578 2.345819 0.184512 10.328670 -0.263995 0.271828 3.557274
1 279.75699 -8.574091 -0.899986 -0.176272 -2.240284 -1.529834 3.442486 0.287299 2.486520 0.180643 0.563578 2.345819 0.184512 10.328670 -0.263995 0.271828 3.557274
1 279.75699 -8.574091 -0.899986 -0.176272 -2.240284 -1.529834 3.442486 0.287299 2.486520 0.180643 0.563578 2.345819 0.184512 10.328670 -0.263995 0.271828 3.557274
1 279.75699 -8.574091 -0.899986 -0.176272 -2.240284 -1.529834 3.442486 0.287299 2.486520 0.180643 0.563578 2.345819 0.184512 10.328670 -0.263995 0.271828 3.557274
1 279.75699 -8.574091 -0.899986 -0.176272 -2.240284 -1.529834 3.442486 0.287299 2.486520 0.180643 0.563578 2.345819 0.184512 10.328670 -0.263995 0.271828 3.557274
1 279.75699 -8.574091 -0.899986 -0.176272 -2.240284 -1.529834 3.442486 0.287299 2.486520 0.180643 0.563578 2.345819 0.184512 10.328670 -0.263995 0.271828 3.557274
1 279.75699 -8.574091 -0.899986 -0.176272 -2.240284 -1.529834 3.442486 0.287299 2.486520 0.180643 0.563578 2.345819 0.184512 10.328670 -0.263995 0.271828 3.557274
1 280.19743 -8.571695 -0.897709 -0.157230 -2.241355 -1.506621 3.474103 0.268545 2.484867 0.172827 0.565692 2.353912 0.137115 10.322107 -0.254213 0.266579 3.538914
