1 143.07246 -8.708422 -0.955791 -0.265573 -2.222360 -1.405404 3.385750 0.240494 2.542585 0.181699 0.608212 2.306319 0.155505 10.444141 -0.774582 -0.274683 0.197521 3.655740
1 143.07246 -8.708422 -0.955791 -0.265573 -2.222360 -1.405404 3.385750 0.240494 2.542585 0.181699 0.608212 2.306319 0.155505 10.444141 -0.774582 -0.274683 0.197521 3.655740
1 143.07246 -8.708422 -0.955791 -0.265573 -2.222360 -1.405404 3.385750 0.240494 2.542585 0.181699 0.608212 2.306319 0.155505 10.444141 -0.774582 -0.274683 0.197521 3.655740
1 143.07246 -8.708422 -0.955791 -0.265573 -2.222360 -1.405404 3.385750 0.240494 2.542585 0.181699 0.608212 2.306319 0.155505 10.444141 -0.774582 -0.274683 0.197521 3.655740
1 143.07246 -8.708422 -0.955791 -0.265573 -2.222360 -1.405404 3.385750 0.240494 2.542585 0.181699 0.608212 2.306319 0.155505 10.444141 -0.774582 -0.274683 0.197521 3.655740
1 143.07246 -8.708422 -0.955791 -0.265573 -2.222360 -1.405404 3.385750 0.240494 2.542585 0.181699 0.608212 2.306319 0.155505 10.444141 -0.774582 -0.274683 0.197521 3.655740
1 143.07246 -8.708422 -0.955791 -0.265573 -2.222360 -1.405404 3.385750 0.240494 2.542585 0.181699 0.608212 2.306319 0.155505 10.444141 -0.774582 -0.274683 0.197521 3.655740
1 143.07246 -8.708422 -0.955791 -0.265573 -2.222360 -1.405404 3.385750 0.240494 2.542585 0.181699 0.608212 2.306319 0.155505 10.444141 -0.774582 -0.274683 0.197521 3.655740
1 143.07246 -8.708422 -0.955791 -0.265573 -2.222360 -1.405404 3.385750 0.240494 2.542585 0.181699 0.608212 2.306319 0.155505 10.444141 -0.774582 -0.274683 0.197521 3.655740
1 138.0719 -8.676554 -0.945336 -0.293480 -2.209926 -1.427305 3.389818 0.278484 2.514906 0.170474 0.592197 2.326820 0.142363 10.452507 -0.751465 -0.278161 0.166243 3.681681
1 138.0719 -8.676554 -0.945336 -0.293480 -2.209926 -1.427305 3.389818 0.278484 2.514906 0.170474 0.592197 2.326820 0.142363 10.452507 -0.751465 -0.278161 0.166243 3.681681
1 134.3478 -8.677666 -0.957400 -0.292836 -2.203806 -1.449193 3.407453 0.268587 2.511547 0.169066 0.628929 2.334559 0.162664 10.445862 -0.710521 -0.301642 0.182444 3.683151
1 134.3478 -8.677666 -0.957400 -0.292836 -2.203806 -1.449193 3.407453 0.268587 2.511547 0.169066 0.628929 2.334559 0.162664 10.445862 -0.710521 -0.301642 0.182444 3.683151
1 134.3478 -8.677666 -0.957400 -0.292836 -2.203806 -1.449193 3.407453 0.268587 2.511547 0.169066 0.628929 2.334559 0.162664 10.445862 -0.710521 -0.301642 0.182444 3.683151
1 134.3478 -8.677666 -0.957400 -0.292836 -2.203806 -1.449193 3.407453 0.268587 2.511547 0.169066 0.628929 2.334559 0.162664 10.445862 -0.710521 -0.301642 0.182444 3.683151
1 134.3478 -8.677666 -0.957400 -0.292836 -2.203806 -1.449193 3.407453 0.268587 2.511547 0.169066 0.628929 2.334559 0.162664 10.445862 -0.710521 -0.301642 0.182444 3.683151
1 134.3478 -8.677666 -0.957400 -0.292836 -2.203806 -1.449193 3.407453 0.268587 2.511547 0.169066 0.628929 2.334559 0.162664 10.445862 -0.710521 -0.301642 0.182444 3.683151
1 134.3478 -8.677666 -0.957400 -0.292836 -2.203806 -1.449193 3.407453 0.268587 2.511547 0.169066 0.628929 2.334559 0.162664 10.445862 -0.710521 -0.301642 0.182444 3.683151
1 134.3478 -8.677666 -0.957400 -0.292836 -2.203806 -1.449193 3.407453 0.268587 2.511547 0.169066 0.628929 2.334559 0.162664 10.445862 -0.710521 -0.301642 0.182444 3.683151
1 134.3478 -8.677666 -0.957400 -0.292836 -2.203806 -1.449193 3.407453 0.268587 2.511547 0.169066 0.628929 2.334559 0.162664 10.445862 -0.710521 -0.301642 0.182444 3.683151
1 134.3478 -8.677666 -0.957400 -0.292836 -2.203806 -1.449193 3.407453 0.268587 2.511547 0.169066 0.628929 2.334559 0.162664 10.445862 -0.710521 -0.301642 0.182444 3.683151
1 134.3478 -8.677666 -0.957400 -0.292836 -2.203806 -1.449193 3.407453 0.268587 2.511547 0.169066 0.628929 2.334559 0.162664 10.445862 -0.710521 -0.301642 0.182444 3.683151
1 134.3478 -8.677666 -0.957400 -0.292836 -2.203806 -1.449193 3.407453 0.268587 2.511547 0.169066 0.628929 2.334559 0.162664 10.445862 -0.710521 -0.301642 0.182444 3.683151
1 134.3478 -8.677666 -0.957400 -0.292836 -2.203806 -1.449193 3.407453 0.268587 2.511547 0.169066 0.628929 2.334559 0.162664 10.445862 -0.710521 -0.301642 0.182444 3.683151
1 134.3478 -8.677666 -0.957400 -0.292836 -2.203806 -1.449193 3.407453 0.268587 2.511547 0.169066 0.628929 2.334559 0.162664 10.445862 -0.710521 -0.301642 0.182444 3.683151
1 134.3478 -8.677666 -0.957400 -0.292836 -2.203806 -1.449193 3.407453 0.268587 2.511547 0.169066 0.628929 2.334559 0.162664 10.445862 -0.710521 -0.301642 0.182444 3.683151
1 134.3478 -8.677666 -0.957400 -0.292836 -2.203806 -1.449193 3.407453 0.268587 2.511547 0.169066 0.628929 2.334559 0.162664 10.445862 -0.710521 -0.301642 0.182444 3.683151
1 134.3478 -8.677666 -0.957400 -0.292836 -2.203806 -1.449193 3.407453 0.268587 2.511547 0.169066 0.628929 2.334559 0.162664 10.445862 -0.710521 -0.301642 0.182444 3.683151
1 134.3478 -8.677666 -0.957400 -0.292836 -2.203806 -1.449193 3.407453 0.268587 2.511547 0.169066 0.628929 2.334559 0.162664 10.445862 -0.710521 -0.301642 0.182444 3.683151
1 134.3478 -8.677666 -0.957400 -0.292836 -2.203806 -1.449193 3.407453 0.268587 2.511547 0.169066 0.628929 2.334559 0.162664 10.445862 -0.710521 -0.301642 0.182444 3.683151
1 134.3478 -8.677666 -0.957400 -0.292836 -2.203806 -1.449193 3.407453 0.268587 2.511547 0.169066 0.628929 2.334559 0.162664 10.445862 -0.710521 -0.301642 0.182444 3.683151
1 134.3478 -8.677666 -0.957400 -0.292836 -2.203806 -1.449193 3.407453 0.268587 2.511547 0.169066 0.628929 2.334559 0.162664 10.445862 -0.710521 -0.301642 0.182444 3.683151
1 134.3478 -8.677666 -0.957400 -0.292836 -2.203806 -1.449193 3.407453 0.268587 2.511547 0.169066 0.628929 2.334559 0.162664 10.445862 -0.710521 -0.301642 0.182444 3.683151
1 134.3478 -8.677666 -0.957400 -0.292836 -2.203806 -1.449193 3.407453 0.268587 2.511547 0.169066 0.628929 2.334559 0.162664 10.445862 -0.710521 -0.301642 0.182444 3.683151
1 134.3478 -8.677666 -0.957400 -0.292836 -2.203806 -1.449193 3.407453 0.268587 2.511547 0.169066 0.628929 2.334559 0.162664 10.445862 -0.710521 -0.301642 0.182444 3.683151
1 134.3478 -8.677666 -0.957400 -0.292836 -2.203806 -1.449193 3.407453 0.268587 2.511547 0.169066 0.628929 2.334559 0.162664 10.445862 -0.710521 -0.301642 0.182444 3.683151
1 134.3478 -8.677666 -0.957400 -0.292836 -2.203806 -1.449193 3.407453 0.268587 2.511547 0.169066 0.628929 2.334559 0.162664 10.445862 -0.710521 -0.301642 0.182444 3.683151
1 134.3478 -8.677666 -0.957400 -0.292836 -2.203806 -1.449193 3.407453 0.268587 2.511547 0.169066 0.628929 2.334559 0.162664 10.445862 -0.710521 -0.301642 0.182444 3.683151
1 134.3478 -8.677666 -0.957400 -0.292836 -2.203806 -1.449193 3.407453 0.268587 2.511547 0.169066 0.628929 2.334559 0.162664 10.445862 -0.710521 -0.301642 0.182444 3.683151
1 134.3478 -8.677666 -0.957400 -0.292836 -2.203806 -1.449193 3.407453 0.268587 2.511547 0.169066 0.628929 2.334559 0.162664 10.445862 -0.710521 -0.301642 0.182444 3.683151
1 134.3478 -8.677666 -0.957400 -0.292836 -2.203806 -1.449193 3.407453 0.268587 2.511547 0.169066 0.628929 2.334559 0.162664 10.445862 -0.710521 -0.301642 0.182444 3.683151
1 134.3478 -8.677666 -0.957400 -0.292836 -2.203806 -1.449193 3.407453 0.268587 2.511547 0.169066 0.628929 2.334559 0.162664 10.445862 -0.710521 -0.301642 0.182444 3.683151
1 134.3478 -8.677666 -0.957400 -0.292836 -2.203806 -1.449193 3.407453 0.268587 2.511547 0.169066 0.628929 2.334559 0.162664 10.445862 -0.710521 -0.301642 0.182444 3.683151
1 134.3478 -8.677666 -0.957400 -0.292836 -2.203806 -1.449193 3.407453 0.268587 2.511547 0.169066 0.628929 2.334559 0.162664 10.445862 -0.710521 -0.301642 0.182444 3.683151
1 134.3478 -8.677666 -0.957400 -0.292836 -2.203806 -1.449193 3.407453 0.268587 2.511547 0.169066 0.628929 2.334559 0.162664 10.445862 -0.710521 -0.301642 0.182444 3.683151
1 134.3478 -8.677666 -0.957400 -0.292836 -2.203806 -1.449193 3.407453 0.268587 2.511547 0.169066 0.628929 2.334559 0.162664 10.445862 -0.710521 -0.301642 0.182444 3.683151
1 134.3478 -8.677666 -0.957400 -0.292836 -2.203806 -1.449193 3.407453 0.268587 2.511547 0.169066 0.628929 2.334559 0.162664 10.445862 -0.710521 -0.301642 0.182444 3.683151
1 134.3478 -8.677666 -0.957400 -0.292836 -2.203806 -1.449193 3.407453 0.268587 2.511547 0.169066 0.628929 2.334559 0.162664 10.445862 -0.710521 -0.301642 0.182444 3.683151
1 134.3478 -8.677666 -0.957400 -0.292836 -2.203806 -1.449193 3.407453 0.268587 2.511547 0.169066 0.628929 2.334559 0.162664 10.445862 -0.710521 -0.301642 0.182444 3.683151
1 134.3478 -8.677666 -0.957400 -0.292836 -2.203806 -1.449193 3.407453 0.268587 2.511547 0.169066 0.628929 2.334559 0.162664 10.445862 -0.710521 -0.301642 0.182444 3.683151
1 134.3478 -8.677666 -0.957400 -0.292836 -2.203806 -1.449193 3.407453 0.268587 2.511547 0.169066 0.628929 2.334559 0.162664 10.445862 -0.710521 -0.301642 0.182444 3.683151
1 134.3478 -8.677666 -0.957400 -0.292836 -2.203806 -1.449193 3.407453 0.268587 2.511547 0.169066 0.628929 2.334559 0.162664 10.445862 -0.710521 -0.301642 0.182444 3.683151
1 134.3478 -8.677666 -0.957400 -0.292836 -2.203806 -1.449193 3.407453 0.268587 2.511547 0.169066 0.628929 2.334559 0.162664 10.445862 -0.710521 -0.301642 0.182444 3.683151
1 134.3478 -8.677666 -0.957400 -0.292836 -2.203806 -1.449193 3.407453 0.268587 2.511547 0.169066 0.628929 2.334559 0.162664 10.445862 -0.710521 -0.301642 0.182444 3.683151
1 134.3478 -8.677666 -0.957400 -0.292836 -2.203806 -1.449193 3.407453 0.268587 2.511547 0.169066 0.628929 2.334559 0.162664 10.445862 -0.710521 -0.301642 0.182444 3.683151
1 134.3478 -8.677666 -0.957400 -0.292836 -2.203806 -1.449193 3.407453 0.268587 2.511547 0.169066 0.628929 2.334559 0.162664 10.445862 -0.710521 -0.301642 0.182444 3.683151
1 134.3478 -8.677666 -0.957400 -0.292836 -2.203806 -1.449193 3.407453 0.268587 2.511547 0.169066 0.628929 2.334559 0.162664 10.445862 -0.710521 -0.301642 0.182444 3.683151
1 134.3478 -8.677666 -0.957400 -0.292836 -2.203806 -1.449193 3.407453 0.268587 2.511547 0.169066 0.628929 2.334559 0.162664 10.445862 -0.710521 -0.301642 0.182444 3.683151
1 134.3478 -8.677666 -0.957400 -0.292836 -2.203806 -1.449193 3.407453 0.268587 2.511547 0.169066 0.628929 2.334559 0.162664 10.445862 -0.710521 -0.301642 0.182444 3.683151
1 134.3478 -8.677666 -0.957400 -0.292836 -2.203806 -1.449193 3.407453 0.268587 2.511547 0.169066 0.628929 2.334559 0.162664 10.445862 -0.710521 -0.301642 0.182444 3.683151
1 134.3478 -8.677666 -0.957400 -0.292836 -2.203806 -1.449193 3.407453 0.268587 2.511547 0.169066 0.628929 2.334559 0.162664 10.445862 -0.710521 -0.301642 0.182444 3.683151
1 134.3478 -8.677666 -0.957400 -0.292836 -2.203806 -1.449193 3.407453 0.268587 2.511547 0.169066 0.628929 2.334559 0.162664 10.445862 -0.710521 -0.301642 0.182444 3.683151
1 134.3478 -8.677666 -0.957400 -0.292836 -2.203806 -1.449193 3.407453 0.268587 2.511547 0.169066 0.628929 2.334559 0.162664 10.445862 -0.710521 -0.301642 0.182444 3.683151
1 134.3478 -8.677666 -0.957400 -0.292836 -2.203806 -1.449193 3.407453 0.268587 2.511547 0.169066 0.628929 2.334559 0.162664 10.445862 -0.710521 -0.301642 0.182444 3.683151
1 134.3478 -8.677666 -0.957400 -0.292836 -2.203806 -1.449193 3.407453 0.268587 2.511547 0.169066 0.628929 2.334559 0.162664 10.445862 -0.710521 -0.301642 0.182444 3.683151
1 134.3478 -8.677666 -0.957400 -0.292836 -2.203806 -1.449193 3.407453 0.268587 2.511547 0.169066 0.628929 2.334559 0.162664 10.445862 -0.710521 -0.301642 0.182444 3.683151
1 134.3478 -8.677666 -0.957400 -0.292836 -2.203806 -1.449193 3.407453 0.268587 2.511547 0.169066 0.628929 2.334559 0.162664 10.445862 -0.710521 -0.301642 0.182444 3.683151
1 134.3478 -8.677666 -0.957400 -0.292836 -2.203806 -1.449193 3.407453 0.268587 2.511547 0.169066 0.628929 2.334559 0.162664 10.445862 -0.710521 -0.301642 0.182444 3.683151
1 134.3478 -8.677666 -0.957400 -0.292836 -2.203806 -1.449193 3.407453 0.268587 2.511547 0.169066 0.628929 2.334559 0.162664 10.445862 -0.710521 -0.301642 0.182444 3.683151
1 134.3478 -8.677666 -0.957400 -0.292836 -2.203806 -1.449193 3.407453 0.268587 2.511547 0.169066 0.628929 2.334559 0.162664 10.445862 -0.710521 -0.301642 0.182444 3.683151
1 134.3478 -8.677666 -0.957400 -0.292836 -2.203806 -1.449193 3.407453 0.268587 2.511547 0.169066 0.628929 2.334559 0.162664 10.445862 -0.710521 -0.301642 0.182444 3.683151
1 134.3478 -8.677666 -0.957400 -0.292836 -2.203806 -1.449193 3.407453 0.268587 2.511547 0.169066 0.628929 2.334559 0.162664 10.445862 -0.710521 -0.301642 0.182444 3.683151
1 134.3478 -8.677666 -0.957400 -0.292836 -2.203806 -1.449193 3.407453 0.268587 2.511547 0.169066 0.628929 2.334559 0.162664 10.445862 -0.710521 -0.301642 0.182444 3.683151
1 134.3478 -8.677666 -0.957400 -0.292836 -2.203806 -1.449193 3.407453 0.268587 2.511547 0.169066 0.628929 2.334559 0.162664 10.445862 -0.710521 -0.301642 0.182444 3.683151
1 134.3478 -8.677666 -0.957400 -0.292836 -2.203806 -1.449193 3.407453 0.268587 2.511547 0.169066 0.628929 2.334559 0.162664 10.445862 -0.710521 -0.301642 0.182444 3.683151
1 134.3478 -8.677666 -0.957400 -0.292836 -2.203806 -1.449193 3.407453 0.268587 2.511547 0.169066 0.628929 2.334559 0.162664 10.445862 -0.710521 -0.301642 0.182444 3.683151
1 134.3478 -8.677666 -0.957400 -0.292836 -2.203806 -1.449193 3.407453 0.268587 2.511547 0.169066 0.628929 2.334559 0.162664 10.445862 -0.710521 -0.301642 0.182444 3.683151
1 134.3478 -8.677666 -0.957400 -0.292836 -2.203806 -1.449193 3.407453 0.268587 2.511547 0.169066 0.628929 2.334559 0.162664 10.445862 -0.710521 -0.301642 0.182444 3.683151
1 134.3478 -8.677666 -0.957400 -0.292836 -2.203806 -1.449193 3.407453 0.268587 2.511547 0.169066 0.628929 2.334559 0.162664 10.445862 -0.710521 -0.301642 0.182444 3.683151
1 134.3478 -8.677666 -0.957400 -0.292836 -2.203806 -1.449193 3.407453 0.268587 2.511547 0.169066 0.628929 2.334559 0.162664 10.445862 -0.710521 -0.301642 0.182444 3.683151
1 134.3478 -8.677666 -0.957400 -0.292836 -2.203806 -1.449193 3.407453 0.268587 2.511547 0.169066 0.628929 2.334559 0.162664 10.445862 -0.710521 -0.301642 0.182444 3.683151
1 134.3478 -8.677666 -0.957400 -0.292836 -2.203806 -1.449193 3.407453 0.268587 2.511547 0.169066 0.628929 2.334559 0.162664 10.445862 -0.710521 -0.301642 0.182444 3.683151
1 134.3478 -8.677666 -0.957400 -0.292836 -2.203806 -1.449193 3.407453 0.268587 2.511547 0.169066 0.628929 2.334559 0.162664 10.445862 -0.710521 -0.301642 0.182444 3.683151
1 134.3478 -8.677666 -0.957400 -0.292836 -2.203806 -1.449193 3.407453 0.268587 2.511547 0.169066 0.628929 2.334559 0.162664 10.445862 -0.710521 -0.301642 0.182444 3.683151
1 134.3478 -8.677666 -0.957400 -0.292836 -2.203806 -1.449193 3.407453 0.268587 2.511547 0.169066 0.628929 2.334559 0.162664 10.445862 -0.710521 -0.301642 0.182444 3.683151
1 134.3478 -8.677666 -0.957400 -0.292836 -2.203806 -1.449193 3.407453 0.268587 2.511547 0.169066 0.628929 2.334559 0.162664 10.445862 -0.710521 -0.301642 0.182444 3.683151
1 134.3478 -8.677666 -0.957400 -0.292836 -2.203806 -1.449193 3.407453 0.268587 2.511547 0.169066 0.628929 2.334559 0.162664 10.445862 -0.710521 -0.301642 0.182444 3.683151
1 134.3478 -8.677666 -0.957400 -0.292836 -2.203806 -1.449193 3.407453 0.268587 2.511547 0.169066 0.628929 2.334559 0.162664 10.445862 -0.710521 -0.301642 0.182444 3.683151
1 134.3478 -8.677666 -0.957400 -0.292836 -2.203806 -1.449193 3.407453 0.268587 2.511547 0.169066 0.628929 2.334559 0.162664 10.445862 -0.710521 -0.301642 0.182444 3.683151
1 134.3478 -8.677666 -0.957400 -0.292836 -2.203806 -1.449193 3.407453 0.268587 2.511547 0.169066 0.628929 2.334559 0.162664 10.445862 -0.710521 -0.301642 0.182444 3.683151
1 134.3478 -8.677666 -0.957400 -0.292836 -2.203806 -1.449193 3.407453 0.268587 2.511547 0.169066 0.628929 2.334559 0.162664 10.445862 -0.710521 -0.301642 0.182444 3.683151
1 134.3478 -8.677666 -0.957400 -0.292836 -2.203806 -1.449193 3.407453 0.268587 2.511547 0.169066 0.628929 2.334559 0.162664 10.445862 -0.710521 -0.301642 0.182444 3.683151
1 134.3478 -8.677666 -0.957400 -0.292836 -2.203806 -1.449193 3.407453 0.268587 2.511547 0.169066 0.628929 2.334559 0.162664 10.445862 -0.710521 -0.301642 0.182444 3.683151
1 134.3478 -8.677666 -0.957400 -0.292836 -2.203806 -1.449193 3.407453 0.268587 2.511547 0.169066 0.628929 2.334559 0.162664 10.445862 -0.710521 -0.301642 0.182444 3.683151
1 134.3478 -8.677666 -0.957400 -0.292836 -2.203806 -1.449193 3.407453 0.268587 2.511547 0.169066 0.628929 2.334559 0.162664 10.445862 -0.710521 -0.301642 0.182444 3.683151
1 134.3478 -8.677666 -0.957400 -0.292836 -2.203806 -1.449193 3.407453 0.268587 2.511547 0.169066 0.628929 2.334559 0.162664 10.445862 -0.710521 -0.301642 0.182444 3.683151
1 134.3478 -8.677666 -0.957400 -0.292836 -2.203806 -1.449193 3.407453 0.268587 2.511547 0.169066 0.628929 2.334559 0.162664 10.445862 -0.710521 -0.301642 0.182444 3.683151
1 134.3478 -8.677666 -0.957400 -0.292836 -2.203806 -1.449193 3.407453 0.268587 2.511547 0.169066 0.628929 2.334559 0.162664 10.445862 -0.710521 -0.301642 0.182444 3.683151
1 134.3478 -8.677666 -0.957400 -0.292836 -2.203806 -1.449193 3.407453 0.268587 2.511547 0.169066 0.628929 2.334559 0.162664 10.445862 -0.710521 -0.301642 0.182444 3.683151
1 134.3478 -8.677666 -0.957400 -0.292836 -2.203806 -1.449193 3.407453 0.268587 2.511547 0.169066 0.628929 2.334559 0.162664 10.445862 -0.710521 -0.301642 0.182444 3.683151
1 134.3478 -8.677666 -0.957400 -0.292836 -2.203806 -1.449193 3.407453 0.268587 2.511547 0.169066 0.628929 2.334559 0.162664 10.445862 -0.710521 -0.301642 0.182444 3.683151
1 134.3478 -8.677666 -0.957400 -0.292836 -2.203806 -1.449193 3.407453 0.268587 2.511547 0.169066 0.628929 2.334559 0.162664 10.445862 -0.710521 -0.301642 0.182444 3.683151
1 134.3478 -8.677666 -0.957400 -0.292836 -2.203806 -1.449193 3.407453 0.268587 2.511547 0.169066 0.628929 2.334559 0.162664 10.445862 -0.710521 -0.301642 0.182444 3.683151
1 134.3478 -8.677666 -0.957400 -0.292836 -2.203806 -1.449193 3.407453 0.268587 2.511547 0.169066 0.628929 2.334559 0.162664 10.445862 -0.710521 -0.301642 0.182444 3.683151
1 134.3478 -8.677666 -0.957400 -0.292836 -2.203806 -1.449193 3.407453 0.268587 2.511547 0.169066 0.628929 2.334559 0.162664 10.445862 -0.710521 -0.301642 0.182444 3.683151
1 134.3478 -8.677666 -0.957400 -0.292836 -2.203806 -1.449193 3.407453 0.268587 2.511547 0.169066 0.628929 2.334559 0.162664 10.445862 -0.710521 -0.301642 0.182444 3.683151
1 134.3478 -8.677666 -0.957400 -0.292836 -2.203806 -1.449193 3.407453 0.268587 2.511547 0.169066 0.628929 2.334559 0.162664 10.445862 -0.710521 -0.301642 0.182444 3.683151
1 134.3478 -8.677666 -0.957400 -0.292836 -2.203806 -1.449193 3.407453 0.268587 2.511547 0.169066 0.628929 2.334559 0.162664 10.445862 -0.710521 -0.301642 0.182444 3.683151
1 134.3478 -8.677666 -0.957400 -0.292836 -2.203806 -1.449193 3.407453 0.268587 2.511547 0.169066 0.628929 2.334559 0.162664 10.445862 -0.710521 -0.301642 0.182444 3.683151
1 134.3478 -8.677666 -0.957400 -0.292836 -2.203806 -1.449193 3.407453 0.268587 2.511547 0.169066 0.628929 2.334559 0.162664 10.445862 -0.710521 -0.301642 0.182444 3.683151
1 134.3478 -8.677666 -0.957400 -0.292836 -2.203806 -1.449193 3.407453 0.268587 2.511547 0.169066 0.628929 2.334559 0.162664 10.445862 -0.710521 -0.301642 0.182444 3.683151
1 134.3478 -8.677666 -0.957400 -0.292836 -2.203806 -1.449193 3.407453 0.268587 2.511547 0.169066 0.628929 2.334559 0.162664 10.445862 -0.710521 -0.301642 0.182444 3.683151
1 134.3478 -8.677666 -0.957400 -0.292836 -2.203806 -1.449193 3.407453 0.268587 2.511547 0.169066 0.628929 2.334559 0.162664 10.445862 -0.710521 -0.301642 0.182444 3.683151
1 134.3478 -8.677666 -0.957400 -0.292836 -2.203806 -1.449193 3.407453 0.268587 2.511547 0.169066 0.628929 2.334559 0.162664 10.445862 -0.710521 -0.301642 0.182444 3.683151
1 134.3478 -8.677666 -0.957400 -0.292836 -2.203806 -1.449193 3.407453 0.268587 2.511547 0.169066 0.628929 2.334559 0.162664 10.445862 -0.710521 -0.301642 0.182444 3.683151
1 134.3478 -8.677666 -0.957400 -0.292836 -2.203806 -1.449193 3.407453 0.268587 2.511547 0.169066 0.628929 2.334559 0.162664 10.445862 -0.710521 -0.301642 0.182444 3.683151
1 134.3478 -8.677666 -0.957400 -0.292836 -2.203806 -1.449193 3.407453 0.268587 2.511547 0.169066 0.628929 2.334559 0.162664 10.445862 -0.710521 -0.301642 0.182444 3.683151
1 134.3478 -8.677666 -0.957400 -0.292836 -2.203806 -1.449193 3.407453 0.268587 2.511547 0.169066 0.628929 2.334559 0.162664 10.445862 -0.710521 -0.301642 0.182444 3.683151
1 134.3478 -8.677666 -0.957400 -0.292836 -2.203806 -1.449193 3.407453 0.268587 2.511547 0.169066 0.628929 2.334559 0.162664 10.445862 -0.710521 -0.301642 0.182444 3.683151
1 134.3478 -8.677666 -0.957400 -0.292836 -2.203806 -1.449193 3.407453 0.268587 2.511547 0.169066 0.628929 2.334559 0.162664 10.445862 -0.710521 -0.301642 0.182444 3.683151
1 134.3478 -8.677666 -0.957400 -0.292836 -2.203806 -1.449193 3.407453 0.268587 2.511547 0.169066 0.628929 2.334559 0.162664 10.445862 -0.710521 -0.301642 0.182444 3.683151
1 134.3478 -8.677666 -0.957400 -0.292836 -2.203806 -1.449193 3.407453 0.268587 2.511547 0.169066 0.628929 2.334559 0.162664 10.445862 -0.710521 -0.301642 0.182444 3.683151
1 134.3478 -8.677666 -0.957400 -0.292836 -2.203806 -1.449193 3.407453 0.268587 2.511547 0.169066 0.628929 2.334559 0.162664 10.445862 -0.710521 -0.301642 0.182444 3.683151
1 134.3478 -8.677666 -0.957400 -0.292836 -2.203806 -1.449193 3.407453 0.268587 2.511547 0.169066 0.628929 2.334559 0.162664 10.445862 -0.710521 -0.301642 0.182444 3.683151
1 134.3478 -8.677666 -0.957400 -0.292836 -2.203806 -1.449193 3.407453 0.268587 2.511547 0.169066 0.628929 2.334559 0.162664 10.445862 -0.710521 -0.301642 0.182444 3.683151
1 134.3478 -8.677666 -0.957400 -0.292836 -2.203806 -1.449193 3.407453 0.268587 2.511547 0.169066 0.628929 2.334559 0.162664 10.445862 -0.710521 -0.301642 0.182444 3.683151
1 134.3478 -8.677666 -0.957400 -0.292836 -2.203806 -1.449193 3.407453 0.268587 2.511547 0.169066 0.628929 2.334559 0.162664 10.445862 -0.710521 -0.301642 0.182444 3.683151
1 134.3478 -8.677666 -0.957400 -0.292836 -2.203806 -1.449193 3.407453 0.268587 2.511547 0.169066 0.628929 2.334559 0.162664 10.445862 -0.710521 -0.301642 0.182444 3.683151
1 134.3478 -8.677666 -0.957400 -0.292836 -2.203806 -1.449193 3.407453 0.268587 2.511547 0.169066 0.628929 2.334559 0.162664 10.445862 -0.710521 -0.301642 0.182444 3.683151
1 134.3478 -8.677666 -0.957400 -0.292836 -2.203806 -1.449193 3.407453 0.268587 2.511547 0.169066 0.628929 2.334559 0.162664 10.445862 -0.710521 -0.301642 0.182444 3.683151
1 134.3478 -8.677666 -0.957400 -0.292836 -2.203806 -1.449193 3.407453 0.268587 2.511547 0.169066 0.628929 2.334559 0.162664 10.445862 -0.710521 -0.301642 0.182444 3.683151
1 134.3478 -8.677666 -0.957400 -0.292836 -2.203806 -1.449193 3.407453 0.268587 2.511547 0.169066 0.628929 2.334559 0.162664 10.445862 -0.710521 -0.301642 0.182444 3.683151
1 134.3478 -8.677666 -0.957400 -0.292836 -2.203806 -1.449193 3.407453 0.268587 2.511547 0.169066 0.628929 2.334559 0.162664 10.445862 -0.710521 -0.301642 0.182444 3.683151
1 134.3478 -8.677666 -0.957400 -0.292836 -2.203806 -1.449193 3.407453 0.268587 2.511547 0.169066 0.628929 2.334559 0.162664 10.445862 -0.710521 -0.301642 0.182444 3.683151
1 134.3478 -8.677666 -0.957400 -0.292836 -2.203806 -1.449193 3.407453 0.268587 2.511547 0.169066 0.628929 2.334559 0.162664 10.445862 -0.710521 -0.301642 0.182444 3.683151
1 134.3478 -8.677666 -0.957400 -0.292836 -2.203806 -1.449193 3.407453 0.268587 2.511547 0.169066 0.628929 2.334559 0.162664 10.445862 -0.710521 -0.301642 0.182444 3.683151
1 134.3478 -8.677666 -0.957400 -0.292836 -2.203806 -1.449193 3.407453 0.268587 2.511547 0.169066 0.628929 2.334559 0.162664 10.445862 -0.710521 -0.301642 0.182444 3.683151
1 134.3478 -8.677666 -0.957400 -0.292836 -2.203806 -1.449193 3.407453 0.268587 2.511547 0.169066 0.628929 2.334559 0.162664 10.445862 -0.710521 -0.301642 0.182444 3.683151
1 134.3478 -8.677666 -0.957400 -0.292836 -2.203806 -1.449193 3.407453 0.268587 2.511547 0.169066 0.628929 2.334559 0.162664 10.445862 -0.710521 -0.301642 0.182444 3.683151
1 134.3478 -8.677666 -0.957400 -0.292836 -2.203806 -1.449193 3.407453 0.268587 2.511547 0.169066 0.628929 2.334559 0.162664 10.445862 -0.710521 -0.301642 0.182444 3.683151
1 134.3478 -8.677666 -0.957400 -0.292836 -2.203806 -1.449193 3.407453 0.268587 2.511547 0.169066 0.628929 2.334559 0.162664 10.445862 -0.710521 -0.301642 0.182444 3.683151
1 134.3478 -8.677666 -0.957400 -0.292836 -2.203806 -1.449193 3.407453 0.268587 2.511547 0.169066 0.628929 2.334559 0.162664 10.445862 -0.710521 -0.301642 0.182444 3.683151
1 134.3478 -8.677666 -0.957400 -0.292836 -2.203806 -1.449193 3.407453 0.268587 2.511547 0.169066 0.628929 2.334559 0.162664 10.445862 -0.710521 -0.301642 0.182444 3.683151
1 134.3478 -8.677666 -0.957400 -0.292836 -2.203806 -1.449193 3.407453 0.268587 2.511547 0.169066 0.628929 2.334559 0.162664 10.445862 -0.710521 -0.301642 0.182444 3.683151
1 134.3478 -8.677666 -0.957400 -0.292836 -2.203806 -1.449193 3.407453 0.268587 2.511547 0.169066 0.628929 2.334559 0.162664 10.445862 -0.710521 -0.301642 0.182444 3.683151
1 134.3478 -8.677666 -0.957400 -0.292836 -2.203806 -1.449193 3.407453 0.268587 2.511547 0.169066 0.628929 2.334559 0.162664 10.445862 -0.710521 -0.301642 0.182444 3.683151
1 134.3478 -8.677666 -0.957400 -0.292836 -2.203806 -1.449193 3.407453 0.268587 2.511547 0.169066 0.628929 2.334559 0.162664 10.445862 -0.710521 -0.301642 0.182444 3.683151
1 134.3478 -8.677666 -0.957400 -0.292836 -2.203806 -1.449193 3.407453 0.268587 2.511547 0.169066 0.628929 2.334559 0.162664 10.445862 -0.710521 -0.301642 0.182444 3.683151
1 134.3478 -8.677666 -0.957400 -0.292836 -2.203806 -1.449193 3.407453 0.268587 2.511547 0.169066 0.628929 2.334559 0.162664 10.445862 -0.710521 -0.301642 0.182444 3.683151
1 134.3478 -8.677666 -0.957400 -0.292836 -2.203806 -1.449193 3.407453 0.268587 2.511547 0.169066 0.628929 2.334559 0.162664 10.445862 -0.710521 -0.301642 0.182444 3.683151
1 134.3478 -8.677666 -0.957400 -0.292836 -2.203806 -1.449193 3.407453 0.268587 2.511547 0.169066 0.628929 2.334559 0.162664 10.445862 -0.710521 -0.301642 0.182444 3.683151
1 134.3478 -8.677666 -0.957400 -0.292836 -2.203806 -1.449193 3.407453 0.268587 2.511547 0.169066 0.628929 2.334559 0.162664 10.445862 -0.710521 -0.301642 0.182444 3.683151
1 134.3478 -8.677666 -0.957400 -0.292836 -2.203806 -1.449193 3.407453 0.268587 2.511547 0.169066 0.628929 2.334559 0.162664 10.445862 -0.710521 -0.301642 0.182444 3.683151
1 134.3478 -8.677666 -0.957400 -0.292836 -2.203806 -1.449193 3.407453 0.268587 2.511547 0.169066 0.628929 2.334559 0.162664 10.445862 -0.710521 -0.301642 0.182444 3.683151
1 134.3478 -8.677666 -0.957400 -0.292836 -2.203806 -1.449193 3.407453 0.268587 2.511547 0.169066 0.628929 2.334559 0.162664 10.445862 -0.710521 -0.301642 0.182444 3.683151
1 134.3478 -8.677666 -0.957400 -0.292836 -2.203806 -1.449193 3.407453 0.268587 2.511547 0.169066 0.628929 2.334559 0.162664 10.445862 -0.710521 -0.301642 0.182444 3.683151
1 134.3478 -8.677666 -0.957400 -0.292836 -2.203806 -1.449193 3.407453 0.268587 2.511547 0.169066 0.628929 2.334559 0.162664 10.445862 -0.710521 -0.301642 0.182444 3.683151
1 134.3478 -8.677666 -0.957400 -0.292836 -2.203806 -1.449193 3.407453 0.268587 2.511547 0.169066 0.628929 2.334559 0.162664 10.445862 -0.710521 -0.301642 0.182444 3.683151
1 134.3478 -8.677666 -0.957400 -0.292836 -2.203806 -1.449193 3.407453 0.268587 2.511547 0.169066 0.628929 2.334559 0.162664 10.445862 -0.710521 -0.301642 0.182444 3.683151
1 134.3478 -8.677666 -0.957400 -0.292836 -2.203806 -1.449193 3.407453 0.268587 2.511547 0.169066 0.628929 2.334559 0.162664 10.445862 -0.710521 -0.301642 0.182444 3.683151
1 134.3478 -8.677666 -0.957400 -0.292836 -2.203806 -1.449193 3.407453 0.268587 2.511547 0.169066 0.628929 2.334559 0.162664 10.445862 -0.710521 -0.301642 0.182444 3.683151
1 134.3478 -8.677666 -0.957400 -0.292836 -2.203806 -1.449193 3.407453 0.268587 2.511547 0.169066 0.628929 2.334559 0.162664 10.445862 -0.710521 -0.301642 0.182444 3.683151
1 134.3478 -8.677666 -0.957400 -0.292836 -2.203806 -1.449193 3.407453 0.268587 2.511547 0.169066 0.628929 2.334559 0.162664 10.445862 -0.710521 -0.301642 0.182444 3.683151
1 134.3478 -8.677666 -0.957400 -0.292836 -2.203806 -1.449193 3.407453 0.268587 2.511547 0.169066 0.628929 2.334559 0.162664 10.445862 -0.710521 -0.301642 0.182444 3.683151
1 134.3478 -8.677666 -0.957400 -0.292836 -2.203806 -1.449193 3.407453 0.268587 2.511547 0.169066 0.628929 2.334559 0.162664 10.445862 -0.710521 -0.301642 0.182444 3.683151
