1 inf -9.119619 -0.342910 -0.926786 -2.415353 -1.522170 2.927751 -0.251173 1.751468 0.647254 -0.047349 2.627966 0.308119 9.979798 -0.060029 -0.427857 0.099596 3.304479
1 inf -9.099402 -0.309407 -0.917669 -2.437238 -1.483116 2.918990 -0.251249 1.782609 0.626254 -0.028819 2.641296 0.271398 10.004783 -0.086981 -0.427995 0.124262 3.308016
1 inf -9.079757 -0.269305 -0.871026 -2.430804 -1.481326 2.901705 -0.299453 1.767775 0.631402 -0.025687 2.642676 0.292784 10.011759 -0.075692 -0.423734 0.113809 3.334800
1 inf -9.088445 -0.275463 -0.891058 -2.416185 -1.464779 2.856347 -0.312682 1.778828 0.607616 0.000836 2.660500 0.280456 10.055163 -0.091132 -0.438352 0.089538 3.354297
1 inf -9.093120 -0.250250 -0.871804 -2.399007 -1.452179 2.858706 -0.249713 1.770853 0.582107 -0.025918 2.671283 0.306189 10.072428 -0.135801 -0.476684 0.093087 3.331151
1 inf -9.074927 -0.275959 -0.878781 -2.444360 -1.439165 2.867433 -0.254095 1.781526 0.598439 -0.025793 2.654377 0.354360 10.133689 -0.133716 -0.485921 0.071779 3.370430
1 inf -9.046418 -0.240167 -0.887813 -2.451827 -1.428593 2.880000 -0.243755 1.781584 0.575185 -0.024648 2.718632 0.401285 10.142041 -0.163190 -0.485775 0.092268 3.385551
1 inf -9.073829 -0.260959 -0.878458 -2.489231 -1.393207 2.898294 -0.235801 1.787326 0.567458 0.005170 2.700105 0.400617 10.150458 -0.155516 -0.476071 0.126972 3.370397
1 inf -9.076414 -0.303828 -0.887281 -2.503632 -1.394949 2.906530 -0.217872 1.789859 0.554696 -0.019085 2.665032 0.378710 10.131035 -0.149657 -0.478664 0.143211 3.380825
1 inf -9.100958 -0.260658 -0.953660 -2.511334 -1.431115 2.898384 -0.212871 1.800724 0.548501 -0.008589 2.635558 0.389548 10.125125 -0.109464 -0.468226 0.151714 3.394613
1 inf -9.099758 -0.241450 -0.971029 -2.517462 -1.448707 2.902283 -0.253198 1.797256 0.530116 -0.027066 2.640292 0.373881 10.102919 -0.089237 -0.478423 0.141215 3.377830
1 inf -9.087856 -0.234646 -0.951313 -2.467367 -1.413533 2.908968 -0.243901 1.795715 0.522624 -0.039140 2.668567 0.323743 10.150478 -0.068595 -0.476856 0.172031 3.362490
1 inf -9.107041 -0.230775 -0.929353 -2.452078 -1.434537 2.928251 -0.235999 1.765073 0.504190 -0.058144 2.663375 0.321087 10.139253 -0.037338 -0.482264 0.196518 3.382881
1 inf -9.073155 -0.214707 -0.922945 -2.436802 -1.432005 2.976089 -0.253812 1.696878 0.525825 -0.073126 2.675040 0.308643 10.130779 -0.027867 -0.501420 0.191635 3.413945
1 inf -9.092029 -0.223211 -0.918554 -2.409849 -1.436220 2.994961 -0.231496 1.686846 0.519224 -0.092654 2.660463 0.303362 10.121317 -0.023887 -0.472741 0.166940 3.377739
1 inf -9.120711 -0.210087 -0.949550 -2.429633 -1.414000 3.000758 -0.239678 1.660819 0.499092 -0.109591 2.687619 0.297872 10.104061 -0.020206 -0.453221 0.171042 3.382978
1 inf -9.075544 -0.272129 -0.973366 -2.431668 -1.397536 3.028255 -0.267850 1.655519 0.475204 -0.123468 2.696331 0.269623 10.079595 -0.038427 -0.467120 0.137574 3.435243
1 inf -9.086551 -0.292226 -0.988878 -2.418371 -1.437531 3.019968 -0.276893 1.699636 0.516766 -0.119445 2.710942 0.249016 10.090540 -0.021614 -0.432606 0.194142 3.459371
1 inf -9.072275 -0.294761 -0.962171 -2.408287 -1.443851 3.016962 -0.283608 1.708554 0.476680 -0.129443 2.700557 0.268421 10.111249 -0.037128 -0.430286 0.139578 3.474262
1 inf -9.070287 -0.338025 -0.987182 -2.419368 -1.419845 3.020778 -0.270243 1.653885 0.491821 -0.134207 2.729367 0.259199 10.140851 -0.058330 -0.477854 0.113367 3.480450
1 inf -9.078489 -0.344983 -0.980157 -2.410430 -1.396024 3.014528 -0.240057 1.689538 0.504437 -0.118699 2.697436 0.255756 10.168655 -0.071710 -0.498907 0.133584 3.492713
1 inf -9.102473 -0.312196 -0.965326 -2.378999 -1.405017 3.011131 -0.258642 1.660747 0.451559 -0.128019 2.710288 0.257675 10.171188 -0.098989 -0.534095 0.124402 3.498420
1 inf -9.105763 -0.296989 -0.967922 -2.377876 -1.395921 3.036569 -0.257132 1.649141 0.475342 -0.131928 2.669751 0.265908 10.176912 -0.128750 -0.548784 0.133738 3.491553
1 inf -9.120126 -0.297263 -0.922607 -2.401064 -1.405560 3.012071 -0.235740 1.685082 0.442746 -0.119813 2.660383 0.296793 10.179075 -0.142194 -0.555980 0.137428 3.502792
1 inf -9.147876 -0.287624 -0.902159 -2.353873 -1.394279 3.046348 -0.230421 1.701783 0.410971 -0.095669 2.694612 0.310453 10.172685 -0.137076 -0.508620 0.123953 3.482401
1 inf -9.148172 -0.296288 -0.890184 -2.359653 -1.361364 3.032164 -0.230254 1.673741 0.376680 -0.046791 2.720390 0.274686 10.188317 -0.139063 -0.502245 0.145247 3.457215
1 inf -9.174699 -0.304705 -0.891030 -2.349564 -1.345646 3.028642 -0.190926 1.664932 0.384498 -0.051739 2.737528 0.262034 10.228824 -0.147418 -0.514918 0.146384 3.467407
1 inf -9.144628 -0.324606 -0.872278 -2.351639 -1.331424 3.002736 -0.160035 1.651790 0.413433 -0.041381 2.694017 0.267183 10.193498 -0.171115 -0.523994 0.151017 3.455951
1 inf -9.156845 -0.296439 -0.855715 -2.383821 -1.327588 2.972319 -0.142010 1.670037 0.416140 -0.018479 2.661555 0.260828 10.164248 -0.183627 -0.550229 0.170875 3.444868
1 inf -9.166789 -0.300847 -0.882996 -2.397713 -1.326261 2.935426 -0.128354 1.672265 0.395606 -0.017947 2.669104 0.267117 10.158923 -0.178236 -0.530865 0.186471 3.440644
1 inf -9.164775 -0.303019 -0.854471 -2.390474 -1.303014 2.954960 -0.142401 1.665787 0.394110 -0.024723 2.651384 0.255261 10.164144 -0.195100 -0.563519 0.162019 3.437076
1 inf -9.184114 -0.270155 -0.883004 -2.408044 -1.304573 2.962698 -0.177798 1.673972 0.427184 -0.005305 2.684373 0.229823 10.130131 -0.175721 -0.542165 0.162011 3.405923
1 inf -9.185582 -0.245955 -0.893889 -2.432011 -1.328843 2.938854 -0.225998 1.697054 0.435770 0.003918 2.712039 0.221208 10.114097 -0.176407 -0.552982 0.148868 3.424487
1 inf -9.176490 -0.264983 -0.890873 -2.429713 -1.346868 2.939419 -0.210987 1.718208 0.466304 0.024314 2.678132 0.194901 10.157042 -0.168021 -0.559489 0.120843 3.461722
1 inf -9.167455 -0.254747 -0.888654 -2.436237 -1.344692 2.947386 -0.219062 1.719949 0.480476 -0.016034 2.687375 0.229481 10.146118 -0.155617 -0.569364 0.122980 3.468392
1 inf -9.176275 -0.220006 -0.885591 -2.446150 -1.341221 2.950242 -0.256384 1.705055 0.508557 -0.036315 2.703769 0.214996 10.131874 -0.157543 -0.592606 0.156142 3.466739
1 inf -9.162324 -0.212669 -0.883065 -2.413030 -1.319429 2.972067 -0.234290 1.688903 0.531920 -0.044460 2.702321 0.209552 10.133114 -0.153419 -0.589388 0.110694 3.447280
1 inf -9.144667 -0.200356 -0.860224 -2.419482 -1.337461 2.974283 -0.230142 1.698856 0.563424 -0.050327 2.709840 0.210321 10.166165 -0.165054 -0.599119 0.115762 3.410715
1 inf -9.127625 -0.200020 -0.841129 -2.423438 -1.342374 3.010963 -0.216212 1.673688 0.566909 -0.050482 2.693746 0.229258 10.140938 -0.150009 -0.604173 0.163334 3.415272
1 inf -9.121320 -0.203566 -0.802168 -2.420621 -1.335860 3.006790 -0.187077 1.684212 0.556404 -0.040695 2.669871 0.195200 10.151484 -0.125702 -0.627669 0.178945 3.387938
1 inf -9.082999 -0.213780 -0.823914 -2.431646 -1.340536 3.013657 -0.191786 1.721642 0.580523 -0.038980 2.659930 0.212421 10.149783 -0.111458 -0.630367 0.175863 3.382951
1 inf -9.113097 -0.248723 -0.834489 -2.454218 -1.320358 3.014214 -0.200940 1.725836 0.626503 -0.033530 2.641807 0.218659 10.169776 -0.098786 -0.612664 0.167507 3.380765
1 inf -9.137081 -0.215936 -0.819658 -2.422787 -1.329351 3.010817 -0.219525 1.697045 0.573625 -0.042850 2.654659 0.220578 10.172309 -0.126065 -0.647852 0.158325 3.386472
1 inf -9.125798 -0.187541 -0.821486 -2.406697 -1.312776 3.030952 -0.243199 1.692958 0.604144 -0.037502 2.683376 0.248271 10.182687 -0.118032 -0.630602 0.160207 3.428658
1 inf -9.174931 -0.167443 -0.811819 -2.417032 -1.324906 3.056474 -0.249253 1.689806 0.632751 -0.006257 2.674043 0.231747 10.177741 -0.109773 -0.659280 0.143267 3.409873
1 inf -9.161409 -0.144849 -0.866356 -2.428073 -1.351001 3.065521 -0.245162 1.714210 0.630062 0.000575 2.672105 0.240531 10.184707 -0.124443 -0.626459 0.131633 3.439795
1 inf -9.136032 -0.150224 -0.852290 -2.421793 -1.362119 3.083502 -0.281775 1.708664 0.623528 -0.040698 2.688711 0.260008 10.201411 -0.128343 -0.604759 0.141549 3.429846
1 inf -9.121448 -0.166600 -0.850841 -2.407942 -1.300609 3.103645 -0.293019 1.688261 0.630716 -0.021407 2.688459 0.280881 10.186147 -0.131133 -0.621151 0.142540 3.444539
1 inf -9.144785 -0.200275 -0.855103 -2.436694 -1.277722 3.110594 -0.298864 1.669967 0.638777 0.010322 2.726194 0.272804 10.214082 -0.148624 -0.608607 0.133491 3.420395
1 inf -9.133351 -0.229942 -0.870430 -2.465751 -1.282280 3.148020 -0.308559 1.733162 0.645887 0.033710 2.731482 0.270753 10.203925 -0.152720 -0.593290 0.160417 3.402177
1 inf -9.120806 -0.261771 -0.893539 -2.486350 -1.282827 3.160156 -0.297910 1.758552 0.638624 0.036049 2.722800 0.285599 10.249329 -0.152341 -0.569687 0.154024 3.373435
1 inf -9.123491 -0.278599 -0.870734 -2.510625 -1.265121 3.167610 -0.315578 1.765976 0.695190 0.009102 2.725839 0.297067 10.247119 -0.153169 -0.554438 0.158629 3.394952
1 inf -9.148608 -0.295353 -0.879313 -2.489222 -1.288482 3.135951 -0.346105 1.699872 0.686133 0.044928 2.713694 0.303486 10.248305 -0.182427 -0.540809 0.186533 3.382472
1 inf -9.150606 -0.262503 -0.905517 -2.508375 -1.272785 3.119233 -0.350408 1.676179 0.691268 0.059199 2.731423 0.300582 10.263081 -0.193364 -0.488413 0.174318 3.366887
1 inf -9.155336 -0.247785 -0.916628 -2.513062 -1.281751 3.096051 -0.349744 1.702890 0.675997 0.060547 2.734763 0.308337 10.226619 -0.214729 -0.524372 0.165685 3.373672
1 inf -9.146055 -0.265439 -0.934083 -2.527126 -1.288898 3.108675 -0.343638 1.708046 0.655958 0.080757 2.729415 0.318146 10.289166 -0.215656 -0.532530 0.192066 3.389864
1 inf -9.142050 -0.225107 -0.934202 -2.526814 -1.310450 3.150353 -0.297894 1.678467 0.626669 0.087948 2.698315 0.318749 10.287241 -0.202337 -0.502623 0.188475 3.418931
1 inf -9.127238 -0.262835 -0.953726 -2.544808 -1.290462 3.107238 -0.291268 1.671037 0.613250 0.097015 2.701942 0.326281 10.294491 -0.189014 -0.540786 0.178680 3.431237
1 inf -9.135529 -0.286325 -0.952063 -2.581412 -1.300295 3.108216 -0.266432 1.671212 0.626187 0.094241 2.690910 0.272674 10.274070 -0.176203 -0.529786 0.211272 3.399180
1 inf -9.148659 -0.316032 -0.975278 -2.593382 -1.296680 3.144663 -0.274536 1.682097 0.591864 0.088930 2.699512 0.224968 10.282347 -0.219428 -0.539294 0.250705 3.386723
1 inf -9.145121 -0.306463 -0.973330 -2.620690 -1.312753 3.133678 -0.284657 1.690081 0.588973 0.080898 2.721294 0.203686 10.312552 -0.215512 -0.553293 0.277329 3.369147
1 inf -9.116496 -0.294875 -0.948196 -2.617838 -1.297113 3.132258 -0.312380 1.663467 0.593188 0.056756 2.689521 0.218692 10.326440 -0.213076 -0.559145 0.294289 3.386219
1 inf -9.100979 -0.314825 -0.956104 -2.639343 -1.314265 3.136649 -0.326186 1.655799 0.620803 0.041866 2.721220 0.222368 10.351445 -0.221151 -0.578249 0.288879 3.396893
1 inf -9.124963 -0.282038 -0.941273 -2.607912 -1.323258 3.133252 -0.344771 1.627008 0.567925 0.032546 2.734072 0.224287 10.353978 -0.248430 -0.613437 0.279697 3.402600
1 inf -9.115698 -0.267509 -0.918223 -2.610018 -1.334460 3.130948 -0.321498 1.619569 0.603167 0.052235 2.714714 0.208162 10.339510 -0.299793 -0.605899 0.286147 3.405236
1 inf -9.106365 -0.242390 -0.918144 -2.599140 -1.330729 3.130327 -0.295579 1.614002 0.595275 0.039869 2.727007 0.250197 10.387994 -0.307698 -0.557853 0.298388 3.386530
1 inf -9.093346 -0.264334 -0.916486 -2.586777 -1.276231 3.087324 -0.297903 1.620482 0.624536 0.089316 2.735928 0.253608 10.402750 -0.287700 -0.535150 0.272221 3.358961
1 inf -9.094912 -0.279820 -0.915807 -2.588257 -1.283870 3.112511 -0.276668 1.591422 0.611085 0.096129 2.700827 0.252968 10.428095 -0.257785 -0.573806 0.260034 3.371119
1 inf -9.074422 -0.241820 -0.885737 -2.591889 -1.260267 3.103783 -0.248449 1.583487 0.645520 0.131761 2.668934 0.234645 10.422643 -0.270422 -0.564587 0.290006 3.376611
1 inf -9.084327 -0.242279 -0.858648 -2.546627 -1.244358 3.157436 -0.243770 1.565001 0.639488 0.145602 2.675554 0.204303 10.392988 -0.285642 -0.558082 0.258850 3.343584
1 inf -9.068390 -0.242975 -0.841683 -2.558307 -1.282390 3.171631 -0.227122 1.561802 0.658915 0.146740 2.645580 0.204979 10.372380 -0.275484 -0.582700 0.249432 3.297960
1 inf -9.036777 -0.243196 -0.852827 -2.562375 -1.292550 3.189299 -0.228447 1.563864 0.677772 0.129992 2.627712 0.235926 10.353184 -0.275173 -0.553279 0.269474 3.273946
1 inf -9.031343 -0.225670 -0.862597 -2.551282 -1.279526 3.240014 -0.234507 1.570762 0.663983 0.137227 2.594294 0.223344 10.392716 -0.303029 -0.536953 0.244983 3.231572
1 inf -9.017042 -0.203888 -0.849993 -2.539703 -1.252077 3.233818 -0.248392 1.562234 0.636104 0.128723 2.546951 0.221177 10.373525 -0.293209 -0.524605 0.238977 3.227179
1 inf -9.014291 -0.206035 -0.837474 -2.560510 -1.300640 3.248968 -0.255825 1.572361 0.625519 0.116926 2.527151 0.224628 10.412502 -0.300852 -0.533522 0.252027 3.219501
1 inf -9.017409 -0.198648 -0.859116 -2.601535 -1.300145 3.264831 -0.237181 1.569307 0.603836 0.109311 2.558193 0.229424 10.376192 -0.258920 -0.559716 0.215320 3.206477
1 inf -9.012095 -0.199756 -0.861831 -2.575814 -1.261990 3.228674 -0.251221 1.582654 0.596415 0.138973 2.554282 0.225651 10.378457 -0.250383 -0.547391 0.225114 3.203182
1 inf -9.017218 -0.214364 -0.838684 -2.556443 -1.254698 3.214959 -0.251351 1.568185 0.579752 0.124792 2.556483 0.210241 10.423908 -0.264840 -0.568906 0.213665 3.208360
1 inf -9.039458 -0.250389 -0.835344 -2.560366 -1.261664 3.214387 -0.244069 1.571610 0.566421 0.141875 2.599976 0.185980 10.411252 -0.240335 -0.562355 0.197466 3.181775
1 inf -9.054762 -0.286587 -0.810175 -2.589004 -1.238016 3.229957 -0.255216 1.575395 0.552247 0.134417 2.606600 0.184122 10.397880 -0.230868 -0.596765 0.179602 3.130235
1 inf -9.017821 -0.302949 -0.803072 -2.577959 -1.252029 3.221520 -0.275198 1.553657 0.541040 0.146161 2.622149 0.169717 10.392160 -0.212132 -0.627109 0.198573 3.138522
1 inf -8.994723 -0.309808 -0.792321 -2.579589 -1.250705 3.213272 -0.264177 1.544372 0.549037 0.141511 2.631550 0.168192 10.364074 -0.208400 -0.607222 0.201344 3.141516
1 inf -8.995594 -0.304020 -0.829518 -2.583876 -1.226753 3.233632 -0.248161 1.557375 0.539491 0.142701 2.657263 0.184892 10.371640 -0.225575 -0.608988 0.158807 3.164334
1 inf -9.019578 -0.271233 -0.814687 -2.552445 -1.235746 3.230235 -0.266746 1.528584 0.486613 0.133381 2.670115 0.186811 10.374173 -0.252854 -0.644176 0.149625 3.170041
1 inf -9.039784 -0.277853 -0.813051 -2.584461 -1.205946 3.194018 -0.230637 1.539104 0.464093 0.142068 2.669547 0.231558 10.367242 -0.222231 -0.676018 0.111673 3.176606
1 inf -9.052476 -0.248298 -0.845907 -2.585647 -1.215708 3.188307 -0.227236 1.517696 0.435889 0.137898 2.657892 0.199499 10.392066 -0.228157 -0.655290 0.124054 3.182674
1 inf -9.060061 -0.256679 -0.835433 -2.593501 -1.187880 3.189100 -0.248362 1.530987 0.463336 0.164095 2.625041 0.204678 10.399121 -0.234218 -0.683553 0.120535 3.171635
1 inf -9.033870 -0.255208 -0.815777 -2.580791 -1.162645 3.178648 -0.255186 1.533026 0.450493 0.152956 2.666593 0.243227 10.385076 -0.239142 -0.672339 0.130295 3.168091
1 inf -9.028439 -0.201919 -0.798719 -2.598090 -1.150076 3.166800 -0.281494 1.520298 0.471600 0.138180 2.685454 0.225874 10.412432 -0.192844 -0.652843 0.112730 3.168059
1 inf -9.039347 -0.218740 -0.792336 -2.608879 -1.143150 3.163300 -0.280431 1.502818 0.459752 0.156752 2.703087 0.241558 10.408683 -0.166265 -0.644639 0.089541 3.173077
1 inf -9.089997 -0.253198 -0.782989 -2.620240 -1.150359 3.190461 -0.257886 1.524139 0.464189 0.143182 2.664419 0.253034 10.382052 -0.157183 -0.614961 0.075301 3.181893
1 inf -9.088556 -0.281619 -0.791205 -2.622366 -1.142785 3.172225 -0.225396 1.528433 0.489947 0.171757 2.652179 0.244915 10.390697 -0.182165 -0.595556 0.058029 3.147888
1 inf -9.114823 -0.283022 -0.790838 -2.629020 -1.132920 3.165161 -0.233841 1.494735 0.516049 0.166981 2.643974 0.258830 10.392586 -0.167108 -0.593395 0.056207 3.139689
1 inf -9.102906 -0.256523 -0.807111 -2.605902 -1.141471 3.119055 -0.228818 1.522365 0.511649 0.170062 2.659548 0.258492 10.424219 -0.199636 -0.630552 0.017036 3.148988
1 inf -9.128429 -0.256668 -0.797096 -2.575224 -1.136558 3.127871 -0.211579 1.506030 0.518226 0.166234 2.660552 0.268390 10.407959 -0.200058 -0.657449 0.028675 3.155494
1 inf -9.129642 -0.255762 -0.808382 -2.547540 -1.119302 3.086971 -0.221297 1.483061 0.542723 0.178286 2.640400 0.255129 10.365748 -0.202794 -0.658113 0.057073 3.150018
1 inf -9.124531 -0.265569 -0.798451 -2.589830 -1.140235 3.075857 -0.217047 1.457316 0.556845 0.191252 2.671336 0.266992 10.362607 -0.256142 -0.661139 0.072017 3.176223
1 inf -9.112095 -0.228101 -0.763712 -2.574145 -1.140208 3.086458 -0.194250 1.437437 0.546852 0.210800 2.631366 0.276935 10.395599 -0.263300 -0.628285 0.017195 3.208707
1 inf -9.089199 -0.221885 -0.812267 -2.552458 -1.141097 3.113566 -0.207365 1.452365 0.567055 0.213092 2.615116 0.293638 10.390617 -0.275982 -0.636189 0.008587 3.232593
1 inf -9.074448 -0.240173 -0.820750 -2.562073 -1.120214 3.104223 -0.211547 1.446662 0.617973 0.221687 2.621072 0.273372 10.374025 -0.280698 -0.652121 0.002831 3.260201
1 inf -9.094483 -0.200256 -0.830795 -2.588234 -1.117772 3.097184 -0.202799 1.428699 0.601197 0.248164 2.656504 0.279957 10.334377 -0.292094 -0.633548 -0.015972 3.229129
1 inf -9.080967 -0.216655 -0.853218 -2.554022 -1.095796 3.113036 -0.217954 1.430392 0.602812 0.285186 2.618197 0.299121 10.316449 -0.358057 -0.624402 -0.029934 3.239736
1 inf -9.093933 -0.240438 -0.822366 -2.589006 -1.114940 3.172767 -0.209733 1.429448 0.573661 0.274097 2.616578 0.336015 10.303604 -0.385893 -0.655164 -0.044048 3.298060
1 inf -9.117917 -0.207651 -0.807535 -2.557575 -1.123933 3.169370 -0.228318 1.400657 0.520783 0.264777 2.629430 0.337934 10.306137 -0.413172 -0.690352 -0.053230 3.303767
1 inf -9.144063 -0.167159 -0.780949 -2.567428 -1.130893 3.157666 -0.234004 1.393000 0.529177 0.222969 2.626074 0.293741 10.297032 -0.415104 -0.701385 -0.062753 3.314793
1 inf -9.145715 -0.192940 -0.809149 -2.525925 -1.122820 3.174919 -0.218216 1.362168 0.533749 0.239540 2.620155 0.290548 10.323798 -0.419737 -0.698335 -0.102749 3.290689
1 inf -9.155017 -0.230245 -0.801161 -2.546372 -1.109899 3.154835 -0.218920 1.364997 0.516753 0.259180 2.637535 0.284863 10.348836 -0.427013 -0.702128 -0.085261 3.279466
1 inf -9.152662 -0.213829 -0.806935 -2.560942 -1.116192 3.189473 -0.223311 1.370016 0.524637 0.290017 2.620879 0.271725 10.370954 -0.427539 -0.739414 -0.097094 3.294161
1 inf -9.149647 -0.239806 -0.784242 -2.564145 -1.138625 3.196239 -0.188277 1.390761 0.518360 0.293286 2.623395 0.262541 10.378997 -0.454078 -0.789822 -0.056034 3.260342
1 inf -9.142063 -0.272438 -0.809118 -2.557772 -1.182415 3.174504 -0.192485 1.388993 0.492111 0.307735 2.597525 0.296109 10.368120 -0.433618 -0.772312 -0.035400 3.311776
1 inf -9.141261 -0.275105 -0.783750 -2.585585 -1.139665 3.187069 -0.196509 1.407018 0.486548 0.331797 2.609456 0.282909 10.349513 -0.439763 -0.750732 -0.013259 3.299828
1 inf -9.106784 -0.254865 -0.782227 -2.552040 -1.149409 3.233503 -0.185488 1.394579 0.489286 0.329562 2.589423 0.263857 10.359918 -0.414745 -0.752864 -0.051796 3.268180
1 inf -9.106689 -0.253822 -0.771996 -2.570303 -1.159164 3.241564 -0.182067 1.358571 0.483171 0.319049 2.594030 0.269546 10.333684 -0.390700 -0.769839 -0.045039 3.259893
1 inf -9.085816 -0.245998 -0.747661 -2.556048 -1.173116 3.263732 -0.171830 1.388328 0.490740 0.302583 2.586570 0.266324 10.323483 -0.401929 -0.722991 -0.053180 3.282751
1 inf -9.069296 -0.225346 -0.791821 -2.561053 -1.170751 3.265372 -0.182571 1.406450 0.459742 0.290732 2.584581 0.282807 10.318339 -0.416501 -0.706263 -0.036990 3.244043
1 inf -9.058966 -0.213107 -0.801799 -2.565085 -1.142948 3.239569 -0.181013 1.399524 0.483544 0.330185 2.594736 0.296740 10.339865 -0.421430 -0.660437 -0.058913 3.241167
1 inf -9.065567 -0.224885 -0.781433 -2.541321 -1.167100 3.239140 -0.175375 1.389844 0.482502 0.307496 2.600840 0.297480 10.343860 -0.453083 -0.622374 -0.077726 3.237519
1 inf -9.089551 -0.192098 -0.766602 -2.509890 -1.176093 3.235743 -0.193960 1.361053 0.429624 0.298176 2.613692 0.299399 10.346393 -0.480362 -0.657562 -0.086908 3.243226
1 inf -9.105478 -0.197880 -0.734342 -2.499050 -1.179638 3.215033 -0.195388 1.367411 0.434472 0.315777 2.607302 0.298307 10.327571 -0.470182 -0.655614 -0.103870 3.202754
1 inf -9.092918 -0.205306 -0.692762 -2.539941 -1.208468 3.198151 -0.171951 1.322398 0.420796 0.320862 2.608032 0.322986 10.345377 -0.444652 -0.663758 -0.107051 3.214691
1 inf -9.115726 -0.187315 -0.692379 -2.547897 -1.183780 3.230928 -0.177515 1.327820 0.454327 0.328328 2.604561 0.334769 10.334537 -0.477811 -0.683893 -0.088980 3.244619
1 inf -9.145118 -0.157524 -0.728061 -2.552072 -1.200329 3.220428 -0.190576 1.310548 0.431717 0.323323 2.605621 0.312554 10.310697 -0.473606 -0.708139 -0.107185 3.210398
1 inf -9.139976 -0.178073 -0.720835 -2.559982 -1.173769 3.185815 -0.194058 1.315463 0.401008 0.323829 2.626088 0.312524 10.290670 -0.489968 -0.672676 -0.131025 3.244448
1 inf -9.130204 -0.162159 -0.719262 -2.568415 -1.189888 3.208368 -0.190162 1.327848 0.403713 0.329403 2.639625 0.277684 10.296983 -0.487665 -0.659303 -0.144874 3.229726
1 inf -9.111994 -0.180985 -0.695979 -2.574649 -1.144550 3.218883 -0.190332 1.333101 0.427481 0.309147 2.639449 0.273587 10.310566 -0.452210 -0.644169 -0.130217 3.200462
1 inf -9.131134 -0.209160 -0.685754 -2.581508 -1.153351 3.255574 -0.195307 1.346697 0.428688 0.317530 2.620767 0.297016 10.311776 -0.414749 -0.651699 -0.151748 3.212801
1 inf -9.097408 -0.221641 -0.677533 -2.574608 -1.159386 3.221834 -0.203727 1.363233 0.404318 0.307129 2.643974 0.281010 10.313357 -0.424852 -0.663471 -0.165542 3.221602
1 inf -9.074103 -0.196366 -0.689576 -2.591377 -1.153968 3.210391 -0.231851 1.370172 0.450560 0.293491 2.635247 0.288033 10.299088 -0.386982 -0.650115 -0.164482 3.230722
1 inf -9.067655 -0.191915 -0.698239 -2.584247 -1.144976 3.227709 -0.217813 1.355448 0.458955 0.287015 2.638930 0.313642 10.294042 -0.353563 -0.622314 -0.145938 3.255485
1 inf -9.117095 -0.185503 -0.693828 -2.555428 -1.156317 3.218628 -0.214265 1.357780 0.441506 0.305660 2.633617 0.324930 10.259930 -0.370833 -0.680771 -0.144934 3.273889
1 inf -9.112290 -0.226837 -0.663656 -2.523752 -1.150398 3.200686 -0.191047 1.367533 0.438936 0.326199 2.640708 0.327316 10.259213 -0.370429 -0.668254 -0.164823 3.271957
1 inf -9.124218 -0.213627 -0.626040 -2.565643 -1.145048 3.231646 -0.180539 1.408876 0.464279 0.319037 2.635269 0.336592 10.270225 -0.395142 -0.670484 -0.160059 3.264811
1 inf -9.121791 -0.221152 -0.590441 -2.520111 -1.143280 3.249719 -0.195810 1.393317 0.467159 0.351652 2.658571 0.348003 10.276924 -0.404138 -0.715957 -0.134780 3.224804
1 inf -9.138116 -0.231317 -0.589626 -2.493897 -1.148598 3.251471 -0.194902 1.388551 0.491519 0.386266 2.670243 0.351525 10.262360 -0.405771 -0.718793 -0.139168 3.231772
1 inf -9.165593 -0.217850 -0.586026 -2.487761 -1.147580 3.237905 -0.181272 1.402348 0.498497 0.391354 2.663794 0.351024 10.244350 -0.396309 -0.705729 -0.100989 3.231865
1 inf -9.160281 -0.236261 -0.616629 -2.493512 -1.118035 3.214835 -0.220254 1.423334 0.482244 0.406272 2.670832 0.318782 10.210563 -0.403139 -0.663494 -0.046994 3.256022
1 inf -9.164716 -0.205524 -0.592076 -2.470751 -1.129303 3.209070 -0.226002 1.455543 0.525792 0.391076 2.650606 0.291679 10.204834 -0.435779 -0.647896 -0.010590 3.229257
1 inf -9.207262 -0.233955 -0.618415 -2.462824 -1.155283 3.223534 -0.239284 1.481549 0.572881 0.386685 2.676033 0.278844 10.205315 -0.434466 -0.656418 0.006021 3.233000
1 inf -9.231246 -0.201168 -0.603584 -2.431393 -1.164276 3.220137 -0.257869 1.452758 0.520003 0.377365 2.688885 0.280763 10.207848 -0.461745 -0.691606 -0.003161 3.238707
1 inf -9.222716 -0.212577 -0.606508 -2.450109 -1.192995 3.214466 -0.248722 1.464646 0.559990 0.378180 2.679432 0.261038 10.211228 -0.466931 -0.664333 -0.040357 3.246494
1 inf -9.233110 -0.220892 -0.592517 -2.406803 -1.177518 3.208852 -0.237488 1.508653 0.566473 0.409466 2.682911 0.245898 10.241988 -0.460133 -0.671015 0.001988 3.252757
1 inf -9.261768 -0.220900 -0.570704 -2.410464 -1.199122 3.167902 -0.236439 1.503987 0.541570 0.401670 2.662377 0.279149 10.216245 -0.474407 -0.670272 -0.031949 3.241513
1 inf -9.267429 -0.178986 -0.553795 -2.403481 -1.237563 3.163007 -0.233484 1.495654 0.557753 0.392605 2.642098 0.307526 10.230261 -0.503736 -0.657073 -0.004899 3.245067
1 inf -9.261456 -0.155692 -0.550496 -2.394104 -1.217265 3.165574 -0.227627 1.494229 0.605970 0.412293 2.645690 0.320381 10.198910 -0.503316 -0.644857 0.020628 3.258864
1 inf -9.226252 -0.157573 -0.561250 -2.402985 -1.273939 3.182034 -0.242659 1.468747 0.569470 0.388122 2.656228 0.341583 10.199799 -0.493330 -0.692790 -0.013992 3.241269
1 inf -9.259224 -0.158613 -0.550533 -2.363886 -1.297625 3.146212 -0.244433 1.502951 0.571894 0.395424 2.665711 0.352625 10.245760 -0.514071 -0.654212 0.022301 3.280579
1 inf -9.270139 -0.158536 -0.545775 -2.363894 -1.274136 3.168321 -0.228287 1.469298 0.601201 0.413158 2.684334 0.333982 10.254873 -0.498274 -0.654363 0.009331 3.280685
1 inf -9.282371 -0.166318 -0.543719 -2.345452 -1.288305 3.154021 -0.228772 1.461697 0.578276 0.434110 2.623766 0.333427 10.276140 -0.513777 -0.603553 -0.001475 3.278449
1 inf -9.297567 -0.199991 -0.507532 -2.400565 -1.268844 3.130546 -0.227197 1.448200 0.584336 0.450858 2.663117 0.356453 10.291413 -0.526976 -0.626021 0.016272 3.277140
1 inf -9.291975 -0.180223 -0.484733 -2.403889 -1.272370 3.141414 -0.239661 1.428987 0.554934 0.451063 2.653681 0.333836 10.285017 -0.544114 -0.624857 -0.028680 3.292829
1 inf -9.285206 -0.154312 -0.486921 -2.366202 -1.259867 3.132920 -0.221607 1.406290 0.534872 0.424801 2.656123 0.308111 10.301680 -0.553051 -0.612657 -0.020636 3.281141
1 inf -9.288824 -0.108739 -0.460445 -2.336129 -1.281210 3.127086 -0.212617 1.383307 0.582368 0.432612 2.656004 0.285198 10.316030 -0.571192 -0.582682 -0.033847 3.241482
1 inf -9.291789 -0.094337 -0.439792 -2.326042 -1.302718 3.129627 -0.209918 1.370167 0.553824 0.427253 2.647071 0.287352 10.291136 -0.543519 -0.597278 -0.027295 3.213535
1 inf -9.287807 -0.103651 -0.438515 -2.348033 -1.330814 3.123402 -0.185575 1.396945 0.561186 0.434054 2.629190 0.292193 10.319271 -0.576210 -0.600303 -0.000667 3.207944
1 inf -9.276577 -0.114268 -0.449168 -2.364870 -1.314066 3.129928 -0.176542 1.380864 0.525786 0.454540 2.653199 0.279819 10.304868 -0.579762 -0.575124 -0.006586 3.177523
1 inf -9.275009 -0.108123 -0.450465 -2.399531 -1.332728 3.124112 -0.140413 1.388657 0.503904 0.470012 2.618608 0.256500 10.289902 -0.587310 -0.576136 -0.012844 3.223377
1 inf -9.276435 -0.126179 -0.442489 -2.383677 -1.326021 3.112978 -0.127569 1.378349 0.480367 0.481474 2.616227 0.304300 10.343379 -0.610832 -0.576215 -0.002869 3.250422
1 inf -9.264360 -0.167301 -0.439491 -2.356324 -1.340780 3.086575 -0.111308 1.397242 0.489107 0.485237 2.637279 0.311953 10.337025 -0.572042 -0.558820 -0.038543 3.255008
1 inf -9.271226 -0.202897 -0.451307 -2.327947 -1.332000 3.067001 -0.111507 1.385164 0.501719 0.490845 2.667557 0.306611 10.345394 -0.640331 -0.533622 -0.016478 3.242109
1 inf -9.295210 -0.170110 -0.436476 -2.296516 -1.340993 3.063604 -0.130092 1.356373 0.448841 0.481525 2.680409 0.308530 10.347927 -0.667610 -0.568810 -0.025660 3.247816
1 inf -9.266839 -0.172905 -0.438619 -2.262024 -1.349719 3.054493 -0.176914 1.380351 0.482325 0.486772 2.698763 0.303765 10.368520 -0.634593 -0.551915 -0.005491 3.258320
1 inf -9.240632 -0.179396 -0.430095 -2.267828 -1.326467 3.024726 -0.167470 1.407576 0.493817 0.466040 2.703152 0.322633 10.344444 -0.586343 -0.546608 -0.037265 3.219237
1 inf -9.218748 -0.141746 -0.398343 -2.304808 -1.296446 2.992679 -0.152026 1.391085 0.491268 0.447180 2.728612 0.281496 10.347645 -0.611202 -0.562037 -0.015085 3.208517
1 inf -9.207764 -0.144895 -0.427261 -2.282437 -1.307007 2.961047 -0.143287 1.420247 0.484864 0.438291 2.743052 0.255371 10.352375 -0.581318 -0.596565 -0.010928 3.200133
