1 inf -8.694361 -0.934221 -0.271287 -2.268400 -1.416498 3.405083 0.190628 2.556703 0.202223 0.584890 2.337179 0.179669 10.416195 -0.224798 0.185348 3.657679
1 inf -8.739789 -0.935259 -0.252577 -2.264012 -1.424755 3.386589 0.152195 2.559976 0.175268 0.542286 2.307530 0.168299 10.437681 -0.187170 0.182589 3.689166
1 inf -8.744128 -0.970980 -0.243612 -2.221869 -1.424562 3.374583 0.147647 2.580198 0.134612 0.554233 2.321616 0.165111 10.367048 -0.206131 0.196148 3.702026
1 inf -8.795642 -0.993459 -0.246627 -2.226682 -1.421667 3.368536 0.151485 2.615133 0.169408 0.534833 2.309206 0.162977 10.362738 -0.222681 0.196634 3.671602
1 inf -8.764992 -0.992600 -0.221591 -2.267894 -1.425116 3.394923 0.169240 2.598832 0.181990 0.583267 2.289189 0.155714 10.404281 -0.217049 0.198249 3.639327
1 inf -8.775555 -0.968920 -0.216747 -2.258922 -1.438212 3.435566 0.197382 2.570783 0.199593 0.564256 2.288110 0.125262 10.465808 -0.187231 0.197508 3.601691
1 inf -8.760114 -0.949247 -0.202003 -2.248643 -1.462934 3.426294 0.212484 2.570066 0.225853 0.575862 2.290333 0.128925 10.489324 -0.205171 0.225305 3.633039
1 inf -8.765108 -0.937165 -0.199322 -2.245239 -1.441848 3.415143 0.188032 2.567712 0.218412 0.576651 2.252693 0.136241 10.473119 -0.173644 0.231163 3.670122
1 inf -8.748035 -0.930457 -0.200563 -2.202829 -1.428885 3.434089 0.178432 2.534919 0.204884 0.577704 2.244084 0.171655 10.467852 -0.194905 0.203764 3.684713
1 inf -8.692760 -0.918198 -0.163383 -2.202141 -1.452651 3.395071 0.191761 2.539027 0.190522 0.596438 2.243336 0.181439 10.457886 -0.212781 0.217014 3.680685
1 inf -8.696595 -0.941031 -0.156322 -2.189432 -1.463771 3.383899 0.209732 2.555892 0.201563 0.631345 2.229128 0.175340 10.479318 -0.228095 0.245853 3.686900
1 inf -8.714299 -0.966070 -0.157973 -2.192421 -1.460424 3.392918 0.238243 2.567030 0.166442 0.614653 2.218316 0.185503 10.496024 -0.232468 0.215997 3.701392
1 inf -8.710210 -0.953987 -0.186804 -2.217447 -1.451145 3.396754 0.240704 2.545578 0.151872 0.598701 2.231155 0.185833 10.517865 -0.258112 0.238174 3.701653
1 inf -8.707839 -0.964433 -0.180477 -2.205085 -1.467804 3.382873 0.255842 2.541651 0.162013 0.616139 2.218709 0.151913 10.492299 -0.250791 0.229995 3.710681
1 inf -8.707163 -0.964265 -0.177824 -2.193152 -1.451000 3.396665 0.251406 2.540479 0.164152 0.591610 2.216243 0.165512 10.447752 -0.185080 0.269134 3.723509
1 inf -8.704095 -0.978199 -0.188581 -2.201743 -1.450526 3.369697 0.262707 2.557514 0.130729 0.583433 2.205621 0.145405 10.461653 -0.191999 0.294226 3.711194
1 inf -8.687349 -0.951494 -0.151920 -2.210608 -1.464816 3.410669 0.303098 2.565662 0.103666 0.623036 2.189280 0.131348 10.466038 -0.187828 0.295917 3.703430
1 inf -8.703320 -0.955182 -0.141968 -2.241188 -1.450825 3.428385 0.300447 2.574261 0.103380 0.640232 2.185932 0.144067 10.427712 -0.151171 0.297691 3.707153
1 inf -8.677288 -0.918208 -0.125888 -2.231857 -1.449521 3.444015 0.281943 2.560333 0.084246 0.641816 2.184445 0.136866 10.431952 -0.187436 0.275679 3.705540
1 inf -8.668669 -0.907859 -0.117954 -2.255207 -1.439888 3.448235 0.260478 2.562772 0.100065 0.641376 2.198467 0.102850 10.424180 -0.200545 0.251646 3.694077
1 inf -8.653854 -0.930438 -0.098286 -2.243181 -1.456387 3.415978 0.283832 2.546041 0.109134 0.636461 2.183010 0.145705 10.408470 -0.207242 0.236231 3.684300
1 inf -8.629027 -0.910302 -0.107623 -2.246749 -1.512845 3.438668 0.275304 2.531526 0.130711 0.653934 2.157347 0.174191 10.394448 -0.218020 0.244059 3.710119
1 inf -8.669328 -0.921193 -0.115918 -2.218689 -1.527423 3.442664 0.258470 2.532170 0.156354 0.644801 2.163141 0.182003 10.398633 -0.225197 0.234246 3.693336
1 inf -8.702014 -0.926701 -0.081941 -2.257812 -1.541411 3.468679 0.226034 2.517706 0.119440 0.663131 2.160940 0.180159 10.375775 -0.239865 0.227757 3.696120
1 inf -8.706375 -0.925919 -0.094334 -2.269613 -1.539379 3.461562 0.201819 2.505796 0.130083 0.652434 2.128847 0.156823 10.355599 -0.246438 0.215904 3.714170
1 136.09209 -8.701930 -0.895021 -0.084802 -2.289492 -1.547505 3.472186 0.184654 2.516543 0.154959 0.645689 2.150759 0.172486 10.306250 -0.195922 0.211789 3.710713
1 136.09209 -8.701930 -0.895021 -0.084802 -2.289492 -1.547505 3.472186 0.184654 2.516543 0.154959 0.645689 2.150759 0.172486 10.306250 -0.195922 0.211789 3.710713
1 120.9166 -8.706218 -0.879479 -0.052845 -2.301835 -1.575971 3.470399 0.157587 2.543750 0.195385 0.671162 2.123125 0.160184 10.304093 -0.189277 0.209720 3.702170
1 110.2019 -8.689678 -0.857418 -0.032399 -2.336626 -1.582155 3.461882 0.166870 2.570824 0.214559 0.685204 2.109866 0.142386 10.330854 -0.219097 0.203369 3.686643
1 109.30095 -8.693623 -0.858604 -0.043560 -2.339382 -1.560332 3.454645 0.173320 2.550929 0.242871 0.683398 2.115781 0.122109 10.362067 -0.205298 0.216900 3.656745
1 109.30095 -8.693623 -0.858604 -0.043560 -2.339382 -1.560332 3.454645 0.173320 2.550929 0.242871 0.683398 2.115781 0.122109 10.362067 -0.205298 0.216900 3.656745
1 109.30095 -8.693623 -0.858604 -0.043560 -2.339382 -1.560332 3.454645 0.173320 2.550929 0.242871 0.683398 2.115781 0.122109 10.362067 -0.205298 0.216900 3.656745
1 109.30095 -8.693623 -0.858604 -0.043560 -2.339382 -1.560332 3.454645 0.173320 2.550929 0.242871 0.683398 2.115781 0.122109 10.362067 -0.205298 0.216900 3.656745
1 106.44367 -8.664208 -0.859713 -0.048117 -2.316869 -1.537104 3.463376 0.201793 2.582693 0.250595 0.694931 2.098302 0.149634 10.379077 -0.220191 0.220949 3.642593
1 106.44078 -8.653374 -0.871081 -0.057661 -2.347873 -1.571607 3.460205 0.164402 2.556820 0.255569 0.710281 2.093236 0.147827 10.331455 -0.190190 0.195321 3.678131
1 104.06317 -8.649753 -0.827336 -0.034282 -2.317102 -1.554974 3.459951 0.176214 2.565217 0.288814 0.706186 2.114501 0.185683 10.307116 -0.187124 0.231532 3.690218
1 101.2764 -8.651471 -0.838289 -0.013767 -2.312989 -1.569797 3.427516 0.211750 2.551986 0.293963 0.694436 2.093145 0.182443 10.315040 -0.183874 0.267417 3.716489
1 99.902173 -8.665383 -0.834614 -0.003952 -2.307004 -1.579104 3.429421 0.199930 2.577451 0.307636 0.689308 2.103322 0.197418 10.296673 -0.176021 0.287212 3.717283
1 95.780199 -8.606510 -0.814484 0.026299 -2.282421 -1.614969 3.427975 0.172636 2.607240 0.280307 0.674944 2.074116 0.194205 10.273546 -0.183026 0.298143 3.685042
1 95.780199 -8.606510 -0.814484 0.026299 -2.282421 -1.614969 3.427975 0.172636 2.607240 0.280307 0.674944 2.074116 0.194205 10.273546 -0.183026 0.298143 3.685042
1 95.780199 -8.606510 -0.814484 0.026299 -2.282421 -1.614969 3.427975 0.172636 2.607240 0.280307 0.674944 2.074116 0.194205 10.273546 -0.183026 0.298143 3.685042
1 95.780199 -8.606510 -0.814484 0.026299 -2.282421 -1.614969 3.427975 0.172636 2.607240 0.280307 0.674944 2.074116 0.194205 10.273546 -0.183026 0.298143 3.685042
1 95.780199 -8.606510 -0.814484 0.026299 -2.282421 -1.614969 3.427975 0.172636 2.607240 0.280307 0.674944 2.074116 0.194205 10.273546 -0.183026 0.298143 3.685042
1 95.780199 -8.606510 -0.814484 0.026299 -2.282421 -1.614969 3.427975 0.172636 2.607240 0.280307 0.674944 2.074116 0.194205 10.273546 -0.183026 0.298143 3.685042
1 94.906959 -8.598456 -0.811795 0.050645 -2.260528 -1.610806 3.439466 0.211706 2.596195 0.284943 0.691413 2.090401 0.185569 10.258852 -0.189142 0.297817 3.688421
1 94.906959 -8.598456 -0.811795 0.050645 -2.260528 -1.610806 3.439466 0.211706 2.596195 0.284943 0.691413 2.090401 0.185569 10.258852 -0.189142 0.297817 3.688421
1 94.906959 -8.598456 -0.811795 0.050645 -2.260528 -1.610806 3.439466 0.211706 2.596195 0.284943 0.691413 2.090401 0.185569 10.258852 -0.189142 0.297817 3.688421
1 94.906959 -8.598456 -0.811795 0.050645 -2.260528 -1.610806 3.439466 0.211706 2.596195 0.284943 0.691413 2.090401 0.185569 10.258852 -0.189142 0.297817 3.688421
1 94.906959 -8.598456 -0.811795 0.050645 -2.260528 -1.610806 3.439466 0.211706 2.596195 0.284943 0.691413 2.090401 0.185569 10.258852 -0.189142 0.297817 3.688421
1 94.603967 -8.588045 -0.799066 0.033692 -2.270778 -1.612910 3.396010 0.197485 2.580029 0.280348 0.711982 2.066216 0.200907 10.236365 -0.166976 0.294210 3.706547
1 95.237468 -8.586579 -0.787263 0.027434 -2.270819 -1.617082 3.404355 0.174685 2.583786 0.329695 0.739417 2.098282 0.158141 10.211106 -0.167387 0.280044 3.669324
1 95.237468 -8.586579 -0.787263 0.027434 -2.270819 -1.617082 3.404355 0.174685 2.583786 0.329695 0.739417 2.098282 0.158141 10.211106 -0.167387 0.280044 3.669324
1 95.237468 -8.586579 -0.787263 0.027434 -2.270819 -1.617082 3.404355 0.174685 2.583786 0.329695 0.739417 2.098282 0.158141 10.211106 -0.167387 0.280044 3.669324
1 95.237468 -8.586579 -0.787263 0.027434 -2.270819 -1.617082 3.404355 0.174685 2.583786 0.329695 0.739417 2.098282 0.158141 10.211106 -0.167387 0.280044 3.669324
1 95.988877 -8.577891 -0.786081 0.062635 -2.296133 -1.633330 3.421950 0.167286 2.579311 0.311177 0.767008 2.083506 0.122237 10.223674 -0.185593 0.278573 3.645931
1 95.988877 -8.577891 -0.786081 0.062635 -2.296133 -1.633330 3.421950 0.167286 2.579311 0.311177 0.767008 2.083506 0.122237 10.223674 -0.185593 0.278573 3.645931
1 95.988877 -8.577891 -0.786081 0.062635 -2.296133 -1.633330 3.421950 0.167286 2.579311 0.311177 0.767008 2.083506 0.122237 10.223674 -0.185593 0.278573 3.645931
1 95.988877 -8.577891 -0.786081 0.062635 -2.296133 -1.633330 3.421950 0.167286 2.579311 0.311177 0.767008 2.083506 0.122237 10.223674 -0.185593 0.278573 3.645931
1 95.988877 -8.577891 -0.786081 0.062635 -2.296133 -1.633330 3.421950 0.167286 2.579311 0.311177 0.767008 2.083506 0.122237 10.223674 -0.185593 0.278573 3.645931
1 92.261833 -8.546836 -0.774298 0.087908 -2.315424 -1.600641 3.432779 0.168534 2.567567 0.301577 0.769004 2.095667 0.144508 10.193151 -0.225453 0.330155 3.649239
1 92.261833 -8.546836 -0.774298 0.087908 -2.315424 -1.600641 3.432779 0.168534 2.567567 0.301577 0.769004 2.095667 0.144508 10.193151 -0.225453 0.330155 3.649239
1 92.261833 -8.546836 -0.774298 0.087908 -2.315424 -1.600641 3.432779 0.168534 2.567567 0.301577 0.769004 2.095667 0.144508 10.193151 -0.225453 0.330155 3.649239
1 92.261833 -8.546836 -0.774298 0.087908 -2.315424 -1.600641 3.432779 0.168534 2.567567 0.301577 0.769004 2.095667 0.144508 10.193151 -0.225453 0.330155 3.649239
1 92.261833 -8.546836 -0.774298 0.087908 -2.315424 -1.600641 3.432779 0.168534 2.567567 0.301577 0.769004 2.095667 0.144508 10.193151 -0.225453 0.330155 3.649239
1 92.261833 -8.546836 -0.774298 0.087908 -2.315424 -1.600641 3.432779 0.168534 2.567567 0.301577 0.769004 2.095667 0.144508 10.193151 -0.225453 0.330155 3.649239
1 92.261833 -8.546836 -0.774298 0.087908 -2.315424 -1.600641 3.432779 0.168534 2.567567 0.301577 0.769004 2.095667 0.144508 10.193151 -0.225453 0.330155 3.649239
1 92.261833 -8.546836 -0.774298 0.087908 -2.315424 -1.600641 3.432779 0.168534 2.567567 0.301577 0.769004 2.095667 0.144508 10.193151 -0.225453 0.330155 3.649239
1 92.261833 -8.546836 -0.774298 0.087908 -2.315424 -1.600641 3.432779 0.168534 2.567567 0.301577 0.769004 2.095667 0.144508 10.193151 -0.225453 0.330155 3.649239
1 92.261833 -8.546836 -0.774298 0.087908 -2.315424 -1.600641 3.432779 0.168534 2.567567 0.301577 0.769004 2.095667 0.144508 10.193151 -0.225453 0.330155 3.649239
1 92.261833 -8.546836 -0.774298 0.087908 -2.315424 -1.600641 3.432779 0.168534 2.567567 0.301577 0.769004 2.095667 0.144508 10.193151 -0.225453 0.330155 3.649239
1 92.261833 -8.546836 -0.774298 0.087908 -2.315424 -1.600641 3.432779 0.168534 2.567567 0.301577 0.769004 2.095667 0.144508 10.193151 -0.225453 0.330155 3.649239
1 92.261833 -8.546836 -0.774298 0.087908 -2.315424 -1.600641 3.432779 0.168534 2.567567 0.301577 0.769004 2.095667 0.144508 10.193151 -0.225453 0.330155 3.649239
1 92.261833 -8.546836 -0.774298 0.087908 -2.315424 -1.600641 3.432779 0.168534 2.567567 0.301577 0.769004 2.095667 0.144508 10.193151 -0.225453 0.330155 3.649239
1 92.261833 -8.546836 -0.774298 0.087908 -2.315424 -1.600641 3.432779 0.168534 2.567567 0.301577 0.769004 2.095667 0.144508 10.193151 -0.225453 0.330155 3.649239
1 92.261833 -8.546836 -0.774298 0.087908 -2.315424 -1.600641 3.432779 0.168534 2.567567 0.301577 0.769004 2.095667 0.144508 10.193151 -0.225453 0.330155 3.649239
1 92.261833 -8.546836 -0.774298 0.087908 -2.315424 -1.600641 3.432779 0.168534 2.567567 0.301577 0.769004 2.095667 0.144508 10.193151 -0.225453 0.330155 3.649239
1 88.981574 -8.570760 -0.767214 0.110779 -2.298623 -1.583014 3.393673 0.155905 2.592160 0.313440 0.768143 2.110151 0.135163 10.168134 -0.210588 0.314706 3.621209
1 88.981574 -8.570760 -0.767214 0.110779 -2.298623 -1.583014 3.393673 0.155905 2.592160 0.313440 0.768143 2.110151 0.135163 10.168134 -0.210588 0.314706 3.621209
1 88.981574 -8.570760 -0.767214 0.110779 -2.298623 -1.583014 3.393673 0.155905 2.592160 0.313440 0.768143 2.110151 0.135163 10.168134 -0.210588 0.314706 3.621209
1 88.981574 -8.570760 -0.767214 0.110779 -2.298623 -1.583014 3.393673 0.155905 2.592160 0.313440 0.768143 2.110151 0.135163 10.168134 -0.210588 0.314706 3.621209
1 88.981574 -8.570760 -0.767214 0.110779 -2.298623 -1.583014 3.393673 0.155905 2.592160 0.313440 0.768143 2.110151 0.135163 10.168134 -0.210588 0.314706 3.621209
1 88.981574 -8.570760 -0.767214 0.110779 -2.298623 -1.583014 3.393673 0.155905 2.592160 0.313440 0.768143 2.110151 0.135163 10.168134 -0.210588 0.314706 3.621209
1 89.037884 -8.597035 -0.760854 0.100820 -2.271574 -1.588266 3.420965 0.135961 2.619789 0.303345 0.789323 2.087330 0.105058 10.181274 -0.182738 0.337096 3.602546
1 89.037884 -8.597035 -0.760854 0.100820 -2.271574 -1.588266 3.420965 0.135961 2.619789 0.303345 0.789323 2.087330 0.105058 10.181274 -0.182738 0.337096 3.602546
1 88.966399 -8.592392 -0.764952 0.069212 -2.257230 -1.585738 3.418541 0.172943 2.596917 0.291606 0.800959 2.057800 0.075727 10.168294 -0.195522 0.338233 3.629174
1 88.966399 -8.592392 -0.764952 0.069212 -2.257230 -1.585738 3.418541 0.172943 2.596917 0.291606 0.800959 2.057800 0.075727 10.168294 -0.195522 0.338233 3.629174
1 88.966399 -8.592392 -0.764952 0.069212 -2.257230 -1.585738 3.418541 0.172943 2.596917 0.291606 0.800959 2.057800 0.075727 10.168294 -0.195522 0.338233 3.629174
1 88.966399 -8.592392 -0.764952 0.069212 -2.257230 -1.585738 3.418541 0.172943 2.596917 0.291606 0.800959 2.057800 0.075727 10.168294 -0.195522 0.338233 3.629174
1 88.966399 -8.592392 -0.764952 0.069212 -2.257230 -1.585738 3.418541 0.172943 2.596917 0.291606 0.800959 2.057800 0.075727 10.168294 -0.195522 0.338233 3.629174
1 88.966399 -8.592392 -0.764952 0.069212 -2.257230 -1.585738 3.418541 0.172943 2.596917 0.291606 0.800959 2.057800 0.075727 10.168294 -0.195522 0.338233 3.629174
1 88.966399 -8.592392 -0.764952 0.069212 -2.257230 -1.585738 3.418541 0.172943 2.596917 0.291606 0.800959 2.057800 0.075727 10.168294 -0.195522 0.338233 3.629174
1 88.966399 -8.592392 -0.764952 0.069212 -2.257230 -1.585738 3.418541 0.172943 2.596917 0.291606 0.800959 2.057800 0.075727 10.168294 -0.195522 0.338233 3.629174
1 89.559923 -8.589237 -0.738038 0.073758 -2.262883 -1.617085 3.428415 0.181498 2.624891 0.286718 0.813966 2.055430 0.081657 10.171559 -0.202097 0.337219 3.632844
1 90.223699 -8.542072 -0.719591 0.093988 -2.242457 -1.653020 3.406686 0.180988 2.604006 0.282517 0.848330 2.045398 0.068116 10.181213 -0.203316 0.311538 3.651089
1 90.223699 -8.542072 -0.719591 0.093988 -2.242457 -1.653020 3.406686 0.180988 2.604006 0.282517 0.848330 2.045398 0.068116 10.181213 -0.203316 0.311538 3.651089
1 90.223699 -8.542072 -0.719591 0.093988 -2.242457 -1.653020 3.406686 0.180988 2.604006 0.282517 0.848330 2.045398 0.068116 10.181213 -0.203316 0.311538 3.651089
1 90.223699 -8.542072 -0.719591 0.093988 -2.242457 -1.653020 3.406686 0.180988 2.604006 0.282517 0.848330 2.045398 0.068116 10.181213 -0.203316 0.311538 3.651089
1 90.223699 -8.542072 -0.719591 0.093988 -2.242457 -1.653020 3.406686 0.180988 2.604006 0.282517 0.848330 2.045398 0.068116 10.181213 -0.203316 0.311538 3.651089
1 90.223699 -8.542072 -0.719591 0.093988 -2.242457 -1.653020 3.406686 0.180988 2.604006 0.282517 0.848330 2.045398 0.068116 10.181213 -0.203316 0.311538 3.651089
1 90.730437 -8.553797 -0.748869 0.127033 -2.235455 -1.600285 3.436549 0.166878 2.636043 0.235764 0.870704 2.054797 0.078186 10.190772 -0.217409 0.328239 3.668740
1 89.239235 -8.550348 -0.757154 0.135336 -2.217566 -1.606919 3.422093 0.213889 2.604960 0.229978 0.914274 2.028094 0.080275 10.161066 -0.224182 0.336883 3.675114
1 89.239235 -8.550348 -0.757154 0.135336 -2.217566 -1.606919 3.422093 0.213889 2.604960 0.229978 0.914274 2.028094 0.080275 10.161066 -0.224182 0.336883 3.675114
1 89.239235 -8.550348 -0.757154 0.135336 -2.217566 -1.606919 3.422093 0.213889 2.604960 0.229978 0.914274 2.028094 0.080275 10.161066 -0.224182 0.336883 3.675114
1 89.239235 -8.550348 -0.757154 0.135336 -2.217566 -1.606919 3.422093 0.213889 2.604960 0.229978 0.914274 2.028094 0.080275 10.161066 -0.224182 0.336883 3.675114
1 89.239235 -8.550348 -0.757154 0.135336 -2.217566 -1.606919 3.422093 0.213889 2.604960 0.229978 0.914274 2.028094 0.080275 10.161066 -0.224182 0.336883 3.675114
1 89.239235 -8.550348 -0.757154 0.135336 -2.217566 -1.606919 3.422093 0.213889 2.604960 0.229978 0.914274 2.028094 0.080275 10.161066 -0.224182 0.336883 3.675114
