1 inf -8.451831 -0.238270 -0.164497 -2.083608 -1.927609 3.198959 -0.130796 2.583702 0.028334 0.429393 2.111887 -0.082686 10.941302 -1.013146 -0.273884 0.679217 3.788543
1 inf -8.444012 -0.275430 -0.154407 -2.109371 -1.959537 3.211593 -0.154948 2.573221 0.057800 0.407877 2.126489 -0.066767 10.911883 -1.015326 -0.262073 0.665396 3.778759
1 inf -8.440520 -0.271725 -0.171817 -2.134534 -1.940550 3.197214 -0.152987 2.551673 0.072449 0.403991 2.118677 -0.029711 10.877688 -1.004979 -0.276909 0.632940 3.792243
1 inf -8.443573 -0.259922 -0.146775 -2.124961 -1.963558 3.190795 -0.160614 2.545961 0.069764 0.396193 2.143793 -0.052771 10.875252 -0.997987 -0.325655 0.607101 3.818460
1 inf -8.407437 -0.277169 -0.151045 -2.139364 -1.969552 3.172738 -0.145836 2.562488 0.045451 0.379163 2.176246 -0.054714 10.844905 -0.981165 -0.320501 0.606627 3.802343
1 inf -8.453726 -0.243365 -0.168819 -2.145119 -1.976393 3.152652 -0.113335 2.571525 0.055241 0.371205 2.199079 -0.073560 10.837463 -0.976187 -0.355987 0.587806 3.821374
1 inf -8.434461 -0.239484 -0.169942 -2.136486 -1.988207 3.155901 -0.142365 2.589148 0.049749 0.367726 2.188286 -0.100956 10.854806 -0.973879 -0.388801 0.594077 3.822124
1 inf -8.455142 -0.257939 -0.160946 -2.126899 -1.964151 3.141270 -0.110779 2.545076 0.069985 0.331550 2.173778 -0.069872 10.827661 -0.979877 -0.405346 0.600774 3.805313
1 inf -8.411769 -0.242052 -0.131728 -2.147021 -1.985400 3.134081 -0.098932 2.564103 0.064330 0.335941 2.179506 -0.055219 10.815638 -0.991382 -0.427841 0.600564 3.812032
1 inf -8.394205 -0.254660 -0.088529 -2.164198 -1.989923 3.142471 -0.062906 2.544444 0.041514 0.332818 2.185408 -0.070468 10.826781 -0.982219 -0.395374 0.609408 3.820569
1 inf -8.381308 -0.264441 -0.107276 -2.140126 -1.999331 3.150461 -0.070831 2.564796 0.024454 0.305637 2.241783 -0.005651 10.875776 -0.997671 -0.386725 0.620675 3.809284
1 inf -8.381417 -0.271910 -0.067980 -2.132471 -1.966097 3.152644 -0.110823 2.563318 0.024327 0.317161 2.254765 -0.002385 10.868310 -1.043522 -0.383036 0.580435 3.804067
1 inf -8.360264 -0.291866 -0.085864 -2.123428 -1.913446 3.143659 -0.112557 2.591741 0.049142 0.328357 2.276063 -0.013086 10.844082 -1.044614 -0.380862 0.610888 3.806492
1 inf -8.352102 -0.291771 -0.048287 -2.076089 -1.896393 3.122546 -0.115657 2.588975 0.059799 0.309501 2.285497 -0.022925 10.846137 -1.029611 -0.402176 0.634077 3.835909
1 inf -8.349348 -0.302387 -0.066114 -2.075227 -1.890805 3.091316 -0.157563 2.548065 0.074892 0.337455 2.279723 0.020935 10.861545 -1.010090 -0.388519 0.611741 3.783668
1 inf -8.310539 -0.300428 -0.061901 -2.085039 -1.881533 3.071828 -0.143651 2.558544 0.085038 0.374784 2.291576 -0.011525 10.895900 -1.026974 -0.397075 0.608900 3.735583
1 inf -8.284594 -0.304172 -0.069029 -2.118770 -1.904341 3.056612 -0.148560 2.570153 0.039740 0.337518 2.294175 -0.020037 10.917736 -1.028960 -0.390019 0.632117 3.704664
1 inf -8.297807 -0.337759 -0.133125 -2.096417 -1.888725 3.100053 -0.152688 2.581141 0.068596 0.319006 2.249363 -0.023728 10.900844 -1.003408 -0.414131 0.620830 3.669665
1 inf -8.331791 -0.321032 -0.138083 -2.080922 -1.901195 3.087291 -0.147440 2.602987 0.082569 0.332962 2.223110 0.005516 10.920834 -1.003731 -0.420441 0.631874 3.662133
1 inf -8.351881 -0.299921 -0.154162 -2.049042 -1.910161 3.088158 -0.161647 2.580418 0.073911 0.301190 2.241236 0.011628 10.899716 -1.024469 -0.418355 0.652333 3.657383
1 inf -8.346575 -0.224015 -0.117259 -2.077654 -1.914616 3.090419 -0.149574 2.551890 0.081435 0.300716 2.276830 0.024124 10.906943 -1.010435 -0.414333 0.669188 3.667564
1 inf -8.347463 -0.197112 -0.128584 -2.077275 -1.909277 3.069226 -0.134656 2.554206 0.059025 0.321013 2.257144 0.055288 10.936265 -0.963192 -0.383178 0.659072 3.656538
1 inf -8.334548 -0.209954 -0.120229 -2.075244 -1.896947 3.055164 -0.126765 2.523934 0.073804 0.308377 2.231960 0.029450 10.958067 -0.946196 -0.333696 0.631914 3.640763
1 inf -8.348313 -0.177748 -0.151328 -2.069198 -1.888862 3.040261 -0.157985 2.534763 0.085046 0.319020 2.205300 0.007380 10.947170 -0.948584 -0.354454 0.632654 3.629683
1 inf -8.344887 -0.186008 -0.140085 -2.096234 -1.868373 3.055343 -0.136264 2.556812 0.087232 0.354057 2.218870 0.034184 10.927058 -0.958538 -0.398404 0.614579 3.638627
1 inf -8.332895 -0.149097 -0.160023 -2.125303 -1.859059 3.056885 -0.134026 2.503430 0.078089 0.359879 2.204612 0.070262 10.907965 -0.946519 -0.426990 0.608530 3.633776
1 inf -8.312485 -0.177186 -0.146139 -2.142791 -1.848763 3.048625 -0.133861 2.497485 0.074711 0.331219 2.190735 0.061166 10.905372 -0.950848 -0.439851 0.598842 3.639335
1 inf -8.320459 -0.179821 -0.147700 -2.143778 -1.864773 3.024541 -0.121436 2.531788 0.096502 0.372479 2.195512 0.031015 10.907114 -0.935998 -0.406204 0.590120 3.630704
1 inf -8.278280 -0.217609 -0.130843 -2.152949 -1.844097 3.055268 -0.127131 2.531172 0.090256 0.389939 2.208995 0.038443 10.906211 -0.908516 -0.389002 0.609630 3.658258
1 inf -8.279948 -0.213009 -0.173659 -2.126995 -1.838618 3.060353 -0.109445 2.480911 0.114599 0.373632 2.218029 0.032893 10.920207 -0.908742 -0.352227 0.587412 3.650145
1 inf -8.280181 -0.189884 -0.193214 -2.147899 -1.837694 3.053590 -0.082462 2.467961 0.079174 0.367546 2.202254 0.010152 10.897817 -0.926979 -0.360459 0.613119 3.641711
1 inf -8.271107 -0.194421 -0.201661 -2.110012 -1.877914 3.066221 -0.090753 2.431076 0.101482 0.378745 2.170009 -0.003763 10.908042 -0.905239 -0.348624 0.644428 3.672225
1 inf -8.265162 -0.178896 -0.189338 -2.105405 -1.839197 3.076053 -0.062720 2.431929 0.104866 0.386230 2.172385 0.001990 10.872006 -0.909312 -0.373907 0.651350 3.664292
1 inf -8.246561 -0.164950 -0.181497 -2.064018 -1.832142 3.085519 -0.074169 2.375652 0.102736 0.396263 2.179118 0.021529 10.894561 -0.935033 -0.406597 0.682312 3.670695
1 inf -8.217766 -0.167638 -0.207833 -2.078512 -1.797445 3.061892 -0.108959 2.369536 0.085949 0.401839 2.147569 0.025952 10.894142 -0.924170 -0.394193 0.681323 3.661115
1 inf -8.192200 -0.130909 -0.208160 -2.102817 -1.793929 3.086116 -0.105002 2.383242 0.050906 0.372538 2.139361 0.016784 10.876638 -0.934663 -0.374493 0.689179 3.691542
1 inf -8.152783 -0.159345 -0.205644 -2.106119 -1.803737 3.076433 -0.085779 2.384796 0.058451 0.359235 2.147587 0.014666 10.850825 -0.943172 -0.345799 0.682649 3.723764
1 inf -8.170837 -0.161225 -0.234074 -2.175356 -1.777537 3.079430 -0.110892 2.367350 0.080795 0.402828 2.147658 0.053551 10.863900 -0.958009 -0.372805 0.684954 3.713933
1 inf -8.185593 -0.175404 -0.220718 -2.209104 -1.769665 3.076486 -0.119772 2.383541 0.092378 0.344669 2.136855 0.029116 10.901793 -0.981549 -0.371429 0.680874 3.738480
1 inf -8.171245 -0.141351 -0.206177 -2.221377 -1.777055 3.068188 -0.112772 2.393759 0.100086 0.324837 2.091556 0.045000 10.889336 -0.964159 -0.353897 0.690124 3.728594
1 inf -8.176675 -0.144201 -0.202706 -2.252575 -1.766373 3.081335 -0.111271 2.415592 0.108319 0.273162 2.118724 0.081950 10.926164 -0.949822 -0.372871 0.703578 3.699719
1 inf -8.196765 -0.123090 -0.218785 -2.220695 -1.775339 3.082202 -0.125478 2.393023 0.099661 0.241390 2.136850 0.088062 10.905046 -0.970560 -0.370785 0.724037 3.694969
1 inf -8.199076 -0.154711 -0.240004 -2.197518 -1.768960 3.096586 -0.121057 2.380880 0.162583 0.270673 2.163717 0.081472 10.925474 -1.011252 -0.357939 0.746255 3.713384
1 inf -8.191934 -0.107114 -0.221484 -2.191149 -1.772975 3.103788 -0.113109 2.369564 0.135947 0.254689 2.139728 0.109909 10.935081 -0.994535 -0.350020 0.788692 3.691161
1 inf -8.216646 -0.080718 -0.249616 -2.197007 -1.778730 3.135800 -0.064663 2.387117 0.137487 0.273845 2.122725 0.097182 10.919276 -1.046184 -0.343098 0.776730 3.671655
1 inf -8.198725 -0.089634 -0.280744 -2.170187 -1.762829 3.121795 -0.085488 2.378127 0.081664 0.274496 2.147180 0.087086 10.910172 -1.035656 -0.379194 0.776701 3.661748
1 inf -8.178469 -0.089109 -0.290081 -2.166627 -1.752422 3.123027 -0.106416 2.357010 0.080083 0.319166 2.183955 0.079345 10.881675 -1.016976 -0.358456 0.763147 3.692858
1 inf -8.175056 -0.081431 -0.289841 -2.159282 -1.745928 3.099874 -0.105757 2.338979 0.068174 0.304988 2.190104 0.063593 10.881152 -1.009594 -0.370198 0.801517 3.658968
1 inf -8.206838 -0.105011 -0.308052 -2.130534 -1.764617 3.087403 -0.094386 2.333692 -0.031305 0.329604 2.193800 0.078110 10.888783 -1.017691 -0.342610 0.798954 3.649898
1 inf -8.264498 -0.136593 -0.339578 -2.084820 -1.824270 3.084678 -0.110578 2.359614 -0.008291 0.304510 2.153558 0.064817 10.873302 -0.999575 -0.310373 0.824011 3.672365
1 inf -8.242433 -0.153929 -0.335421 -2.054590 -1.778531 3.073131 -0.114871 2.396280 0.006634 0.321827 2.135583 0.079255 10.917491 -1.006158 -0.326570 0.797128 3.651353
1 inf -8.221259 -0.184164 -0.361110 -2.056222 -1.750182 3.060565 -0.095550 2.403153 0.016998 0.336175 2.129167 0.072401 10.939059 -1.023042 -0.318810 0.802224 3.690807
1 inf -8.218608 -0.191374 -0.340978 -2.064873 -1.777939 3.029098 -0.147680 2.395951 0.047847 0.368709 2.107420 0.089290 10.930999 -1.051478 -0.297108 0.779618 3.675946
1 inf -8.214843 -0.179852 -0.342769 -2.045328 -1.763050 3.036655 -0.160922 2.425160 0.021894 0.375593 2.109332 0.138150 10.904653 -1.037590 -0.287812 0.755990 3.659662
1 inf -8.173902 -0.209001 -0.354070 -2.032201 -1.757527 3.018748 -0.143400 2.439878 0.009646 0.371179 2.075641 0.137596 10.904684 -1.022470 -0.321294 0.753896 3.678358
1 inf -8.188487 -0.184274 -0.334143 -2.041787 -1.754756 3.004397 -0.124750 2.451592 -0.004201 0.310052 2.090026 0.152937 10.939325 -0.994056 -0.316738 0.686318 3.655651
1 inf -8.201961 -0.173784 -0.311963 -2.071135 -1.709243 3.021597 -0.154806 2.456304 0.004592 0.330363 2.090370 0.145961 10.940193 -1.009863 -0.298559 0.729289 3.635679
1 inf -8.219813 -0.157886 -0.314643 -2.035386 -1.733590 3.020892 -0.198141 2.436769 0.012615 0.297018 2.071974 0.163555 10.941752 -1.014707 -0.316744 0.719076 3.626254
1 inf -8.190470 -0.152403 -0.330613 -2.058424 -1.728502 2.986280 -0.176542 2.424829 0.042043 0.280287 2.078813 0.150985 10.937191 -1.033913 -0.306510 0.717533 3.608226
1 inf -8.197653 -0.171126 -0.335302 -2.048233 -1.716783 3.023395 -0.173483 2.391941 0.049401 0.313882 2.101544 0.135687 10.926830 -1.026118 -0.318142 0.741899 3.597780
1 inf -8.211737 -0.170946 -0.327262 -2.058523 -1.726181 3.025598 -0.206117 2.398109 0.063898 0.306981 2.115541 0.125142 10.922742 -1.004021 -0.326651 0.749821 3.592313
1 inf -8.224546 -0.166190 -0.364522 -2.096745 -1.766219 3.008274 -0.249679 2.400864 0.048327 0.287322 2.082835 0.143110 10.946424 -1.003801 -0.347579 0.744042 3.586625
1 inf -8.244636 -0.145079 -0.380601 -2.064865 -1.775185 3.009141 -0.263886 2.378295 0.039669 0.255550 2.100961 0.149222 10.925306 -1.024539 -0.345493 0.764501 3.581875
1 inf -8.258655 -0.175173 -0.382827 -2.072823 -1.796237 2.978509 -0.265591 2.373962 0.005132 0.231118 2.059696 0.146323 10.924889 -0.998068 -0.314439 0.776352 3.578775
1 inf -8.290106 -0.203758 -0.412543 -2.093639 -1.839986 3.032142 -0.260459 2.376295 0.014510 0.243992 2.034230 0.145806 10.942594 -0.986352 -0.299021 0.785600 3.553387
1 inf -8.347107 -0.215044 -0.443401 -2.103938 -1.829980 3.050851 -0.283684 2.343593 0.044921 0.201777 2.029279 0.156981 10.941510 -1.012383 -0.281134 0.806665 3.517194
1 inf -8.360144 -0.194093 -0.477189 -2.096137 -1.802487 3.062683 -0.304349 2.353812 0.027350 0.195078 2.024711 0.141719 10.945810 -1.006227 -0.268851 0.815113 3.515969
1 inf -8.346608 -0.173352 -0.503941 -2.122211 -1.768025 3.046322 -0.291149 2.344235 -0.004770 0.214339 2.025956 0.160061 10.993350 -0.986587 -0.270459 0.808587 3.511303
1 inf -8.333686 -0.185257 -0.532267 -2.139437 -1.750164 3.063122 -0.273499 2.362931 -0.051950 0.253449 2.029836 0.170858 10.963090 -1.009550 -0.275344 0.845482 3.512034
1 inf -8.327600 -0.220233 -0.535685 -2.174429 -1.768877 3.033755 -0.276418 2.365530 -0.056780 0.275741 1.995380 0.139762 10.951437 -1.043879 -0.303127 0.868568 3.501282
1 inf -8.323815 -0.224690 -0.518740 -2.143723 -1.745747 3.009801 -0.325325 2.337836 -0.103087 0.272219 1.982682 0.116061 10.961962 -1.050848 -0.306027 0.846761 3.518534
1 inf -8.341428 -0.220751 -0.545704 -2.136466 -1.718620 2.970989 -0.327286 2.392448 -0.087117 0.253929 2.028825 0.138321 10.919859 -1.037470 -0.339975 0.889882 3.479869
1 inf -8.349554 -0.199151 -0.531111 -2.173088 -1.677747 2.995469 -0.272000 2.398013 -0.081633 0.251495 2.022791 0.189151 10.932419 -1.073544 -0.346662 0.910908 3.472676
1 inf -8.363574 -0.198088 -0.509682 -2.204073 -1.697590 3.021106 -0.279260 2.378132 -0.069883 0.190518 1.992677 0.188793 10.952687 -1.061753 -0.326455 0.903852 3.499501
1 inf -8.389322 -0.163025 -0.520636 -2.204179 -1.729683 3.027842 -0.294981 2.418001 -0.053753 0.197080 1.941036 0.198949 10.944262 -1.051398 -0.295084 0.913188 3.514513
1 inf -8.429575 -0.162880 -0.534753 -2.223156 -1.729831 2.998617 -0.311777 2.469310 -0.046376 0.161395 1.889522 0.220119 10.953657 -1.065719 -0.304773 0.897649 3.534107
1 inf -8.432303 -0.133034 -0.520662 -2.261312 -1.760681 2.969362 -0.304602 2.450676 -0.019816 0.151248 1.871204 0.240861 10.951805 -1.076848 -0.346579 0.904059 3.542771
1 inf -8.455949 -0.102250 -0.543436 -2.249957 -1.768092 2.982114 -0.347890 2.459981 0.000019 0.134584 1.917777 0.248341 10.929165 -1.091756 -0.355036 0.943366 3.536896
1 inf -8.438062 -0.122238 -0.536105 -2.261463 -1.785840 2.983391 -0.364969 2.434055 -0.011836 0.085292 1.916422 0.238101 10.947061 -1.105178 -0.341336 0.897758 3.536632
1 inf -8.454532 -0.144396 -0.497860 -2.258387 -1.812781 2.982398 -0.332792 2.396203 -0.000324 0.067392 1.931955 0.206592 10.942002 -1.097271 -0.351919 0.904676 3.536678
1 inf -8.456195 -0.123891 -0.523902 -2.254159 -1.829673 2.971987 -0.325412 2.379978 -0.011344 0.040604 1.960750 0.222991 10.909789 -1.086858 -0.346322 0.939962 3.541766
1 inf -8.476285 -0.102780 -0.539981 -2.222279 -1.838639 2.972854 -0.339619 2.357409 -0.020002 0.008832 1.978876 0.229103 10.888671 -1.107596 -0.344236 0.960421 3.537016
1 inf -8.456084 -0.116311 -0.536310 -2.216998 -1.864292 2.942488 -0.344669 2.356447 -0.000388 0.011754 2.006310 0.232557 10.892509 -1.088149 -0.355025 0.981574 3.555863
1 inf -8.410085 -0.108128 -0.530489 -2.190953 -1.876084 2.937957 -0.362182 2.331404 0.005555 0.021273 2.045575 0.229777 10.888457 -1.078625 -0.348941 0.962313 3.598736
1 inf -8.381031 -0.100662 -0.517225 -2.220510 -1.884936 2.935285 -0.323693 2.304926 0.021058 -0.010335 2.009401 0.239633 10.884624 -1.056089 -0.346544 0.948856 3.563598
1 inf -8.345843 -0.143749 -0.537792 -2.207735 -1.901604 2.936456 -0.289547 2.257141 -0.026115 -0.015475 2.057202 0.245261 10.861647 -1.098239 -0.337268 0.936454 3.530381
1 inf -8.335310 -0.087488 -0.618133 -2.214303 -1.870261 2.926442 -0.259956 2.237416 -0.016975 -0.016504 2.023055 0.227597 10.901250 -1.093265 -0.332945 0.945124 3.528550
1 inf -8.388910 -0.106026 -0.598083 -2.211087 -1.891444 2.944398 -0.230706 2.255259 0.007235 -0.008576 2.011581 0.245396 10.924452 -1.084564 -0.326610 0.944877 3.527717
1 inf -8.385907 -0.083765 -0.618943 -2.207315 -1.878047 2.940301 -0.207638 2.223843 0.010369 -0.028559 2.033092 0.253406 10.911189 -1.083207 -0.333215 0.926891 3.520377
1 inf -8.423594 -0.065515 -0.584463 -2.208826 -1.889932 2.954727 -0.203094 2.245641 0.038415 -0.066909 2.018188 0.269545 10.932086 -1.099405 -0.278347 0.949416 3.542355
1 inf -8.431952 -0.067636 -0.570224 -2.190683 -1.858271 2.934742 -0.169088 2.241248 0.021780 -0.092490 2.021240 0.240932 10.973827 -1.145945 -0.271047 0.977240 3.509543
1 inf -8.419365 -0.041036 -0.548708 -2.185516 -1.891929 2.906997 -0.159674 2.275199 0.029925 -0.106740 2.028851 0.249117 10.963141 -1.151811 -0.283150 0.970256 3.546031
1 inf -8.402790 -0.051815 -0.532740 -2.165064 -1.864071 2.906297 -0.201031 2.272336 0.017157 -0.098320 2.015249 0.233992 10.969712 -1.152209 -0.254646 0.988530 3.573807
1 inf -8.431981 -0.089689 -0.539761 -2.169346 -1.834942 2.888701 -0.204274 2.296211 -0.004584 -0.074360 2.064741 0.220504 11.019521 -1.162702 -0.260933 0.978828 3.595662
1 inf -8.427076 -0.085619 -0.548157 -2.196035 -1.865196 2.904659 -0.223620 2.328710 -0.027659 -0.096661 2.070110 0.230456 11.005560 -1.180550 -0.276165 0.983429 3.599583
1 inf -8.420179 -0.049992 -0.529072 -2.232418 -1.867465 2.917357 -0.261083 2.372130 -0.018355 -0.064705 2.080134 0.213914 10.989612 -1.147852 -0.288034 0.970922 3.626263
1 inf -8.405654 -0.028262 -0.581180 -2.233372 -1.830682 2.880553 -0.262921 2.350513 -0.033911 -0.024857 2.049119 0.202706 10.998261 -1.138356 -0.278974 0.997324 3.632097
1 inf -8.405950 -0.048764 -0.594416 -2.251418 -1.830951 2.860989 -0.275639 2.356209 -0.023820 -0.049723 2.035374 0.170627 11.008116 -1.138939 -0.285747 0.968325 3.621374
1 inf -8.404991 -0.007231 -0.617375 -2.280692 -1.835842 2.836312 -0.277478 2.361345 -0.020992 -0.063478 2.041988 0.159543 11.004813 -1.120531 -0.264051 0.950928 3.565901
1 inf -8.425081 -0.023310 -0.585495 -2.289658 -1.834975 2.822105 -0.300047 2.352687 -0.052764 -0.045352 2.048100 0.138425 10.984075 -1.118445 -0.243592 0.946178 3.539931
1 inf -8.439489 -0.025131 -0.593052 -2.292421 -1.839530 2.799517 -0.289450 2.331162 -0.045126 -0.038935 2.059193 0.129400 10.968606 -1.152961 -0.250156 0.939367 3.597667
1 inf -8.430344 -0.057696 -0.596185 -2.316074 -1.800889 2.826836 -0.302374 2.334086 -0.054232 -0.048715 2.038923 0.169868 10.988638 -1.185409 -0.267322 0.969139 3.605208
1 inf -8.399400 -0.079154 -0.569607 -2.289449 -1.768837 2.828499 -0.335049 2.339681 -0.075203 -0.044428 2.062929 0.171166 11.007845 -1.176969 -0.256461 0.962014 3.609248
1 inf -8.386864 -0.039065 -0.558701 -2.270669 -1.783386 2.852195 -0.340964 2.347354 -0.058086 -0.076765 2.017497 0.197948 11.044180 -1.164055 -0.247256 0.972556 3.632066
1 inf -8.374606 -0.023468 -0.555159 -2.250580 -1.761857 2.863888 -0.346400 2.318317 -0.074328 -0.053868 2.018871 0.190788 11.031513 -1.146392 -0.245666 0.982171 3.639201
1 inf -8.373097 -0.021824 -0.582564 -2.246465 -1.778706 2.854817 -0.339938 2.352305 -0.073993 -0.068821 1.986241 0.163930 11.076265 -1.147735 -0.259038 0.970003 3.634205
1 inf -8.377207 -0.031611 -0.541753 -2.219308 -1.771389 2.856687 -0.303785 2.320411 -0.086217 -0.035967 1.959064 0.164062 11.083176 -1.153668 -0.276940 0.966153 3.585097
1 inf -8.392960 -0.011890 -0.575218 -2.209257 -1.792316 2.883159 -0.344189 2.329386 -0.093510 -0.070505 1.930005 0.177285 11.045290 -1.159295 -0.249085 0.974554 3.575332
1 inf -8.390488 -0.019101 -0.567274 -2.236041 -1.787047 2.881938 -0.363478 2.305889 -0.087077 -0.040267 1.892969 0.146483 11.075629 -1.162577 -0.247166 0.924655 3.560709
1 inf -8.407707 -0.003828 -0.546083 -2.253001 -1.759877 2.883973 -0.385151 2.314496 -0.069710 -0.046185 1.948273 0.140663 11.090732 -1.200542 -0.216173 0.925549 3.573322
1 inf -8.418548 -0.001007 -0.523875 -2.221711 -1.709039 2.875952 -0.377265 2.342794 -0.071693 -0.032134 1.950698 0.168054 11.132336 -1.167123 -0.194301 0.944797 3.533321
1 inf -8.438638 -0.017086 -0.491995 -2.230677 -1.708172 2.861745 -0.399834 2.334136 -0.103465 -0.014008 1.956810 0.146936 11.111598 -1.165037 -0.173842 0.940047 3.507351
1 inf -8.419526 -0.036223 -0.515817 -2.247723 -1.729323 2.822386 -0.423782 2.361925 -0.059807 -0.048213 1.999627 0.180662 11.140333 -1.141360 -0.158289 0.975869 3.500946
1 inf -8.441079 -0.025080 -0.506928 -2.219505 -1.659507 2.809480 -0.450975 2.390419 -0.072014 0.001855 2.007924 0.181777 11.205454 -1.140995 -0.156899 0.945015 3.520217
1 inf -8.419742 -0.033093 -0.465127 -2.208762 -1.621177 2.794897 -0.462891 2.338584 -0.107544 0.013307 2.033571 0.184771 11.185353 -1.171772 -0.156041 0.986132 3.528579
1 inf -8.413443 -0.094267 -0.432171 -2.243464 -1.647675 2.827030 -0.433403 2.378001 -0.116453 -0.004575 2.008985 0.181136 11.223044 -1.138131 -0.172958 0.973122 3.518852
1 inf -8.412874 -0.120880 -0.415330 -2.246377 -1.641475 2.822864 -0.404080 2.374983 -0.107250 0.000315 2.007167 0.250206 11.216407 -1.134664 -0.162508 0.948356 3.557365
1 inf -8.365454 -0.119196 -0.421414 -2.274267 -1.650824 2.845498 -0.416355 2.377362 -0.096802 0.035521 2.010337 0.237742 11.246977 -1.124879 -0.164769 0.942491 3.589751
1 inf -8.335914 -0.096372 -0.426920 -2.278616 -1.614145 2.858910 -0.383695 2.399864 -0.097021 0.045762 2.034319 0.242644 11.239075 -1.108002 -0.174213 0.938465 3.581633
1 inf -8.288593 -0.106913 -0.421348 -2.234339 -1.630862 2.850828 -0.357081 2.383587 -0.079798 0.036364 2.058195 0.241654 11.213965 -1.097296 -0.220201 0.911872 3.551398
1 inf -8.278762 -0.097738 -0.447881 -2.221159 -1.620784 2.826443 -0.397029 2.380095 -0.086346 0.052441 2.074262 0.235371 11.249717 -1.069855 -0.232174 0.924644 3.550611
1 inf -8.315396 -0.110084 -0.450578 -2.209750 -1.612831 2.817960 -0.386168 2.398428 -0.060853 0.089592 2.063921 0.211015 11.251245 -1.071580 -0.209939 0.891144 3.577048
1 inf -8.315180 -0.102840 -0.486605 -2.200843 -1.622640 2.838360 -0.336461 2.405587 -0.077575 0.103746 2.055670 0.250492 11.280718 -1.083413 -0.206857 0.896539 3.544748
1 inf -8.321384 -0.097179 -0.475629 -2.169478 -1.616396 2.815302 -0.322456 2.385157 -0.076622 0.138626 2.064671 0.244671 11.268043 -1.081773 -0.227300 0.937804 3.568926
1 inf -8.328766 -0.101990 -0.462861 -2.140034 -1.577546 2.813737 -0.339739 2.404460 -0.103300 0.152978 2.060616 0.267070 11.198682 -1.085391 -0.257334 0.942992 3.587081
1 inf -8.306594 -0.154432 -0.446456 -2.109519 -1.599446 2.824883 -0.339926 2.455263 -0.097740 0.159946 2.043379 0.250750 11.185291 -1.055285 -0.245712 0.939381 3.604189
1 inf -8.306074 -0.160514 -0.462343 -2.101896 -1.614752 2.817613 -0.340099 2.467077 -0.111874 0.170076 2.061989 0.306883 11.181858 -1.068358 -0.245632 0.944064 3.626675
1 inf -8.309257 -0.172682 -0.433913 -2.113915 -1.603099 2.804341 -0.307845 2.449077 -0.116249 0.137223 2.067827 0.303946 11.167183 -1.090687 -0.251765 0.940913 3.626629
1 inf -8.316554 -0.174839 -0.411989 -2.102643 -1.620896 2.797597 -0.274552 2.456865 -0.117167 0.123112 2.073824 0.319372 11.168840 -1.063244 -0.241427 0.981171 3.611026
1 inf -8.336644 -0.153728 -0.428068 -2.070763 -1.629862 2.798464 -0.288759 2.434296 -0.125825 0.091340 2.091950 0.325484 11.147722 -1.083982 -0.239341 0.976421 3.585056
1 inf -8.360449 -0.171644 -0.449118 -2.065455 -1.655270 2.807466 -0.303741 2.452587 -0.139235 0.076496 2.105470 0.333175 11.133588 -1.083293 -0.189431 0.924534 3.627630
1 inf -8.359794 -0.162927 -0.442827 -2.079113 -1.679203 2.802505 -0.305271 2.482739 -0.103208 0.038635 2.065088 0.353657 11.130448 -1.063259 -0.188585 0.938005 3.666218
1 inf -8.341297 -0.180027 -0.429483 -2.105257 -1.700677 2.768815 -0.334419 2.529208 -0.095860 0.044072 2.058836 0.344428 11.121450 -1.067772 -0.156342 0.961113 3.662772
1 inf -8.314202 -0.207020 -0.433122 -2.108555 -1.676801 2.758478 -0.352930 2.530380 -0.097263 0.045281 2.062080 0.330680 11.142298 -1.048837 -0.137292 0.929972 3.657757
1 inf -8.265389 -0.239790 -0.434914 -2.131580 -1.654302 2.762701 -0.382773 2.558271 -0.084871 0.062058 2.069966 0.372608 11.145070 -1.049884 -0.134731 0.915226 3.677982
1 inf -8.264458 -0.235103 -0.444704 -2.144042 -1.712651 2.758141 -0.357406 2.527254 -0.079485 0.065798 2.060996 0.354594 11.130013 -1.055832 -0.151915 0.961921 3.678668
1 inf -8.247808 -0.261565 -0.394205 -2.120244 -1.704914 2.767482 -0.365376 2.503452 -0.059680 0.070815 2.040586 0.353392 11.132030 -1.087545 -0.183028 0.956322 3.670794
1 inf -8.221289 -0.266746 -0.396083 -2.096450 -1.704772 2.768897 -0.379988 2.513574 -0.075755 0.061357 2.058089 0.342117 11.120123 -1.123091 -0.151152 0.976903 3.691250
1 inf -8.150393 -0.275882 -0.388561 -2.055935 -1.734898 2.778899 -0.380832 2.525048 -0.092692 0.006892 2.078680 0.335838 11.097190 -1.102164 -0.126046 0.975702 3.712385
1 inf -8.161256 -0.286602 -0.385242 -2.068991 -1.723938 2.786967 -0.363776 2.522678 -0.080833 0.048907 2.081529 0.323374 11.078796 -1.060216 -0.097881 0.982015 3.721806
1 inf -8.196254 -0.293978 -0.391406 -2.079950 -1.742603 2.784462 -0.356584 2.531689 -0.061952 0.027960 2.092369 0.323997 11.072501 -1.018817 -0.076235 0.993250 3.717957
1 inf -8.179515 -0.287981 -0.431403 -2.033049 -1.716058 2.778946 -0.330940 2.552878 -0.067938 0.049301 2.091012 0.360679 11.087249 -1.021987 -0.101352 0.990864 3.710781
1 inf -8.218213 -0.325898 -0.413843 -2.017677 -1.679026 2.775602 -0.254249 2.506147 -0.072596 0.048724 2.089405 0.368816 11.070893 -1.042647 -0.068904 0.976321 3.729012
1 inf -8.236936 -0.330723 -0.402827 -2.035548 -1.664067 2.759248 -0.271294 2.502729 -0.050210 0.034005 2.075018 0.340131 11.080462 -1.015416 -0.060474 0.961315 3.724689
1 inf -8.269461 -0.317740 -0.399533 -2.014716 -1.667503 2.765370 -0.247502 2.510748 -0.032909 0.084553 2.072279 0.320495 11.058393 -1.055736 -0.066845 0.956564 3.703808
1 inf -8.249935 -0.324375 -0.370136 -2.018157 -1.670823 2.805427 -0.250592 2.524807 -0.004177 0.078182 2.055744 0.328016 11.079925 -1.047603 -0.076046 0.942491 3.706903
1 inf -8.261880 -0.303471 -0.403835 -2.001562 -1.624677 2.749953 -0.276017 2.510652 0.002045 0.099590 2.087080 0.314621 11.095003 -1.020321 -0.087460 0.908177 3.706089
1 inf -8.281970 -0.282360 -0.419914 -1.969682 -1.633643 2.750820 -0.290224 2.488083 -0.006613 0.067818 2.105206 0.320733 11.073885 -1.041059 -0.085374 0.928636 3.701339
1 inf -8.302194 -0.256271 -0.391650 -1.998535 -1.626551 2.777120 -0.268926 2.476802 0.002087 0.088510 2.091602 0.323376 11.058931 -1.078446 -0.042700 0.918726 3.699039
1 inf -8.312606 -0.228773 -0.384344 -1.989268 -1.651941 2.752696 -0.277804 2.497978 -0.005864 0.053261 2.065748 0.328447 11.065558 -1.047965 -0.036511 0.908388 3.710013
1 inf -8.310386 -0.209961 -0.392446 -1.961699 -1.638257 2.740651 -0.288221 2.485921 -0.026351 0.087239 2.119800 0.372771 11.020315 -1.061160 -0.051634 0.915935 3.710380
1 inf -8.322372 -0.192443 -0.389272 -1.990396 -1.651644 2.697652 -0.295078 2.472473 -0.029439 0.081813 2.096165 0.363366 11.036902 -1.034268 -0.032789 0.876617 3.713873
