1 87.523028 -8.801138 -0.495141 -0.175905 -2.588561 -1.512483 2.753909 -0.005605 2.903447 0.393338 0.318561 2.231000 0.108410 10.123169 -0.599831 -0.193087 0.837839 3.976500
1 87.523028 -8.801138 -0.495141 -0.175905 -2.588561 -1.512483 2.753909 -0.005605 2.903447 0.393338 0.318561 2.231000 0.108410 10.123169 -0.599831 -0.193087 0.837839 3.976500
1 87.523028 -8.801138 -0.495141 -0.175905 -2.588561 -1.512483 2.753909 -0.005605 2.903447 0.393338 0.318561 2.231000 0.108410 10.123169 -0.599831 -0.193087 0.837839 3.976500
1 87.218415 -8.789060 -0.493040 -0.144924 -2.606630 -1.489862 2.763993 0.011802 2.890169 0.390424 0.314030 2.220924 0.135547 10.097511 -0.625562 -0.180232 0.834112 3.991849
1 87.218415 -8.789060 -0.493040 -0.144924 -2.606630 -1.489862 2.763993 0.011802 2.890169 0.390424 0.314030 2.220924 0.135547 10.097511 -0.625562 -0.180232 0.834112 3.991849
1 82.461838 -8.782016 -0.511713 -0.118867 -2.625640 -1.498639 2.749365 0.021263 2.848677 0.399676 0.332786 2.182657 0.137321 10.114868 -0.642114 -0.174348 0.828366 3.980791
1 80.289336 -8.823507 -0.494237 -0.096018 -2.613615 -1.506422 2.758253 0.004358 2.839161 0.389321 0.346872 2.209800 0.152662 10.138913 -0.617207 -0.136958 0.839419 4.002404
1 80.289336 -8.823507 -0.494237 -0.096018 -2.613615 -1.506422 2.758253 0.004358 2.839161 0.389321 0.346872 2.209800 0.152662 10.138913 -0.617207 -0.136958 0.839419 4.002404
1 80.289336 -8.823507 -0.494237 -0.096018 -2.613615 -1.506422 2.758253 0.004358 2.839161 0.389321 0.346872 2.209800 0.152662 10.138913 -0.617207 -0.136958 0.839419 4.002404
1 80.289336 -8.823507 -0.494237 -0.096018 -2.613615 -1.506422 2.758253 0.004358 2.839161 0.389321 0.346872 2.209800 0.152662 10.138913 -0.617207 -0.136958 0.839419 4.002404
1 80.289336 -8.823507 -0.494237 -0.096018 -2.613615 -1.506422 2.758253 0.004358 2.839161 0.389321 0.346872 2.209800 0.152662 10.138913 -0.617207 -0.136958 0.839419 4.002404
1 79.238134 -8.804967 -0.488172 -0.111132 -2.602676 -1.565186 2.776082 -0.009063 2.846544 0.397612 0.367640 2.184589 0.148837 10.153193 -0.604903 -0.145225 0.864374 4.000717
1 79.238134 -8.804967 -0.488172 -0.111132 -2.602676 -1.565186 2.776082 -0.009063 2.846544 0.397612 0.367640 2.184589 0.148837 10.153193 -0.604903 -0.145225 0.864374 4.000717
1 79.238134 -8.804967 -0.488172 -0.111132 -2.602676 -1.565186 2.776082 -0.009063 2.846544 0.397612 0.367640 2.184589 0.148837 10.153193 -0.604903 -0.145225 0.864374 4.000717
1 79.238134 -8.804967 -0.488172 -0.111132 -2.602676 -1.565186 2.776082 -0.009063 2.846544 0.397612 0.367640 2.184589 0.148837 10.153193 -0.604903 -0.145225 0.864374 4.000717
1 79.238134 -8.804967 -0.488172 -0.111132 -2.602676 -1.565186 2.776082 -0.009063 2.846544 0.397612 0.367640 2.184589 0.148837 10.153193 -0.604903 -0.145225 0.864374 4.000717
1 73.083162 -8.776993 -0.508263 -0.122892 -2.591160 -1.570351 2.758730 -0.013085 2.805216 0.408100 0.345861 2.171210 0.205601 10.152526 -0.603289 -0.123020 0.828502 4.002943
1 73.083162 -8.776993 -0.508263 -0.122892 -2.591160 -1.570351 2.758730 -0.013085 2.805216 0.408100 0.345861 2.171210 0.205601 10.152526 -0.603289 -0.123020 0.828502 4.002943
1 73.083162 -8.776993 -0.508263 -0.122892 -2.591160 -1.570351 2.758730 -0.013085 2.805216 0.408100 0.345861 2.171210 0.205601 10.152526 -0.603289 -0.123020 0.828502 4.002943
1 73.083162 -8.776993 -0.508263 -0.122892 -2.591160 -1.570351 2.758730 -0.013085 2.805216 0.408100 0.345861 2.171210 0.205601 10.152526 -0.603289 -0.123020 0.828502 4.002943
1 73.083162 -8.776993 -0.508263 -0.122892 -2.591160 -1.570351 2.758730 -0.013085 2.805216 0.408100 0.345861 2.171210 0.205601 10.152526 -0.603289 -0.123020 0.828502 4.002943
1 73.083162 -8.776993 -0.508263 -0.122892 -2.591160 -1.570351 2.758730 -0.013085 2.805216 0.408100 0.345861 2.171210 0.205601 10.152526 -0.603289 -0.123020 0.828502 4.002943
1 70.558039 -8.745130 -0.511107 -0.126747 -2.607293 -1.600241 2.769361 -0.045805 2.808584 0.412312 0.318331 2.211796 0.219076 10.177055 -0.605578 -0.118731 0.804575 4.019593
1 70.558039 -8.745130 -0.511107 -0.126747 -2.607293 -1.600241 2.769361 -0.045805 2.808584 0.412312 0.318331 2.211796 0.219076 10.177055 -0.605578 -0.118731 0.804575 4.019593
1 70.558039 -8.745130 -0.511107 -0.126747 -2.607293 -1.600241 2.769361 -0.045805 2.808584 0.412312 0.318331 2.211796 0.219076 10.177055 -0.605578 -0.118731 0.804575 4.019593
1 68.453832 -8.749687 -0.502923 -0.132980 -2.594938 -1.598729 2.750874 -0.074036 2.836258 0.403620 0.296165 2.178187 0.223126 10.164381 -0.591758 -0.140585 0.801032 3.982975
1 68.453832 -8.749687 -0.502923 -0.132980 -2.594938 -1.598729 2.750874 -0.074036 2.836258 0.403620 0.296165 2.178187 0.223126 10.164381 -0.591758 -0.140585 0.801032 3.982975
1 68.453832 -8.749687 -0.502923 -0.132980 -2.594938 -1.598729 2.750874 -0.074036 2.836258 0.403620 0.296165 2.178187 0.223126 10.164381 -0.591758 -0.140585 0.801032 3.982975
1 68.453832 -8.749687 -0.502923 -0.132980 -2.594938 -1.598729 2.750874 -0.074036 2.836258 0.403620 0.296165 2.178187 0.223126 10.164381 -0.591758 -0.140585 0.801032 3.982975
1 68.453832 -8.749687 -0.502923 -0.132980 -2.594938 -1.598729 2.750874 -0.074036 2.836258 0.403620 0.296165 2.178187 0.223126 10.164381 -0.591758 -0.140585 0.801032 3.982975
1 68.453832 -8.749687 -0.502923 -0.132980 -2.594938 -1.598729 2.750874 -0.074036 2.836258 0.403620 0.296165 2.178187 0.223126 10.164381 -0.591758 -0.140585 0.801032 3.982975
1 68.453832 -8.749687 -0.502923 -0.132980 -2.594938 -1.598729 2.750874 -0.074036 2.836258 0.403620 0.296165 2.178187 0.223126 10.164381 -0.591758 -0.140585 0.801032 3.982975
1 68.453832 -8.749687 -0.502923 -0.132980 -2.594938 -1.598729 2.750874 -0.074036 2.836258 0.403620 0.296165 2.178187 0.223126 10.164381 -0.591758 -0.140585 0.801032 3.982975
1 68.453832 -8.749687 -0.502923 -0.132980 -2.594938 -1.598729 2.750874 -0.074036 2.836258 0.403620 0.296165 2.178187 0.223126 10.164381 -0.591758 -0.140585 0.801032 3.982975
1 68.453832 -8.749687 -0.502923 -0.132980 -2.594938 -1.598729 2.750874 -0.074036 2.836258 0.403620 0.296165 2.178187 0.223126 10.164381 -0.591758 -0.140585 0.801032 3.982975
1 68.453832 -8.749687 -0.502923 -0.132980 -2.594938 -1.598729 2.750874 -0.074036 2.836258 0.403620 0.296165 2.178187 0.223126 10.164381 -0.591758 -0.140585 0.801032 3.982975
1 68.453832 -8.749687 -0.502923 -0.132980 -2.594938 -1.598729 2.750874 -0.074036 2.836258 0.403620 0.296165 2.178187 0.223126 10.164381 -0.591758 -0.140585 0.801032 3.982975
1 68.453832 -8.749687 -0.502923 -0.132980 -2.594938 -1.598729 2.750874 -0.074036 2.836258 0.403620 0.296165 2.178187 0.223126 10.164381 -0.591758 -0.140585 0.801032 3.982975
1 68.453832 -8.749687 -0.502923 -0.132980 -2.594938 -1.598729 2.750874 -0.074036 2.836258 0.403620 0.296165 2.178187 0.223126 10.164381 -0.591758 -0.140585 0.801032 3.982975
1 68.453832 -8.749687 -0.502923 -0.132980 -2.594938 -1.598729 2.750874 -0.074036 2.836258 0.403620 0.296165 2.178187 0.223126 10.164381 -0.591758 -0.140585 0.801032 3.982975
1 68.453832 -8.749687 -0.502923 -0.132980 -2.594938 -1.598729 2.750874 -0.074036 2.836258 0.403620 0.296165 2.178187 0.223126 10.164381 -0.591758 -0.140585 0.801032 3.982975
1 68.453832 -8.749687 -0.502923 -0.132980 -2.594938 -1.598729 2.750874 -0.074036 2.836258 0.403620 0.296165 2.178187 0.223126 10.164381 -0.591758 -0.140585 0.801032 3.982975
1 68.453832 -8.749687 -0.502923 -0.132980 -2.594938 -1.598729 2.750874 -0.074036 2.836258 0.403620 0.296165 2.178187 0.223126 10.164381 -0.591758 -0.140585 0.801032 3.982975
1 68.453832 -8.749687 -0.502923 -0.132980 -2.594938 -1.598729 2.750874 -0.074036 2.836258 0.403620 0.296165 2.178187 0.223126 10.164381 -0.591758 -0.140585 0.801032 3.982975
1 68.453832 -8.749687 -0.502923 -0.132980 -2.594938 -1.598729 2.750874 -0.074036 2.836258 0.403620 0.296165 2.178187 0.223126 10.164381 -0.591758 -0.140585 0.801032 3.982975
1 68.453832 -8.749687 -0.502923 -0.132980 -2.594938 -1.598729 2.750874 -0.074036 2.836258 0.403620 0.296165 2.178187 0.223126 10.164381 -0.591758 -0.140585 0.801032 3.982975
1 68.453832 -8.749687 -0.502923 -0.132980 -2.594938 -1.598729 2.750874 -0.074036 2.836258 0.403620 0.296165 2.178187 0.223126 10.164381 -0.591758 -0.140585 0.801032 3.982975
1 68.453832 -8.749687 -0.502923 -0.132980 -2.594938 -1.598729 2.750874 -0.074036 2.836258 0.403620 0.296165 2.178187 0.223126 10.164381 -0.591758 -0.140585 0.801032 3.982975
1 68.453832 -8.749687 -0.502923 -0.132980 -2.594938 -1.598729 2.750874 -0.074036 2.836258 0.403620 0.296165 2.178187 0.223126 10.164381 -0.591758 -0.140585 0.801032 3.982975
1 68.453832 -8.749687 -0.502923 -0.132980 -2.594938 -1.598729 2.750874 -0.074036 2.836258 0.403620 0.296165 2.178187 0.223126 10.164381 -0.591758 -0.140585 0.801032 3.982975
1 68.453832 -8.749687 -0.502923 -0.132980 -2.594938 -1.598729 2.750874 -0.074036 2.836258 0.403620 0.296165 2.178187 0.223126 10.164381 -0.591758 -0.140585 0.801032 3.982975
1 68.453832 -8.749687 -0.502923 -0.132980 -2.594938 -1.598729 2.750874 -0.074036 2.836258 0.403620 0.296165 2.178187 0.223126 10.164381 -0.591758 -0.140585 0.801032 3.982975
1 68.453832 -8.749687 -0.502923 -0.132980 -2.594938 -1.598729 2.750874 -0.074036 2.836258 0.403620 0.296165 2.178187 0.223126 10.164381 -0.591758 -0.140585 0.801032 3.982975
1 68.453832 -8.749687 -0.502923 -0.132980 -2.594938 -1.598729 2.750874 -0.074036 2.836258 0.403620 0.296165 2.178187 0.223126 10.164381 -0.591758 -0.140585 0.801032 3.982975
1 68.453832 -8.749687 -0.502923 -0.132980 -2.594938 -1.598729 2.750874 -0.074036 2.836258 0.403620 0.296165 2.178187 0.223126 10.164381 -0.591758 -0.140585 0.801032 3.982975
1 68.453832 -8.749687 -0.502923 -0.132980 -2.594938 -1.598729 2.750874 -0.074036 2.836258 0.403620 0.296165 2.178187 0.223126 10.164381 -0.591758 -0.140585 0.801032 3.982975
1 68.453832 -8.749687 -0.502923 -0.132980 -2.594938 -1.598729 2.750874 -0.074036 2.836258 0.403620 0.296165 2.178187 0.223126 10.164381 -0.591758 -0.140585 0.801032 3.982975
1 68.453832 -8.749687 -0.502923 -0.132980 -2.594938 -1.598729 2.750874 -0.074036 2.836258 0.403620 0.296165 2.178187 0.223126 10.164381 -0.591758 -0.140585 0.801032 3.982975
1 68.453832 -8.749687 -0.502923 -0.132980 -2.594938 -1.598729 2.750874 -0.074036 2.836258 0.403620 0.296165 2.178187 0.223126 10.164381 -0.591758 -0.140585 0.801032 3.982975
1 68.453832 -8.749687 -0.502923 -0.132980 -2.594938 -1.598729 2.750874 -0.074036 2.836258 0.403620 0.296165 2.178187 0.223126 10.164381 -0.591758 -0.140585 0.801032 3.982975
1 68.453832 -8.749687 -0.502923 -0.132980 -2.594938 -1.598729 2.750874 -0.074036 2.836258 0.403620 0.296165 2.178187 0.223126 10.164381 -0.591758 -0.140585 0.801032 3.982975
1 68.453832 -8.749687 -0.502923 -0.132980 -2.594938 -1.598729 2.750874 -0.074036 2.836258 0.403620 0.296165 2.178187 0.223126 10.164381 -0.591758 -0.140585 0.801032 3.982975
1 68.453832 -8.749687 -0.502923 -0.132980 -2.594938 -1.598729 2.750874 -0.074036 2.836258 0.403620 0.296165 2.178187 0.223126 10.164381 -0.591758 -0.140585 0.801032 3.982975
1 68.453832 -8.749687 -0.502923 -0.132980 -2.594938 -1.598729 2.750874 -0.074036 2.836258 0.403620 0.296165 2.178187 0.223126 10.164381 -0.591758 -0.140585 0.801032 3.982975
1 68.453832 -8.749687 -0.502923 -0.132980 -2.594938 -1.598729 2.750874 -0.074036 2.836258 0.403620 0.296165 2.178187 0.223126 10.164381 -0.591758 -0.140585 0.801032 3.982975
1 68.453832 -8.749687 -0.502923 -0.132980 -2.594938 -1.598729 2.750874 -0.074036 2.836258 0.403620 0.296165 2.178187 0.223126 10.164381 -0.591758 -0.140585 0.801032 3.982975
1 68.453832 -8.749687 -0.502923 -0.132980 -2.594938 -1.598729 2.750874 -0.074036 2.836258 0.403620 0.296165 2.178187 0.223126 10.164381 -0.591758 -0.140585 0.801032 3.982975
1 68.453832 -8.749687 -0.502923 -0.132980 -2.594938 -1.598729 2.750874 -0.074036 2.836258 0.403620 0.296165 2.178187 0.223126 10.164381 -0.591758 -0.140585 0.801032 3.982975
1 68.453832 -8.749687 -0.502923 -0.132980 -2.594938 -1.598729 2.750874 -0.074036 2.836258 0.403620 0.296165 2.178187 0.223126 10.164381 -0.591758 -0.140585 0.801032 3.982975
1 68.453832 -8.749687 -0.502923 -0.132980 -2.594938 -1.598729 2.750874 -0.074036 2.836258 0.403620 0.296165 2.178187 0.223126 10.164381 -0.591758 -0.140585 0.801032 3.982975
1 68.453832 -8.749687 -0.502923 -0.132980 -2.594938 -1.598729 2.750874 -0.074036 2.836258 0.403620 0.296165 2.178187 0.223126 10.164381 -0.591758 -0.140585 0.801032 3.982975
1 68.453832 -8.749687 -0.502923 -0.132980 -2.594938 -1.598729 2.750874 -0.074036 2.836258 0.403620 0.296165 2.178187 0.223126 10.164381 -0.591758 -0.140585 0.801032 3.982975
1 68.453832 -8.749687 -0.502923 -0.132980 -2.594938 -1.598729 2.750874 -0.074036 2.836258 0.403620 0.296165 2.178187 0.223126 10.164381 -0.591758 -0.140585 0.801032 3.982975
1 68.453832 -8.749687 -0.502923 -0.132980 -2.594938 -1.598729 2.750874 -0.074036 2.836258 0.403620 0.296165 2.178187 0.223126 10.164381 -0.591758 -0.140585 0.801032 3.982975
1 68.453832 -8.749687 -0.502923 -0.132980 -2.594938 -1.598729 2.750874 -0.074036 2.836258 0.403620 0.296165 2.178187 0.223126 10.164381 -0.591758 -0.140585 0.801032 3.982975
1 68.453832 -8.749687 -0.502923 -0.132980 -2.594938 -1.598729 2.750874 -0.074036 2.836258 0.403620 0.296165 2.178187 0.223126 10.164381 -0.591758 -0.140585 0.801032 3.982975
1 68.453832 -8.749687 -0.502923 -0.132980 -2.594938 -1.598729 2.750874 -0.074036 2.836258 0.403620 0.296165 2.178187 0.223126 10.164381 -0.591758 -0.140585 0.801032 3.982975
1 68.453832 -8.749687 -0.502923 -0.132980 -2.594938 -1.598729 2.750874 -0.074036 2.836258 0.403620 0.296165 2.178187 0.223126 10.164381 -0.591758 -0.140585 0.801032 3.982975
1 68.453832 -8.749687 -0.502923 -0.132980 -2.594938 -1.598729 2.750874 -0.074036 2.836258 0.403620 0.296165 2.178187 0.223126 10.164381 -0.591758 -0.140585 0.801032 3.982975
1 68.453832 -8.749687 -0.502923 -0.132980 -2.594938 -1.598729 2.750874 -0.074036 2.836258 0.403620 0.296165 2.178187 0.223126 10.164381 -0.591758 -0.140585 0.801032 3.982975
1 68.453832 -8.749687 -0.502923 -0.132980 -2.594938 -1.598729 2.750874 -0.074036 2.836258 0.403620 0.296165 2.178187 0.223126 10.164381 -0.591758 -0.140585 0.801032 3.982975
1 68.453832 -8.749687 -0.502923 -0.132980 -2.594938 -1.598729 2.750874 -0.074036 2.836258 0.403620 0.296165 2.178187 0.223126 10.164381 -0.591758 -0.140585 0.801032 3.982975
1 68.453832 -8.749687 -0.502923 -0.132980 -2.594938 -1.598729 2.750874 -0.074036 2.836258 0.403620 0.296165 2.178187 0.223126 10.164381 -0.591758 -0.140585 0.801032 3.982975
1 68.453832 -8.749687 -0.502923 -0.132980 -2.594938 -1.598729 2.750874 -0.074036 2.836258 0.403620 0.296165 2.178187 0.223126 10.164381 -0.591758 -0.140585 0.801032 3.982975
1 68.453832 -8.749687 -0.502923 -0.132980 -2.594938 -1.598729 2.750874 -0.074036 2.836258 0.403620 0.296165 2.178187 0.223126 10.164381 -0.591758 -0.140585 0.801032 3.982975
1 68.453832 -8.749687 -0.502923 -0.132980 -2.594938 -1.598729 2.750874 -0.074036 2.836258 0.403620 0.296165 2.178187 0.223126 10.164381 -0.591758 -0.140585 0.801032 3.982975
1 68.453832 -8.749687 -0.502923 -0.132980 -2.594938 -1.598729 2.750874 -0.074036 2.836258 0.403620 0.296165 2.178187 0.223126 10.164381 -0.591758 -0.140585 0.801032 3.982975
1 68.453832 -8.749687 -0.502923 -0.132980 -2.594938 -1.598729 2.750874 -0.074036 2.836258 0.403620 0.296165 2.178187 0.223126 10.164381 -0.591758 -0.140585 0.801032 3.982975
1 68.453832 -8.749687 -0.502923 -0.132980 -2.594938 -1.598729 2.750874 -0.074036 2.836258 0.403620 0.296165 2.178187 0.223126 10.164381 -0.591758 -0.140585 0.801032 3.982975
1 68.453832 -8.749687 -0.502923 -0.132980 -2.594938 -1.598729 2.750874 -0.074036 2.836258 0.403620 0.296165 2.178187 0.223126 10.164381 -0.591758 -0.140585 0.801032 3.982975
1 68.453832 -8.749687 -0.502923 -0.132980 -2.594938 -1.598729 2.750874 -0.074036 2.836258 0.403620 0.296165 2.178187 0.223126 10.164381 -0.591758 -0.140585 0.801032 3.982975
1 68.453832 -8.749687 -0.502923 -0.132980 -2.594938 -1.598729 2.750874 -0.074036 2.836258 0.403620 0.296165 2.178187 0.223126 10.164381 -0.591758 -0.140585 0.801032 3.982975
1 68.453832 -8.749687 -0.502923 -0.132980 -2.594938 -1.598729 2.750874 -0.074036 2.836258 0.403620 0.296165 2.178187 0.223126 10.164381 -0.591758 -0.140585 0.801032 3.982975
1 68.453832 -8.749687 -0.502923 -0.132980 -2.594938 -1.598729 2.750874 -0.074036 2.836258 0.403620 0.296165 2.178187 0.223126 10.164381 -0.591758 -0.140585 0.801032 3.982975
1 68.453832 -8.749687 -0.502923 -0.132980 -2.594938 -1.598729 2.750874 -0.074036 2.836258 0.403620 0.296165 2.178187 0.223126 10.164381 -0.591758 -0.140585 0.801032 3.982975
1 68.453832 -8.749687 -0.502923 -0.132980 -2.594938 -1.598729 2.750874 -0.074036 2.836258 0.403620 0.296165 2.178187 0.223126 10.164381 -0.591758 -0.140585 0.801032 3.982975
1 68.453832 -8.749687 -0.502923 -0.132980 -2.594938 -1.598729 2.750874 -0.074036 2.836258 0.403620 0.296165 2.178187 0.223126 10.164381 -0.591758 -0.140585 0.801032 3.982975
1 68.453832 -8.749687 -0.502923 -0.132980 -2.594938 -1.598729 2.750874 -0.074036 2.836258 0.403620 0.296165 2.178187 0.223126 10.164381 -0.591758 -0.140585 0.801032 3.982975
1 68.453832 -8.749687 -0.502923 -0.132980 -2.594938 -1.598729 2.750874 -0.074036 2.836258 0.403620 0.296165 2.178187 0.223126 10.164381 -0.591758 -0.140585 0.801032 3.982975
1 68.453832 -8.749687 -0.502923 -0.132980 -2.594938 -1.598729 2.750874 -0.074036 2.836258 0.403620 0.296165 2.178187 0.223126 10.164381 -0.591758 -0.140585 0.801032 3.982975
1 68.453832 -8.749687 -0.502923 -0.132980 -2.594938 -1.598729 2.750874 -0.074036 2.836258 0.403620 0.296165 2.178187 0.223126 10.164381 -0.591758 -0.140585 0.801032 3.982975
1 68.453832 -8.749687 -0.502923 -0.132980 -2.594938 -1.598729 2.750874 -0.074036 2.836258 0.403620 0.296165 2.178187 0.223126 10.164381 -0.591758 -0.140585 0.801032 3.982975
1 68.453832 -8.749687 -0.502923 -0.132980 -2.594938 -1.598729 2.750874 -0.074036 2.836258 0.403620 0.296165 2.178187 0.223126 10.164381 -0.591758 -0.140585 0.801032 3.982975
1 68.453832 -8.749687 -0.502923 -0.132980 -2.594938 -1.598729 2.750874 -0.074036 2.836258 0.403620 0.296165 2.178187 0.223126 10.164381 -0.591758 -0.140585 0.801032 3.982975
1 68.453832 -8.749687 -0.502923 -0.132980 -2.594938 -1.598729 2.750874 -0.074036 2.836258 0.403620 0.296165 2.178187 0.223126 10.164381 -0.591758 -0.140585 0.801032 3.982975
1 68.453832 -8.749687 -0.502923 -0.132980 -2.594938 -1.598729 2.750874 -0.074036 2.836258 0.403620 0.296165 2.178187 0.223126 10.164381 -0.591758 -0.140585 0.801032 3.982975
1 68.453832 -8.749687 -0.502923 -0.132980 -2.594938 -1.598729 2.750874 -0.074036 2.836258 0.403620 0.296165 2.178187 0.223126 10.164381 -0.591758 -0.140585 0.801032 3.982975
1 68.453832 -8.749687 -0.502923 -0.132980 -2.594938 -1.598729 2.750874 -0.074036 2.836258 0.403620 0.296165 2.178187 0.223126 10.164381 -0.591758 -0.140585 0.801032 3.982975
1 68.505958 -8.756886 -0.508813 -0.149043 -2.657362 -1.620647 2.776753 -0.066652 2.850322 0.425570 0.318295 2.174802 0.222422 10.191981 -0.590619 -0.135517 0.770414 3.988887
1 68.505958 -8.756886 -0.508813 -0.149043 -2.657362 -1.620647 2.776753 -0.066652 2.850322 0.425570 0.318295 2.174802 0.222422 10.191981 -0.590619 -0.135517 0.770414 3.988887
1 68.505958 -8.756886 -0.508813 -0.149043 -2.657362 -1.620647 2.776753 -0.066652 2.850322 0.425570 0.318295 2.174802 0.222422 10.191981 -0.590619 -0.135517 0.770414 3.988887
1 68.505958 -8.756886 -0.508813 -0.149043 -2.657362 -1.620647 2.776753 -0.066652 2.850322 0.425570 0.318295 2.174802 0.222422 10.191981 -0.590619 -0.135517 0.770414 3.988887
1 68.505958 -8.756886 -0.508813 -0.149043 -2.657362 -1.620647 2.776753 -0.066652 2.850322 0.425570 0.318295 2.174802 0.222422 10.191981 -0.590619 -0.135517 0.770414 3.988887
1 68.505958 -8.756886 -0.508813 -0.149043 -2.657362 -1.620647 2.776753 -0.066652 2.850322 0.425570 0.318295 2.174802 0.222422 10.191981 -0.590619 -0.135517 0.770414 3.988887
1 68.505958 -8.756886 -0.508813 -0.149043 -2.657362 -1.620647 2.776753 -0.066652 2.850322 0.425570 0.318295 2.174802 0.222422 10.191981 -0.590619 -0.135517 0.770414 3.988887
1 69.658644 -8.744743 -0.525096 -0.166427 -2.663842 -1.605525 2.793334 -0.110313 2.848598 0.396112 0.358653 2.162415 0.207577 10.159215 -0.585546 -0.159159 0.763697 3.986932
1 66.825311 -8.757045 -0.502863 -0.169478 -2.686146 -1.593950 2.794996 -0.082721 2.891906 0.404118 0.384016 2.179020 0.246249 10.169373 -0.596724 -0.190721 0.770851 3.991406
1 66.825311 -8.757045 -0.502863 -0.169478 -2.686146 -1.593950 2.794996 -0.082721 2.891906 0.404118 0.384016 2.179020 0.246249 10.169373 -0.596724 -0.190721 0.770851 3.991406
1 66.164237 -8.770184 -0.470704 -0.154455 -2.685736 -1.598918 2.790408 -0.055060 2.862266 0.406278 0.419943 2.142800 0.233179 10.200542 -0.650060 -0.206793 0.753376 4.018384
1 62.899744 -8.759118 -0.415432 -0.144912 -2.678948 -1.597551 2.763531 -0.056137 2.785689 0.424937 0.416809 2.118162 0.228566 10.236300 -0.617372 -0.234065 0.765386 3.996159
1 62.899744 -8.759118 -0.415432 -0.144912 -2.678948 -1.597551 2.763531 -0.056137 2.785689 0.424937 0.416809 2.118162 0.228566 10.236300 -0.617372 -0.234065 0.765386 3.996159
1 62.899744 -8.759118 -0.415432 -0.144912 -2.678948 -1.597551 2.763531 -0.056137 2.785689 0.424937 0.416809 2.118162 0.228566 10.236300 -0.617372 -0.234065 0.765386 3.996159
1 62.899744 -8.759118 -0.415432 -0.144912 -2.678948 -1.597551 2.763531 -0.056137 2.785689 0.424937 0.416809 2.118162 0.228566 10.236300 -0.617372 -0.234065 0.765386 3.996159
1 62.899744 -8.759118 -0.415432 -0.144912 -2.678948 -1.597551 2.763531 -0.056137 2.785689 0.424937 0.416809 2.118162 0.228566 10.236300 -0.617372 -0.234065 0.765386 3.996159
1 62.899744 -8.759118 -0.415432 -0.144912 -2.678948 -1.597551 2.763531 -0.056137 2.785689 0.424937 0.416809 2.118162 0.228566 10.236300 -0.617372 -0.234065 0.765386 3.996159
1 62.899744 -8.759118 -0.415432 -0.144912 -2.678948 -1.597551 2.763531 -0.056137 2.785689 0.424937 0.416809 2.118162 0.228566 10.236300 -0.617372 -0.234065 0.765386 3.996159
1 62.899744 -8.759118 -0.415432 -0.144912 -2.678948 -1.597551 2.763531 -0.056137 2.785689 0.424937 0.416809 2.118162 0.228566 10.236300 -0.617372 -0.234065 0.765386 3.996159
1 62.899744 -8.759118 -0.415432 -0.144912 -2.678948 -1.597551 2.763531 -0.056137 2.785689 0.424937 0.416809 2.118162 0.228566 10.236300 -0.617372 -0.234065 0.765386 3.996159
1 61.879984 -8.743237 -0.433864 -0.131133 -2.674814 -1.589879 2.809740 -0.058596 2.828922 0.406649 0.407022 2.118064 0.249627 10.214108 -0.616963 -0.223218 0.738787 3.982729
1 61.879984 -8.743237 -0.433864 -0.131133 -2.674814 -1.589879 2.809740 -0.058596 2.828922 0.406649 0.407022 2.118064 0.249627 10.214108 -0.616963 -0.223218 0.738787 3.982729
1 61.879984 -8.743237 -0.433864 -0.131133 -2.674814 -1.589879 2.809740 -0.058596 2.828922 0.406649 0.407022 2.118064 0.249627 10.214108 -0.616963 -0.223218 0.738787 3.982729
1 61.879984 -8.743237 -0.433864 -0.131133 -2.674814 -1.589879 2.809740 -0.058596 2.828922 0.406649 0.407022 2.118064 0.249627 10.214108 -0.616963 -0.223218 0.738787 3.982729
1 61.879984 -8.743237 -0.433864 -0.131133 -2.674814 -1.589879 2.809740 -0.058596 2.828922 0.406649 0.407022 2.118064 0.249627 10.214108 -0.616963 -0.223218 0.738787 3.982729
1 61.879984 -8.743237 -0.433864 -0.131133 -2.674814 -1.589879 2.809740 -0.058596 2.828922 0.406649 0.407022 2.118064 0.249627 10.214108 -0.616963 -0.223218 0.738787 3.982729
1 61.879984 -8.743237 -0.433864 -0.131133 -2.674814 -1.589879 2.809740 -0.058596 2.828922 0.406649 0.407022 2.118064 0.249627 10.214108 -0.616963 -0.223218 0.738787 3.982729
1 61.879984 -8.743237 -0.433864 -0.131133 -2.674814 -1.589879 2.809740 -0.058596 2.828922 0.406649 0.407022 2.118064 0.249627 10.214108 -0.616963 -0.223218 0.738787 3.982729
1 61.879984 -8.743237 -0.433864 -0.131133 -2.674814 -1.589879 2.809740 -0.058596 2.828922 0.406649 0.407022 2.118064 0.249627 10.214108 -0.616963 -0.223218 0.738787 3.982729
1 61.879984 -8.743237 -0.433864 -0.131133 -2.674814 -1.589879 2.809740 -0.058596 2.828922 0.406649 0.407022 2.118064 0.249627 10.214108 -0.616963 -0.223218 0.738787 3.982729
1 61.879984 -8.743237 -0.433864 -0.131133 -2.674814 -1.589879 2.809740 -0.058596 2.828922 0.406649 0.407022 2.118064 0.249627 10.214108 -0.616963 -0.223218 0.738787 3.982729
1 61.879984 -8.743237 -0.433864 -0.131133 -2.674814 -1.589879 2.809740 -0.058596 2.828922 0.406649 0.407022 2.118064 0.249627 10.214108 -0.616963 -0.223218 0.738787 3.982729
1 61.879984 -8.743237 -0.433864 -0.131133 -2.674814 -1.589879 2.809740 -0.058596 2.828922 0.406649 0.407022 2.118064 0.249627 10.214108 -0.616963 -0.223218 0.738787 3.982729
1 61.879984 -8.743237 -0.433864 -0.131133 -2.674814 -1.589879 2.809740 -0.058596 2.828922 0.406649 0.407022 2.118064 0.249627 10.214108 -0.616963 -0.223218 0.738787 3.982729
1 61.879984 -8.743237 -0.433864 -0.131133 -2.674814 -1.589879 2.809740 -0.058596 2.828922 0.406649 0.407022 2.118064 0.249627 10.214108 -0.616963 -0.223218 0.738787 3.982729
1 61.437117 -8.725661 -0.388662 -0.113723 -2.657811 -1.607188 2.804355 -0.057756 2.831030 0.405367 0.391808 2.095546 0.242547 10.226388 -0.619867 -0.231135 0.736464 3.995066
1 61.437117 -8.725661 -0.388662 -0.113723 -2.657811 -1.607188 2.804355 -0.057756 2.831030 0.405367 0.391808 2.095546 0.242547 10.226388 -0.619867 -0.231135 0.736464 3.995066
1 61.437117 -8.725661 -0.388662 -0.113723 -2.657811 -1.607188 2.804355 -0.057756 2.831030 0.405367 0.391808 2.095546 0.242547 10.226388 -0.619867 -0.231135 0.736464 3.995066
1 61.662623 -8.706933 -0.443789 -0.085959 -2.645439 -1.615391 2.833911 -0.070180 2.838515 0.411024 0.374063 2.087445 0.243890 10.248098 -0.622653 -0.270227 0.763857 4.009066
1 61.662623 -8.706933 -0.443789 -0.085959 -2.645439 -1.615391 2.833911 -0.070180 2.838515 0.411024 0.374063 2.087445 0.243890 10.248098 -0.622653 -0.270227 0.763857 4.009066
1 61.662623 -8.706933 -0.443789 -0.085959 -2.645439 -1.615391 2.833911 -0.070180 2.838515 0.411024 0.374063 2.087445 0.243890 10.248098 -0.622653 -0.270227 0.763857 4.009066
1 61.662623 -8.706933 -0.443789 -0.085959 -2.645439 -1.615391 2.833911 -0.070180 2.838515 0.411024 0.374063 2.087445 0.243890 10.248098 -0.622653 -0.270227 0.763857 4.009066
1 61.662623 -8.706933 -0.443789 -0.085959 -2.645439 -1.615391 2.833911 -0.070180 2.838515 0.411024 0.374063 2.087445 0.243890 10.248098 -0.622653 -0.270227 0.763857 4.009066
1 61.662623 -8.706933 -0.443789 -0.085959 -2.645439 -1.615391 2.833911 -0.070180 2.838515 0.411024 0.374063 2.087445 0.243890 10.248098 -0.622653 -0.270227 0.763857 4.009066
1 58.672832 -8.704654 -0.409800 -0.067965 -2.645371 -1.625352 2.831131 -0.055181 2.835588 0.425758 0.406141 2.094661 0.263100 10.228813 -0.657999 -0.259264 0.758062 3.989389
1 58.672832 -8.704654 -0.409800 -0.067965 -2.645371 -1.625352 2.831131 -0.055181 2.835588 0.425758 0.406141 2.094661 0.263100 10.228813 -0.657999 -0.259264 0.758062 3.989389
1 58.672832 -8.704654 -0.409800 -0.067965 -2.645371 -1.625352 2.831131 -0.055181 2.835588 0.425758 0.406141 2.094661 0.263100 10.228813 -0.657999 -0.259264 0.758062 3.989389
1 58.672832 -8.704654 -0.409800 -0.067965 -2.645371 -1.625352 2.831131 -0.055181 2.835588 0.425758 0.406141 2.094661 0.263100 10.228813 -0.657999 -0.259264 0.758062 3.989389
1 58.112282 -8.735077 -0.411803 -0.071475 -2.660694 -1.653799 2.870225 -0.071644 2.812431 0.443251 0.370345 2.076058 0.263390 10.248720 -0.667388 -0.245019 0.722443 4.010065
1 58.112282 -8.735077 -0.411803 -0.071475 -2.660694 -1.653799 2.870225 -0.071644 2.812431 0.443251 0.370345 2.076058 0.263390 10.248720 -0.667388 -0.245019 0.722443 4.010065
1 58.112282 -8.735077 -0.411803 -0.071475 -2.660694 -1.653799 2.870225 -0.071644 2.812431 0.443251 0.370345 2.076058 0.263390 10.248720 -0.667388 -0.245019 0.722443 4.010065
1 58.112282 -8.735077 -0.411803 -0.071475 -2.660694 -1.653799 2.870225 -0.071644 2.812431 0.443251 0.370345 2.076058 0.263390 10.248720 -0.667388 -0.245019 0.722443 4.010065
1 58.112282 -8.735077 -0.411803 -0.071475 -2.660694 -1.653799 2.870225 -0.071644 2.812431 0.443251 0.370345 2.076058 0.263390 10.248720 -0.667388 -0.245019 0.722443 4.010065
1 55.896229 -8.752087 -0.406944 -0.019337 -2.623905 -1.629132 2.872986 -0.104699 2.796260 0.441908 0.360270 2.047052 0.240857 10.251708 -0.672268 -0.244250 0.732611 4.040309
1 55.896229 -8.752087 -0.406944 -0.019337 -2.623905 -1.629132 2.872986 -0.104699 2.796260 0.441908 0.360270 2.047052 0.240857 10.251708 -0.672268 -0.244250 0.732611 4.040309
1 55.896229 -8.752087 -0.406944 -0.019337 -2.623905 -1.629132 2.872986 -0.104699 2.796260 0.441908 0.360270 2.047052 0.240857 10.251708 -0.672268 -0.244250 0.732611 4.040309
1 54.507232 -8.745362 -0.425242 -0.037720 -2.622601 -1.605840 2.919193 -0.148527 2.778318 0.475150 0.362040 2.047427 0.250298 10.262020 -0.678096 -0.225409 0.702159 4.046060
1 54.507232 -8.745362 -0.425242 -0.037720 -2.622601 -1.605840 2.919193 -0.148527 2.778318 0.475150 0.362040 2.047427 0.250298 10.262020 -0.678096 -0.225409 0.702159 4.046060
1 54.161137 -8.731734 -0.442853 -0.017217 -2.632040 -1.650349 2.913702 -0.141698 2.801618 0.465504 0.379712 2.043403 0.263279 10.244528 -0.658123 -0.195917 0.738483 4.047458
1 54.161137 -8.731734 -0.442853 -0.017217 -2.632040 -1.650349 2.913702 -0.141698 2.801618 0.465504 0.379712 2.043403 0.263279 10.244528 -0.658123 -0.195917 0.738483 4.047458
1 54.161137 -8.731734 -0.442853 -0.017217 -2.632040 -1.650349 2.913702 -0.141698 2.801618 0.465504 0.379712 2.043403 0.263279 10.244528 -0.658123 -0.195917 0.738483 4.047458
1 54.161137 -8.731734 -0.442853 -0.017217 -2.632040 -1.650349 2.913702 -0.141698 2.801618 0.465504 0.379712 2.043403 0.263279 10.244528 -0.658123 -0.195917 0.738483 4.047458
1 54.161137 -8.731734 -0.442853 -0.017217 -2.632040 -1.650349 2.913702 -0.141698 2.801618 0.465504 0.379712 2.043403 0.263279 10.244528 -0.658123 -0.195917 0.738483 4.047458
1 54.161137 -8.731734 -0.442853 -0.017217 -2.632040 -1.650349 2.913702 -0.141698 2.801618 0.465504 0.379712 2.043403 0.263279 10.244528 -0.658123 -0.195917 0.738483 4.047458
1 54.161137 -8.731734 -0.442853 -0.017217 -2.632040 -1.650349 2.913702 -0.141698 2.801618 0.465504 0.379712 2.043403 0.263279 10.244528 -0.658123 -0.195917 0.738483 4.047458
1 54.161137 -8.731734 -0.442853 -0.017217 -2.632040 -1.650349 2.913702 -0.141698 2.801618 0.465504 0.379712 2.043403 0.263279 10.244528 -0.658123 -0.195917 0.738483 4.047458
1 54.161137 -8.731734 -0.442853 -0.017217 -2.632040 -1.650349 2.913702 -0.141698 2.801618 0.465504 0.379712 2.043403 0.263279 10.244528 -0.658123 -0.195917 0.738483 4.047458
1 54.161137 -8.731734 -0.442853 -0.017217 -2.632040 -1.650349 2.913702 -0.141698 2.801618 0.465504 0.379712 2.043403 0.263279 10.244528 -0.658123 -0.195917 0.738483 4.047458
1 54.161137 -8.731734 -0.442853 -0.017217 -2.632040 -1.650349 2.913702 -0.141698 2.801618 0.465504 0.379712 2.043403 0.263279 10.244528 -0.658123 -0.195917 0.738483 4.047458
1 54.161137 -8.731734 -0.442853 -0.017217 -2.632040 -1.650349 2.913702 -0.141698 2.801618 0.465504 0.379712 2.043403 0.263279 10.244528 -0.658123 -0.195917 0.738483 4.047458
1 54.161137 -8.731734 -0.442853 -0.017217 -2.632040 -1.650349 2.913702 -0.141698 2.801618 0.465504 0.379712 2.043403 0.263279 10.244528 -0.658123 -0.195917 0.738483 4.047458
1 53.243193 -8.721491 -0.483067 -0.039755 -2.625969 -1.668504 2.929914 -0.132910 2.788787 0.470398 0.388582 2.036336 0.218775 10.234630 -0.664212 -0.193139 0.739523 4.102183
1 53.243193 -8.721491 -0.483067 -0.039755 -2.625969 -1.668504 2.929914 -0.132910 2.788787 0.470398 0.388582 2.036336 0.218775 10.234630 -0.664212 -0.193139 0.739523 4.102183
1 53.243193 -8.721491 -0.483067 -0.039755 -2.625969 -1.668504 2.929914 -0.132910 2.788787 0.470398 0.388582 2.036336 0.218775 10.234630 -0.664212 -0.193139 0.739523 4.102183
1 53.243193 -8.721491 -0.483067 -0.039755 -2.625969 -1.668504 2.929914 -0.132910 2.788787 0.470398 0.388582 2.036336 0.218775 10.234630 -0.664212 -0.193139 0.739523 4.102183
1 53.243193 -8.721491 -0.483067 -0.039755 -2.625969 -1.668504 2.929914 -0.132910 2.788787 0.470398 0.388582 2.036336 0.218775 10.234630 -0.664212 -0.193139 0.739523 4.102183
1 53.243193 -8.721491 -0.483067 -0.039755 -2.625969 -1.668504 2.929914 -0.132910 2.788787 0.470398 0.388582 2.036336 0.218775 10.234630 -0.664212 -0.193139 0.739523 4.102183
1 53.243193 -8.721491 -0.483067 -0.039755 -2.625969 -1.668504 2.929914 -0.132910 2.788787 0.470398 0.388582 2.036336 0.218775 10.234630 -0.664212 -0.193139 0.739523 4.102183
1 53.243193 -8.721491 -0.483067 -0.039755 -2.625969 -1.668504 2.929914 -0.132910 2.788787 0.470398 0.388582 2.036336 0.218775 10.234630 -0.664212 -0.193139 0.739523 4.102183
1 53.243193 -8.721491 -0.483067 -0.039755 -2.625969 -1.668504 2.929914 -0.132910 2.788787 0.470398 0.388582 2.036336 0.218775 10.234630 -0.664212 -0.193139 0.739523 4.102183
1 53.243193 -8.721491 -0.483067 -0.039755 -2.625969 -1.668504 2.929914 -0.132910 2.788787 0.470398 0.388582 2.036336 0.218775 10.234630 -0.664212 -0.193139 0.739523 4.102183
1 53.243193 -8.721491 -0.483067 -0.039755 -2.625969 -1.668504 2.929914 -0.132910 2.788787 0.470398 0.388582 2.036336 0.218775 10.234630 -0.664212 -0.193139 0.739523 4.102183
1 53.243193 -8.721491 -0.483067 -0.039755 -2.625969 -1.668504 2.929914 -0.132910 2.788787 0.470398 0.388582 2.036336 0.218775 10.234630 -0.664212 -0.193139 0.739523 4.102183
1 53.243193 -8.721491 -0.483067 -0.039755 -2.625969 -1.668504 2.929914 -0.132910 2.788787 0.470398 0.388582 2.036336 0.218775 10.234630 -0.664212 -0.193139 0.739523 4.102183
1 53.243193 -8.721491 -0.483067 -0.039755 -2.625969 -1.668504 2.929914 -0.132910 2.788787 0.470398 0.388582 2.036336 0.218775 10.234630 -0.664212 -0.193139 0.739523 4.102183
1 53.243193 -8.721491 -0.483067 -0.039755 -2.625969 -1.668504 2.929914 -0.132910 2.788787 0.470398 0.388582 2.036336 0.218775 10.234630 -0.664212 -0.193139 0.739523 4.102183
1 53.243193 -8.721491 -0.483067 -0.039755 -2.625969 -1.668504 2.929914 -0.132910 2.788787 0.470398 0.388582 2.036336 0.218775 10.234630 -0.664212 -0.193139 0.739523 4.102183
1 53.243193 -8.721491 -0.483067 -0.039755 -2.625969 -1.668504 2.929914 -0.132910 2.788787 0.470398 0.388582 2.036336 0.218775 10.234630 -0.664212 -0.193139 0.739523 4.102183
1 53.243193 -8.721491 -0.483067 -0.039755 -2.625969 -1.668504 2.929914 -0.132910 2.788787 0.470398 0.388582 2.036336 0.218775 10.234630 -0.664212 -0.193139 0.739523 4.102183
1 53.243193 -8.721491 -0.483067 -0.039755 -2.625969 -1.668504 2.929914 -0.132910 2.788787 0.470398 0.388582 2.036336 0.218775 10.234630 -0.664212 -0.193139 0.739523 4.102183
1 53.243193 -8.721491 -0.483067 -0.039755 -2.625969 -1.668504 2.929914 -0.132910 2.788787 0.470398 0.388582 2.036336 0.218775 10.234630 -0.664212 -0.193139 0.739523 4.102183
1 53.243193 -8.721491 -0.483067 -0.039755 -2.625969 -1.668504 2.929914 -0.132910 2.788787 0.470398 0.388582 2.036336 0.218775 10.234630 -0.664212 -0.193139 0.739523 4.102183
1 53.243193 -8.721491 -0.483067 -0.039755 -2.625969 -1.668504 2.929914 -0.132910 2.788787 0.470398 0.388582 2.036336 0.218775 10.234630 -0.664212 -0.193139 0.739523 4.102183
1 53.243193 -8.721491 -0.483067 -0.039755 -2.625969 -1.668504 2.929914 -0.132910 2.788787 0.470398 0.388582 2.036336 0.218775 10.234630 -0.664212 -0.193139 0.739523 4.102183
1 53.243193 -8.721491 -0.483067 -0.039755 -2.625969 -1.668504 2.929914 -0.132910 2.788787 0.470398 0.388582 2.036336 0.218775 10.234630 -0.664212 -0.193139 0.739523 4.102183
1 53.243193 -8.721491 -0.483067 -0.039755 -2.625969 -1.668504 2.929914 -0.132910 2.788787 0.470398 0.388582 2.036336 0.218775 10.234630 -0.664212 -0.193139 0.739523 4.102183
1 53.243193 -8.721491 -0.483067 -0.039755 -2.625969 -1.668504 2.929914 -0.132910 2.788787 0.470398 0.388582 2.036336 0.218775 10.234630 -0.664212 -0.193139 0.739523 4.102183
1 53.243193 -8.721491 -0.483067 -0.039755 -2.625969 -1.668504 2.929914 -0.132910 2.788787 0.470398 0.388582 2.036336 0.218775 10.234630 -0.664212 -0.193139 0.739523 4.102183
1 53.243193 -8.721491 -0.483067 -0.039755 -2.625969 -1.668504 2.929914 -0.132910 2.788787 0.470398 0.388582 2.036336 0.218775 10.234630 -0.664212 -0.193139 0.739523 4.102183
1 53.243193 -8.721491 -0.483067 -0.039755 -2.625969 -1.668504 2.929914 -0.132910 2.788787 0.470398 0.388582 2.036336 0.218775 10.234630 -0.664212 -0.193139 0.739523 4.102183
1 53.243193 -8.721491 -0.483067 -0.039755 -2.625969 -1.668504 2.929914 -0.132910 2.788787 0.470398 0.388582 2.036336 0.218775 10.234630 -0.664212 -0.193139 0.739523 4.102183
1 53.243193 -8.721491 -0.483067 -0.039755 -2.625969 -1.668504 2.929914 -0.132910 2.788787 0.470398 0.388582 2.036336 0.218775 10.234630 -0.664212 -0.193139 0.739523 4.102183
1 53.243193 -8.721491 -0.483067 -0.039755 -2.625969 -1.668504 2.929914 -0.132910 2.788787 0.470398 0.388582 2.036336 0.218775 10.234630 -0.664212 -0.193139 0.739523 4.102183
1 53.243193 -8.721491 -0.483067 -0.039755 -2.625969 -1.668504 2.929914 -0.132910 2.788787 0.470398 0.388582 2.036336 0.218775 10.234630 -0.664212 -0.193139 0.739523 4.102183
1 53.243193 -8.721491 -0.483067 -0.039755 -2.625969 -1.668504 2.929914 -0.132910 2.788787 0.470398 0.388582 2.036336 0.218775 10.234630 -0.664212 -0.193139 0.739523 4.102183
1 53.243193 -8.721491 -0.483067 -0.039755 -2.625969 -1.668504 2.929914 -0.132910 2.788787 0.470398 0.388582 2.036336 0.218775 10.234630 -0.664212 -0.193139 0.739523 4.102183
1 53.243193 -8.721491 -0.483067 -0.039755 -2.625969 -1.668504 2.929914 -0.132910 2.788787 0.470398 0.388582 2.036336 0.218775 10.234630 -0.664212 -0.193139 0.739523 4.102183
1 53.243193 -8.721491 -0.483067 -0.039755 -2.625969 -1.668504 2.929914 -0.132910 2.788787 0.470398 0.388582 2.036336 0.218775 10.234630 -0.664212 -0.193139 0.739523 4.102183
1 53.243193 -8.721491 -0.483067 -0.039755 -2.625969 -1.668504 2.929914 -0.132910 2.788787 0.470398 0.388582 2.036336 0.218775 10.234630 -0.664212 -0.193139 0.739523 4.102183
1 53.243193 -8.721491 -0.483067 -0.039755 -2.625969 -1.668504 2.929914 -0.132910 2.788787 0.470398 0.388582 2.036336 0.218775 10.234630 -0.664212 -0.193139 0.739523 4.102183
1 53.243193 -8.721491 -0.483067 -0.039755 -2.625969 -1.668504 2.929914 -0.132910 2.788787 0.470398 0.388582 2.036336 0.218775 10.234630 -0.664212 -0.193139 0.739523 4.102183
1 53.243193 -8.721491 -0.483067 -0.039755 -2.625969 -1.668504 2.929914 -0.132910 2.788787 0.470398 0.388582 2.036336 0.218775 10.234630 -0.664212 -0.193139 0.739523 4.102183
1 53.243193 -8.721491 -0.483067 -0.039755 -2.625969 -1.668504 2.929914 -0.132910 2.788787 0.470398 0.388582 2.036336 0.218775 10.234630 -0.664212 -0.193139 0.739523 4.102183
1 53.243193 -8.721491 -0.483067 -0.039755 -2.625969 -1.668504 2.929914 -0.132910 2.788787 0.470398 0.388582 2.036336 0.218775 10.234630 -0.664212 -0.193139 0.739523 4.102183
1 53.243193 -8.721491 -0.483067 -0.039755 -2.625969 -1.668504 2.929914 -0.132910 2.788787 0.470398 0.388582 2.036336 0.218775 10.234630 -0.664212 -0.193139 0.739523 4.102183
1 53.243193 -8.721491 -0.483067 -0.039755 -2.625969 -1.668504 2.929914 -0.132910 2.788787 0.470398 0.388582 2.036336 0.218775 10.234630 -0.664212 -0.193139 0.739523 4.102183
1 53.243193 -8.721491 -0.483067 -0.039755 -2.625969 -1.668504 2.929914 -0.132910 2.788787 0.470398 0.388582 2.036336 0.218775 10.234630 -0.664212 -0.193139 0.739523 4.102183
1 53.243193 -8.721491 -0.483067 -0.039755 -2.625969 -1.668504 2.929914 -0.132910 2.788787 0.470398 0.388582 2.036336 0.218775 10.234630 -0.664212 -0.193139 0.739523 4.102183
1 53.243193 -8.721491 -0.483067 -0.039755 -2.625969 -1.668504 2.929914 -0.132910 2.788787 0.470398 0.388582 2.036336 0.218775 10.234630 -0.664212 -0.193139 0.739523 4.102183
1 53.243193 -8.721491 -0.483067 -0.039755 -2.625969 -1.668504 2.929914 -0.132910 2.788787 0.470398 0.388582 2.036336 0.218775 10.234630 -0.664212 -0.193139 0.739523 4.102183
1 53.243193 -8.721491 -0.483067 -0.039755 -2.625969 -1.668504 2.929914 -0.132910 2.788787 0.470398 0.388582 2.036336 0.218775 10.234630 -0.664212 -0.193139 0.739523 4.102183
1 53.243193 -8.721491 -0.483067 -0.039755 -2.625969 -1.668504 2.929914 -0.132910 2.788787 0.470398 0.388582 2.036336 0.218775 10.234630 -0.664212 -0.193139 0.739523 4.102183
1 53.243193 -8.721491 -0.483067 -0.039755 -2.625969 -1.668504 2.929914 -0.132910 2.788787 0.470398 0.388582 2.036336 0.218775 10.234630 -0.664212 -0.193139 0.739523 4.102183
1 53.243193 -8.721491 -0.483067 -0.039755 -2.625969 -1.668504 2.929914 -0.132910 2.788787 0.470398 0.388582 2.036336 0.218775 10.234630 -0.664212 -0.193139 0.739523 4.102183
1 53.243193 -8.721491 -0.483067 -0.039755 -2.625969 -1.668504 2.929914 -0.132910 2.788787 0.470398 0.388582 2.036336 0.218775 10.234630 -0.664212 -0.193139 0.739523 4.102183
1 53.243193 -8.721491 -0.483067 -0.039755 -2.625969 -1.668504 2.929914 -0.132910 2.788787 0.470398 0.388582 2.036336 0.218775 10.234630 -0.664212 -0.193139 0.739523 4.102183
1 53.243193 -8.721491 -0.483067 -0.039755 -2.625969 -1.668504 2.929914 -0.132910 2.788787 0.470398 0.388582 2.036336 0.218775 10.234630 -0.664212 -0.193139 0.739523 4.102183
1 53.243193 -8.721491 -0.483067 -0.039755 -2.625969 -1.668504 2.929914 -0.132910 2.788787 0.470398 0.388582 2.036336 0.218775 10.234630 -0.664212 -0.193139 0.739523 4.102183
1 53.243193 -8.721491 -0.483067 -0.039755 -2.625969 -1.668504 2.929914 -0.132910 2.788787 0.470398 0.388582 2.036336 0.218775 10.234630 -0.664212 -0.193139 0.739523 4.102183
1 53.243193 -8.721491 -0.483067 -0.039755 -2.625969 -1.668504 2.929914 -0.132910 2.788787 0.470398 0.388582 2.036336 0.218775 10.234630 -0.664212 -0.193139 0.739523 4.102183
1 53.243193 -8.721491 -0.483067 -0.039755 -2.625969 -1.668504 2.929914 -0.132910 2.788787 0.470398 0.388582 2.036336 0.218775 10.234630 -0.664212 -0.193139 0.739523 4.102183
1 53.243193 -8.721491 -0.483067 -0.039755 -2.625969 -1.668504 2.929914 -0.132910 2.788787 0.470398 0.388582 2.036336 0.218775 10.234630 -0.664212 -0.193139 0.739523 4.102183
1 53.243193 -8.721491 -0.483067 -0.039755 -2.625969 -1.668504 2.929914 -0.132910 2.788787 0.470398 0.388582 2.036336 0.218775 10.234630 -0.664212 -0.193139 0.739523 4.102183
1 53.243193 -8.721491 -0.483067 -0.039755 -2.625969 -1.668504 2.929914 -0.132910 2.788787 0.470398 0.388582 2.036336 0.218775 10.234630 -0.664212 -0.193139 0.739523 4.102183
1 53.243193 -8.721491 -0.483067 -0.039755 -2.625969 -1.668504 2.929914 -0.132910 2.788787 0.470398 0.388582 2.036336 0.218775 10.234630 -0.664212 -0.193139 0.739523 4.102183
1 53.243193 -8.721491 -0.483067 -0.039755 -2.625969 -1.668504 2.929914 -0.132910 2.788787 0.470398 0.388582 2.036336 0.218775 10.234630 -0.664212 -0.193139 0.739523 4.102183
1 53.243193 -8.721491 -0.483067 -0.039755 -2.625969 -1.668504 2.929914 -0.132910 2.788787 0.470398 0.388582 2.036336 0.218775 10.234630 -0.664212 -0.193139 0.739523 4.102183
1 54.265002 -8.725013 -0.479611 -0.036151 -2.653193 -1.689003 2.931524 -0.130777 2.787391 0.444643 0.392366 2.067386 0.215011 10.265664 -0.669000 -0.172333 0.749832 4.072178
1 54.265002 -8.725013 -0.479611 -0.036151 -2.653193 -1.689003 2.931524 -0.130777 2.787391 0.444643 0.392366 2.067386 0.215011 10.265664 -0.669000 -0.172333 0.749832 4.072178
1 54.265002 -8.725013 -0.479611 -0.036151 -2.653193 -1.689003 2.931524 -0.130777 2.787391 0.444643 0.392366 2.067386 0.215011 10.265664 -0.669000 -0.172333 0.749832 4.072178
1 51.647507 -8.714207 -0.467087 -0.031672 -2.682937 -1.670550 2.953988 -0.131308 2.750018 0.471824 0.377530 2.071560 0.206225 10.286545 -0.676403 -0.168666 0.761061 4.069064
1 51.647507 -8.714207 -0.467087 -0.031672 -2.682937 -1.670550 2.953988 -0.131308 2.750018 0.471824 0.377530 2.071560 0.206225 10.286545 -0.676403 -0.168666 0.761061 4.069064
1 51.647507 -8.714207 -0.467087 -0.031672 -2.682937 -1.670550 2.953988 -0.131308 2.750018 0.471824 0.377530 2.071560 0.206225 10.286545 -0.676403 -0.168666 0.761061 4.069064
1 51.647507 -8.714207 -0.467087 -0.031672 -2.682937 -1.670550 2.953988 -0.131308 2.750018 0.471824 0.377530 2.071560 0.206225 10.286545 -0.676403 -0.168666 0.761061 4.069064
1 51.647507 -8.714207 -0.467087 -0.031672 -2.682937 -1.670550 2.953988 -0.131308 2.750018 0.471824 0.377530 2.071560 0.206225 10.286545 -0.676403 -0.168666 0.761061 4.069064
1 51.647507 -8.714207 -0.467087 -0.031672 -2.682937 -1.670550 2.953988 -0.131308 2.750018 0.471824 0.377530 2.071560 0.206225 10.286545 -0.676403 -0.168666 0.761061 4.069064
1 51.647507 -8.714207 -0.467087 -0.031672 -2.682937 -1.670550 2.953988 -0.131308 2.750018 0.471824 0.377530 2.071560 0.206225 10.286545 -0.676403 -0.168666 0.761061 4.069064
1 51.647507 -8.714207 -0.467087 -0.031672 -2.682937 -1.670550 2.953988 -0.131308 2.750018 0.471824 0.377530 2.071560 0.206225 10.286545 -0.676403 -0.168666 0.761061 4.069064
1 51.647507 -8.714207 -0.467087 -0.031672 -2.682937 -1.670550 2.953988 -0.131308 2.750018 0.471824 0.377530 2.071560 0.206225 10.286545 -0.676403 -0.168666 0.761061 4.069064
1 51.647507 -8.714207 -0.467087 -0.031672 -2.682937 -1.670550 2.953988 -0.131308 2.750018 0.471824 0.377530 2.071560 0.206225 10.286545 -0.676403 -0.168666 0.761061 4.069064
1 51.647507 -8.714207 -0.467087 -0.031672 -2.682937 -1.670550 2.953988 -0.131308 2.750018 0.471824 0.377530 2.071560 0.206225 10.286545 -0.676403 -0.168666 0.761061 4.069064
1 51.647507 -8.714207 -0.467087 -0.031672 -2.682937 -1.670550 2.953988 -0.131308 2.750018 0.471824 0.377530 2.071560 0.206225 10.286545 -0.676403 -0.168666 0.761061 4.069064
1 51.647507 -8.714207 -0.467087 -0.031672 -2.682937 -1.670550 2.953988 -0.131308 2.750018 0.471824 0.377530 2.071560 0.206225 10.286545 -0.676403 -0.168666 0.761061 4.069064
1 51.647507 -8.714207 -0.467087 -0.031672 -2.682937 -1.670550 2.953988 -0.131308 2.750018 0.471824 0.377530 2.071560 0.206225 10.286545 -0.676403 -0.168666 0.761061 4.069064
1 51.647507 -8.714207 -0.467087 -0.031672 -2.682937 -1.670550 2.953988 -0.131308 2.750018 0.471824 0.377530 2.071560 0.206225 10.286545 -0.676403 -0.168666 0.761061 4.069064
1 51.647507 -8.714207 -0.467087 -0.031672 -2.682937 -1.670550 2.953988 -0.131308 2.750018 0.471824 0.377530 2.071560 0.206225 10.286545 -0.676403 -0.168666 0.761061 4.069064
1 51.647507 -8.714207 -0.467087 -0.031672 -2.682937 -1.670550 2.953988 -0.131308 2.750018 0.471824 0.377530 2.071560 0.206225 10.286545 -0.676403 -0.168666 0.761061 4.069064
1 51.647507 -8.714207 -0.467087 -0.031672 -2.682937 -1.670550 2.953988 -0.131308 2.750018 0.471824 0.377530 2.071560 0.206225 10.286545 -0.676403 -0.168666 0.761061 4.069064
1 51.647507 -8.714207 -0.467087 -0.031672 -2.682937 -1.670550 2.953988 -0.131308 2.750018 0.471824 0.377530 2.071560 0.206225 10.286545 -0.676403 -0.168666 0.761061 4.069064
1 51.647507 -8.714207 -0.467087 -0.031672 -2.682937 -1.670550 2.953988 -0.131308 2.750018 0.471824 0.377530 2.071560 0.206225 10.286545 -0.676403 -0.168666 0.761061 4.069064
1 51.647507 -8.714207 -0.467087 -0.031672 -2.682937 -1.670550 2.953988 -0.131308 2.750018 0.471824 0.377530 2.071560 0.206225 10.286545 -0.676403 -0.168666 0.761061 4.069064
1 51.647507 -8.714207 -0.467087 -0.031672 -2.682937 -1.670550 2.953988 -0.131308 2.750018 0.471824 0.377530 2.071560 0.206225 10.286545 -0.676403 -0.168666 0.761061 4.069064
1 51.647507 -8.714207 -0.467087 -0.031672 -2.682937 -1.670550 2.953988 -0.131308 2.750018 0.471824 0.377530 2.071560 0.206225 10.286545 -0.676403 -0.168666 0.761061 4.069064
1 51.647507 -8.714207 -0.467087 -0.031672 -2.682937 -1.670550 2.953988 -0.131308 2.750018 0.471824 0.377530 2.071560 0.206225 10.286545 -0.676403 -0.168666 0.761061 4.069064
1 51.647507 -8.714207 -0.467087 -0.031672 -2.682937 -1.670550 2.953988 -0.131308 2.750018 0.471824 0.377530 2.071560 0.206225 10.286545 -0.676403 -0.168666 0.761061 4.069064
1 51.647507 -8.714207 -0.467087 -0.031672 -2.682937 -1.670550 2.953988 -0.131308 2.750018 0.471824 0.377530 2.071560 0.206225 10.286545 -0.676403 -0.168666 0.761061 4.069064
1 51.647507 -8.714207 -0.467087 -0.031672 -2.682937 -1.670550 2.953988 -0.131308 2.750018 0.471824 0.377530 2.071560 0.206225 10.286545 -0.676403 -0.168666 0.761061 4.069064
1 51.647507 -8.714207 -0.467087 -0.031672 -2.682937 -1.670550 2.953988 -0.131308 2.750018 0.471824 0.377530 2.071560 0.206225 10.286545 -0.676403 -0.168666 0.761061 4.069064
1 51.647507 -8.714207 -0.467087 -0.031672 -2.682937 -1.670550 2.953988 -0.131308 2.750018 0.471824 0.377530 2.071560 0.206225 10.286545 -0.676403 -0.168666 0.761061 4.069064
1 51.647507 -8.714207 -0.467087 -0.031672 -2.682937 -1.670550 2.953988 -0.131308 2.750018 0.471824 0.377530 2.071560 0.206225 10.286545 -0.676403 -0.168666 0.761061 4.069064
1 51.647507 -8.714207 -0.467087 -0.031672 -2.682937 -1.670550 2.953988 -0.131308 2.750018 0.471824 0.377530 2.071560 0.206225 10.286545 -0.676403 -0.168666 0.761061 4.069064
1 51.158762 -8.656255 -0.460966 -0.080886 -2.678645 -1.638796 2.934790 -0.136845 2.759161 0.490744 0.353757 2.051313 0.231598 10.305897 -0.679448 -0.165869 0.739474 4.095870
1 51.158762 -8.656255 -0.460966 -0.080886 -2.678645 -1.638796 2.934790 -0.136845 2.759161 0.490744 0.353757 2.051313 0.231598 10.305897 -0.679448 -0.165869 0.739474 4.095870
1 51.158762 -8.656255 -0.460966 -0.080886 -2.678645 -1.638796 2.934790 -0.136845 2.759161 0.490744 0.353757 2.051313 0.231598 10.305897 -0.679448 -0.165869 0.739474 4.095870
1 51.158762 -8.656255 -0.460966 -0.080886 -2.678645 -1.638796 2.934790 -0.136845 2.759161 0.490744 0.353757 2.051313 0.231598 10.305897 -0.679448 -0.165869 0.739474 4.095870
1 51.158762 -8.656255 -0.460966 -0.080886 -2.678645 -1.638796 2.934790 -0.136845 2.759161 0.490744 0.353757 2.051313 0.231598 10.305897 -0.679448 -0.165869 0.739474 4.095870
1 51.158762 -8.656255 -0.460966 -0.080886 -2.678645 -1.638796 2.934790 -0.136845 2.759161 0.490744 0.353757 2.051313 0.231598 10.305897 -0.679448 -0.165869 0.739474 4.095870
1 51.158762 -8.656255 -0.460966 -0.080886 -2.678645 -1.638796 2.934790 -0.136845 2.759161 0.490744 0.353757 2.051313 0.231598 10.305897 -0.679448 -0.165869 0.739474 4.095870
1 51.158762 -8.656255 -0.460966 -0.080886 -2.678645 -1.638796 2.934790 -0.136845 2.759161 0.490744 0.353757 2.051313 0.231598 10.305897 -0.679448 -0.165869 0.739474 4.095870
1 51.158762 -8.656255 -0.460966 -0.080886 -2.678645 -1.638796 2.934790 -0.136845 2.759161 0.490744 0.353757 2.051313 0.231598 10.305897 -0.679448 -0.165869 0.739474 4.095870
1 51.158762 -8.656255 -0.460966 -0.080886 -2.678645 -1.638796 2.934790 -0.136845 2.759161 0.490744 0.353757 2.051313 0.231598 10.305897 -0.679448 -0.165869 0.739474 4.095870
1 51.158762 -8.656255 -0.460966 -0.080886 -2.678645 -1.638796 2.934790 -0.136845 2.759161 0.490744 0.353757 2.051313 0.231598 10.305897 -0.679448 -0.165869 0.739474 4.095870
1 51.158762 -8.656255 -0.460966 -0.080886 -2.678645 -1.638796 2.934790 -0.136845 2.759161 0.490744 0.353757 2.051313 0.231598 10.305897 -0.679448 -0.165869 0.739474 4.095870
1 51.158762 -8.656255 -0.460966 -0.080886 -2.678645 -1.638796 2.934790 -0.136845 2.759161 0.490744 0.353757 2.051313 0.231598 10.305897 -0.679448 -0.165869 0.739474 4.095870
1 51.158762 -8.656255 -0.460966 -0.080886 -2.678645 -1.638796 2.934790 -0.136845 2.759161 0.490744 0.353757 2.051313 0.231598 10.305897 -0.679448 -0.165869 0.739474 4.095870
1 51.158762 -8.656255 -0.460966 -0.080886 -2.678645 -1.638796 2.934790 -0.136845 2.759161 0.490744 0.353757 2.051313 0.231598 10.305897 -0.679448 -0.165869 0.739474 4.095870
1 51.158762 -8.656255 -0.460966 -0.080886 -2.678645 -1.638796 2.934790 -0.136845 2.759161 0.490744 0.353757 2.051313 0.231598 10.305897 -0.679448 -0.165869 0.739474 4.095870
1 51.158762 -8.656255 -0.460966 -0.080886 -2.678645 -1.638796 2.934790 -0.136845 2.759161 0.490744 0.353757 2.051313 0.231598 10.305897 -0.679448 -0.165869 0.739474 4.095870
1 51.158762 -8.656255 -0.460966 -0.080886 -2.678645 -1.638796 2.934790 -0.136845 2.759161 0.490744 0.353757 2.051313 0.231598 10.305897 -0.679448 -0.165869 0.739474 4.095870
1 51.158762 -8.656255 -0.460966 -0.080886 -2.678645 -1.638796 2.934790 -0.136845 2.759161 0.490744 0.353757 2.051313 0.231598 10.305897 -0.679448 -0.165869 0.739474 4.095870
1 51.158762 -8.656255 -0.460966 -0.080886 -2.678645 -1.638796 2.934790 -0.136845 2.759161 0.490744 0.353757 2.051313 0.231598 10.305897 -0.679448 -0.165869 0.739474 4.095870
1 51.158762 -8.656255 -0.460966 -0.080886 -2.678645 -1.638796 2.934790 -0.136845 2.759161 0.490744 0.353757 2.051313 0.231598 10.305897 -0.679448 -0.165869 0.739474 4.095870
1 51.158762 -8.656255 -0.460966 -0.080886 -2.678645 -1.638796 2.934790 -0.136845 2.759161 0.490744 0.353757 2.051313 0.231598 10.305897 -0.679448 -0.165869 0.739474 4.095870
1 51.158762 -8.656255 -0.460966 -0.080886 -2.678645 -1.638796 2.934790 -0.136845 2.759161 0.490744 0.353757 2.051313 0.231598 10.305897 -0.679448 -0.165869 0.739474 4.095870
1 51.158762 -8.656255 -0.460966 -0.080886 -2.678645 -1.638796 2.934790 -0.136845 2.759161 0.490744 0.353757 2.051313 0.231598 10.305897 -0.679448 -0.165869 0.739474 4.095870
1 51.158762 -8.656255 -0.460966 -0.080886 -2.678645 -1.638796 2.934790 -0.136845 2.759161 0.490744 0.353757 2.051313 0.231598 10.305897 -0.679448 -0.165869 0.739474 4.095870
1 51.158762 -8.656255 -0.460966 -0.080886 -2.678645 -1.638796 2.934790 -0.136845 2.759161 0.490744 0.353757 2.051313 0.231598 10.305897 -0.679448 -0.165869 0.739474 4.095870
1 51.158762 -8.656255 -0.460966 -0.080886 -2.678645 -1.638796 2.934790 -0.136845 2.759161 0.490744 0.353757 2.051313 0.231598 10.305897 -0.679448 -0.165869 0.739474 4.095870
1 51.158762 -8.656255 -0.460966 -0.080886 -2.678645 -1.638796 2.934790 -0.136845 2.759161 0.490744 0.353757 2.051313 0.231598 10.305897 -0.679448 -0.165869 0.739474 4.095870
1 51.158762 -8.656255 -0.460966 -0.080886 -2.678645 -1.638796 2.934790 -0.136845 2.759161 0.490744 0.353757 2.051313 0.231598 10.305897 -0.679448 -0.165869 0.739474 4.095870
1 51.158762 -8.656255 -0.460966 -0.080886 -2.678645 -1.638796 2.934790 -0.136845 2.759161 0.490744 0.353757 2.051313 0.231598 10.305897 -0.679448 -0.165869 0.739474 4.095870
1 51.158762 -8.656255 -0.460966 -0.080886 -2.678645 -1.638796 2.934790 -0.136845 2.759161 0.490744 0.353757 2.051313 0.231598 10.305897 -0.679448 -0.165869 0.739474 4.095870
1 51.158762 -8.656255 -0.460966 -0.080886 -2.678645 -1.638796 2.934790 -0.136845 2.759161 0.490744 0.353757 2.051313 0.231598 10.305897 -0.679448 -0.165869 0.739474 4.095870
1 51.158762 -8.656255 -0.460966 -0.080886 -2.678645 -1.638796 2.934790 -0.136845 2.759161 0.490744 0.353757 2.051313 0.231598 10.305897 -0.679448 -0.165869 0.739474 4.095870
1 51.158762 -8.656255 -0.460966 -0.080886 -2.678645 -1.638796 2.934790 -0.136845 2.759161 0.490744 0.353757 2.051313 0.231598 10.305897 -0.679448 -0.165869 0.739474 4.095870
1 51.158762 -8.656255 -0.460966 -0.080886 -2.678645 -1.638796 2.934790 -0.136845 2.759161 0.490744 0.353757 2.051313 0.231598 10.305897 -0.679448 -0.165869 0.739474 4.095870
1 51.158762 -8.656255 -0.460966 -0.080886 -2.678645 -1.638796 2.934790 -0.136845 2.759161 0.490744 0.353757 2.051313 0.231598 10.305897 -0.679448 -0.165869 0.739474 4.095870
1 51.158762 -8.656255 -0.460966 -0.080886 -2.678645 -1.638796 2.934790 -0.136845 2.759161 0.490744 0.353757 2.051313 0.231598 10.305897 -0.679448 -0.165869 0.739474 4.095870
1 51.158762 -8.656255 -0.460966 -0.080886 -2.678645 -1.638796 2.934790 -0.136845 2.759161 0.490744 0.353757 2.051313 0.231598 10.305897 -0.679448 -0.165869 0.739474 4.095870
1 51.158762 -8.656255 -0.460966 -0.080886 -2.678645 -1.638796 2.934790 -0.136845 2.759161 0.490744 0.353757 2.051313 0.231598 10.305897 -0.679448 -0.165869 0.739474 4.095870
1 51.158762 -8.656255 -0.460966 -0.080886 -2.678645 -1.638796 2.934790 -0.136845 2.759161 0.490744 0.353757 2.051313 0.231598 10.305897 -0.679448 -0.165869 0.739474 4.095870
1 51.158762 -8.656255 -0.460966 -0.080886 -2.678645 -1.638796 2.934790 -0.136845 2.759161 0.490744 0.353757 2.051313 0.231598 10.305897 -0.679448 -0.165869 0.739474 4.095870
1 51.158762 -8.656255 -0.460966 -0.080886 -2.678645 -1.638796 2.934790 -0.136845 2.759161 0.490744 0.353757 2.051313 0.231598 10.305897 -0.679448 -0.165869 0.739474 4.095870
1 51.158762 -8.656255 -0.460966 -0.080886 -2.678645 -1.638796 2.934790 -0.136845 2.759161 0.490744 0.353757 2.051313 0.231598 10.305897 -0.679448 -0.165869 0.739474 4.095870
1 51.158762 -8.656255 -0.460966 -0.080886 -2.678645 -1.638796 2.934790 -0.136845 2.759161 0.490744 0.353757 2.051313 0.231598 10.305897 -0.679448 -0.165869 0.739474 4.095870
1 51.158762 -8.656255 -0.460966 -0.080886 -2.678645 -1.638796 2.934790 -0.136845 2.759161 0.490744 0.353757 2.051313 0.231598 10.305897 -0.679448 -0.165869 0.739474 4.095870
1 51.158762 -8.656255 -0.460966 -0.080886 -2.678645 -1.638796 2.934790 -0.136845 2.759161 0.490744 0.353757 2.051313 0.231598 10.305897 -0.679448 -0.165869 0.739474 4.095870
1 51.158762 -8.656255 -0.460966 -0.080886 -2.678645 -1.638796 2.934790 -0.136845 2.759161 0.490744 0.353757 2.051313 0.231598 10.305897 -0.679448 -0.165869 0.739474 4.095870
1 51.158762 -8.656255 -0.460966 -0.080886 -2.678645 -1.638796 2.934790 -0.136845 2.759161 0.490744 0.353757 2.051313 0.231598 10.305897 -0.679448 -0.165869 0.739474 4.095870
1 51.158762 -8.656255 -0.460966 -0.080886 -2.678645 -1.638796 2.934790 -0.136845 2.759161 0.490744 0.353757 2.051313 0.231598 10.305897 -0.679448 -0.165869 0.739474 4.095870
1 51.158762 -8.656255 -0.460966 -0.080886 -2.678645 -1.638796 2.934790 -0.136845 2.759161 0.490744 0.353757 2.051313 0.231598 10.305897 -0.679448 -0.165869 0.739474 4.095870
1 51.158762 -8.656255 -0.460966 -0.080886 -2.678645 -1.638796 2.934790 -0.136845 2.759161 0.490744 0.353757 2.051313 0.231598 10.305897 -0.679448 -0.165869 0.739474 4.095870
1 51.158762 -8.656255 -0.460966 -0.080886 -2.678645 -1.638796 2.934790 -0.136845 2.759161 0.490744 0.353757 2.051313 0.231598 10.305897 -0.679448 -0.165869 0.739474 4.095870
1 51.158762 -8.656255 -0.460966 -0.080886 -2.678645 -1.638796 2.934790 -0.136845 2.759161 0.490744 0.353757 2.051313 0.231598 10.305897 -0.679448 -0.165869 0.739474 4.095870
1 51.158762 -8.656255 -0.460966 -0.080886 -2.678645 -1.638796 2.934790 -0.136845 2.759161 0.490744 0.353757 2.051313 0.231598 10.305897 -0.679448 -0.165869 0.739474 4.095870
1 51.158762 -8.656255 -0.460966 -0.080886 -2.678645 -1.638796 2.934790 -0.136845 2.759161 0.490744 0.353757 2.051313 0.231598 10.305897 -0.679448 -0.165869 0.739474 4.095870
1 51.158762 -8.656255 -0.460966 -0.080886 -2.678645 -1.638796 2.934790 -0.136845 2.759161 0.490744 0.353757 2.051313 0.231598 10.305897 -0.679448 -0.165869 0.739474 4.095870
1 51.158762 -8.656255 -0.460966 -0.080886 -2.678645 -1.638796 2.934790 -0.136845 2.759161 0.490744 0.353757 2.051313 0.231598 10.305897 -0.679448 -0.165869 0.739474 4.095870
1 51.158762 -8.656255 -0.460966 -0.080886 -2.678645 -1.638796 2.934790 -0.136845 2.759161 0.490744 0.353757 2.051313 0.231598 10.305897 -0.679448 -0.165869 0.739474 4.095870
1 51.158762 -8.656255 -0.460966 -0.080886 -2.678645 -1.638796 2.934790 -0.136845 2.759161 0.490744 0.353757 2.051313 0.231598 10.305897 -0.679448 -0.165869 0.739474 4.095870
1 51.158762 -8.656255 -0.460966 -0.080886 -2.678645 -1.638796 2.934790 -0.136845 2.759161 0.490744 0.353757 2.051313 0.231598 10.305897 -0.679448 -0.165869 0.739474 4.095870
1 51.158762 -8.656255 -0.460966 -0.080886 -2.678645 -1.638796 2.934790 -0.136845 2.759161 0.490744 0.353757 2.051313 0.231598 10.305897 -0.679448 -0.165869 0.739474 4.095870
1 51.158762 -8.656255 -0.460966 -0.080886 -2.678645 -1.638796 2.934790 -0.136845 2.759161 0.490744 0.353757 2.051313 0.231598 10.305897 -0.679448 -0.165869 0.739474 4.095870
1 51.158762 -8.656255 -0.460966 -0.080886 -2.678645 -1.638796 2.934790 -0.136845 2.759161 0.490744 0.353757 2.051313 0.231598 10.305897 -0.679448 -0.165869 0.739474 4.095870
1 51.158762 -8.656255 -0.460966 -0.080886 -2.678645 -1.638796 2.934790 -0.136845 2.759161 0.490744 0.353757 2.051313 0.231598 10.305897 -0.679448 -0.165869 0.739474 4.095870
1 51.158762 -8.656255 -0.460966 -0.080886 -2.678645 -1.638796 2.934790 -0.136845 2.759161 0.490744 0.353757 2.051313 0.231598 10.305897 -0.679448 -0.165869 0.739474 4.095870
1 51.158762 -8.656255 -0.460966 -0.080886 -2.678645 -1.638796 2.934790 -0.136845 2.759161 0.490744 0.353757 2.051313 0.231598 10.305897 -0.679448 -0.165869 0.739474 4.095870
1 51.158762 -8.656255 -0.460966 -0.080886 -2.678645 -1.638796 2.934790 -0.136845 2.759161 0.490744 0.353757 2.051313 0.231598 10.305897 -0.679448 -0.165869 0.739474 4.095870
1 51.158762 -8.656255 -0.460966 -0.080886 -2.678645 -1.638796 2.934790 -0.136845 2.759161 0.490744 0.353757 2.051313 0.231598 10.305897 -0.679448 -0.165869 0.739474 4.095870
1 51.158762 -8.656255 -0.460966 -0.080886 -2.678645 -1.638796 2.934790 -0.136845 2.759161 0.490744 0.353757 2.051313 0.231598 10.305897 -0.679448 -0.165869 0.739474 4.095870
1 51.158762 -8.656255 -0.460966 -0.080886 -2.678645 -1.638796 2.934790 -0.136845 2.759161 0.490744 0.353757 2.051313 0.231598 10.305897 -0.679448 -0.165869 0.739474 4.095870
1 51.158762 -8.656255 -0.460966 -0.080886 -2.678645 -1.638796 2.934790 -0.136845 2.759161 0.490744 0.353757 2.051313 0.231598 10.305897 -0.679448 -0.165869 0.739474 4.095870
1 51.158762 -8.656255 -0.460966 -0.080886 -2.678645 -1.638796 2.934790 -0.136845 2.759161 0.490744 0.353757 2.051313 0.231598 10.305897 -0.679448 -0.165869 0.739474 4.095870
1 51.158762 -8.656255 -0.460966 -0.080886 -2.678645 -1.638796 2.934790 -0.136845 2.759161 0.490744 0.353757 2.051313 0.231598 10.305897 -0.679448 -0.165869 0.739474 4.095870
1 51.158762 -8.656255 -0.460966 -0.080886 -2.678645 -1.638796 2.934790 -0.136845 2.759161 0.490744 0.353757 2.051313 0.231598 10.305897 -0.679448 -0.165869 0.739474 4.095870
1 51.158762 -8.656255 -0.460966 -0.080886 -2.678645 -1.638796 2.934790 -0.136845 2.759161 0.490744 0.353757 2.051313 0.231598 10.305897 -0.679448 -0.165869 0.739474 4.095870
1 51.158762 -8.656255 -0.460966 -0.080886 -2.678645 -1.638796 2.934790 -0.136845 2.759161 0.490744 0.353757 2.051313 0.231598 10.305897 -0.679448 -0.165869 0.739474 4.095870
1 51.158762 -8.656255 -0.460966 -0.080886 -2.678645 -1.638796 2.934790 -0.136845 2.759161 0.490744 0.353757 2.051313 0.231598 10.305897 -0.679448 -0.165869 0.739474 4.095870
1 51.158762 -8.656255 -0.460966 -0.080886 -2.678645 -1.638796 2.934790 -0.136845 2.759161 0.490744 0.353757 2.051313 0.231598 10.305897 -0.679448 -0.165869 0.739474 4.095870
1 51.158762 -8.656255 -0.460966 -0.080886 -2.678645 -1.638796 2.934790 -0.136845 2.759161 0.490744 0.353757 2.051313 0.231598 10.305897 -0.679448 -0.165869 0.739474 4.095870
1 51.158762 -8.656255 -0.460966 -0.080886 -2.678645 -1.638796 2.934790 -0.136845 2.759161 0.490744 0.353757 2.051313 0.231598 10.305897 -0.679448 -0.165869 0.739474 4.095870
1 51.158762 -8.656255 -0.460966 -0.080886 -2.678645 -1.638796 2.934790 -0.136845 2.759161 0.490744 0.353757 2.051313 0.231598 10.305897 -0.679448 -0.165869 0.739474 4.095870
1 51.158762 -8.656255 -0.460966 -0.080886 -2.678645 -1.638796 2.934790 -0.136845 2.759161 0.490744 0.353757 2.051313 0.231598 10.305897 -0.679448 -0.165869 0.739474 4.095870
1 51.158762 -8.656255 -0.460966 -0.080886 -2.678645 -1.638796 2.934790 -0.136845 2.759161 0.490744 0.353757 2.051313 0.231598 10.305897 -0.679448 -0.165869 0.739474 4.095870
1 51.158762 -8.656255 -0.460966 -0.080886 -2.678645 -1.638796 2.934790 -0.136845 2.759161 0.490744 0.353757 2.051313 0.231598 10.305897 -0.679448 -0.165869 0.739474 4.095870
1 51.158762 -8.656255 -0.460966 -0.080886 -2.678645 -1.638796 2.934790 -0.136845 2.759161 0.490744 0.353757 2.051313 0.231598 10.305897 -0.679448 -0.165869 0.739474 4.095870
1 51.158762 -8.656255 -0.460966 -0.080886 -2.678645 -1.638796 2.934790 -0.136845 2.759161 0.490744 0.353757 2.051313 0.231598 10.305897 -0.679448 -0.165869 0.739474 4.095870
1 51.158762 -8.656255 -0.460966 -0.080886 -2.678645 -1.638796 2.934790 -0.136845 2.759161 0.490744 0.353757 2.051313 0.231598 10.305897 -0.679448 -0.165869 0.739474 4.095870
1 51.158762 -8.656255 -0.460966 -0.080886 -2.678645 -1.638796 2.934790 -0.136845 2.759161 0.490744 0.353757 2.051313 0.231598 10.305897 -0.679448 -0.165869 0.739474 4.095870
1 51.158762 -8.656255 -0.460966 -0.080886 -2.678645 -1.638796 2.934790 -0.136845 2.759161 0.490744 0.353757 2.051313 0.231598 10.305897 -0.679448 -0.165869 0.739474 4.095870
1 51.158762 -8.656255 -0.460966 -0.080886 -2.678645 -1.638796 2.934790 -0.136845 2.759161 0.490744 0.353757 2.051313 0.231598 10.305897 -0.679448 -0.165869 0.739474 4.095870
1 51.158762 -8.656255 -0.460966 -0.080886 -2.678645 -1.638796 2.934790 -0.136845 2.759161 0.490744 0.353757 2.051313 0.231598 10.305897 -0.679448 -0.165869 0.739474 4.095870
1 51.158762 -8.656255 -0.460966 -0.080886 -2.678645 -1.638796 2.934790 -0.136845 2.759161 0.490744 0.353757 2.051313 0.231598 10.305897 -0.679448 -0.165869 0.739474 4.095870
1 51.158762 -8.656255 -0.460966 -0.080886 -2.678645 -1.638796 2.934790 -0.136845 2.759161 0.490744 0.353757 2.051313 0.231598 10.305897 -0.679448 -0.165869 0.739474 4.095870
1 51.158762 -8.656255 -0.460966 -0.080886 -2.678645 -1.638796 2.934790 -0.136845 2.759161 0.490744 0.353757 2.051313 0.231598 10.305897 -0.679448 -0.165869 0.739474 4.095870
1 51.158762 -8.656255 -0.460966 -0.080886 -2.678645 -1.638796 2.934790 -0.136845 2.759161 0.490744 0.353757 2.051313 0.231598 10.305897 -0.679448 -0.165869 0.739474 4.095870
1 51.158762 -8.656255 -0.460966 -0.080886 -2.678645 -1.638796 2.934790 -0.136845 2.759161 0.490744 0.353757 2.051313 0.231598 10.305897 -0.679448 -0.165869 0.739474 4.095870
1 51.158762 -8.656255 -0.460966 -0.080886 -2.678645 -1.638796 2.934790 -0.136845 2.759161 0.490744 0.353757 2.051313 0.231598 10.305897 -0.679448 -0.165869 0.739474 4.095870
1 51.158762 -8.656255 -0.460966 -0.080886 -2.678645 -1.638796 2.934790 -0.136845 2.759161 0.490744 0.353757 2.051313 0.231598 10.305897 -0.679448 -0.165869 0.739474 4.095870
1 51.158762 -8.656255 -0.460966 -0.080886 -2.678645 -1.638796 2.934790 -0.136845 2.759161 0.490744 0.353757 2.051313 0.231598 10.305897 -0.679448 -0.165869 0.739474 4.095870
1 51.158762 -8.656255 -0.460966 -0.080886 -2.678645 -1.638796 2.934790 -0.136845 2.759161 0.490744 0.353757 2.051313 0.231598 10.305897 -0.679448 -0.165869 0.739474 4.095870
1 51.158762 -8.656255 -0.460966 -0.080886 -2.678645 -1.638796 2.934790 -0.136845 2.759161 0.490744 0.353757 2.051313 0.231598 10.305897 -0.679448 -0.165869 0.739474 4.095870
1 51.158762 -8.656255 -0.460966 -0.080886 -2.678645 -1.638796 2.934790 -0.136845 2.759161 0.490744 0.353757 2.051313 0.231598 10.305897 -0.679448 -0.165869 0.739474 4.095870
1 51.158762 -8.656255 -0.460966 -0.080886 -2.678645 -1.638796 2.934790 -0.136845 2.759161 0.490744 0.353757 2.051313 0.231598 10.305897 -0.679448 -0.165869 0.739474 4.095870
