1 165.64735 -8.707659 -0.954855 -0.319913 -2.215391 -1.374668 3.404612 0.198741 2.516916 0.183165 0.588224 2.344909 0.158792 10.437319 -0.728523 -0.281050 0.213546 3.640005
1 165.64735 -8.707659 -0.954855 -0.319913 -2.215391 -1.374668 3.404612 0.198741 2.516916 0.183165 0.588224 2.344909 0.158792 10.437319 -0.728523 -0.281050 0.213546 3.640005
1 165.05727 -8.684214 -0.935848 -0.334214 -2.224093 -1.390166 3.416678 0.202640 2.533456 0.166155 0.583062 2.353139 0.154854 10.459088 -0.698572 -0.274307 0.223328 3.647263
1 157.53084 -8.709547 -0.938293 -0.327125 -2.202456 -1.382957 3.374189 0.186159 2.551347 0.132874 0.564711 2.377893 0.173997 10.480753 -0.723017 -0.282047 0.236507 3.626916
1 157.53084 -8.709547 -0.938293 -0.327125 -2.202456 -1.382957 3.374189 0.186159 2.551347 0.132874 0.564711 2.377893 0.173997 10.480753 -0.723017 -0.282047 0.236507 3.626916
1 157.53084 -8.709547 -0.938293 -0.327125 -2.202456 -1.382957 3.374189 0.186159 2.551347 0.132874 0.564711 2.377893 0.173997 10.480753 -0.723017 -0.282047 0.236507 3.626916
1 157.53084 -8.709547 -0.938293 -0.327125 -2.202456 -1.382957 3.374189 0.186159 2.551347 0.132874 0.564711 2.377893 0.173997 10.480753 -0.723017 -0.282047 0.236507 3.626916
1 128.62094 -8.707004 -0.954014 -0.325229 -2.176310 -1.364659 3.359626 0.154915 2.536640 0.150763 0.569387 2.400774 0.177058 10.483596 -0.707712 -0.290610 0.253783 3.640426
1 128.62094 -8.707004 -0.954014 -0.325229 -2.176310 -1.364659 3.359626 0.154915 2.536640 0.150763 0.569387 2.400774 0.177058 10.483596 -0.707712 -0.290610 0.253783 3.640426
1 128.62094 -8.707004 -0.954014 -0.325229 -2.176310 -1.364659 3.359626 0.154915 2.536640 0.150763 0.569387 2.400774 0.177058 10.483596 -0.707712 -0.290610 0.253783 3.640426
1 128.62094 -8.707004 -0.954014 -0.325229 -2.176310 -1.364659 3.359626 0.154915 2.536640 0.150763 0.569387 2.400774 0.177058 10.483596 -0.707712 -0.290610 0.253783 3.640426
1 128.62094 -8.707004 -0.954014 -0.325229 -2.176310 -1.364659 3.359626 0.154915 2.536640 0.150763 0.569387 2.400774 0.177058 10.483596 -0.707712 -0.290610 0.253783 3.640426
1 128.62094 -8.707004 -0.954014 -0.325229 -2.176310 -1.364659 3.359626 0.154915 2.536640 0.150763 0.569387 2.400774 0.177058 10.483596 -0.707712 -0.290610 0.253783 3.640426
1 128.62094 -8.707004 -0.954014 -0.325229 -2.176310 -1.364659 3.359626 0.154915 2.536640 0.150763 0.569387 2.400774 0.177058 10.483596 -0.707712 -0.290610 0.253783 3.640426
1 126.92713 -8.693972 -0.951004 -0.326700 -2.219160 -1.344656 3.368866 0.179773 2.515642 0.105841 0.557463 2.386121 0.204434 10.468384 -0.712969 -0.292729 0.250951 3.644249
1 126.92713 -8.693972 -0.951004 -0.326700 -2.219160 -1.344656 3.368866 0.179773 2.515642 0.105841 0.557463 2.386121 0.204434 10.468384 -0.712969 -0.292729 0.250951 3.644249
1 126.92713 -8.693972 -0.951004 -0.326700 -2.219160 -1.344656 3.368866 0.179773 2.515642 0.105841 0.557463 2.386121 0.204434 10.468384 -0.712969 -0.292729 0.250951 3.644249
1 126.92713 -8.693972 -0.951004 -0.326700 -2.219160 -1.344656 3.368866 0.179773 2.515642 0.105841 0.557463 2.386121 0.204434 10.468384 -0.712969 -0.292729 0.250951 3.644249
1 126.92713 -8.693972 -0.951004 -0.326700 -2.219160 -1.344656 3.368866 0.179773 2.515642 0.105841 0.557463 2.386121 0.204434 10.468384 -0.712969 -0.292729 0.250951 3.644249
1 126.77205 -8.728827 -0.919378 -0.336804 -2.256197 -1.317888 3.322346 0.144511 2.475255 0.131710 0.536996 2.386092 0.208881 10.507204 -0.712736 -0.270510 0.238822 3.604076
1 126.77205 -8.728827 -0.919378 -0.336804 -2.256197 -1.317888 3.322346 0.144511 2.475255 0.131710 0.536996 2.386092 0.208881 10.507204 -0.712736 -0.270510 0.238822 3.604076
1 123.4822 -8.721425 -0.891932 -0.355636 -2.269434 -1.342569 3.325356 0.155239 2.467638 0.161480 0.443993 2.348991 0.216460 10.508359 -0.708860 -0.280924 0.260969 3.598509
1 123.4822 -8.721425 -0.891932 -0.355636 -2.269434 -1.342569 3.325356 0.155239 2.467638 0.161480 0.443993 2.348991 0.216460 10.508359 -0.708860 -0.280924 0.260969 3.598509
1 123.4822 -8.721425 -0.891932 -0.355636 -2.269434 -1.342569 3.325356 0.155239 2.467638 0.161480 0.443993 2.348991 0.216460 10.508359 -0.708860 -0.280924 0.260969 3.598509
1 123.4822 -8.721425 -0.891932 -0.355636 -2.269434 -1.342569 3.325356 0.155239 2.467638 0.161480 0.443993 2.348991 0.216460 10.508359 -0.708860 -0.280924 0.260969 3.598509
1 123.4822 -8.721425 -0.891932 -0.355636 -2.269434 -1.342569 3.325356 0.155239 2.467638 0.161480 0.443993 2.348991 0.216460 10.508359 -0.708860 -0.280924 0.260969 3.598509
1 123.4822 -8.721425 -0.891932 -0.355636 -2.269434 -1.342569 3.325356 0.155239 2.467638 0.161480 0.443993 2.348991 0.216460 10.508359 -0.708860 -0.280924 0.260969 3.598509
1 123.4822 -8.721425 -0.891932 -0.355636 -2.269434 -1.342569 3.325356 0.155239 2.467638 0.161480 0.443993 2.348991 0.216460 10.508359 -0.708860 -0.280924 0.260969 3.598509
1 119.85694 -8.776119 -0.892185 -0.365064 -2.256296 -1.367194 3.357044 0.158621 2.456713 0.176879 0.457033 2.396914 0.193922 10.513892 -0.707038 -0.247940 0.245937 3.592937
1 119.85694 -8.776119 -0.892185 -0.365064 -2.256296 -1.367194 3.357044 0.158621 2.456713 0.176879 0.457033 2.396914 0.193922 10.513892 -0.707038 -0.247940 0.245937 3.592937
1 116.4035 -8.778437 -0.884619 -0.352597 -2.287307 -1.370780 3.357301 0.156607 2.442031 0.182282 0.455388 2.399337 0.217889 10.529563 -0.681071 -0.216624 0.243728 3.585825
1 116.4035 -8.778437 -0.884619 -0.352597 -2.287307 -1.370780 3.357301 0.156607 2.442031 0.182282 0.455388 2.399337 0.217889 10.529563 -0.681071 -0.216624 0.243728 3.585825
1 116.4035 -8.778437 -0.884619 -0.352597 -2.287307 -1.370780 3.357301 0.156607 2.442031 0.182282 0.455388 2.399337 0.217889 10.529563 -0.681071 -0.216624 0.243728 3.585825
1 116.4035 -8.778437 -0.884619 -0.352597 -2.287307 -1.370780 3.357301 0.156607 2.442031 0.182282 0.455388 2.399337 0.217889 10.529563 -0.681071 -0.216624 0.243728 3.585825
1 116.4035 -8.778437 -0.884619 -0.352597 -2.287307 -1.370780 3.357301 0.156607 2.442031 0.182282 0.455388 2.399337 0.217889 10.529563 -0.681071 -0.216624 0.243728 3.585825
1 116.51013 -8.803437 -0.874791 -0.362410 -2.329326 -1.350148 3.352144 0.152004 2.465733 0.160373 0.455468 2.385029 0.178226 10.551493 -0.712696 -0.232868 0.237676 3.568435
1 115.46536 -8.775339 -0.905008 -0.359631 -2.339134 -1.312497 3.320184 0.144828 2.472878 0.152469 0.479132 2.403861 0.207322 10.551261 -0.727809 -0.260144 0.247141 3.599776
1 115.46536 -8.775339 -0.905008 -0.359631 -2.339134 -1.312497 3.320184 0.144828 2.472878 0.152469 0.479132 2.403861 0.207322 10.551261 -0.727809 -0.260144 0.247141 3.599776
1 115.46536 -8.775339 -0.905008 -0.359631 -2.339134 -1.312497 3.320184 0.144828 2.472878 0.152469 0.479132 2.403861 0.207322 10.551261 -0.727809 -0.260144 0.247141 3.599776
1 115.46536 -8.775339 -0.905008 -0.359631 -2.339134 -1.312497 3.320184 0.144828 2.472878 0.152469 0.479132 2.403861 0.207322 10.551261 -0.727809 -0.260144 0.247141 3.599776
1 115.46536 -8.775339 -0.905008 -0.359631 -2.339134 -1.312497 3.320184 0.144828 2.472878 0.152469 0.479132 2.403861 0.207322 10.551261 -0.727809 -0.260144 0.247141 3.599776
1 115.46536 -8.775339 -0.905008 -0.359631 -2.339134 -1.312497 3.320184 0.144828 2.472878 0.152469 0.479132 2.403861 0.207322 10.551261 -0.727809 -0.260144 0.247141 3.599776
1 115.46536 -8.775339 -0.905008 -0.359631 -2.339134 -1.312497 3.320184 0.144828 2.472878 0.152469 0.479132 2.403861 0.207322 10.551261 -0.727809 -0.260144 0.247141 3.599776
1 115.46536 -8.775339 -0.905008 -0.359631 -2.339134 -1.312497 3.320184 0.144828 2.472878 0.152469 0.479132 2.403861 0.207322 10.551261 -0.727809 -0.260144 0.247141 3.599776
1 115.46536 -8.775339 -0.905008 -0.359631 -2.339134 -1.312497 3.320184 0.144828 2.472878 0.152469 0.479132 2.403861 0.207322 10.551261 -0.727809 -0.260144 0.247141 3.599776
1 115.46536 -8.775339 -0.905008 -0.359631 -2.339134 -1.312497 3.320184 0.144828 2.472878 0.152469 0.479132 2.403861 0.207322 10.551261 -0.727809 -0.260144 0.247141 3.599776
1 115.46536 -8.775339 -0.905008 -0.359631 -2.339134 -1.312497 3.320184 0.144828 2.472878 0.152469 0.479132 2.403861 0.207322 10.551261 -0.727809 -0.260144 0.247141 3.599776
1 115.46536 -8.775339 -0.905008 -0.359631 -2.339134 -1.312497 3.320184 0.144828 2.472878 0.152469 0.479132 2.403861 0.207322 10.551261 -0.727809 -0.260144 0.247141 3.599776
1 115.46536 -8.775339 -0.905008 -0.359631 -2.339134 -1.312497 3.320184 0.144828 2.472878 0.152469 0.479132 2.403861 0.207322 10.551261 -0.727809 -0.260144 0.247141 3.599776
1 115.46536 -8.775339 -0.905008 -0.359631 -2.339134 -1.312497 3.320184 0.144828 2.472878 0.152469 0.479132 2.403861 0.207322 10.551261 -0.727809 -0.260144 0.247141 3.599776
1 115.46536 -8.775339 -0.905008 -0.359631 -2.339134 -1.312497 3.320184 0.144828 2.472878 0.152469 0.479132 2.403861 0.207322 10.551261 -0.727809 -0.260144 0.247141 3.599776
1 115.46536 -8.775339 -0.905008 -0.359631 -2.339134 -1.312497 3.320184 0.144828 2.472878 0.152469 0.479132 2.403861 0.207322 10.551261 -0.727809 -0.260144 0.247141 3.599776
1 115.46536 -8.775339 -0.905008 -0.359631 -2.339134 -1.312497 3.320184 0.144828 2.472878 0.152469 0.479132 2.403861 0.207322 10.551261 -0.727809 -0.260144 0.247141 3.599776
1 115.46536 -8.775339 -0.905008 -0.359631 -2.339134 -1.312497 3.320184 0.144828 2.472878 0.152469 0.479132 2.403861 0.207322 10.551261 -0.727809 -0.260144 0.247141 3.599776
1 115.46536 -8.775339 -0.905008 -0.359631 -2.339134 -1.312497 3.320184 0.144828 2.472878 0.152469 0.479132 2.403861 0.207322 10.551261 -0.727809 -0.260144 0.247141 3.599776
1 115.46536 -8.775339 -0.905008 -0.359631 -2.339134 -1.312497 3.320184 0.144828 2.472878 0.152469 0.479132 2.403861 0.207322 10.551261 -0.727809 -0.260144 0.247141 3.599776
1 115.46536 -8.775339 -0.905008 -0.359631 -2.339134 -1.312497 3.320184 0.144828 2.472878 0.152469 0.479132 2.403861 0.207322 10.551261 -0.727809 -0.260144 0.247141 3.599776
1 115.46536 -8.775339 -0.905008 -0.359631 -2.339134 -1.312497 3.320184 0.144828 2.472878 0.152469 0.479132 2.403861 0.207322 10.551261 -0.727809 -0.260144 0.247141 3.599776
1 115.46536 -8.775339 -0.905008 -0.359631 -2.339134 -1.312497 3.320184 0.144828 2.472878 0.152469 0.479132 2.403861 0.207322 10.551261 -0.727809 -0.260144 0.247141 3.599776
1 115.46536 -8.775339 -0.905008 -0.359631 -2.339134 -1.312497 3.320184 0.144828 2.472878 0.152469 0.479132 2.403861 0.207322 10.551261 -0.727809 -0.260144 0.247141 3.599776
1 115.46536 -8.775339 -0.905008 -0.359631 -2.339134 -1.312497 3.320184 0.144828 2.472878 0.152469 0.479132 2.403861 0.207322 10.551261 -0.727809 -0.260144 0.247141 3.599776
1 115.46536 -8.775339 -0.905008 -0.359631 -2.339134 -1.312497 3.320184 0.144828 2.472878 0.152469 0.479132 2.403861 0.207322 10.551261 -0.727809 -0.260144 0.247141 3.599776
1 115.46536 -8.775339 -0.905008 -0.359631 -2.339134 -1.312497 3.320184 0.144828 2.472878 0.152469 0.479132 2.403861 0.207322 10.551261 -0.727809 -0.260144 0.247141 3.599776
1 115.46536 -8.775339 -0.905008 -0.359631 -2.339134 -1.312497 3.320184 0.144828 2.472878 0.152469 0.479132 2.403861 0.207322 10.551261 -0.727809 -0.260144 0.247141 3.599776
1 115.46536 -8.775339 -0.905008 -0.359631 -2.339134 -1.312497 3.320184 0.144828 2.472878 0.152469 0.479132 2.403861 0.207322 10.551261 -0.727809 -0.260144 0.247141 3.599776
1 115.46536 -8.775339 -0.905008 -0.359631 -2.339134 -1.312497 3.320184 0.144828 2.472878 0.152469 0.479132 2.403861 0.207322 10.551261 -0.727809 -0.260144 0.247141 3.599776
1 115.46536 -8.775339 -0.905008 -0.359631 -2.339134 -1.312497 3.320184 0.144828 2.472878 0.152469 0.479132 2.403861 0.207322 10.551261 -0.727809 -0.260144 0.247141 3.599776
1 115.46536 -8.775339 -0.905008 -0.359631 -2.339134 -1.312497 3.320184 0.144828 2.472878 0.152469 0.479132 2.403861 0.207322 10.551261 -0.727809 -0.260144 0.247141 3.599776
1 115.46536 -8.775339 -0.905008 -0.359631 -2.339134 -1.312497 3.320184 0.144828 2.472878 0.152469 0.479132 2.403861 0.207322 10.551261 -0.727809 -0.260144 0.247141 3.599776
1 115.46536 -8.775339 -0.905008 -0.359631 -2.339134 -1.312497 3.320184 0.144828 2.472878 0.152469 0.479132 2.403861 0.207322 10.551261 -0.727809 -0.260144 0.247141 3.599776
1 115.46536 -8.775339 -0.905008 -0.359631 -2.339134 -1.312497 3.320184 0.144828 2.472878 0.152469 0.479132 2.403861 0.207322 10.551261 -0.727809 -0.260144 0.247141 3.599776
1 115.46536 -8.775339 -0.905008 -0.359631 -2.339134 -1.312497 3.320184 0.144828 2.472878 0.152469 0.479132 2.403861 0.207322 10.551261 -0.727809 -0.260144 0.247141 3.599776
1 115.46536 -8.775339 -0.905008 -0.359631 -2.339134 -1.312497 3.320184 0.144828 2.472878 0.152469 0.479132 2.403861 0.207322 10.551261 -0.727809 -0.260144 0.247141 3.599776
1 115.46536 -8.775339 -0.905008 -0.359631 -2.339134 -1.312497 3.320184 0.144828 2.472878 0.152469 0.479132 2.403861 0.207322 10.551261 -0.727809 -0.260144 0.247141 3.599776
1 115.46536 -8.775339 -0.905008 -0.359631 -2.339134 -1.312497 3.320184 0.144828 2.472878 0.152469 0.479132 2.403861 0.207322 10.551261 -0.727809 -0.260144 0.247141 3.599776
1 115.46536 -8.775339 -0.905008 -0.359631 -2.339134 -1.312497 3.320184 0.144828 2.472878 0.152469 0.479132 2.403861 0.207322 10.551261 -0.727809 -0.260144 0.247141 3.599776
1 115.46536 -8.775339 -0.905008 -0.359631 -2.339134 -1.312497 3.320184 0.144828 2.472878 0.152469 0.479132 2.403861 0.207322 10.551261 -0.727809 -0.260144 0.247141 3.599776
1 115.46536 -8.775339 -0.905008 -0.359631 -2.339134 -1.312497 3.320184 0.144828 2.472878 0.152469 0.479132 2.403861 0.207322 10.551261 -0.727809 -0.260144 0.247141 3.599776
1 115.46536 -8.775339 -0.905008 -0.359631 -2.339134 -1.312497 3.320184 0.144828 2.472878 0.152469 0.479132 2.403861 0.207322 10.551261 -0.727809 -0.260144 0.247141 3.599776
1 115.46536 -8.775339 -0.905008 -0.359631 -2.339134 -1.312497 3.320184 0.144828 2.472878 0.152469 0.479132 2.403861 0.207322 10.551261 -0.727809 -0.260144 0.247141 3.599776
1 115.46536 -8.775339 -0.905008 -0.359631 -2.339134 -1.312497 3.320184 0.144828 2.472878 0.152469 0.479132 2.403861 0.207322 10.551261 -0.727809 -0.260144 0.247141 3.599776
1 115.46536 -8.775339 -0.905008 -0.359631 -2.339134 -1.312497 3.320184 0.144828 2.472878 0.152469 0.479132 2.403861 0.207322 10.551261 -0.727809 -0.260144 0.247141 3.599776
1 115.46536 -8.775339 -0.905008 -0.359631 -2.339134 -1.312497 3.320184 0.144828 2.472878 0.152469 0.479132 2.403861 0.207322 10.551261 -0.727809 -0.260144 0.247141 3.599776
1 115.46536 -8.775339 -0.905008 -0.359631 -2.339134 -1.312497 3.320184 0.144828 2.472878 0.152469 0.479132 2.403861 0.207322 10.551261 -0.727809 -0.260144 0.247141 3.599776
1 115.46536 -8.775339 -0.905008 -0.359631 -2.339134 -1.312497 3.320184 0.144828 2.472878 0.152469 0.479132 2.403861 0.207322 10.551261 -0.727809 -0.260144 0.247141 3.599776
1 115.46536 -8.775339 -0.905008 -0.359631 -2.339134 -1.312497 3.320184 0.144828 2.472878 0.152469 0.479132 2.403861 0.207322 10.551261 -0.727809 -0.260144 0.247141 3.599776
1 115.46536 -8.775339 -0.905008 -0.359631 -2.339134 -1.312497 3.320184 0.144828 2.472878 0.152469 0.479132 2.403861 0.207322 10.551261 -0.727809 -0.260144 0.247141 3.599776
1 115.46536 -8.775339 -0.905008 -0.359631 -2.339134 -1.312497 3.320184 0.144828 2.472878 0.152469 0.479132 2.403861 0.207322 10.551261 -0.727809 -0.260144 0.247141 3.599776
1 115.46536 -8.775339 -0.905008 -0.359631 -2.339134 -1.312497 3.320184 0.144828 2.472878 0.152469 0.479132 2.403861 0.207322 10.551261 -0.727809 -0.260144 0.247141 3.599776
1 115.46536 -8.775339 -0.905008 -0.359631 -2.339134 -1.312497 3.320184 0.144828 2.472878 0.152469 0.479132 2.403861 0.207322 10.551261 -0.727809 -0.260144 0.247141 3.599776
1 115.46536 -8.775339 -0.905008 -0.359631 -2.339134 -1.312497 3.320184 0.144828 2.472878 0.152469 0.479132 2.403861 0.207322 10.551261 -0.727809 -0.260144 0.247141 3.599776
1 115.46536 -8.775339 -0.905008 -0.359631 -2.339134 -1.312497 3.320184 0.144828 2.472878 0.152469 0.479132 2.403861 0.207322 10.551261 -0.727809 -0.260144 0.247141 3.599776
1 115.46536 -8.775339 -0.905008 -0.359631 -2.339134 -1.312497 3.320184 0.144828 2.472878 0.152469 0.479132 2.403861 0.207322 10.551261 -0.727809 -0.260144 0.247141 3.599776
1 115.46536 -8.775339 -0.905008 -0.359631 -2.339134 -1.312497 3.320184 0.144828 2.472878 0.152469 0.479132 2.403861 0.207322 10.551261 -0.727809 -0.260144 0.247141 3.599776
1 115.46536 -8.775339 -0.905008 -0.359631 -2.339134 -1.312497 3.320184 0.144828 2.472878 0.152469 0.479132 2.403861 0.207322 10.551261 -0.727809 -0.260144 0.247141 3.599776
1 115.46536 -8.775339 -0.905008 -0.359631 -2.339134 -1.312497 3.320184 0.144828 2.472878 0.152469 0.479132 2.403861 0.207322 10.551261 -0.727809 -0.260144 0.247141 3.599776
1 115.46536 -8.775339 -0.905008 -0.359631 -2.339134 -1.312497 3.320184 0.144828 2.472878 0.152469 0.479132 2.403861 0.207322 10.551261 -0.727809 -0.260144 0.247141 3.599776
1 115.46536 -8.775339 -0.905008 -0.359631 -2.339134 -1.312497 3.320184 0.144828 2.472878 0.152469 0.479132 2.403861 0.207322 10.551261 -0.727809 -0.260144 0.247141 3.599776
1 115.46536 -8.775339 -0.905008 -0.359631 -2.339134 -1.312497 3.320184 0.144828 2.472878 0.152469 0.479132 2.403861 0.207322 10.551261 -0.727809 -0.260144 0.247141 3.599776
1 115.46536 -8.775339 -0.905008 -0.359631 -2.339134 -1.312497 3.320184 0.144828 2.472878 0.152469 0.479132 2.403861 0.207322 10.551261 -0.727809 -0.260144 0.247141 3.599776
1 115.46536 -8.775339 -0.905008 -0.359631 -2.339134 -1.312497 3.320184 0.144828 2.472878 0.152469 0.479132 2.403861 0.207322 10.551261 -0.727809 -0.260144 0.247141 3.599776
1 115.46536 -8.775339 -0.905008 -0.359631 -2.339134 -1.312497 3.320184 0.144828 2.472878 0.152469 0.479132 2.403861 0.207322 10.551261 -0.727809 -0.260144 0.247141 3.599776
1 115.46536 -8.775339 -0.905008 -0.359631 -2.339134 -1.312497 3.320184 0.144828 2.472878 0.152469 0.479132 2.403861 0.207322 10.551261 -0.727809 -0.260144 0.247141 3.599776
1 115.46536 -8.775339 -0.905008 -0.359631 -2.339134 -1.312497 3.320184 0.144828 2.472878 0.152469 0.479132 2.403861 0.207322 10.551261 -0.727809 -0.260144 0.247141 3.599776
1 115.46536 -8.775339 -0.905008 -0.359631 -2.339134 -1.312497 3.320184 0.144828 2.472878 0.152469 0.479132 2.403861 0.207322 10.551261 -0.727809 -0.260144 0.247141 3.599776
1 115.46536 -8.775339 -0.905008 -0.359631 -2.339134 -1.312497 3.320184 0.144828 2.472878 0.152469 0.479132 2.403861 0.207322 10.551261 -0.727809 -0.260144 0.247141 3.599776
1 115.46536 -8.775339 -0.905008 -0.359631 -2.339134 -1.312497 3.320184 0.144828 2.472878 0.152469 0.479132 2.403861 0.207322 10.551261 -0.727809 -0.260144 0.247141 3.599776
1 115.46536 -8.775339 -0.905008 -0.359631 -2.339134 -1.312497 3.320184 0.144828 2.472878 0.152469 0.479132 2.403861 0.207322 10.551261 -0.727809 -0.260144 0.247141 3.599776
1 115.46536 -8.775339 -0.905008 -0.359631 -2.339134 -1.312497 3.320184 0.144828 2.472878 0.152469 0.479132 2.403861 0.207322 10.551261 -0.727809 -0.260144 0.247141 3.599776
1 115.46536 -8.775339 -0.905008 -0.359631 -2.339134 -1.312497 3.320184 0.144828 2.472878 0.152469 0.479132 2.403861 0.207322 10.551261 -0.727809 -0.260144 0.247141 3.599776
1 115.46536 -8.775339 -0.905008 -0.359631 -2.339134 -1.312497 3.320184 0.144828 2.472878 0.152469 0.479132 2.403861 0.207322 10.551261 -0.727809 -0.260144 0.247141 3.599776
1 115.46536 -8.775339 -0.905008 -0.359631 -2.339134 -1.312497 3.320184 0.144828 2.472878 0.152469 0.479132 2.403861 0.207322 10.551261 -0.727809 -0.260144 0.247141 3.599776
1 115.46536 -8.775339 -0.905008 -0.359631 -2.339134 -1.312497 3.320184 0.144828 2.472878 0.152469 0.479132 2.403861 0.207322 10.551261 -0.727809 -0.260144 0.247141 3.599776
1 115.46536 -8.775339 -0.905008 -0.359631 -2.339134 -1.312497 3.320184 0.144828 2.472878 0.152469 0.479132 2.403861 0.207322 10.551261 -0.727809 -0.260144 0.247141 3.599776
1 115.46536 -8.775339 -0.905008 -0.359631 -2.339134 -1.312497 3.320184 0.144828 2.472878 0.152469 0.479132 2.403861 0.207322 10.551261 -0.727809 -0.260144 0.247141 3.599776
1 115.46536 -8.775339 -0.905008 -0.359631 -2.339134 -1.312497 3.320184 0.144828 2.472878 0.152469 0.479132 2.403861 0.207322 10.551261 -0.727809 -0.260144 0.247141 3.599776
1 115.46536 -8.775339 -0.905008 -0.359631 -2.339134 -1.312497 3.320184 0.144828 2.472878 0.152469 0.479132 2.403861 0.207322 10.551261 -0.727809 -0.260144 0.247141 3.599776
1 115.46536 -8.775339 -0.905008 -0.359631 -2.339134 -1.312497 3.320184 0.144828 2.472878 0.152469 0.479132 2.403861 0.207322 10.551261 -0.727809 -0.260144 0.247141 3.599776
1 115.46536 -8.775339 -0.905008 -0.359631 -2.339134 -1.312497 3.320184 0.144828 2.472878 0.152469 0.479132 2.403861 0.207322 10.551261 -0.727809 -0.260144 0.247141 3.599776
1 115.46536 -8.775339 -0.905008 -0.359631 -2.339134 -1.312497 3.320184 0.144828 2.472878 0.152469 0.479132 2.403861 0.207322 10.551261 -0.727809 -0.260144 0.247141 3.599776
1 115.46536 -8.775339 -0.905008 -0.359631 -2.339134 -1.312497 3.320184 0.144828 2.472878 0.152469 0.479132 2.403861 0.207322 10.551261 -0.727809 -0.260144 0.247141 3.599776
1 115.46536 -8.775339 -0.905008 -0.359631 -2.339134 -1.312497 3.320184 0.144828 2.472878 0.152469 0.479132 2.403861 0.207322 10.551261 -0.727809 -0.260144 0.247141 3.599776
1 115.46536 -8.775339 -0.905008 -0.359631 -2.339134 -1.312497 3.320184 0.144828 2.472878 0.152469 0.479132 2.403861 0.207322 10.551261 -0.727809 -0.260144 0.247141 3.599776
1 115.46536 -8.775339 -0.905008 -0.359631 -2.339134 -1.312497 3.320184 0.144828 2.472878 0.152469 0.479132 2.403861 0.207322 10.551261 -0.727809 -0.260144 0.247141 3.599776
1 115.46536 -8.775339 -0.905008 -0.359631 -2.339134 -1.312497 3.320184 0.144828 2.472878 0.152469 0.479132 2.403861 0.207322 10.551261 -0.727809 -0.260144 0.247141 3.599776
1 115.46536 -8.775339 -0.905008 -0.359631 -2.339134 -1.312497 3.320184 0.144828 2.472878 0.152469 0.479132 2.403861 0.207322 10.551261 -0.727809 -0.260144 0.247141 3.599776
1 115.46536 -8.775339 -0.905008 -0.359631 -2.339134 -1.312497 3.320184 0.144828 2.472878 0.152469 0.479132 2.403861 0.207322 10.551261 -0.727809 -0.260144 0.247141 3.599776
1 115.46536 -8.775339 -0.905008 -0.359631 -2.339134 -1.312497 3.320184 0.144828 2.472878 0.152469 0.479132 2.403861 0.207322 10.551261 -0.727809 -0.260144 0.247141 3.599776
1 115.46536 -8.775339 -0.905008 -0.359631 -2.339134 -1.312497 3.320184 0.144828 2.472878 0.152469 0.479132 2.403861 0.207322 10.551261 -0.727809 -0.260144 0.247141 3.599776
1 115.46536 -8.775339 -0.905008 -0.359631 -2.339134 -1.312497 3.320184 0.144828 2.472878 0.152469 0.479132 2.403861 0.207322 10.551261 -0.727809 -0.260144 0.247141 3.599776
1 115.46536 -8.775339 -0.905008 -0.359631 -2.339134 -1.312497 3.320184 0.144828 2.472878 0.152469 0.479132 2.403861 0.207322 10.551261 -0.727809 -0.260144 0.247141 3.599776
1 115.46536 -8.775339 -0.905008 -0.359631 -2.339134 -1.312497 3.320184 0.144828 2.472878 0.152469 0.479132 2.403861 0.207322 10.551261 -0.727809 -0.260144 0.247141 3.599776
1 115.46536 -8.775339 -0.905008 -0.359631 -2.339134 -1.312497 3.320184 0.144828 2.472878 0.152469 0.479132 2.403861 0.207322 10.551261 -0.727809 -0.260144 0.247141 3.599776
1 115.46536 -8.775339 -0.905008 -0.359631 -2.339134 -1.312497 3.320184 0.144828 2.472878 0.152469 0.479132 2.403861 0.207322 10.551261 -0.727809 -0.260144 0.247141 3.599776
1 115.46536 -8.775339 -0.905008 -0.359631 -2.339134 -1.312497 3.320184 0.144828 2.472878 0.152469 0.479132 2.403861 0.207322 10.551261 -0.727809 -0.260144 0.247141 3.599776
1 115.46536 -8.775339 -0.905008 -0.359631 -2.339134 -1.312497 3.320184 0.144828 2.472878 0.152469 0.479132 2.403861 0.207322 10.551261 -0.727809 -0.260144 0.247141 3.599776
1 115.46536 -8.775339 -0.905008 -0.359631 -2.339134 -1.312497 3.320184 0.144828 2.472878 0.152469 0.479132 2.403861 0.207322 10.551261 -0.727809 -0.260144 0.247141 3.599776
1 115.46536 -8.775339 -0.905008 -0.359631 -2.339134 -1.312497 3.320184 0.144828 2.472878 0.152469 0.479132 2.403861 0.207322 10.551261 -0.727809 -0.260144 0.247141 3.599776
1 115.46536 -8.775339 -0.905008 -0.359631 -2.339134 -1.312497 3.320184 0.144828 2.472878 0.152469 0.479132 2.403861 0.207322 10.551261 -0.727809 -0.260144 0.247141 3.599776
1 115.46536 -8.775339 -0.905008 -0.359631 -2.339134 -1.312497 3.320184 0.144828 2.472878 0.152469 0.479132 2.403861 0.207322 10.551261 -0.727809 -0.260144 0.247141 3.599776
1 115.46536 -8.775339 -0.905008 -0.359631 -2.339134 -1.312497 3.320184 0.144828 2.472878 0.152469 0.479132 2.403861 0.207322 10.551261 -0.727809 -0.260144 0.247141 3.599776
1 115.46536 -8.775339 -0.905008 -0.359631 -2.339134 -1.312497 3.320184 0.144828 2.472878 0.152469 0.479132 2.403861 0.207322 10.551261 -0.727809 -0.260144 0.247141 3.599776
1 115.46536 -8.775339 -0.905008 -0.359631 -2.339134 -1.312497 3.320184 0.144828 2.472878 0.152469 0.479132 2.403861 0.207322 10.551261 -0.727809 -0.260144 0.247141 3.599776
1 115.46536 -8.775339 -0.905008 -0.359631 -2.339134 -1.312497 3.320184 0.144828 2.472878 0.152469 0.479132 2.403861 0.207322 10.551261 -0.727809 -0.260144 0.247141 3.599776
1 115.46536 -8.775339 -0.905008 -0.359631 -2.339134 -1.312497 3.320184 0.144828 2.472878 0.152469 0.479132 2.403861 0.207322 10.551261 -0.727809 -0.260144 0.247141 3.599776
1 115.46536 -8.775339 -0.905008 -0.359631 -2.339134 -1.312497 3.320184 0.144828 2.472878 0.152469 0.479132 2.403861 0.207322 10.551261 -0.727809 -0.260144 0.247141 3.599776
1 115.46536 -8.775339 -0.905008 -0.359631 -2.339134 -1.312497 3.320184 0.144828 2.472878 0.152469 0.479132 2.403861 0.207322 10.551261 -0.727809 -0.260144 0.247141 3.599776
1 115.46536 -8.775339 -0.905008 -0.359631 -2.339134 -1.312497 3.320184 0.144828 2.472878 0.152469 0.479132 2.403861 0.207322 10.551261 -0.727809 -0.260144 0.247141 3.599776
1 115.46536 -8.775339 -0.905008 -0.359631 -2.339134 -1.312497 3.320184 0.144828 2.472878 0.152469 0.479132 2.403861 0.207322 10.551261 -0.727809 -0.260144 0.247141 3.599776
1 115.46536 -8.775339 -0.905008 -0.359631 -2.339134 -1.312497 3.320184 0.144828 2.472878 0.152469 0.479132 2.403861 0.207322 10.551261 -0.727809 -0.260144 0.247141 3.599776
1 115.46536 -8.775339 -0.905008 -0.359631 -2.339134 -1.312497 3.320184 0.144828 2.472878 0.152469 0.479132 2.403861 0.207322 10.551261 -0.727809 -0.260144 0.247141 3.599776
1 115.46536 -8.775339 -0.905008 -0.359631 -2.339134 -1.312497 3.320184 0.144828 2.472878 0.152469 0.479132 2.403861 0.207322 10.551261 -0.727809 -0.260144 0.247141 3.599776
1 115.46536 -8.775339 -0.905008 -0.359631 -2.339134 -1.312497 3.320184 0.144828 2.472878 0.152469 0.479132 2.403861 0.207322 10.551261 -0.727809 -0.260144 0.247141 3.599776
1 115.46536 -8.775339 -0.905008 -0.359631 -2.339134 -1.312497 3.320184 0.144828 2.472878 0.152469 0.479132 2.403861 0.207322 10.551261 -0.727809 -0.260144 0.247141 3.599776
1 115.46536 -8.775339 -0.905008 -0.359631 -2.339134 -1.312497 3.320184 0.144828 2.472878 0.152469 0.479132 2.403861 0.207322 10.551261 -0.727809 -0.260144 0.247141 3.599776
1 115.46536 -8.775339 -0.905008 -0.359631 -2.339134 -1.312497 3.320184 0.144828 2.472878 0.152469 0.479132 2.403861 0.207322 10.551261 -0.727809 -0.260144 0.247141 3.599776
1 115.46536 -8.775339 -0.905008 -0.359631 -2.339134 -1.312497 3.320184 0.144828 2.472878 0.152469 0.479132 2.403861 0.207322 10.551261 -0.727809 -0.260144 0.247141 3.599776
1 115.46536 -8.775339 -0.905008 -0.359631 -2.339134 -1.312497 3.320184 0.144828 2.472878 0.152469 0.479132 2.403861 0.207322 10.551261 -0.727809 -0.260144 0.247141 3.599776
