1 156.96005 -8.698953 -0.961692 -0.264752 -2.245623 -1.399899 3.413777 0.196890 2.554949 0.206045 0.597735 2.318177 0.164173 10.480849 -0.726389 -0.258876 0.187139 3.681789
1 156.96005 -8.698953 -0.961692 -0.264752 -2.245623 -1.399899 3.413777 0.196890 2.554949 0.206045 0.597735 2.318177 0.164173 10.480849 -0.726389 -0.258876 0.187139 3.681789
1 150.90681 -8.664390 -0.966987 -0.285909 -2.240724 -1.399753 3.442665 0.186281 2.537806 0.207498 0.614505 2.301737 0.164073 10.466526 -0.712485 -0.249186 0.213190 3.700773
1 150.82437 -8.675392 -0.949409 -0.275196 -2.251608 -1.345953 3.459984 0.224257 2.534584 0.217455 0.599949 2.304520 0.164196 10.472409 -0.739222 -0.219288 0.195854 3.661769
1 150.82437 -8.675392 -0.949409 -0.275196 -2.251608 -1.345953 3.459984 0.224257 2.534584 0.217455 0.599949 2.304520 0.164196 10.472409 -0.739222 -0.219288 0.195854 3.661769
1 150.82437 -8.675392 -0.949409 -0.275196 -2.251608 -1.345953 3.459984 0.224257 2.534584 0.217455 0.599949 2.304520 0.164196 10.472409 -0.739222 -0.219288 0.195854 3.661769
1 150.82437 -8.675392 -0.949409 -0.275196 -2.251608 -1.345953 3.459984 0.224257 2.534584 0.217455 0.599949 2.304520 0.164196 10.472409 -0.739222 -0.219288 0.195854 3.661769
1 142.87062 -8.710558 -0.938016 -0.293528 -2.247122 -1.326136 3.451825 0.218431 2.553532 0.198311 0.583066 2.307953 0.154675 10.464024 -0.746112 -0.260440 0.213263 3.696149
1 142.87062 -8.710558 -0.938016 -0.293528 -2.247122 -1.326136 3.451825 0.218431 2.553532 0.198311 0.583066 2.307953 0.154675 10.464024 -0.746112 -0.260440 0.213263 3.696149
1 136.91333 -8.695411 -0.950089 -0.241048 -2.256310 -1.320584 3.444426 0.243685 2.526473 0.171260 0.572699 2.305422 0.168944 10.445496 -0.750990 -0.307187 0.221587 3.694813
1 136.91333 -8.695411 -0.950089 -0.241048 -2.256310 -1.320584 3.444426 0.243685 2.526473 0.171260 0.572699 2.305422 0.168944 10.445496 -0.750990 -0.307187 0.221587 3.694813
1 136.91333 -8.695411 -0.950089 -0.241048 -2.256310 -1.320584 3.444426 0.243685 2.526473 0.171260 0.572699 2.305422 0.168944 10.445496 -0.750990 -0.307187 0.221587 3.694813
1 136.91333 -8.695411 -0.950089 -0.241048 -2.256310 -1.320584 3.444426 0.243685 2.526473 0.171260 0.572699 2.305422 0.168944 10.445496 -0.750990 -0.307187 0.221587 3.694813
1 136.91333 -8.695411 -0.950089 -0.241048 -2.256310 -1.320584 3.444426 0.243685 2.526473 0.171260 0.572699 2.305422 0.168944 10.445496 -0.750990 -0.307187 0.221587 3.694813
1 136.91333 -8.695411 -0.950089 -0.241048 -2.256310 -1.320584 3.444426 0.243685 2.526473 0.171260 0.572699 2.305422 0.168944 10.445496 -0.750990 -0.307187 0.221587 3.694813
1 136.91333 -8.695411 -0.950089 -0.241048 -2.256310 -1.320584 3.444426 0.243685 2.526473 0.171260 0.572699 2.305422 0.168944 10.445496 -0.750990 -0.307187 0.221587 3.694813
1 136.91333 -8.695411 -0.950089 -0.241048 -2.256310 -1.320584 3.444426 0.243685 2.526473 0.171260 0.572699 2.305422 0.168944 10.445496 -0.750990 -0.307187 0.221587 3.694813
1 136.91333 -8.695411 -0.950089 -0.241048 -2.256310 -1.320584 3.444426 0.243685 2.526473 0.171260 0.572699 2.305422 0.168944 10.445496 -0.750990 -0.307187 0.221587 3.694813
1 134.22271 -8.755102 -0.929225 -0.246882 -2.249168 -1.316975 3.434514 0.244589 2.500294 0.198723 0.577019 2.318618 0.191285 10.434475 -0.762970 -0.320479 0.251010 3.676085
1 134.22271 -8.755102 -0.929225 -0.246882 -2.249168 -1.316975 3.434514 0.244589 2.500294 0.198723 0.577019 2.318618 0.191285 10.434475 -0.762970 -0.320479 0.251010 3.676085
1 134.22271 -8.755102 -0.929225 -0.246882 -2.249168 -1.316975 3.434514 0.244589 2.500294 0.198723 0.577019 2.318618 0.191285 10.434475 -0.762970 -0.320479 0.251010 3.676085
1 134.22271 -8.755102 -0.929225 -0.246882 -2.249168 -1.316975 3.434514 0.244589 2.500294 0.198723 0.577019 2.318618 0.191285 10.434475 -0.762970 -0.320479 0.251010 3.676085
1 134.22271 -8.755102 -0.929225 -0.246882 -2.249168 -1.316975 3.434514 0.244589 2.500294 0.198723 0.577019 2.318618 0.191285 10.434475 -0.762970 -0.320479 0.251010 3.676085
1 134.22271 -8.755102 -0.929225 -0.246882 -2.249168 -1.316975 3.434514 0.244589 2.500294 0.198723 0.577019 2.318618 0.191285 10.434475 -0.762970 -0.320479 0.251010 3.676085
1 134.22271 -8.755102 -0.929225 -0.246882 -2.249168 -1.316975 3.434514 0.244589 2.500294 0.198723 0.577019 2.318618 0.191285 10.434475 -0.762970 -0.320479 0.251010 3.676085
1 134.22271 -8.755102 -0.929225 -0.246882 -2.249168 -1.316975 3.434514 0.244589 2.500294 0.198723 0.577019 2.318618 0.191285 10.434475 -0.762970 -0.320479 0.251010 3.676085
1 134.22271 -8.755102 -0.929225 -0.246882 -2.249168 -1.316975 3.434514 0.244589 2.500294 0.198723 0.577019 2.318618 0.191285 10.434475 -0.762970 -0.320479 0.251010 3.676085
1 134.22271 -8.755102 -0.929225 -0.246882 -2.249168 -1.316975 3.434514 0.244589 2.500294 0.198723 0.577019 2.318618 0.191285 10.434475 -0.762970 -0.320479 0.251010 3.676085
1 134.22271 -8.755102 -0.929225 -0.246882 -2.249168 -1.316975 3.434514 0.244589 2.500294 0.198723 0.577019 2.318618 0.191285 10.434475 -0.762970 -0.320479 0.251010 3.676085
1 134.22271 -8.755102 -0.929225 -0.246882 -2.249168 -1.316975 3.434514 0.244589 2.500294 0.198723 0.577019 2.318618 0.191285 10.434475 -0.762970 -0.320479 0.251010 3.676085
1 133.44141 -8.782373 -0.929194 -0.251294 -2.219524 -1.363582 3.423802 0.245890 2.506808 0.182227 0.599950 2.339664 0.178824 10.427000 -0.756148 -0.368269 0.263699 3.651620
1 133.44141 -8.782373 -0.929194 -0.251294 -2.219524 -1.363582 3.423802 0.245890 2.506808 0.182227 0.599950 2.339664 0.178824 10.427000 -0.756148 -0.368269 0.263699 3.651620
1 133.44141 -8.782373 -0.929194 -0.251294 -2.219524 -1.363582 3.423802 0.245890 2.506808 0.182227 0.599950 2.339664 0.178824 10.427000 -0.756148 -0.368269 0.263699 3.651620
1 133.44141 -8.782373 -0.929194 -0.251294 -2.219524 -1.363582 3.423802 0.245890 2.506808 0.182227 0.599950 2.339664 0.178824 10.427000 -0.756148 -0.368269 0.263699 3.651620
1 133.44141 -8.782373 -0.929194 -0.251294 -2.219524 -1.363582 3.423802 0.245890 2.506808 0.182227 0.599950 2.339664 0.178824 10.427000 -0.756148 -0.368269 0.263699 3.651620
1 133.44141 -8.782373 -0.929194 -0.251294 -2.219524 -1.363582 3.423802 0.245890 2.506808 0.182227 0.599950 2.339664 0.178824 10.427000 -0.756148 -0.368269 0.263699 3.651620
1 133.44141 -8.782373 -0.929194 -0.251294 -2.219524 -1.363582 3.423802 0.245890 2.506808 0.182227 0.599950 2.339664 0.178824 10.427000 -0.756148 -0.368269 0.263699 3.651620
1 133.44141 -8.782373 -0.929194 -0.251294 -2.219524 -1.363582 3.423802 0.245890 2.506808 0.182227 0.599950 2.339664 0.178824 10.427000 -0.756148 -0.368269 0.263699 3.651620
1 133.44141 -8.782373 -0.929194 -0.251294 -2.219524 -1.363582 3.423802 0.245890 2.506808 0.182227 0.599950 2.339664 0.178824 10.427000 -0.756148 -0.368269 0.263699 3.651620
1 133.44141 -8.782373 -0.929194 -0.251294 -2.219524 -1.363582 3.423802 0.245890 2.506808 0.182227 0.599950 2.339664 0.178824 10.427000 -0.756148 -0.368269 0.263699 3.651620
1 133.44141 -8.782373 -0.929194 -0.251294 -2.219524 -1.363582 3.423802 0.245890 2.506808 0.182227 0.599950 2.339664 0.178824 10.427000 -0.756148 -0.368269 0.263699 3.651620
1 133.44141 -8.782373 -0.929194 -0.251294 -2.219524 -1.363582 3.423802 0.245890 2.506808 0.182227 0.599950 2.339664 0.178824 10.427000 -0.756148 -0.368269 0.263699 3.651620
1 133.44141 -8.782373 -0.929194 -0.251294 -2.219524 -1.363582 3.423802 0.245890 2.506808 0.182227 0.599950 2.339664 0.178824 10.427000 -0.756148 -0.368269 0.263699 3.651620
1 133.44141 -8.782373 -0.929194 -0.251294 -2.219524 -1.363582 3.423802 0.245890 2.506808 0.182227 0.599950 2.339664 0.178824 10.427000 -0.756148 -0.368269 0.263699 3.651620
1 133.44141 -8.782373 -0.929194 -0.251294 -2.219524 -1.363582 3.423802 0.245890 2.506808 0.182227 0.599950 2.339664 0.178824 10.427000 -0.756148 -0.368269 0.263699 3.651620
1 133.44141 -8.782373 -0.929194 -0.251294 -2.219524 -1.363582 3.423802 0.245890 2.506808 0.182227 0.599950 2.339664 0.178824 10.427000 -0.756148 -0.368269 0.263699 3.651620
1 133.44141 -8.782373 -0.929194 -0.251294 -2.219524 -1.363582 3.423802 0.245890 2.506808 0.182227 0.599950 2.339664 0.178824 10.427000 -0.756148 -0.368269 0.263699 3.651620
1 133.44141 -8.782373 -0.929194 -0.251294 -2.219524 -1.363582 3.423802 0.245890 2.506808 0.182227 0.599950 2.339664 0.178824 10.427000 -0.756148 -0.368269 0.263699 3.651620
1 133.44141 -8.782373 -0.929194 -0.251294 -2.219524 -1.363582 3.423802 0.245890 2.506808 0.182227 0.599950 2.339664 0.178824 10.427000 -0.756148 -0.368269 0.263699 3.651620
1 133.44141 -8.782373 -0.929194 -0.251294 -2.219524 -1.363582 3.423802 0.245890 2.506808 0.182227 0.599950 2.339664 0.178824 10.427000 -0.756148 -0.368269 0.263699 3.651620
1 133.44141 -8.782373 -0.929194 -0.251294 -2.219524 -1.363582 3.423802 0.245890 2.506808 0.182227 0.599950 2.339664 0.178824 10.427000 -0.756148 -0.368269 0.263699 3.651620
1 133.44141 -8.782373 -0.929194 -0.251294 -2.219524 -1.363582 3.423802 0.245890 2.506808 0.182227 0.599950 2.339664 0.178824 10.427000 -0.756148 -0.368269 0.263699 3.651620
1 124.6553 -8.765582 -0.909141 -0.277206 -2.220635 -1.336470 3.432163 0.193744 2.496848 0.126195 0.632950 2.324647 0.205607 10.474959 -0.765322 -0.361814 0.236073 3.669052
1 124.6553 -8.765582 -0.909141 -0.277206 -2.220635 -1.336470 3.432163 0.193744 2.496848 0.126195 0.632950 2.324647 0.205607 10.474959 -0.765322 -0.361814 0.236073 3.669052
1 124.6553 -8.765582 -0.909141 -0.277206 -2.220635 -1.336470 3.432163 0.193744 2.496848 0.126195 0.632950 2.324647 0.205607 10.474959 -0.765322 -0.361814 0.236073 3.669052
1 124.6553 -8.765582 -0.909141 -0.277206 -2.220635 -1.336470 3.432163 0.193744 2.496848 0.126195 0.632950 2.324647 0.205607 10.474959 -0.765322 -0.361814 0.236073 3.669052
1 124.6553 -8.765582 -0.909141 -0.277206 -2.220635 -1.336470 3.432163 0.193744 2.496848 0.126195 0.632950 2.324647 0.205607 10.474959 -0.765322 -0.361814 0.236073 3.669052
1 124.6553 -8.765582 -0.909141 -0.277206 -2.220635 -1.336470 3.432163 0.193744 2.496848 0.126195 0.632950 2.324647 0.205607 10.474959 -0.765322 -0.361814 0.236073 3.669052
1 124.6553 -8.765582 -0.909141 -0.277206 -2.220635 -1.336470 3.432163 0.193744 2.496848 0.126195 0.632950 2.324647 0.205607 10.474959 -0.765322 -0.361814 0.236073 3.669052
1 124.6553 -8.765582 -0.909141 -0.277206 -2.220635 -1.336470 3.432163 0.193744 2.496848 0.126195 0.632950 2.324647 0.205607 10.474959 -0.765322 -0.361814 0.236073 3.669052
1 124.6553 -8.765582 -0.909141 -0.277206 -2.220635 -1.336470 3.432163 0.193744 2.496848 0.126195 0.632950 2.324647 0.205607 10.474959 -0.765322 -0.361814 0.236073 3.669052
1 124.6553 -8.765582 -0.909141 -0.277206 -2.220635 -1.336470 3.432163 0.193744 2.496848 0.126195 0.632950 2.324647 0.205607 10.474959 -0.765322 -0.361814 0.236073 3.669052
1 124.6553 -8.765582 -0.909141 -0.277206 -2.220635 -1.336470 3.432163 0.193744 2.496848 0.126195 0.632950 2.324647 0.205607 10.474959 -0.765322 -0.361814 0.236073 3.669052
1 119.09468 -8.793812 -0.883115 -0.268467 -2.256923 -1.380027 3.414106 0.156957 2.464114 0.135869 0.638440 2.354137 0.216779 10.465154 -0.771292 -0.400922 0.217422 3.610432
1 119.09468 -8.793812 -0.883115 -0.268467 -2.256923 -1.380027 3.414106 0.156957 2.464114 0.135869 0.638440 2.354137 0.216779 10.465154 -0.771292 -0.400922 0.217422 3.610432
1 119.09468 -8.793812 -0.883115 -0.268467 -2.256923 -1.380027 3.414106 0.156957 2.464114 0.135869 0.638440 2.354137 0.216779 10.465154 -0.771292 -0.400922 0.217422 3.610432
1 119.09468 -8.793812 -0.883115 -0.268467 -2.256923 -1.380027 3.414106 0.156957 2.464114 0.135869 0.638440 2.354137 0.216779 10.465154 -0.771292 -0.400922 0.217422 3.610432
1 119.09468 -8.793812 -0.883115 -0.268467 -2.256923 -1.380027 3.414106 0.156957 2.464114 0.135869 0.638440 2.354137 0.216779 10.465154 -0.771292 -0.400922 0.217422 3.610432
1 119.09468 -8.793812 -0.883115 -0.268467 -2.256923 -1.380027 3.414106 0.156957 2.464114 0.135869 0.638440 2.354137 0.216779 10.465154 -0.771292 -0.400922 0.217422 3.610432
1 119.09468 -8.793812 -0.883115 -0.268467 -2.256923 -1.380027 3.414106 0.156957 2.464114 0.135869 0.638440 2.354137 0.216779 10.465154 -0.771292 -0.400922 0.217422 3.610432
1 119.09468 -8.793812 -0.883115 -0.268467 -2.256923 -1.380027 3.414106 0.156957 2.464114 0.135869 0.638440 2.354137 0.216779 10.465154 -0.771292 -0.400922 0.217422 3.610432
1 119.09468 -8.793812 -0.883115 -0.268467 -2.256923 -1.380027 3.414106 0.156957 2.464114 0.135869 0.638440 2.354137 0.216779 10.465154 -0.771292 -0.400922 0.217422 3.610432
1 119.09468 -8.793812 -0.883115 -0.268467 -2.256923 -1.380027 3.414106 0.156957 2.464114 0.135869 0.638440 2.354137 0.216779 10.465154 -0.771292 -0.400922 0.217422 3.610432
1 119.09468 -8.793812 -0.883115 -0.268467 -2.256923 -1.380027 3.414106 0.156957 2.464114 0.135869 0.638440 2.354137 0.216779 10.465154 -0.771292 -0.400922 0.217422 3.610432
1 119.09468 -8.793812 -0.883115 -0.268467 -2.256923 -1.380027 3.414106 0.156957 2.464114 0.135869 0.638440 2.354137 0.216779 10.465154 -0.771292 -0.400922 0.217422 3.610432
1 119.09468 -8.793812 -0.883115 -0.268467 -2.256923 -1.380027 3.414106 0.156957 2.464114 0.135869 0.638440 2.354137 0.216779 10.465154 -0.771292 -0.400922 0.217422 3.610432
1 119.09468 -8.793812 -0.883115 -0.268467 -2.256923 -1.380027 3.414106 0.156957 2.464114 0.135869 0.638440 2.354137 0.216779 10.465154 -0.771292 -0.400922 0.217422 3.610432
1 119.09468 -8.793812 -0.883115 -0.268467 -2.256923 -1.380027 3.414106 0.156957 2.464114 0.135869 0.638440 2.354137 0.216779 10.465154 -0.771292 -0.400922 0.217422 3.610432
1 119.09468 -8.793812 -0.883115 -0.268467 -2.256923 -1.380027 3.414106 0.156957 2.464114 0.135869 0.638440 2.354137 0.216779 10.465154 -0.771292 -0.400922 0.217422 3.610432
1 119.09468 -8.793812 -0.883115 -0.268467 -2.256923 -1.380027 3.414106 0.156957 2.464114 0.135869 0.638440 2.354137 0.216779 10.465154 -0.771292 -0.400922 0.217422 3.610432
1 119.09468 -8.793812 -0.883115 -0.268467 -2.256923 -1.380027 3.414106 0.156957 2.464114 0.135869 0.638440 2.354137 0.216779 10.465154 -0.771292 -0.400922 0.217422 3.610432
1 119.09468 -8.793812 -0.883115 -0.268467 -2.256923 -1.380027 3.414106 0.156957 2.464114 0.135869 0.638440 2.354137 0.216779 10.465154 -0.771292 -0.400922 0.217422 3.610432
1 119.09468 -8.793812 -0.883115 -0.268467 -2.256923 -1.380027 3.414106 0.156957 2.464114 0.135869 0.638440 2.354137 0.216779 10.465154 -0.771292 -0.400922 0.217422 3.610432
1 119.09468 -8.793812 -0.883115 -0.268467 -2.256923 -1.380027 3.414106 0.156957 2.464114 0.135869 0.638440 2.354137 0.216779 10.465154 -0.771292 -0.400922 0.217422 3.610432
1 119.09468 -8.793812 -0.883115 -0.268467 -2.256923 -1.380027 3.414106 0.156957 2.464114 0.135869 0.638440 2.354137 0.216779 10.465154 -0.771292 -0.400922 0.217422 3.610432
1 119.09468 -8.793812 -0.883115 -0.268467 -2.256923 -1.380027 3.414106 0.156957 2.464114 0.135869 0.638440 2.354137 0.216779 10.465154 -0.771292 -0.400922 0.217422 3.610432
1 119.09468 -8.793812 -0.883115 -0.268467 -2.256923 -1.380027 3.414106 0.156957 2.464114 0.135869 0.638440 2.354137 0.216779 10.465154 -0.771292 -0.400922 0.217422 3.610432
1 119.09468 -8.793812 -0.883115 -0.268467 -2.256923 -1.380027 3.414106 0.156957 2.464114 0.135869 0.638440 2.354137 0.216779 10.465154 -0.771292 -0.400922 0.217422 3.610432
1 119.09468 -8.793812 -0.883115 -0.268467 -2.256923 -1.380027 3.414106 0.156957 2.464114 0.135869 0.638440 2.354137 0.216779 10.465154 -0.771292 -0.400922 0.217422 3.610432
1 119.09468 -8.793812 -0.883115 -0.268467 -2.256923 -1.380027 3.414106 0.156957 2.464114 0.135869 0.638440 2.354137 0.216779 10.465154 -0.771292 -0.400922 0.217422 3.610432
1 119.09468 -8.793812 -0.883115 -0.268467 -2.256923 -1.380027 3.414106 0.156957 2.464114 0.135869 0.638440 2.354137 0.216779 10.465154 -0.771292 -0.400922 0.217422 3.610432
1 119.09468 -8.793812 -0.883115 -0.268467 -2.256923 -1.380027 3.414106 0.156957 2.464114 0.135869 0.638440 2.354137 0.216779 10.465154 -0.771292 -0.400922 0.217422 3.610432
1 119.09468 -8.793812 -0.883115 -0.268467 -2.256923 -1.380027 3.414106 0.156957 2.464114 0.135869 0.638440 2.354137 0.216779 10.465154 -0.771292 -0.400922 0.217422 3.610432
1 119.09468 -8.793812 -0.883115 -0.268467 -2.256923 -1.380027 3.414106 0.156957 2.464114 0.135869 0.638440 2.354137 0.216779 10.465154 -0.771292 -0.400922 0.217422 3.610432
1 119.09468 -8.793812 -0.883115 -0.268467 -2.256923 -1.380027 3.414106 0.156957 2.464114 0.135869 0.638440 2.354137 0.216779 10.465154 -0.771292 -0.400922 0.217422 3.610432
1 119.09468 -8.793812 -0.883115 -0.268467 -2.256923 -1.380027 3.414106 0.156957 2.464114 0.135869 0.638440 2.354137 0.216779 10.465154 -0.771292 -0.400922 0.217422 3.610432
1 119.09468 -8.793812 -0.883115 -0.268467 -2.256923 -1.380027 3.414106 0.156957 2.464114 0.135869 0.638440 2.354137 0.216779 10.465154 -0.771292 -0.400922 0.217422 3.610432
1 119.09468 -8.793812 -0.883115 -0.268467 -2.256923 -1.380027 3.414106 0.156957 2.464114 0.135869 0.638440 2.354137 0.216779 10.465154 -0.771292 -0.400922 0.217422 3.610432
1 119.09468 -8.793812 -0.883115 -0.268467 -2.256923 -1.380027 3.414106 0.156957 2.464114 0.135869 0.638440 2.354137 0.216779 10.465154 -0.771292 -0.400922 0.217422 3.610432
1 119.09468 -8.793812 -0.883115 -0.268467 -2.256923 -1.380027 3.414106 0.156957 2.464114 0.135869 0.638440 2.354137 0.216779 10.465154 -0.771292 -0.400922 0.217422 3.610432
1 119.09468 -8.793812 -0.883115 -0.268467 -2.256923 -1.380027 3.414106 0.156957 2.464114 0.135869 0.638440 2.354137 0.216779 10.465154 -0.771292 -0.400922 0.217422 3.610432
1 119.09468 -8.793812 -0.883115 -0.268467 -2.256923 -1.380027 3.414106 0.156957 2.464114 0.135869 0.638440 2.354137 0.216779 10.465154 -0.771292 -0.400922 0.217422 3.610432
1 119.09468 -8.793812 -0.883115 -0.268467 -2.256923 -1.380027 3.414106 0.156957 2.464114 0.135869 0.638440 2.354137 0.216779 10.465154 -0.771292 -0.400922 0.217422 3.610432
1 119.09468 -8.793812 -0.883115 -0.268467 -2.256923 -1.380027 3.414106 0.156957 2.464114 0.135869 0.638440 2.354137 0.216779 10.465154 -0.771292 -0.400922 0.217422 3.610432
1 119.09468 -8.793812 -0.883115 -0.268467 -2.256923 -1.380027 3.414106 0.156957 2.464114 0.135869 0.638440 2.354137 0.216779 10.465154 -0.771292 -0.400922 0.217422 3.610432
1 119.09468 -8.793812 -0.883115 -0.268467 -2.256923 -1.380027 3.414106 0.156957 2.464114 0.135869 0.638440 2.354137 0.216779 10.465154 -0.771292 -0.400922 0.217422 3.610432
1 119.09468 -8.793812 -0.883115 -0.268467 -2.256923 -1.380027 3.414106 0.156957 2.464114 0.135869 0.638440 2.354137 0.216779 10.465154 -0.771292 -0.400922 0.217422 3.610432
1 119.09468 -8.793812 -0.883115 -0.268467 -2.256923 -1.380027 3.414106 0.156957 2.464114 0.135869 0.638440 2.354137 0.216779 10.465154 -0.771292 -0.400922 0.217422 3.610432
1 119.09468 -8.793812 -0.883115 -0.268467 -2.256923 -1.380027 3.414106 0.156957 2.464114 0.135869 0.638440 2.354137 0.216779 10.465154 -0.771292 -0.400922 0.217422 3.610432
1 119.09468 -8.793812 -0.883115 -0.268467 -2.256923 -1.380027 3.414106 0.156957 2.464114 0.135869 0.638440 2.354137 0.216779 10.465154 -0.771292 -0.400922 0.217422 3.610432
1 119.09468 -8.793812 -0.883115 -0.268467 -2.256923 -1.380027 3.414106 0.156957 2.464114 0.135869 0.638440 2.354137 0.216779 10.465154 -0.771292 -0.400922 0.217422 3.610432
1 119.09468 -8.793812 -0.883115 -0.268467 -2.256923 -1.380027 3.414106 0.156957 2.464114 0.135869 0.638440 2.354137 0.216779 10.465154 -0.771292 -0.400922 0.217422 3.610432
1 119.09468 -8.793812 -0.883115 -0.268467 -2.256923 -1.380027 3.414106 0.156957 2.464114 0.135869 0.638440 2.354137 0.216779 10.465154 -0.771292 -0.400922 0.217422 3.610432
1 119.09468 -8.793812 -0.883115 -0.268467 -2.256923 -1.380027 3.414106 0.156957 2.464114 0.135869 0.638440 2.354137 0.216779 10.465154 -0.771292 -0.400922 0.217422 3.610432
1 119.09468 -8.793812 -0.883115 -0.268467 -2.256923 -1.380027 3.414106 0.156957 2.464114 0.135869 0.638440 2.354137 0.216779 10.465154 -0.771292 -0.400922 0.217422 3.610432
1 119.09468 -8.793812 -0.883115 -0.268467 -2.256923 -1.380027 3.414106 0.156957 2.464114 0.135869 0.638440 2.354137 0.216779 10.465154 -0.771292 -0.400922 0.217422 3.610432
1 119.09468 -8.793812 -0.883115 -0.268467 -2.256923 -1.380027 3.414106 0.156957 2.464114 0.135869 0.638440 2.354137 0.216779 10.465154 -0.771292 -0.400922 0.217422 3.610432
1 119.09468 -8.793812 -0.883115 -0.268467 -2.256923 -1.380027 3.414106 0.156957 2.464114 0.135869 0.638440 2.354137 0.216779 10.465154 -0.771292 -0.400922 0.217422 3.610432
1 119.09468 -8.793812 -0.883115 -0.268467 -2.256923 -1.380027 3.414106 0.156957 2.464114 0.135869 0.638440 2.354137 0.216779 10.465154 -0.771292 -0.400922 0.217422 3.610432
1 119.09468 -8.793812 -0.883115 -0.268467 -2.256923 -1.380027 3.414106 0.156957 2.464114 0.135869 0.638440 2.354137 0.216779 10.465154 -0.771292 -0.400922 0.217422 3.610432
1 119.09468 -8.793812 -0.883115 -0.268467 -2.256923 -1.380027 3.414106 0.156957 2.464114 0.135869 0.638440 2.354137 0.216779 10.465154 -0.771292 -0.400922 0.217422 3.610432
1 119.09468 -8.793812 -0.883115 -0.268467 -2.256923 -1.380027 3.414106 0.156957 2.464114 0.135869 0.638440 2.354137 0.216779 10.465154 -0.771292 -0.400922 0.217422 3.610432
1 119.09468 -8.793812 -0.883115 -0.268467 -2.256923 -1.380027 3.414106 0.156957 2.464114 0.135869 0.638440 2.354137 0.216779 10.465154 -0.771292 -0.400922 0.217422 3.610432
1 119.09468 -8.793812 -0.883115 -0.268467 -2.256923 -1.380027 3.414106 0.156957 2.464114 0.135869 0.638440 2.354137 0.216779 10.465154 -0.771292 -0.400922 0.217422 3.610432
1 119.09468 -8.793812 -0.883115 -0.268467 -2.256923 -1.380027 3.414106 0.156957 2.464114 0.135869 0.638440 2.354137 0.216779 10.465154 -0.771292 -0.400922 0.217422 3.610432
1 119.09468 -8.793812 -0.883115 -0.268467 -2.256923 -1.380027 3.414106 0.156957 2.464114 0.135869 0.638440 2.354137 0.216779 10.465154 -0.771292 -0.400922 0.217422 3.610432
1 119.09468 -8.793812 -0.883115 -0.268467 -2.256923 -1.380027 3.414106 0.156957 2.464114 0.135869 0.638440 2.354137 0.216779 10.465154 -0.771292 -0.400922 0.217422 3.610432
1 119.09468 -8.793812 -0.883115 -0.268467 -2.256923 -1.380027 3.414106 0.156957 2.464114 0.135869 0.638440 2.354137 0.216779 10.465154 -0.771292 -0.400922 0.217422 3.610432
1 119.09468 -8.793812 -0.883115 -0.268467 -2.256923 -1.380027 3.414106 0.156957 2.464114 0.135869 0.638440 2.354137 0.216779 10.465154 -0.771292 -0.400922 0.217422 3.610432
1 119.09468 -8.793812 -0.883115 -0.268467 -2.256923 -1.380027 3.414106 0.156957 2.464114 0.135869 0.638440 2.354137 0.216779 10.465154 -0.771292 -0.400922 0.217422 3.610432
1 119.09468 -8.793812 -0.883115 -0.268467 -2.256923 -1.380027 3.414106 0.156957 2.464114 0.135869 0.638440 2.354137 0.216779 10.465154 -0.771292 -0.400922 0.217422 3.610432
1 119.09468 -8.793812 -0.883115 -0.268467 -2.256923 -1.380027 3.414106 0.156957 2.464114 0.135869 0.638440 2.354137 0.216779 10.465154 -0.771292 -0.400922 0.217422 3.610432
1 119.09468 -8.793812 -0.883115 -0.268467 -2.256923 -1.380027 3.414106 0.156957 2.464114 0.135869 0.638440 2.354137 0.216779 10.465154 -0.771292 -0.400922 0.217422 3.610432
1 119.09468 -8.793812 -0.883115 -0.268467 -2.256923 -1.380027 3.414106 0.156957 2.464114 0.135869 0.638440 2.354137 0.216779 10.465154 -0.771292 -0.400922 0.217422 3.610432
1 119.09468 -8.793812 -0.883115 -0.268467 -2.256923 -1.380027 3.414106 0.156957 2.464114 0.135869 0.638440 2.354137 0.216779 10.465154 -0.771292 -0.400922 0.217422 3.610432
1 119.09468 -8.793812 -0.883115 -0.268467 -2.256923 -1.380027 3.414106 0.156957 2.464114 0.135869 0.638440 2.354137 0.216779 10.465154 -0.771292 -0.400922 0.217422 3.610432
1 119.09468 -8.793812 -0.883115 -0.268467 -2.256923 -1.380027 3.414106 0.156957 2.464114 0.135869 0.638440 2.354137 0.216779 10.465154 -0.771292 -0.400922 0.217422 3.610432
1 119.09468 -8.793812 -0.883115 -0.268467 -2.256923 -1.380027 3.414106 0.156957 2.464114 0.135869 0.638440 2.354137 0.216779 10.465154 -0.771292 -0.400922 0.217422 3.610432
1 119.09468 -8.793812 -0.883115 -0.268467 -2.256923 -1.380027 3.414106 0.156957 2.464114 0.135869 0.638440 2.354137 0.216779 10.465154 -0.771292 -0.400922 0.217422 3.610432
1 119.09468 -8.793812 -0.883115 -0.268467 -2.256923 -1.380027 3.414106 0.156957 2.464114 0.135869 0.638440 2.354137 0.216779 10.465154 -0.771292 -0.400922 0.217422 3.610432
1 119.09468 -8.793812 -0.883115 -0.268467 -2.256923 -1.380027 3.414106 0.156957 2.464114 0.135869 0.638440 2.354137 0.216779 10.465154 -0.771292 -0.400922 0.217422 3.610432
1 119.09468 -8.793812 -0.883115 -0.268467 -2.256923 -1.380027 3.414106 0.156957 2.464114 0.135869 0.638440 2.354137 0.216779 10.465154 -0.771292 -0.400922 0.217422 3.610432
1 119.09468 -8.793812 -0.883115 -0.268467 -2.256923 -1.380027 3.414106 0.156957 2.464114 0.135869 0.638440 2.354137 0.216779 10.465154 -0.771292 -0.400922 0.217422 3.610432
1 119.09468 -8.793812 -0.883115 -0.268467 -2.256923 -1.380027 3.414106 0.156957 2.464114 0.135869 0.638440 2.354137 0.216779 10.465154 -0.771292 -0.400922 0.217422 3.610432
1 119.09468 -8.793812 -0.883115 -0.268467 -2.256923 -1.380027 3.414106 0.156957 2.464114 0.135869 0.638440 2.354137 0.216779 10.465154 -0.771292 -0.400922 0.217422 3.610432
1 119.09468 -8.793812 -0.883115 -0.268467 -2.256923 -1.380027 3.414106 0.156957 2.464114 0.135869 0.638440 2.354137 0.216779 10.465154 -0.771292 -0.400922 0.217422 3.610432
1 119.09468 -8.793812 -0.883115 -0.268467 -2.256923 -1.380027 3.414106 0.156957 2.464114 0.135869 0.638440 2.354137 0.216779 10.465154 -0.771292 -0.400922 0.217422 3.610432
1 119.09468 -8.793812 -0.883115 -0.268467 -2.256923 -1.380027 3.414106 0.156957 2.464114 0.135869 0.638440 2.354137 0.216779 10.465154 -0.771292 -0.400922 0.217422 3.610432
1 119.09468 -8.793812 -0.883115 -0.268467 -2.256923 -1.380027 3.414106 0.156957 2.464114 0.135869 0.638440 2.354137 0.216779 10.465154 -0.771292 -0.400922 0.217422 3.610432
1 119.09468 -8.793812 -0.883115 -0.268467 -2.256923 -1.380027 3.414106 0.156957 2.464114 0.135869 0.638440 2.354137 0.216779 10.465154 -0.771292 -0.400922 0.217422 3.610432
1 119.09468 -8.793812 -0.883115 -0.268467 -2.256923 -1.380027 3.414106 0.156957 2.464114 0.135869 0.638440 2.354137 0.216779 10.465154 -0.771292 -0.400922 0.217422 3.610432
1 119.09468 -8.793812 -0.883115 -0.268467 -2.256923 -1.380027 3.414106 0.156957 2.464114 0.135869 0.638440 2.354137 0.216779 10.465154 -0.771292 -0.400922 0.217422 3.610432
1 119.09468 -8.793812 -0.883115 -0.268467 -2.256923 -1.380027 3.414106 0.156957 2.464114 0.135869 0.638440 2.354137 0.216779 10.465154 -0.771292 -0.400922 0.217422 3.610432
1 119.09468 -8.793812 -0.883115 -0.268467 -2.256923 -1.380027 3.414106 0.156957 2.464114 0.135869 0.638440 2.354137 0.216779 10.465154 -0.771292 -0.400922 0.217422 3.610432
1 119.09468 -8.793812 -0.883115 -0.268467 -2.256923 -1.380027 3.414106 0.156957 2.464114 0.135869 0.638440 2.354137 0.216779 10.465154 -0.771292 -0.400922 0.217422 3.610432
1 119.09468 -8.793812 -0.883115 -0.268467 -2.256923 -1.380027 3.414106 0.156957 2.464114 0.135869 0.638440 2.354137 0.216779 10.465154 -0.771292 -0.400922 0.217422 3.610432
1 119.09468 -8.793812 -0.883115 -0.268467 -2.256923 -1.380027 3.414106 0.156957 2.464114 0.135869 0.638440 2.354137 0.216779 10.465154 -0.771292 -0.400922 0.217422 3.610432
1 119.09468 -8.793812 -0.883115 -0.268467 -2.256923 -1.380027 3.414106 0.156957 2.464114 0.135869 0.638440 2.354137 0.216779 10.465154 -0.771292 -0.400922 0.217422 3.610432
1 119.09468 -8.793812 -0.883115 -0.268467 -2.256923 -1.380027 3.414106 0.156957 2.464114 0.135869 0.638440 2.354137 0.216779 10.465154 -0.771292 -0.400922 0.217422 3.610432
1 119.09468 -8.793812 -0.883115 -0.268467 -2.256923 -1.380027 3.414106 0.156957 2.464114 0.135869 0.638440 2.354137 0.216779 10.465154 -0.771292 -0.400922 0.217422 3.610432
