1 117.93547 -9.025871 -0.953201 -0.671763 -2.862635 -1.601282 3.263558 0.304726 2.839343 0.686733 0.846019 2.101751 0.207388 9.990483 -0.460506 -0.146775 0.154724 4.131579
1 117.93547 -9.025871 -0.953201 -0.671763 -2.862635 -1.601282 3.263558 0.304726 2.839343 0.686733 0.846019 2.101751 0.207388 9.990483 -0.460506 -0.146775 0.154724 4.131579
1 110.78183 -9.013140 -0.961805 -0.685036 -2.868346 -1.592334 3.249799 0.296852 2.799344 0.688494 0.849031 2.107719 0.267483 10.017001 -0.440946 -0.152406 0.190140 4.109732
1 110.78183 -9.013140 -0.961805 -0.685036 -2.868346 -1.592334 3.249799 0.296852 2.799344 0.688494 0.849031 2.107719 0.267483 10.017001 -0.440946 -0.152406 0.190140 4.109732
1 110.78183 -9.013140 -0.961805 -0.685036 -2.868346 -1.592334 3.249799 0.296852 2.799344 0.688494 0.849031 2.107719 0.267483 10.017001 -0.440946 -0.152406 0.190140 4.109732
1 110.78183 -9.013140 -0.961805 -0.685036 -2.868346 -1.592334 3.249799 0.296852 2.799344 0.688494 0.849031 2.107719 0.267483 10.017001 -0.440946 -0.152406 0.190140 4.109732
1 106.26762 -8.970229 -0.948104 -0.643841 -2.870351 -1.624118 3.242677 0.286740 2.786773 0.675154 0.845975 2.107327 0.288902 10.040933 -0.404832 -0.150603 0.190521 4.071542
1 106.26762 -8.970229 -0.948104 -0.643841 -2.870351 -1.624118 3.242677 0.286740 2.786773 0.675154 0.845975 2.107327 0.288902 10.040933 -0.404832 -0.150603 0.190521 4.071542
1 106.26762 -8.970229 -0.948104 -0.643841 -2.870351 -1.624118 3.242677 0.286740 2.786773 0.675154 0.845975 2.107327 0.288902 10.040933 -0.404832 -0.150603 0.190521 4.071542
1 103.17711 -8.952064 -0.952717 -0.642420 -2.899387 -1.630598 3.240209 0.273318 2.803385 0.677141 0.858705 2.114451 0.301942 10.043808 -0.397814 -0.134879 0.187065 4.079979
1 103.17711 -8.952064 -0.952717 -0.642420 -2.899387 -1.630598 3.240209 0.273318 2.803385 0.677141 0.858705 2.114451 0.301942 10.043808 -0.397814 -0.134879 0.187065 4.079979
1 103.17711 -8.952064 -0.952717 -0.642420 -2.899387 -1.630598 3.240209 0.273318 2.803385 0.677141 0.858705 2.114451 0.301942 10.043808 -0.397814 -0.134879 0.187065 4.079979
1 103.17711 -8.952064 -0.952717 -0.642420 -2.899387 -1.630598 3.240209 0.273318 2.803385 0.677141 0.858705 2.114451 0.301942 10.043808 -0.397814 -0.134879 0.187065 4.079979
1 103.22843 -8.938961 -0.937291 -0.615289 -2.934514 -1.649848 3.220778 0.276261 2.804588 0.668006 0.866832 2.159006 0.271357 10.070022 -0.387365 -0.126075 0.199763 4.052445
1 100.35796 -8.902813 -0.983661 -0.577279 -2.928192 -1.651124 3.222613 0.254405 2.815299 0.670168 0.836032 2.143174 0.264304 10.077285 -0.407033 -0.160490 0.202692 4.066131
1 100.35796 -8.902813 -0.983661 -0.577279 -2.928192 -1.651124 3.222613 0.254405 2.815299 0.670168 0.836032 2.143174 0.264304 10.077285 -0.407033 -0.160490 0.202692 4.066131
1 100.35796 -8.902813 -0.983661 -0.577279 -2.928192 -1.651124 3.222613 0.254405 2.815299 0.670168 0.836032 2.143174 0.264304 10.077285 -0.407033 -0.160490 0.202692 4.066131
1 98.422917 -8.875189 -0.997995 -0.596574 -2.932641 -1.611682 3.231559 0.239527 2.785824 0.642528 0.833776 2.138736 0.246411 10.067496 -0.394602 -0.192823 0.207299 4.070628
1 96.01042 -8.870392 -0.966390 -0.614341 -2.907459 -1.591860 3.215248 0.258642 2.812287 0.592154 0.838094 2.154151 0.261605 10.065237 -0.385702 -0.178162 0.222933 4.070308
1 96.01042 -8.870392 -0.966390 -0.614341 -2.907459 -1.591860 3.215248 0.258642 2.812287 0.592154 0.838094 2.154151 0.261605 10.065237 -0.385702 -0.178162 0.222933 4.070308
1 92.589701 -8.828725 -0.973337 -0.559838 -2.878333 -1.590175 3.226352 0.271981 2.795110 0.597785 0.772527 2.166987 0.292269 10.069403 -0.372391 -0.141820 0.218545 4.072765
1 92.589701 -8.828725 -0.973337 -0.559838 -2.878333 -1.590175 3.226352 0.271981 2.795110 0.597785 0.772527 2.166987 0.292269 10.069403 -0.372391 -0.141820 0.218545 4.072765
1 92.589701 -8.828725 -0.973337 -0.559838 -2.878333 -1.590175 3.226352 0.271981 2.795110 0.597785 0.772527 2.166987 0.292269 10.069403 -0.372391 -0.141820 0.218545 4.072765
1 92.589701 -8.828725 -0.973337 -0.559838 -2.878333 -1.590175 3.226352 0.271981 2.795110 0.597785 0.772527 2.166987 0.292269 10.069403 -0.372391 -0.141820 0.218545 4.072765
1 92.589701 -8.828725 -0.973337 -0.559838 -2.878333 -1.590175 3.226352 0.271981 2.795110 0.597785 0.772527 2.166987 0.292269 10.069403 -0.372391 -0.141820 0.218545 4.072765
1 91.224184 -8.820199 -0.990920 -0.584253 -2.828103 -1.597967 3.229328 0.264918 2.825437 0.607439 0.761259 2.179018 0.260338 10.069506 -0.346906 -0.133406 0.234035 4.093537
1 91.224184 -8.820199 -0.990920 -0.584253 -2.828103 -1.597967 3.229328 0.264918 2.825437 0.607439 0.761259 2.179018 0.260338 10.069506 -0.346906 -0.133406 0.234035 4.093537
1 90.444391 -8.822041 -0.949889 -0.580525 -2.841914 -1.605291 3.201647 0.268482 2.838864 0.628595 0.745308 2.166281 0.265343 10.039399 -0.365925 -0.123140 0.206129 4.145112
1 90.444391 -8.822041 -0.949889 -0.580525 -2.841914 -1.605291 3.201647 0.268482 2.838864 0.628595 0.745308 2.166281 0.265343 10.039399 -0.365925 -0.123140 0.206129 4.145112
1 90.395746 -8.836486 -0.972941 -0.571294 -2.806332 -1.653278 3.184459 0.265975 2.857131 0.655308 0.710535 2.172113 0.264235 10.032423 -0.366119 -0.107714 0.213219 4.163909
1 90.395746 -8.836486 -0.972941 -0.571294 -2.806332 -1.653278 3.184459 0.265975 2.857131 0.655308 0.710535 2.172113 0.264235 10.032423 -0.366119 -0.107714 0.213219 4.163909
1 90.395746 -8.836486 -0.972941 -0.571294 -2.806332 -1.653278 3.184459 0.265975 2.857131 0.655308 0.710535 2.172113 0.264235 10.032423 -0.366119 -0.107714 0.213219 4.163909
1 90.395746 -8.836486 -0.972941 -0.571294 -2.806332 -1.653278 3.184459 0.265975 2.857131 0.655308 0.710535 2.172113 0.264235 10.032423 -0.366119 -0.107714 0.213219 4.163909
1 90.395746 -8.836486 -0.972941 -0.571294 -2.806332 -1.653278 3.184459 0.265975 2.857131 0.655308 0.710535 2.172113 0.264235 10.032423 -0.366119 -0.107714 0.213219 4.163909
1 90.395746 -8.836486 -0.972941 -0.571294 -2.806332 -1.653278 3.184459 0.265975 2.857131 0.655308 0.710535 2.172113 0.264235 10.032423 -0.366119 -0.107714 0.213219 4.163909
1 90.395746 -8.836486 -0.972941 -0.571294 -2.806332 -1.653278 3.184459 0.265975 2.857131 0.655308 0.710535 2.172113 0.264235 10.032423 -0.366119 -0.107714 0.213219 4.163909
1 90.395746 -8.836486 -0.972941 -0.571294 -2.806332 -1.653278 3.184459 0.265975 2.857131 0.655308 0.710535 2.172113 0.264235 10.032423 -0.366119 -0.107714 0.213219 4.163909
1 90.395746 -8.836486 -0.972941 -0.571294 -2.806332 -1.653278 3.184459 0.265975 2.857131 0.655308 0.710535 2.172113 0.264235 10.032423 -0.366119 -0.107714 0.213219 4.163909
1 90.395746 -8.836486 -0.972941 -0.571294 -2.806332 -1.653278 3.184459 0.265975 2.857131 0.655308 0.710535 2.172113 0.264235 10.032423 -0.366119 -0.107714 0.213219 4.163909
1 90.395746 -8.836486 -0.972941 -0.571294 -2.806332 -1.653278 3.184459 0.265975 2.857131 0.655308 0.710535 2.172113 0.264235 10.032423 -0.366119 -0.107714 0.213219 4.163909
1 90.395746 -8.836486 -0.972941 -0.571294 -2.806332 -1.653278 3.184459 0.265975 2.857131 0.655308 0.710535 2.172113 0.264235 10.032423 -0.366119 -0.107714 0.213219 4.163909
1 90.395746 -8.836486 -0.972941 -0.571294 -2.806332 -1.653278 3.184459 0.265975 2.857131 0.655308 0.710535 2.172113 0.264235 10.032423 -0.366119 -0.107714 0.213219 4.163909
1 90.737822 -8.826435 -0.993684 -0.542765 -2.785513 -1.654260 3.166685 0.234371 2.899180 0.674300 0.767254 2.197203 0.266553 10.004919 -0.336979 -0.110667 0.222386 4.169253
1 90.737822 -8.826435 -0.993684 -0.542765 -2.785513 -1.654260 3.166685 0.234371 2.899180 0.674300 0.767254 2.197203 0.266553 10.004919 -0.336979 -0.110667 0.222386 4.169253
1 90.737822 -8.826435 -0.993684 -0.542765 -2.785513 -1.654260 3.166685 0.234371 2.899180 0.674300 0.767254 2.197203 0.266553 10.004919 -0.336979 -0.110667 0.222386 4.169253
1 82.575737 -8.806455 -0.978898 -0.573959 -2.761818 -1.637473 3.172800 0.227308 2.880338 0.634007 0.781510 2.214972 0.297697 10.060623 -0.347057 -0.127458 0.220096 4.188574
1 82.575737 -8.806455 -0.978898 -0.573959 -2.761818 -1.637473 3.172800 0.227308 2.880338 0.634007 0.781510 2.214972 0.297697 10.060623 -0.347057 -0.127458 0.220096 4.188574
1 82.575737 -8.806455 -0.978898 -0.573959 -2.761818 -1.637473 3.172800 0.227308 2.880338 0.634007 0.781510 2.214972 0.297697 10.060623 -0.347057 -0.127458 0.220096 4.188574
1 82.575737 -8.806455 -0.978898 -0.573959 -2.761818 -1.637473 3.172800 0.227308 2.880338 0.634007 0.781510 2.214972 0.297697 10.060623 -0.347057 -0.127458 0.220096 4.188574
1 79.284112 -8.776151 -0.994083 -0.591656 -2.757688 -1.589189 3.169690 0.258851 2.920664 0.617925 0.824227 2.203880 0.271961 10.090028 -0.363763 -0.089208 0.222296 4.187815
1 79.284112 -8.776151 -0.994083 -0.591656 -2.757688 -1.589189 3.169690 0.258851 2.920664 0.617925 0.824227 2.203880 0.271961 10.090028 -0.363763 -0.089208 0.222296 4.187815
1 79.284112 -8.776151 -0.994083 -0.591656 -2.757688 -1.589189 3.169690 0.258851 2.920664 0.617925 0.824227 2.203880 0.271961 10.090028 -0.363763 -0.089208 0.222296 4.187815
1 79.284112 -8.776151 -0.994083 -0.591656 -2.757688 -1.589189 3.169690 0.258851 2.920664 0.617925 0.824227 2.203880 0.271961 10.090028 -0.363763 -0.089208 0.222296 4.187815
1 79.284112 -8.776151 -0.994083 -0.591656 -2.757688 -1.589189 3.169690 0.258851 2.920664 0.617925 0.824227 2.203880 0.271961 10.090028 -0.363763 -0.089208 0.222296 4.187815
1 79.284112 -8.776151 -0.994083 -0.591656 -2.757688 -1.589189 3.169690 0.258851 2.920664 0.617925 0.824227 2.203880 0.271961 10.090028 -0.363763 -0.089208 0.222296 4.187815
1 79.284112 -8.776151 -0.994083 -0.591656 -2.757688 -1.589189 3.169690 0.258851 2.920664 0.617925 0.824227 2.203880 0.271961 10.090028 -0.363763 -0.089208 0.222296 4.187815
1 79.284112 -8.776151 -0.994083 -0.591656 -2.757688 -1.589189 3.169690 0.258851 2.920664 0.617925 0.824227 2.203880 0.271961 10.090028 -0.363763 -0.089208 0.222296 4.187815
1 79.284112 -8.776151 -0.994083 -0.591656 -2.757688 -1.589189 3.169690 0.258851 2.920664 0.617925 0.824227 2.203880 0.271961 10.090028 -0.363763 -0.089208 0.222296 4.187815
1 77.214396 -8.743317 -0.997675 -0.614722 -2.779190 -1.574341 3.175461 0.246572 2.911633 0.637330 0.813755 2.177327 0.280157 10.105308 -0.342664 -0.139129 0.211850 4.147365
1 77.214396 -8.743317 -0.997675 -0.614722 -2.779190 -1.574341 3.175461 0.246572 2.911633 0.637330 0.813755 2.177327 0.280157 10.105308 -0.342664 -0.139129 0.211850 4.147365
1 77.214396 -8.743317 -0.997675 -0.614722 -2.779190 -1.574341 3.175461 0.246572 2.911633 0.637330 0.813755 2.177327 0.280157 10.105308 -0.342664 -0.139129 0.211850 4.147365
1 77.214396 -8.743317 -0.997675 -0.614722 -2.779190 -1.574341 3.175461 0.246572 2.911633 0.637330 0.813755 2.177327 0.280157 10.105308 -0.342664 -0.139129 0.211850 4.147365
1 77.214396 -8.743317 -0.997675 -0.614722 -2.779190 -1.574341 3.175461 0.246572 2.911633 0.637330 0.813755 2.177327 0.280157 10.105308 -0.342664 -0.139129 0.211850 4.147365
1 77.836432 -8.722827 -0.992914 -0.601706 -2.786088 -1.553470 3.194571 0.238348 2.893531 0.647391 0.834441 2.186045 0.259276 10.117767 -0.385038 -0.128124 0.196286 4.133266
1 77.836432 -8.722827 -0.992914 -0.601706 -2.786088 -1.553470 3.194571 0.238348 2.893531 0.647391 0.834441 2.186045 0.259276 10.117767 -0.385038 -0.128124 0.196286 4.133266
1 78.202368 -8.714301 -0.957823 -0.548801 -2.765026 -1.552192 3.206677 0.224869 2.914780 0.668971 0.800732 2.166554 0.283057 10.132776 -0.388706 -0.134855 0.187780 4.151832
1 78.202368 -8.714301 -0.957823 -0.548801 -2.765026 -1.552192 3.206677 0.224869 2.914780 0.668971 0.800732 2.166554 0.283057 10.132776 -0.388706 -0.134855 0.187780 4.151832
1 73.959232 -8.677342 -0.999455 -0.552475 -2.717896 -1.536849 3.210381 0.198652 2.918849 0.652518 0.809123 2.156496 0.315049 10.101792 -0.433540 -0.132335 0.181509 4.146198
1 73.959232 -8.677342 -0.999455 -0.552475 -2.717896 -1.536849 3.210381 0.198652 2.918849 0.652518 0.809123 2.156496 0.315049 10.101792 -0.433540 -0.132335 0.181509 4.146198
1 73.676332 -8.680508 -0.988940 -0.527927 -2.708531 -1.519719 3.187449 0.189823 2.895545 0.667174 0.812306 2.176940 0.275809 10.095935 -0.394845 -0.095732 0.216225 4.138929
1 73.676332 -8.680508 -0.988940 -0.527927 -2.708531 -1.519719 3.187449 0.189823 2.895545 0.667174 0.812306 2.176940 0.275809 10.095935 -0.394845 -0.095732 0.216225 4.138929
1 73.676332 -8.680508 -0.988940 -0.527927 -2.708531 -1.519719 3.187449 0.189823 2.895545 0.667174 0.812306 2.176940 0.275809 10.095935 -0.394845 -0.095732 0.216225 4.138929
1 73.676332 -8.680508 -0.988940 -0.527927 -2.708531 -1.519719 3.187449 0.189823 2.895545 0.667174 0.812306 2.176940 0.275809 10.095935 -0.394845 -0.095732 0.216225 4.138929
1 73.676332 -8.680508 -0.988940 -0.527927 -2.708531 -1.519719 3.187449 0.189823 2.895545 0.667174 0.812306 2.176940 0.275809 10.095935 -0.394845 -0.095732 0.216225 4.138929
1 73.676332 -8.680508 -0.988940 -0.527927 -2.708531 -1.519719 3.187449 0.189823 2.895545 0.667174 0.812306 2.176940 0.275809 10.095935 -0.394845 -0.095732 0.216225 4.138929
1 73.676332 -8.680508 -0.988940 -0.527927 -2.708531 -1.519719 3.187449 0.189823 2.895545 0.667174 0.812306 2.176940 0.275809 10.095935 -0.394845 -0.095732 0.216225 4.138929
1 73.676332 -8.680508 -0.988940 -0.527927 -2.708531 -1.519719 3.187449 0.189823 2.895545 0.667174 0.812306 2.176940 0.275809 10.095935 -0.394845 -0.095732 0.216225 4.138929
1 74.118793 -8.653450 -0.960904 -0.489309 -2.649272 -1.496100 3.181908 0.216689 2.930329 0.652582 0.811231 2.145157 0.300742 10.093529 -0.359418 -0.119171 0.239842 4.152440
1 70.854205 -8.631186 -0.959115 -0.507016 -2.630563 -1.454574 3.194710 0.209336 2.924407 0.653755 0.781404 2.157812 0.304689 10.110658 -0.346438 -0.142144 0.257120 4.156016
1 69.186329 -8.640555 -0.969478 -0.497966 -2.634535 -1.454684 3.219221 0.207536 2.966670 0.674409 0.813443 2.158595 0.329267 10.116345 -0.339890 -0.118596 0.287406 4.167859
1 69.186329 -8.640555 -0.969478 -0.497966 -2.634535 -1.454684 3.219221 0.207536 2.966670 0.674409 0.813443 2.158595 0.329267 10.116345 -0.339890 -0.118596 0.287406 4.167859
1 68.51363 -8.639704 -0.970936 -0.510900 -2.642881 -1.461969 3.240475 0.200042 2.983447 0.687609 0.801827 2.172452 0.302924 10.091306 -0.305642 -0.086262 0.280773 4.136736
1 68.51363 -8.639704 -0.970936 -0.510900 -2.642881 -1.461969 3.240475 0.200042 2.983447 0.687609 0.801827 2.172452 0.302924 10.091306 -0.305642 -0.086262 0.280773 4.136736
1 69.377996 -8.640958 -0.962321 -0.509529 -2.654495 -1.444999 3.228938 0.197659 2.968256 0.668659 0.840906 2.227306 0.273196 10.104709 -0.269325 -0.053222 0.245215 4.164586
1 67.241075 -8.622552 -0.959071 -0.488607 -2.654781 -1.450456 3.238691 0.187370 2.981787 0.668596 0.876438 2.213164 0.247687 10.095011 -0.307249 -0.062815 0.257392 4.158615
1 67.241075 -8.622552 -0.959071 -0.488607 -2.654781 -1.450456 3.238691 0.187370 2.981787 0.668596 0.876438 2.213164 0.247687 10.095011 -0.307249 -0.062815 0.257392 4.158615
1 67.241075 -8.622552 -0.959071 -0.488607 -2.654781 -1.450456 3.238691 0.187370 2.981787 0.668596 0.876438 2.213164 0.247687 10.095011 -0.307249 -0.062815 0.257392 4.158615
1 67.241075 -8.622552 -0.959071 -0.488607 -2.654781 -1.450456 3.238691 0.187370 2.981787 0.668596 0.876438 2.213164 0.247687 10.095011 -0.307249 -0.062815 0.257392 4.158615
1 67.241075 -8.622552 -0.959071 -0.488607 -2.654781 -1.450456 3.238691 0.187370 2.981787 0.668596 0.876438 2.213164 0.247687 10.095011 -0.307249 -0.062815 0.257392 4.158615
1 67.241075 -8.622552 -0.959071 -0.488607 -2.654781 -1.450456 3.238691 0.187370 2.981787 0.668596 0.876438 2.213164 0.247687 10.095011 -0.307249 -0.062815 0.257392 4.158615
1 67.241075 -8.622552 -0.959071 -0.488607 -2.654781 -1.450456 3.238691 0.187370 2.981787 0.668596 0.876438 2.213164 0.247687 10.095011 -0.307249 -0.062815 0.257392 4.158615
1 67.241075 -8.622552 -0.959071 -0.488607 -2.654781 -1.450456 3.238691 0.187370 2.981787 0.668596 0.876438 2.213164 0.247687 10.095011 -0.307249 -0.062815 0.257392 4.158615
1 66.348525 -8.617619 -0.964002 -0.507154 -2.669452 -1.457535 3.254962 0.156649 2.924030 0.663540 0.866672 2.206547 0.256375 10.082448 -0.295460 -0.036956 0.242596 4.175460
1 66.348525 -8.617619 -0.964002 -0.507154 -2.669452 -1.457535 3.254962 0.156649 2.924030 0.663540 0.866672 2.206547 0.256375 10.082448 -0.295460 -0.036956 0.242596 4.175460
1 66.348525 -8.617619 -0.964002 -0.507154 -2.669452 -1.457535 3.254962 0.156649 2.924030 0.663540 0.866672 2.206547 0.256375 10.082448 -0.295460 -0.036956 0.242596 4.175460
1 66.348525 -8.617619 -0.964002 -0.507154 -2.669452 -1.457535 3.254962 0.156649 2.924030 0.663540 0.866672 2.206547 0.256375 10.082448 -0.295460 -0.036956 0.242596 4.175460
1 66.348525 -8.617619 -0.964002 -0.507154 -2.669452 -1.457535 3.254962 0.156649 2.924030 0.663540 0.866672 2.206547 0.256375 10.082448 -0.295460 -0.036956 0.242596 4.175460
1 66.348525 -8.617619 -0.964002 -0.507154 -2.669452 -1.457535 3.254962 0.156649 2.924030 0.663540 0.866672 2.206547 0.256375 10.082448 -0.295460 -0.036956 0.242596 4.175460
1 66.348525 -8.617619 -0.964002 -0.507154 -2.669452 -1.457535 3.254962 0.156649 2.924030 0.663540 0.866672 2.206547 0.256375 10.082448 -0.295460 -0.036956 0.242596 4.175460
1 66.348525 -8.617619 -0.964002 -0.507154 -2.669452 -1.457535 3.254962 0.156649 2.924030 0.663540 0.866672 2.206547 0.256375 10.082448 -0.295460 -0.036956 0.242596 4.175460
1 66.348525 -8.617619 -0.964002 -0.507154 -2.669452 -1.457535 3.254962 0.156649 2.924030 0.663540 0.866672 2.206547 0.256375 10.082448 -0.295460 -0.036956 0.242596 4.175460
1 66.348525 -8.617619 -0.964002 -0.507154 -2.669452 -1.457535 3.254962 0.156649 2.924030 0.663540 0.866672 2.206547 0.256375 10.082448 -0.295460 -0.036956 0.242596 4.175460
1 66.348525 -8.617619 -0.964002 -0.507154 -2.669452 -1.457535 3.254962 0.156649 2.924030 0.663540 0.866672 2.206547 0.256375 10.082448 -0.295460 -0.036956 0.242596 4.175460
1 66.348525 -8.617619 -0.964002 -0.507154 -2.669452 -1.457535 3.254962 0.156649 2.924030 0.663540 0.866672 2.206547 0.256375 10.082448 -0.295460 -0.036956 0.242596 4.175460
1 66.348525 -8.617619 -0.964002 -0.507154 -2.669452 -1.457535 3.254962 0.156649 2.924030 0.663540 0.866672 2.206547 0.256375 10.082448 -0.295460 -0.036956 0.242596 4.175460
1 66.348525 -8.617619 -0.964002 -0.507154 -2.669452 -1.457535 3.254962 0.156649 2.924030 0.663540 0.866672 2.206547 0.256375 10.082448 -0.295460 -0.036956 0.242596 4.175460
1 66.348525 -8.617619 -0.964002 -0.507154 -2.669452 -1.457535 3.254962 0.156649 2.924030 0.663540 0.866672 2.206547 0.256375 10.082448 -0.295460 -0.036956 0.242596 4.175460
1 66.348525 -8.617619 -0.964002 -0.507154 -2.669452 -1.457535 3.254962 0.156649 2.924030 0.663540 0.866672 2.206547 0.256375 10.082448 -0.295460 -0.036956 0.242596 4.175460
1 66.348525 -8.617619 -0.964002 -0.507154 -2.669452 -1.457535 3.254962 0.156649 2.924030 0.663540 0.866672 2.206547 0.256375 10.082448 -0.295460 -0.036956 0.242596 4.175460
1 66.348525 -8.617619 -0.964002 -0.507154 -2.669452 -1.457535 3.254962 0.156649 2.924030 0.663540 0.866672 2.206547 0.256375 10.082448 -0.295460 -0.036956 0.242596 4.175460
1 66.348525 -8.617619 -0.964002 -0.507154 -2.669452 -1.457535 3.254962 0.156649 2.924030 0.663540 0.866672 2.206547 0.256375 10.082448 -0.295460 -0.036956 0.242596 4.175460
1 66.348525 -8.617619 -0.964002 -0.507154 -2.669452 -1.457535 3.254962 0.156649 2.924030 0.663540 0.866672 2.206547 0.256375 10.082448 -0.295460 -0.036956 0.242596 4.175460
1 66.348525 -8.617619 -0.964002 -0.507154 -2.669452 -1.457535 3.254962 0.156649 2.924030 0.663540 0.866672 2.206547 0.256375 10.082448 -0.295460 -0.036956 0.242596 4.175460
1 66.348525 -8.617619 -0.964002 -0.507154 -2.669452 -1.457535 3.254962 0.156649 2.924030 0.663540 0.866672 2.206547 0.256375 10.082448 -0.295460 -0.036956 0.242596 4.175460
1 66.348525 -8.617619 -0.964002 -0.507154 -2.669452 -1.457535 3.254962 0.156649 2.924030 0.663540 0.866672 2.206547 0.256375 10.082448 -0.295460 -0.036956 0.242596 4.175460
1 66.348525 -8.617619 -0.964002 -0.507154 -2.669452 -1.457535 3.254962 0.156649 2.924030 0.663540 0.866672 2.206547 0.256375 10.082448 -0.295460 -0.036956 0.242596 4.175460
1 66.348525 -8.617619 -0.964002 -0.507154 -2.669452 -1.457535 3.254962 0.156649 2.924030 0.663540 0.866672 2.206547 0.256375 10.082448 -0.295460 -0.036956 0.242596 4.175460
1 66.348525 -8.617619 -0.964002 -0.507154 -2.669452 -1.457535 3.254962 0.156649 2.924030 0.663540 0.866672 2.206547 0.256375 10.082448 -0.295460 -0.036956 0.242596 4.175460
1 66.348525 -8.617619 -0.964002 -0.507154 -2.669452 -1.457535 3.254962 0.156649 2.924030 0.663540 0.866672 2.206547 0.256375 10.082448 -0.295460 -0.036956 0.242596 4.175460
1 66.348525 -8.617619 -0.964002 -0.507154 -2.669452 -1.457535 3.254962 0.156649 2.924030 0.663540 0.866672 2.206547 0.256375 10.082448 -0.295460 -0.036956 0.242596 4.175460
1 66.348525 -8.617619 -0.964002 -0.507154 -2.669452 -1.457535 3.254962 0.156649 2.924030 0.663540 0.866672 2.206547 0.256375 10.082448 -0.295460 -0.036956 0.242596 4.175460
1 66.348525 -8.617619 -0.964002 -0.507154 -2.669452 -1.457535 3.254962 0.156649 2.924030 0.663540 0.866672 2.206547 0.256375 10.082448 -0.295460 -0.036956 0.242596 4.175460
1 66.348525 -8.617619 -0.964002 -0.507154 -2.669452 -1.457535 3.254962 0.156649 2.924030 0.663540 0.866672 2.206547 0.256375 10.082448 -0.295460 -0.036956 0.242596 4.175460
1 66.348525 -8.617619 -0.964002 -0.507154 -2.669452 -1.457535 3.254962 0.156649 2.924030 0.663540 0.866672 2.206547 0.256375 10.082448 -0.295460 -0.036956 0.242596 4.175460
1 66.348525 -8.617619 -0.964002 -0.507154 -2.669452 -1.457535 3.254962 0.156649 2.924030 0.663540 0.866672 2.206547 0.256375 10.082448 -0.295460 -0.036956 0.242596 4.175460
1 66.348525 -8.617619 -0.964002 -0.507154 -2.669452 -1.457535 3.254962 0.156649 2.924030 0.663540 0.866672 2.206547 0.256375 10.082448 -0.295460 -0.036956 0.242596 4.175460
1 66.348525 -8.617619 -0.964002 -0.507154 -2.669452 -1.457535 3.254962 0.156649 2.924030 0.663540 0.866672 2.206547 0.256375 10.082448 -0.295460 -0.036956 0.242596 4.175460
1 66.348525 -8.617619 -0.964002 -0.507154 -2.669452 -1.457535 3.254962 0.156649 2.924030 0.663540 0.866672 2.206547 0.256375 10.082448 -0.295460 -0.036956 0.242596 4.175460
1 66.348525 -8.617619 -0.964002 -0.507154 -2.669452 -1.457535 3.254962 0.156649 2.924030 0.663540 0.866672 2.206547 0.256375 10.082448 -0.295460 -0.036956 0.242596 4.175460
1 65.615924 -8.603812 -0.924731 -0.493292 -2.657314 -1.513890 3.232480 0.149249 2.922675 0.680962 0.883005 2.196469 0.262754 10.089636 -0.337410 -0.056901 0.255604 4.145393
1 65.615924 -8.603812 -0.924731 -0.493292 -2.657314 -1.513890 3.232480 0.149249 2.922675 0.680962 0.883005 2.196469 0.262754 10.089636 -0.337410 -0.056901 0.255604 4.145393
1 65.615924 -8.603812 -0.924731 -0.493292 -2.657314 -1.513890 3.232480 0.149249 2.922675 0.680962 0.883005 2.196469 0.262754 10.089636 -0.337410 -0.056901 0.255604 4.145393
1 65.615924 -8.603812 -0.924731 -0.493292 -2.657314 -1.513890 3.232480 0.149249 2.922675 0.680962 0.883005 2.196469 0.262754 10.089636 -0.337410 -0.056901 0.255604 4.145393
1 65.615924 -8.603812 -0.924731 -0.493292 -2.657314 -1.513890 3.232480 0.149249 2.922675 0.680962 0.883005 2.196469 0.262754 10.089636 -0.337410 -0.056901 0.255604 4.145393
1 65.615924 -8.603812 -0.924731 -0.493292 -2.657314 -1.513890 3.232480 0.149249 2.922675 0.680962 0.883005 2.196469 0.262754 10.089636 -0.337410 -0.056901 0.255604 4.145393
1 65.615924 -8.603812 -0.924731 -0.493292 -2.657314 -1.513890 3.232480 0.149249 2.922675 0.680962 0.883005 2.196469 0.262754 10.089636 -0.337410 -0.056901 0.255604 4.145393
1 65.615924 -8.603812 -0.924731 -0.493292 -2.657314 -1.513890 3.232480 0.149249 2.922675 0.680962 0.883005 2.196469 0.262754 10.089636 -0.337410 -0.056901 0.255604 4.145393
1 65.16553 -8.590738 -0.885019 -0.505634 -2.664375 -1.528961 3.211625 0.170914 2.932855 0.642869 0.849815 2.186397 0.256919 10.113795 -0.358310 -0.011598 0.268166 4.113823
1 62.882028 -8.600403 -0.909090 -0.484855 -2.673018 -1.541394 3.219927 0.155150 2.942582 0.685526 0.825659 2.171496 0.287099 10.141427 -0.384119 -0.033743 0.285626 4.111901
1 62.882028 -8.600403 -0.909090 -0.484855 -2.673018 -1.541394 3.219927 0.155150 2.942582 0.685526 0.825659 2.171496 0.287099 10.141427 -0.384119 -0.033743 0.285626 4.111901
1 62.882028 -8.600403 -0.909090 -0.484855 -2.673018 -1.541394 3.219927 0.155150 2.942582 0.685526 0.825659 2.171496 0.287099 10.141427 -0.384119 -0.033743 0.285626 4.111901
1 62.882028 -8.600403 -0.909090 -0.484855 -2.673018 -1.541394 3.219927 0.155150 2.942582 0.685526 0.825659 2.171496 0.287099 10.141427 -0.384119 -0.033743 0.285626 4.111901
1 62.882028 -8.600403 -0.909090 -0.484855 -2.673018 -1.541394 3.219927 0.155150 2.942582 0.685526 0.825659 2.171496 0.287099 10.141427 -0.384119 -0.033743 0.285626 4.111901
1 62.882028 -8.600403 -0.909090 -0.484855 -2.673018 -1.541394 3.219927 0.155150 2.942582 0.685526 0.825659 2.171496 0.287099 10.141427 -0.384119 -0.033743 0.285626 4.111901
1 62.882028 -8.600403 -0.909090 -0.484855 -2.673018 -1.541394 3.219927 0.155150 2.942582 0.685526 0.825659 2.171496 0.287099 10.141427 -0.384119 -0.033743 0.285626 4.111901
1 62.882028 -8.600403 -0.909090 -0.484855 -2.673018 -1.541394 3.219927 0.155150 2.942582 0.685526 0.825659 2.171496 0.287099 10.141427 -0.384119 -0.033743 0.285626 4.111901
1 62.882028 -8.600403 -0.909090 -0.484855 -2.673018 -1.541394 3.219927 0.155150 2.942582 0.685526 0.825659 2.171496 0.287099 10.141427 -0.384119 -0.033743 0.285626 4.111901
1 62.882028 -8.600403 -0.909090 -0.484855 -2.673018 -1.541394 3.219927 0.155150 2.942582 0.685526 0.825659 2.171496 0.287099 10.141427 -0.384119 -0.033743 0.285626 4.111901
1 62.882028 -8.600403 -0.909090 -0.484855 -2.673018 -1.541394 3.219927 0.155150 2.942582 0.685526 0.825659 2.171496 0.287099 10.141427 -0.384119 -0.033743 0.285626 4.111901
1 62.882028 -8.600403 -0.909090 -0.484855 -2.673018 -1.541394 3.219927 0.155150 2.942582 0.685526 0.825659 2.171496 0.287099 10.141427 -0.384119 -0.033743 0.285626 4.111901
1 62.882028 -8.600403 -0.909090 -0.484855 -2.673018 -1.541394 3.219927 0.155150 2.942582 0.685526 0.825659 2.171496 0.287099 10.141427 -0.384119 -0.033743 0.285626 4.111901
1 62.882028 -8.600403 -0.909090 -0.484855 -2.673018 -1.541394 3.219927 0.155150 2.942582 0.685526 0.825659 2.171496 0.287099 10.141427 -0.384119 -0.033743 0.285626 4.111901
1 62.882028 -8.600403 -0.909090 -0.484855 -2.673018 -1.541394 3.219927 0.155150 2.942582 0.685526 0.825659 2.171496 0.287099 10.141427 -0.384119 -0.033743 0.285626 4.111901
1 62.882028 -8.600403 -0.909090 -0.484855 -2.673018 -1.541394 3.219927 0.155150 2.942582 0.685526 0.825659 2.171496 0.287099 10.141427 -0.384119 -0.033743 0.285626 4.111901
1 62.882028 -8.600403 -0.909090 -0.484855 -2.673018 -1.541394 3.219927 0.155150 2.942582 0.685526 0.825659 2.171496 0.287099 10.141427 -0.384119 -0.033743 0.285626 4.111901
1 62.882028 -8.600403 -0.909090 -0.484855 -2.673018 -1.541394 3.219927 0.155150 2.942582 0.685526 0.825659 2.171496 0.287099 10.141427 -0.384119 -0.033743 0.285626 4.111901
1 62.882028 -8.600403 -0.909090 -0.484855 -2.673018 -1.541394 3.219927 0.155150 2.942582 0.685526 0.825659 2.171496 0.287099 10.141427 -0.384119 -0.033743 0.285626 4.111901
1 62.882028 -8.600403 -0.909090 -0.484855 -2.673018 -1.541394 3.219927 0.155150 2.942582 0.685526 0.825659 2.171496 0.287099 10.141427 -0.384119 -0.033743 0.285626 4.111901
1 62.882028 -8.600403 -0.909090 -0.484855 -2.673018 -1.541394 3.219927 0.155150 2.942582 0.685526 0.825659 2.171496 0.287099 10.141427 -0.384119 -0.033743 0.285626 4.111901
1 62.882028 -8.600403 -0.909090 -0.484855 -2.673018 -1.541394 3.219927 0.155150 2.942582 0.685526 0.825659 2.171496 0.287099 10.141427 -0.384119 -0.033743 0.285626 4.111901
1 62.882028 -8.600403 -0.909090 -0.484855 -2.673018 -1.541394 3.219927 0.155150 2.942582 0.685526 0.825659 2.171496 0.287099 10.141427 -0.384119 -0.033743 0.285626 4.111901
1 62.882028 -8.600403 -0.909090 -0.484855 -2.673018 -1.541394 3.219927 0.155150 2.942582 0.685526 0.825659 2.171496 0.287099 10.141427 -0.384119 -0.033743 0.285626 4.111901
1 62.882028 -8.600403 -0.909090 -0.484855 -2.673018 -1.541394 3.219927 0.155150 2.942582 0.685526 0.825659 2.171496 0.287099 10.141427 -0.384119 -0.033743 0.285626 4.111901
1 62.882028 -8.600403 -0.909090 -0.484855 -2.673018 -1.541394 3.219927 0.155150 2.942582 0.685526 0.825659 2.171496 0.287099 10.141427 -0.384119 -0.033743 0.285626 4.111901
1 62.882028 -8.600403 -0.909090 -0.484855 -2.673018 -1.541394 3.219927 0.155150 2.942582 0.685526 0.825659 2.171496 0.287099 10.141427 -0.384119 -0.033743 0.285626 4.111901
1 62.882028 -8.600403 -0.909090 -0.484855 -2.673018 -1.541394 3.219927 0.155150 2.942582 0.685526 0.825659 2.171496 0.287099 10.141427 -0.384119 -0.033743 0.285626 4.111901
1 62.090099 -8.598932 -0.907883 -0.475590 -2.681638 -1.513659 3.193273 0.173701 2.967120 0.697392 0.844417 2.211404 0.285384 10.169482 -0.394398 -0.036316 0.279480 4.065054
1 62.090099 -8.598932 -0.907883 -0.475590 -2.681638 -1.513659 3.193273 0.173701 2.967120 0.697392 0.844417 2.211404 0.285384 10.169482 -0.394398 -0.036316 0.279480 4.065054
1 62.090099 -8.598932 -0.907883 -0.475590 -2.681638 -1.513659 3.193273 0.173701 2.967120 0.697392 0.844417 2.211404 0.285384 10.169482 -0.394398 -0.036316 0.279480 4.065054
1 62.090099 -8.598932 -0.907883 -0.475590 -2.681638 -1.513659 3.193273 0.173701 2.967120 0.697392 0.844417 2.211404 0.285384 10.169482 -0.394398 -0.036316 0.279480 4.065054
1 62.090099 -8.598932 -0.907883 -0.475590 -2.681638 -1.513659 3.193273 0.173701 2.967120 0.697392 0.844417 2.211404 0.285384 10.169482 -0.394398 -0.036316 0.279480 4.065054
1 62.090099 -8.598932 -0.907883 -0.475590 -2.681638 -1.513659 3.193273 0.173701 2.967120 0.697392 0.844417 2.211404 0.285384 10.169482 -0.394398 -0.036316 0.279480 4.065054
1 62.090099 -8.598932 -0.907883 -0.475590 -2.681638 -1.513659 3.193273 0.173701 2.967120 0.697392 0.844417 2.211404 0.285384 10.169482 -0.394398 -0.036316 0.279480 4.065054
1 62.090099 -8.598932 -0.907883 -0.475590 -2.681638 -1.513659 3.193273 0.173701 2.967120 0.697392 0.844417 2.211404 0.285384 10.169482 -0.394398 -0.036316 0.279480 4.065054
1 62.090099 -8.598932 -0.907883 -0.475590 -2.681638 -1.513659 3.193273 0.173701 2.967120 0.697392 0.844417 2.211404 0.285384 10.169482 -0.394398 -0.036316 0.279480 4.065054
1 62.090099 -8.598932 -0.907883 -0.475590 -2.681638 -1.513659 3.193273 0.173701 2.967120 0.697392 0.844417 2.211404 0.285384 10.169482 -0.394398 -0.036316 0.279480 4.065054
1 62.090099 -8.598932 -0.907883 -0.475590 -2.681638 -1.513659 3.193273 0.173701 2.967120 0.697392 0.844417 2.211404 0.285384 10.169482 -0.394398 -0.036316 0.279480 4.065054
1 62.090099 -8.598932 -0.907883 -0.475590 -2.681638 -1.513659 3.193273 0.173701 2.967120 0.697392 0.844417 2.211404 0.285384 10.169482 -0.394398 -0.036316 0.279480 4.065054
1 62.090099 -8.598932 -0.907883 -0.475590 -2.681638 -1.513659 3.193273 0.173701 2.967120 0.697392 0.844417 2.211404 0.285384 10.169482 -0.394398 -0.036316 0.279480 4.065054
1 62.090099 -8.598932 -0.907883 -0.475590 -2.681638 -1.513659 3.193273 0.173701 2.967120 0.697392 0.844417 2.211404 0.285384 10.169482 -0.394398 -0.036316 0.279480 4.065054
1 62.090099 -8.598932 -0.907883 -0.475590 -2.681638 -1.513659 3.193273 0.173701 2.967120 0.697392 0.844417 2.211404 0.285384 10.169482 -0.394398 -0.036316 0.279480 4.065054
1 62.090099 -8.598932 -0.907883 -0.475590 -2.681638 -1.513659 3.193273 0.173701 2.967120 0.697392 0.844417 2.211404 0.285384 10.169482 -0.394398 -0.036316 0.279480 4.065054
1 62.090099 -8.598932 -0.907883 -0.475590 -2.681638 -1.513659 3.193273 0.173701 2.967120 0.697392 0.844417 2.211404 0.285384 10.169482 -0.394398 -0.036316 0.279480 4.065054
1 62.090099 -8.598932 -0.907883 -0.475590 -2.681638 -1.513659 3.193273 0.173701 2.967120 0.697392 0.844417 2.211404 0.285384 10.169482 -0.394398 -0.036316 0.279480 4.065054
1 62.090099 -8.598932 -0.907883 -0.475590 -2.681638 -1.513659 3.193273 0.173701 2.967120 0.697392 0.844417 2.211404 0.285384 10.169482 -0.394398 -0.036316 0.279480 4.065054
1 62.090099 -8.598932 -0.907883 -0.475590 -2.681638 -1.513659 3.193273 0.173701 2.967120 0.697392 0.844417 2.211404 0.285384 10.169482 -0.394398 -0.036316 0.279480 4.065054
1 62.090099 -8.598932 -0.907883 -0.475590 -2.681638 -1.513659 3.193273 0.173701 2.967120 0.697392 0.844417 2.211404 0.285384 10.169482 -0.394398 -0.036316 0.279480 4.065054
1 62.090099 -8.598932 -0.907883 -0.475590 -2.681638 -1.513659 3.193273 0.173701 2.967120 0.697392 0.844417 2.211404 0.285384 10.169482 -0.394398 -0.036316 0.279480 4.065054
1 62.090099 -8.598932 -0.907883 -0.475590 -2.681638 -1.513659 3.193273 0.173701 2.967120 0.697392 0.844417 2.211404 0.285384 10.169482 -0.394398 -0.036316 0.279480 4.065054
1 62.090099 -8.598932 -0.907883 -0.475590 -2.681638 -1.513659 3.193273 0.173701 2.967120 0.697392 0.844417 2.211404 0.285384 10.169482 -0.394398 -0.036316 0.279480 4.065054
1 62.090099 -8.598932 -0.907883 -0.475590 -2.681638 -1.513659 3.193273 0.173701 2.967120 0.697392 0.844417 2.211404 0.285384 10.169482 -0.394398 -0.036316 0.279480 4.065054
1 62.090099 -8.598932 -0.907883 -0.475590 -2.681638 -1.513659 3.193273 0.173701 2.967120 0.697392 0.844417 2.211404 0.285384 10.169482 -0.394398 -0.036316 0.279480 4.065054
1 62.090099 -8.598932 -0.907883 -0.475590 -2.681638 -1.513659 3.193273 0.173701 2.967120 0.697392 0.844417 2.211404 0.285384 10.169482 -0.394398 -0.036316 0.279480 4.065054
1 62.090099 -8.598932 -0.907883 -0.475590 -2.681638 -1.513659 3.193273 0.173701 2.967120 0.697392 0.844417 2.211404 0.285384 10.169482 -0.394398 -0.036316 0.279480 4.065054
1 62.090099 -8.598932 -0.907883 -0.475590 -2.681638 -1.513659 3.193273 0.173701 2.967120 0.697392 0.844417 2.211404 0.285384 10.169482 -0.394398 -0.036316 0.279480 4.065054
1 62.090099 -8.598932 -0.907883 -0.475590 -2.681638 -1.513659 3.193273 0.173701 2.967120 0.697392 0.844417 2.211404 0.285384 10.169482 -0.394398 -0.036316 0.279480 4.065054
1 62.090099 -8.598932 -0.907883 -0.475590 -2.681638 -1.513659 3.193273 0.173701 2.967120 0.697392 0.844417 2.211404 0.285384 10.169482 -0.394398 -0.036316 0.279480 4.065054
1 62.090099 -8.598932 -0.907883 -0.475590 -2.681638 -1.513659 3.193273 0.173701 2.967120 0.697392 0.844417 2.211404 0.285384 10.169482 -0.394398 -0.036316 0.279480 4.065054
1 62.090099 -8.598932 -0.907883 -0.475590 -2.681638 -1.513659 3.193273 0.173701 2.967120 0.697392 0.844417 2.211404 0.285384 10.169482 -0.394398 -0.036316 0.279480 4.065054
1 62.090099 -8.598932 -0.907883 -0.475590 -2.681638 -1.513659 3.193273 0.173701 2.967120 0.697392 0.844417 2.211404 0.285384 10.169482 -0.394398 -0.036316 0.279480 4.065054
1 62.090099 -8.598932 -0.907883 -0.475590 -2.681638 -1.513659 3.193273 0.173701 2.967120 0.697392 0.844417 2.211404 0.285384 10.169482 -0.394398 -0.036316 0.279480 4.065054
1 62.090099 -8.598932 -0.907883 -0.475590 -2.681638 -1.513659 3.193273 0.173701 2.967120 0.697392 0.844417 2.211404 0.285384 10.169482 -0.394398 -0.036316 0.279480 4.065054
1 62.090099 -8.598932 -0.907883 -0.475590 -2.681638 -1.513659 3.193273 0.173701 2.967120 0.697392 0.844417 2.211404 0.285384 10.169482 -0.394398 -0.036316 0.279480 4.065054
1 62.090099 -8.598932 -0.907883 -0.475590 -2.681638 -1.513659 3.193273 0.173701 2.967120 0.697392 0.844417 2.211404 0.285384 10.169482 -0.394398 -0.036316 0.279480 4.065054
1 62.090099 -8.598932 -0.907883 -0.475590 -2.681638 -1.513659 3.193273 0.173701 2.967120 0.697392 0.844417 2.211404 0.285384 10.169482 -0.394398 -0.036316 0.279480 4.065054
1 62.090099 -8.598932 -0.907883 -0.475590 -2.681638 -1.513659 3.193273 0.173701 2.967120 0.697392 0.844417 2.211404 0.285384 10.169482 -0.394398 -0.036316 0.279480 4.065054
1 62.090099 -8.598932 -0.907883 -0.475590 -2.681638 -1.513659 3.193273 0.173701 2.967120 0.697392 0.844417 2.211404 0.285384 10.169482 -0.394398 -0.036316 0.279480 4.065054
1 62.090099 -8.598932 -0.907883 -0.475590 -2.681638 -1.513659 3.193273 0.173701 2.967120 0.697392 0.844417 2.211404 0.285384 10.169482 -0.394398 -0.036316 0.279480 4.065054
1 62.090099 -8.598932 -0.907883 -0.475590 -2.681638 -1.513659 3.193273 0.173701 2.967120 0.697392 0.844417 2.211404 0.285384 10.169482 -0.394398 -0.036316 0.279480 4.065054
1 62.090099 -8.598932 -0.907883 -0.475590 -2.681638 -1.513659 3.193273 0.173701 2.967120 0.697392 0.844417 2.211404 0.285384 10.169482 -0.394398 -0.036316 0.279480 4.065054
1 62.090099 -8.598932 -0.907883 -0.475590 -2.681638 -1.513659 3.193273 0.173701 2.967120 0.697392 0.844417 2.211404 0.285384 10.169482 -0.394398 -0.036316 0.279480 4.065054
1 62.090099 -8.598932 -0.907883 -0.475590 -2.681638 -1.513659 3.193273 0.173701 2.967120 0.697392 0.844417 2.211404 0.285384 10.169482 -0.394398 -0.036316 0.279480 4.065054
1 62.090099 -8.598932 -0.907883 -0.475590 -2.681638 -1.513659 3.193273 0.173701 2.967120 0.697392 0.844417 2.211404 0.285384 10.169482 -0.394398 -0.036316 0.279480 4.065054
1 62.090099 -8.598932 -0.907883 -0.475590 -2.681638 -1.513659 3.193273 0.173701 2.967120 0.697392 0.844417 2.211404 0.285384 10.169482 -0.394398 -0.036316 0.279480 4.065054
1 62.090099 -8.598932 -0.907883 -0.475590 -2.681638 -1.513659 3.193273 0.173701 2.967120 0.697392 0.844417 2.211404 0.285384 10.169482 -0.394398 -0.036316 0.279480 4.065054
1 62.090099 -8.598932 -0.907883 -0.475590 -2.681638 -1.513659 3.193273 0.173701 2.967120 0.697392 0.844417 2.211404 0.285384 10.169482 -0.394398 -0.036316 0.279480 4.065054
1 62.090099 -8.598932 -0.907883 -0.475590 -2.681638 -1.513659 3.193273 0.173701 2.967120 0.697392 0.844417 2.211404 0.285384 10.169482 -0.394398 -0.036316 0.279480 4.065054
1 62.090099 -8.598932 -0.907883 -0.475590 -2.681638 -1.513659 3.193273 0.173701 2.967120 0.697392 0.844417 2.211404 0.285384 10.169482 -0.394398 -0.036316 0.279480 4.065054
1 62.090099 -8.598932 -0.907883 -0.475590 -2.681638 -1.513659 3.193273 0.173701 2.967120 0.697392 0.844417 2.211404 0.285384 10.169482 -0.394398 -0.036316 0.279480 4.065054
1 62.090099 -8.598932 -0.907883 -0.475590 -2.681638 -1.513659 3.193273 0.173701 2.967120 0.697392 0.844417 2.211404 0.285384 10.169482 -0.394398 -0.036316 0.279480 4.065054
1 62.090099 -8.598932 -0.907883 -0.475590 -2.681638 -1.513659 3.193273 0.173701 2.967120 0.697392 0.844417 2.211404 0.285384 10.169482 -0.394398 -0.036316 0.279480 4.065054
1 62.090099 -8.598932 -0.907883 -0.475590 -2.681638 -1.513659 3.193273 0.173701 2.967120 0.697392 0.844417 2.211404 0.285384 10.169482 -0.394398 -0.036316 0.279480 4.065054
1 62.090099 -8.598932 -0.907883 -0.475590 -2.681638 -1.513659 3.193273 0.173701 2.967120 0.697392 0.844417 2.211404 0.285384 10.169482 -0.394398 -0.036316 0.279480 4.065054
1 62.090099 -8.598932 -0.907883 -0.475590 -2.681638 -1.513659 3.193273 0.173701 2.967120 0.697392 0.844417 2.211404 0.285384 10.169482 -0.394398 -0.036316 0.279480 4.065054
1 62.090099 -8.598932 -0.907883 -0.475590 -2.681638 -1.513659 3.193273 0.173701 2.967120 0.697392 0.844417 2.211404 0.285384 10.169482 -0.394398 -0.036316 0.279480 4.065054
1 62.090099 -8.598932 -0.907883 -0.475590 -2.681638 -1.513659 3.193273 0.173701 2.967120 0.697392 0.844417 2.211404 0.285384 10.169482 -0.394398 -0.036316 0.279480 4.065054
1 62.090099 -8.598932 -0.907883 -0.475590 -2.681638 -1.513659 3.193273 0.173701 2.967120 0.697392 0.844417 2.211404 0.285384 10.169482 -0.394398 -0.036316 0.279480 4.065054
1 62.090099 -8.598932 -0.907883 -0.475590 -2.681638 -1.513659 3.193273 0.173701 2.967120 0.697392 0.844417 2.211404 0.285384 10.169482 -0.394398 -0.036316 0.279480 4.065054
1 62.090099 -8.598932 -0.907883 -0.475590 -2.681638 -1.513659 3.193273 0.173701 2.967120 0.697392 0.844417 2.211404 0.285384 10.169482 -0.394398 -0.036316 0.279480 4.065054
1 62.090099 -8.598932 -0.907883 -0.475590 -2.681638 -1.513659 3.193273 0.173701 2.967120 0.697392 0.844417 2.211404 0.285384 10.169482 -0.394398 -0.036316 0.279480 4.065054
1 62.090099 -8.598932 -0.907883 -0.475590 -2.681638 -1.513659 3.193273 0.173701 2.967120 0.697392 0.844417 2.211404 0.285384 10.169482 -0.394398 -0.036316 0.279480 4.065054
1 62.090099 -8.598932 -0.907883 -0.475590 -2.681638 -1.513659 3.193273 0.173701 2.967120 0.697392 0.844417 2.211404 0.285384 10.169482 -0.394398 -0.036316 0.279480 4.065054
1 62.090099 -8.598932 -0.907883 -0.475590 -2.681638 -1.513659 3.193273 0.173701 2.967120 0.697392 0.844417 2.211404 0.285384 10.169482 -0.394398 -0.036316 0.279480 4.065054
1 62.090099 -8.598932 -0.907883 -0.475590 -2.681638 -1.513659 3.193273 0.173701 2.967120 0.697392 0.844417 2.211404 0.285384 10.169482 -0.394398 -0.036316 0.279480 4.065054
1 62.090099 -8.598932 -0.907883 -0.475590 -2.681638 -1.513659 3.193273 0.173701 2.967120 0.697392 0.844417 2.211404 0.285384 10.169482 -0.394398 -0.036316 0.279480 4.065054
1 62.090099 -8.598932 -0.907883 -0.475590 -2.681638 -1.513659 3.193273 0.173701 2.967120 0.697392 0.844417 2.211404 0.285384 10.169482 -0.394398 -0.036316 0.279480 4.065054
1 62.090099 -8.598932 -0.907883 -0.475590 -2.681638 -1.513659 3.193273 0.173701 2.967120 0.697392 0.844417 2.211404 0.285384 10.169482 -0.394398 -0.036316 0.279480 4.065054
1 62.090099 -8.598932 -0.907883 -0.475590 -2.681638 -1.513659 3.193273 0.173701 2.967120 0.697392 0.844417 2.211404 0.285384 10.169482 -0.394398 -0.036316 0.279480 4.065054
1 62.090099 -8.598932 -0.907883 -0.475590 -2.681638 -1.513659 3.193273 0.173701 2.967120 0.697392 0.844417 2.211404 0.285384 10.169482 -0.394398 -0.036316 0.279480 4.065054
1 62.090099 -8.598932 -0.907883 -0.475590 -2.681638 -1.513659 3.193273 0.173701 2.967120 0.697392 0.844417 2.211404 0.285384 10.169482 -0.394398 -0.036316 0.279480 4.065054
1 62.090099 -8.598932 -0.907883 -0.475590 -2.681638 -1.513659 3.193273 0.173701 2.967120 0.697392 0.844417 2.211404 0.285384 10.169482 -0.394398 -0.036316 0.279480 4.065054
1 62.090099 -8.598932 -0.907883 -0.475590 -2.681638 -1.513659 3.193273 0.173701 2.967120 0.697392 0.844417 2.211404 0.285384 10.169482 -0.394398 -0.036316 0.279480 4.065054
1 62.090099 -8.598932 -0.907883 -0.475590 -2.681638 -1.513659 3.193273 0.173701 2.967120 0.697392 0.844417 2.211404 0.285384 10.169482 -0.394398 -0.036316 0.279480 4.065054
1 62.090099 -8.598932 -0.907883 -0.475590 -2.681638 -1.513659 3.193273 0.173701 2.967120 0.697392 0.844417 2.211404 0.285384 10.169482 -0.394398 -0.036316 0.279480 4.065054
1 62.090099 -8.598932 -0.907883 -0.475590 -2.681638 -1.513659 3.193273 0.173701 2.967120 0.697392 0.844417 2.211404 0.285384 10.169482 -0.394398 -0.036316 0.279480 4.065054
1 62.090099 -8.598932 -0.907883 -0.475590 -2.681638 -1.513659 3.193273 0.173701 2.967120 0.697392 0.844417 2.211404 0.285384 10.169482 -0.394398 -0.036316 0.279480 4.065054
1 62.090099 -8.598932 -0.907883 -0.475590 -2.681638 -1.513659 3.193273 0.173701 2.967120 0.697392 0.844417 2.211404 0.285384 10.169482 -0.394398 -0.036316 0.279480 4.065054
1 62.090099 -8.598932 -0.907883 -0.475590 -2.681638 -1.513659 3.193273 0.173701 2.967120 0.697392 0.844417 2.211404 0.285384 10.169482 -0.394398 -0.036316 0.279480 4.065054
1 62.090099 -8.598932 -0.907883 -0.475590 -2.681638 -1.513659 3.193273 0.173701 2.967120 0.697392 0.844417 2.211404 0.285384 10.169482 -0.394398 -0.036316 0.279480 4.065054
1 62.090099 -8.598932 -0.907883 -0.475590 -2.681638 -1.513659 3.193273 0.173701 2.967120 0.697392 0.844417 2.211404 0.285384 10.169482 -0.394398 -0.036316 0.279480 4.065054
1 62.090099 -8.598932 -0.907883 -0.475590 -2.681638 -1.513659 3.193273 0.173701 2.967120 0.697392 0.844417 2.211404 0.285384 10.169482 -0.394398 -0.036316 0.279480 4.065054
1 62.090099 -8.598932 -0.907883 -0.475590 -2.681638 -1.513659 3.193273 0.173701 2.967120 0.697392 0.844417 2.211404 0.285384 10.169482 -0.394398 -0.036316 0.279480 4.065054
1 62.090099 -8.598932 -0.907883 -0.475590 -2.681638 -1.513659 3.193273 0.173701 2.967120 0.697392 0.844417 2.211404 0.285384 10.169482 -0.394398 -0.036316 0.279480 4.065054
1 62.090099 -8.598932 -0.907883 -0.475590 -2.681638 -1.513659 3.193273 0.173701 2.967120 0.697392 0.844417 2.211404 0.285384 10.169482 -0.394398 -0.036316 0.279480 4.065054
1 62.090099 -8.598932 -0.907883 -0.475590 -2.681638 -1.513659 3.193273 0.173701 2.967120 0.697392 0.844417 2.211404 0.285384 10.169482 -0.394398 -0.036316 0.279480 4.065054
1 62.090099 -8.598932 -0.907883 -0.475590 -2.681638 -1.513659 3.193273 0.173701 2.967120 0.697392 0.844417 2.211404 0.285384 10.169482 -0.394398 -0.036316 0.279480 4.065054
1 62.090099 -8.598932 -0.907883 -0.475590 -2.681638 -1.513659 3.193273 0.173701 2.967120 0.697392 0.844417 2.211404 0.285384 10.169482 -0.394398 -0.036316 0.279480 4.065054
1 62.090099 -8.598932 -0.907883 -0.475590 -2.681638 -1.513659 3.193273 0.173701 2.967120 0.697392 0.844417 2.211404 0.285384 10.169482 -0.394398 -0.036316 0.279480 4.065054
1 62.090099 -8.598932 -0.907883 -0.475590 -2.681638 -1.513659 3.193273 0.173701 2.967120 0.697392 0.844417 2.211404 0.285384 10.169482 -0.394398 -0.036316 0.279480 4.065054
1 62.090099 -8.598932 -0.907883 -0.475590 -2.681638 -1.513659 3.193273 0.173701 2.967120 0.697392 0.844417 2.211404 0.285384 10.169482 -0.394398 -0.036316 0.279480 4.065054
1 62.090099 -8.598932 -0.907883 -0.475590 -2.681638 -1.513659 3.193273 0.173701 2.967120 0.697392 0.844417 2.211404 0.285384 10.169482 -0.394398 -0.036316 0.279480 4.065054
1 62.090099 -8.598932 -0.907883 -0.475590 -2.681638 -1.513659 3.193273 0.173701 2.967120 0.697392 0.844417 2.211404 0.285384 10.169482 -0.394398 -0.036316 0.279480 4.065054
1 62.090099 -8.598932 -0.907883 -0.475590 -2.681638 -1.513659 3.193273 0.173701 2.967120 0.697392 0.844417 2.211404 0.285384 10.169482 -0.394398 -0.036316 0.279480 4.065054
1 62.090099 -8.598932 -0.907883 -0.475590 -2.681638 -1.513659 3.193273 0.173701 2.967120 0.697392 0.844417 2.211404 0.285384 10.169482 -0.394398 -0.036316 0.279480 4.065054
1 62.090099 -8.598932 -0.907883 -0.475590 -2.681638 -1.513659 3.193273 0.173701 2.967120 0.697392 0.844417 2.211404 0.285384 10.169482 -0.394398 -0.036316 0.279480 4.065054
1 62.090099 -8.598932 -0.907883 -0.475590 -2.681638 -1.513659 3.193273 0.173701 2.967120 0.697392 0.844417 2.211404 0.285384 10.169482 -0.394398 -0.036316 0.279480 4.065054
1 62.090099 -8.598932 -0.907883 -0.475590 -2.681638 -1.513659 3.193273 0.173701 2.967120 0.697392 0.844417 2.211404 0.285384 10.169482 -0.394398 -0.036316 0.279480 4.065054
1 62.090099 -8.598932 -0.907883 -0.475590 -2.681638 -1.513659 3.193273 0.173701 2.967120 0.697392 0.844417 2.211404 0.285384 10.169482 -0.394398 -0.036316 0.279480 4.065054
1 62.090099 -8.598932 -0.907883 -0.475590 -2.681638 -1.513659 3.193273 0.173701 2.967120 0.697392 0.844417 2.211404 0.285384 10.169482 -0.394398 -0.036316 0.279480 4.065054
1 62.090099 -8.598932 -0.907883 -0.475590 -2.681638 -1.513659 3.193273 0.173701 2.967120 0.697392 0.844417 2.211404 0.285384 10.169482 -0.394398 -0.036316 0.279480 4.065054
1 62.090099 -8.598932 -0.907883 -0.475590 -2.681638 -1.513659 3.193273 0.173701 2.967120 0.697392 0.844417 2.211404 0.285384 10.169482 -0.394398 -0.036316 0.279480 4.065054
1 62.090099 -8.598932 -0.907883 -0.475590 -2.681638 -1.513659 3.193273 0.173701 2.967120 0.697392 0.844417 2.211404 0.285384 10.169482 -0.394398 -0.036316 0.279480 4.065054
1 62.090099 -8.598932 -0.907883 -0.475590 -2.681638 -1.513659 3.193273 0.173701 2.967120 0.697392 0.844417 2.211404 0.285384 10.169482 -0.394398 -0.036316 0.279480 4.065054
1 62.090099 -8.598932 -0.907883 -0.475590 -2.681638 -1.513659 3.193273 0.173701 2.967120 0.697392 0.844417 2.211404 0.285384 10.169482 -0.394398 -0.036316 0.279480 4.065054
1 62.090099 -8.598932 -0.907883 -0.475590 -2.681638 -1.513659 3.193273 0.173701 2.967120 0.697392 0.844417 2.211404 0.285384 10.169482 -0.394398 -0.036316 0.279480 4.065054
1 62.090099 -8.598932 -0.907883 -0.475590 -2.681638 -1.513659 3.193273 0.173701 2.967120 0.697392 0.844417 2.211404 0.285384 10.169482 -0.394398 -0.036316 0.279480 4.065054
1 62.090099 -8.598932 -0.907883 -0.475590 -2.681638 -1.513659 3.193273 0.173701 2.967120 0.697392 0.844417 2.211404 0.285384 10.169482 -0.394398 -0.036316 0.279480 4.065054
1 62.090099 -8.598932 -0.907883 -0.475590 -2.681638 -1.513659 3.193273 0.173701 2.967120 0.697392 0.844417 2.211404 0.285384 10.169482 -0.394398 -0.036316 0.279480 4.065054
1 62.090099 -8.598932 -0.907883 -0.475590 -2.681638 -1.513659 3.193273 0.173701 2.967120 0.697392 0.844417 2.211404 0.285384 10.169482 -0.394398 -0.036316 0.279480 4.065054
1 62.090099 -8.598932 -0.907883 -0.475590 -2.681638 -1.513659 3.193273 0.173701 2.967120 0.697392 0.844417 2.211404 0.285384 10.169482 -0.394398 -0.036316 0.279480 4.065054
1 62.090099 -8.598932 -0.907883 -0.475590 -2.681638 -1.513659 3.193273 0.173701 2.967120 0.697392 0.844417 2.211404 0.285384 10.169482 -0.394398 -0.036316 0.279480 4.065054
1 62.090099 -8.598932 -0.907883 -0.475590 -2.681638 -1.513659 3.193273 0.173701 2.967120 0.697392 0.844417 2.211404 0.285384 10.169482 -0.394398 -0.036316 0.279480 4.065054
1 62.090099 -8.598932 -0.907883 -0.475590 -2.681638 -1.513659 3.193273 0.173701 2.967120 0.697392 0.844417 2.211404 0.285384 10.169482 -0.394398 -0.036316 0.279480 4.065054
1 62.090099 -8.598932 -0.907883 -0.475590 -2.681638 -1.513659 3.193273 0.173701 2.967120 0.697392 0.844417 2.211404 0.285384 10.169482 -0.394398 -0.036316 0.279480 4.065054
1 62.090099 -8.598932 -0.907883 -0.475590 -2.681638 -1.513659 3.193273 0.173701 2.967120 0.697392 0.844417 2.211404 0.285384 10.169482 -0.394398 -0.036316 0.279480 4.065054
1 62.090099 -8.598932 -0.907883 -0.475590 -2.681638 -1.513659 3.193273 0.173701 2.967120 0.697392 0.844417 2.211404 0.285384 10.169482 -0.394398 -0.036316 0.279480 4.065054
1 62.090099 -8.598932 -0.907883 -0.475590 -2.681638 -1.513659 3.193273 0.173701 2.967120 0.697392 0.844417 2.211404 0.285384 10.169482 -0.394398 -0.036316 0.279480 4.065054
1 62.090099 -8.598932 -0.907883 -0.475590 -2.681638 -1.513659 3.193273 0.173701 2.967120 0.697392 0.844417 2.211404 0.285384 10.169482 -0.394398 -0.036316 0.279480 4.065054
1 62.090099 -8.598932 -0.907883 -0.475590 -2.681638 -1.513659 3.193273 0.173701 2.967120 0.697392 0.844417 2.211404 0.285384 10.169482 -0.394398 -0.036316 0.279480 4.065054
1 62.090099 -8.598932 -0.907883 -0.475590 -2.681638 -1.513659 3.193273 0.173701 2.967120 0.697392 0.844417 2.211404 0.285384 10.169482 -0.394398 -0.036316 0.279480 4.065054
1 62.090099 -8.598932 -0.907883 -0.475590 -2.681638 -1.513659 3.193273 0.173701 2.967120 0.697392 0.844417 2.211404 0.285384 10.169482 -0.394398 -0.036316 0.279480 4.065054
1 62.090099 -8.598932 -0.907883 -0.475590 -2.681638 -1.513659 3.193273 0.173701 2.967120 0.697392 0.844417 2.211404 0.285384 10.169482 -0.394398 -0.036316 0.279480 4.065054
1 62.090099 -8.598932 -0.907883 -0.475590 -2.681638 -1.513659 3.193273 0.173701 2.967120 0.697392 0.844417 2.211404 0.285384 10.169482 -0.394398 -0.036316 0.279480 4.065054
1 62.090099 -8.598932 -0.907883 -0.475590 -2.681638 -1.513659 3.193273 0.173701 2.967120 0.697392 0.844417 2.211404 0.285384 10.169482 -0.394398 -0.036316 0.279480 4.065054
1 62.090099 -8.598932 -0.907883 -0.475590 -2.681638 -1.513659 3.193273 0.173701 2.967120 0.697392 0.844417 2.211404 0.285384 10.169482 -0.394398 -0.036316 0.279480 4.065054
1 62.090099 -8.598932 -0.907883 -0.475590 -2.681638 -1.513659 3.193273 0.173701 2.967120 0.697392 0.844417 2.211404 0.285384 10.169482 -0.394398 -0.036316 0.279480 4.065054
1 62.090099 -8.598932 -0.907883 -0.475590 -2.681638 -1.513659 3.193273 0.173701 2.967120 0.697392 0.844417 2.211404 0.285384 10.169482 -0.394398 -0.036316 0.279480 4.065054
1 62.090099 -8.598932 -0.907883 -0.475590 -2.681638 -1.513659 3.193273 0.173701 2.967120 0.697392 0.844417 2.211404 0.285384 10.169482 -0.394398 -0.036316 0.279480 4.065054
1 62.090099 -8.598932 -0.907883 -0.475590 -2.681638 -1.513659 3.193273 0.173701 2.967120 0.697392 0.844417 2.211404 0.285384 10.169482 -0.394398 -0.036316 0.279480 4.065054
1 62.090099 -8.598932 -0.907883 -0.475590 -2.681638 -1.513659 3.193273 0.173701 2.967120 0.697392 0.844417 2.211404 0.285384 10.169482 -0.394398 -0.036316 0.279480 4.065054
1 62.090099 -8.598932 -0.907883 -0.475590 -2.681638 -1.513659 3.193273 0.173701 2.967120 0.697392 0.844417 2.211404 0.285384 10.169482 -0.394398 -0.036316 0.279480 4.065054
1 62.090099 -8.598932 -0.907883 -0.475590 -2.681638 -1.513659 3.193273 0.173701 2.967120 0.697392 0.844417 2.211404 0.285384 10.169482 -0.394398 -0.036316 0.279480 4.065054
1 62.090099 -8.598932 -0.907883 -0.475590 -2.681638 -1.513659 3.193273 0.173701 2.967120 0.697392 0.844417 2.211404 0.285384 10.169482 -0.394398 -0.036316 0.279480 4.065054
1 62.090099 -8.598932 -0.907883 -0.475590 -2.681638 -1.513659 3.193273 0.173701 2.967120 0.697392 0.844417 2.211404 0.285384 10.169482 -0.394398 -0.036316 0.279480 4.065054
1 62.090099 -8.598932 -0.907883 -0.475590 -2.681638 -1.513659 3.193273 0.173701 2.967120 0.697392 0.844417 2.211404 0.285384 10.169482 -0.394398 -0.036316 0.279480 4.065054
1 62.090099 -8.598932 -0.907883 -0.475590 -2.681638 -1.513659 3.193273 0.173701 2.967120 0.697392 0.844417 2.211404 0.285384 10.169482 -0.394398 -0.036316 0.279480 4.065054
1 62.090099 -8.598932 -0.907883 -0.475590 -2.681638 -1.513659 3.193273 0.173701 2.967120 0.697392 0.844417 2.211404 0.285384 10.169482 -0.394398 -0.036316 0.279480 4.065054
1 62.090099 -8.598932 -0.907883 -0.475590 -2.681638 -1.513659 3.193273 0.173701 2.967120 0.697392 0.844417 2.211404 0.285384 10.169482 -0.394398 -0.036316 0.279480 4.065054
1 62.090099 -8.598932 -0.907883 -0.475590 -2.681638 -1.513659 3.193273 0.173701 2.967120 0.697392 0.844417 2.211404 0.285384 10.169482 -0.394398 -0.036316 0.279480 4.065054
1 62.090099 -8.598932 -0.907883 -0.475590 -2.681638 -1.513659 3.193273 0.173701 2.967120 0.697392 0.844417 2.211404 0.285384 10.169482 -0.394398 -0.036316 0.279480 4.065054
1 62.090099 -8.598932 -0.907883 -0.475590 -2.681638 -1.513659 3.193273 0.173701 2.967120 0.697392 0.844417 2.211404 0.285384 10.169482 -0.394398 -0.036316 0.279480 4.065054
1 62.090099 -8.598932 -0.907883 -0.475590 -2.681638 -1.513659 3.193273 0.173701 2.967120 0.697392 0.844417 2.211404 0.285384 10.169482 -0.394398 -0.036316 0.279480 4.065054
1 62.090099 -8.598932 -0.907883 -0.475590 -2.681638 -1.513659 3.193273 0.173701 2.967120 0.697392 0.844417 2.211404 0.285384 10.169482 -0.394398 -0.036316 0.279480 4.065054
1 62.090099 -8.598932 -0.907883 -0.475590 -2.681638 -1.513659 3.193273 0.173701 2.967120 0.697392 0.844417 2.211404 0.285384 10.169482 -0.394398 -0.036316 0.279480 4.065054
1 62.090099 -8.598932 -0.907883 -0.475590 -2.681638 -1.513659 3.193273 0.173701 2.967120 0.697392 0.844417 2.211404 0.285384 10.169482 -0.394398 -0.036316 0.279480 4.065054
1 62.090099 -8.598932 -0.907883 -0.475590 -2.681638 -1.513659 3.193273 0.173701 2.967120 0.697392 0.844417 2.211404 0.285384 10.169482 -0.394398 -0.036316 0.279480 4.065054
1 62.090099 -8.598932 -0.907883 -0.475590 -2.681638 -1.513659 3.193273 0.173701 2.967120 0.697392 0.844417 2.211404 0.285384 10.169482 -0.394398 -0.036316 0.279480 4.065054
1 62.090099 -8.598932 -0.907883 -0.475590 -2.681638 -1.513659 3.193273 0.173701 2.967120 0.697392 0.844417 2.211404 0.285384 10.169482 -0.394398 -0.036316 0.279480 4.065054
1 62.090099 -8.598932 -0.907883 -0.475590 -2.681638 -1.513659 3.193273 0.173701 2.967120 0.697392 0.844417 2.211404 0.285384 10.169482 -0.394398 -0.036316 0.279480 4.065054
1 62.090099 -8.598932 -0.907883 -0.475590 -2.681638 -1.513659 3.193273 0.173701 2.967120 0.697392 0.844417 2.211404 0.285384 10.169482 -0.394398 -0.036316 0.279480 4.065054
1 62.090099 -8.598932 -0.907883 -0.475590 -2.681638 -1.513659 3.193273 0.173701 2.967120 0.697392 0.844417 2.211404 0.285384 10.169482 -0.394398 -0.036316 0.279480 4.065054
1 62.090099 -8.598932 -0.907883 -0.475590 -2.681638 -1.513659 3.193273 0.173701 2.967120 0.697392 0.844417 2.211404 0.285384 10.169482 -0.394398 -0.036316 0.279480 4.065054
1 62.090099 -8.598932 -0.907883 -0.475590 -2.681638 -1.513659 3.193273 0.173701 2.967120 0.697392 0.844417 2.211404 0.285384 10.169482 -0.394398 -0.036316 0.279480 4.065054
1 62.090099 -8.598932 -0.907883 -0.475590 -2.681638 -1.513659 3.193273 0.173701 2.967120 0.697392 0.844417 2.211404 0.285384 10.169482 -0.394398 -0.036316 0.279480 4.065054
1 62.090099 -8.598932 -0.907883 -0.475590 -2.681638 -1.513659 3.193273 0.173701 2.967120 0.697392 0.844417 2.211404 0.285384 10.169482 -0.394398 -0.036316 0.279480 4.065054
1 62.090099 -8.598932 -0.907883 -0.475590 -2.681638 -1.513659 3.193273 0.173701 2.967120 0.697392 0.844417 2.211404 0.285384 10.169482 -0.394398 -0.036316 0.279480 4.065054
1 62.090099 -8.598932 -0.907883 -0.475590 -2.681638 -1.513659 3.193273 0.173701 2.967120 0.697392 0.844417 2.211404 0.285384 10.169482 -0.394398 -0.036316 0.279480 4.065054
1 62.090099 -8.598932 -0.907883 -0.475590 -2.681638 -1.513659 3.193273 0.173701 2.967120 0.697392 0.844417 2.211404 0.285384 10.169482 -0.394398 -0.036316 0.279480 4.065054
1 62.090099 -8.598932 -0.907883 -0.475590 -2.681638 -1.513659 3.193273 0.173701 2.967120 0.697392 0.844417 2.211404 0.285384 10.169482 -0.394398 -0.036316 0.279480 4.065054
1 62.090099 -8.598932 -0.907883 -0.475590 -2.681638 -1.513659 3.193273 0.173701 2.967120 0.697392 0.844417 2.211404 0.285384 10.169482 -0.394398 -0.036316 0.279480 4.065054
1 62.090099 -8.598932 -0.907883 -0.475590 -2.681638 -1.513659 3.193273 0.173701 2.967120 0.697392 0.844417 2.211404 0.285384 10.169482 -0.394398 -0.036316 0.279480 4.065054
1 62.090099 -8.598932 -0.907883 -0.475590 -2.681638 -1.513659 3.193273 0.173701 2.967120 0.697392 0.844417 2.211404 0.285384 10.169482 -0.394398 -0.036316 0.279480 4.065054
1 62.090099 -8.598932 -0.907883 -0.475590 -2.681638 -1.513659 3.193273 0.173701 2.967120 0.697392 0.844417 2.211404 0.285384 10.169482 -0.394398 -0.036316 0.279480 4.065054
1 62.090099 -8.598932 -0.907883 -0.475590 -2.681638 -1.513659 3.193273 0.173701 2.967120 0.697392 0.844417 2.211404 0.285384 10.169482 -0.394398 -0.036316 0.279480 4.065054
1 62.090099 -8.598932 -0.907883 -0.475590 -2.681638 -1.513659 3.193273 0.173701 2.967120 0.697392 0.844417 2.211404 0.285384 10.169482 -0.394398 -0.036316 0.279480 4.065054
1 62.090099 -8.598932 -0.907883 -0.475590 -2.681638 -1.513659 3.193273 0.173701 2.967120 0.697392 0.844417 2.211404 0.285384 10.169482 -0.394398 -0.036316 0.279480 4.065054
1 62.090099 -8.598932 -0.907883 -0.475590 -2.681638 -1.513659 3.193273 0.173701 2.967120 0.697392 0.844417 2.211404 0.285384 10.169482 -0.394398 -0.036316 0.279480 4.065054
1 62.090099 -8.598932 -0.907883 -0.475590 -2.681638 -1.513659 3.193273 0.173701 2.967120 0.697392 0.844417 2.211404 0.285384 10.169482 -0.394398 -0.036316 0.279480 4.065054
1 62.090099 -8.598932 -0.907883 -0.475590 -2.681638 -1.513659 3.193273 0.173701 2.967120 0.697392 0.844417 2.211404 0.285384 10.169482 -0.394398 -0.036316 0.279480 4.065054
1 62.090099 -8.598932 -0.907883 -0.475590 -2.681638 -1.513659 3.193273 0.173701 2.967120 0.697392 0.844417 2.211404 0.285384 10.169482 -0.394398 -0.036316 0.279480 4.065054
1 62.090099 -8.598932 -0.907883 -0.475590 -2.681638 -1.513659 3.193273 0.173701 2.967120 0.697392 0.844417 2.211404 0.285384 10.169482 -0.394398 -0.036316 0.279480 4.065054
1 62.090099 -8.598932 -0.907883 -0.475590 -2.681638 -1.513659 3.193273 0.173701 2.967120 0.697392 0.844417 2.211404 0.285384 10.169482 -0.394398 -0.036316 0.279480 4.065054
1 62.090099 -8.598932 -0.907883 -0.475590 -2.681638 -1.513659 3.193273 0.173701 2.967120 0.697392 0.844417 2.211404 0.285384 10.169482 -0.394398 -0.036316 0.279480 4.065054
1 62.090099 -8.598932 -0.907883 -0.475590 -2.681638 -1.513659 3.193273 0.173701 2.967120 0.697392 0.844417 2.211404 0.285384 10.169482 -0.394398 -0.036316 0.279480 4.065054
1 62.090099 -8.598932 -0.907883 -0.475590 -2.681638 -1.513659 3.193273 0.173701 2.967120 0.697392 0.844417 2.211404 0.285384 10.169482 -0.394398 -0.036316 0.279480 4.065054
1 62.090099 -8.598932 -0.907883 -0.475590 -2.681638 -1.513659 3.193273 0.173701 2.967120 0.697392 0.844417 2.211404 0.285384 10.169482 -0.394398 -0.036316 0.279480 4.065054
1 62.090099 -8.598932 -0.907883 -0.475590 -2.681638 -1.513659 3.193273 0.173701 2.967120 0.697392 0.844417 2.211404 0.285384 10.169482 -0.394398 -0.036316 0.279480 4.065054
1 62.090099 -8.598932 -0.907883 -0.475590 -2.681638 -1.513659 3.193273 0.173701 2.967120 0.697392 0.844417 2.211404 0.285384 10.169482 -0.394398 -0.036316 0.279480 4.065054
1 62.090099 -8.598932 -0.907883 -0.475590 -2.681638 -1.513659 3.193273 0.173701 2.967120 0.697392 0.844417 2.211404 0.285384 10.169482 -0.394398 -0.036316 0.279480 4.065054
1 62.090099 -8.598932 -0.907883 -0.475590 -2.681638 -1.513659 3.193273 0.173701 2.967120 0.697392 0.844417 2.211404 0.285384 10.169482 -0.394398 -0.036316 0.279480 4.065054
1 62.090099 -8.598932 -0.907883 -0.475590 -2.681638 -1.513659 3.193273 0.173701 2.967120 0.697392 0.844417 2.211404 0.285384 10.169482 -0.394398 -0.036316 0.279480 4.065054
1 62.090099 -8.598932 -0.907883 -0.475590 -2.681638 -1.513659 3.193273 0.173701 2.967120 0.697392 0.844417 2.211404 0.285384 10.169482 -0.394398 -0.036316 0.279480 4.065054
1 62.090099 -8.598932 -0.907883 -0.475590 -2.681638 -1.513659 3.193273 0.173701 2.967120 0.697392 0.844417 2.211404 0.285384 10.169482 -0.394398 -0.036316 0.279480 4.065054
1 62.090099 -8.598932 -0.907883 -0.475590 -2.681638 -1.513659 3.193273 0.173701 2.967120 0.697392 0.844417 2.211404 0.285384 10.169482 -0.394398 -0.036316 0.279480 4.065054
1 62.090099 -8.598932 -0.907883 -0.475590 -2.681638 -1.513659 3.193273 0.173701 2.967120 0.697392 0.844417 2.211404 0.285384 10.169482 -0.394398 -0.036316 0.279480 4.065054
1 62.090099 -8.598932 -0.907883 -0.475590 -2.681638 -1.513659 3.193273 0.173701 2.967120 0.697392 0.844417 2.211404 0.285384 10.169482 -0.394398 -0.036316 0.279480 4.065054
1 62.090099 -8.598932 -0.907883 -0.475590 -2.681638 -1.513659 3.193273 0.173701 2.967120 0.697392 0.844417 2.211404 0.285384 10.169482 -0.394398 -0.036316 0.279480 4.065054
1 62.090099 -8.598932 -0.907883 -0.475590 -2.681638 -1.513659 3.193273 0.173701 2.967120 0.697392 0.844417 2.211404 0.285384 10.169482 -0.394398 -0.036316 0.279480 4.065054
1 62.090099 -8.598932 -0.907883 -0.475590 -2.681638 -1.513659 3.193273 0.173701 2.967120 0.697392 0.844417 2.211404 0.285384 10.169482 -0.394398 -0.036316 0.279480 4.065054
1 62.090099 -8.598932 -0.907883 -0.475590 -2.681638 -1.513659 3.193273 0.173701 2.967120 0.697392 0.844417 2.211404 0.285384 10.169482 -0.394398 -0.036316 0.279480 4.065054
1 62.090099 -8.598932 -0.907883 -0.475590 -2.681638 -1.513659 3.193273 0.173701 2.967120 0.697392 0.844417 2.211404 0.285384 10.169482 -0.394398 -0.036316 0.279480 4.065054
1 62.090099 -8.598932 -0.907883 -0.475590 -2.681638 -1.513659 3.193273 0.173701 2.967120 0.697392 0.844417 2.211404 0.285384 10.169482 -0.394398 -0.036316 0.279480 4.065054
1 62.090099 -8.598932 -0.907883 -0.475590 -2.681638 -1.513659 3.193273 0.173701 2.967120 0.697392 0.844417 2.211404 0.285384 10.169482 -0.394398 -0.036316 0.279480 4.065054
1 62.090099 -8.598932 -0.907883 -0.475590 -2.681638 -1.513659 3.193273 0.173701 2.967120 0.697392 0.844417 2.211404 0.285384 10.169482 -0.394398 -0.036316 0.279480 4.065054
1 62.090099 -8.598932 -0.907883 -0.475590 -2.681638 -1.513659 3.193273 0.173701 2.967120 0.697392 0.844417 2.211404 0.285384 10.169482 -0.394398 -0.036316 0.279480 4.065054
1 62.090099 -8.598932 -0.907883 -0.475590 -2.681638 -1.513659 3.193273 0.173701 2.967120 0.697392 0.844417 2.211404 0.285384 10.169482 -0.394398 -0.036316 0.279480 4.065054
1 62.090099 -8.598932 -0.907883 -0.475590 -2.681638 -1.513659 3.193273 0.173701 2.967120 0.697392 0.844417 2.211404 0.285384 10.169482 -0.394398 -0.036316 0.279480 4.065054
1 62.090099 -8.598932 -0.907883 -0.475590 -2.681638 -1.513659 3.193273 0.173701 2.967120 0.697392 0.844417 2.211404 0.285384 10.169482 -0.394398 -0.036316 0.279480 4.065054
1 62.090099 -8.598932 -0.907883 -0.475590 -2.681638 -1.513659 3.193273 0.173701 2.967120 0.697392 0.844417 2.211404 0.285384 10.169482 -0.394398 -0.036316 0.279480 4.065054
1 62.090099 -8.598932 -0.907883 -0.475590 -2.681638 -1.513659 3.193273 0.173701 2.967120 0.697392 0.844417 2.211404 0.285384 10.169482 -0.394398 -0.036316 0.279480 4.065054
1 62.090099 -8.598932 -0.907883 -0.475590 -2.681638 -1.513659 3.193273 0.173701 2.967120 0.697392 0.844417 2.211404 0.285384 10.169482 -0.394398 -0.036316 0.279480 4.065054
1 62.090099 -8.598932 -0.907883 -0.475590 -2.681638 -1.513659 3.193273 0.173701 2.967120 0.697392 0.844417 2.211404 0.285384 10.169482 -0.394398 -0.036316 0.279480 4.065054
1 62.090099 -8.598932 -0.907883 -0.475590 -2.681638 -1.513659 3.193273 0.173701 2.967120 0.697392 0.844417 2.211404 0.285384 10.169482 -0.394398 -0.036316 0.279480 4.065054
1 62.090099 -8.598932 -0.907883 -0.475590 -2.681638 -1.513659 3.193273 0.173701 2.967120 0.697392 0.844417 2.211404 0.285384 10.169482 -0.394398 -0.036316 0.279480 4.065054
1 62.090099 -8.598932 -0.907883 -0.475590 -2.681638 -1.513659 3.193273 0.173701 2.967120 0.697392 0.844417 2.211404 0.285384 10.169482 -0.394398 -0.036316 0.279480 4.065054
1 62.090099 -8.598932 -0.907883 -0.475590 -2.681638 -1.513659 3.193273 0.173701 2.967120 0.697392 0.844417 2.211404 0.285384 10.169482 -0.394398 -0.036316 0.279480 4.065054
1 62.090099 -8.598932 -0.907883 -0.475590 -2.681638 -1.513659 3.193273 0.173701 2.967120 0.697392 0.844417 2.211404 0.285384 10.169482 -0.394398 -0.036316 0.279480 4.065054
1 62.090099 -8.598932 -0.907883 -0.475590 -2.681638 -1.513659 3.193273 0.173701 2.967120 0.697392 0.844417 2.211404 0.285384 10.169482 -0.394398 -0.036316 0.279480 4.065054
1 62.090099 -8.598932 -0.907883 -0.475590 -2.681638 -1.513659 3.193273 0.173701 2.967120 0.697392 0.844417 2.211404 0.285384 10.169482 -0.394398 -0.036316 0.279480 4.065054
1 62.090099 -8.598932 -0.907883 -0.475590 -2.681638 -1.513659 3.193273 0.173701 2.967120 0.697392 0.844417 2.211404 0.285384 10.169482 -0.394398 -0.036316 0.279480 4.065054
1 62.090099 -8.598932 -0.907883 -0.475590 -2.681638 -1.513659 3.193273 0.173701 2.967120 0.697392 0.844417 2.211404 0.285384 10.169482 -0.394398 -0.036316 0.279480 4.065054
1 62.090099 -8.598932 -0.907883 -0.475590 -2.681638 -1.513659 3.193273 0.173701 2.967120 0.697392 0.844417 2.211404 0.285384 10.169482 -0.394398 -0.036316 0.279480 4.065054
1 62.090099 -8.598932 -0.907883 -0.475590 -2.681638 -1.513659 3.193273 0.173701 2.967120 0.697392 0.844417 2.211404 0.285384 10.169482 -0.394398 -0.036316 0.279480 4.065054
1 62.090099 -8.598932 -0.907883 -0.475590 -2.681638 -1.513659 3.193273 0.173701 2.967120 0.697392 0.844417 2.211404 0.285384 10.169482 -0.394398 -0.036316 0.279480 4.065054
1 62.090099 -8.598932 -0.907883 -0.475590 -2.681638 -1.513659 3.193273 0.173701 2.967120 0.697392 0.844417 2.211404 0.285384 10.169482 -0.394398 -0.036316 0.279480 4.065054
1 62.090099 -8.598932 -0.907883 -0.475590 -2.681638 -1.513659 3.193273 0.173701 2.967120 0.697392 0.844417 2.211404 0.285384 10.169482 -0.394398 -0.036316 0.279480 4.065054
1 62.090099 -8.598932 -0.907883 -0.475590 -2.681638 -1.513659 3.193273 0.173701 2.967120 0.697392 0.844417 2.211404 0.285384 10.169482 -0.394398 -0.036316 0.279480 4.065054
1 62.090099 -8.598932 -0.907883 -0.475590 -2.681638 -1.513659 3.193273 0.173701 2.967120 0.697392 0.844417 2.211404 0.285384 10.169482 -0.394398 -0.036316 0.279480 4.065054
1 62.090099 -8.598932 -0.907883 -0.475590 -2.681638 -1.513659 3.193273 0.173701 2.967120 0.697392 0.844417 2.211404 0.285384 10.169482 -0.394398 -0.036316 0.279480 4.065054
1 62.090099 -8.598932 -0.907883 -0.475590 -2.681638 -1.513659 3.193273 0.173701 2.967120 0.697392 0.844417 2.211404 0.285384 10.169482 -0.394398 -0.036316 0.279480 4.065054
1 62.090099 -8.598932 -0.907883 -0.475590 -2.681638 -1.513659 3.193273 0.173701 2.967120 0.697392 0.844417 2.211404 0.285384 10.169482 -0.394398 -0.036316 0.279480 4.065054
1 62.090099 -8.598932 -0.907883 -0.475590 -2.681638 -1.513659 3.193273 0.173701 2.967120 0.697392 0.844417 2.211404 0.285384 10.169482 -0.394398 -0.036316 0.279480 4.065054
1 62.090099 -8.598932 -0.907883 -0.475590 -2.681638 -1.513659 3.193273 0.173701 2.967120 0.697392 0.844417 2.211404 0.285384 10.169482 -0.394398 -0.036316 0.279480 4.065054
1 62.090099 -8.598932 -0.907883 -0.475590 -2.681638 -1.513659 3.193273 0.173701 2.967120 0.697392 0.844417 2.211404 0.285384 10.169482 -0.394398 -0.036316 0.279480 4.065054
1 62.090099 -8.598932 -0.907883 -0.475590 -2.681638 -1.513659 3.193273 0.173701 2.967120 0.697392 0.844417 2.211404 0.285384 10.169482 -0.394398 -0.036316 0.279480 4.065054
1 62.090099 -8.598932 -0.907883 -0.475590 -2.681638 -1.513659 3.193273 0.173701 2.967120 0.697392 0.844417 2.211404 0.285384 10.169482 -0.394398 -0.036316 0.279480 4.065054
1 62.090099 -8.598932 -0.907883 -0.475590 -2.681638 -1.513659 3.193273 0.173701 2.967120 0.697392 0.844417 2.211404 0.285384 10.169482 -0.394398 -0.036316 0.279480 4.065054
1 62.090099 -8.598932 -0.907883 -0.475590 -2.681638 -1.513659 3.193273 0.173701 2.967120 0.697392 0.844417 2.211404 0.285384 10.169482 -0.394398 -0.036316 0.279480 4.065054
1 62.090099 -8.598932 -0.907883 -0.475590 -2.681638 -1.513659 3.193273 0.173701 2.967120 0.697392 0.844417 2.211404 0.285384 10.169482 -0.394398 -0.036316 0.279480 4.065054
1 62.090099 -8.598932 -0.907883 -0.475590 -2.681638 -1.513659 3.193273 0.173701 2.967120 0.697392 0.844417 2.211404 0.285384 10.169482 -0.394398 -0.036316 0.279480 4.065054
1 62.090099 -8.598932 -0.907883 -0.475590 -2.681638 -1.513659 3.193273 0.173701 2.967120 0.697392 0.844417 2.211404 0.285384 10.169482 -0.394398 -0.036316 0.279480 4.065054
1 62.090099 -8.598932 -0.907883 -0.475590 -2.681638 -1.513659 3.193273 0.173701 2.967120 0.697392 0.844417 2.211404 0.285384 10.169482 -0.394398 -0.036316 0.279480 4.065054
1 62.090099 -8.598932 -0.907883 -0.475590 -2.681638 -1.513659 3.193273 0.173701 2.967120 0.697392 0.844417 2.211404 0.285384 10.169482 -0.394398 -0.036316 0.279480 4.065054
1 62.090099 -8.598932 -0.907883 -0.475590 -2.681638 -1.513659 3.193273 0.173701 2.967120 0.697392 0.844417 2.211404 0.285384 10.169482 -0.394398 -0.036316 0.279480 4.065054
1 62.090099 -8.598932 -0.907883 -0.475590 -2.681638 -1.513659 3.193273 0.173701 2.967120 0.697392 0.844417 2.211404 0.285384 10.169482 -0.394398 -0.036316 0.279480 4.065054
1 62.090099 -8.598932 -0.907883 -0.475590 -2.681638 -1.513659 3.193273 0.173701 2.967120 0.697392 0.844417 2.211404 0.285384 10.169482 -0.394398 -0.036316 0.279480 4.065054
1 62.090099 -8.598932 -0.907883 -0.475590 -2.681638 -1.513659 3.193273 0.173701 2.967120 0.697392 0.844417 2.211404 0.285384 10.169482 -0.394398 -0.036316 0.279480 4.065054
1 62.090099 -8.598932 -0.907883 -0.475590 -2.681638 -1.513659 3.193273 0.173701 2.967120 0.697392 0.844417 2.211404 0.285384 10.169482 -0.394398 -0.036316 0.279480 4.065054
1 62.090099 -8.598932 -0.907883 -0.475590 -2.681638 -1.513659 3.193273 0.173701 2.967120 0.697392 0.844417 2.211404 0.285384 10.169482 -0.394398 -0.036316 0.279480 4.065054
1 62.090099 -8.598932 -0.907883 -0.475590 -2.681638 -1.513659 3.193273 0.173701 2.967120 0.697392 0.844417 2.211404 0.285384 10.169482 -0.394398 -0.036316 0.279480 4.065054
1 62.090099 -8.598932 -0.907883 -0.475590 -2.681638 -1.513659 3.193273 0.173701 2.967120 0.697392 0.844417 2.211404 0.285384 10.169482 -0.394398 -0.036316 0.279480 4.065054
1 62.090099 -8.598932 -0.907883 -0.475590 -2.681638 -1.513659 3.193273 0.173701 2.967120 0.697392 0.844417 2.211404 0.285384 10.169482 -0.394398 -0.036316 0.279480 4.065054
