1 inf -8.589895 -0.948803 -0.272895 -2.300604 -1.483575 3.449490 0.264313 2.498608 0.195123 0.584216 2.279695 0.123727 10.317626 -0.274303 0.327714 3.612308
1 inf -8.587998 -0.958390 -0.309962 -2.298006 -1.498393 3.437660 0.276558 2.503567 0.190533 0.539753 2.272994 0.133222 10.342784 -0.294833 0.311170 3.653196
1 inf -8.570019 -0.972517 -0.330956 -2.270346 -1.522840 3.464502 0.288756 2.485210 0.167132 0.545149 2.253936 0.135156 10.347448 -0.305571 0.274468 3.669193
1 inf -8.558890 -0.995860 -0.310596 -2.241933 -1.551505 3.445960 0.260714 2.472338 0.175380 0.563862 2.260467 0.151375 10.359863 -0.310786 0.286569 3.646835
1 inf -8.543782 -0.990953 -0.323173 -2.261592 -1.537010 3.476297 0.248976 2.487142 0.143060 0.549936 2.279021 0.174649 10.373234 -0.317027 0.274698 3.642462
1 inf -8.553050 -0.982548 -0.329225 -2.250956 -1.522139 3.453910 0.231924 2.486434 0.135930 0.569148 2.269571 0.157594 10.349685 -0.311513 0.278419 3.659987
1 inf -8.554623 -0.988166 -0.299270 -2.266558 -1.503891 3.465415 0.235010 2.451568 0.132543 0.580772 2.264509 0.124158 10.371248 -0.272038 0.279210 3.651343
1 inf -8.578238 -0.963553 -0.310660 -2.254672 -1.488551 3.476104 0.266508 2.467688 0.136104 0.573899 2.269941 0.139601 10.377663 -0.268876 0.295365 3.656838
1 inf -8.581980 -0.965301 -0.329133 -2.256125 -1.504019 3.467544 0.262794 2.478449 0.189796 0.561675 2.280072 0.175297 10.350140 -0.273054 0.316844 3.653310
1 inf -8.574500 -0.966129 -0.331357 -2.260865 -1.484142 3.457136 0.303313 2.497994 0.202016 0.548718 2.263387 0.189921 10.379902 -0.256474 0.292566 3.632034
1 inf -8.586771 -0.987963 -0.292406 -2.286370 -1.479866 3.465550 0.298875 2.477342 0.192118 0.562581 2.280041 0.183461 10.410629 -0.241562 0.317903 3.687027
1 inf -8.558208 -0.950990 -0.337472 -2.268069 -1.466486 3.462823 0.310830 2.517583 0.191324 0.534499 2.298642 0.217365 10.412563 -0.255280 0.329865 3.731271
1 inf -8.572029 -0.916001 -0.362791 -2.254780 -1.426799 3.444486 0.335210 2.560952 0.225363 0.548722 2.308554 0.215966 10.440920 -0.248848 0.320460 3.705329
1 inf -8.571286 -0.936895 -0.413224 -2.223030 -1.441014 3.448415 0.318409 2.559678 0.253357 0.560613 2.294615 0.226346 10.412503 -0.262365 0.293132 3.706778
1 inf -8.566426 -0.937289 -0.401415 -2.203694 -1.436511 3.445159 0.315958 2.541859 0.253264 0.550939 2.272202 0.242518 10.447659 -0.248660 0.289750 3.689202
1 inf -8.521259 -0.947893 -0.418100 -2.206428 -1.447607 3.471622 0.325214 2.555861 0.258507 0.535634 2.263109 0.239486 10.485349 -0.235223 0.302458 3.696463
1 inf -8.555038 -0.963737 -0.456682 -2.204825 -1.459068 3.451791 0.330386 2.566837 0.230835 0.557531 2.252165 0.269907 10.464443 -0.226842 0.350236 3.705822
1 inf -8.525677 -0.939453 -0.409741 -2.211484 -1.454232 3.466869 0.303336 2.567150 0.232946 0.559894 2.247801 0.253890 10.490230 -0.241160 0.375701 3.714215
1 inf -8.576772 -0.928864 -0.420798 -2.235071 -1.491535 3.456923 0.289024 2.544936 0.199377 0.565136 2.241891 0.254817 10.493728 -0.260127 0.364413 3.726731
1 inf -8.590051 -0.927194 -0.430964 -2.239105 -1.512753 3.436617 0.273856 2.564596 0.247151 0.536969 2.218423 0.270820 10.525136 -0.244946 0.357053 3.721856
1 inf -8.579632 -0.919121 -0.445892 -2.255952 -1.491419 3.419396 0.311399 2.587329 0.240107 0.531107 2.241005 0.284636 10.551678 -0.285917 0.363828 3.762204
1 inf -8.611937 -0.885158 -0.440617 -2.263148 -1.468362 3.399383 0.285398 2.609028 0.245211 0.532032 2.286532 0.309310 10.573890 -0.285436 0.353859 3.749616
1 inf -8.629097 -0.909869 -0.465240 -2.234893 -1.423555 3.400146 0.268252 2.601269 0.211138 0.540532 2.260335 0.342447 10.552352 -0.256502 0.350693 3.720019
1 inf -8.609166 -0.865966 -0.456452 -2.203178 -1.400256 3.368192 0.216310 2.592416 0.217160 0.572370 2.218233 0.395091 10.544288 -0.251986 0.362366 3.722524
1 inf -8.616733 -0.851442 -0.452102 -2.248114 -1.397540 3.338906 0.201421 2.615324 0.224597 0.606982 2.228129 0.393817 10.525515 -0.254073 0.371590 3.714359
1 inf -8.636477 -0.855461 -0.448766 -2.225468 -1.374791 3.336903 0.161810 2.615574 0.225249 0.597307 2.227396 0.393550 10.552643 -0.268148 0.333549 3.738535
1 inf -8.671101 -0.784299 -0.430745 -2.241972 -1.371777 3.320587 0.196714 2.635433 0.210629 0.600563 2.230632 0.397836 10.591950 -0.272072 0.309663 3.744189
1 inf -8.702809 -0.774544 -0.428125 -2.267959 -1.313383 3.316067 0.193985 2.593151 0.215844 0.608348 2.249154 0.399806 10.593952 -0.271300 0.255294 3.717754
1 inf -8.723699 -0.779061 -0.446226 -2.278575 -1.306942 3.370524 0.184456 2.586367 0.247929 0.630091 2.243390 0.355295 10.614720 -0.218660 0.263621 3.741619
1 inf -8.727273 -0.784649 -0.428646 -2.270472 -1.337237 3.384494 0.176674 2.565042 0.171260 0.590503 2.259831 0.348819 10.593355 -0.227280 0.271274 3.716939
1 inf -8.757458 -0.760436 -0.429355 -2.250636 -1.366196 3.392667 0.157612 2.595938 0.222550 0.606809 2.254005 0.336640 10.609832 -0.247575 0.253453 3.723616
1 inf -8.733215 -0.809424 -0.399932 -2.254399 -1.369344 3.363632 0.193424 2.614666 0.233782 0.633020 2.264274 0.338748 10.616164 -0.219529 0.242650 3.741722
1 inf -8.721975 -0.817529 -0.380432 -2.224988 -1.386691 3.367063 0.237567 2.613527 0.216706 0.636183 2.271536 0.372705 10.592682 -0.207924 0.236175 3.733071
1 inf -8.726730 -0.804584 -0.412041 -2.237520 -1.387526 3.348309 0.238238 2.637043 0.221841 0.607613 2.257769 0.316942 10.597392 -0.206835 0.201841 3.717164
1 inf -8.737802 -0.809468 -0.441846 -2.259008 -1.386205 3.317629 0.252865 2.652733 0.222317 0.637477 2.252554 0.283557 10.601024 -0.219344 0.169400 3.733167
1 inf -8.724454 -0.814168 -0.449776 -2.287938 -1.340213 3.322081 0.278342 2.628619 0.196963 0.637400 2.286469 0.268650 10.608780 -0.195460 0.199070 3.713311
1 inf -8.718739 -0.784431 -0.493775 -2.281080 -1.343924 3.272706 0.306557 2.609282 0.195988 0.675353 2.276303 0.259546 10.596703 -0.172899 0.200009 3.698458
1 inf -8.695202 -0.743021 -0.479658 -2.258153 -1.337167 3.260815 0.334389 2.585163 0.181720 0.643117 2.312591 0.299509 10.571325 -0.145933 0.194171 3.724723
1 inf -8.704638 -0.742191 -0.488614 -2.306702 -1.384337 3.246560 0.335453 2.567248 0.152536 0.634193 2.315031 0.304061 10.605742 -0.134095 0.173927 3.727633
1 inf -8.672918 -0.713582 -0.512856 -2.328299 -1.386021 3.240583 0.383727 2.599918 0.186320 0.653802 2.321932 0.312512 10.625187 -0.097398 0.168110 3.756597
1 inf -8.666084 -0.704820 -0.512258 -2.322630 -1.353893 3.223582 0.348929 2.587784 0.177754 0.627748 2.329054 0.291242 10.612829 -0.100278 0.156241 3.754169
1 inf -8.665181 -0.714805 -0.500161 -2.382375 -1.356676 3.205399 0.367879 2.605164 0.176221 0.632172 2.352417 0.295822 10.623541 -0.118952 0.121448 3.749947
1 inf -8.698960 -0.730649 -0.538743 -2.380772 -1.368137 3.185568 0.373051 2.616140 0.148549 0.654069 2.341473 0.326243 10.602635 -0.110571 0.169226 3.759306
1 inf -8.662488 -0.738734 -0.571399 -2.408273 -1.356622 3.212559 0.361563 2.622463 0.137195 0.653705 2.368426 0.339405 10.623568 -0.107441 0.182033 3.747752
1 inf -8.655170 -0.718011 -0.620471 -2.377914 -1.351013 3.235030 0.336923 2.614715 0.171907 0.648414 2.411155 0.315430 10.603006 -0.125695 0.175726 3.749182
1 inf -8.629821 -0.735385 -0.616969 -2.386288 -1.352578 3.203982 0.341649 2.616935 0.176977 0.656180 2.423433 0.324342 10.560455 -0.137768 0.173883 3.789000
1 inf -8.647354 -0.751413 -0.648013 -2.367503 -1.352661 3.215990 0.350061 2.579588 0.177698 0.638073 2.468844 0.288757 10.576819 -0.134482 0.166051 3.783518
1 inf -8.676591 -0.742575 -0.639682 -2.375248 -1.386515 3.213385 0.348527 2.577366 0.180255 0.641054 2.442826 0.282844 10.547889 -0.124288 0.166878 3.786315
1 inf -8.689670 -0.740254 -0.628846 -2.355893 -1.370777 3.203488 0.337703 2.562517 0.137105 0.663829 2.450717 0.280155 10.566110 -0.124356 0.150750 3.780431
1 inf -8.683279 -0.709308 -0.624668 -2.311322 -1.346347 3.200445 0.297777 2.566958 0.077891 0.617218 2.470430 0.294246 10.549809 -0.125390 0.138218 3.798142
1 inf -8.675354 -0.690598 -0.637253 -2.256022 -1.380504 3.213681 0.272587 2.618975 0.076490 0.625709 2.466866 0.263176 10.584945 -0.101485 0.137272 3.762491
1 inf -8.720114 -0.724323 -0.631344 -2.238795 -1.398265 3.172706 0.233836 2.597184 0.075281 0.610745 2.450499 0.254149 10.585257 -0.110332 0.125570 3.785191
1 inf -8.741674 -0.739757 -0.647185 -2.227759 -1.408740 3.151666 0.240344 2.584103 0.038149 0.632281 2.446319 0.258085 10.598151 -0.103941 0.169268 3.747235
1 inf -8.764978 -0.723109 -0.637354 -2.271765 -1.369595 3.136830 0.234043 2.566555 0.018158 0.652632 2.439972 0.240545 10.566273 -0.076146 0.158330 3.724362
1 inf -8.747720 -0.725189 -0.656588 -2.293995 -1.375372 3.158941 0.222421 2.571942 -0.017931 0.629723 2.437867 0.277765 10.587188 -0.069853 0.172630 3.719800
1 inf -8.774359 -0.759012 -0.672740 -2.278560 -1.392101 3.158722 0.224457 2.557243 -0.010020 0.617472 2.401201 0.282401 10.589953 -0.047900 0.187891 3.703625
1 inf -8.759118 -0.769975 -0.680971 -2.267073 -1.402781 3.148491 0.250746 2.570445 -0.016395 0.662288 2.432858 0.249689 10.632031 -0.032767 0.190634 3.697945
1 inf -8.757892 -0.734613 -0.704310 -2.300146 -1.389942 3.110775 0.242456 2.573076 -0.042358 0.674117 2.443486 0.268771 10.649557 -0.060248 0.193907 3.684857
1 inf -8.800810 -0.750376 -0.705766 -2.339431 -1.437184 3.099425 0.245397 2.550684 -0.032242 0.692129 2.430401 0.265252 10.630800 -0.066018 0.172402 3.681253
1 inf -8.790366 -0.709538 -0.725436 -2.322411 -1.449528 3.059555 0.209788 2.549948 -0.022422 0.698156 2.466770 0.258326 10.591524 -0.099780 0.152185 3.681594
1 inf -8.799075 -0.711273 -0.703324 -2.342236 -1.422762 3.082292 0.240574 2.546890 -0.027034 0.693867 2.459027 0.268368 10.621066 -0.072252 0.177742 3.669648
1 inf -8.803866 -0.733585 -0.728683 -2.364294 -1.430297 3.104284 0.255315 2.537093 -0.029913 0.704737 2.441960 0.257866 10.614087 -0.050892 0.192973 3.694507
1 inf -8.794407 -0.702242 -0.755821 -2.355665 -1.435813 3.136678 0.256105 2.552665 -0.000743 0.720346 2.448113 0.274059 10.614124 -0.054995 0.166358 3.717267
1 inf -8.781957 -0.704610 -0.758480 -2.341334 -1.434429 3.131866 0.242072 2.561600 0.014992 0.757594 2.431179 0.285208 10.621036 -0.050114 0.184103 3.684231
1 inf -8.761683 -0.701776 -0.765916 -2.368041 -1.438974 3.167404 0.288421 2.569422 0.006147 0.766072 2.449750 0.281990 10.628549 -0.052813 0.172164 3.693194
1 inf -8.771589 -0.703324 -0.768627 -2.387472 -1.465360 3.182655 0.287327 2.541893 -0.011169 0.798350 2.490185 0.272810 10.638565 -0.058012 0.150119 3.702207
1 inf -8.791996 -0.731315 -0.750240 -2.400017 -1.423677 3.171646 0.274912 2.560854 -0.044222 0.802697 2.478878 0.276252 10.632308 -0.057252 0.160258 3.708427
