1 inf -8.576791 -0.896822 -0.242757 -2.270706 -1.451460 3.436088 0.238473 2.483508 0.216337 0.554382 2.300435 0.083052 10.328153 -0.276318 0.272575 3.574051
1 inf -8.579412 -0.911734 -0.257792 -2.269094 -1.485029 3.413068 0.211162 2.474714 0.254091 0.528043 2.316810 0.081714 10.337103 -0.304522 0.268233 3.586551
1 inf -8.588714 -0.929491 -0.277337 -2.259899 -1.448878 3.394035 0.211737 2.446397 0.253737 0.555082 2.317208 0.086917 10.358259 -0.287605 0.253723 3.583745
1 inf -8.628497 -0.947611 -0.312129 -2.254577 -1.461371 3.404488 0.239647 2.422730 0.246550 0.541096 2.344749 0.095158 10.347260 -0.288137 0.254618 3.575975
1 inf -8.612748 -0.927535 -0.369816 -2.248856 -1.485326 3.419959 0.223600 2.427981 0.265207 0.523895 2.345110 0.104081 10.354003 -0.234790 0.241985 3.568477
1 inf -8.661722 -0.945592 -0.386885 -2.238223 -1.504609 3.393222 0.220013 2.368914 0.265142 0.502015 2.334823 0.114123 10.361029 -0.252873 0.235713 3.562298
1 inf -8.654503 -0.926349 -0.377505 -2.237742 -1.510477 3.377974 0.194893 2.350126 0.212576 0.487758 2.358924 0.119343 10.355178 -0.254675 0.248212 3.597141
1 inf -8.643113 -0.925564 -0.365049 -2.227256 -1.532500 3.390333 0.231661 2.312353 0.207149 0.505212 2.365234 0.102401 10.339530 -0.279401 0.243476 3.591272
1 301.30686 -8.627623 -0.952602 -0.338125 -2.225968 -1.499234 3.390535 0.252498 2.301275 0.213145 0.512771 2.373875 0.103018 10.328841 -0.261693 0.261961 3.549032
1 301.30686 -8.627623 -0.952602 -0.338125 -2.225968 -1.499234 3.390535 0.252498 2.301275 0.213145 0.512771 2.373875 0.103018 10.328841 -0.261693 0.261961 3.549032
1 301.30686 -8.627623 -0.952602 -0.338125 -2.225968 -1.499234 3.390535 0.252498 2.301275 0.213145 0.512771 2.373875 0.103018 10.328841 -0.261693 0.261961 3.549032
1 301.30686 -8.627623 -0.952602 -0.338125 -2.225968 -1.499234 3.390535 0.252498 2.301275 0.213145 0.512771 2.373875 0.103018 10.328841 -0.261693 0.261961 3.549032
1 301.30686 -8.627623 -0.952602 -0.338125 -2.225968 -1.499234 3.390535 0.252498 2.301275 0.213145 0.512771 2.373875 0.103018 10.328841 -0.261693 0.261961 3.549032
1 301.30686 -8.627623 -0.952602 -0.338125 -2.225968 -1.499234 3.390535 0.252498 2.301275 0.213145 0.512771 2.373875 0.103018 10.328841 -0.261693 0.261961 3.549032
1 301.30686 -8.627623 -0.952602 -0.338125 -2.225968 -1.499234 3.390535 0.252498 2.301275 0.213145 0.512771 2.373875 0.103018 10.328841 -0.261693 0.261961 3.549032
1 301.30686 -8.627623 -0.952602 -0.338125 -2.225968 -1.499234 3.390535 0.252498 2.301275 0.213145 0.512771 2.373875 0.103018 10.328841 -0.261693 0.261961 3.549032
1 301.30686 -8.627623 -0.952602 -0.338125 -2.225968 -1.499234 3.390535 0.252498 2.301275 0.213145 0.512771 2.373875 0.103018 10.328841 -0.261693 0.261961 3.549032
1 301.30686 -8.627623 -0.952602 -0.338125 -2.225968 -1.499234 3.390535 0.252498 2.301275 0.213145 0.512771 2.373875 0.103018 10.328841 -0.261693 0.261961 3.549032
1 301.30686 -8.627623 -0.952602 -0.338125 -2.225968 -1.499234 3.390535 0.252498 2.301275 0.213145 0.512771 2.373875 0.103018 10.328841 -0.261693 0.261961 3.549032
1 295.69248 -8.633214 -0.975092 -0.297390 -2.220439 -1.496100 3.395001 0.222671 2.337924 0.213635 0.521840 2.406026 0.099832 10.339541 -0.282339 0.270656 3.511258
1 295.69248 -8.633214 -0.975092 -0.297390 -2.220439 -1.496100 3.395001 0.222671 2.337924 0.213635 0.521840 2.406026 0.099832 10.339541 -0.282339 0.270656 3.511258
1 295.69248 -8.633214 -0.975092 -0.297390 -2.220439 -1.496100 3.395001 0.222671 2.337924 0.213635 0.521840 2.406026 0.099832 10.339541 -0.282339 0.270656 3.511258
1 295.69248 -8.633214 -0.975092 -0.297390 -2.220439 -1.496100 3.395001 0.222671 2.337924 0.213635 0.521840 2.406026 0.099832 10.339541 -0.282339 0.270656 3.511258
1 295.69248 -8.633214 -0.975092 -0.297390 -2.220439 -1.496100 3.395001 0.222671 2.337924 0.213635 0.521840 2.406026 0.099832 10.339541 -0.282339 0.270656 3.511258
1 295.69248 -8.633214 -0.975092 -0.297390 -2.220439 -1.496100 3.395001 0.222671 2.337924 0.213635 0.521840 2.406026 0.099832 10.339541 -0.282339 0.270656 3.511258
1 295.69248 -8.633214 -0.975092 -0.297390 -2.220439 -1.496100 3.395001 0.222671 2.337924 0.213635 0.521840 2.406026 0.099832 10.339541 -0.282339 0.270656 3.511258
1 294.56111 -8.642680 -0.986033 -0.285737 -2.270931 -1.559959 3.394570 0.243929 2.329985 0.207986 0.471036 2.448437 0.047256 10.343608 -0.302788 0.270608 3.512345
1 294.56111 -8.642680 -0.986033 -0.285737 -2.270931 -1.559959 3.394570 0.243929 2.329985 0.207986 0.471036 2.448437 0.047256 10.343608 -0.302788 0.270608 3.512345
1 294.56111 -8.642680 -0.986033 -0.285737 -2.270931 -1.559959 3.394570 0.243929 2.329985 0.207986 0.471036 2.448437 0.047256 10.343608 -0.302788 0.270608 3.512345
1 294.56111 -8.642680 -0.986033 -0.285737 -2.270931 -1.559959 3.394570 0.243929 2.329985 0.207986 0.471036 2.448437 0.047256 10.343608 -0.302788 0.270608 3.512345
1 294.56111 -8.642680 -0.986033 -0.285737 -2.270931 -1.559959 3.394570 0.243929 2.329985 0.207986 0.471036 2.448437 0.047256 10.343608 -0.302788 0.270608 3.512345
1 294.56111 -8.642680 -0.986033 -0.285737 -2.270931 -1.559959 3.394570 0.243929 2.329985 0.207986 0.471036 2.448437 0.047256 10.343608 -0.302788 0.270608 3.512345
1 294.56111 -8.642680 -0.986033 -0.285737 -2.270931 -1.559959 3.394570 0.243929 2.329985 0.207986 0.471036 2.448437 0.047256 10.343608 -0.302788 0.270608 3.512345
1 294.56111 -8.642680 -0.986033 -0.285737 -2.270931 -1.559959 3.394570 0.243929 2.329985 0.207986 0.471036 2.448437 0.047256 10.343608 -0.302788 0.270608 3.512345
1 294.56111 -8.642680 -0.986033 -0.285737 -2.270931 -1.559959 3.394570 0.243929 2.329985 0.207986 0.471036 2.448437 0.047256 10.343608 -0.302788 0.270608 3.512345
1 294.56111 -8.642680 -0.986033 -0.285737 -2.270931 -1.559959 3.394570 0.243929 2.329985 0.207986 0.471036 2.448437 0.047256 10.343608 -0.302788 0.270608 3.512345
1 276.95346 -8.632619 -0.974812 -0.279202 -2.290733 -1.540871 3.397548 0.237036 2.282813 0.218975 0.475279 2.461434 0.040562 10.328119 -0.306538 0.262725 3.513869
1 276.95346 -8.632619 -0.974812 -0.279202 -2.290733 -1.540871 3.397548 0.237036 2.282813 0.218975 0.475279 2.461434 0.040562 10.328119 -0.306538 0.262725 3.513869
1 276.95346 -8.632619 -0.974812 -0.279202 -2.290733 -1.540871 3.397548 0.237036 2.282813 0.218975 0.475279 2.461434 0.040562 10.328119 -0.306538 0.262725 3.513869
1 276.95346 -8.632619 -0.974812 -0.279202 -2.290733 -1.540871 3.397548 0.237036 2.282813 0.218975 0.475279 2.461434 0.040562 10.328119 -0.306538 0.262725 3.513869
1 276.95346 -8.632619 -0.974812 -0.279202 -2.290733 -1.540871 3.397548 0.237036 2.282813 0.218975 0.475279 2.461434 0.040562 10.328119 -0.306538 0.262725 3.513869
1 276.95346 -8.632619 -0.974812 -0.279202 -2.290733 -1.540871 3.397548 0.237036 2.282813 0.218975 0.475279 2.461434 0.040562 10.328119 -0.306538 0.262725 3.513869
1 276.95346 -8.632619 -0.974812 -0.279202 -2.290733 -1.540871 3.397548 0.237036 2.282813 0.218975 0.475279 2.461434 0.040562 10.328119 -0.306538 0.262725 3.513869
1 276.95346 -8.632619 -0.974812 -0.279202 -2.290733 -1.540871 3.397548 0.237036 2.282813 0.218975 0.475279 2.461434 0.040562 10.328119 -0.306538 0.262725 3.513869
1 276.95346 -8.632619 -0.974812 -0.279202 -2.290733 -1.540871 3.397548 0.237036 2.282813 0.218975 0.475279 2.461434 0.040562 10.328119 -0.306538 0.262725 3.513869
1 276.95346 -8.632619 -0.974812 -0.279202 -2.290733 -1.540871 3.397548 0.237036 2.282813 0.218975 0.475279 2.461434 0.040562 10.328119 -0.306538 0.262725 3.513869
1 276.95346 -8.632619 -0.974812 -0.279202 -2.290733 -1.540871 3.397548 0.237036 2.282813 0.218975 0.475279 2.461434 0.040562 10.328119 -0.306538 0.262725 3.513869
1 276.95346 -8.632619 -0.974812 -0.279202 -2.290733 -1.540871 3.397548 0.237036 2.282813 0.218975 0.475279 2.461434 0.040562 10.328119 -0.306538 0.262725 3.513869
