1 inf -8.679837 -0.954002 -0.271527 -2.218658 -1.445204 3.421285 0.192360 2.549758 0.149893 0.588313 2.333147 0.105232 10.476681 -0.288249 0.209573 3.677480
1 inf -8.692083 -0.960621 -0.307816 -2.193808 -1.435584 3.417863 0.189534 2.539373 0.179813 0.581708 2.313116 0.106263 10.446696 -0.359888 0.209020 3.654257
1 inf -8.740491 -0.958848 -0.327676 -2.204190 -1.397196 3.422602 0.153868 2.545216 0.181074 0.508780 2.326053 0.092568 10.440158 -0.355479 0.191721 3.638301
1 inf -8.738168 -0.943670 -0.341541 -2.173723 -1.384567 3.413484 0.142876 2.520811 0.195174 0.489173 2.353438 0.085037 10.430046 -0.368283 0.200540 3.637924
1 inf -8.711476 -0.935772 -0.347247 -2.183346 -1.314499 3.410142 0.163636 2.530244 0.212999 0.499763 2.345849 0.099613 10.456975 -0.362378 0.200289 3.669651
1 inf -8.707887 -0.932631 -0.318312 -2.157261 -1.348106 3.434274 0.176239 2.544511 0.179472 0.501887 2.317653 0.100051 10.476903 -0.342304 0.201662 3.693048
1 inf -8.712581 -0.920854 -0.324169 -2.149669 -1.344787 3.426725 0.183342 2.531551 0.175653 0.504963 2.324421 0.084335 10.540076 -0.364761 0.233572 3.704407
1 inf -8.721741 -0.887641 -0.324882 -2.139423 -1.316932 3.413023 0.210329 2.547025 0.191940 0.540794 2.314828 0.101032 10.573746 -0.375639 0.225099 3.724297
1 inf -8.728201 -0.921008 -0.300080 -2.121292 -1.335980 3.376564 0.229076 2.535479 0.215717 0.527145 2.354127 0.092541 10.596810 -0.379739 0.274018 3.744289
1 inf -8.744536 -0.958029 -0.303925 -2.131153 -1.357517 3.382247 0.211173 2.525681 0.209546 0.535681 2.332170 0.132613 10.595607 -0.373658 0.265454 3.680248
1 inf -8.751045 -0.966642 -0.330737 -2.109618 -1.324542 3.379961 0.201771 2.526485 0.201139 0.512427 2.327364 0.105244 10.598949 -0.358018 0.233243 3.657709
1 inf -8.765388 -0.964404 -0.364683 -2.114272 -1.299030 3.407767 0.188065 2.532109 0.202903 0.486437 2.332085 0.105341 10.610176 -0.359900 0.225991 3.656793
1 inf -8.767903 -0.969518 -0.339146 -2.122332 -1.321944 3.401666 0.171996 2.582437 0.202403 0.467935 2.329040 0.111633 10.602985 -0.347766 0.245882 3.665771
1 inf -8.764896 -0.981613 -0.329593 -2.102596 -1.331358 3.425325 0.146509 2.585403 0.190034 0.457864 2.356591 0.072014 10.635418 -0.329648 0.220818 3.670001
1 inf -8.799004 -0.986382 -0.345803 -2.069293 -1.323855 3.430606 0.150246 2.579569 0.178898 0.470373 2.359761 0.102226 10.665656 -0.298971 0.243952 3.653210
1 inf -8.794983 -0.965541 -0.331373 -2.050983 -1.304137 3.441622 0.127656 2.572976 0.160066 0.468656 2.400742 0.107596 10.646389 -0.290712 0.235233 3.626854
1 inf -8.817930 -0.962499 -0.330617 -2.084019 -1.338456 3.433313 0.103079 2.610512 0.178019 0.461058 2.409469 0.101583 10.644307 -0.277363 0.201312 3.620598
1 inf -8.829595 -0.955446 -0.304224 -2.084937 -1.316229 3.419267 0.132684 2.606590 0.128041 0.455175 2.413530 0.101273 10.644347 -0.318846 0.207049 3.577860
1 inf -8.812290 -0.918276 -0.302579 -2.068130 -1.305740 3.382570 0.130836 2.604580 0.138883 0.447746 2.445797 0.088519 10.631950 -0.309604 0.211821 3.573433
1 inf -8.811847 -0.894086 -0.276278 -2.093481 -1.341447 3.385754 0.161204 2.579820 0.144568 0.425543 2.421683 0.105503 10.653323 -0.274469 0.236916 3.570066
1 inf -8.838025 -0.912123 -0.308107 -2.067073 -1.313938 3.396970 0.158767 2.587388 0.143293 0.424286 2.435493 0.118954 10.626551 -0.294987 0.212915 3.605996
1 inf -8.838165 -0.938128 -0.314673 -2.057950 -1.338565 3.387483 0.117755 2.559041 0.119104 0.442788 2.457632 0.146200 10.643630 -0.293787 0.211967 3.585940
1 inf -8.882757 -0.965473 -0.350297 -2.085122 -1.355303 3.375736 0.128096 2.567925 0.097254 0.478506 2.473864 0.143625 10.636526 -0.296252 0.196012 3.597538
1 inf -8.850674 -0.959857 -0.302125 -2.071352 -1.375827 3.358522 0.086507 2.539711 0.044231 0.459253 2.450043 0.182392 10.647636 -0.298899 0.188337 3.613917
1 inf -8.837062 -0.967237 -0.262601 -2.093432 -1.382328 3.339898 0.072318 2.533470 0.065409 0.492236 2.470809 0.189546 10.628344 -0.273410 0.180236 3.598305
1 249.41792 -8.821460 -0.957694 -0.249386 -2.073349 -1.417349 3.360327 0.053147 2.534909 0.047811 0.490558 2.485289 0.134307 10.647814 -0.278521 0.189617 3.611035
1 249.41792 -8.821460 -0.957694 -0.249386 -2.073349 -1.417349 3.360327 0.053147 2.534909 0.047811 0.490558 2.485289 0.134307 10.647814 -0.278521 0.189617 3.611035
1 249.41792 -8.821460 -0.957694 -0.249386 -2.073349 -1.417349 3.360327 0.053147 2.534909 0.047811 0.490558 2.485289 0.134307 10.647814 -0.278521 0.189617 3.611035
1 241.04326 -8.841666 -0.939942 -0.253136 -2.053138 -1.423426 3.322792 0.082179 2.516021 0.065197 0.467601 2.452700 0.134521 10.594744 -0.274571 0.200747 3.607187
1 241.04326 -8.841666 -0.939942 -0.253136 -2.053138 -1.423426 3.322792 0.082179 2.516021 0.065197 0.467601 2.452700 0.134521 10.594744 -0.274571 0.200747 3.607187
1 241.26713 -8.860642 -0.978789 -0.284548 -2.060594 -1.428705 3.372847 0.067915 2.494906 0.074386 0.479538 2.481177 0.140262 10.593846 -0.292694 0.190658 3.572592
1 241.26713 -8.860642 -0.978789 -0.284548 -2.060594 -1.428705 3.372847 0.067915 2.494906 0.074386 0.479538 2.481177 0.140262 10.593846 -0.292694 0.190658 3.572592
1 215.37206 -8.851800 -0.971939 -0.278046 -2.076752 -1.394022 3.377067 0.090558 2.515434 0.107979 0.483755 2.457798 0.111181 10.617147 -0.295113 0.210317 3.529595
1 215.37206 -8.851800 -0.971939 -0.278046 -2.076752 -1.394022 3.377067 0.090558 2.515434 0.107979 0.483755 2.457798 0.111181 10.617147 -0.295113 0.210317 3.529595
1 213.83045 -8.852442 -0.978753 -0.294567 -2.065762 -1.378174 3.384884 0.081853 2.540774 0.097043 0.473981 2.471892 0.106442 10.612685 -0.318920 0.268122 3.492790
1 213.83045 -8.852442 -0.978753 -0.294567 -2.065762 -1.378174 3.384884 0.081853 2.540774 0.097043 0.473981 2.471892 0.106442 10.612685 -0.318920 0.268122 3.492790
1 213.83045 -8.852442 -0.978753 -0.294567 -2.065762 -1.378174 3.384884 0.081853 2.540774 0.097043 0.473981 2.471892 0.106442 10.612685 -0.318920 0.268122 3.492790
1 213.83045 -8.852442 -0.978753 -0.294567 -2.065762 -1.378174 3.384884 0.081853 2.540774 0.097043 0.473981 2.471892 0.106442 10.612685 -0.318920 0.268122 3.492790
1 208.74881 -8.815890 -0.957776 -0.270296 -2.026769 -1.394466 3.418172 0.050617 2.534272 0.110756 0.490445 2.464997 0.103676 10.591415 -0.333831 0.294252 3.516348
1 208.74881 -8.815890 -0.957776 -0.270296 -2.026769 -1.394466 3.418172 0.050617 2.534272 0.110756 0.490445 2.464997 0.103676 10.591415 -0.333831 0.294252 3.516348
1 207.26928 -8.823211 -0.982566 -0.276183 -2.049683 -1.401788 3.424313 0.049530 2.533694 0.101668 0.524498 2.475040 0.126142 10.585193 -0.346875 0.330840 3.524777
1 190.81439 -8.816884 -0.974562 -0.264910 -2.036386 -1.399978 3.414014 0.067276 2.577815 0.106522 0.548065 2.460831 0.079734 10.592560 -0.365599 0.319316 3.538813
1 190.81439 -8.816884 -0.974562 -0.264910 -2.036386 -1.399978 3.414014 0.067276 2.577815 0.106522 0.548065 2.460831 0.079734 10.592560 -0.365599 0.319316 3.538813
1 190.81439 -8.816884 -0.974562 -0.264910 -2.036386 -1.399978 3.414014 0.067276 2.577815 0.106522 0.548065 2.460831 0.079734 10.592560 -0.365599 0.319316 3.538813
1 190.81439 -8.816884 -0.974562 -0.264910 -2.036386 -1.399978 3.414014 0.067276 2.577815 0.106522 0.548065 2.460831 0.079734 10.592560 -0.365599 0.319316 3.538813
1 190.81439 -8.816884 -0.974562 -0.264910 -2.036386 -1.399978 3.414014 0.067276 2.577815 0.106522 0.548065 2.460831 0.079734 10.592560 -0.365599 0.319316 3.538813
1 190.81439 -8.816884 -0.974562 -0.264910 -2.036386 -1.399978 3.414014 0.067276 2.577815 0.106522 0.548065 2.460831 0.079734 10.592560 -0.365599 0.319316 3.538813
1 189.28487 -8.824320 -0.982741 -0.221170 -2.034430 -1.405590 3.378818 0.049399 2.596127 0.120160 0.556547 2.490887 0.072504 10.605283 -0.365294 0.314347 3.525574
1 189.28487 -8.824320 -0.982741 -0.221170 -2.034430 -1.405590 3.378818 0.049399 2.596127 0.120160 0.556547 2.490887 0.072504 10.605283 -0.365294 0.314347 3.525574
1 187.61415 -8.822848 -0.988638 -0.224665 -2.023333 -1.405988 3.396470 0.039108 2.613350 0.122942 0.535195 2.481048 0.083053 10.586210 -0.355438 0.281443 3.529752
1 180.46668 -8.817322 -0.959472 -0.200393 -2.028749 -1.377914 3.412394 0.031701 2.593958 0.150936 0.538969 2.495481 0.088502 10.582873 -0.381531 0.284043 3.484527
1 180.46668 -8.817322 -0.959472 -0.200393 -2.028749 -1.377914 3.412394 0.031701 2.593958 0.150936 0.538969 2.495481 0.088502 10.582873 -0.381531 0.284043 3.484527
1 176.08349 -8.811184 -0.948835 -0.189975 -2.006940 -1.365489 3.442350 0.039694 2.611626 0.143920 0.515761 2.464983 0.109255 10.567613 -0.361642 0.284200 3.489635
1 176.08349 -8.811184 -0.948835 -0.189975 -2.006940 -1.365489 3.442350 0.039694 2.611626 0.143920 0.515761 2.464983 0.109255 10.567613 -0.361642 0.284200 3.489635
1 176.08349 -8.811184 -0.948835 -0.189975 -2.006940 -1.365489 3.442350 0.039694 2.611626 0.143920 0.515761 2.464983 0.109255 10.567613 -0.361642 0.284200 3.489635
1 176.08349 -8.811184 -0.948835 -0.189975 -2.006940 -1.365489 3.442350 0.039694 2.611626 0.143920 0.515761 2.464983 0.109255 10.567613 -0.361642 0.284200 3.489635
1 158.67488 -8.797652 -0.987254 -0.136174 -2.047100 -1.339742 3.429955 0.030153 2.613781 0.187642 0.509784 2.460033 0.129361 10.586677 -0.357914 0.279901 3.480700
1 151.34431 -8.821728 -0.978687 -0.145463 -2.044624 -1.362832 3.465788 0.075025 2.611824 0.186738 0.565759 2.461691 0.099254 10.593136 -0.377688 0.293694 3.477906
1 151.34431 -8.821728 -0.978687 -0.145463 -2.044624 -1.362832 3.465788 0.075025 2.611824 0.186738 0.565759 2.461691 0.099254 10.593136 -0.377688 0.293694 3.477906
1 151.34431 -8.821728 -0.978687 -0.145463 -2.044624 -1.362832 3.465788 0.075025 2.611824 0.186738 0.565759 2.461691 0.099254 10.593136 -0.377688 0.293694 3.477906
1 141.42315 -8.832946 -0.941834 -0.176725 -2.052386 -1.341139 3.464559 0.077184 2.624496 0.231493 0.575244 2.488861 0.097739 10.611391 -0.358247 0.302384 3.477687
1 141.7204 -8.834281 -0.943923 -0.141899 -2.023564 -1.358416 3.475507 0.080671 2.615987 0.281117 0.617832 2.467890 0.101440 10.596110 -0.341326 0.282463 3.494961
1 141.7204 -8.834281 -0.943923 -0.141899 -2.023564 -1.358416 3.475507 0.080671 2.615987 0.281117 0.617832 2.467890 0.101440 10.596110 -0.341326 0.282463 3.494961
1 141.7204 -8.834281 -0.943923 -0.141899 -2.023564 -1.358416 3.475507 0.080671 2.615987 0.281117 0.617832 2.467890 0.101440 10.596110 -0.341326 0.282463 3.494961
1 141.7204 -8.834281 -0.943923 -0.141899 -2.023564 -1.358416 3.475507 0.080671 2.615987 0.281117 0.617832 2.467890 0.101440 10.596110 -0.341326 0.282463 3.494961
1 140.41884 -8.807249 -0.950562 -0.138506 -2.014394 -1.349483 3.432303 0.094487 2.623167 0.281098 0.615739 2.479846 0.087351 10.564288 -0.324374 0.323463 3.476905
1 134.47855 -8.816317 -0.928690 -0.133058 -2.038810 -1.370462 3.428995 0.067578 2.561342 0.256193 0.601845 2.468623 0.076781 10.555010 -0.269686 0.320438 3.507333
1 132.27913 -8.841579 -0.955076 -0.105553 -2.033763 -1.409369 3.428247 0.056414 2.549598 0.266524 0.602006 2.404818 0.071921 10.559541 -0.267811 0.342037 3.476673
1 132.27913 -8.841579 -0.955076 -0.105553 -2.033763 -1.409369 3.428247 0.056414 2.549598 0.266524 0.602006 2.404818 0.071921 10.559541 -0.267811 0.342037 3.476673
1 131.11166 -8.819260 -0.937963 -0.116161 -2.027562 -1.403034 3.438213 0.061707 2.533769 0.262745 0.575895 2.399573 0.018768 10.551785 -0.271677 0.352192 3.489536
1 131.11166 -8.819260 -0.937963 -0.116161 -2.027562 -1.403034 3.438213 0.061707 2.533769 0.262745 0.575895 2.399573 0.018768 10.551785 -0.271677 0.352192 3.489536
1 131.11166 -8.819260 -0.937963 -0.116161 -2.027562 -1.403034 3.438213 0.061707 2.533769 0.262745 0.575895 2.399573 0.018768 10.551785 -0.271677 0.352192 3.489536
1 129.27246 -8.817090 -0.923645 -0.119616 -2.033303 -1.426418 3.459489 0.072973 2.548162 0.266825 0.578076 2.401562 0.056418 10.568513 -0.273534 0.353862 3.482514
1 129.59149 -8.801488 -0.914102 -0.106401 -2.013220 -1.461439 3.440318 0.074412 2.530564 0.265147 0.592556 2.346323 0.075888 10.563402 -0.264153 0.366592 3.494157
1 126.8943 -8.815638 -0.938786 -0.088869 -1.970209 -1.509520 3.445041 0.072956 2.538873 0.295379 0.579795 2.346903 0.112909 10.560520 -0.235633 0.357829 3.481824
1 124.35368 -8.837774 -0.943049 -0.105245 -1.973201 -1.511019 3.443499 0.074975 2.573104 0.302335 0.580614 2.368890 0.093069 10.520422 -0.221362 0.348330 3.483455
1 119.28114 -8.819922 -0.938372 -0.153675 -1.943050 -1.567888 3.453919 0.079814 2.536291 0.321710 0.554457 2.391992 0.111968 10.507876 -0.197989 0.394280 3.481294
1 119.28114 -8.819922 -0.938372 -0.153675 -1.943050 -1.567888 3.453919 0.079814 2.536291 0.321710 0.554457 2.391992 0.111968 10.507876 -0.197989 0.394280 3.481294
1 119.62524 -8.790961 -0.943732 -0.148715 -1.913946 -1.605323 3.461421 0.071532 2.536577 0.301255 0.544186 2.406068 0.105974 10.500157 -0.239763 0.415240 3.505033
1 119.95391 -8.769510 -0.965519 -0.133471 -1.868776 -1.661274 3.457818 0.080067 2.525519 0.344288 0.542930 2.403150 0.121388 10.529945 -0.241437 0.412556 3.487598
1 119.95391 -8.769510 -0.965519 -0.133471 -1.868776 -1.661274 3.457818 0.080067 2.525519 0.344288 0.542930 2.403150 0.121388 10.529945 -0.241437 0.412556 3.487598
1 119.95391 -8.769510 -0.965519 -0.133471 -1.868776 -1.661274 3.457818 0.080067 2.525519 0.344288 0.542930 2.403150 0.121388 10.529945 -0.241437 0.412556 3.487598
1 116.62717 -8.765860 -0.928929 -0.169381 -1.864764 -1.661632 3.437720 0.076042 2.476108 0.327444 0.551436 2.383529 0.133486 10.480593 -0.247154 0.387804 3.478103
1 116.62717 -8.765860 -0.928929 -0.169381 -1.864764 -1.661632 3.437720 0.076042 2.476108 0.327444 0.551436 2.383529 0.133486 10.480593 -0.247154 0.387804 3.478103
1 111.90459 -8.758314 -0.964486 -0.147037 -1.895806 -1.717995 3.466294 0.091371 2.503159 0.362719 0.524467 2.356646 0.125465 10.469642 -0.224473 0.379689 3.482046
1 112.5568 -8.732162 -0.960120 -0.126140 -1.896654 -1.685367 3.473394 0.087248 2.527671 0.365830 0.534555 2.339165 0.113800 10.457088 -0.228922 0.368109 3.503556
1 112.26942 -8.740355 -0.949128 -0.118896 -1.926941 -1.675498 3.467998 0.088709 2.552590 0.382897 0.512316 2.307821 0.106930 10.437514 -0.181324 0.377809 3.519257
1 112.26942 -8.740355 -0.949128 -0.118896 -1.926941 -1.675498 3.467998 0.088709 2.552590 0.382897 0.512316 2.307821 0.106930 10.437514 -0.181324 0.377809 3.519257
1 111.24545 -8.754301 -0.948007 -0.091958 -1.963334 -1.667273 3.473259 0.053827 2.561152 0.361169 0.540462 2.291464 0.099785 10.426090 -0.190401 0.368408 3.499278
1 110.15835 -8.763889 -0.959545 -0.101362 -1.940897 -1.689608 3.461041 0.031347 2.557189 0.363816 0.561865 2.278376 0.095802 10.417055 -0.227204 0.365653 3.493434
1 110.15835 -8.763889 -0.959545 -0.101362 -1.940897 -1.689608 3.461041 0.031347 2.557189 0.363816 0.561865 2.278376 0.095802 10.417055 -0.227204 0.365653 3.493434
1 108.62625 -8.752014 -0.932693 -0.103708 -1.932943 -1.680731 3.471604 0.042559 2.547021 0.364125 0.539192 2.260038 0.081887 10.413611 -0.276657 0.344299 3.484522
1 108.62625 -8.752014 -0.932693 -0.103708 -1.932943 -1.680731 3.471604 0.042559 2.547021 0.364125 0.539192 2.260038 0.081887 10.413611 -0.276657 0.344299 3.484522
1 108.62625 -8.752014 -0.932693 -0.103708 -1.932943 -1.680731 3.471604 0.042559 2.547021 0.364125 0.539192 2.260038 0.081887 10.413611 -0.276657 0.344299 3.484522
1 108.62625 -8.752014 -0.932693 -0.103708 -1.932943 -1.680731 3.471604 0.042559 2.547021 0.364125 0.539192 2.260038 0.081887 10.413611 -0.276657 0.344299 3.484522
1 108.62625 -8.752014 -0.932693 -0.103708 -1.932943 -1.680731 3.471604 0.042559 2.547021 0.364125 0.539192 2.260038 0.081887 10.413611 -0.276657 0.344299 3.484522
1 108.62625 -8.752014 -0.932693 -0.103708 -1.932943 -1.680731 3.471604 0.042559 2.547021 0.364125 0.539192 2.260038 0.081887 10.413611 -0.276657 0.344299 3.484522
1 108.62625 -8.752014 -0.932693 -0.103708 -1.932943 -1.680731 3.471604 0.042559 2.547021 0.364125 0.539192 2.260038 0.081887 10.413611 -0.276657 0.344299 3.484522
1 108.62625 -8.752014 -0.932693 -0.103708 -1.932943 -1.680731 3.471604 0.042559 2.547021 0.364125 0.539192 2.260038 0.081887 10.413611 -0.276657 0.344299 3.484522
