1 inf -9.071897 -0.697834 0.004780 -2.306026 -1.200077 2.807656 0.804220 2.763780 0.435739 0.166515 2.354611 -0.141625 10.373746 -0.090999 -0.472314 -0.264523 4.408876
1 inf -9.049981 -0.699601 0.011167 -2.320372 -1.207235 2.814797 0.811091 2.780833 0.449248 0.155035 2.355274 -0.107943 10.389602 -0.056743 -0.466184 -0.266637 4.426746
1 inf -9.046094 -0.678843 -0.008716 -2.322770 -1.221379 2.779313 0.809306 2.792355 0.514482 0.160060 2.355536 -0.137383 10.364994 -0.040000 -0.523051 -0.282348 4.432443
1 inf -9.042169 -0.639155 0.030213 -2.365751 -1.240472 2.787100 0.805892 2.805698 0.505728 0.169209 2.353519 -0.124309 10.392015 -0.002424 -0.526284 -0.282560 4.413594
1 inf -9.008126 -0.641131 0.078495 -2.371967 -1.234223 2.779477 0.814562 2.872970 0.512844 0.204737 2.372962 -0.129006 10.420844 -0.004304 -0.548643 -0.280306 4.405136
1 inf -9.013854 -0.628691 0.076847 -2.366028 -1.206790 2.774550 0.831462 2.848172 0.485347 0.206377 2.400206 -0.109796 10.428281 -0.013117 -0.568697 -0.288404 4.371170
1 inf -9.044447 -0.638750 0.073518 -2.349780 -1.204211 2.792335 0.823889 2.800859 0.498889 0.201281 2.388750 -0.088257 10.421090 -0.027956 -0.564949 -0.290067 4.369719
1 inf -9.082604 -0.637641 0.077711 -2.345445 -1.213668 2.794237 0.857280 2.813522 0.506569 0.207594 2.373575 -0.089400 10.395980 -0.028091 -0.589446 -0.295550 4.373685
1 inf -9.109147 -0.678231 0.082510 -2.336105 -1.213532 2.806872 0.859386 2.840979 0.492861 0.211130 2.416349 -0.095329 10.389859 -0.041148 -0.644172 -0.251818 4.419838
1 inf -9.097718 -0.687258 0.091692 -2.352708 -1.235998 2.852007 0.859007 2.809687 0.507586 0.210518 2.418219 -0.117500 10.379957 -0.047038 -0.647603 -0.238751 4.470358
1 inf -9.077595 -0.695784 0.087370 -2.369987 -1.220362 2.853433 0.871373 2.821998 0.507123 0.254065 2.399175 -0.161631 10.371196 -0.025505 -0.624842 -0.265864 4.455774
1 inf -9.096775 -0.726139 0.108373 -2.403558 -1.215771 2.860932 0.888458 2.856346 0.484243 0.266330 2.441011 -0.169694 10.336353 -0.041526 -0.603886 -0.280193 4.434305
1 inf -9.122054 -0.735934 0.082550 -2.397146 -1.226763 2.878437 0.881421 2.891515 0.484211 0.258602 2.394123 -0.173842 10.284803 -0.067184 -0.596079 -0.225670 4.416540
1 inf -9.140921 -0.747137 0.058934 -2.384520 -1.207209 2.875096 0.874698 2.927567 0.482042 0.271116 2.388336 -0.198033 10.270643 -0.087873 -0.580584 -0.213020 4.455359
1 inf -9.115380 -0.761557 0.079497 -2.417700 -1.197441 2.893137 0.889223 2.957888 0.516286 0.256214 2.412230 -0.187510 10.282123 -0.077024 -0.624333 -0.278291 4.421784
1 inf -9.121668 -0.764351 0.084778 -2.422105 -1.239652 2.918473 0.863708 2.934836 0.493746 0.257868 2.409395 -0.182149 10.246770 -0.083290 -0.610658 -0.275267 4.405008
1 inf -9.160397 -0.731825 0.077168 -2.396559 -1.247988 2.891985 0.868130 2.946528 0.492785 0.248336 2.407557 -0.153004 10.259168 -0.073742 -0.623271 -0.220405 4.412150
1 inf -9.148482 -0.727544 0.058341 -2.364759 -1.294425 2.888647 0.868000 2.919676 0.498174 0.249691 2.423696 -0.140582 10.270424 -0.104078 -0.648494 -0.251953 4.405151
1 inf -9.163419 -0.709305 0.084063 -2.353607 -1.268436 2.870765 0.848834 2.878847 0.466204 0.264503 2.420430 -0.102986 10.259981 -0.079421 -0.613070 -0.269600 4.396406
1 inf -9.183350 -0.709486 0.111780 -2.345340 -1.251071 2.819737 0.858233 2.913688 0.484380 0.299217 2.433613 -0.107612 10.232596 -0.072423 -0.615929 -0.293523 4.379256
1 inf -9.143808 -0.696669 0.077344 -2.356716 -1.284538 2.824133 0.879413 2.906599 0.463856 0.297394 2.470894 -0.106198 10.229083 -0.051955 -0.572266 -0.323368 4.386117
1 inf -9.175422 -0.724808 0.093557 -2.361713 -1.310707 2.866737 0.853649 2.886943 0.492544 0.271464 2.429350 -0.102677 10.252788 -0.048203 -0.571179 -0.310908 4.384969
1 inf -9.140674 -0.724827 0.093140 -2.349132 -1.306328 2.867414 0.823500 2.902083 0.500564 0.272758 2.423145 -0.079996 10.240942 -0.040333 -0.612894 -0.305800 4.407821
1 inf -9.178341 -0.739913 0.085033 -2.376848 -1.298611 2.895899 0.790216 2.920633 0.496458 0.283584 2.417676 -0.044262 10.231806 -0.042928 -0.609222 -0.298748 4.447179
1 inf -9.152893 -0.719930 0.084668 -2.343080 -1.334901 2.927555 0.806172 2.936590 0.487349 0.267905 2.380498 -0.102619 10.231263 -0.018036 -0.651733 -0.312237 4.473164
1 inf -9.132981 -0.716188 0.081645 -2.339413 -1.367376 2.967301 0.795742 2.933399 0.510577 0.264082 2.365652 -0.086963 10.216058 -0.008274 -0.648526 -0.327292 4.468345
1 inf -9.145502 -0.710223 0.088334 -2.326214 -1.345258 2.981296 0.798335 2.934756 0.496277 0.287634 2.364108 -0.090811 10.251142 -0.025907 -0.651802 -0.311112 4.476722
1 inf -9.167331 -0.679576 0.071902 -2.359299 -1.330827 2.990016 0.766499 2.959334 0.513634 0.312727 2.395498 -0.093464 10.245790 -0.040813 -0.670029 -0.317592 4.483105
1 inf -9.168515 -0.672247 0.079057 -2.370767 -1.336064 2.988664 0.727745 2.958324 0.543078 0.301624 2.424138 -0.094209 10.281377 -0.062093 -0.704811 -0.314004 4.468175
1 inf -9.146292 -0.683685 0.041143 -2.401569 -1.312536 3.038927 0.751659 2.949641 0.526966 0.251638 2.435591 -0.111484 10.289043 -0.075608 -0.698602 -0.360059 4.461164
1 inf -9.198272 -0.668701 0.060321 -2.413893 -1.275367 3.063672 0.736414 2.942597 0.561306 0.257194 2.452884 -0.067269 10.277024 -0.102718 -0.694479 -0.362385 4.478020
1 inf -9.220694 -0.631740 0.053333 -2.401511 -1.278500 3.079059 0.778836 2.961513 0.497817 0.283739 2.474373 -0.040985 10.212150 -0.126626 -0.699723 -0.369721 4.447256
1 inf -9.220375 -0.617320 0.081691 -2.412945 -1.292375 3.094692 0.744581 2.939482 0.520953 0.280785 2.489090 -0.055129 10.194280 -0.105823 -0.706181 -0.392311 4.428624
1 inf -9.207132 -0.654837 0.059423 -2.427421 -1.307695 3.090384 0.722100 2.960957 0.542891 0.329098 2.497341 -0.046382 10.164005 -0.113360 -0.698653 -0.385303 4.420498
1 inf -9.200418 -0.635144 0.072532 -2.441741 -1.287625 3.057228 0.734124 2.941510 0.527421 0.377048 2.500583 -0.059054 10.217415 -0.098973 -0.698424 -0.370643 4.416693
1 inf -9.204262 -0.638886 0.083529 -2.456441 -1.272634 3.039736 0.778989 2.959537 0.502024 0.365944 2.521882 -0.051374 10.199366 -0.125212 -0.696968 -0.352658 4.451641
1 inf -9.190305 -0.650524 0.075859 -2.479579 -1.241847 3.038388 0.784519 2.967412 0.499094 0.365420 2.526793 -0.059617 10.205438 -0.108889 -0.772462 -0.339244 4.407770
1 inf -9.170221 -0.635708 0.112916 -2.475280 -1.192896 3.090837 0.783011 2.971496 0.561437 0.378588 2.540587 -0.040257 10.213553 -0.142345 -0.790163 -0.343701 4.439237
1 inf -9.158737 -0.627693 0.140995 -2.511200 -1.166943 3.086111 0.767146 2.938073 0.569020 0.392029 2.524655 -0.022980 10.188025 -0.180265 -0.806471 -0.357512 4.474452
1 inf -9.215800 -0.600258 0.115536 -2.542255 -1.145064 3.063877 0.792356 2.960412 0.587742 0.392427 2.536589 0.006455 10.224097 -0.227071 -0.819381 -0.359415 4.488032
1 inf -9.202954 -0.595128 0.087004 -2.535894 -1.143072 3.056830 0.793905 2.951270 0.585222 0.373322 2.552210 0.016412 10.203398 -0.195861 -0.868335 -0.362532 4.501888
1 inf -9.193040 -0.622948 0.086296 -2.595480 -1.147998 3.085110 0.769742 2.961143 0.579062 0.357362 2.535030 0.011813 10.234315 -0.146240 -0.877483 -0.396160 4.473331
1 inf -9.163106 -0.639428 0.069580 -2.617355 -1.134618 3.076168 0.744331 2.972454 0.561434 0.345702 2.555183 -0.033130 10.215819 -0.157712 -0.877112 -0.417130 4.472899
1 inf -9.162094 -0.627452 0.049744 -2.574673 -1.152913 3.048595 0.766453 2.964372 0.572073 0.348361 2.495541 -0.038595 10.217609 -0.163115 -0.825714 -0.422410 4.456865
1 inf -9.172089 -0.630847 0.065878 -2.568829 -1.172109 3.045626 0.740395 2.926124 0.581448 0.367466 2.471827 -0.054193 10.212151 -0.135782 -0.831365 -0.406330 4.475691
1 inf -9.205893 -0.605773 0.076031 -2.580773 -1.149637 3.061321 0.730096 2.924570 0.566012 0.408258 2.503527 -0.040880 10.215569 -0.129308 -0.818628 -0.430154 4.456878
1 inf -9.157373 -0.591668 0.059199 -2.593233 -1.165250 3.091713 0.732453 2.902391 0.611112 0.418031 2.516414 -0.048825 10.232291 -0.107088 -0.794833 -0.427993 4.409477
1 inf -9.158197 -0.589506 0.047150 -2.583049 -1.212799 3.104035 0.773733 2.861930 0.646157 0.448627 2.545857 -0.048981 10.202004 -0.101901 -0.788140 -0.494527 4.402090
1 inf -9.170062 -0.590480 0.082014 -2.589252 -1.218899 3.110533 0.778148 2.887335 0.636849 0.427918 2.573156 -0.064794 10.175026 -0.096765 -0.806339 -0.488424 4.367708
1 inf -9.160227 -0.583026 0.109813 -2.576649 -1.184282 3.135673 0.763983 2.887949 0.603190 0.422618 2.588497 -0.053768 10.168737 -0.079012 -0.816155 -0.504461 4.374175
1 inf -9.140386 -0.573797 0.087602 -2.614448 -1.186510 3.156757 0.751799 2.869865 0.638299 0.424067 2.560793 -0.046110 10.207595 -0.087921 -0.851302 -0.503329 4.357945
1 inf -9.122834 -0.582296 0.080192 -2.612261 -1.188821 3.164849 0.776883 2.891904 0.598161 0.447298 2.557733 -0.033734 10.183420 -0.127059 -0.842335 -0.489607 4.342320
1 inf -9.118492 -0.610733 0.090586 -2.621079 -1.179390 3.143662 0.776323 2.888802 0.592835 0.446671 2.545296 -0.023452 10.209130 -0.131109 -0.805418 -0.444684 4.374683
1 inf -9.133430 -0.584349 0.072564 -2.631950 -1.233170 3.147721 0.771191 2.911643 0.582675 0.475176 2.555962 0.025091 10.224848 -0.114146 -0.801125 -0.476604 4.349505
1 inf -9.135443 -0.607143 0.079503 -2.615055 -1.215384 3.114137 0.796701 2.919994 0.604421 0.466029 2.576527 -0.007939 10.246959 -0.091870 -0.846568 -0.483287 4.339955
1 inf -9.164348 -0.603668 0.044066 -2.588815 -1.256743 3.119050 0.811183 2.918151 0.640953 0.461417 2.565012 -0.028322 10.253942 -0.092636 -0.847966 -0.492999 4.388659
1 inf -9.164172 -0.574268 0.027129 -2.543363 -1.276070 3.134811 0.862556 2.913398 0.655486 0.484497 2.550507 0.007714 10.250935 -0.098791 -0.828913 -0.511256 4.384051
1 inf -9.170190 -0.550504 0.051525 -2.534274 -1.268013 3.155102 0.827293 2.910012 0.617307 0.501500 2.567381 0.017782 10.252071 -0.120873 -0.845612 -0.537589 4.374030
1 inf -9.168650 -0.540421 0.080541 -2.523490 -1.243182 3.167028 0.867809 2.901387 0.623296 0.495420 2.589979 -0.011318 10.206049 -0.102859 -0.839723 -0.543088 4.390385
1 inf -9.166235 -0.546474 0.103201 -2.510671 -1.205148 3.204991 0.882661 2.894034 0.637666 0.513457 2.602221 -0.016379 10.224033 -0.085352 -0.825714 -0.550902 4.421575
1 inf -9.143275 -0.564310 0.118345 -2.502795 -1.218267 3.234663 0.876332 2.913993 0.667243 0.546715 2.606114 -0.010063 10.234130 -0.082373 -0.831915 -0.547816 4.397256
1 inf -9.165697 -0.527349 0.111357 -2.490413 -1.221400 3.250050 0.918754 2.932909 0.603754 0.573260 2.627603 0.016221 10.169256 -0.106281 -0.837159 -0.555152 4.366492
1 inf -9.153583 -0.526848 0.134470 -2.449533 -1.226556 3.230294 0.918567 2.930200 0.616973 0.582783 2.627229 -0.001669 10.169754 -0.128053 -0.833213 -0.559602 4.375560
1 inf -9.118663 -0.554403 0.152650 -2.438971 -1.199903 3.197753 0.918258 2.943275 0.641890 0.598722 2.629467 -0.018085 10.150571 -0.156867 -0.805187 -0.537285 4.397293
1 inf -9.111903 -0.592569 0.153897 -2.425619 -1.236527 3.196469 0.890300 2.972281 0.636743 0.605517 2.659575 -0.028857 10.128312 -0.134219 -0.793716 -0.544342 4.449995
1 inf -9.152712 -0.631274 0.158102 -2.415206 -1.264051 3.171729 0.836302 2.980557 0.659117 0.566998 2.615878 -0.059536 10.123504 -0.158893 -0.762531 -0.528019 4.430590
1 inf -9.202177 -0.648219 0.192864 -2.423267 -1.250535 3.195747 0.823120 2.982206 0.670713 0.566550 2.635357 -0.028958 10.123837 -0.151284 -0.740700 -0.502586 4.465455
1 inf -9.202259 -0.618308 0.203139 -2.437885 -1.275796 3.203523 0.804382 2.980588 0.646685 0.524033 2.626235 -0.027345 10.096074 -0.144230 -0.739955 -0.496688 4.510817
1 inf -9.196639 -0.592899 0.202717 -2.394762 -1.244368 3.183631 0.829998 2.973774 0.675022 0.512981 2.644504 -0.000904 10.101599 -0.149733 -0.714566 -0.518679 4.495437
1 inf -9.184654 -0.575948 0.165115 -2.389033 -1.242290 3.162911 0.800163 2.988024 0.689107 0.500208 2.639826 0.018292 10.095582 -0.133257 -0.716925 -0.545850 4.439947
1 inf -9.190504 -0.562407 0.147737 -2.362100 -1.215087 3.155800 0.821504 2.994436 0.669420 0.527055 2.630804 0.027831 10.096569 -0.177582 -0.748487 -0.535616 4.408048
1 inf -9.210846 -0.565620 0.153769 -2.328526 -1.233169 3.148941 0.852846 2.989061 0.645630 0.527225 2.643860 0.029178 10.067394 -0.216280 -0.742571 -0.548277 4.412161
1 inf -9.218204 -0.555542 0.137349 -2.281434 -1.235002 3.128429 0.884585 2.998212 0.640079 0.532045 2.650817 0.009649 10.043654 -0.241482 -0.762771 -0.534698 4.443268
1 inf -9.207761 -0.513366 0.170623 -2.322923 -1.202113 3.136194 0.878614 2.978200 0.681085 0.568641 2.662651 0.013066 10.019458 -0.232079 -0.726056 -0.542174 4.450333
1 inf -9.198116 -0.506175 0.182355 -2.331422 -1.179562 3.117062 0.856666 2.969986 0.691868 0.551542 2.707437 0.022865 10.036390 -0.223186 -0.721468 -0.521572 4.436612
1 inf -9.226301 -0.525507 0.202303 -2.326545 -1.175817 3.114055 0.863158 2.983802 0.685015 0.548443 2.720527 0.043998 10.010946 -0.211780 -0.752020 -0.544060 4.456704
1 inf -9.235754 -0.518097 0.188744 -2.319569 -1.170363 3.127352 0.825041 2.998518 0.666247 0.546886 2.728236 0.048913 10.016005 -0.243432 -0.736687 -0.550527 4.466171
1 inf -9.231497 -0.477810 0.181957 -2.295231 -1.143789 3.127177 0.838869 2.952681 0.648535 0.565658 2.734801 0.060786 10.009418 -0.260333 -0.728654 -0.530108 4.481696
1 inf -9.245823 -0.470862 0.211699 -2.271285 -1.134238 3.139296 0.841555 2.982891 0.662199 0.585846 2.761439 0.079196 10.008963 -0.270095 -0.718565 -0.522830 4.462761
1 inf -9.236042 -0.475814 0.205838 -2.229202 -1.136326 3.127224 0.838652 2.965628 0.687851 0.615592 2.752306 0.063126 10.012206 -0.282043 -0.735784 -0.522739 4.433079
1 inf -9.245241 -0.441888 0.233978 -2.284409 -1.103157 3.149556 0.833455 2.981586 0.668039 0.597143 2.764529 0.040794 10.016706 -0.282673 -0.720122 -0.501406 4.435738
1 inf -9.239868 -0.431092 0.219544 -2.310312 -1.082239 3.182087 0.844212 2.950187 0.678280 0.566976 2.809748 0.040353 10.018506 -0.274068 -0.741203 -0.478788 4.413255
1 inf -9.214498 -0.426438 0.201380 -2.300498 -1.081368 3.158355 0.841119 2.956892 0.638607 0.528309 2.766698 0.043927 10.051157 -0.267161 -0.723516 -0.457234 4.426532
1 inf -9.200687 -0.440733 0.220428 -2.266791 -1.091689 3.167697 0.857047 2.941452 0.665171 0.547217 2.774054 0.040208 10.068342 -0.280353 -0.724626 -0.490142 4.418359
1 inf -9.260817 -0.408690 0.234260 -2.277584 -1.120321 3.175887 0.867608 2.998339 0.680285 0.576944 2.737959 0.086163 10.087862 -0.325518 -0.713076 -0.506742 4.402753
1 inf -9.257498 -0.424740 0.222076 -2.283397 -1.137544 3.166616 0.925839 2.971710 0.678722 0.588976 2.733348 0.103161 10.053978 -0.308438 -0.745386 -0.486279 4.411258
1 inf -9.269351 -0.413964 0.252468 -2.294853 -1.133186 3.168924 0.949870 2.977137 0.677352 0.571208 2.732839 0.113551 10.048236 -0.343032 -0.713046 -0.487598 4.412475
1 inf -9.264600 -0.397272 0.249001 -2.274472 -1.149465 3.183595 0.972458 2.987769 0.692119 0.588133 2.734212 0.119731 10.043601 -0.342262 -0.722303 -0.498794 4.402399
1 inf -9.249925 -0.403405 0.282136 -2.250085 -1.157911 3.181608 0.972672 2.984146 0.672010 0.593799 2.741005 0.124027 10.032963 -0.307484 -0.729178 -0.512483 4.429746
1 inf -9.272347 -0.366444 0.275148 -2.237703 -1.161044 3.196995 0.991588 2.920657 0.698555 0.615288 2.767289 0.059153 10.009055 -0.312728 -0.736514 -0.543247 4.418822
1 inf -9.289817 -0.352983 0.273513 -2.251053 -1.160685 3.177688 0.992848 2.891537 0.677787 0.646104 2.790077 0.032608 9.988614 -0.295829 -0.746037 -0.528603 4.414660
1 inf -9.282707 -0.327640 0.281792 -2.253163 -1.170326 3.131947 0.982989 2.830379 0.666038 0.661385 2.778627 0.048353 9.978027 -0.314457 -0.740490 -0.529895 4.421959
1 inf -9.240808 -0.335097 0.234420 -2.265275 -1.197686 3.118515 0.999150 2.793305 0.679883 0.640192 2.767833 0.006419 9.986596 -0.308478 -0.680251 -0.537532 4.411832
1 inf -9.251110 -0.330977 0.211200 -2.278730 -1.183308 3.112817 0.984564 2.829763 0.697232 0.626405 2.742804 0.001082 10.006774 -0.326048 -0.659925 -0.511138 4.387624
1 inf -9.201922 -0.343769 0.205670 -2.272222 -1.203657 3.064048 0.970486 2.785389 0.677737 0.621975 2.712951 -0.015355 10.019918 -0.322894 -0.665222 -0.508775 4.369992
1 inf -9.223536 -0.306035 0.183889 -2.276655 -1.184695 3.060780 0.995846 2.727902 0.668759 0.628505 2.708483 -0.008727 10.023072 -0.333933 -0.658070 -0.474409 4.366986
1 inf -9.192199 -0.314052 0.160454 -2.290243 -1.179611 3.065717 0.972999 2.729324 0.667019 0.619665 2.709424 0.000116 10.033090 -0.335627 -0.695098 -0.469082 4.367745
1 inf -9.190865 -0.339439 0.150470 -2.315394 -1.164029 3.053888 0.963517 2.736872 0.661227 0.655485 2.711317 -0.026876 10.043358 -0.317045 -0.696308 -0.461062 4.348482
1 inf -9.196803 -0.312251 0.164856 -2.324429 -1.160999 3.057383 0.947879 2.721832 0.653527 0.687152 2.719308 0.003554 10.046843 -0.316355 -0.680992 -0.497651 4.334915
1 inf -9.197033 -0.337674 0.179670 -2.324851 -1.156097 3.088433 0.997981 2.734891 0.654057 0.693892 2.719403 -0.019809 10.029413 -0.273244 -0.701726 -0.479966 4.327001
1 inf -9.197848 -0.332695 0.173425 -2.321069 -1.178451 3.081432 0.969147 2.736866 0.655580 0.678748 2.712546 -0.030874 10.023137 -0.239317 -0.682668 -0.478983 4.329927
1 inf -9.168736 -0.339903 0.189918 -2.332148 -1.166224 3.058449 0.939410 2.745181 0.640359 0.613220 2.713606 -0.001366 10.052503 -0.244816 -0.705711 -0.469079 4.330564
1 inf -9.153076 -0.311820 0.191112 -2.292868 -1.128961 3.036542 0.919308 2.702678 0.630264 0.633726 2.760210 -0.015495 10.019273 -0.245606 -0.707489 -0.518553 4.306417
1 inf -9.195887 -0.299226 0.162200 -2.287336 -1.128768 2.974575 0.926844 2.711008 0.630309 0.626277 2.750013 -0.002221 10.014004 -0.257982 -0.714090 -0.492645 4.274216
1 inf -9.178121 -0.308741 0.181701 -2.287768 -1.181180 2.955831 0.953720 2.673773 0.592542 0.626570 2.756484 0.018526 10.029112 -0.264094 -0.736365 -0.523665 4.295263
1 inf -9.166404 -0.316067 0.146744 -2.256261 -1.160658 2.969877 0.911996 2.674031 0.617940 0.639333 2.738802 0.030213 10.041555 -0.285258 -0.731411 -0.525850 4.281654
1 inf -9.163293 -0.313781 0.146435 -2.254959 -1.125423 2.959867 0.918000 2.705544 0.627719 0.666756 2.715955 0.070399 9.994700 -0.279177 -0.735656 -0.562530 4.301388
1 inf -9.170550 -0.349408 0.167761 -2.227985 -1.091757 2.950676 0.899762 2.686446 0.590761 0.681731 2.697385 0.011805 9.972568 -0.252316 -0.717948 -0.590807 4.285401
1 inf -9.169372 -0.359916 0.171492 -2.228679 -1.101425 2.978347 0.902768 2.669787 0.622233 0.673788 2.680591 0.028430 9.955813 -0.261305 -0.723037 -0.581367 4.274164
1 inf -9.152093 -0.387529 0.155681 -2.219758 -1.100361 2.989537 0.897329 2.700571 0.588678 0.670768 2.686078 0.072848 9.950828 -0.289814 -0.704369 -0.618180 4.314207
1 inf -9.132019 -0.406500 0.159956 -2.201545 -1.067662 3.010916 0.911497 2.711976 0.569874 0.674877 2.703787 0.062445 9.977203 -0.310241 -0.700306 -0.630799 4.333517
1 inf -9.136465 -0.430982 0.173580 -2.181155 -1.097982 3.008500 0.934089 2.770304 0.559098 0.684221 2.698423 0.021767 9.999711 -0.323812 -0.725985 -0.602628 4.313564
1 inf -9.117364 -0.400507 0.182154 -2.171787 -1.068897 2.984292 0.902210 2.754364 0.598334 0.712821 2.703733 0.007863 9.976443 -0.318391 -0.744252 -0.593184 4.302039
1 inf -9.114302 -0.395939 0.173280 -2.197625 -1.077268 2.986565 0.924261 2.780928 0.582258 0.751826 2.695572 -0.006641 9.953198 -0.338742 -0.791065 -0.599317 4.289629
1 inf -9.098626 -0.394027 0.162322 -2.221086 -1.077888 2.940131 0.917561 2.736837 0.556624 0.722524 2.705166 0.013104 9.982743 -0.337808 -0.810842 -0.593078 4.304275
1 inf -9.080235 -0.375107 0.160175 -2.229913 -1.094898 2.961873 0.924125 2.713537 0.563688 0.720147 2.756158 0.007391 9.986566 -0.353765 -0.868547 -0.558919 4.320928
1 inf -9.087546 -0.398253 0.124831 -2.213939 -1.107915 2.942179 0.922690 2.729672 0.588648 0.723352 2.741691 0.026834 9.989081 -0.348883 -0.883331 -0.530674 4.331228
1 inf -9.109968 -0.361292 0.117843 -2.201557 -1.111048 2.957566 0.965112 2.748588 0.525159 0.749897 2.763180 0.053118 9.924207 -0.372791 -0.888575 -0.538010 4.300464
1 inf -9.145819 -0.357204 0.130886 -2.227012 -1.106059 2.986668 0.959971 2.769585 0.506724 0.764775 2.745563 0.065028 9.933214 -0.375141 -0.840437 -0.546057 4.290250
1 inf -9.185865 -0.357006 0.142547 -2.214457 -1.133087 3.033158 0.959449 2.761721 0.517355 0.778975 2.708476 0.039666 9.962613 -0.385891 -0.889802 -0.521891 4.308858
1 inf -9.176271 -0.324796 0.097859 -2.217556 -1.151362 3.030509 0.986115 2.758016 0.529457 0.791837 2.728038 0.072542 9.933714 -0.353077 -0.883624 -0.496018 4.307712
1 inf -9.155346 -0.328940 0.070178 -2.203400 -1.165697 3.019874 0.996530 2.802649 0.525946 0.801394 2.758752 0.070928 9.972591 -0.369333 -0.906165 -0.493452 4.267442
1 inf -9.123478 -0.353059 0.073554 -2.236047 -1.209648 3.015840 0.979375 2.832651 0.528096 0.820110 2.775819 0.041200 9.973265 -0.345631 -0.924734 -0.479059 4.269629
1 inf -9.132031 -0.328191 0.055756 -2.222347 -1.232852 3.038390 0.958537 2.809119 0.512094 0.834852 2.775379 0.017190 9.971915 -0.343790 -0.929064 -0.489849 4.293018
1 inf -9.135342 -0.304671 0.057094 -2.218979 -1.212787 3.051747 0.990485 2.777783 0.503099 0.854748 2.757389 0.019801 9.974473 -0.333649 -0.899833 -0.492167 4.286334
1 inf -9.113334 -0.254396 0.055360 -2.223210 -1.230164 3.035788 0.983945 2.776659 0.490546 0.851320 2.770631 0.029017 9.982247 -0.312482 -0.883828 -0.457485 4.254420
1 inf -9.106173 -0.284498 0.068237 -2.212327 -1.242704 3.036133 0.969890 2.756599 0.510314 0.842064 2.784881 0.077381 9.990234 -0.309626 -0.863683 -0.488974 4.273136
1 inf -9.153881 -0.296778 0.069732 -2.203483 -1.227564 3.029769 0.951662 2.799004 0.542710 0.819589 2.772918 0.086306 10.006617 -0.354883 -0.897473 -0.449340 4.247250
1 inf -9.180787 -0.310199 0.062356 -2.231009 -1.226326 3.063418 0.968794 2.793937 0.544193 0.821080 2.796625 0.095056 10.032802 -0.303521 -0.894352 -0.424633 4.231585
1 inf -9.234191 -0.318659 0.049791 -2.238986 -1.263396 3.082473 0.941605 2.797444 0.549258 0.810065 2.798049 0.106549 10.031477 -0.274151 -0.858007 -0.447614 4.237487
1 inf -9.279594 -0.318323 0.046844 -2.245062 -1.284150 3.074371 0.955691 2.808646 0.542058 0.808079 2.835033 0.131771 10.055725 -0.250963 -0.854912 -0.469759 4.253859
1 inf -9.301362 -0.329770 0.022503 -2.249692 -1.286723 3.033397 0.957485 2.825911 0.559992 0.835035 2.823606 0.138088 10.051646 -0.220282 -0.887450 -0.468577 4.263382
1 inf -9.283900 -0.357192 0.063806 -2.255398 -1.261500 3.054265 0.950793 2.834030 0.558837 0.841177 2.832721 0.118123 10.060884 -0.224765 -0.904162 -0.480792 4.250486
1 inf -9.308553 -0.331720 0.037789 -2.264445 -1.241524 3.064737 0.961215 2.827122 0.551686 0.826565 2.853849 0.147108 10.065184 -0.222758 -0.942666 -0.473345 4.273074
1 inf -9.283067 -0.353942 0.046397 -2.283026 -1.240492 3.058053 0.971176 2.815681 0.583831 0.860472 2.859433 0.154506 10.094643 -0.222242 -0.893465 -0.481693 4.265235
1 inf -9.279016 -0.348705 0.017616 -2.238038 -1.253582 3.047709 0.938069 2.806193 0.592358 0.877138 2.886914 0.139876 10.075820 -0.237477 -0.867397 -0.502000 4.210436
1 inf -9.285199 -0.351498 0.038823 -2.220868 -1.269345 3.048353 0.917520 2.820837 0.572498 0.880502 2.860312 0.181865 10.078056 -0.248737 -0.869164 -0.481702 4.262781
1 inf -9.279127 -0.352483 0.067746 -2.231856 -1.252429 3.018264 0.893663 2.813106 0.560344 0.853832 2.880616 0.194252 10.077289 -0.224862 -0.866013 -0.501160 4.254387
1 inf -9.272097 -0.317912 0.053078 -2.241081 -1.272136 3.062564 0.875357 2.795623 0.529653 0.868227 2.851841 0.204248 10.134074 -0.253078 -0.864581 -0.483547 4.269920
1 inf -9.256675 -0.328115 0.058688 -2.226734 -1.249307 3.115586 0.868241 2.837959 0.576550 0.880352 2.856402 0.204020 10.139515 -0.213738 -0.886207 -0.459692 4.279985
1 inf -9.234154 -0.321825 0.087412 -2.211512 -1.228343 3.147311 0.891186 2.824968 0.595904 0.850712 2.859381 0.169047 10.157103 -0.176136 -0.852335 -0.465118 4.230167
1 inf -9.225886 -0.334347 0.093305 -2.196602 -1.209310 3.161104 0.883271 2.812319 0.597271 0.853309 2.831562 0.211901 10.172284 -0.199141 -0.831323 -0.493635 4.230812
1 inf -9.231287 -0.322957 0.107528 -2.210773 -1.208363 3.175191 0.870188 2.855873 0.601373 0.824509 2.839761 0.212439 10.192205 -0.181413 -0.827198 -0.532789 4.257651
1 inf -9.241980 -0.319460 0.092911 -2.213751 -1.201376 3.178661 0.858895 2.851210 0.588604 0.839254 2.875412 0.196465 10.188804 -0.160800 -0.861112 -0.570115 4.271287
1 inf -9.281638 -0.302564 0.087169 -2.212091 -1.197737 3.186732 0.853351 2.832183 0.597559 0.875401 2.878919 0.206603 10.201909 -0.127098 -0.843939 -0.572897 4.273516
1 inf -9.304060 -0.265603 0.080181 -2.199709 -1.200870 3.202119 0.895773 2.851099 0.534070 0.901946 2.900408 0.232887 10.137035 -0.151006 -0.849183 -0.580233 4.242752
1 inf -9.293472 -0.237002 0.069181 -2.239360 -1.194183 3.217678 0.880738 2.823935 0.555058 0.877596 2.888476 0.281941 10.181676 -0.176034 -0.884243 -0.597158 4.200767
1 inf -9.274347 -0.218878 0.066897 -2.227944 -1.226100 3.182219 0.846822 2.833427 0.566991 0.887383 2.891894 0.276308 10.216614 -0.139977 -0.911566 -0.599043 4.232726
1 inf -9.279233 -0.235859 0.098566 -2.252385 -1.228264 3.175920 0.823146 2.854979 0.598911 0.886765 2.907804 0.287740 10.174464 -0.112226 -0.915991 -0.619062 4.252674
1 inf -9.272685 -0.254144 0.082231 -2.229706 -1.235864 3.117095 0.890367 2.844424 0.573522 0.893526 2.922339 0.280527 10.162895 -0.118918 -0.897141 -0.615381 4.251708
1 inf -9.265883 -0.216373 0.125745 -2.247676 -1.236214 3.121174 0.890033 2.857653 0.577258 0.873967 2.871018 0.275289 10.159944 -0.141536 -0.902165 -0.627727 4.236828
1 inf -9.249047 -0.215495 0.115387 -2.283664 -1.252313 3.104376 0.908951 2.836112 0.573527 0.840859 2.873218 0.283208 10.140546 -0.127007 -0.900187 -0.588556 4.211027
1 inf -9.232136 -0.213170 0.084987 -2.339317 -1.272522 3.140638 0.910678 2.796451 0.568169 0.829540 2.876292 0.283555 10.159641 -0.138544 -0.913748 -0.540252 4.222446
1 inf -9.255724 -0.217522 0.068159 -2.364396 -1.234803 3.127464 0.921088 2.833899 0.560169 0.781909 2.869773 0.325321 10.164059 -0.180624 -0.899411 -0.551481 4.239650
1 inf -9.229711 -0.250767 0.052229 -2.329207 -1.242886 3.119486 0.959513 2.832789 0.567567 0.764044 2.881138 0.369047 10.153747 -0.181905 -0.920209 -0.555506 4.261821
1 inf -9.226265 -0.247280 0.020233 -2.339240 -1.256544 3.129283 0.971965 2.841287 0.560397 0.778521 2.872393 0.362870 10.139101 -0.203284 -0.944060 -0.546030 4.243482
1 inf -9.253086 -0.245017 0.015472 -2.343161 -1.248767 3.095863 0.959410 2.828039 0.566345 0.764964 2.845263 0.387837 10.084096 -0.190911 -0.963858 -0.533310 4.278673
1 inf -9.251858 -0.229369 0.063709 -2.336609 -1.246507 3.110897 0.931203 2.763272 0.562762 0.762788 2.880267 0.389809 10.048349 -0.196770 -0.918110 -0.534212 4.283786
1 inf -9.274592 -0.228923 0.076013 -2.302988 -1.237844 3.077167 0.920774 2.759544 0.552224 0.793579 2.859276 0.421702 10.026939 -0.184208 -0.920867 -0.555723 4.284775
1 inf -9.288131 -0.229234 0.061313 -2.333749 -1.242037 3.089696 0.920296 2.773220 0.550354 0.767959 2.817465 0.419278 10.044044 -0.204661 -0.937789 -0.529240 4.303977
1 inf -9.290275 -0.193940 0.058961 -2.336733 -1.252858 3.119687 0.948516 2.774603 0.531110 0.789937 2.847875 0.416032 10.055191 -0.205561 -0.976030 -0.551074 4.273601
1 inf -9.275106 -0.204081 0.088676 -2.336042 -1.245827 3.106074 0.939023 2.788157 0.550187 0.774017 2.825739 0.409205 10.041881 -0.220580 -0.955648 -0.523975 4.242169
1 inf -9.291788 -0.179880 0.077897 -2.326055 -1.267128 3.124709 0.886177 2.803298 0.595533 0.779730 2.806719 0.400253 10.021531 -0.208031 -1.000185 -0.522246 4.254707
1 inf -9.233649 -0.213734 0.101427 -2.328638 -1.262225 3.103528 0.900965 2.764764 0.618513 0.758256 2.829645 0.421140 9.989967 -0.187079 -0.992196 -0.496898 4.252933
1 inf -9.256071 -0.176773 0.094439 -2.316256 -1.265358 3.118915 0.943387 2.783680 0.555024 0.784801 2.851134 0.447424 9.925093 -0.210987 -0.997440 -0.504234 4.222169
1 inf -9.221626 -0.154797 0.096262 -2.288771 -1.282280 3.107249 0.978285 2.773663 0.566911 0.769395 2.882330 0.459022 9.896195 -0.249404 -1.013199 -0.507506 4.216260
1 inf -9.177467 -0.175800 0.075166 -2.308629 -1.274697 3.124773 0.977980 2.787516 0.554789 0.772921 2.877495 0.439209 9.889065 -0.236999 -0.997165 -0.484624 4.218467
1 inf -9.191678 -0.200521 0.032814 -2.307990 -1.253330 3.115928 0.900623 2.806584 0.514201 0.802812 2.832911 0.472532 9.871847 -0.237381 -1.006739 -0.524650 4.193998
1 inf -9.178047 -0.207144 0.036651 -2.299456 -1.295493 3.122292 0.918192 2.772334 0.516429 0.801886 2.859913 0.466052 9.870913 -0.258360 -1.030421 -0.515402 4.194714
1 inf -9.206513 -0.154300 0.035222 -2.329431 -1.308804 3.141217 0.924452 2.751807 0.531077 0.769904 2.874166 0.446879 9.847902 -0.259000 -1.080314 -0.513616 4.220881
1 inf -9.235712 -0.132083 0.072508 -2.328188 -1.331059 3.130413 0.955420 2.790837 0.524913 0.780891 2.894066 0.425182 9.831602 -0.245257 -1.058878 -0.497161 4.251650
1 inf -9.210356 -0.154670 0.057564 -2.358001 -1.335026 3.159123 0.933033 2.775409 0.527028 0.806875 2.885287 0.421094 9.836167 -0.196448 -1.092515 -0.522884 4.222328
1 inf -9.234983 -0.126140 0.054927 -2.379695 -1.311116 3.160052 0.944508 2.784843 0.516535 0.810369 2.894707 0.405651 9.852056 -0.201015 -1.091657 -0.495674 4.239753
1 inf -9.222904 -0.119510 0.073582 -2.370672 -1.334278 3.192240 0.999483 2.786325 0.520972 0.841330 2.921331 0.371352 9.845340 -0.193329 -1.106136 -0.492454 4.249794
1 inf -9.243167 -0.141601 0.081750 -2.381952 -1.320211 3.172435 0.981879 2.785196 0.477310 0.844359 2.920940 0.385320 9.890402 -0.220829 -1.156461 -0.497598 4.259292
1 inf -9.255178 -0.177444 0.095929 -2.369851 -1.304388 3.143572 0.987055 2.777395 0.445632 0.865684 2.924399 0.369515 9.927871 -0.234221 -1.123201 -0.542379 4.263590
1 inf -9.232067 -0.184304 0.074233 -2.400997 -1.300832 3.163662 0.960442 2.765481 0.444999 0.885790 2.949013 0.334104 9.952290 -0.287256 -1.096706 -0.536494 4.268077
1 inf -9.262497 -0.195248 0.040850 -2.392366 -1.297574 3.149343 0.968375 2.735594 0.470400 0.870418 2.951242 0.372521 9.943708 -0.265939 -1.081425 -0.552337 4.268146
1 inf -9.242406 -0.207749 0.072052 -2.435000 -1.286050 3.143368 0.974934 2.700563 0.465380 0.888807 2.946957 0.378867 9.959692 -0.271821 -1.086982 -0.512010 4.276312
1 inf -9.214669 -0.180496 0.082509 -2.441672 -1.283468 3.139291 0.975243 2.638618 0.462515 0.897087 2.939378 0.356433 9.945138 -0.293872 -1.066024 -0.512610 4.278021
1 inf -9.208685 -0.160107 0.056566 -2.421284 -1.273416 3.170390 0.962604 2.661115 0.473076 0.920290 2.918900 0.373013 9.926470 -0.306214 -1.047462 -0.501229 4.253166
1 inf -9.196313 -0.188347 0.080354 -2.447877 -1.258632 3.136398 0.966097 2.639896 0.453243 0.935331 2.904209 0.377206 9.915119 -0.334553 -1.035443 -0.526048 4.265817
1 inf -9.184579 -0.175458 0.099615 -2.455742 -1.220250 3.148501 0.987558 2.627316 0.443393 0.919413 2.886798 0.374251 9.931900 -0.347137 -1.054788 -0.511641 4.246875
1 inf -9.184527 -0.198728 0.125605 -2.472312 -1.236969 3.156041 0.993620 2.607794 0.461943 0.947080 2.890667 0.374598 9.948830 -0.356085 -1.026262 -0.501710 4.246207
1 inf -9.168383 -0.184551 0.091716 -2.500199 -1.253954 3.175110 0.975378 2.560388 0.522956 0.948517 2.897556 0.377687 9.956395 -0.357685 -1.003987 -0.498488 4.269309
1 inf -9.163521 -0.186166 0.089992 -2.489484 -1.260715 3.150909 0.976115 2.566032 0.538855 0.934346 2.881815 0.389969 9.928190 -0.370354 -1.002437 -0.515203 4.256418
1 inf -9.137362 -0.229957 0.082593 -2.488470 -1.219953 3.136832 0.970778 2.562258 0.559508 0.934421 2.833938 0.351828 9.915180 -0.326414 -0.992767 -0.507782 4.286301
1 inf -9.125565 -0.245114 0.087413 -2.444748 -1.195149 3.129515 0.948827 2.549638 0.600393 0.930329 2.876774 0.379749 9.921844 -0.348829 -0.991386 -0.483909 4.323015
1 inf -9.124338 -0.223713 0.090969 -2.446431 -1.244091 3.177155 0.930447 2.566803 0.591547 0.893132 2.877244 0.390384 9.933518 -0.319757 -0.985854 -0.484784 4.327784
1 inf -9.125867 -0.221583 0.066471 -2.424102 -1.263241 3.162732 0.893017 2.588753 0.569956 0.902691 2.865486 0.405225 9.921715 -0.285760 -0.961418 -0.484206 4.312610
1 inf -9.137486 -0.212578 0.033711 -2.443546 -1.276265 3.155872 0.900815 2.585928 0.588423 0.925811 2.877655 0.399313 9.898856 -0.285995 -0.969566 -0.477614 4.328158
1 inf -9.127468 -0.192082 0.015590 -2.423237 -1.282638 3.174089 0.918211 2.583491 0.592078 0.948543 2.856256 0.401175 9.857721 -0.277377 -0.928603 -0.454539 4.346300
1 inf -9.149890 -0.155121 0.008602 -2.410855 -1.285771 3.189476 0.960633 2.602407 0.528589 0.975088 2.877745 0.427459 9.792847 -0.301285 -0.933847 -0.461875 4.315536
1 inf -9.190053 -0.143422 -0.006773 -2.425783 -1.275772 3.200563 0.941240 2.552971 0.562513 0.936972 2.854519 0.426407 9.815465 -0.318503 -0.937078 -0.474316 4.319488
1 inf -9.163241 -0.122068 0.011567 -2.412981 -1.250893 3.189272 0.970713 2.541618 0.614820 0.939018 2.825611 0.401157 9.799133 -0.342997 -0.955743 -0.506175 4.323756
1 inf -9.176120 -0.114151 0.027383 -2.420370 -1.240538 3.193219 0.951861 2.522286 0.591010 0.967512 2.820130 0.426005 9.808042 -0.349362 -0.953965 -0.559584 4.296760
1 inf -9.160514 -0.126468 0.023479 -2.389676 -1.258125 3.214529 0.967133 2.540943 0.592414 0.974387 2.840929 0.426053 9.798056 -0.323195 -0.943354 -0.553716 4.286197
1 inf -9.144330 -0.103707 0.039642 -2.387079 -1.262933 3.225422 0.985442 2.536713 0.602421 0.991827 2.792524 0.440209 9.800424 -0.337958 -0.941060 -0.533097 4.288129
1 inf -9.152019 -0.097585 0.039917 -2.389614 -1.273923 3.229659 0.970228 2.516847 0.561090 0.990764 2.791348 0.451688 9.778690 -0.366070 -0.957341 -0.568064 4.278836
1 inf -9.157540 -0.108266 0.021076 -2.380802 -1.314552 3.197599 0.939676 2.518271 0.557069 0.968591 2.786774 0.438468 9.715452 -0.382506 -0.961466 -0.533176 4.250659
1 inf -9.120342 -0.123865 -0.001170 -2.363854 -1.304788 3.191116 0.972207 2.527823 0.534148 0.966312 2.776001 0.434530 9.719346 -0.380875 -0.944093 -0.549588 4.257215
1 inf -9.134049 -0.119787 -0.034860 -2.341686 -1.312802 3.197843 0.995213 2.557229 0.532307 0.954096 2.793248 0.443648 9.733604 -0.351324 -0.972970 -0.565993 4.224049
1 inf -9.123016 -0.130870 -0.042152 -2.330198 -1.326857 3.190429 0.995196 2.519227 0.495639 0.968657 2.785508 0.463649 9.741909 -0.352694 -0.962150 -0.567961 4.244696
1 inf -9.101125 -0.138706 -0.025881 -2.349927 -1.318246 3.162076 0.997980 2.547903 0.482341 0.980185 2.773828 0.439698 9.766323 -0.334220 -0.968355 -0.542158 4.245925
1 inf -9.102783 -0.087063 -0.035147 -2.344813 -1.288840 3.183766 0.984772 2.503382 0.498930 0.971541 2.795050 0.440700 9.781274 -0.333602 -1.010405 -0.498890 4.252784
1 inf -9.097751 -0.093671 -0.019177 -2.341504 -1.297825 3.165086 0.988452 2.523125 0.498845 0.966599 2.749767 0.431710 9.774125 -0.310565 -0.993455 -0.484996 4.250916
1 inf -9.086235 -0.096953 -0.078116 -2.363448 -1.276640 3.150073 0.974583 2.531538 0.467784 0.947507 2.747818 0.417163 9.763967 -0.279694 -1.000219 -0.450605 4.227835
1 inf -9.055160 -0.095113 -0.074744 -2.340801 -1.257649 3.195309 0.923582 2.488540 0.458452 0.924767 2.713249 0.416279 9.778427 -0.273691 -1.029404 -0.460442 4.235960
1 inf -9.057506 -0.121513 -0.059149 -2.344587 -1.255922 3.209075 0.905245 2.507360 0.510718 0.920779 2.701920 0.398405 9.806203 -0.305686 -1.007495 -0.471231 4.212806
1 inf -9.056569 -0.118611 -0.062577 -2.344358 -1.250035 3.218454 0.897952 2.486897 0.517876 0.898524 2.697840 0.415618 9.812161 -0.260258 -1.029881 -0.463332 4.212196
1 inf -9.089258 -0.127330 -0.034759 -2.312857 -1.248302 3.208029 0.913567 2.489508 0.523946 0.882763 2.705977 0.473270 9.779901 -0.278399 -0.987537 -0.398622 4.246595
1 inf -9.089169 -0.137334 -0.041927 -2.320430 -1.224907 3.213116 0.942431 2.526111 0.487065 0.832322 2.691026 0.474580 9.754087 -0.248908 -0.972076 -0.387151 4.281466
1 inf -9.132697 -0.142063 -0.019477 -2.350012 -1.197394 3.199132 0.958912 2.575844 0.492280 0.854580 2.704724 0.491075 9.779519 -0.242686 -0.958506 -0.388096 4.291307
1 inf -9.137096 -0.131942 -0.051378 -2.355465 -1.173331 3.175565 0.971252 2.583413 0.506274 0.836026 2.687518 0.488901 9.753026 -0.264744 -0.953988 -0.365663 4.328272
1 inf -9.133787 -0.123020 -0.066953 -2.367192 -1.137121 3.215546 0.966884 2.561556 0.491420 0.828421 2.726338 0.487716 9.780640 -0.247706 -1.015447 -0.353972 4.323540
1 inf -9.170901 -0.108900 -0.100633 -2.375332 -1.138532 3.231321 0.924442 2.562692 0.528194 0.814689 2.749189 0.505894 9.826797 -0.215803 -1.036623 -0.391233 4.300603
1 inf -9.183993 -0.105323 -0.109144 -2.404135 -1.153106 3.188819 0.923235 2.550117 0.537823 0.836134 2.771307 0.517468 9.833949 -0.193139 -1.033864 -0.379238 4.296486
1 inf -9.176891 -0.132932 -0.086572 -2.383409 -1.160515 3.203394 0.952902 2.549977 0.542823 0.831220 2.786524 0.536108 9.855080 -0.176821 -1.043944 -0.365220 4.312867
1 inf -9.145424 -0.165621 -0.059612 -2.379952 -1.222453 3.218556 0.937396 2.542180 0.534998 0.802485 2.764996 0.538612 9.876398 -0.160937 -1.043528 -0.345425 4.341008
1 inf -9.128856 -0.183768 -0.033933 -2.396812 -1.233285 3.230848 0.941183 2.568376 0.534717 0.799288 2.765262 0.570835 9.876228 -0.160442 -1.034759 -0.346740 4.410023
1 inf -9.151278 -0.146807 -0.040921 -2.384430 -1.236418 3.246235 0.983605 2.587292 0.471228 0.825833 2.786751 0.597119 9.811354 -0.184350 -1.040003 -0.354076 4.379259
1 inf -9.144374 -0.144964 -0.016574 -2.361120 -1.187758 3.229144 0.978735 2.615213 0.480908 0.819617 2.800084 0.597655 9.801830 -0.203823 -1.014741 -0.329297 4.365182
1 inf -9.124671 -0.146355 -0.005356 -2.372487 -1.164266 3.236139 0.990904 2.591337 0.462002 0.848149 2.773180 0.586500 9.806561 -0.233587 -1.023155 -0.345499 4.345907
1 inf -9.107717 -0.174576 -0.004651 -2.384410 -1.147286 3.188940 0.965750 2.620436 0.494798 0.881931 2.776040 0.585479 9.775337 -0.231562 -1.066800 -0.339499 4.352334
1 inf -9.120015 -0.196494 0.021837 -2.411081 -1.139899 3.204089 0.932278 2.599534 0.490997 0.875856 2.792631 0.561983 9.811279 -0.240784 -1.060778 -0.302558 4.356807
1 inf -9.148037 -0.180832 0.031190 -2.391523 -1.158540 3.217235 0.984817 2.590997 0.468090 0.893002 2.794439 0.552297 9.803616 -0.194064 -1.086594 -0.289406 4.363494
1 inf -9.145899 -0.150365 0.033275 -2.420892 -1.104367 3.234476 0.973406 2.611642 0.496045 0.874029 2.837307 0.569455 9.785097 -0.229542 -1.076081 -0.279492 4.401357
