1 inf -7.970608 -0.392792 0.244038 -2.293702 -1.828255 3.447502 0.681477 2.416314 -0.671494 0.306257 2.842072 -0.025473 10.723913 -0.649009 -0.683603 0.451270 4.167907
1 inf -7.978847 -0.426206 0.224050 -2.299254 -1.808534 3.444363 0.670796 2.467962 -0.674836 0.292868 2.844573 -0.041798 10.725278 -0.657059 -0.682171 0.444441 4.158843
1 inf -7.964398 -0.432945 0.233591 -2.282292 -1.820008 3.459136 0.654724 2.453264 -0.681552 0.314126 2.846149 -0.053185 10.736563 -0.687358 -0.676968 0.432748 4.193931
1 inf -7.980769 -0.426251 0.201666 -2.261140 -1.833696 3.444214 0.651316 2.423813 -0.670598 0.284486 2.827061 -0.082237 10.729574 -0.690334 -0.688968 0.464060 4.189605
1 inf -7.945463 -0.432802 0.151891 -2.247424 -1.844302 3.438578 0.640838 2.460254 -0.666524 0.314377 2.831636 -0.084460 10.712154 -0.689518 -0.654716 0.462926 4.187203
1 inf -7.917298 -0.443141 0.145591 -2.202965 -1.844727 3.430499 0.640081 2.462321 -0.676850 0.285545 2.845110 -0.094399 10.717034 -0.655899 -0.621257 0.492277 4.161322
1 inf -7.930174 -0.473543 0.141755 -2.217012 -1.867916 3.414133 0.670518 2.498500 -0.658790 0.342808 2.854802 -0.118667 10.696157 -0.698288 -0.611368 0.488545 4.137610
1 inf -7.879065 -0.453755 0.147729 -2.224789 -1.870567 3.398557 0.678765 2.517195 -0.686628 0.346365 2.890186 -0.147247 10.720389 -0.725207 -0.598496 0.482052 4.127017
1 inf -7.919804 -0.450921 0.164425 -2.212627 -1.879791 3.375024 0.700534 2.527463 -0.707552 0.385207 2.907186 -0.117107 10.739211 -0.740006 -0.582788 0.481585 4.122678
1 inf -7.912359 -0.459721 0.194878 -2.204283 -1.878930 3.396175 0.679835 2.509912 -0.681780 0.331529 2.894155 -0.104120 10.765766 -0.754789 -0.598082 0.471631 4.123990
1 inf -7.920535 -0.410824 0.213233 -2.198569 -1.849012 3.356568 0.712012 2.502714 -0.712712 0.282961 2.843737 -0.110164 10.758859 -0.751412 -0.615174 0.458579 4.120373
1 inf -7.910819 -0.391220 0.201437 -2.187420 -1.868943 3.375292 0.701319 2.481776 -0.688159 0.287961 2.853723 -0.106475 10.779432 -0.761875 -0.585033 0.482998 4.104614
1 inf -7.913197 -0.420044 0.251595 -2.193732 -1.901736 3.373682 0.750163 2.480525 -0.706465 0.261779 2.842151 -0.106086 10.809511 -0.776193 -0.582995 0.513323 4.111372
1 inf -7.933315 -0.423716 0.241888 -2.194787 -1.924220 3.395279 0.732347 2.456961 -0.682971 0.211351 2.858158 -0.096891 10.816100 -0.797166 -0.604077 0.539254 4.094025
1 inf -7.931690 -0.386779 0.234277 -2.157848 -1.947590 3.360438 0.730375 2.475201 -0.678765 0.217580 2.874833 -0.095252 10.857829 -0.801832 -0.587956 0.559763 4.089060
1 inf -7.907235 -0.351074 0.208942 -2.175563 -1.943319 3.381883 0.745256 2.456106 -0.704132 0.220283 2.856499 -0.099125 10.871018 -0.827424 -0.599413 0.531729 4.107629
1 inf -7.927101 -0.362504 0.211590 -2.206735 -1.948072 3.375275 0.729279 2.439535 -0.712150 0.246424 2.836319 -0.118219 10.888812 -0.821814 -0.575406 0.522246 4.092579
1 inf -7.955696 -0.370395 0.211084 -2.207824 -1.944286 3.348056 0.747607 2.412010 -0.667056 0.213278 2.828698 -0.132250 10.921647 -0.807859 -0.569105 0.536329 4.071767
1 inf -7.977315 -0.352836 0.242262 -2.230511 -1.972523 3.381866 0.692154 2.412795 -0.655159 0.220313 2.832008 -0.149189 10.935787 -0.822787 -0.515986 0.477403 4.056063
1 inf -7.933573 -0.321190 0.246331 -2.258052 -1.978314 3.400275 0.675297 2.374575 -0.670918 0.231840 2.862250 -0.150904 10.950762 -0.787616 -0.513227 0.489438 4.060163
1 inf -7.854446 -0.332045 0.240826 -2.265645 -1.963134 3.398436 0.675964 2.401851 -0.678106 0.232309 2.889323 -0.132692 10.962575 -0.781292 -0.534674 0.466970 4.071687
1 inf -7.881017 -0.305589 0.246874 -2.268380 -1.950149 3.384225 0.664451 2.399923 -0.688017 0.259471 2.894691 -0.136922 10.991038 -0.805251 -0.522238 0.437685 4.063269
1 inf -7.863538 -0.310409 0.248121 -2.260567 -1.936555 3.369672 0.681316 2.381457 -0.680847 0.260438 2.895029 -0.082686 10.993218 -0.783099 -0.493171 0.451112 4.047113
1 inf -7.880392 -0.325254 0.287837 -2.271050 -1.969841 3.347722 0.708773 2.342554 -0.733979 0.290688 2.891566 -0.087628 10.993369 -0.742542 -0.475138 0.457310 4.026661
1 inf -7.890270 -0.299924 0.294414 -2.247142 -1.947528 3.340914 0.698093 2.334734 -0.733585 0.301586 2.884186 -0.087969 10.957470 -0.786304 -0.460060 0.453213 4.039108
1 inf -7.876774 -0.274595 0.278138 -2.248331 -1.959940 3.336268 0.701276 2.325957 -0.742902 0.299493 2.866524 -0.118943 10.975031 -0.764602 -0.473571 0.447522 4.066935
1 inf -7.882985 -0.286817 0.260029 -2.250205 -1.963147 3.323131 0.716326 2.304586 -0.745443 0.282789 2.900341 -0.097723 10.975250 -0.748307 -0.492290 0.483332 4.065758
1 inf -7.880820 -0.292296 0.253591 -2.262233 -1.957438 3.303442 0.716038 2.225012 -0.762218 0.305486 2.925215 -0.063733 10.952133 -0.777285 -0.455121 0.477030 4.068483
1 inf -7.900162 -0.274348 0.283676 -2.259449 -1.926950 3.318045 0.692717 2.208759 -0.769524 0.331151 2.890557 -0.057533 10.923061 -0.782673 -0.471816 0.486329 4.036884
1 inf -7.889164 -0.235348 0.252355 -2.249025 -1.913582 3.348970 0.632138 2.180022 -0.762834 0.306207 2.919217 -0.046348 10.953756 -0.809338 -0.461109 0.444545 4.023352
1 inf -7.860913 -0.237938 0.244644 -2.220297 -1.868564 3.338640 0.652396 2.212530 -0.776135 0.312426 2.897085 -0.038246 10.943403 -0.817312 -0.443088 0.431462 4.031302
1 inf -7.887728 -0.230179 0.256197 -2.242341 -1.887427 3.309373 0.669127 2.234463 -0.762616 0.329769 2.901982 -0.033052 10.906930 -0.830220 -0.421377 0.447673 4.067740
1 inf -7.863057 -0.180138 0.278137 -2.259166 -1.880483 3.308366 0.676347 2.221928 -0.756557 0.325451 2.871755 -0.040200 10.903092 -0.828342 -0.403489 0.422570 4.044801
1 inf -7.870129 -0.176942 0.273454 -2.233035 -1.891125 3.337818 0.665230 2.215154 -0.781561 0.312621 2.873926 -0.016540 10.907054 -0.823553 -0.446836 0.409049 4.050734
1 inf -7.895693 -0.217957 0.253788 -2.226074 -1.897094 3.343915 0.694862 2.198975 -0.808845 0.326081 2.854045 -0.019424 10.901870 -0.807321 -0.453004 0.395747 4.051234
1 inf -7.912143 -0.223954 0.230022 -2.245871 -1.922846 3.335113 0.718577 2.190199 -0.784946 0.302053 2.854256 -0.021048 10.877531 -0.781027 -0.475697 0.372992 4.022265
1 inf -7.913174 -0.272580 0.212136 -2.232201 -1.939616 3.347376 0.692579 2.225731 -0.763420 0.300933 2.845876 -0.062387 10.847503 -0.778707 -0.505740 0.378211 4.039237
1 inf -7.950169 -0.305545 0.207320 -2.226105 -1.937538 3.318284 0.717235 2.222487 -0.757556 0.281904 2.825750 -0.022453 10.845284 -0.767502 -0.481963 0.416219 4.034362
1 inf -7.936728 -0.276953 0.187202 -2.235392 -1.961091 3.329769 0.673473 2.233175 -0.766415 0.295052 2.844557 -0.042645 10.868496 -0.727863 -0.519570 0.413241 4.076283
1 inf -7.918636 -0.241038 0.192201 -2.215720 -1.943349 3.332229 0.642944 2.229057 -0.775521 0.299799 2.900490 -0.022423 10.863148 -0.722276 -0.547718 0.423905 4.078987
1 inf -7.912534 -0.212689 0.180550 -2.245563 -1.898693 3.324736 0.615926 2.233763 -0.751438 0.329930 2.877489 -0.042575 10.832294 -0.699383 -0.531340 0.413630 4.062610
1 inf -7.924044 -0.211154 0.156454 -2.248355 -1.929013 3.331864 0.601648 2.228210 -0.725468 0.336194 2.852735 -0.039796 10.866407 -0.688133 -0.511007 0.372916 4.055034
1 inf -7.924093 -0.198294 0.156905 -2.241964 -1.955508 3.319086 0.605140 2.249010 -0.716429 0.368216 2.846774 -0.068794 10.839526 -0.683180 -0.547825 0.368015 4.083146
1 inf -7.935551 -0.196900 0.111754 -2.248249 -1.970906 3.301271 0.580983 2.181635 -0.757029 0.366426 2.838016 -0.072746 10.850386 -0.670024 -0.500932 0.396136 4.092403
1 inf -7.954283 -0.197960 0.141746 -2.223466 -1.968671 3.292334 0.582079 2.153146 -0.764624 0.370916 2.861088 -0.066943 10.821221 -0.678717 -0.492179 0.398742 4.087008
1 inf -7.954724 -0.170218 0.179964 -2.204320 -1.945240 3.267566 0.573814 2.134506 -0.787413 0.353180 2.861067 -0.104558 10.794567 -0.664806 -0.493576 0.384995 4.058845
1 inf -7.948235 -0.143230 0.212351 -2.183698 -1.964236 3.265471 0.546377 2.129757 -0.799420 0.352213 2.865441 -0.143616 10.813578 -0.687045 -0.459891 0.381574 4.049486
1 inf -7.971729 -0.128276 0.207635 -2.186964 -1.959036 3.253176 0.521262 2.126651 -0.812524 0.363457 2.887004 -0.158398 10.839096 -0.717709 -0.477734 0.398466 4.056315
1 inf -7.974492 -0.161798 0.236472 -2.215426 -1.962281 3.283646 0.541046 2.133904 -0.800698 0.359587 2.890914 -0.125953 10.843929 -0.705635 -0.472827 0.391253 4.029112
1 inf -7.965815 -0.180767 0.244900 -2.232454 -1.954285 3.285429 0.570810 2.125176 -0.817744 0.323740 2.884754 -0.136695 10.836821 -0.732023 -0.505227 0.380120 4.015152
1 inf -7.952319 -0.155438 0.275968 -2.214791 -1.935038 3.269153 0.569621 2.112764 -0.822390 0.326923 2.875977 -0.146012 10.834728 -0.749685 -0.536201 0.397681 4.036854
1 inf -7.970706 -0.159009 0.289692 -2.161408 -1.932831 3.282314 0.567746 2.100004 -0.816952 0.339615 2.891744 -0.157391 10.813613 -0.734315 -0.530937 0.398537 4.054754
1 inf -7.966184 -0.192224 0.271408 -2.216546 -1.927897 3.330147 0.596822 2.095705 -0.847943 0.336237 2.894392 -0.128935 10.767535 -0.759601 -0.507035 0.377917 4.045589
1 inf -7.947999 -0.198154 0.274489 -2.228609 -1.911542 3.329724 0.582731 2.086481 -0.875286 0.323637 2.913160 -0.095981 10.776472 -0.762324 -0.489528 0.392557 4.038497
1 inf -7.954825 -0.208028 0.261998 -2.226556 -1.904748 3.340891 0.586272 2.087473 -0.863724 0.309650 2.925689 -0.103987 10.770276 -0.775638 -0.491173 0.410083 4.015845
1 inf -7.964375 -0.179189 0.232096 -2.211935 -1.878035 3.364403 0.564403 2.069388 -0.832703 0.274007 2.918415 -0.085703 10.799516 -0.781284 -0.491834 0.404878 4.024856
1 inf -8.006377 -0.178237 0.217047 -2.228267 -1.896751 3.364839 0.592402 2.111975 -0.842763 0.255608 2.917501 -0.116599 10.773844 -0.790666 -0.510322 0.387909 4.013917
1 inf -7.989985 -0.177174 0.236679 -2.187615 -1.860642 3.364920 0.611214 2.085998 -0.848307 0.295251 2.913329 -0.090855 10.795522 -0.780957 -0.519363 0.403636 4.008040
1 inf -8.002158 -0.163534 0.264923 -2.168911 -1.864584 3.342584 0.616214 2.121188 -0.831849 0.311980 2.909080 -0.074717 10.833068 -0.759558 -0.537354 0.398563 4.018013
1 inf -7.990960 -0.209049 0.277460 -2.172026 -1.841544 3.349896 0.616183 2.133909 -0.852532 0.306274 2.892728 -0.118438 10.821330 -0.756628 -0.559298 0.408474 4.033279
1 inf -7.952878 -0.179282 0.262563 -2.186338 -1.842448 3.348618 0.581112 2.129046 -0.880954 0.344754 2.877761 -0.144538 10.814327 -0.805008 -0.602249 0.421254 4.044778
1 inf -7.944747 -0.178229 0.281617 -2.212078 -1.833634 3.352541 0.584760 2.121202 -0.875375 0.351958 2.880289 -0.117650 10.802842 -0.823738 -0.590304 0.432088 4.065769
1 inf -7.967247 -0.185393 0.256548 -2.213282 -1.848590 3.331617 0.604035 2.111608 -0.849870 0.360145 2.890653 -0.089444 10.820700 -0.812421 -0.604185 0.393797 4.079373
1 inf -7.917031 -0.197491 0.256776 -2.217112 -1.843253 3.366721 0.574684 2.076150 -0.900579 0.371492 2.904097 -0.106622 10.817672 -0.796241 -0.624747 0.383675 4.092062
1 inf -7.909659 -0.183619 0.267343 -2.235310 -1.872971 3.351647 0.573598 2.060923 -0.930509 0.351059 2.951763 -0.094517 10.812720 -0.790933 -0.654720 0.386296 4.087186
1 inf -7.910392 -0.205057 0.239539 -2.220611 -1.853066 3.359206 0.517407 2.070941 -0.890061 0.349600 2.955359 -0.106072 10.835636 -0.768030 -0.673958 0.373509 4.079261
1 inf -7.867172 -0.222468 0.218689 -2.181687 -1.861803 3.334697 0.510061 2.046515 -0.930649 0.329162 2.957853 -0.106051 10.825777 -0.787079 -0.689831 0.350720 4.101978
1 inf -7.866796 -0.224204 0.223230 -2.174062 -1.880827 3.340754 0.553255 2.057423 -0.998969 0.351951 2.958271 -0.100786 10.872118 -0.759227 -0.688177 0.357606 4.075279
1 inf -7.850260 -0.232429 0.224194 -2.225341 -1.864520 3.325555 0.555486 2.043534 -0.974107 0.398374 2.949785 -0.083885 10.879070 -0.760639 -0.707906 0.369029 4.098399
1 inf -7.858907 -0.257941 0.215863 -2.233567 -1.848517 3.332606 0.566725 2.061279 -0.984420 0.394396 2.935193 -0.061432 10.877712 -0.757658 -0.685938 0.392832 4.115893
1 inf -7.853593 -0.286807 0.229408 -2.229096 -1.817555 3.344924 0.552074 2.068562 -0.966880 0.407651 2.912950 -0.052608 10.882248 -0.773719 -0.711998 0.370242 4.067372
1 inf -7.859507 -0.281352 0.226174 -2.229410 -1.861058 3.340666 0.583658 2.053475 -0.940228 0.382258 2.879207 -0.081488 10.903779 -0.770961 -0.680992 0.371762 4.053538
1 inf -7.869124 -0.299471 0.223287 -2.214641 -1.932877 3.349452 0.584094 2.063620 -0.964022 0.371127 2.882935 -0.072194 10.922170 -0.770249 -0.687266 0.363752 4.056878
1 inf -7.850787 -0.242668 0.245126 -2.189110 -1.949525 3.345433 0.575563 2.075197 -0.962466 0.349836 2.871266 -0.075342 10.914384 -0.776523 -0.676902 0.365139 4.078932
1 inf -7.837291 -0.217339 0.276194 -2.171447 -1.930278 3.329157 0.574374 2.062785 -0.967112 0.353019 2.862489 -0.084659 10.912291 -0.794185 -0.707876 0.382700 4.100634
1 inf -7.812758 -0.183218 0.288126 -2.164549 -1.954571 3.337748 0.592603 2.088732 -0.945030 0.385163 2.831999 -0.041579 10.906174 -0.795326 -0.719820 0.386720 4.145712
1 inf -7.786254 -0.201453 0.258076 -2.221967 -1.993253 3.345494 0.601302 2.123939 -0.933072 0.395686 2.848765 -0.048617 10.888440 -0.819889 -0.713304 0.376795 4.167383
1 inf -7.770051 -0.234821 0.261938 -2.220272 -1.982705 3.338704 0.590978 2.124339 -0.927002 0.378003 2.801940 -0.066930 10.900600 -0.845640 -0.714730 0.372368 4.182047
1 inf -7.742217 -0.244367 0.211186 -2.258859 -1.993802 3.325859 0.595077 2.121960 -0.933896 0.354009 2.794242 -0.037220 10.928143 -0.797239 -0.700748 0.392845 4.158896
1 inf -7.731402 -0.222736 0.247268 -2.290988 -1.950795 3.351097 0.564806 2.138788 -0.946805 0.357204 2.825266 -0.039995 10.949263 -0.805907 -0.674015 0.395352 4.171265
1 inf -7.733893 -0.229239 0.201158 -2.273345 -1.907393 3.368730 0.547655 2.109400 -0.913320 0.354407 2.844686 -0.045962 10.979221 -0.803331 -0.683115 0.396625 4.160076
1 inf -7.751098 -0.245297 0.188761 -2.286753 -1.905314 3.362741 0.584562 2.144451 -0.890931 0.381948 2.860788 -0.017844 10.974860 -0.757899 -0.720232 0.386598 4.135744
1 inf -7.723783 -0.238738 0.156729 -2.269302 -1.903851 3.373035 0.593312 2.124229 -0.931370 0.386967 2.886000 -0.023911 10.986542 -0.738234 -0.682216 0.383204 4.122541
1 inf -7.733234 -0.243800 0.127019 -2.255248 -1.897151 3.363417 0.583993 2.128131 -0.894697 0.396243 2.902341 -0.009919 10.991047 -0.743931 -0.734534 0.390418 4.110513
1 inf -7.712562 -0.240096 0.089848 -2.227455 -1.875626 3.338391 0.586345 2.129724 -0.850563 0.384143 2.828345 0.014935 10.994935 -0.765901 -0.711285 0.398792 4.077599
1 inf -7.723003 -0.220416 0.063833 -2.243970 -1.888991 3.367102 0.597820 2.128294 -0.846302 0.381056 2.846021 0.048367 11.023311 -0.760920 -0.682967 0.374636 4.048840
1 inf -7.714272 -0.167244 0.072138 -2.261244 -1.885921 3.355330 0.555592 2.144432 -0.815334 0.412423 2.833153 0.008307 11.006859 -0.774692 -0.690022 0.344408 4.040078
1 inf -7.716550 -0.183393 0.067457 -2.282980 -1.895833 3.367294 0.599462 2.163769 -0.841306 0.432920 2.806007 0.022736 11.009878 -0.778599 -0.678900 0.361843 4.075270
1 inf -7.729408 -0.163606 0.079054 -2.285348 -1.878671 3.381865 0.617058 2.149440 -0.866404 0.431643 2.812344 -0.004449 11.041817 -0.759504 -0.708485 0.362523 4.106715
1 inf -7.765171 -0.187564 0.098725 -2.298999 -1.895184 3.393236 0.554556 2.198812 -0.862405 0.395289 2.839252 -0.009825 11.052432 -0.732234 -0.749535 0.378897 4.124261
1 inf -7.785059 -0.160418 0.138741 -2.296098 -1.917044 3.397328 0.531823 2.209061 -0.858249 0.375071 2.863533 -0.009607 11.062705 -0.707434 -0.708823 0.404639 4.090940
1 inf -7.768329 -0.166194 0.133680 -2.249866 -1.911428 3.394904 0.512387 2.202556 -0.843446 0.367983 2.864186 0.040132 11.073125 -0.698884 -0.739575 0.381648 4.062845
1 inf -7.701635 -0.155551 0.150668 -2.274753 -1.866256 3.399296 0.530493 2.210662 -0.841630 0.380024 2.882951 -0.024787 11.063649 -0.691770 -0.715536 0.383713 4.047764
1 inf -7.676085 -0.142048 0.155664 -2.277523 -1.879204 3.409438 0.495196 2.233375 -0.852528 0.403627 2.894071 -0.043717 11.089800 -0.662754 -0.704311 0.375197 4.063224
1 inf -7.668608 -0.145896 0.174975 -2.269182 -1.899212 3.448461 0.471741 2.256354 -0.838238 0.407517 2.892639 -0.051246 11.108258 -0.669578 -0.673762 0.365882 4.036961
1 inf -7.678269 -0.154685 0.130534 -2.267633 -1.925410 3.457503 0.464673 2.254464 -0.810637 0.358465 2.879974 -0.071575 11.104079 -0.671468 -0.706934 0.321503 4.047917
1 inf -7.702486 -0.170032 0.129222 -2.285380 -1.905682 3.466543 0.497386 2.266022 -0.813080 0.336224 2.867336 -0.072766 11.106629 -0.656181 -0.717967 0.303673 4.005607
1 inf -7.713952 -0.181935 0.100330 -2.296171 -1.919703 3.447648 0.495863 2.240213 -0.853784 0.358800 2.836754 -0.102796 11.144617 -0.647106 -0.764305 0.311891 3.973003
1 inf -7.710231 -0.210699 0.086297 -2.323307 -1.940305 3.437943 0.494327 2.225559 -0.831143 0.354228 2.816877 -0.100305 11.136783 -0.611448 -0.733469 0.330263 3.968501
1 inf -7.696735 -0.185370 0.117365 -2.305644 -1.921058 3.421667 0.493138 2.213147 -0.835789 0.357411 2.808100 -0.109622 11.134690 -0.629110 -0.764443 0.347824 3.990203
1 inf -7.693761 -0.179529 0.132915 -2.319153 -1.936003 3.420183 0.490136 2.223806 -0.817132 0.360154 2.794495 -0.118357 11.133862 -0.619784 -0.776024 0.293281 3.986060
1 inf -7.696912 -0.136414 0.158241 -2.304484 -1.914099 3.378631 0.489036 2.232649 -0.821851 0.349005 2.787991 -0.097023 11.159373 -0.604083 -0.816808 0.310542 3.982910
1 inf -7.699455 -0.153866 0.143731 -2.313608 -1.900604 3.352188 0.517143 2.219057 -0.849920 0.364767 2.790474 -0.085697 11.165224 -0.599902 -0.820640 0.306936 3.975887
1 inf -7.719867 -0.178438 0.155662 -2.358414 -1.949983 3.348091 0.528717 2.232826 -0.885871 0.346477 2.761909 -0.083744 11.161196 -0.614488 -0.802095 0.315960 3.981404
1 inf -7.720429 -0.159155 0.140940 -2.350324 -1.959129 3.354204 0.567499 2.228842 -0.877320 0.372451 2.765891 -0.120649 11.165469 -0.627293 -0.808957 0.342115 3.952990
1 inf -7.760558 -0.208820 0.151481 -2.347825 -1.980969 3.323252 0.555205 2.256451 -0.851020 0.422784 2.784369 -0.112568 11.122364 -0.636310 -0.798832 0.353815 3.940313
1 inf -7.707080 -0.222325 0.139454 -2.332168 -1.996338 3.330200 0.568407 2.266278 -0.868835 0.419703 2.787834 -0.085352 11.093970 -0.632232 -0.836312 0.291296 3.897412
1 inf -7.738362 -0.234795 0.132874 -2.350254 -1.989034 3.310851 0.547226 2.290607 -0.863400 0.394392 2.757240 -0.068753 11.080651 -0.600325 -0.825613 0.305705 3.884140
1 inf -7.729069 -0.269675 0.131598 -2.360517 -1.987336 3.326551 0.539652 2.319484 -0.838333 0.405211 2.776816 -0.101417 11.077147 -0.612615 -0.786530 0.306273 3.860664
1 inf -7.731276 -0.290317 0.143406 -2.374978 -1.971302 3.380600 0.524653 2.343941 -0.857755 0.428773 2.794658 -0.094814 11.093110 -0.617839 -0.757996 0.350811 3.863576
1 inf -7.782821 -0.260577 0.100874 -2.398794 -1.975626 3.331603 0.524089 2.379470 -0.849422 0.425639 2.758549 -0.084859 11.060357 -0.615933 -0.784047 0.380275 3.834957
1 inf -7.788172 -0.249506 0.107195 -2.352699 -1.969577 3.378634 0.522795 2.370563 -0.800965 0.411991 2.782364 -0.057922 11.062929 -0.629578 -0.779578 0.388474 3.820194
1 inf -7.774577 -0.248411 0.062265 -2.349473 -1.991689 3.408248 0.549935 2.360447 -0.764829 0.460665 2.779869 -0.069882 11.077209 -0.618653 -0.788018 0.404278 3.799581
1 inf -7.745422 -0.247124 0.039491 -2.328594 -1.990875 3.390196 0.584369 2.293651 -0.755054 0.451839 2.788191 -0.032818 11.078018 -0.638454 -0.758690 0.387970 3.818144
1 inf -7.739370 -0.252518 0.028177 -2.329465 -1.949332 3.422255 0.584788 2.287556 -0.752040 0.477289 2.785647 -0.060427 11.067607 -0.637911 -0.737003 0.361047 3.827173
1 inf -7.766130 -0.271790 0.074406 -2.366695 -1.942279 3.403539 0.583617 2.333654 -0.725185 0.478765 2.777979 -0.077720 11.071470 -0.663026 -0.713383 0.356936 3.809211
1 inf -7.722096 -0.273640 0.050323 -2.382505 -1.934064 3.362038 0.623102 2.285966 -0.751385 0.495846 2.734185 -0.079244 11.121761 -0.661943 -0.733217 0.401178 3.816282
1 inf -7.710279 -0.264331 0.031450 -2.384548 -1.925446 3.326889 0.672587 2.286008 -0.770115 0.489684 2.735309 -0.107823 11.120278 -0.668379 -0.739737 0.404397 3.832477
1 inf -7.720399 -0.257789 0.063892 -2.415961 -1.971341 3.323949 0.704096 2.292930 -0.754102 0.496102 2.725182 -0.103198 11.049580 -0.672954 -0.727646 0.389751 3.872127
1 inf -7.717657 -0.245960 0.068931 -2.420166 -1.959856 3.312815 0.717472 2.315482 -0.790381 0.478702 2.721555 -0.113545 11.049115 -0.688252 -0.724227 0.394552 3.863507
1 inf -7.742023 -0.269550 0.079809 -2.457411 -1.945388 3.337346 0.692968 2.332882 -0.835958 0.530517 2.733529 -0.099039 11.078311 -0.704935 -0.706963 0.395022 3.863694
1 inf -7.727490 -0.279577 0.047201 -2.447677 -1.962076 3.338357 0.682857 2.293997 -0.821835 0.504417 2.768655 -0.130775 11.066694 -0.786886 -0.711788 0.397577 3.860123
1 inf -7.723883 -0.296908 0.053068 -2.438610 -1.969318 3.358946 0.657018 2.249623 -0.827313 0.502893 2.790709 -0.118181 11.107152 -0.789203 -0.716368 0.421543 3.871731
1 inf -7.758163 -0.278799 0.008341 -2.437090 -1.926797 3.374129 0.682357 2.300090 -0.843833 0.494981 2.796912 -0.104991 11.078068 -0.837381 -0.691441 0.421116 3.884402
1 inf -7.744667 -0.253470 0.039409 -2.419427 -1.907550 3.357853 0.681168 2.287678 -0.848479 0.498164 2.788135 -0.114308 11.075975 -0.855043 -0.722415 0.438677 3.906104
1 inf -7.766776 -0.260637 -0.003665 -2.423270 -1.888653 3.352084 0.703668 2.313425 -0.891780 0.484374 2.768950 -0.153942 11.089627 -0.844342 -0.753924 0.415459 3.903419
1 inf -7.751275 -0.258103 0.022242 -2.414992 -1.900904 3.376301 0.703051 2.313695 -0.848594 0.505095 2.751554 -0.125667 11.107672 -0.802398 -0.774354 0.422933 3.893881
1 inf -7.753203 -0.258078 0.038893 -2.397722 -1.875740 3.389434 0.715582 2.301298 -0.846867 0.503514 2.755006 -0.094667 11.077350 -0.812242 -0.727701 0.419218 3.871859
1 inf -7.721559 -0.283649 0.055557 -2.361110 -1.859009 3.430940 0.672526 2.277224 -0.877872 0.529997 2.760167 -0.107454 11.072345 -0.819881 -0.735138 0.373865 3.858705
1 inf -7.699006 -0.286029 0.092829 -2.320767 -1.819027 3.433240 0.649622 2.274658 -0.884433 0.508099 2.758645 -0.082604 11.066018 -0.816028 -0.710190 0.402848 3.810798
1 inf -7.717726 -0.260964 0.083933 -2.302454 -1.816455 3.476122 0.650255 2.281589 -0.907166 0.482884 2.759955 -0.125922 11.085408 -0.829368 -0.734273 0.387621 3.784554
1 inf -7.700427 -0.237128 0.087070 -2.344037 -1.786532 3.468679 0.643801 2.283250 -0.925660 0.478663 2.774821 -0.120776 11.075401 -0.845225 -0.731081 0.389720 3.792940
1 inf -7.695994 -0.248242 0.155235 -2.328228 -1.776906 3.467815 0.650321 2.286947 -0.918122 0.465750 2.770397 -0.117845 11.031547 -0.873213 -0.750632 0.384298 3.788142
1 inf -7.690080 -0.258191 0.172479 -2.345918 -1.788198 3.456615 0.668760 2.262354 -0.934666 0.452909 2.799431 -0.123038 11.052357 -0.870961 -0.767368 0.400045 3.775227
1 inf -7.672339 -0.238306 0.181442 -2.347263 -1.753205 3.425393 0.657050 2.247516 -0.925270 0.463929 2.836886 -0.141300 11.053510 -0.859238 -0.798829 0.410014 3.824198
1 inf -7.677459 -0.253467 0.162508 -2.357676 -1.764465 3.440379 0.634391 2.263067 -0.924942 0.467204 2.812437 -0.143632 11.041781 -0.858361 -0.808440 0.410203 3.839474
1 inf -7.667786 -0.270650 0.182515 -2.328047 -1.766879 3.419239 0.613769 2.244622 -0.908018 0.486204 2.831865 -0.140043 11.019251 -0.823004 -0.837405 0.438452 3.851065
1 inf -7.653171 -0.291276 0.165785 -2.373063 -1.779750 3.419373 0.629043 2.258071 -0.891716 0.539335 2.844338 -0.182253 10.986508 -0.820367 -0.872539 0.456136 3.866743
1 inf -7.618192 -0.260671 0.146080 -2.376082 -1.754600 3.415404 0.635787 2.247794 -0.878373 0.518703 2.844807 -0.170253 10.931589 -0.843618 -0.876740 0.434254 3.876056
1 inf -7.640257 -0.248211 0.128866 -2.378693 -1.780660 3.427542 0.647857 2.241028 -0.860365 0.518517 2.864562 -0.167764 10.947589 -0.818731 -0.878085 0.405436 3.890669
1 inf -7.658098 -0.263294 0.141977 -2.370340 -1.729846 3.435736 0.658190 2.228307 -0.862772 0.505606 2.856992 -0.200372 10.983557 -0.782116 -0.851011 0.406161 3.837799
1 inf -7.644602 -0.237965 0.173045 -2.352677 -1.710599 3.419460 0.657001 2.215895 -0.867418 0.508789 2.848215 -0.209689 10.981464 -0.799778 -0.881985 0.423722 3.859501
1 inf -7.665251 -0.227246 0.172309 -2.409136 -1.717164 3.421306 0.681123 2.212457 -0.856706 0.497789 2.832056 -0.188740 10.994598 -0.768885 -0.882059 0.381207 3.878450
1 inf -7.687063 -0.188392 0.175074 -2.421160 -1.730327 3.436756 0.670810 2.207169 -0.824420 0.489856 2.855071 -0.193613 11.005958 -0.806265 -0.926237 0.367705 3.878689
1 inf -7.704058 -0.220199 0.192352 -2.439207 -1.703174 3.471713 0.679535 2.210322 -0.813740 0.473052 2.841376 -0.182825 11.041139 -0.839565 -0.917064 0.345650 3.874229
1 inf -7.688435 -0.171640 0.255843 -2.429072 -1.762179 3.470288 0.649368 2.246822 -0.816669 0.472815 2.849050 -0.192019 11.029155 -0.826447 -0.939286 0.335237 3.865080
1 inf -7.639317 -0.175369 0.261055 -2.462323 -1.751077 3.428865 0.663838 2.250589 -0.830051 0.431948 2.865444 -0.153951 11.008939 -0.828437 -0.932715 0.335523 3.847740
1 inf -7.656234 -0.188054 0.263212 -2.444924 -1.749466 3.412910 0.647168 2.238943 -0.822401 0.438871 2.854109 -0.145575 11.003873 -0.887539 -0.957326 0.322991 3.853776
1 inf -7.651572 -0.194029 0.263994 -2.427405 -1.754001 3.425144 0.669688 2.262949 -0.818280 0.440647 2.835408 -0.116594 10.967068 -0.873922 -0.973072 0.335027 3.805888
1 inf -7.680118 -0.202120 0.261261 -2.427374 -1.748102 3.439474 0.660792 2.238285 -0.809836 0.460211 2.831906 -0.105959 10.981130 -0.901740 -0.954111 0.331822 3.804638
1 inf -7.699147 -0.232150 0.256939 -2.438952 -1.751120 3.445826 0.668378 2.267713 -0.835813 0.453409 2.834840 -0.092489 10.982669 -0.913659 -0.983492 0.311644 3.796757
1 inf -7.741980 -0.230938 0.294938 -2.427190 -1.770922 3.464566 0.659023 2.263385 -0.858483 0.428353 2.838537 -0.121858 10.957108 -0.916576 -0.971586 0.294668 3.831550
1 inf -7.722370 -0.214766 0.296812 -2.418972 -1.768834 3.439621 0.616762 2.285928 -0.885347 0.425577 2.828498 -0.130251 10.987363 -0.921500 -0.974723 0.274868 3.809006
1 inf -7.747674 -0.215727 0.291313 -2.433603 -1.795741 3.471607 0.604949 2.298568 -0.882411 0.420421 2.828887 -0.113648 11.005887 -0.926066 -0.967018 0.305123 3.802621
1 inf -7.739805 -0.234431 0.258470 -2.438745 -1.783089 3.467314 0.591369 2.260774 -0.875829 0.402545 2.805301 -0.127405 10.982490 -0.940490 -0.961410 0.308509 3.810872
1 inf -7.737117 -0.199165 0.213179 -2.441491 -1.779281 3.462035 0.603363 2.249615 -0.907277 0.408920 2.797317 -0.158119 10.976679 -0.908236 -0.980207 0.319216 3.832058
1 inf -7.722738 -0.240748 0.195531 -2.493923 -1.786219 3.459708 0.583354 2.280363 -0.893565 0.414816 2.786864 -0.130680 10.958311 -0.910063 -0.995621 0.316877 3.822234
1 inf -7.711244 -0.234256 0.209533 -2.485411 -1.765533 3.464023 0.562736 2.276436 -0.899510 0.428038 2.775905 -0.102907 10.962410 -0.920449 -0.986344 0.299567 3.825677
1 inf -7.728406 -0.233226 0.212501 -2.460464 -1.778264 3.445104 0.614580 2.269028 -0.928570 0.453374 2.823746 -0.085318 10.959715 -0.915173 -0.983533 0.328519 3.834336
1 inf -7.691021 -0.211670 0.216517 -2.481444 -1.736897 3.434540 0.615803 2.294176 -0.923535 0.447324 2.830214 -0.112967 10.958763 -0.897350 -0.993245 0.278483 3.894193
1 inf -7.681657 -0.209741 0.225280 -2.442665 -1.746098 3.442884 0.625838 2.316858 -0.920726 0.443576 2.829988 -0.092125 10.945780 -0.916646 -0.991544 0.269246 3.871244
1 inf -7.689386 -0.213682 0.220489 -2.454486 -1.766285 3.453931 0.608884 2.298807 -0.914826 0.471286 2.843889 -0.029756 10.997024 -0.937302 -1.012692 0.255729 3.843897
1 inf -7.685905 -0.194835 0.210554 -2.492045 -1.759628 3.448049 0.618505 2.352656 -0.922452 0.459210 2.848595 -0.014845 11.028337 -0.878624 -1.015044 0.254495 3.839461
1 inf -7.659056 -0.213329 0.208659 -2.515274 -1.728942 3.438164 0.604427 2.335307 -0.921265 0.436230 2.863510 -0.021289 10.951597 -0.855604 -0.997784 0.243179 3.833564
1 inf -7.672290 -0.222583 0.178082 -2.502187 -1.725628 3.465122 0.621991 2.329924 -0.906843 0.433337 2.833744 -0.026646 10.934725 -0.869634 -1.048153 0.298495 3.831179
1 inf -7.673707 -0.198863 0.164196 -2.494517 -1.720834 3.456603 0.600938 2.280711 -0.878565 0.444949 2.848484 -0.039160 10.937462 -0.853393 -1.018981 0.284815 3.810852
1 inf -7.657750 -0.178644 0.145189 -2.456982 -1.708320 3.476923 0.615419 2.278073 -0.910774 0.437988 2.868600 -0.036592 10.935447 -0.846625 -1.015747 0.305329 3.792114
1 inf -7.644254 -0.153315 0.176257 -2.439319 -1.689073 3.460647 0.614230 2.265661 -0.915420 0.441171 2.859823 -0.045909 10.933354 -0.864287 -1.046721 0.322890 3.813816
1 inf -7.643975 -0.109426 0.191471 -2.433469 -1.666085 3.446495 0.658697 2.247931 -0.878005 0.421493 2.869178 -0.083003 10.929707 -0.869442 -1.032585 0.310806 3.818605
1 inf -7.634753 -0.114958 0.216290 -2.441299 -1.660953 3.455313 0.628713 2.214637 -0.830167 0.407328 2.874055 -0.076371 10.883789 -0.851873 -1.016854 0.283053 3.799300
1 inf -7.620774 -0.134426 0.235416 -2.462697 -1.670837 3.457897 0.639139 2.237979 -0.804379 0.395596 2.869464 -0.061729 10.891318 -0.858405 -1.014635 0.291083 3.769181
1 inf -7.600459 -0.150346 0.259384 -2.477792 -1.676021 3.465043 0.665017 2.246403 -0.781435 0.404218 2.814769 -0.073505 10.889329 -0.840279 -1.041620 0.285198 3.784486
1 inf -7.607432 -0.142634 0.255204 -2.446976 -1.663863 3.451739 0.709198 2.232038 -0.770765 0.413793 2.821493 -0.090167 10.904135 -0.849983 -1.076294 0.248533 3.762794
1 inf -7.621436 -0.146291 0.272852 -2.435589 -1.667773 3.428963 0.730050 2.229918 -0.753182 0.406362 2.847926 -0.126790 10.917548 -0.794685 -1.091362 0.231330 3.775299
1 inf -7.632681 -0.139633 0.252175 -2.396008 -1.692609 3.405599 0.740061 2.252928 -0.763780 0.404733 2.859635 -0.149311 10.891487 -0.769855 -1.117631 0.228795 3.793572
1 inf -7.663552 -0.121913 0.223474 -2.427420 -1.705423 3.400992 0.706332 2.274659 -0.775676 0.387419 2.841433 -0.117593 10.884838 -0.770668 -1.105586 0.234298 3.771212
1 inf -7.689002 -0.106423 0.217539 -2.409953 -1.670605 3.421157 0.697549 2.240470 -0.747404 0.394561 2.859544 -0.100454 10.898076 -0.771549 -1.103688 0.207703 3.762747
1 inf -7.711992 -0.120466 0.219111 -2.375729 -1.653295 3.417385 0.674395 2.239568 -0.782159 0.353415 2.858890 -0.110463 10.894173 -0.744206 -1.104113 0.223556 3.777566
1 inf -7.764427 -0.121984 0.208029 -2.333346 -1.641811 3.377950 0.688767 2.242377 -0.797140 0.308428 2.862193 -0.106571 10.923286 -0.726784 -1.121988 0.221514 3.773587
1 inf -7.738406 -0.135545 0.226691 -2.322373 -1.715247 3.355988 0.695755 2.245506 -0.830287 0.298589 2.844402 -0.112308 10.898162 -0.714516 -1.130052 0.233891 3.756149
1 inf -7.711525 -0.159297 0.261546 -2.283197 -1.736703 3.395639 0.714113 2.236779 -0.826261 0.291052 2.839331 -0.077009 10.864206 -0.713678 -1.120842 0.241286 3.768656
1 inf -7.707682 -0.137166 0.265642 -2.261493 -1.709503 3.392124 0.681580 2.237613 -0.834955 0.286732 2.843068 -0.067685 10.857960 -0.707551 -1.131864 0.222635 3.770875
1 inf -7.705388 -0.110298 0.246600 -2.233616 -1.684310 3.388160 0.696812 2.217464 -0.825963 0.283225 2.860533 -0.070082 10.851209 -0.701759 -1.136427 0.258429 3.743146
1 inf -7.721068 -0.108023 0.243155 -2.208094 -1.666974 3.388698 0.686898 2.239531 -0.825721 0.265284 2.866791 -0.050510 10.869718 -0.689585 -1.147149 0.275016 3.716866
1 inf -7.659345 -0.130142 0.243293 -2.190777 -1.659333 3.333006 0.667521 2.231801 -0.846719 0.295245 2.882804 -0.032374 10.878122 -0.726258 -1.146573 0.278177 3.688139
1 inf -7.655843 -0.146299 0.252592 -2.171256 -1.628751 3.323641 0.668351 2.223139 -0.821459 0.310068 2.911428 -0.008380 10.905430 -0.732467 -1.139009 0.288885 3.709307
1 inf -7.658903 -0.162435 0.243570 -2.156984 -1.653272 3.280118 0.665818 2.218503 -0.817103 0.256147 2.924596 -0.038009 10.938739 -0.733309 -1.109827 0.296965 3.701056
1 inf -7.666594 -0.150785 0.227079 -2.180866 -1.665985 3.253158 0.663782 2.176982 -0.850305 0.269851 2.896845 -0.030114 10.925596 -0.749831 -1.098533 0.276225 3.688855
1 inf -7.643503 -0.144113 0.213996 -2.162752 -1.622483 3.236045 0.672107 2.163097 -0.837315 0.278697 2.856808 -0.049613 10.943596 -0.726341 -1.086076 0.264381 3.658992
1 inf -7.646952 -0.128092 0.227910 -2.163230 -1.628256 3.224441 0.669532 2.163287 -0.830791 0.294587 2.865213 -0.039575 10.947535 -0.702031 -1.094661 0.259607 3.649596
1 inf -7.671529 -0.146816 0.222645 -2.183100 -1.640673 3.239957 0.677931 2.211787 -0.843210 0.310835 2.842194 -0.031050 10.963449 -0.695411 -1.114767 0.230046 3.672478
1 inf -7.683887 -0.193185 0.240585 -2.215927 -1.627064 3.239057 0.677488 2.196164 -0.818469 0.319497 2.841666 -0.030394 11.009696 -0.653367 -1.096320 0.222210 3.680260
1 inf -7.686129 -0.197364 0.214891 -2.247718 -1.636282 3.252574 0.692377 2.175836 -0.776331 0.327246 2.839018 -0.019079 11.033978 -0.614704 -1.072689 0.211627 3.707259
1 inf -7.672633 -0.172035 0.245959 -2.230055 -1.617035 3.236298 0.691188 2.163424 -0.780977 0.330429 2.830241 -0.028396 11.031885 -0.632366 -1.103663 0.229188 3.728961
1 inf -7.666998 -0.200378 0.231540 -2.170905 -1.661850 3.220661 0.688889 2.163248 -0.759739 0.317781 2.817422 0.001532 11.021463 -0.629635 -1.130756 0.217507 3.708016
1 inf -7.663171 -0.179286 0.237864 -2.146960 -1.659111 3.231390 0.742641 2.203483 -0.787683 0.287485 2.850948 0.011386 11.029872 -0.628156 -1.115681 0.212509 3.753554
1 inf -7.627156 -0.181142 0.199161 -2.149814 -1.652333 3.231763 0.699764 2.204400 -0.787576 0.302134 2.843589 -0.032802 11.033836 -0.647574 -1.100580 0.182345 3.790077
1 inf -7.616710 -0.158043 0.226040 -2.152000 -1.664622 3.247426 0.679739 2.180006 -0.795241 0.335757 2.890022 -0.053060 11.070693 -0.639928 -1.112274 0.171728 3.790022
1 inf -7.651092 -0.134953 0.207512 -2.123312 -1.637351 3.256511 0.700403 2.175641 -0.838712 0.344366 2.888864 -0.058149 11.072874 -0.638756 -1.092719 0.143101 3.815420
1 inf -7.632482 -0.116282 0.202348 -2.135089 -1.647869 3.239588 0.674821 2.139223 -0.853522 0.321299 2.886098 -0.074234 11.075746 -0.630296 -1.121800 0.118850 3.790569
