1 289.92306 -8.575100 -0.913449 -0.236643 -2.279382 -1.432918 3.468785 0.260040 2.493243 0.200294 0.537231 2.275315 0.132389 10.354768 -0.288557 0.287129 3.598573
1 289.92306 -8.575100 -0.913449 -0.236643 -2.279382 -1.432918 3.468785 0.260040 2.493243 0.200294 0.537231 2.275315 0.132389 10.354768 -0.288557 0.287129 3.598573
1 285.07565 -8.553947 -0.951056 -0.258895 -2.270913 -1.411154 3.471762 0.276990 2.490748 0.202473 0.530839 2.304259 0.134297 10.310119 -0.295142 0.305150 3.584761
1 283.61223 -8.573730 -0.959081 -0.257771 -2.341723 -1.421441 3.464827 0.238389 2.499891 0.192278 0.509651 2.323106 0.109608 10.289981 -0.239049 0.308254 3.593481
1 283.61223 -8.573730 -0.959081 -0.257771 -2.341723 -1.421441 3.464827 0.238389 2.499891 0.192278 0.509651 2.323106 0.109608 10.289981 -0.239049 0.308254 3.593481
1 283.61223 -8.573730 -0.959081 -0.257771 -2.341723 -1.421441 3.464827 0.238389 2.499891 0.192278 0.509651 2.323106 0.109608 10.289981 -0.239049 0.308254 3.593481
1 283.61223 -8.573730 -0.959081 -0.257771 -2.341723 -1.421441 3.464827 0.238389 2.499891 0.192278 0.509651 2.323106 0.109608 10.289981 -0.239049 0.308254 3.593481
1 283.61223 -8.573730 -0.959081 -0.257771 -2.341723 -1.421441 3.464827 0.238389 2.499891 0.192278 0.509651 2.323106 0.109608 10.289981 -0.239049 0.308254 3.593481
1 283.61223 -8.573730 -0.959081 -0.257771 -2.341723 -1.421441 3.464827 0.238389 2.499891 0.192278 0.509651 2.323106 0.109608 10.289981 -0.239049 0.308254 3.593481
1 283.61223 -8.573730 -0.959081 -0.257771 -2.341723 -1.421441 3.464827 0.238389 2.499891 0.192278 0.509651 2.323106 0.109608 10.289981 -0.239049 0.308254 3.593481
1 283.61223 -8.573730 -0.959081 -0.257771 -2.341723 -1.421441 3.464827 0.238389 2.499891 0.192278 0.509651 2.323106 0.109608 10.289981 -0.239049 0.308254 3.593481
1 283.61223 -8.573730 -0.959081 -0.257771 -2.341723 -1.421441 3.464827 0.238389 2.499891 0.192278 0.509651 2.323106 0.109608 10.289981 -0.239049 0.308254 3.593481
1 280.10578 -8.598998 -0.951591 -0.276196 -2.364625 -1.447688 3.453354 0.251043 2.494049 0.184585 0.526401 2.301118 0.128555 10.264923 -0.254473 0.293643 3.581353
1 280.10578 -8.598998 -0.951591 -0.276196 -2.364625 -1.447688 3.453354 0.251043 2.494049 0.184585 0.526401 2.301118 0.128555 10.264923 -0.254473 0.293643 3.581353
1 280.10578 -8.598998 -0.951591 -0.276196 -2.364625 -1.447688 3.453354 0.251043 2.494049 0.184585 0.526401 2.301118 0.128555 10.264923 -0.254473 0.293643 3.581353
1 280.10578 -8.598998 -0.951591 -0.276196 -2.364625 -1.447688 3.453354 0.251043 2.494049 0.184585 0.526401 2.301118 0.128555 10.264923 -0.254473 0.293643 3.581353
1 280.10578 -8.598998 -0.951591 -0.276196 -2.364625 -1.447688 3.453354 0.251043 2.494049 0.184585 0.526401 2.301118 0.128555 10.264923 -0.254473 0.293643 3.581353
1 280.10578 -8.598998 -0.951591 -0.276196 -2.364625 -1.447688 3.453354 0.251043 2.494049 0.184585 0.526401 2.301118 0.128555 10.264923 -0.254473 0.293643 3.581353
1 280.10578 -8.598998 -0.951591 -0.276196 -2.364625 -1.447688 3.453354 0.251043 2.494049 0.184585 0.526401 2.301118 0.128555 10.264923 -0.254473 0.293643 3.581353
1 280.10578 -8.598998 -0.951591 -0.276196 -2.364625 -1.447688 3.453354 0.251043 2.494049 0.184585 0.526401 2.301118 0.128555 10.264923 -0.254473 0.293643 3.581353
1 280.10578 -8.598998 -0.951591 -0.276196 -2.364625 -1.447688 3.453354 0.251043 2.494049 0.184585 0.526401 2.301118 0.128555 10.264923 -0.254473 0.293643 3.581353
1 280.10578 -8.598998 -0.951591 -0.276196 -2.364625 -1.447688 3.453354 0.251043 2.494049 0.184585 0.526401 2.301118 0.128555 10.264923 -0.254473 0.293643 3.581353
1 280.10578 -8.598998 -0.951591 -0.276196 -2.364625 -1.447688 3.453354 0.251043 2.494049 0.184585 0.526401 2.301118 0.128555 10.264923 -0.254473 0.293643 3.581353
1 276.81698 -8.605717 -0.990243 -0.259784 -2.403133 -1.444160 3.473628 0.264940 2.499775 0.185430 0.536127 2.311320 0.143422 10.288598 -0.282942 0.280040 3.607949
1 276.81698 -8.605717 -0.990243 -0.259784 -2.403133 -1.444160 3.473628 0.264940 2.499775 0.185430 0.536127 2.311320 0.143422 10.288598 -0.282942 0.280040 3.607949
1 276.81698 -8.605717 -0.990243 -0.259784 -2.403133 -1.444160 3.473628 0.264940 2.499775 0.185430 0.536127 2.311320 0.143422 10.288598 -0.282942 0.280040 3.607949
1 276.81698 -8.605717 -0.990243 -0.259784 -2.403133 -1.444160 3.473628 0.264940 2.499775 0.185430 0.536127 2.311320 0.143422 10.288598 -0.282942 0.280040 3.607949
1 276.81698 -8.605717 -0.990243 -0.259784 -2.403133 -1.444160 3.473628 0.264940 2.499775 0.185430 0.536127 2.311320 0.143422 10.288598 -0.282942 0.280040 3.607949
1 276.81698 -8.605717 -0.990243 -0.259784 -2.403133 -1.444160 3.473628 0.264940 2.499775 0.185430 0.536127 2.311320 0.143422 10.288598 -0.282942 0.280040 3.607949
1 276.81698 -8.605717 -0.990243 -0.259784 -2.403133 -1.444160 3.473628 0.264940 2.499775 0.185430 0.536127 2.311320 0.143422 10.288598 -0.282942 0.280040 3.607949
1 276.81698 -8.605717 -0.990243 -0.259784 -2.403133 -1.444160 3.473628 0.264940 2.499775 0.185430 0.536127 2.311320 0.143422 10.288598 -0.282942 0.280040 3.607949
1 272.20677 -8.627500 -0.974038 -0.275229 -2.423541 -1.447341 3.454592 0.247873 2.486538 0.192148 0.525415 2.315495 0.182172 10.315781 -0.266787 0.327523 3.613849
1 272.20677 -8.627500 -0.974038 -0.275229 -2.423541 -1.447341 3.454592 0.247873 2.486538 0.192148 0.525415 2.315495 0.182172 10.315781 -0.266787 0.327523 3.613849
1 272.20677 -8.627500 -0.974038 -0.275229 -2.423541 -1.447341 3.454592 0.247873 2.486538 0.192148 0.525415 2.315495 0.182172 10.315781 -0.266787 0.327523 3.613849
1 272.20677 -8.627500 -0.974038 -0.275229 -2.423541 -1.447341 3.454592 0.247873 2.486538 0.192148 0.525415 2.315495 0.182172 10.315781 -0.266787 0.327523 3.613849
1 271.66967 -8.610524 -0.995624 -0.263713 -2.448860 -1.469921 3.454255 0.205922 2.497191 0.204961 0.537787 2.315484 0.192420 10.348416 -0.283610 0.291269 3.631324
1 271.66967 -8.610524 -0.995624 -0.263713 -2.448860 -1.469921 3.454255 0.205922 2.497191 0.204961 0.537787 2.315484 0.192420 10.348416 -0.283610 0.291269 3.631324
1 271.66967 -8.610524 -0.995624 -0.263713 -2.448860 -1.469921 3.454255 0.205922 2.497191 0.204961 0.537787 2.315484 0.192420 10.348416 -0.283610 0.291269 3.631324
1 271.66967 -8.610524 -0.995624 -0.263713 -2.448860 -1.469921 3.454255 0.205922 2.497191 0.204961 0.537787 2.315484 0.192420 10.348416 -0.283610 0.291269 3.631324
1 271.66967 -8.610524 -0.995624 -0.263713 -2.448860 -1.469921 3.454255 0.205922 2.497191 0.204961 0.537787 2.315484 0.192420 10.348416 -0.283610 0.291269 3.631324
1 271.66967 -8.610524 -0.995624 -0.263713 -2.448860 -1.469921 3.454255 0.205922 2.497191 0.204961 0.537787 2.315484 0.192420 10.348416 -0.283610 0.291269 3.631324
1 271.66967 -8.610524 -0.995624 -0.263713 -2.448860 -1.469921 3.454255 0.205922 2.497191 0.204961 0.537787 2.315484 0.192420 10.348416 -0.283610 0.291269 3.631324
1 271.66967 -8.610524 -0.995624 -0.263713 -2.448860 -1.469921 3.454255 0.205922 2.497191 0.204961 0.537787 2.315484 0.192420 10.348416 -0.283610 0.291269 3.631324
1 271.66967 -8.610524 -0.995624 -0.263713 -2.448860 -1.469921 3.454255 0.205922 2.497191 0.204961 0.537787 2.315484 0.192420 10.348416 -0.283610 0.291269 3.631324
1 271.66967 -8.610524 -0.995624 -0.263713 -2.448860 -1.469921 3.454255 0.205922 2.497191 0.204961 0.537787 2.315484 0.192420 10.348416 -0.283610 0.291269 3.631324
1 271.66967 -8.610524 -0.995624 -0.263713 -2.448860 -1.469921 3.454255 0.205922 2.497191 0.204961 0.537787 2.315484 0.192420 10.348416 -0.283610 0.291269 3.631324
1 271.66967 -8.610524 -0.995624 -0.263713 -2.448860 -1.469921 3.454255 0.205922 2.497191 0.204961 0.537787 2.315484 0.192420 10.348416 -0.283610 0.291269 3.631324
1 271.66967 -8.610524 -0.995624 -0.263713 -2.448860 -1.469921 3.454255 0.205922 2.497191 0.204961 0.537787 2.315484 0.192420 10.348416 -0.283610 0.291269 3.631324
1 271.66967 -8.610524 -0.995624 -0.263713 -2.448860 -1.469921 3.454255 0.205922 2.497191 0.204961 0.537787 2.315484 0.192420 10.348416 -0.283610 0.291269 3.631324
1 271.66967 -8.610524 -0.995624 -0.263713 -2.448860 -1.469921 3.454255 0.205922 2.497191 0.204961 0.537787 2.315484 0.192420 10.348416 -0.283610 0.291269 3.631324
