1 276.06801 -8.540259 -0.932963 -0.230634 -2.268247 -1.470077 3.467865 0.268437 2.456731 0.217189 0.586100 2.299264 0.126065 10.356812 -0.294349 0.260064 3.612280
1 276.06801 -8.540259 -0.932963 -0.230634 -2.268247 -1.470077 3.467865 0.268437 2.456731 0.217189 0.586100 2.299264 0.126065 10.356812 -0.294349 0.260064 3.612280
1 276.06801 -8.540259 -0.932963 -0.230634 -2.268247 -1.470077 3.467865 0.268437 2.456731 0.217189 0.586100 2.299264 0.126065 10.356812 -0.294349 0.260064 3.612280
1 276.06801 -8.540259 -0.932963 -0.230634 -2.268247 -1.470077 3.467865 0.268437 2.456731 0.217189 0.586100 2.299264 0.126065 10.356812 -0.294349 0.260064 3.612280
1 276.06801 -8.540259 -0.932963 -0.230634 -2.268247 -1.470077 3.467865 0.268437 2.456731 0.217189 0.586100 2.299264 0.126065 10.356812 -0.294349 0.260064 3.612280
1 276.06801 -8.540259 -0.932963 -0.230634 -2.268247 -1.470077 3.467865 0.268437 2.456731 0.217189 0.586100 2.299264 0.126065 10.356812 -0.294349 0.260064 3.612280
1 276.06801 -8.540259 -0.932963 -0.230634 -2.268247 -1.470077 3.467865 0.268437 2.456731 0.217189 0.586100 2.299264 0.126065 10.356812 -0.294349 0.260064 3.612280
1 276.06801 -8.540259 -0.932963 -0.230634 -2.268247 -1.470077 3.467865 0.268437 2.456731 0.217189 0.586100 2.299264 0.126065 10.356812 -0.294349 0.260064 3.612280
1 276.06801 -8.540259 -0.932963 -0.230634 -2.268247 -1.470077 3.467865 0.268437 2.456731 0.217189 0.586100 2.299264 0.126065 10.356812 -0.294349 0.260064 3.612280
1 276.06801 -8.540259 -0.932963 -0.230634 -2.268247 -1.470077 3.467865 0.268437 2.456731 0.217189 0.586100 2.299264 0.126065 10.356812 -0.294349 0.260064 3.612280
1 276.06801 -8.540259 -0.932963 -0.230634 -2.268247 -1.470077 3.467865 0.268437 2.456731 0.217189 0.586100 2.299264 0.126065 10.356812 -0.294349 0.260064 3.612280
1 276.06801 -8.540259 -0.932963 -0.230634 -2.268247 -1.470077 3.467865 0.268437 2.456731 0.217189 0.586100 2.299264 0.126065 10.356812 -0.294349 0.260064 3.612280
1 276.06801 -8.540259 -0.932963 -0.230634 -2.268247 -1.470077 3.467865 0.268437 2.456731 0.217189 0.586100 2.299264 0.126065 10.356812 -0.294349 0.260064 3.612280
1 276.06801 -8.540259 -0.932963 -0.230634 -2.268247 -1.470077 3.467865 0.268437 2.456731 0.217189 0.586100 2.299264 0.126065 10.356812 -0.294349 0.260064 3.612280
1 276.06801 -8.540259 -0.932963 -0.230634 -2.268247 -1.470077 3.467865 0.268437 2.456731 0.217189 0.586100 2.299264 0.126065 10.356812 -0.294349 0.260064 3.612280
1 276.06801 -8.540259 -0.932963 -0.230634 -2.268247 -1.470077 3.467865 0.268437 2.456731 0.217189 0.586100 2.299264 0.126065 10.356812 -0.294349 0.260064 3.612280
1 276.06801 -8.540259 -0.932963 -0.230634 -2.268247 -1.470077 3.467865 0.268437 2.456731 0.217189 0.586100 2.299264 0.126065 10.356812 -0.294349 0.260064 3.612280
1 276.06801 -8.540259 -0.932963 -0.230634 -2.268247 -1.470077 3.467865 0.268437 2.456731 0.217189 0.586100 2.299264 0.126065 10.356812 -0.294349 0.260064 3.612280
1 276.06801 -8.540259 -0.932963 -0.230634 -2.268247 -1.470077 3.467865 0.268437 2.456731 0.217189 0.586100 2.299264 0.126065 10.356812 -0.294349 0.260064 3.612280
1 276.06801 -8.540259 -0.932963 -0.230634 -2.268247 -1.470077 3.467865 0.268437 2.456731 0.217189 0.586100 2.299264 0.126065 10.356812 -0.294349 0.260064 3.612280
1 276.06801 -8.540259 -0.932963 -0.230634 -2.268247 -1.470077 3.467865 0.268437 2.456731 0.217189 0.586100 2.299264 0.126065 10.356812 -0.294349 0.260064 3.612280
1 276.06801 -8.540259 -0.932963 -0.230634 -2.268247 -1.470077 3.467865 0.268437 2.456731 0.217189 0.586100 2.299264 0.126065 10.356812 -0.294349 0.260064 3.612280
1 276.06801 -8.540259 -0.932963 -0.230634 -2.268247 -1.470077 3.467865 0.268437 2.456731 0.217189 0.586100 2.299264 0.126065 10.356812 -0.294349 0.260064 3.612280
1 276.06801 -8.540259 -0.932963 -0.230634 -2.268247 -1.470077 3.467865 0.268437 2.456731 0.217189 0.586100 2.299264 0.126065 10.356812 -0.294349 0.260064 3.612280
1 276.06801 -8.540259 -0.932963 -0.230634 -2.268247 -1.470077 3.467865 0.268437 2.456731 0.217189 0.586100 2.299264 0.126065 10.356812 -0.294349 0.260064 3.612280
1 276.06801 -8.540259 -0.932963 -0.230634 -2.268247 -1.470077 3.467865 0.268437 2.456731 0.217189 0.586100 2.299264 0.126065 10.356812 -0.294349 0.260064 3.612280
1 276.06801 -8.540259 -0.932963 -0.230634 -2.268247 -1.470077 3.467865 0.268437 2.456731 0.217189 0.586100 2.299264 0.126065 10.356812 -0.294349 0.260064 3.612280
1 276.06801 -8.540259 -0.932963 -0.230634 -2.268247 -1.470077 3.467865 0.268437 2.456731 0.217189 0.586100 2.299264 0.126065 10.356812 -0.294349 0.260064 3.612280
1 276.06801 -8.540259 -0.932963 -0.230634 -2.268247 -1.470077 3.467865 0.268437 2.456731 0.217189 0.586100 2.299264 0.126065 10.356812 -0.294349 0.260064 3.612280
1 276.06801 -8.540259 -0.932963 -0.230634 -2.268247 -1.470077 3.467865 0.268437 2.456731 0.217189 0.586100 2.299264 0.126065 10.356812 -0.294349 0.260064 3.612280
1 276.06801 -8.540259 -0.932963 -0.230634 -2.268247 -1.470077 3.467865 0.268437 2.456731 0.217189 0.586100 2.299264 0.126065 10.356812 -0.294349 0.260064 3.612280
1 276.06801 -8.540259 -0.932963 -0.230634 -2.268247 -1.470077 3.467865 0.268437 2.456731 0.217189 0.586100 2.299264 0.126065 10.356812 -0.294349 0.260064 3.612280
1 276.06801 -8.540259 -0.932963 -0.230634 -2.268247 -1.470077 3.467865 0.268437 2.456731 0.217189 0.586100 2.299264 0.126065 10.356812 -0.294349 0.260064 3.612280
1 276.06801 -8.540259 -0.932963 -0.230634 -2.268247 -1.470077 3.467865 0.268437 2.456731 0.217189 0.586100 2.299264 0.126065 10.356812 -0.294349 0.260064 3.612280
1 276.06801 -8.540259 -0.932963 -0.230634 -2.268247 -1.470077 3.467865 0.268437 2.456731 0.217189 0.586100 2.299264 0.126065 10.356812 -0.294349 0.260064 3.612280
1 276.06801 -8.540259 -0.932963 -0.230634 -2.268247 -1.470077 3.467865 0.268437 2.456731 0.217189 0.586100 2.299264 0.126065 10.356812 -0.294349 0.260064 3.612280
1 276.06801 -8.540259 -0.932963 -0.230634 -2.268247 -1.470077 3.467865 0.268437 2.456731 0.217189 0.586100 2.299264 0.126065 10.356812 -0.294349 0.260064 3.612280
1 276.06801 -8.540259 -0.932963 -0.230634 -2.268247 -1.470077 3.467865 0.268437 2.456731 0.217189 0.586100 2.299264 0.126065 10.356812 -0.294349 0.260064 3.612280
1 276.06801 -8.540259 -0.932963 -0.230634 -2.268247 -1.470077 3.467865 0.268437 2.456731 0.217189 0.586100 2.299264 0.126065 10.356812 -0.294349 0.260064 3.612280
1 276.06801 -8.540259 -0.932963 -0.230634 -2.268247 -1.470077 3.467865 0.268437 2.456731 0.217189 0.586100 2.299264 0.126065 10.356812 -0.294349 0.260064 3.612280
1 275.9822 -8.534178 -0.931875 -0.228332 -2.263676 -1.481367 3.454291 0.309519 2.448191 0.200380 0.628564 2.291524 0.087016 10.346912 -0.300572 0.258273 3.573540
1 275.9822 -8.534178 -0.931875 -0.228332 -2.263676 -1.481367 3.454291 0.309519 2.448191 0.200380 0.628564 2.291524 0.087016 10.346912 -0.300572 0.258273 3.573540
1 275.9822 -8.534178 -0.931875 -0.228332 -2.263676 -1.481367 3.454291 0.309519 2.448191 0.200380 0.628564 2.291524 0.087016 10.346912 -0.300572 0.258273 3.573540
1 275.9822 -8.534178 -0.931875 -0.228332 -2.263676 -1.481367 3.454291 0.309519 2.448191 0.200380 0.628564 2.291524 0.087016 10.346912 -0.300572 0.258273 3.573540
1 275.9822 -8.534178 -0.931875 -0.228332 -2.263676 -1.481367 3.454291 0.309519 2.448191 0.200380 0.628564 2.291524 0.087016 10.346912 -0.300572 0.258273 3.573540
1 275.9822 -8.534178 -0.931875 -0.228332 -2.263676 -1.481367 3.454291 0.309519 2.448191 0.200380 0.628564 2.291524 0.087016 10.346912 -0.300572 0.258273 3.573540
1 275.9822 -8.534178 -0.931875 -0.228332 -2.263676 -1.481367 3.454291 0.309519 2.448191 0.200380 0.628564 2.291524 0.087016 10.346912 -0.300572 0.258273 3.573540
1 275.9822 -8.534178 -0.931875 -0.228332 -2.263676 -1.481367 3.454291 0.309519 2.448191 0.200380 0.628564 2.291524 0.087016 10.346912 -0.300572 0.258273 3.573540
1 275.9822 -8.534178 -0.931875 -0.228332 -2.263676 -1.481367 3.454291 0.309519 2.448191 0.200380 0.628564 2.291524 0.087016 10.346912 -0.300572 0.258273 3.573540
1 275.9822 -8.534178 -0.931875 -0.228332 -2.263676 -1.481367 3.454291 0.309519 2.448191 0.200380 0.628564 2.291524 0.087016 10.346912 -0.300572 0.258273 3.573540
1 275.9822 -8.534178 -0.931875 -0.228332 -2.263676 -1.481367 3.454291 0.309519 2.448191 0.200380 0.628564 2.291524 0.087016 10.346912 -0.300572 0.258273 3.573540
