1 155.14675 -8.735514 -0.977899 -0.265307 -2.226366 -1.375392 3.408869 0.177077 2.524186 0.151314 0.606817 2.302937 0.186525 10.471459 -0.759849 -0.257414 0.186074 3.709014
1 155.14675 -8.735514 -0.977899 -0.265307 -2.226366 -1.375392 3.408869 0.177077 2.524186 0.151314 0.606817 2.302937 0.186525 10.471459 -0.759849 -0.257414 0.186074 3.709014
1 155.14675 -8.735514 -0.977899 -0.265307 -2.226366 -1.375392 3.408869 0.177077 2.524186 0.151314 0.606817 2.302937 0.186525 10.471459 -0.759849 -0.257414 0.186074 3.709014
1 155.14675 -8.735514 -0.977899 -0.265307 -2.226366 -1.375392 3.408869 0.177077 2.524186 0.151314 0.606817 2.302937 0.186525 10.471459 -0.759849 -0.257414 0.186074 3.709014
1 155.14675 -8.735514 -0.977899 -0.265307 -2.226366 -1.375392 3.408869 0.177077 2.524186 0.151314 0.606817 2.302937 0.186525 10.471459 -0.759849 -0.257414 0.186074 3.709014
1 155.14675 -8.735514 -0.977899 -0.265307 -2.226366 -1.375392 3.408869 0.177077 2.524186 0.151314 0.606817 2.302937 0.186525 10.471459 -0.759849 -0.257414 0.186074 3.709014
1 138.04082 -8.762045 -0.986545 -0.254608 -2.229108 -1.365947 3.412115 0.229826 2.532297 0.182637 0.581122 2.323426 0.197495 10.459174 -0.741209 -0.269413 0.192038 3.706071
1 138.04082 -8.762045 -0.986545 -0.254608 -2.229108 -1.365947 3.412115 0.229826 2.532297 0.182637 0.581122 2.323426 0.197495 10.459174 -0.741209 -0.269413 0.192038 3.706071
1 138.04082 -8.762045 -0.986545 -0.254608 -2.229108 -1.365947 3.412115 0.229826 2.532297 0.182637 0.581122 2.323426 0.197495 10.459174 -0.741209 -0.269413 0.192038 3.706071
1 138.04082 -8.762045 -0.986545 -0.254608 -2.229108 -1.365947 3.412115 0.229826 2.532297 0.182637 0.581122 2.323426 0.197495 10.459174 -0.741209 -0.269413 0.192038 3.706071
1 138.04082 -8.762045 -0.986545 -0.254608 -2.229108 -1.365947 3.412115 0.229826 2.532297 0.182637 0.581122 2.323426 0.197495 10.459174 -0.741209 -0.269413 0.192038 3.706071
1 138.04082 -8.762045 -0.986545 -0.254608 -2.229108 -1.365947 3.412115 0.229826 2.532297 0.182637 0.581122 2.323426 0.197495 10.459174 -0.741209 -0.269413 0.192038 3.706071
1 138.04082 -8.762045 -0.986545 -0.254608 -2.229108 -1.365947 3.412115 0.229826 2.532297 0.182637 0.581122 2.323426 0.197495 10.459174 -0.741209 -0.269413 0.192038 3.706071
1 138.04082 -8.762045 -0.986545 -0.254608 -2.229108 -1.365947 3.412115 0.229826 2.532297 0.182637 0.581122 2.323426 0.197495 10.459174 -0.741209 -0.269413 0.192038 3.706071
1 138.04082 -8.762045 -0.986545 -0.254608 -2.229108 -1.365947 3.412115 0.229826 2.532297 0.182637 0.581122 2.323426 0.197495 10.459174 -0.741209 -0.269413 0.192038 3.706071
1 138.04082 -8.762045 -0.986545 -0.254608 -2.229108 -1.365947 3.412115 0.229826 2.532297 0.182637 0.581122 2.323426 0.197495 10.459174 -0.741209 -0.269413 0.192038 3.706071
1 138.04082 -8.762045 -0.986545 -0.254608 -2.229108 -1.365947 3.412115 0.229826 2.532297 0.182637 0.581122 2.323426 0.197495 10.459174 -0.741209 -0.269413 0.192038 3.706071
1 138.04082 -8.762045 -0.986545 -0.254608 -2.229108 -1.365947 3.412115 0.229826 2.532297 0.182637 0.581122 2.323426 0.197495 10.459174 -0.741209 -0.269413 0.192038 3.706071
1 137.99442 -8.774625 -0.998790 -0.223697 -2.256105 -1.382756 3.411463 0.195800 2.547532 0.187469 0.590626 2.319457 0.209568 10.444129 -0.727376 -0.274689 0.191546 3.739345
1 137.99442 -8.774625 -0.998790 -0.223697 -2.256105 -1.382756 3.411463 0.195800 2.547532 0.187469 0.590626 2.319457 0.209568 10.444129 -0.727376 -0.274689 0.191546 3.739345
1 137.99442 -8.774625 -0.998790 -0.223697 -2.256105 -1.382756 3.411463 0.195800 2.547532 0.187469 0.590626 2.319457 0.209568 10.444129 -0.727376 -0.274689 0.191546 3.739345
1 137.99442 -8.774625 -0.998790 -0.223697 -2.256105 -1.382756 3.411463 0.195800 2.547532 0.187469 0.590626 2.319457 0.209568 10.444129 -0.727376 -0.274689 0.191546 3.739345
1 137.99442 -8.774625 -0.998790 -0.223697 -2.256105 -1.382756 3.411463 0.195800 2.547532 0.187469 0.590626 2.319457 0.209568 10.444129 -0.727376 -0.274689 0.191546 3.739345
1 137.99442 -8.774625 -0.998790 -0.223697 -2.256105 -1.382756 3.411463 0.195800 2.547532 0.187469 0.590626 2.319457 0.209568 10.444129 -0.727376 -0.274689 0.191546 3.739345
1 137.99442 -8.774625 -0.998790 -0.223697 -2.256105 -1.382756 3.411463 0.195800 2.547532 0.187469 0.590626 2.319457 0.209568 10.444129 -0.727376 -0.274689 0.191546 3.739345
1 137.99442 -8.774625 -0.998790 -0.223697 -2.256105 -1.382756 3.411463 0.195800 2.547532 0.187469 0.590626 2.319457 0.209568 10.444129 -0.727376 -0.274689 0.191546 3.739345
1 137.99442 -8.774625 -0.998790 -0.223697 -2.256105 -1.382756 3.411463 0.195800 2.547532 0.187469 0.590626 2.319457 0.209568 10.444129 -0.727376 -0.274689 0.191546 3.739345
1 137.99442 -8.774625 -0.998790 -0.223697 -2.256105 -1.382756 3.411463 0.195800 2.547532 0.187469 0.590626 2.319457 0.209568 10.444129 -0.727376 -0.274689 0.191546 3.739345
1 137.99442 -8.774625 -0.998790 -0.223697 -2.256105 -1.382756 3.411463 0.195800 2.547532 0.187469 0.590626 2.319457 0.209568 10.444129 -0.727376 -0.274689 0.191546 3.739345
1 137.99442 -8.774625 -0.998790 -0.223697 -2.256105 -1.382756 3.411463 0.195800 2.547532 0.187469 0.590626 2.319457 0.209568 10.444129 -0.727376 -0.274689 0.191546 3.739345
1 137.99442 -8.774625 -0.998790 -0.223697 -2.256105 -1.382756 3.411463 0.195800 2.547532 0.187469 0.590626 2.319457 0.209568 10.444129 -0.727376 -0.274689 0.191546 3.739345
1 137.99442 -8.774625 -0.998790 -0.223697 -2.256105 -1.382756 3.411463 0.195800 2.547532 0.187469 0.590626 2.319457 0.209568 10.444129 -0.727376 -0.274689 0.191546 3.739345
1 137.99442 -8.774625 -0.998790 -0.223697 -2.256105 -1.382756 3.411463 0.195800 2.547532 0.187469 0.590626 2.319457 0.209568 10.444129 -0.727376 -0.274689 0.191546 3.739345
1 137.99442 -8.774625 -0.998790 -0.223697 -2.256105 -1.382756 3.411463 0.195800 2.547532 0.187469 0.590626 2.319457 0.209568 10.444129 -0.727376 -0.274689 0.191546 3.739345
1 137.99442 -8.774625 -0.998790 -0.223697 -2.256105 -1.382756 3.411463 0.195800 2.547532 0.187469 0.590626 2.319457 0.209568 10.444129 -0.727376 -0.274689 0.191546 3.739345
1 137.99442 -8.774625 -0.998790 -0.223697 -2.256105 -1.382756 3.411463 0.195800 2.547532 0.187469 0.590626 2.319457 0.209568 10.444129 -0.727376 -0.274689 0.191546 3.739345
1 137.99442 -8.774625 -0.998790 -0.223697 -2.256105 -1.382756 3.411463 0.195800 2.547532 0.187469 0.590626 2.319457 0.209568 10.444129 -0.727376 -0.274689 0.191546 3.739345
1 137.99442 -8.774625 -0.998790 -0.223697 -2.256105 -1.382756 3.411463 0.195800 2.547532 0.187469 0.590626 2.319457 0.209568 10.444129 -0.727376 -0.274689 0.191546 3.739345
1 137.99442 -8.774625 -0.998790 -0.223697 -2.256105 -1.382756 3.411463 0.195800 2.547532 0.187469 0.590626 2.319457 0.209568 10.444129 -0.727376 -0.274689 0.191546 3.739345
1 137.99442 -8.774625 -0.998790 -0.223697 -2.256105 -1.382756 3.411463 0.195800 2.547532 0.187469 0.590626 2.319457 0.209568 10.444129 -0.727376 -0.274689 0.191546 3.739345
1 137.99442 -8.774625 -0.998790 -0.223697 -2.256105 -1.382756 3.411463 0.195800 2.547532 0.187469 0.590626 2.319457 0.209568 10.444129 -0.727376 -0.274689 0.191546 3.739345
1 137.99442 -8.774625 -0.998790 -0.223697 -2.256105 -1.382756 3.411463 0.195800 2.547532 0.187469 0.590626 2.319457 0.209568 10.444129 -0.727376 -0.274689 0.191546 3.739345
1 137.99442 -8.774625 -0.998790 -0.223697 -2.256105 -1.382756 3.411463 0.195800 2.547532 0.187469 0.590626 2.319457 0.209568 10.444129 -0.727376 -0.274689 0.191546 3.739345
1 137.99442 -8.774625 -0.998790 -0.223697 -2.256105 -1.382756 3.411463 0.195800 2.547532 0.187469 0.590626 2.319457 0.209568 10.444129 -0.727376 -0.274689 0.191546 3.739345
1 137.99442 -8.774625 -0.998790 -0.223697 -2.256105 -1.382756 3.411463 0.195800 2.547532 0.187469 0.590626 2.319457 0.209568 10.444129 -0.727376 -0.274689 0.191546 3.739345
1 137.99442 -8.774625 -0.998790 -0.223697 -2.256105 -1.382756 3.411463 0.195800 2.547532 0.187469 0.590626 2.319457 0.209568 10.444129 -0.727376 -0.274689 0.191546 3.739345
1 137.99442 -8.774625 -0.998790 -0.223697 -2.256105 -1.382756 3.411463 0.195800 2.547532 0.187469 0.590626 2.319457 0.209568 10.444129 -0.727376 -0.274689 0.191546 3.739345
1 137.99442 -8.774625 -0.998790 -0.223697 -2.256105 -1.382756 3.411463 0.195800 2.547532 0.187469 0.590626 2.319457 0.209568 10.444129 -0.727376 -0.274689 0.191546 3.739345
1 137.99442 -8.774625 -0.998790 -0.223697 -2.256105 -1.382756 3.411463 0.195800 2.547532 0.187469 0.590626 2.319457 0.209568 10.444129 -0.727376 -0.274689 0.191546 3.739345
1 137.99442 -8.774625 -0.998790 -0.223697 -2.256105 -1.382756 3.411463 0.195800 2.547532 0.187469 0.590626 2.319457 0.209568 10.444129 -0.727376 -0.274689 0.191546 3.739345
1 137.99442 -8.774625 -0.998790 -0.223697 -2.256105 -1.382756 3.411463 0.195800 2.547532 0.187469 0.590626 2.319457 0.209568 10.444129 -0.727376 -0.274689 0.191546 3.739345
1 137.99442 -8.774625 -0.998790 -0.223697 -2.256105 -1.382756 3.411463 0.195800 2.547532 0.187469 0.590626 2.319457 0.209568 10.444129 -0.727376 -0.274689 0.191546 3.739345
1 137.99442 -8.774625 -0.998790 -0.223697 -2.256105 -1.382756 3.411463 0.195800 2.547532 0.187469 0.590626 2.319457 0.209568 10.444129 -0.727376 -0.274689 0.191546 3.739345
1 137.99442 -8.774625 -0.998790 -0.223697 -2.256105 -1.382756 3.411463 0.195800 2.547532 0.187469 0.590626 2.319457 0.209568 10.444129 -0.727376 -0.274689 0.191546 3.739345
1 137.99442 -8.774625 -0.998790 -0.223697 -2.256105 -1.382756 3.411463 0.195800 2.547532 0.187469 0.590626 2.319457 0.209568 10.444129 -0.727376 -0.274689 0.191546 3.739345
1 137.99442 -8.774625 -0.998790 -0.223697 -2.256105 -1.382756 3.411463 0.195800 2.547532 0.187469 0.590626 2.319457 0.209568 10.444129 -0.727376 -0.274689 0.191546 3.739345
1 137.99442 -8.774625 -0.998790 -0.223697 -2.256105 -1.382756 3.411463 0.195800 2.547532 0.187469 0.590626 2.319457 0.209568 10.444129 -0.727376 -0.274689 0.191546 3.739345
1 137.99442 -8.774625 -0.998790 -0.223697 -2.256105 -1.382756 3.411463 0.195800 2.547532 0.187469 0.590626 2.319457 0.209568 10.444129 -0.727376 -0.274689 0.191546 3.739345
1 137.99442 -8.774625 -0.998790 -0.223697 -2.256105 -1.382756 3.411463 0.195800 2.547532 0.187469 0.590626 2.319457 0.209568 10.444129 -0.727376 -0.274689 0.191546 3.739345
1 137.99442 -8.774625 -0.998790 -0.223697 -2.256105 -1.382756 3.411463 0.195800 2.547532 0.187469 0.590626 2.319457 0.209568 10.444129 -0.727376 -0.274689 0.191546 3.739345
1 137.99442 -8.774625 -0.998790 -0.223697 -2.256105 -1.382756 3.411463 0.195800 2.547532 0.187469 0.590626 2.319457 0.209568 10.444129 -0.727376 -0.274689 0.191546 3.739345
1 137.99442 -8.774625 -0.998790 -0.223697 -2.256105 -1.382756 3.411463 0.195800 2.547532 0.187469 0.590626 2.319457 0.209568 10.444129 -0.727376 -0.274689 0.191546 3.739345
1 137.99442 -8.774625 -0.998790 -0.223697 -2.256105 -1.382756 3.411463 0.195800 2.547532 0.187469 0.590626 2.319457 0.209568 10.444129 -0.727376 -0.274689 0.191546 3.739345
1 137.99442 -8.774625 -0.998790 -0.223697 -2.256105 -1.382756 3.411463 0.195800 2.547532 0.187469 0.590626 2.319457 0.209568 10.444129 -0.727376 -0.274689 0.191546 3.739345
1 137.99442 -8.774625 -0.998790 -0.223697 -2.256105 -1.382756 3.411463 0.195800 2.547532 0.187469 0.590626 2.319457 0.209568 10.444129 -0.727376 -0.274689 0.191546 3.739345
1 137.99442 -8.774625 -0.998790 -0.223697 -2.256105 -1.382756 3.411463 0.195800 2.547532 0.187469 0.590626 2.319457 0.209568 10.444129 -0.727376 -0.274689 0.191546 3.739345
1 137.99442 -8.774625 -0.998790 -0.223697 -2.256105 -1.382756 3.411463 0.195800 2.547532 0.187469 0.590626 2.319457 0.209568 10.444129 -0.727376 -0.274689 0.191546 3.739345
1 137.99442 -8.774625 -0.998790 -0.223697 -2.256105 -1.382756 3.411463 0.195800 2.547532 0.187469 0.590626 2.319457 0.209568 10.444129 -0.727376 -0.274689 0.191546 3.739345
1 137.99442 -8.774625 -0.998790 -0.223697 -2.256105 -1.382756 3.411463 0.195800 2.547532 0.187469 0.590626 2.319457 0.209568 10.444129 -0.727376 -0.274689 0.191546 3.739345
1 137.99442 -8.774625 -0.998790 -0.223697 -2.256105 -1.382756 3.411463 0.195800 2.547532 0.187469 0.590626 2.319457 0.209568 10.444129 -0.727376 -0.274689 0.191546 3.739345
1 137.99442 -8.774625 -0.998790 -0.223697 -2.256105 -1.382756 3.411463 0.195800 2.547532 0.187469 0.590626 2.319457 0.209568 10.444129 -0.727376 -0.274689 0.191546 3.739345
1 137.99442 -8.774625 -0.998790 -0.223697 -2.256105 -1.382756 3.411463 0.195800 2.547532 0.187469 0.590626 2.319457 0.209568 10.444129 -0.727376 -0.274689 0.191546 3.739345
1 137.99442 -8.774625 -0.998790 -0.223697 -2.256105 -1.382756 3.411463 0.195800 2.547532 0.187469 0.590626 2.319457 0.209568 10.444129 -0.727376 -0.274689 0.191546 3.739345
1 137.99442 -8.774625 -0.998790 -0.223697 -2.256105 -1.382756 3.411463 0.195800 2.547532 0.187469 0.590626 2.319457 0.209568 10.444129 -0.727376 -0.274689 0.191546 3.739345
1 137.99442 -8.774625 -0.998790 -0.223697 -2.256105 -1.382756 3.411463 0.195800 2.547532 0.187469 0.590626 2.319457 0.209568 10.444129 -0.727376 -0.274689 0.191546 3.739345
1 137.99442 -8.774625 -0.998790 -0.223697 -2.256105 -1.382756 3.411463 0.195800 2.547532 0.187469 0.590626 2.319457 0.209568 10.444129 -0.727376 -0.274689 0.191546 3.739345
1 137.99442 -8.774625 -0.998790 -0.223697 -2.256105 -1.382756 3.411463 0.195800 2.547532 0.187469 0.590626 2.319457 0.209568 10.444129 -0.727376 -0.274689 0.191546 3.739345
1 137.99442 -8.774625 -0.998790 -0.223697 -2.256105 -1.382756 3.411463 0.195800 2.547532 0.187469 0.590626 2.319457 0.209568 10.444129 -0.727376 -0.274689 0.191546 3.739345
1 137.99442 -8.774625 -0.998790 -0.223697 -2.256105 -1.382756 3.411463 0.195800 2.547532 0.187469 0.590626 2.319457 0.209568 10.444129 -0.727376 -0.274689 0.191546 3.739345
1 137.99442 -8.774625 -0.998790 -0.223697 -2.256105 -1.382756 3.411463 0.195800 2.547532 0.187469 0.590626 2.319457 0.209568 10.444129 -0.727376 -0.274689 0.191546 3.739345
1 137.99442 -8.774625 -0.998790 -0.223697 -2.256105 -1.382756 3.411463 0.195800 2.547532 0.187469 0.590626 2.319457 0.209568 10.444129 -0.727376 -0.274689 0.191546 3.739345
1 137.99442 -8.774625 -0.998790 -0.223697 -2.256105 -1.382756 3.411463 0.195800 2.547532 0.187469 0.590626 2.319457 0.209568 10.444129 -0.727376 -0.274689 0.191546 3.739345
1 137.99442 -8.774625 -0.998790 -0.223697 -2.256105 -1.382756 3.411463 0.195800 2.547532 0.187469 0.590626 2.319457 0.209568 10.444129 -0.727376 -0.274689 0.191546 3.739345
1 137.99442 -8.774625 -0.998790 -0.223697 -2.256105 -1.382756 3.411463 0.195800 2.547532 0.187469 0.590626 2.319457 0.209568 10.444129 -0.727376 -0.274689 0.191546 3.739345
1 137.99442 -8.774625 -0.998790 -0.223697 -2.256105 -1.382756 3.411463 0.195800 2.547532 0.187469 0.590626 2.319457 0.209568 10.444129 -0.727376 -0.274689 0.191546 3.739345
1 137.99442 -8.774625 -0.998790 -0.223697 -2.256105 -1.382756 3.411463 0.195800 2.547532 0.187469 0.590626 2.319457 0.209568 10.444129 -0.727376 -0.274689 0.191546 3.739345
1 137.99442 -8.774625 -0.998790 -0.223697 -2.256105 -1.382756 3.411463 0.195800 2.547532 0.187469 0.590626 2.319457 0.209568 10.444129 -0.727376 -0.274689 0.191546 3.739345
1 137.99442 -8.774625 -0.998790 -0.223697 -2.256105 -1.382756 3.411463 0.195800 2.547532 0.187469 0.590626 2.319457 0.209568 10.444129 -0.727376 -0.274689 0.191546 3.739345
1 137.99442 -8.774625 -0.998790 -0.223697 -2.256105 -1.382756 3.411463 0.195800 2.547532 0.187469 0.590626 2.319457 0.209568 10.444129 -0.727376 -0.274689 0.191546 3.739345
1 137.99442 -8.774625 -0.998790 -0.223697 -2.256105 -1.382756 3.411463 0.195800 2.547532 0.187469 0.590626 2.319457 0.209568 10.444129 -0.727376 -0.274689 0.191546 3.739345
1 137.99442 -8.774625 -0.998790 -0.223697 -2.256105 -1.382756 3.411463 0.195800 2.547532 0.187469 0.590626 2.319457 0.209568 10.444129 -0.727376 -0.274689 0.191546 3.739345
1 137.99442 -8.774625 -0.998790 -0.223697 -2.256105 -1.382756 3.411463 0.195800 2.547532 0.187469 0.590626 2.319457 0.209568 10.444129 -0.727376 -0.274689 0.191546 3.739345
1 137.99442 -8.774625 -0.998790 -0.223697 -2.256105 -1.382756 3.411463 0.195800 2.547532 0.187469 0.590626 2.319457 0.209568 10.444129 -0.727376 -0.274689 0.191546 3.739345
1 137.99442 -8.774625 -0.998790 -0.223697 -2.256105 -1.382756 3.411463 0.195800 2.547532 0.187469 0.590626 2.319457 0.209568 10.444129 -0.727376 -0.274689 0.191546 3.739345
1 137.99442 -8.774625 -0.998790 -0.223697 -2.256105 -1.382756 3.411463 0.195800 2.547532 0.187469 0.590626 2.319457 0.209568 10.444129 -0.727376 -0.274689 0.191546 3.739345
1 137.99442 -8.774625 -0.998790 -0.223697 -2.256105 -1.382756 3.411463 0.195800 2.547532 0.187469 0.590626 2.319457 0.209568 10.444129 -0.727376 -0.274689 0.191546 3.739345
1 137.99442 -8.774625 -0.998790 -0.223697 -2.256105 -1.382756 3.411463 0.195800 2.547532 0.187469 0.590626 2.319457 0.209568 10.444129 -0.727376 -0.274689 0.191546 3.739345
1 137.99442 -8.774625 -0.998790 -0.223697 -2.256105 -1.382756 3.411463 0.195800 2.547532 0.187469 0.590626 2.319457 0.209568 10.444129 -0.727376 -0.274689 0.191546 3.739345
1 137.99442 -8.774625 -0.998790 -0.223697 -2.256105 -1.382756 3.411463 0.195800 2.547532 0.187469 0.590626 2.319457 0.209568 10.444129 -0.727376 -0.274689 0.191546 3.739345
1 137.99442 -8.774625 -0.998790 -0.223697 -2.256105 -1.382756 3.411463 0.195800 2.547532 0.187469 0.590626 2.319457 0.209568 10.444129 -0.727376 -0.274689 0.191546 3.739345
1 137.99442 -8.774625 -0.998790 -0.223697 -2.256105 -1.382756 3.411463 0.195800 2.547532 0.187469 0.590626 2.319457 0.209568 10.444129 -0.727376 -0.274689 0.191546 3.739345
1 137.99442 -8.774625 -0.998790 -0.223697 -2.256105 -1.382756 3.411463 0.195800 2.547532 0.187469 0.590626 2.319457 0.209568 10.444129 -0.727376 -0.274689 0.191546 3.739345
1 137.99442 -8.774625 -0.998790 -0.223697 -2.256105 -1.382756 3.411463 0.195800 2.547532 0.187469 0.590626 2.319457 0.209568 10.444129 -0.727376 -0.274689 0.191546 3.739345
1 137.99442 -8.774625 -0.998790 -0.223697 -2.256105 -1.382756 3.411463 0.195800 2.547532 0.187469 0.590626 2.319457 0.209568 10.444129 -0.727376 -0.274689 0.191546 3.739345
1 137.99442 -8.774625 -0.998790 -0.223697 -2.256105 -1.382756 3.411463 0.195800 2.547532 0.187469 0.590626 2.319457 0.209568 10.444129 -0.727376 -0.274689 0.191546 3.739345
1 137.99442 -8.774625 -0.998790 -0.223697 -2.256105 -1.382756 3.411463 0.195800 2.547532 0.187469 0.590626 2.319457 0.209568 10.444129 -0.727376 -0.274689 0.191546 3.739345
1 137.99442 -8.774625 -0.998790 -0.223697 -2.256105 -1.382756 3.411463 0.195800 2.547532 0.187469 0.590626 2.319457 0.209568 10.444129 -0.727376 -0.274689 0.191546 3.739345
1 137.99442 -8.774625 -0.998790 -0.223697 -2.256105 -1.382756 3.411463 0.195800 2.547532 0.187469 0.590626 2.319457 0.209568 10.444129 -0.727376 -0.274689 0.191546 3.739345
1 137.99442 -8.774625 -0.998790 -0.223697 -2.256105 -1.382756 3.411463 0.195800 2.547532 0.187469 0.590626 2.319457 0.209568 10.444129 -0.727376 -0.274689 0.191546 3.739345
1 137.99442 -8.774625 -0.998790 -0.223697 -2.256105 -1.382756 3.411463 0.195800 2.547532 0.187469 0.590626 2.319457 0.209568 10.444129 -0.727376 -0.274689 0.191546 3.739345
1 137.99442 -8.774625 -0.998790 -0.223697 -2.256105 -1.382756 3.411463 0.195800 2.547532 0.187469 0.590626 2.319457 0.209568 10.444129 -0.727376 -0.274689 0.191546 3.739345
1 137.99442 -8.774625 -0.998790 -0.223697 -2.256105 -1.382756 3.411463 0.195800 2.547532 0.187469 0.590626 2.319457 0.209568 10.444129 -0.727376 -0.274689 0.191546 3.739345
1 137.99442 -8.774625 -0.998790 -0.223697 -2.256105 -1.382756 3.411463 0.195800 2.547532 0.187469 0.590626 2.319457 0.209568 10.444129 -0.727376 -0.274689 0.191546 3.739345
1 137.99442 -8.774625 -0.998790 -0.223697 -2.256105 -1.382756 3.411463 0.195800 2.547532 0.187469 0.590626 2.319457 0.209568 10.444129 -0.727376 -0.274689 0.191546 3.739345
1 137.99442 -8.774625 -0.998790 -0.223697 -2.256105 -1.382756 3.411463 0.195800 2.547532 0.187469 0.590626 2.319457 0.209568 10.444129 -0.727376 -0.274689 0.191546 3.739345
1 137.99442 -8.774625 -0.998790 -0.223697 -2.256105 -1.382756 3.411463 0.195800 2.547532 0.187469 0.590626 2.319457 0.209568 10.444129 -0.727376 -0.274689 0.191546 3.739345
1 137.99442 -8.774625 -0.998790 -0.223697 -2.256105 -1.382756 3.411463 0.195800 2.547532 0.187469 0.590626 2.319457 0.209568 10.444129 -0.727376 -0.274689 0.191546 3.739345
1 137.99442 -8.774625 -0.998790 -0.223697 -2.256105 -1.382756 3.411463 0.195800 2.547532 0.187469 0.590626 2.319457 0.209568 10.444129 -0.727376 -0.274689 0.191546 3.739345
1 137.99442 -8.774625 -0.998790 -0.223697 -2.256105 -1.382756 3.411463 0.195800 2.547532 0.187469 0.590626 2.319457 0.209568 10.444129 -0.727376 -0.274689 0.191546 3.739345
1 137.99442 -8.774625 -0.998790 -0.223697 -2.256105 -1.382756 3.411463 0.195800 2.547532 0.187469 0.590626 2.319457 0.209568 10.444129 -0.727376 -0.274689 0.191546 3.739345
1 137.99442 -8.774625 -0.998790 -0.223697 -2.256105 -1.382756 3.411463 0.195800 2.547532 0.187469 0.590626 2.319457 0.209568 10.444129 -0.727376 -0.274689 0.191546 3.739345
1 137.99442 -8.774625 -0.998790 -0.223697 -2.256105 -1.382756 3.411463 0.195800 2.547532 0.187469 0.590626 2.319457 0.209568 10.444129 -0.727376 -0.274689 0.191546 3.739345
1 137.99442 -8.774625 -0.998790 -0.223697 -2.256105 -1.382756 3.411463 0.195800 2.547532 0.187469 0.590626 2.319457 0.209568 10.444129 -0.727376 -0.274689 0.191546 3.739345
1 137.99442 -8.774625 -0.998790 -0.223697 -2.256105 -1.382756 3.411463 0.195800 2.547532 0.187469 0.590626 2.319457 0.209568 10.444129 -0.727376 -0.274689 0.191546 3.739345
1 137.99442 -8.774625 -0.998790 -0.223697 -2.256105 -1.382756 3.411463 0.195800 2.547532 0.187469 0.590626 2.319457 0.209568 10.444129 -0.727376 -0.274689 0.191546 3.739345
1 137.99442 -8.774625 -0.998790 -0.223697 -2.256105 -1.382756 3.411463 0.195800 2.547532 0.187469 0.590626 2.319457 0.209568 10.444129 -0.727376 -0.274689 0.191546 3.739345
1 137.99442 -8.774625 -0.998790 -0.223697 -2.256105 -1.382756 3.411463 0.195800 2.547532 0.187469 0.590626 2.319457 0.209568 10.444129 -0.727376 -0.274689 0.191546 3.739345
1 137.99442 -8.774625 -0.998790 -0.223697 -2.256105 -1.382756 3.411463 0.195800 2.547532 0.187469 0.590626 2.319457 0.209568 10.444129 -0.727376 -0.274689 0.191546 3.739345
1 137.99442 -8.774625 -0.998790 -0.223697 -2.256105 -1.382756 3.411463 0.195800 2.547532 0.187469 0.590626 2.319457 0.209568 10.444129 -0.727376 -0.274689 0.191546 3.739345
1 137.99442 -8.774625 -0.998790 -0.223697 -2.256105 -1.382756 3.411463 0.195800 2.547532 0.187469 0.590626 2.319457 0.209568 10.444129 -0.727376 -0.274689 0.191546 3.739345
1 137.99442 -8.774625 -0.998790 -0.223697 -2.256105 -1.382756 3.411463 0.195800 2.547532 0.187469 0.590626 2.319457 0.209568 10.444129 -0.727376 -0.274689 0.191546 3.739345
1 137.99442 -8.774625 -0.998790 -0.223697 -2.256105 -1.382756 3.411463 0.195800 2.547532 0.187469 0.590626 2.319457 0.209568 10.444129 -0.727376 -0.274689 0.191546 3.739345
1 137.99442 -8.774625 -0.998790 -0.223697 -2.256105 -1.382756 3.411463 0.195800 2.547532 0.187469 0.590626 2.319457 0.209568 10.444129 -0.727376 -0.274689 0.191546 3.739345
1 137.99442 -8.774625 -0.998790 -0.223697 -2.256105 -1.382756 3.411463 0.195800 2.547532 0.187469 0.590626 2.319457 0.209568 10.444129 -0.727376 -0.274689 0.191546 3.739345
1 137.99442 -8.774625 -0.998790 -0.223697 -2.256105 -1.382756 3.411463 0.195800 2.547532 0.187469 0.590626 2.319457 0.209568 10.444129 -0.727376 -0.274689 0.191546 3.739345
1 137.99442 -8.774625 -0.998790 -0.223697 -2.256105 -1.382756 3.411463 0.195800 2.547532 0.187469 0.590626 2.319457 0.209568 10.444129 -0.727376 -0.274689 0.191546 3.739345
1 137.99442 -8.774625 -0.998790 -0.223697 -2.256105 -1.382756 3.411463 0.195800 2.547532 0.187469 0.590626 2.319457 0.209568 10.444129 -0.727376 -0.274689 0.191546 3.739345
1 137.99442 -8.774625 -0.998790 -0.223697 -2.256105 -1.382756 3.411463 0.195800 2.547532 0.187469 0.590626 2.319457 0.209568 10.444129 -0.727376 -0.274689 0.191546 3.739345
1 137.99442 -8.774625 -0.998790 -0.223697 -2.256105 -1.382756 3.411463 0.195800 2.547532 0.187469 0.590626 2.319457 0.209568 10.444129 -0.727376 -0.274689 0.191546 3.739345
1 137.99442 -8.774625 -0.998790 -0.223697 -2.256105 -1.382756 3.411463 0.195800 2.547532 0.187469 0.590626 2.319457 0.209568 10.444129 -0.727376 -0.274689 0.191546 3.739345
1 137.99442 -8.774625 -0.998790 -0.223697 -2.256105 -1.382756 3.411463 0.195800 2.547532 0.187469 0.590626 2.319457 0.209568 10.444129 -0.727376 -0.274689 0.191546 3.739345
1 137.99442 -8.774625 -0.998790 -0.223697 -2.256105 -1.382756 3.411463 0.195800 2.547532 0.187469 0.590626 2.319457 0.209568 10.444129 -0.727376 -0.274689 0.191546 3.739345
1 137.99442 -8.774625 -0.998790 -0.223697 -2.256105 -1.382756 3.411463 0.195800 2.547532 0.187469 0.590626 2.319457 0.209568 10.444129 -0.727376 -0.274689 0.191546 3.739345
1 137.99442 -8.774625 -0.998790 -0.223697 -2.256105 -1.382756 3.411463 0.195800 2.547532 0.187469 0.590626 2.319457 0.209568 10.444129 -0.727376 -0.274689 0.191546 3.739345
1 137.99442 -8.774625 -0.998790 -0.223697 -2.256105 -1.382756 3.411463 0.195800 2.547532 0.187469 0.590626 2.319457 0.209568 10.444129 -0.727376 -0.274689 0.191546 3.739345
1 137.99442 -8.774625 -0.998790 -0.223697 -2.256105 -1.382756 3.411463 0.195800 2.547532 0.187469 0.590626 2.319457 0.209568 10.444129 -0.727376 -0.274689 0.191546 3.739345
1 137.99442 -8.774625 -0.998790 -0.223697 -2.256105 -1.382756 3.411463 0.195800 2.547532 0.187469 0.590626 2.319457 0.209568 10.444129 -0.727376 -0.274689 0.191546 3.739345
1 137.99442 -8.774625 -0.998790 -0.223697 -2.256105 -1.382756 3.411463 0.195800 2.547532 0.187469 0.590626 2.319457 0.209568 10.444129 -0.727376 -0.274689 0.191546 3.739345
1 137.99442 -8.774625 -0.998790 -0.223697 -2.256105 -1.382756 3.411463 0.195800 2.547532 0.187469 0.590626 2.319457 0.209568 10.444129 -0.727376 -0.274689 0.191546 3.739345
1 137.99442 -8.774625 -0.998790 -0.223697 -2.256105 -1.382756 3.411463 0.195800 2.547532 0.187469 0.590626 2.319457 0.209568 10.444129 -0.727376 -0.274689 0.191546 3.739345
1 137.99442 -8.774625 -0.998790 -0.223697 -2.256105 -1.382756 3.411463 0.195800 2.547532 0.187469 0.590626 2.319457 0.209568 10.444129 -0.727376 -0.274689 0.191546 3.739345
1 137.99442 -8.774625 -0.998790 -0.223697 -2.256105 -1.382756 3.411463 0.195800 2.547532 0.187469 0.590626 2.319457 0.209568 10.444129 -0.727376 -0.274689 0.191546 3.739345
1 137.99442 -8.774625 -0.998790 -0.223697 -2.256105 -1.382756 3.411463 0.195800 2.547532 0.187469 0.590626 2.319457 0.209568 10.444129 -0.727376 -0.274689 0.191546 3.739345
1 137.99442 -8.774625 -0.998790 -0.223697 -2.256105 -1.382756 3.411463 0.195800 2.547532 0.187469 0.590626 2.319457 0.209568 10.444129 -0.727376 -0.274689 0.191546 3.739345
1 137.99442 -8.774625 -0.998790 -0.223697 -2.256105 -1.382756 3.411463 0.195800 2.547532 0.187469 0.590626 2.319457 0.209568 10.444129 -0.727376 -0.274689 0.191546 3.739345
1 137.99442 -8.774625 -0.998790 -0.223697 -2.256105 -1.382756 3.411463 0.195800 2.547532 0.187469 0.590626 2.319457 0.209568 10.444129 -0.727376 -0.274689 0.191546 3.739345
1 137.99442 -8.774625 -0.998790 -0.223697 -2.256105 -1.382756 3.411463 0.195800 2.547532 0.187469 0.590626 2.319457 0.209568 10.444129 -0.727376 -0.274689 0.191546 3.739345
1 137.99442 -8.774625 -0.998790 -0.223697 -2.256105 -1.382756 3.411463 0.195800 2.547532 0.187469 0.590626 2.319457 0.209568 10.444129 -0.727376 -0.274689 0.191546 3.739345
1 137.99442 -8.774625 -0.998790 -0.223697 -2.256105 -1.382756 3.411463 0.195800 2.547532 0.187469 0.590626 2.319457 0.209568 10.444129 -0.727376 -0.274689 0.191546 3.739345
1 137.99442 -8.774625 -0.998790 -0.223697 -2.256105 -1.382756 3.411463 0.195800 2.547532 0.187469 0.590626 2.319457 0.209568 10.444129 -0.727376 -0.274689 0.191546 3.739345
