1 285.776 -8.573119 -0.900183 -0.223795 -2.280083 -1.462833 3.444045 0.225279 2.502800 0.225897 0.566784 2.308652 0.076877 10.328835 -0.282061 0.292714 3.666760
1 285.776 -8.573119 -0.900183 -0.223795 -2.280083 -1.462833 3.444045 0.225279 2.502800 0.225897 0.566784 2.308652 0.076877 10.328835 -0.282061 0.292714 3.666760
1 285.776 -8.573119 -0.900183 -0.223795 -2.280083 -1.462833 3.444045 0.225279 2.502800 0.225897 0.566784 2.308652 0.076877 10.328835 -0.282061 0.292714 3.666760
1 285.776 -8.573119 -0.900183 -0.223795 -2.280083 -1.462833 3.444045 0.225279 2.502800 0.225897 0.566784 2.308652 0.076877 10.328835 -0.282061 0.292714 3.666760
1 285.776 -8.573119 -0.900183 -0.223795 -2.280083 -1.462833 3.444045 0.225279 2.502800 0.225897 0.566784 2.308652 0.076877 10.328835 -0.282061 0.292714 3.666760
1 285.776 -8.573119 -0.900183 -0.223795 -2.280083 -1.462833 3.444045 0.225279 2.502800 0.225897 0.566784 2.308652 0.076877 10.328835 -0.282061 0.292714 3.666760
1 284.07559 -8.566288 -0.909158 -0.173878 -2.282460 -1.498184 3.454186 0.221039 2.513584 0.215909 0.578843 2.306463 0.046845 10.329925 -0.326925 0.263043 3.664619
1 284.07559 -8.566288 -0.909158 -0.173878 -2.282460 -1.498184 3.454186 0.221039 2.513584 0.215909 0.578843 2.306463 0.046845 10.329925 -0.326925 0.263043 3.664619
1 284.07559 -8.566288 -0.909158 -0.173878 -2.282460 -1.498184 3.454186 0.221039 2.513584 0.215909 0.578843 2.306463 0.046845 10.329925 -0.326925 0.263043 3.664619
1 284.07559 -8.566288 -0.909158 -0.173878 -2.282460 -1.498184 3.454186 0.221039 2.513584 0.215909 0.578843 2.306463 0.046845 10.329925 -0.326925 0.263043 3.664619
1 284.07559 -8.566288 -0.909158 -0.173878 -2.282460 -1.498184 3.454186 0.221039 2.513584 0.215909 0.578843 2.306463 0.046845 10.329925 -0.326925 0.263043 3.664619
1 284.07559 -8.566288 -0.909158 -0.173878 -2.282460 -1.498184 3.454186 0.221039 2.513584 0.215909 0.578843 2.306463 0.046845 10.329925 -0.326925 0.263043 3.664619
1 284.07559 -8.566288 -0.909158 -0.173878 -2.282460 -1.498184 3.454186 0.221039 2.513584 0.215909 0.578843 2.306463 0.046845 10.329925 -0.326925 0.263043 3.664619
1 284.07559 -8.566288 -0.909158 -0.173878 -2.282460 -1.498184 3.454186 0.221039 2.513584 0.215909 0.578843 2.306463 0.046845 10.329925 -0.326925 0.263043 3.664619
1 282.538 -8.535919 -0.930026 -0.170433 -2.301745 -1.510390 3.417976 0.181356 2.529841 0.236218 0.551088 2.326677 0.044986 10.323748 -0.335693 0.261560 3.663908
1 282.538 -8.535919 -0.930026 -0.170433 -2.301745 -1.510390 3.417976 0.181356 2.529841 0.236218 0.551088 2.326677 0.044986 10.323748 -0.335693 0.261560 3.663908
1 279.59573 -8.533304 -0.913034 -0.159149 -2.290459 -1.521396 3.427465 0.202582 2.534812 0.213653 0.543508 2.352718 0.079555 10.315766 -0.358600 0.286584 3.654079
1 279.59573 -8.533304 -0.913034 -0.159149 -2.290459 -1.521396 3.427465 0.202582 2.534812 0.213653 0.543508 2.352718 0.079555 10.315766 -0.358600 0.286584 3.654079
1 271.00338 -8.539711 -0.934338 -0.114952 -2.319148 -1.528884 3.414945 0.245305 2.500389 0.185146 0.540740 2.326348 0.053631 10.331138 -0.371392 0.258504 3.611717
1 271.00338 -8.539711 -0.934338 -0.114952 -2.319148 -1.528884 3.414945 0.245305 2.500389 0.185146 0.540740 2.326348 0.053631 10.331138 -0.371392 0.258504 3.611717
1 271.00338 -8.539711 -0.934338 -0.114952 -2.319148 -1.528884 3.414945 0.245305 2.500389 0.185146 0.540740 2.326348 0.053631 10.331138 -0.371392 0.258504 3.611717
1 271.00338 -8.539711 -0.934338 -0.114952 -2.319148 -1.528884 3.414945 0.245305 2.500389 0.185146 0.540740 2.326348 0.053631 10.331138 -0.371392 0.258504 3.611717
1 271.00338 -8.539711 -0.934338 -0.114952 -2.319148 -1.528884 3.414945 0.245305 2.500389 0.185146 0.540740 2.326348 0.053631 10.331138 -0.371392 0.258504 3.611717
1 271.00338 -8.539711 -0.934338 -0.114952 -2.319148 -1.528884 3.414945 0.245305 2.500389 0.185146 0.540740 2.326348 0.053631 10.331138 -0.371392 0.258504 3.611717
1 267.21512 -8.517308 -0.919117 -0.090872 -2.334688 -1.544678 3.391691 0.260356 2.480989 0.190667 0.559330 2.297104 0.065519 10.324398 -0.370980 0.245970 3.597979
1 267.21512 -8.517308 -0.919117 -0.090872 -2.334688 -1.544678 3.391691 0.260356 2.480989 0.190667 0.559330 2.297104 0.065519 10.324398 -0.370980 0.245970 3.597979
1 267.21512 -8.517308 -0.919117 -0.090872 -2.334688 -1.544678 3.391691 0.260356 2.480989 0.190667 0.559330 2.297104 0.065519 10.324398 -0.370980 0.245970 3.597979
1 267.21512 -8.517308 -0.919117 -0.090872 -2.334688 -1.544678 3.391691 0.260356 2.480989 0.190667 0.559330 2.297104 0.065519 10.324398 -0.370980 0.245970 3.597979
1 267.21512 -8.517308 -0.919117 -0.090872 -2.334688 -1.544678 3.391691 0.260356 2.480989 0.190667 0.559330 2.297104 0.065519 10.324398 -0.370980 0.245970 3.597979
1 267.21512 -8.517308 -0.919117 -0.090872 -2.334688 -1.544678 3.391691 0.260356 2.480989 0.190667 0.559330 2.297104 0.065519 10.324398 -0.370980 0.245970 3.597979
1 267.21512 -8.517308 -0.919117 -0.090872 -2.334688 -1.544678 3.391691 0.260356 2.480989 0.190667 0.559330 2.297104 0.065519 10.324398 -0.370980 0.245970 3.597979
1 267.21512 -8.517308 -0.919117 -0.090872 -2.334688 -1.544678 3.391691 0.260356 2.480989 0.190667 0.559330 2.297104 0.065519 10.324398 -0.370980 0.245970 3.597979
1 267.21512 -8.517308 -0.919117 -0.090872 -2.334688 -1.544678 3.391691 0.260356 2.480989 0.190667 0.559330 2.297104 0.065519 10.324398 -0.370980 0.245970 3.597979
1 267.21512 -8.517308 -0.919117 -0.090872 -2.334688 -1.544678 3.391691 0.260356 2.480989 0.190667 0.559330 2.297104 0.065519 10.324398 -0.370980 0.245970 3.597979
1 267.21512 -8.517308 -0.919117 -0.090872 -2.334688 -1.544678 3.391691 0.260356 2.480989 0.190667 0.559330 2.297104 0.065519 10.324398 -0.370980 0.245970 3.597979
1 267.21512 -8.517308 -0.919117 -0.090872 -2.334688 -1.544678 3.391691 0.260356 2.480989 0.190667 0.559330 2.297104 0.065519 10.324398 -0.370980 0.245970 3.597979
1 267.21512 -8.517308 -0.919117 -0.090872 -2.334688 -1.544678 3.391691 0.260356 2.480989 0.190667 0.559330 2.297104 0.065519 10.324398 -0.370980 0.245970 3.597979
1 267.21512 -8.517308 -0.919117 -0.090872 -2.334688 -1.544678 3.391691 0.260356 2.480989 0.190667 0.559330 2.297104 0.065519 10.324398 -0.370980 0.245970 3.597979
1 267.21512 -8.517308 -0.919117 -0.090872 -2.334688 -1.544678 3.391691 0.260356 2.480989 0.190667 0.559330 2.297104 0.065519 10.324398 -0.370980 0.245970 3.597979
1 267.21512 -8.517308 -0.919117 -0.090872 -2.334688 -1.544678 3.391691 0.260356 2.480989 0.190667 0.559330 2.297104 0.065519 10.324398 -0.370980 0.245970 3.597979
1 267.21512 -8.517308 -0.919117 -0.090872 -2.334688 -1.544678 3.391691 0.260356 2.480989 0.190667 0.559330 2.297104 0.065519 10.324398 -0.370980 0.245970 3.597979
1 260.05093 -8.535519 -0.950155 -0.111086 -2.358056 -1.557568 3.410737 0.262632 2.485014 0.182650 0.534992 2.316569 0.043117 10.329431 -0.390031 0.227206 3.590863
1 260.05093 -8.535519 -0.950155 -0.111086 -2.358056 -1.557568 3.410737 0.262632 2.485014 0.182650 0.534992 2.316569 0.043117 10.329431 -0.390031 0.227206 3.590863
1 260.05093 -8.535519 -0.950155 -0.111086 -2.358056 -1.557568 3.410737 0.262632 2.485014 0.182650 0.534992 2.316569 0.043117 10.329431 -0.390031 0.227206 3.590863
1 260.05093 -8.535519 -0.950155 -0.111086 -2.358056 -1.557568 3.410737 0.262632 2.485014 0.182650 0.534992 2.316569 0.043117 10.329431 -0.390031 0.227206 3.590863
1 260.05093 -8.535519 -0.950155 -0.111086 -2.358056 -1.557568 3.410737 0.262632 2.485014 0.182650 0.534992 2.316569 0.043117 10.329431 -0.390031 0.227206 3.590863
1 260.05093 -8.535519 -0.950155 -0.111086 -2.358056 -1.557568 3.410737 0.262632 2.485014 0.182650 0.534992 2.316569 0.043117 10.329431 -0.390031 0.227206 3.590863
1 260.05093 -8.535519 -0.950155 -0.111086 -2.358056 -1.557568 3.410737 0.262632 2.485014 0.182650 0.534992 2.316569 0.043117 10.329431 -0.390031 0.227206 3.590863
1 260.05093 -8.535519 -0.950155 -0.111086 -2.358056 -1.557568 3.410737 0.262632 2.485014 0.182650 0.534992 2.316569 0.043117 10.329431 -0.390031 0.227206 3.590863
1 260.05093 -8.535519 -0.950155 -0.111086 -2.358056 -1.557568 3.410737 0.262632 2.485014 0.182650 0.534992 2.316569 0.043117 10.329431 -0.390031 0.227206 3.590863
