1 inf -8.287760 -0.883599 -0.228006 -2.904016 -1.753820 3.175152 -0.417355 1.901385 0.414489 0.745211 1.895077 -0.191796 10.318691 -0.678239 -0.036080 0.985349 2.986289
1 inf -8.306684 -0.879654 -0.234424 -2.939895 -1.722328 3.136008 -0.443921 1.905670 0.439239 0.772057 1.883640 -0.183188 10.323798 -0.665081 -0.034917 0.976348 3.006710
1 inf -8.312473 -0.890858 -0.224629 -2.948845 -1.740721 3.156460 -0.428047 1.891675 0.456677 0.753066 1.886500 -0.206039 10.343337 -0.650428 -0.037063 0.934111 3.019482
1 inf -8.334934 -0.872463 -0.200536 -2.944735 -1.751621 3.173827 -0.412514 1.840858 0.465698 0.770595 1.886004 -0.227758 10.328737 -0.653770 -0.029997 0.922034 3.008160
1 inf -8.344146 -0.875324 -0.193448 -2.935032 -1.794488 3.185156 -0.395266 1.869753 0.458363 0.768421 1.870923 -0.225518 10.315862 -0.680321 -0.042812 0.893040 2.981020
1 inf -8.312712 -0.877410 -0.195598 -2.919190 -1.763554 3.200516 -0.368868 1.884321 0.483729 0.817189 1.862069 -0.213525 10.358250 -0.695409 -0.025271 0.884185 3.006519
1 inf -8.294877 -0.880803 -0.185082 -2.927379 -1.760923 3.219855 -0.361697 1.857712 0.501762 0.784364 1.857639 -0.212790 10.399182 -0.728595 -0.016462 0.870780 3.000221
1 inf -8.298680 -0.898664 -0.194857 -2.941035 -1.766971 3.256936 -0.382791 1.832762 0.530573 0.776738 1.880406 -0.190475 10.385083 -0.731551 -0.047584 0.868001 2.982586
1 inf -8.320655 -0.870777 -0.203568 -2.940595 -1.715148 3.265016 -0.400601 1.819829 0.543548 0.760257 1.892338 -0.182515 10.379177 -0.759333 -0.066058 0.876294 2.993452
1 inf -8.328025 -0.842564 -0.211555 -2.941746 -1.711465 3.260198 -0.407719 1.822884 0.521257 0.804054 1.866682 -0.209338 10.374123 -0.748622 -0.094694 0.895247 2.967237
1 inf -8.331655 -0.845411 -0.217214 -2.926337 -1.724004 3.272336 -0.429802 1.806800 0.518608 0.811616 1.852427 -0.206629 10.385875 -0.768123 -0.091126 0.877346 2.937083
1 inf -8.319461 -0.833998 -0.200165 -2.917601 -1.711429 3.267721 -0.414835 1.805675 0.551683 0.836741 1.811839 -0.195215 10.343281 -0.740106 -0.091756 0.864323 2.930980
1 inf -8.308812 -0.861270 -0.230152 -2.913412 -1.746042 3.256989 -0.410257 1.783999 0.568244 0.835042 1.785786 -0.183968 10.348937 -0.735302 -0.097845 0.865736 2.936990
1 inf -8.322209 -0.848889 -0.241565 -2.896853 -1.723211 3.286993 -0.413934 1.758084 0.520402 0.852493 1.780744 -0.225455 10.349008 -0.706300 -0.070577 0.856393 2.936437
1 inf -8.341231 -0.869571 -0.256713 -2.920685 -1.725635 3.277784 -0.377711 1.765528 0.551437 0.890211 1.795909 -0.257816 10.329337 -0.680379 -0.071589 0.861665 2.949404
1 inf -8.324219 -0.904953 -0.285937 -2.907885 -1.713988 3.308669 -0.387751 1.736841 0.560929 0.857224 1.803358 -0.278529 10.297472 -0.678157 -0.068795 0.865511 2.913739
1 inf -8.320343 -0.925131 -0.308753 -2.907446 -1.734830 3.311026 -0.376093 1.735579 0.545799 0.843742 1.793441 -0.299524 10.298851 -0.655679 -0.047918 0.847333 2.904420
1 inf -8.311256 -0.896122 -0.327995 -2.883013 -1.717052 3.307636 -0.383091 1.682582 0.541242 0.838419 1.792534 -0.316986 10.250294 -0.644335 -0.052922 0.836509 2.967911
1 inf -8.319004 -0.851416 -0.338376 -2.872914 -1.708814 3.306282 -0.349610 1.707980 0.554808 0.843744 1.798606 -0.305339 10.286874 -0.645451 -0.041745 0.786711 2.953557
1 inf -8.304887 -0.810380 -0.327843 -2.872110 -1.714591 3.294636 -0.380175 1.654777 0.561512 0.811915 1.806591 -0.283511 10.258138 -0.642642 -0.019267 0.768955 2.963877
1 inf -8.307307 -0.807202 -0.354203 -2.874350 -1.685246 3.319889 -0.404487 1.665703 0.551572 0.848540 1.840070 -0.240903 10.232807 -0.626196 -0.012547 0.801636 2.952978
1 inf -8.318991 -0.793594 -0.342456 -2.855898 -1.674768 3.323391 -0.394133 1.684832 0.536511 0.858321 1.848893 -0.263920 10.281043 -0.652413 -0.020319 0.796241 2.964565
1 inf -8.303842 -0.817310 -0.339210 -2.845213 -1.664875 3.324846 -0.384908 1.706386 0.535550 0.900081 1.856739 -0.243579 10.261120 -0.677336 -0.066897 0.768334 2.976588
1 inf -8.321838 -0.794991 -0.334727 -2.806623 -1.656584 3.342894 -0.369570 1.690797 0.516444 0.875209 1.848727 -0.260418 10.257938 -0.689242 -0.031369 0.751454 2.946370
1 inf -8.306480 -0.824550 -0.333398 -2.787549 -1.629602 3.320717 -0.367209 1.694232 0.505540 0.908729 1.817507 -0.262367 10.282086 -0.649916 -0.038227 0.755603 2.932539
1 inf -8.288597 -0.809380 -0.286062 -2.732545 -1.633725 3.333661 -0.413078 1.676926 0.506787 0.904098 1.829472 -0.257315 10.280746 -0.654284 -0.027536 0.757564 2.939872
1 inf -8.284380 -0.807003 -0.266209 -2.721121 -1.612751 3.354525 -0.370598 1.650290 0.486123 0.901684 1.823870 -0.248495 10.280888 -0.650284 -0.030719 0.752042 2.917261
1 inf -8.282904 -0.825520 -0.269350 -2.722061 -1.618022 3.354042 -0.374840 1.672422 0.481515 0.921975 1.839846 -0.258612 10.294917 -0.642774 -0.030189 0.744960 2.897604
1 inf -8.295157 -0.834312 -0.322238 -2.740307 -1.603669 3.328994 -0.395967 1.654871 0.462814 0.906743 1.803760 -0.272878 10.298708 -0.620979 -0.051271 0.746199 2.871375
1 inf -8.314885 -0.828401 -0.328595 -2.761183 -1.586769 3.350282 -0.392090 1.623847 0.464555 0.905775 1.805986 -0.238840 10.303896 -0.624224 -0.075823 0.785218 2.860957
1 inf -8.300329 -0.874288 -0.338621 -2.750163 -1.548866 3.323864 -0.375554 1.637409 0.461642 0.916751 1.800850 -0.290951 10.312063 -0.651773 -0.075808 0.783891 2.864314
1 inf -8.301845 -0.895380 -0.357060 -2.763447 -1.520825 3.299104 -0.386436 1.596252 0.478593 0.917043 1.771939 -0.223005 10.312447 -0.641878 -0.085969 0.816200 2.856589
1 inf -8.294688 -0.916594 -0.328705 -2.811142 -1.527069 3.287877 -0.388584 1.586462 0.436798 0.893966 1.760690 -0.238310 10.314031 -0.621165 -0.097357 0.812886 2.870239
1 inf -8.295396 -0.922360 -0.300674 -2.778180 -1.548404 3.348837 -0.367961 1.551550 0.486078 0.917511 1.731746 -0.259619 10.320061 -0.635938 -0.124544 0.832860 2.875767
1 inf -8.294234 -0.921578 -0.319873 -2.777415 -1.542391 3.338993 -0.362531 1.550677 0.486337 0.950836 1.713596 -0.237123 10.303141 -0.639284 -0.110272 0.818857 2.873598
1 inf -8.262207 -0.914325 -0.300592 -2.747738 -1.547468 3.309678 -0.346391 1.519603 0.480004 0.941451 1.728954 -0.210546 10.312102 -0.649495 -0.114973 0.831263 2.878777
1 inf -8.238900 -0.888572 -0.268890 -2.742915 -1.538670 3.332070 -0.345112 1.524839 0.496423 0.942218 1.707373 -0.221368 10.260373 -0.665212 -0.158384 0.832052 2.866187
1 inf -8.209551 -0.876627 -0.295730 -2.726939 -1.524047 3.332650 -0.339795 1.535295 0.488813 0.932783 1.726375 -0.214010 10.284168 -0.654519 -0.149430 0.856797 2.884809
1 inf -8.229916 -0.873213 -0.292151 -2.695820 -1.519234 3.344076 -0.336360 1.489611 0.502768 0.938249 1.753264 -0.198179 10.278532 -0.615178 -0.118176 0.857172 2.855109
1 inf -8.232826 -0.834439 -0.263451 -2.709432 -1.531990 3.314037 -0.340931 1.455382 0.517491 0.919818 1.722567 -0.187687 10.292098 -0.617715 -0.179268 0.850758 2.834396
1 inf -8.220413 -0.831025 -0.307424 -2.683653 -1.531492 3.304727 -0.346069 1.408995 0.512615 0.938932 1.703630 -0.189279 10.279313 -0.619467 -0.172103 0.861587 2.838237
1 inf -8.221832 -0.829121 -0.308779 -2.698419 -1.503066 3.333112 -0.349814 1.437501 0.529277 0.990019 1.699162 -0.196851 10.252465 -0.594897 -0.195156 0.855697 2.805896
1 inf -8.251165 -0.835608 -0.271069 -2.692421 -1.531569 3.313708 -0.320953 1.423165 0.517795 0.990477 1.675997 -0.217790 10.245201 -0.585890 -0.210947 0.879241 2.787777
1 inf -8.268017 -0.852069 -0.294643 -2.685835 -1.565955 3.317192 -0.329293 1.418955 0.517862 0.992281 1.644217 -0.228814 10.263783 -0.609992 -0.231033 0.883504 2.805787
1 inf -8.264431 -0.908773 -0.309458 -2.718008 -1.572136 3.314509 -0.343651 1.370380 0.498636 0.973134 1.621326 -0.253341 10.272838 -0.600925 -0.214648 0.910375 2.830390
1 inf -8.261016 -0.896660 -0.294681 -2.710913 -1.581119 3.285133 -0.357066 1.398274 0.465720 0.941954 1.661260 -0.269762 10.275076 -0.616040 -0.209416 0.912767 2.850842
1 inf -8.283258 -0.894715 -0.277632 -2.718409 -1.593220 3.271889 -0.371340 1.396572 0.437693 0.899178 1.658962 -0.245581 10.274755 -0.616254 -0.199496 0.891069 2.838291
1 inf -8.282660 -0.907626 -0.296492 -2.724371 -1.579129 3.254223 -0.357647 1.410634 0.455770 0.897703 1.658672 -0.287097 10.249611 -0.607890 -0.152708 0.880427 2.818371
1 inf -8.296471 -0.887367 -0.303972 -2.693623 -1.556237 3.257212 -0.353487 1.468531 0.461525 0.943489 1.672425 -0.262073 10.297660 -0.598461 -0.155477 0.891459 2.787256
1 inf -8.278342 -0.868630 -0.304565 -2.704823 -1.567500 3.276739 -0.372654 1.461254 0.455916 0.934466 1.616575 -0.258788 10.300936 -0.628498 -0.133697 0.875373 2.788027
1 inf -8.282265 -0.837510 -0.293039 -2.702183 -1.582996 3.285297 -0.388960 1.429929 0.416303 0.938633 1.602529 -0.263271 10.293353 -0.623174 -0.178819 0.872444 2.788679
1 inf -8.276434 -0.814350 -0.314262 -2.707572 -1.609661 3.310432 -0.404904 1.431619 0.416988 0.973660 1.602448 -0.251778 10.298680 -0.629728 -0.163337 0.888210 2.747970
1 inf -8.278218 -0.810326 -0.315920 -2.733140 -1.642577 3.306297 -0.426836 1.443307 0.397903 0.980416 1.582943 -0.216162 10.284655 -0.617514 -0.160546 0.899189 2.776387
1 inf -8.286975 -0.850628 -0.346880 -2.699437 -1.654228 3.320222 -0.431230 1.425762 0.417941 0.979360 1.553120 -0.225556 10.260746 -0.607114 -0.189208 0.897453 2.755260
1 inf -8.278144 -0.864525 -0.317977 -2.738576 -1.656689 3.274743 -0.418556 1.402642 0.416691 0.967764 1.562178 -0.217746 10.246614 -0.577144 -0.190571 0.899645 2.790868
1 inf -8.292833 -0.875794 -0.364266 -2.754718 -1.655362 3.286804 -0.386626 1.429163 0.400300 0.970667 1.545547 -0.277441 10.245630 -0.534294 -0.199295 0.902144 2.790319
1 inf -8.246814 -0.863921 -0.380357 -2.740414 -1.669859 3.267520 -0.381856 1.435757 0.402563 0.977193 1.538080 -0.274392 10.260196 -0.531531 -0.190767 0.902772 2.811330
1 inf -8.239068 -0.898768 -0.413501 -2.715798 -1.669880 3.237543 -0.372491 1.444263 0.411190 0.959742 1.546629 -0.267197 10.242003 -0.554949 -0.173150 0.934995 2.820006
1 inf -8.252704 -0.884817 -0.426439 -2.736662 -1.702438 3.240449 -0.376192 1.433991 0.429398 0.954799 1.575901 -0.272724 10.209617 -0.568331 -0.171752 0.919174 2.803604
1 inf -8.282065 -0.867761 -0.413762 -2.717021 -1.709204 3.301430 -0.347965 1.488713 0.419077 0.975539 1.578938 -0.267038 10.197347 -0.506867 -0.104817 0.920292 2.789593
1 inf -8.214034 -0.889015 -0.394673 -2.727796 -1.735555 3.319197 -0.353329 1.492108 0.389786 0.953661 1.565798 -0.269445 10.202205 -0.531512 -0.102605 0.936544 2.815737
1 inf -8.220969 -0.836046 -0.404997 -2.736920 -1.756464 3.339803 -0.358019 1.520302 0.370528 0.972307 1.556296 -0.245038 10.232932 -0.537114 -0.063625 0.931667 2.789085
1 inf -8.218431 -0.867007 -0.397437 -2.718489 -1.725863 3.334966 -0.350213 1.474523 0.347850 0.969632 1.536732 -0.265790 10.257428 -0.507429 -0.071140 0.914685 2.804849
1 inf -8.234275 -0.905589 -0.395834 -2.729950 -1.745694 3.340138 -0.339237 1.446851 0.369747 0.958688 1.567153 -0.286696 10.265809 -0.459651 -0.061781 0.945037 2.831953
1 inf -8.217616 -0.919927 -0.389847 -2.753394 -1.745381 3.342238 -0.340737 1.450831 0.352055 0.950635 1.599077 -0.347771 10.249593 -0.497506 -0.060043 0.895802 2.825029
1 inf -8.196657 -0.935175 -0.383794 -2.726549 -1.725334 3.360804 -0.370489 1.449009 0.343701 0.928284 1.590943 -0.342135 10.251103 -0.509689 -0.072427 0.877499 2.819417
1 inf -8.220564 -0.921275 -0.415040 -2.730956 -1.703714 3.373855 -0.382719 1.439043 0.350024 0.982587 1.624727 -0.320792 10.261014 -0.560500 -0.056106 0.864955 2.795426
1 inf -8.202889 -0.886660 -0.423473 -2.711856 -1.729532 3.394838 -0.382487 1.447202 0.346590 0.975621 1.634515 -0.320716 10.252696 -0.562978 -0.022720 0.862691 2.805845
1 inf -8.229948 -0.850774 -0.451336 -2.721954 -1.679632 3.424289 -0.383036 1.469040 0.371344 0.960234 1.633897 -0.333736 10.287702 -0.548212 -0.029033 0.849680 2.792652
1 inf -8.229680 -0.850650 -0.451019 -2.704276 -1.655354 3.467472 -0.368905 1.474079 0.333315 0.969536 1.629583 -0.335992 10.216980 -0.547611 -0.036952 0.861334 2.785589
1 inf -8.218791 -0.855902 -0.448653 -2.687732 -1.645521 3.476784 -0.376389 1.505427 0.328960 0.940948 1.623466 -0.344691 10.210155 -0.564160 -0.049017 0.825491 2.791353
1 inf -8.232442 -0.814892 -0.430287 -2.733361 -1.662383 3.452498 -0.338267 1.498380 0.316892 0.945047 1.621092 -0.303964 10.200802 -0.586648 -0.045954 0.824190 2.802758
1 inf -8.238690 -0.823948 -0.443707 -2.721021 -1.664112 3.467023 -0.374495 1.494139 0.345687 0.960195 1.628540 -0.273586 10.203975 -0.558954 -0.077142 0.840033 2.805950
1 inf -8.239504 -0.794260 -0.447497 -2.714932 -1.658380 3.442663 -0.381579 1.503892 0.366691 0.981979 1.613046 -0.256663 10.232685 -0.585439 -0.103944 0.832269 2.853136
1 inf -8.227492 -0.806721 -0.440537 -2.699553 -1.627862 3.471025 -0.367028 1.479891 0.402931 0.946319 1.637339 -0.251315 10.236569 -0.516234 -0.110289 0.847131 2.828116
1 inf -8.210691 -0.762712 -0.454327 -2.662052 -1.633197 3.438909 -0.339606 1.491934 0.426368 0.949296 1.642516 -0.232314 10.250847 -0.518102 -0.094484 0.840110 2.828549
1 inf -8.213798 -0.759494 -0.451081 -2.671346 -1.646093 3.390008 -0.327540 1.495571 0.433957 0.941696 1.641374 -0.210393 10.256146 -0.520430 -0.075446 0.826760 2.824554
1 inf -8.221596 -0.763371 -0.446969 -2.682920 -1.609238 3.405769 -0.288433 1.504374 0.434231 0.954449 1.654417 -0.204897 10.246367 -0.505803 -0.097223 0.822631 2.804690
1 inf -8.202868 -0.766683 -0.463142 -2.726581 -1.605317 3.422460 -0.278784 1.511315 0.421417 0.930975 1.663452 -0.225090 10.242731 -0.489972 -0.126000 0.823436 2.792448
1 inf -8.239532 -0.730520 -0.437293 -2.721308 -1.599417 3.467254 -0.336953 1.499610 0.403084 0.942276 1.671008 -0.223387 10.246988 -0.453374 -0.135510 0.829772 2.807974
1 inf -8.239937 -0.731697 -0.408481 -2.724243 -1.559565 3.460192 -0.307750 1.502397 0.371495 0.952117 1.626422 -0.215834 10.228033 -0.489474 -0.170388 0.832694 2.811217
1 inf -8.229080 -0.754166 -0.412665 -2.732638 -1.543228 3.470545 -0.322844 1.524946 0.367139 0.967676 1.636936 -0.226344 10.225738 -0.515573 -0.131055 0.893119 2.796765
1 inf -8.197642 -0.760609 -0.405859 -2.741736 -1.559051 3.475867 -0.327419 1.511450 0.367947 0.961781 1.653879 -0.222790 10.247225 -0.536076 -0.149508 0.900719 2.797887
1 inf -8.183942 -0.731574 -0.390682 -2.713511 -1.557502 3.450626 -0.318299 1.528615 0.351557 0.948733 1.658528 -0.206964 10.232071 -0.544487 -0.177052 0.911381 2.800957
1 inf -8.192198 -0.710931 -0.382778 -2.685933 -1.567245 3.456904 -0.311711 1.521356 0.370300 0.939594 1.654060 -0.210225 10.242073 -0.551272 -0.194389 0.881869 2.826335
1 inf -8.201444 -0.703932 -0.385858 -2.693008 -1.561370 3.467701 -0.337018 1.503442 0.348922 0.928866 1.631354 -0.220565 10.244998 -0.557259 -0.187970 0.862497 2.855500
1 inf -8.202447 -0.711493 -0.356325 -2.718006 -1.574105 3.461696 -0.324089 1.484391 0.313218 0.962087 1.633568 -0.197028 10.251579 -0.558300 -0.239736 0.915940 2.876963
1 inf -8.180375 -0.708727 -0.360513 -2.755069 -1.570664 3.464266 -0.266588 1.489597 0.286079 0.935569 1.664740 -0.190227 10.262595 -0.549373 -0.266525 0.917099 2.893811
1 inf -8.137715 -0.708393 -0.376777 -2.804210 -1.581623 3.451751 -0.271352 1.514522 0.310594 0.905219 1.627533 -0.160758 10.285231 -0.590151 -0.255687 0.856617 2.886466
1 inf -8.157984 -0.745069 -0.412260 -2.815927 -1.542305 3.432778 -0.263167 1.537408 0.272083 0.943986 1.663314 -0.166309 10.304073 -0.576791 -0.267143 0.906051 2.865192
1 inf -8.134304 -0.737572 -0.396452 -2.800611 -1.547555 3.434665 -0.281989 1.551487 0.264812 0.933285 1.653797 -0.191786 10.320925 -0.570436 -0.231411 0.915243 2.868802
1 inf -8.131448 -0.740660 -0.357386 -2.789015 -1.541700 3.414839 -0.260941 1.598209 0.255937 0.930641 1.665361 -0.152980 10.323760 -0.572640 -0.240833 0.902381 2.880656
1 inf -8.136163 -0.753982 -0.355608 -2.781469 -1.551705 3.388617 -0.230279 1.634123 0.295271 0.934113 1.676173 -0.149468 10.340979 -0.564546 -0.247793 0.923423 2.887756
1 inf -8.098919 -0.761932 -0.375276 -2.760144 -1.524068 3.373902 -0.198398 1.653405 0.264844 0.931053 1.674103 -0.164716 10.378231 -0.542318 -0.233432 0.948880 2.904579
1 inf -8.115807 -0.757292 -0.359796 -2.718354 -1.527625 3.345226 -0.244106 1.688350 0.272391 0.929225 1.674478 -0.155765 10.347722 -0.491967 -0.239413 0.921244 2.913648
1 inf -8.123352 -0.772235 -0.344016 -2.737856 -1.523115 3.348672 -0.252629 1.697074 0.296250 0.933337 1.651553 -0.152705 10.359043 -0.494765 -0.244070 0.914503 2.909938
1 inf -8.092506 -0.773587 -0.323538 -2.711404 -1.504441 3.381202 -0.226628 1.697177 0.303383 0.912175 1.611271 -0.116100 10.340541 -0.481623 -0.229864 0.929477 2.905472
1 inf -8.095437 -0.753623 -0.362839 -2.723728 -1.495022 3.390548 -0.226864 1.671750 0.314826 0.911816 1.599193 -0.116776 10.342306 -0.462987 -0.234221 0.931784 2.913991
1 inf -8.132162 -0.757106 -0.332772 -2.750801 -1.529435 3.379484 -0.281143 1.683914 0.308555 0.880509 1.599274 -0.085793 10.343234 -0.475638 -0.205893 0.946052 2.958292
1 inf -8.123942 -0.720267 -0.345891 -2.800469 -1.507712 3.404435 -0.285821 1.706668 0.266236 0.882729 1.574312 -0.057175 10.350560 -0.464371 -0.205105 0.912815 2.936159
1 inf -8.094485 -0.738932 -0.358877 -2.761965 -1.521358 3.401926 -0.306441 1.720901 0.301926 0.847208 1.608424 -0.056140 10.337981 -0.462741 -0.219861 0.876019 2.935529
1 inf -8.100664 -0.764234 -0.321931 -2.762990 -1.546459 3.404686 -0.331837 1.714413 0.307105 0.813623 1.609963 -0.051228 10.367055 -0.483679 -0.212464 0.912567 2.933598
1 inf -8.110343 -0.769757 -0.339258 -2.765277 -1.571485 3.400848 -0.362121 1.691944 0.322119 0.867145 1.658864 -0.050026 10.350396 -0.472014 -0.224247 0.906512 2.952911
1 inf -8.129568 -0.788919 -0.328829 -2.784221 -1.587220 3.395043 -0.332288 1.710239 0.276743 0.859988 1.639280 -0.056230 10.375092 -0.459290 -0.212827 0.934075 2.959464
1 inf -8.146696 -0.794700 -0.337240 -2.784426 -1.562133 3.407625 -0.337573 1.723820 0.292024 0.861497 1.630115 -0.042356 10.375823 -0.436469 -0.222058 0.909747 2.969403
1 inf -8.161969 -0.793677 -0.338055 -2.780552 -1.540675 3.383018 -0.329488 1.732719 0.276485 0.840068 1.641470 -0.041802 10.393796 -0.439348 -0.219517 0.907164 3.002739
1 inf -8.207712 -0.782650 -0.324483 -2.785488 -1.544417 3.368287 -0.281850 1.741734 0.273341 0.819303 1.633990 -0.076235 10.409413 -0.469070 -0.222916 0.921424 3.017669
1 inf -8.220096 -0.778604 -0.315386 -2.798305 -1.545154 3.373425 -0.285825 1.721461 0.279426 0.792120 1.625677 -0.112452 10.391696 -0.452229 -0.198342 0.925317 2.998846
1 inf -8.221117 -0.750585 -0.320569 -2.775308 -1.533096 3.390734 -0.301344 1.716845 0.276089 0.795832 1.642580 -0.128749 10.342812 -0.500615 -0.215026 0.887268 2.945580
1 inf -8.223239 -0.762454 -0.333104 -2.763139 -1.537069 3.411847 -0.307889 1.736225 0.281147 0.786362 1.649391 -0.104217 10.327183 -0.534979 -0.233512 0.916599 2.918817
1 inf -8.223500 -0.790906 -0.331725 -2.773568 -1.536116 3.417979 -0.293640 1.745384 0.302849 0.765325 1.614029 -0.132290 10.294087 -0.513813 -0.240130 0.886749 2.868356
1 inf -8.221527 -0.788560 -0.312794 -2.768197 -1.520702 3.392548 -0.295521 1.710426 0.268177 0.765328 1.613189 -0.115101 10.309692 -0.518524 -0.241001 0.877238 2.874696
1 inf -8.217089 -0.817505 -0.322853 -2.766229 -1.541028 3.410382 -0.309055 1.727747 0.274257 0.806066 1.615406 -0.122854 10.321664 -0.514606 -0.263809 0.875611 2.829480
1 inf -8.207885 -0.813288 -0.294100 -2.764642 -1.545696 3.413071 -0.333162 1.755258 0.281281 0.815832 1.570650 -0.143179 10.309148 -0.471746 -0.246617 0.898395 2.812405
1 inf -8.213520 -0.806172 -0.248033 -2.789624 -1.527237 3.452649 -0.334064 1.773641 0.280621 0.817712 1.579469 -0.140186 10.330119 -0.443249 -0.235483 0.888916 2.805306
1 inf -8.193960 -0.782668 -0.257263 -2.784758 -1.547196 3.432604 -0.339274 1.771972 0.260929 0.810464 1.589980 -0.138466 10.341550 -0.439856 -0.246492 0.871128 2.797754
1 inf -8.168192 -0.821791 -0.248455 -2.813274 -1.515518 3.423127 -0.343047 1.756772 0.280410 0.830511 1.585923 -0.143691 10.322644 -0.415538 -0.276545 0.873565 2.780296
1 inf -8.162625 -0.819103 -0.233233 -2.779612 -1.496815 3.431016 -0.350085 1.763346 0.315232 0.843279 1.565077 -0.142464 10.325781 -0.443291 -0.299041 0.885048 2.774060
1 inf -8.132356 -0.804074 -0.234565 -2.743812 -1.524098 3.395064 -0.330506 1.746577 0.325885 0.875906 1.597880 -0.176455 10.276451 -0.438087 -0.345916 0.894168 2.769166
1 inf -8.131471 -0.815386 -0.228202 -2.742058 -1.505694 3.385884 -0.312038 1.711536 0.325919 0.885533 1.570146 -0.156120 10.297724 -0.390797 -0.367628 0.888371 2.753692
1 inf -8.136237 -0.798541 -0.222196 -2.737370 -1.499138 3.398625 -0.310483 1.704163 0.330746 0.899576 1.572407 -0.120554 10.296418 -0.388536 -0.358806 0.941215 2.724265
1 inf -8.136462 -0.809364 -0.199028 -2.705893 -1.487711 3.421448 -0.316104 1.672410 0.350296 0.903522 1.590029 -0.169942 10.318831 -0.350682 -0.355824 0.931230 2.739600
1 inf -8.141884 -0.810181 -0.198812 -2.701307 -1.497726 3.467498 -0.334874 1.675509 0.367644 0.908465 1.608823 -0.174482 10.316950 -0.337729 -0.380313 0.940500 2.761698
1 inf -8.160919 -0.815706 -0.188998 -2.687942 -1.453974 3.452125 -0.340881 1.673418 0.380109 0.893327 1.589474 -0.158216 10.305834 -0.342411 -0.376441 0.956789 2.790259
1 inf -8.149525 -0.791233 -0.213563 -2.724270 -1.418723 3.425817 -0.330141 1.684878 0.360280 0.896878 1.574745 -0.157549 10.295483 -0.360787 -0.345250 0.988826 2.790649
1 inf -8.155212 -0.767591 -0.218813 -2.731029 -1.432377 3.462824 -0.326297 1.667883 0.344833 0.874237 1.593518 -0.166250 10.283395 -0.351743 -0.333136 0.976233 2.797001
1 inf -8.171056 -0.806173 -0.217210 -2.742490 -1.452208 3.467996 -0.315321 1.640211 0.366730 0.863293 1.623939 -0.187156 10.291776 -0.303965 -0.323777 0.965415 2.791847
1 inf -8.172969 -0.792684 -0.189637 -2.761489 -1.435827 3.422837 -0.333961 1.652909 0.354091 0.887166 1.634316 -0.191116 10.324899 -0.309561 -0.302717 0.954041 2.752599
1 inf -8.189612 -0.836000 -0.208251 -2.797847 -1.430061 3.412980 -0.344182 1.684668 0.356346 0.900150 1.615031 -0.232728 10.345057 -0.333684 -0.296917 0.943479 2.758503
1 inf -8.161957 -0.849092 -0.237959 -2.811796 -1.439859 3.407959 -0.317788 1.684783 0.334293 0.894046 1.638127 -0.233890 10.361509 -0.332712 -0.312600 0.944591 2.778196
1 inf -8.150103 -0.812467 -0.260208 -2.822813 -1.413636 3.423433 -0.324975 1.653221 0.319821 0.886649 1.636214 -0.225975 10.382141 -0.348216 -0.296147 0.938626 2.754563
1 inf -8.121518 -0.811729 -0.241416 -2.821954 -1.387889 3.405217 -0.321915 1.607248 0.313840 0.907082 1.623146 -0.211860 10.386370 -0.336460 -0.270025 0.939963 2.761488
1 inf -8.110196 -0.809605 -0.227856 -2.821040 -1.396188 3.432505 -0.275548 1.607208 0.323081 0.903132 1.636316 -0.229089 10.372126 -0.352434 -0.321836 0.909439 2.772991
1 inf -8.118553 -0.833733 -0.252627 -2.797938 -1.410750 3.432107 -0.330305 1.592742 0.307042 0.904862 1.631048 -0.267663 10.360871 -0.378156 -0.273750 0.946713 2.766022
1 inf -8.105510 -0.835000 -0.239633 -2.784693 -1.375577 3.454345 -0.365541 1.588477 0.313657 0.934443 1.604900 -0.256011 10.324428 -0.401125 -0.318901 0.907966 2.767765
1 inf -8.104366 -0.850420 -0.228478 -2.749082 -1.363291 3.448528 -0.355496 1.540821 0.338982 0.909799 1.619226 -0.245559 10.273380 -0.380671 -0.291198 0.927153 2.790320
1 inf -8.134764 -0.858615 -0.240969 -2.744112 -1.319264 3.455028 -0.388198 1.553137 0.337084 0.942133 1.633282 -0.266266 10.224207 -0.416734 -0.271054 0.914722 2.808067
1 inf -8.136981 -0.874647 -0.284465 -2.767314 -1.304066 3.436730 -0.382275 1.583315 0.346289 0.936545 1.629070 -0.290228 10.249309 -0.441335 -0.273083 0.879439 2.837979
1 inf -8.150141 -0.894039 -0.296516 -2.744873 -1.278565 3.445796 -0.405179 1.566623 0.350702 0.932924 1.623514 -0.319034 10.250899 -0.440274 -0.265460 0.853560 2.843017
1 inf -8.134800 -0.952145 -0.302582 -2.732252 -1.299349 3.463832 -0.443233 1.575656 0.340505 0.928731 1.635877 -0.293291 10.253506 -0.413719 -0.265663 0.889854 2.845209
1 inf -8.118848 -0.940170 -0.315244 -2.713362 -1.354197 3.453848 -0.438022 1.605673 0.331278 0.907087 1.633570 -0.276899 10.244338 -0.415938 -0.242272 0.886325 2.845622
1 inf -8.097240 -0.943973 -0.315655 -2.718788 -1.411632 3.418536 -0.415995 1.571709 0.307223 0.943355 1.643006 -0.272888 10.265628 -0.410415 -0.230420 0.927648 2.906043
1 inf -8.072799 -0.935121 -0.333205 -2.715523 -1.373179 3.410095 -0.420480 1.556154 0.326418 0.944192 1.655942 -0.306127 10.274399 -0.342824 -0.259613 0.959785 2.872026
1 inf -8.058738 -0.927048 -0.329476 -2.711712 -1.368725 3.436262 -0.422029 1.574227 0.310056 0.933591 1.648102 -0.317880 10.289957 -0.344714 -0.274437 0.969945 2.871711
1 inf -8.089755 -0.948234 -0.319986 -2.715826 -1.397971 3.437156 -0.459635 1.569180 0.306003 0.932241 1.653010 -0.332650 10.321756 -0.324465 -0.291967 0.963846 2.897975
1 inf -8.088146 -0.971951 -0.354477 -2.735161 -1.408526 3.406712 -0.449527 1.545690 0.312003 0.958384 1.637751 -0.323683 10.309281 -0.307754 -0.309245 0.959525 2.916627
1 inf -8.122166 -0.963889 -0.326899 -2.754471 -1.420815 3.376134 -0.462560 1.548032 0.366030 0.953139 1.635941 -0.316678 10.306730 -0.315888 -0.291977 0.962743 2.914472
1 inf -8.137009 -0.956647 -0.323456 -2.741710 -1.448574 3.373780 -0.446136 1.550247 0.366249 0.934140 1.613956 -0.305335 10.272611 -0.313753 -0.257070 0.963798 2.947042
1 inf -8.191587 -0.963712 -0.330224 -2.737537 -1.482083 3.354423 -0.442386 1.542894 0.354616 0.921547 1.628212 -0.304824 10.240452 -0.315383 -0.273701 0.976109 2.953592
1 inf -8.157304 -0.955759 -0.321079 -2.736187 -1.498379 3.368333 -0.440180 1.554235 0.388225 0.937526 1.629792 -0.319413 10.217571 -0.330448 -0.289675 0.996206 3.000760
1 inf -8.159848 -0.964427 -0.300977 -2.718794 -1.509453 3.375781 -0.461951 1.561251 0.376481 0.939755 1.582142 -0.320610 10.245778 -0.339126 -0.299970 0.998645 3.001021
1 inf -8.191352 -0.980310 -0.265825 -2.723557 -1.507084 3.402005 -0.480601 1.584363 0.362693 0.950736 1.589420 -0.346210 10.225764 -0.331123 -0.294007 0.987887 3.002505
1 inf -8.226641 -0.921298 -0.280770 -2.709661 -1.481343 3.390256 -0.471550 1.559004 0.353623 0.953704 1.576167 -0.380000 10.236892 -0.359992 -0.301150 0.992947 3.014593
1 inf -8.229758 -0.884645 -0.266950 -2.694655 -1.490316 3.371758 -0.495447 1.554751 0.352150 0.965158 1.557257 -0.362522 10.251283 -0.369548 -0.292328 0.982132 3.045697
1 inf -8.243922 -0.872409 -0.301159 -2.732239 -1.501557 3.376277 -0.483722 1.562112 0.332990 0.938471 1.562148 -0.372465 10.265535 -0.350911 -0.301675 0.965414 3.075243
1 inf -8.251865 -0.863969 -0.300987 -2.765068 -1.502599 3.368746 -0.498246 1.546344 0.316795 0.948924 1.576100 -0.354560 10.263185 -0.327769 -0.315470 0.962809 3.057881
1 inf -8.263849 -0.879840 -0.326516 -2.768680 -1.502829 3.342785 -0.497082 1.512239 0.333274 0.960817 1.613241 -0.344555 10.320354 -0.315949 -0.306484 0.937173 3.032346
1 inf -8.249139 -0.872616 -0.322635 -2.763919 -1.528456 3.347269 -0.499733 1.524240 0.308640 0.980575 1.609590 -0.339351 10.333693 -0.326714 -0.331555 0.987333 3.039054
1 inf -8.283079 -0.861951 -0.313308 -2.748143 -1.525825 3.363300 -0.516318 1.511983 0.279479 0.960146 1.615103 -0.334615 10.308273 -0.266703 -0.337827 0.975192 3.064119
1 inf -8.251951 -0.863234 -0.320043 -2.783796 -1.497166 3.384086 -0.524935 1.493239 0.282973 0.964113 1.611331 -0.330386 10.323768 -0.278099 -0.307658 0.958348 3.068526
1 inf -8.289021 -0.896608 -0.363361 -2.762968 -1.507970 3.401426 -0.559448 1.503787 0.283416 0.962276 1.590021 -0.346669 10.340196 -0.258824 -0.323582 0.979621 3.080770
1 inf -8.252650 -0.920755 -0.366381 -2.754068 -1.485489 3.400984 -0.588238 1.480564 0.318584 0.970444 1.628191 -0.332753 10.358534 -0.246868 -0.349061 0.966561 3.035567
1 inf -8.227714 -0.905613 -0.384885 -2.767931 -1.507963 3.427502 -0.600232 1.464787 0.357841 0.987752 1.626203 -0.337387 10.341505 -0.251264 -0.356206 0.990446 3.031887
1 inf -8.225658 -0.914240 -0.388742 -2.787965 -1.488236 3.433743 -0.641171 1.438956 0.329924 0.980888 1.644423 -0.344672 10.324816 -0.220465 -0.340639 0.964947 3.012273
1 inf -8.219176 -0.927649 -0.387536 -2.771088 -1.454673 3.447737 -0.629362 1.421109 0.313552 0.994251 1.669244 -0.335906 10.358923 -0.248620 -0.344293 0.976838 3.027929
1 inf -8.172319 -0.966048 -0.385358 -2.795748 -1.426256 3.454896 -0.620957 1.449992 0.300103 0.984570 1.667787 -0.357187 10.331603 -0.225617 -0.306083 0.993336 3.043752
1 inf -8.163101 -0.956003 -0.359628 -2.816415 -1.421554 3.469361 -0.635794 1.456326 0.333465 0.972218 1.649365 -0.352149 10.328343 -0.209111 -0.322081 0.984978 3.035748
1 inf -8.182453 -0.962469 -0.320137 -2.815092 -1.441889 3.457515 -0.625985 1.441782 0.300749 0.999719 1.627572 -0.351840 10.338196 -0.238912 -0.358039 0.974098 2.993813
1 inf -8.196934 -0.938930 -0.351047 -2.817169 -1.410316 3.467563 -0.586415 1.419468 0.291036 0.992297 1.619522 -0.349122 10.352775 -0.288659 -0.353137 0.931902 3.015717
1 inf -8.204126 -0.932666 -0.366494 -2.833473 -1.430885 3.440704 -0.582371 1.400467 0.283382 0.979799 1.651371 -0.360325 10.370494 -0.316366 -0.353735 0.953832 3.006001
1 inf -8.185169 -0.936446 -0.384419 -2.850852 -1.450568 3.455406 -0.580078 1.381224 0.283109 0.998870 1.650346 -0.370950 10.408910 -0.344425 -0.393002 0.982052 2.971214
1 inf -8.226721 -0.940135 -0.387318 -2.832021 -1.462225 3.476890 -0.570327 1.367386 0.272409 0.978336 1.640174 -0.394298 10.425149 -0.381007 -0.402008 0.997508 2.982951
1 inf -8.230004 -0.930179 -0.397664 -2.846125 -1.449184 3.436158 -0.563448 1.384853 0.296205 0.974556 1.618820 -0.400848 10.420971 -0.362672 -0.361506 0.989766 2.951102
1 inf -8.265161 -0.908525 -0.387331 -2.855628 -1.418763 3.432163 -0.584066 1.412040 0.290255 0.975169 1.598838 -0.405492 10.447052 -0.392138 -0.350691 0.948694 2.947808
1 inf -8.262442 -0.913394 -0.403081 -2.861723 -1.437411 3.449655 -0.559573 1.409432 0.290204 0.961311 1.609472 -0.388729 10.458814 -0.439383 -0.320967 0.954890 2.999823
1 inf -8.275729 -0.921415 -0.403997 -2.828138 -1.445179 3.456687 -0.573256 1.407880 0.304702 0.992122 1.610069 -0.375775 10.436093 -0.476227 -0.298262 0.971530 3.010933
1 inf -8.267234 -0.950028 -0.440876 -2.808411 -1.436067 3.450229 -0.561024 1.423062 0.330031 0.983054 1.612143 -0.377007 10.430169 -0.447174 -0.286618 0.958576 2.995477
1 inf -8.256178 -0.918341 -0.441564 -2.810115 -1.425607 3.460220 -0.509732 1.447710 0.337402 0.978017 1.624884 -0.441485 10.451109 -0.408796 -0.253771 0.944471 3.030362
1 inf -8.266409 -0.919201 -0.474338 -2.854650 -1.403961 3.463660 -0.519697 1.468416 0.340325 0.961511 1.622901 -0.434269 10.443344 -0.395156 -0.275483 0.935331 3.015281
1 inf -8.240595 -0.916720 -0.433745 -2.837623 -1.387300 3.468882 -0.475292 1.475826 0.335593 0.992175 1.607148 -0.434105 10.416425 -0.409828 -0.268216 0.952123 3.058866
1 inf -8.260106 -0.938714 -0.427750 -2.830892 -1.368829 3.442435 -0.505853 1.463289 0.300088 0.980215 1.574400 -0.470880 10.391520 -0.380200 -0.266271 0.962589 3.070383
1 inf -8.208950 -0.989438 -0.455350 -2.843797 -1.385106 3.442490 -0.505813 1.457595 0.278025 0.954504 1.595812 -0.493157 10.419136 -0.402058 -0.297855 0.962185 3.102528
1 inf -8.203564 -0.982743 -0.449162 -2.811201 -1.380887 3.441724 -0.510476 1.445080 0.300141 0.966444 1.603083 -0.476697 10.423298 -0.382699 -0.320672 0.952265 3.108689
1 inf -8.246464 -0.947824 -0.462625 -2.788269 -1.350187 3.443966 -0.522062 1.444498 0.334124 0.945067 1.626981 -0.454613 10.405852 -0.401883 -0.326843 0.950285 3.103151
1 inf -8.269775 -0.943303 -0.488460 -2.780784 -1.391110 3.434316 -0.531859 1.437018 0.297399 0.911015 1.598611 -0.506653 10.379437 -0.378395 -0.342048 0.934357 3.096213
1 inf -8.271797 -0.964209 -0.509438 -2.767157 -1.416979 3.464686 -0.507424 1.444886 0.289837 0.910496 1.599748 -0.520562 10.400254 -0.335187 -0.312316 0.948309 3.123694
1 inf -8.320283 -0.937381 -0.506494 -2.805033 -1.390044 3.449554 -0.476781 1.466575 0.272251 0.909609 1.616220 -0.523570 10.407899 -0.342747 -0.268147 0.941113 3.119941
1 inf -8.336127 -0.975963 -0.504891 -2.816494 -1.409875 3.454726 -0.465805 1.438903 0.294148 0.898665 1.646641 -0.544476 10.416280 -0.294969 -0.258788 0.971465 3.147045
1 inf -8.334674 -0.986854 -0.523352 -2.784328 -1.408919 3.470733 -0.491392 1.436638 0.290469 0.914650 1.628489 -0.543780 10.422838 -0.288030 -0.297584 0.945822 3.144779
1 inf -8.399262 -0.949725 -0.556351 -2.781957 -1.398665 3.447168 -0.467397 1.428404 0.300293 0.911092 1.629163 -0.526403 10.418543 -0.320275 -0.321669 0.935204 3.118256
1 inf -8.395370 -0.986221 -0.531593 -2.815495 -1.410300 3.466364 -0.476049 1.428988 0.294927 0.930017 1.617308 -0.485408 10.421446 -0.332737 -0.315772 0.938323 3.154871
1 inf -8.386210 -0.985093 -0.533595 -2.802197 -1.430537 3.448228 -0.437980 1.426739 0.302150 0.963406 1.613121 -0.495959 10.453481 -0.319384 -0.324128 0.942065 3.167224
1 inf -8.427477 -0.999554 -0.539902 -2.822077 -1.439928 3.455949 -0.481671 1.424279 0.317312 0.951302 1.633851 -0.513453 10.477303 -0.328274 -0.347359 0.951073 3.202397
1 inf -8.426908 -0.971141 -0.516902 -2.843805 -1.468801 3.412841 -0.469512 1.439920 0.276066 0.926128 1.671854 -0.519810 10.489236 -0.325129 -0.375730 0.924135 3.229798
1 inf -8.422522 -0.964468 -0.513953 -2.845220 -1.464327 3.389817 -0.454246 1.496959 0.263476 0.923038 1.696121 -0.522034 10.500430 -0.308488 -0.380279 0.949709 3.272406
1 inf -8.436509 -0.983891 -0.504819 -2.834214 -1.466242 3.375920 -0.430112 1.488352 0.285648 0.952517 1.697642 -0.532256 10.480277 -0.300774 -0.395753 0.931959 3.271483
1 inf -8.433201 -0.971154 -0.520828 -2.839288 -1.455941 3.410967 -0.421406 1.532872 0.301785 0.964598 1.688942 -0.546221 10.447147 -0.280050 -0.407255 0.918819 3.293184
1 inf -8.481749 -0.947889 -0.517483 -2.842075 -1.451525 3.427555 -0.393354 1.520108 0.305365 0.947065 1.721953 -0.561421 10.417798 -0.281588 -0.425640 0.909203 3.299946
1 inf -8.455286 -0.953661 -0.539613 -2.820529 -1.452641 3.448922 -0.410066 1.525612 0.240655 0.918132 1.725568 -0.531881 10.420394 -0.277774 -0.424619 0.905963 3.291827
1 inf -8.450462 -0.923661 -0.552374 -2.805819 -1.474929 3.415619 -0.401166 1.547761 0.242138 0.928751 1.724395 -0.516674 10.439558 -0.258892 -0.416030 0.889595 3.299842
1 inf -8.416782 -0.911788 -0.557868 -2.800403 -1.480332 3.408943 -0.399380 1.550229 0.245871 0.932897 1.721741 -0.498069 10.459179 -0.293028 -0.413769 0.846159 3.297488
1 inf -8.425679 -0.920888 -0.559352 -2.804870 -1.485340 3.426156 -0.421159 1.556374 0.279377 0.933542 1.720126 -0.472035 10.488695 -0.274806 -0.398117 0.875557 3.313197
1 inf -8.432348 -0.920571 -0.581783 -2.827476 -1.492828 3.446953 -0.434309 1.546949 0.265066 0.957937 1.685918 -0.470782 10.510534 -0.293048 -0.372259 0.850327 3.335584
1 inf -8.366913 -0.904835 -0.617607 -2.824382 -1.470472 3.441172 -0.455091 1.558926 0.282474 0.938708 1.675980 -0.453753 10.502696 -0.261924 -0.364229 0.847146 3.305037
1 inf -8.329005 -0.880739 -0.630466 -2.797158 -1.499831 3.455038 -0.471599 1.537126 0.275056 0.953742 1.668616 -0.460593 10.483463 -0.282242 -0.347317 0.831734 3.273145
1 inf -8.327250 -0.917692 -0.621986 -2.797117 -1.528155 3.467627 -0.442712 1.532308 0.274037 0.958594 1.657256 -0.495793 10.504183 -0.286059 -0.313291 0.796165 3.256356
1 inf -8.353990 -0.922930 -0.608098 -2.801415 -1.519306 3.461299 -0.468625 1.537644 0.289870 0.965688 1.645769 -0.488444 10.487349 -0.280934 -0.279405 0.759350 3.230570
1 inf -8.386118 -0.937710 -0.607056 -2.814196 -1.521408 3.475489 -0.499524 1.587077 0.308251 0.953343 1.633655 -0.477302 10.490034 -0.267876 -0.279670 0.744039 3.232114
1 inf -8.402235 -0.949138 -0.588159 -2.838776 -1.544589 3.463648 -0.494191 1.590397 0.314938 0.943027 1.612904 -0.454477 10.441069 -0.269371 -0.260450 0.715651 3.224558
1 inf -8.401971 -0.958856 -0.543012 -2.823889 -1.534552 3.439694 -0.532462 1.579094 0.343902 0.900797 1.579872 -0.469069 10.447758 -0.270347 -0.223503 0.726164 3.222023
1 inf -8.415169 -0.953641 -0.537770 -2.855563 -1.530370 3.400646 -0.537073 1.580254 0.387395 0.901486 1.567029 -0.476958 10.421133 -0.288948 -0.211538 0.685935 3.263405
1 inf -8.419493 -0.922066 -0.506472 -2.861985 -1.565147 3.411557 -0.538740 1.593041 0.384634 0.859529 1.608870 -0.506909 10.444977 -0.283886 -0.252925 0.697761 3.252090
1 inf -8.410331 -0.868105 -0.526295 -2.920562 -1.524201 3.370412 -0.496789 1.587890 0.409242 0.845960 1.595023 -0.470477 10.413478 -0.273624 -0.259776 0.669780 3.288107
1 inf -8.402016 -0.845961 -0.531839 -2.969474 -1.532992 3.350599 -0.504468 1.582328 0.388198 0.835821 1.581199 -0.463512 10.417549 -0.286547 -0.282366 0.661023 3.296362
1 inf -8.380429 -0.871495 -0.565323 -2.987694 -1.516922 3.371338 -0.546003 1.582598 0.381898 0.826171 1.629630 -0.449227 10.471259 -0.304993 -0.281359 0.644001 3.256052
1 inf -8.384006 -0.859144 -0.554017 -3.015086 -1.515737 3.416444 -0.536389 1.558485 0.372580 0.792393 1.599705 -0.468199 10.498823 -0.295405 -0.272832 0.632766 3.280128
1 inf -8.374686 -0.872002 -0.534904 -2.995151 -1.526721 3.413363 -0.511740 1.558807 0.342238 0.795733 1.619748 -0.467359 10.530230 -0.275694 -0.296103 0.633403 3.272166
1 inf -8.420035 -0.852119 -0.579957 -2.962211 -1.505510 3.404360 -0.492530 1.544805 0.312250 0.757475 1.585632 -0.445111 10.534849 -0.294369 -0.306980 0.666612 3.283580
1 inf -8.393726 -0.829952 -0.614114 -2.942668 -1.491203 3.416253 -0.464985 1.545546 0.339277 0.749676 1.610956 -0.440614 10.525133 -0.239947 -0.282440 0.701824 3.299516
1 inf -8.370216 -0.852990 -0.593976 -2.905197 -1.520255 3.423898 -0.469210 1.510987 0.308919 0.759477 1.642697 -0.442410 10.520182 -0.270182 -0.263208 0.681546 3.338616
1 inf -8.395542 -0.854359 -0.582198 -2.912605 -1.498229 3.419510 -0.490731 1.467575 0.308182 0.751485 1.628893 -0.421606 10.521643 -0.251943 -0.280487 0.670253 3.334441
1 inf -8.353870 -0.816418 -0.546927 -2.911335 -1.538311 3.396433 -0.496873 1.453183 0.303322 0.748902 1.598404 -0.430094 10.560750 -0.262569 -0.275514 0.613610 3.334088
1 inf -8.341629 -0.799377 -0.568555 -2.926512 -1.548497 3.401392 -0.479320 1.440297 0.312199 0.742758 1.605986 -0.431938 10.528167 -0.262141 -0.239655 0.598342 3.351881
1 inf -8.342399 -0.805610 -0.577881 -2.914822 -1.585334 3.404141 -0.433313 1.486198 0.308063 0.750707 1.605081 -0.462139 10.533316 -0.226085 -0.214352 0.603866 3.315851
1 inf -8.307785 -0.828301 -0.561490 -2.897727 -1.597613 3.437631 -0.444280 1.491334 0.250535 0.720511 1.614320 -0.450104 10.504177 -0.258326 -0.206538 0.612149 3.301615
1 inf -8.298398 -0.823783 -0.546029 -2.906590 -1.562692 3.407545 -0.455128 1.487731 0.254444 0.774600 1.604274 -0.412194 10.500322 -0.292902 -0.217236 0.600400 3.300245
1 inf -8.294940 -0.800188 -0.592801 -2.933684 -1.532441 3.447620 -0.421570 1.471158 0.236150 0.784506 1.589958 -0.379990 10.491851 -0.300540 -0.250017 0.604184 3.268937
1 inf -8.297332 -0.842298 -0.582234 -2.912835 -1.556267 3.426834 -0.444920 1.455408 0.239359 0.771374 1.626448 -0.366225 10.492623 -0.313618 -0.256675 0.648883 3.284261
1 inf -8.310354 -0.819551 -0.545168 -2.885706 -1.505784 3.435181 -0.439106 1.482980 0.288347 0.781235 1.662644 -0.339590 10.469365 -0.291497 -0.284235 0.640950 3.253131
1 inf -8.326021 -0.847268 -0.526130 -2.860250 -1.486077 3.437819 -0.481520 1.474460 0.323259 0.798945 1.669780 -0.345367 10.467888 -0.278969 -0.273069 0.634347 3.222412
1 inf -8.323614 -0.846977 -0.545179 -2.881938 -1.470376 3.442265 -0.481927 1.487548 0.339628 0.780251 1.686798 -0.328027 10.477409 -0.290079 -0.276465 0.644653 3.248654
1 inf -8.311144 -0.832211 -0.575940 -2.870997 -1.466055 3.472552 -0.527634 1.464348 0.291734 0.789797 1.694758 -0.341915 10.470209 -0.283186 -0.279650 0.638150 3.270355
1 inf -8.285712 -0.856355 -0.567894 -2.849519 -1.496071 3.436086 -0.512548 1.465443 0.293094 0.801318 1.693680 -0.370696 10.489360 -0.306722 -0.279527 0.598247 3.325171
1 inf -8.315281 -0.849589 -0.556892 -2.871831 -1.492193 3.417239 -0.482106 1.443593 0.276608 0.829822 1.689253 -0.323537 10.462941 -0.341736 -0.274048 0.569944 3.340548
1 inf -8.329563 -0.886574 -0.577144 -2.871574 -1.462731 3.425154 -0.483671 1.444838 0.262351 0.810363 1.684615 -0.296789 10.441847 -0.343945 -0.270397 0.558051 3.337996
1 inf -8.305669 -0.920778 -0.609227 -2.844371 -1.447929 3.418997 -0.501014 1.446539 0.267759 0.801704 1.665657 -0.307144 10.402819 -0.380570 -0.281603 0.600402 3.344935
1 inf -8.283129 -0.891596 -0.628003 -2.844620 -1.449050 3.409840 -0.522472 1.457459 0.267488 0.821936 1.695241 -0.275044 10.393422 -0.375079 -0.260457 0.578349 3.356283
1 inf -8.276143 -0.931862 -0.627370 -2.841763 -1.446340 3.406923 -0.537011 1.499273 0.253873 0.800792 1.700016 -0.315460 10.394286 -0.382973 -0.269395 0.577695 3.318167
1 inf -8.285873 -0.889256 -0.666878 -2.788429 -1.441253 3.400223 -0.534365 1.475363 0.272408 0.838730 1.706156 -0.291759 10.366497 -0.384043 -0.246572 0.564275 3.310499
1 inf -8.314376 -0.869258 -0.685887 -2.809573 -1.466229 3.416312 -0.547990 1.467943 0.274361 0.809613 1.733988 -0.315420 10.370073 -0.397386 -0.242360 0.541610 3.281144
1 inf -8.348584 -0.850580 -0.680766 -2.777494 -1.432020 3.375798 -0.512379 1.483236 0.271189 0.806241 1.741925 -0.325701 10.369243 -0.391727 -0.230242 0.518031 3.260159
1 inf -8.325913 -0.807266 -0.682371 -2.775651 -1.440383 3.378795 -0.523455 1.465485 0.259878 0.779505 1.697152 -0.339926 10.375014 -0.404979 -0.192099 0.543527 3.248023
1 inf -8.284859 -0.830548 -0.713463 -2.764210 -1.429543 3.369794 -0.544096 1.471464 0.217672 0.771403 1.712043 -0.320249 10.364084 -0.384788 -0.195160 0.544947 3.251120
1 inf -8.282956 -0.843808 -0.718403 -2.753218 -1.423238 3.364883 -0.501719 1.475495 0.201910 0.736740 1.696553 -0.314266 10.326368 -0.375049 -0.188545 0.580295 3.231888
1 inf -8.300946 -0.865406 -0.694191 -2.752509 -1.420957 3.324521 -0.481555 1.498590 0.219021 0.753407 1.731576 -0.340606 10.328618 -0.366146 -0.197237 0.597921 3.215887
1 inf -8.296372 -0.867371 -0.719597 -2.771710 -1.451095 3.329901 -0.457288 1.484600 0.225458 0.777203 1.724407 -0.320782 10.335433 -0.379175 -0.178313 0.620435 3.190508
1 inf -8.279906 -0.890401 -0.726912 -2.779000 -1.460712 3.312921 -0.512638 1.492932 0.232634 0.770751 1.678370 -0.344326 10.331701 -0.335979 -0.179605 0.623965 3.180968
1 inf -8.256502 -0.893662 -0.681847 -2.761661 -1.465987 3.307938 -0.524546 1.467561 0.234742 0.778381 1.665026 -0.374229 10.371797 -0.344240 -0.153446 0.653264 3.157661
1 inf -8.227976 -0.923573 -0.695072 -2.748123 -1.457522 3.321517 -0.525253 1.494223 0.238936 0.780081 1.661693 -0.384432 10.370991 -0.376587 -0.168883 0.660950 3.166506
1 inf -8.232377 -0.895138 -0.728832 -2.755077 -1.453591 3.332319 -0.499506 1.468065 0.248752 0.810116 1.658438 -0.404233 10.367079 -0.389101 -0.119669 0.691526 3.156614
1 inf -8.233566 -0.895588 -0.750301 -2.749535 -1.428629 3.378701 -0.463566 1.458287 0.289910 0.799979 1.669274 -0.429617 10.377477 -0.384258 -0.102704 0.673240 3.179514
