1 inf -8.704932 -0.414698 -0.204888 -2.449586 -1.076559 2.531898 0.623002 2.782964 -0.321333 0.736171 2.721906 0.529267 10.042323 -0.303965 -0.084448 0.386994 3.247828
1 inf -8.684537 -0.425888 -0.231076 -2.458515 -1.107589 2.533680 0.620197 2.823579 -0.319045 0.781084 2.699845 0.543651 10.032867 -0.257861 -0.068396 0.368438 3.222534
1 inf -8.694028 -0.445177 -0.201848 -2.444887 -1.078089 2.481182 0.635165 2.805877 -0.293719 0.814469 2.694793 0.532500 10.073360 -0.266498 -0.080627 0.352861 3.242636
1 inf -8.685802 -0.450510 -0.189715 -2.444417 -1.078667 2.511248 0.669045 2.779449 -0.287681 0.825735 2.716400 0.482007 10.092480 -0.253558 -0.091469 0.345574 3.242718
1 inf -8.657010 -0.435862 -0.224847 -2.464944 -1.065210 2.500050 0.657319 2.799997 -0.334356 0.839251 2.712732 0.500761 10.086806 -0.242669 -0.094611 0.350386 3.253465
1 inf -8.680878 -0.448152 -0.224808 -2.463680 -1.050801 2.486537 0.688550 2.797060 -0.365181 0.832400 2.725838 0.517393 10.124848 -0.272038 -0.074584 0.345425 3.261020
1 inf -8.706503 -0.427042 -0.190373 -2.444914 -1.049566 2.511285 0.684783 2.817591 -0.309450 0.778769 2.758618 0.513386 10.098591 -0.258421 -0.070545 0.344200 3.284636
1 inf -8.726120 -0.434048 -0.225114 -2.440385 -1.038175 2.496558 0.691431 2.773918 -0.317056 0.772762 2.771892 0.501150 10.066593 -0.289747 -0.073376 0.342831 3.272707
1 inf -8.732650 -0.394654 -0.173139 -2.445859 -1.025689 2.498196 0.698868 2.763945 -0.298024 0.725459 2.767305 0.482154 10.049978 -0.310591 -0.067747 0.352524 3.257630
1 inf -8.716839 -0.384565 -0.177023 -2.425040 -1.047835 2.517392 0.686939 2.755745 -0.308910 0.746689 2.765881 0.456779 10.030972 -0.296720 -0.078053 0.331371 3.237487
1 inf -8.736754 -0.380377 -0.185369 -2.429315 -1.043560 2.536641 0.646958 2.715627 -0.284789 0.726749 2.756373 0.447341 10.038879 -0.315635 -0.072521 0.321972 3.229821
1 inf -8.740755 -0.339228 -0.205823 -2.425797 -1.086852 2.536867 0.647581 2.719095 -0.299599 0.755792 2.754245 0.433018 10.018597 -0.293156 -0.069623 0.337756 3.255607
1 inf -8.736657 -0.346298 -0.183208 -2.450981 -1.100722 2.482151 0.689475 2.717507 -0.329323 0.714355 2.763124 0.416710 9.987094 -0.276355 -0.069928 0.327201 3.254442
1 inf -8.732281 -0.386482 -0.180306 -2.435502 -1.124853 2.489553 0.689632 2.725440 -0.326592 0.702328 2.791864 0.397842 9.965070 -0.291118 -0.103289 0.347336 3.242511
1 inf -8.722315 -0.379821 -0.112097 -2.434934 -1.140751 2.501310 0.697243 2.727670 -0.309658 0.736937 2.794765 0.408314 9.943896 -0.277217 -0.121069 0.336397 3.224413
1 inf -8.721436 -0.415233 -0.121553 -2.425449 -1.131341 2.508864 0.716204 2.725838 -0.314757 0.723814 2.781871 0.414423 9.971877 -0.274147 -0.113516 0.347622 3.243786
1 inf -8.754944 -0.420258 -0.149836 -2.402472 -1.117277 2.497858 0.725787 2.734016 -0.319119 0.761161 2.751020 0.385837 9.975867 -0.263163 -0.107328 0.334423 3.266965
1 inf -8.731024 -0.431733 -0.142581 -2.412291 -1.113938 2.521285 0.665914 2.706885 -0.273510 0.778658 2.808564 0.350026 9.979066 -0.255637 -0.129210 0.343310 3.251857
1 inf -8.728670 -0.449300 -0.176952 -2.426073 -1.110164 2.517502 0.648673 2.695726 -0.264229 0.757029 2.770159 0.357056 9.995612 -0.236698 -0.158264 0.364377 3.247971
1 inf -8.733239 -0.456482 -0.175003 -2.451240 -1.108739 2.498467 0.682619 2.707311 -0.210474 0.753155 2.770601 0.347664 10.001601 -0.260951 -0.145845 0.330802 3.230576
1 inf -8.751415 -0.468388 -0.166839 -2.467514 -1.092442 2.551585 0.660737 2.727223 -0.187244 0.724974 2.787253 0.354171 10.034559 -0.276794 -0.171958 0.348404 3.220213
1 inf -8.746560 -0.492132 -0.191441 -2.483682 -1.131467 2.529192 0.640811 2.737492 -0.196507 0.715365 2.800421 0.336566 10.009327 -0.280322 -0.181293 0.324654 3.246951
1 inf -8.756029 -0.470064 -0.206273 -2.485810 -1.154692 2.560023 0.634214 2.734930 -0.212685 0.732339 2.790499 0.371966 9.982294 -0.234891 -0.198301 0.322649 3.255354
1 inf -8.764537 -0.433588 -0.189251 -2.472260 -1.142414 2.558513 0.623621 2.760367 -0.228499 0.717518 2.789338 0.360437 10.001979 -0.276521 -0.209430 0.339773 3.265950
1 inf -8.805992 -0.431754 -0.203977 -2.452583 -1.137874 2.593329 0.613442 2.721420 -0.237926 0.706063 2.792457 0.374495 10.001010 -0.276787 -0.216925 0.339955 3.276177
1 inf -8.823774 -0.461544 -0.201382 -2.466777 -1.126579 2.588670 0.640770 2.698642 -0.194108 0.727744 2.792865 0.332366 10.026414 -0.254817 -0.199509 0.352153 3.297680
1 inf -8.818552 -0.428322 -0.226106 -2.456570 -1.119908 2.594020 0.617559 2.700424 -0.214800 0.734915 2.794023 0.329300 10.011389 -0.239684 -0.209622 0.337383 3.306339
1 inf -8.818970 -0.435094 -0.243637 -2.455538 -1.123814 2.593089 0.573401 2.691880 -0.229936 0.738376 2.796861 0.361760 10.017893 -0.204996 -0.206997 0.345190 3.274237
1 inf -8.841003 -0.429511 -0.274487 -2.452924 -1.099926 2.550601 0.590460 2.686520 -0.228331 0.722705 2.824042 0.339638 10.047744 -0.207998 -0.221417 0.363446 3.271601
1 inf -8.872492 -0.450482 -0.268811 -2.430321 -1.103717 2.558832 0.582853 2.677904 -0.213813 0.717299 2.826000 0.344784 10.087327 -0.214250 -0.182301 0.363876 3.283207
1 inf -8.865849 -0.466318 -0.314415 -2.412947 -1.123873 2.575419 0.552459 2.707543 -0.230304 0.705769 2.835243 0.295228 10.080476 -0.205849 -0.216015 0.348731 3.261170
1 inf -8.847163 -0.444276 -0.315672 -2.450731 -1.145876 2.601952 0.540280 2.755418 -0.238044 0.659696 2.843075 0.299671 10.045566 -0.225287 -0.159924 0.308346 3.234410
1 inf -8.857426 -0.441605 -0.297736 -2.464976 -1.158274 2.618150 0.511818 2.708787 -0.204119 0.657189 2.852692 0.305140 10.033960 -0.211959 -0.127632 0.287623 3.213805
1 inf -8.888288 -0.456825 -0.291101 -2.427255 -1.113790 2.676925 0.473070 2.696137 -0.194663 0.675460 2.818187 0.322781 10.004233 -0.220899 -0.123367 0.304191 3.209193
1 inf -8.873312 -0.486935 -0.277391 -2.421779 -1.065004 2.633201 0.486971 2.710290 -0.216884 0.690652 2.842293 0.342286 10.024203 -0.288517 -0.127485 0.331455 3.188371
1 inf -8.862518 -0.525678 -0.316878 -2.414584 -1.073866 2.661144 0.502118 2.701797 -0.249728 0.683141 2.821677 0.335434 10.031015 -0.300358 -0.087810 0.327390 3.171927
1 inf -8.899706 -0.529105 -0.337711 -2.457193 -1.073461 2.622538 0.515451 2.723216 -0.229981 0.672353 2.816657 0.307692 10.046547 -0.349949 -0.055360 0.305913 3.155529
1 inf -8.897953 -0.533690 -0.313165 -2.485696 -1.065569 2.681819 0.520074 2.696688 -0.218008 0.666673 2.818671 0.344540 10.038782 -0.375667 -0.067288 0.301343 3.154958
1 inf -8.929546 -0.539720 -0.353895 -2.476019 -1.091431 2.681689 0.512094 2.741233 -0.208544 0.641214 2.844088 0.323868 10.057777 -0.371905 -0.017253 0.298778 3.140658
1 inf -8.939844 -0.538003 -0.372976 -2.482542 -1.088600 2.650061 0.482010 2.722613 -0.227099 0.628492 2.845716 0.362167 10.047114 -0.378650 -0.008483 0.305287 3.162985
1 inf -8.931283 -0.519226 -0.382115 -2.454780 -1.111531 2.631171 0.485157 2.742047 -0.250557 0.618353 2.858978 0.394043 10.032359 -0.385384 -0.001637 0.289469 3.163843
1 inf -8.947920 -0.505274 -0.375731 -2.458529 -1.097997 2.618075 0.486523 2.775009 -0.293179 0.649769 2.874334 0.438471 10.071877 -0.415955 -0.054186 0.298622 3.149290
1 inf -8.908629 -0.497450 -0.387796 -2.457286 -1.050224 2.645092 0.481709 2.744395 -0.275906 0.630201 2.904807 0.438303 10.118764 -0.404912 -0.016685 0.280952 3.161923
1 inf -8.912979 -0.452812 -0.388448 -2.439465 -1.042500 2.607941 0.453448 2.719360 -0.274476 0.636692 2.938182 0.449532 10.097593 -0.390005 -0.046967 0.270526 3.162998
1 inf -8.922275 -0.426674 -0.398274 -2.462238 -1.026602 2.631900 0.433209 2.728913 -0.283140 0.647490 2.919547 0.473280 10.111966 -0.383643 -0.084719 0.283589 3.208565
1 inf -8.936629 -0.447031 -0.414002 -2.443249 -1.038206 2.622042 0.417145 2.705209 -0.267289 0.639529 2.907388 0.482559 10.133813 -0.413782 -0.105725 0.289694 3.200368
1 inf -8.954456 -0.477302 -0.384257 -2.443009 -1.063223 2.631268 0.431936 2.729435 -0.303237 0.615432 2.920730 0.490176 10.128315 -0.428196 -0.100312 0.316934 3.196127
1 inf -8.920972 -0.533607 -0.426308 -2.431880 -1.084534 2.627076 0.439672 2.697288 -0.328801 0.604778 2.927479 0.526591 10.140729 -0.443837 -0.111633 0.302164 3.196049
1 inf -8.972433 -0.536741 -0.400556 -2.454967 -1.082681 2.628979 0.412989 2.696347 -0.310761 0.578723 2.911851 0.555622 10.123507 -0.412073 -0.122114 0.348423 3.207900
1 inf -9.021378 -0.531644 -0.389743 -2.444142 -1.065291 2.623089 0.455872 2.705653 -0.299433 0.566877 2.914257 0.531730 10.150991 -0.380900 -0.143991 0.352557 3.235273
1 inf -8.974409 -0.508084 -0.351499 -2.419547 -1.091724 2.614853 0.430970 2.728830 -0.278207 0.527985 2.900437 0.520504 10.154349 -0.388342 -0.136504 0.369652 3.223487
1 inf -8.983840 -0.529839 -0.359582 -2.417233 -1.090338 2.607992 0.455772 2.729346 -0.236581 0.524465 2.878471 0.499920 10.170271 -0.399666 -0.105750 0.356096 3.210626
1 inf -8.951101 -0.555579 -0.342162 -2.426446 -1.131665 2.583149 0.437382 2.712832 -0.241026 0.567322 2.887143 0.514220 10.181523 -0.401346 -0.099701 0.363615 3.287599
1 inf -8.964445 -0.531701 -0.352982 -2.473136 -1.150493 2.605962 0.438971 2.708988 -0.231671 0.564585 2.872994 0.498435 10.143926 -0.390326 -0.110193 0.371253 3.292835
1 inf -8.957811 -0.573037 -0.364543 -2.439696 -1.130493 2.599380 0.438730 2.732945 -0.218546 0.565803 2.868245 0.498271 10.146769 -0.393496 -0.132897 0.333877 3.304406
1 inf -8.917768 -0.589105 -0.350006 -2.429791 -1.108099 2.568876 0.428341 2.699672 -0.230825 0.611837 2.889571 0.498059 10.169458 -0.414694 -0.133890 0.327797 3.346281
1 inf -8.873283 -0.594593 -0.359383 -2.436850 -1.141974 2.565030 0.416210 2.723446 -0.259145 0.637563 2.910860 0.487365 10.151930 -0.413173 -0.132018 0.337815 3.385563
1 inf -8.866815 -0.589774 -0.374802 -2.475616 -1.131253 2.566281 0.419384 2.752397 -0.251754 0.650228 2.911094 0.500098 10.175558 -0.418567 -0.110986 0.363097 3.391900
1 inf -8.868806 -0.542794 -0.327169 -2.452425 -1.180638 2.591052 0.417887 2.699792 -0.243264 0.659806 2.880353 0.489737 10.163205 -0.414243 -0.144689 0.369580 3.427335
1 inf -8.843299 -0.503263 -0.259463 -2.472281 -1.229314 2.624705 0.425310 2.710797 -0.207804 0.694046 2.901548 0.501254 10.131542 -0.420821 -0.166398 0.349349 3.420967
1 inf -8.841499 -0.489640 -0.263928 -2.474080 -1.222575 2.616384 0.439727 2.710458 -0.182978 0.694039 2.895334 0.504242 10.135805 -0.410061 -0.171189 0.355174 3.400567
1 inf -8.834257 -0.530134 -0.256814 -2.500371 -1.214243 2.596459 0.418576 2.704231 -0.229256 0.648666 2.924560 0.508509 10.156300 -0.423337 -0.169027 0.320758 3.393809
1 inf -8.839380 -0.609552 -0.287026 -2.504437 -1.191639 2.585321 0.425538 2.720177 -0.262837 0.666844 2.889542 0.528721 10.184633 -0.423584 -0.167974 0.290466 3.394583
1 inf -8.806252 -0.622343 -0.293240 -2.528258 -1.161557 2.560933 0.450990 2.729168 -0.269543 0.616429 2.865850 0.527459 10.197584 -0.406369 -0.167318 0.304373 3.377235
1 inf -8.825131 -0.641183 -0.259606 -2.511439 -1.144292 2.538582 0.478415 2.764477 -0.308897 0.607849 2.877135 0.535956 10.184668 -0.385176 -0.140973 0.314608 3.337538
1 inf -8.826396 -0.648809 -0.220425 -2.535902 -1.175431 2.542292 0.487549 2.819953 -0.280531 0.611924 2.880088 0.499198 10.204197 -0.389888 -0.148751 0.317256 3.358061
1 inf -8.807721 -0.650943 -0.194004 -2.477298 -1.177536 2.557342 0.488931 2.861692 -0.254725 0.593006 2.849615 0.448934 10.189168 -0.418145 -0.152646 0.341151 3.347209
1 inf -8.802067 -0.638139 -0.189228 -2.450831 -1.181567 2.525961 0.483110 2.881669 -0.254154 0.607670 2.836538 0.432743 10.183646 -0.383360 -0.172908 0.355703 3.344484
1 inf -8.816893 -0.623251 -0.196788 -2.476414 -1.171718 2.572779 0.487893 2.877524 -0.247469 0.581923 2.818100 0.413869 10.172167 -0.386585 -0.152422 0.321111 3.349432
1 300.12668 -8.822164 -0.623760 -0.174487 -2.487165 -1.182005 2.580035 0.518014 2.897992 -0.269777 0.544998 2.810458 0.408918 10.193710 -0.399957 -0.111140 0.329926 3.357313
1 300.12668 -8.822164 -0.623760 -0.174487 -2.487165 -1.182005 2.580035 0.518014 2.897992 -0.269777 0.544998 2.810458 0.408918 10.193710 -0.399957 -0.111140 0.329926 3.357313
1 300.12668 -8.822164 -0.623760 -0.174487 -2.487165 -1.182005 2.580035 0.518014 2.897992 -0.269777 0.544998 2.810458 0.408918 10.193710 -0.399957 -0.111140 0.329926 3.357313
1 293.27522 -8.832236 -0.648513 -0.180289 -2.469405 -1.170890 2.545664 0.526370 2.897991 -0.267105 0.507186 2.814223 0.418532 10.201235 -0.440829 -0.074747 0.330349 3.363862
1 293.27522 -8.832236 -0.648513 -0.180289 -2.469405 -1.170890 2.545664 0.526370 2.897991 -0.267105 0.507186 2.814223 0.418532 10.201235 -0.440829 -0.074747 0.330349 3.363862
1 293.27522 -8.832236 -0.648513 -0.180289 -2.469405 -1.170890 2.545664 0.526370 2.897991 -0.267105 0.507186 2.814223 0.418532 10.201235 -0.440829 -0.074747 0.330349 3.363862
1 293.27522 -8.832236 -0.648513 -0.180289 -2.469405 -1.170890 2.545664 0.526370 2.897991 -0.267105 0.507186 2.814223 0.418532 10.201235 -0.440829 -0.074747 0.330349 3.363862
1 293.27522 -8.832236 -0.648513 -0.180289 -2.469405 -1.170890 2.545664 0.526370 2.897991 -0.267105 0.507186 2.814223 0.418532 10.201235 -0.440829 -0.074747 0.330349 3.363862
1 293.27522 -8.832236 -0.648513 -0.180289 -2.469405 -1.170890 2.545664 0.526370 2.897991 -0.267105 0.507186 2.814223 0.418532 10.201235 -0.440829 -0.074747 0.330349 3.363862
1 293.27522 -8.832236 -0.648513 -0.180289 -2.469405 -1.170890 2.545664 0.526370 2.897991 -0.267105 0.507186 2.814223 0.418532 10.201235 -0.440829 -0.074747 0.330349 3.363862
1 277.10503 -8.854180 -0.677531 -0.193413 -2.441093 -1.153817 2.512558 0.565060 2.898340 -0.244083 0.536456 2.832943 0.404174 10.197630 -0.422724 -0.072043 0.384092 3.382873
1 230.68382 -8.844719 -0.677212 -0.172756 -2.423187 -1.162298 2.533579 0.594768 2.940977 -0.194919 0.549318 2.813899 0.404921 10.178953 -0.384477 -0.048537 0.437730 3.377504
1 230.68382 -8.844719 -0.677212 -0.172756 -2.423187 -1.162298 2.533579 0.594768 2.940977 -0.194919 0.549318 2.813899 0.404921 10.178953 -0.384477 -0.048537 0.437730 3.377504
1 218.63433 -8.829973 -0.652880 -0.117835 -2.415131 -1.152446 2.512530 0.567691 2.966698 -0.175886 0.531450 2.854920 0.394653 10.191392 -0.367441 -0.016029 0.450499 3.382844
1 214.25053 -8.863451 -0.634716 -0.095750 -2.410920 -1.174738 2.522872 0.567211 2.939777 -0.133811 0.541922 2.865361 0.400021 10.161381 -0.373664 -0.034720 0.453343 3.401205
1 214.25053 -8.863451 -0.634716 -0.095750 -2.410920 -1.174738 2.522872 0.567211 2.939777 -0.133811 0.541922 2.865361 0.400021 10.161381 -0.373664 -0.034720 0.453343 3.401205
1 206.7635 -8.858553 -0.632009 -0.098231 -2.411531 -1.215226 2.492014 0.550760 2.956058 -0.142457 0.549989 2.855133 0.381002 10.184653 -0.340922 -0.030311 0.471603 3.371596
1 198.65914 -8.898522 -0.652201 -0.076064 -2.423433 -1.206196 2.480819 0.565386 2.942355 -0.125970 0.592759 2.874436 0.405633 10.201342 -0.357202 -0.038366 0.495123 3.345547
1 198.65914 -8.898522 -0.652201 -0.076064 -2.423433 -1.206196 2.480819 0.565386 2.942355 -0.125970 0.592759 2.874436 0.405633 10.201342 -0.357202 -0.038366 0.495123 3.345547
1 197.08972 -8.873993 -0.667406 -0.055431 -2.413257 -1.226474 2.470883 0.596848 2.922424 -0.141514 0.597768 2.872920 0.392567 10.190264 -0.345017 -0.069923 0.495678 3.395778
1 186.67716 -8.887497 -0.699893 -0.054828 -2.452360 -1.241060 2.489757 0.571162 2.913963 -0.107789 0.566290 2.875365 0.392468 10.182362 -0.346433 -0.081092 0.507370 3.359106
1 186.67716 -8.887497 -0.699893 -0.054828 -2.452360 -1.241060 2.489757 0.571162 2.913963 -0.107789 0.566290 2.875365 0.392468 10.182362 -0.346433 -0.081092 0.507370 3.359106
1 178.90272 -8.897710 -0.669957 -0.025735 -2.499179 -1.244912 2.480615 0.589075 2.893864 -0.115824 0.560984 2.859828 0.430882 10.165198 -0.347981 -0.071720 0.508335 3.379619
1 178.90272 -8.897710 -0.669957 -0.025735 -2.499179 -1.244912 2.480615 0.589075 2.893864 -0.115824 0.560984 2.859828 0.430882 10.165198 -0.347981 -0.071720 0.508335 3.379619
1 176.9829 -8.898993 -0.657826 -0.017785 -2.474070 -1.248715 2.488791 0.573569 2.882128 -0.078950 0.546731 2.872516 0.433305 10.216194 -0.315708 -0.038243 0.489884 3.352221
1 164.51942 -8.902282 -0.605592 -0.030317 -2.474260 -1.254182 2.511705 0.620081 2.871049 -0.045044 0.512149 2.840667 0.421794 10.179746 -0.326465 -0.081578 0.506233 3.380166
1 161.73117 -8.902990 -0.611978 -0.005183 -2.467036 -1.246255 2.501346 0.636145 2.878193 -0.056887 0.511255 2.844195 0.414420 10.178550 -0.343313 -0.067397 0.523754 3.357853
1 161.73117 -8.902990 -0.611978 -0.005183 -2.467036 -1.246255 2.501346 0.636145 2.878193 -0.056887 0.511255 2.844195 0.414420 10.178550 -0.343313 -0.067397 0.523754 3.357853
1 148.12591 -8.871910 -0.607717 0.022180 -2.444703 -1.240910 2.500059 0.654999 2.880508 -0.053257 0.512034 2.880369 0.428934 10.182729 -0.348896 -0.051974 0.508560 3.353705
1 142.73377 -8.874697 -0.616046 0.057139 -2.423630 -1.251616 2.494817 0.635904 2.856413 0.009874 0.510053 2.858808 0.423989 10.176133 -0.321690 -0.052657 0.494435 3.401063
1 142.73377 -8.874697 -0.616046 0.057139 -2.423630 -1.251616 2.494817 0.635904 2.856413 0.009874 0.510053 2.858808 0.423989 10.176133 -0.321690 -0.052657 0.494435 3.401063
1 142.73377 -8.874697 -0.616046 0.057139 -2.423630 -1.251616 2.494817 0.635904 2.856413 0.009874 0.510053 2.858808 0.423989 10.176133 -0.321690 -0.052657 0.494435 3.401063
1 142.73377 -8.874697 -0.616046 0.057139 -2.423630 -1.251616 2.494817 0.635904 2.856413 0.009874 0.510053 2.858808 0.423989 10.176133 -0.321690 -0.052657 0.494435 3.401063
1 142.73377 -8.874697 -0.616046 0.057139 -2.423630 -1.251616 2.494817 0.635904 2.856413 0.009874 0.510053 2.858808 0.423989 10.176133 -0.321690 -0.052657 0.494435 3.401063
1 142.73377 -8.874697 -0.616046 0.057139 -2.423630 -1.251616 2.494817 0.635904 2.856413 0.009874 0.510053 2.858808 0.423989 10.176133 -0.321690 -0.052657 0.494435 3.401063
1 142.73377 -8.874697 -0.616046 0.057139 -2.423630 -1.251616 2.494817 0.635904 2.856413 0.009874 0.510053 2.858808 0.423989 10.176133 -0.321690 -0.052657 0.494435 3.401063
1 142.73377 -8.874697 -0.616046 0.057139 -2.423630 -1.251616 2.494817 0.635904 2.856413 0.009874 0.510053 2.858808 0.423989 10.176133 -0.321690 -0.052657 0.494435 3.401063
1 142.73377 -8.874697 -0.616046 0.057139 -2.423630 -1.251616 2.494817 0.635904 2.856413 0.009874 0.510053 2.858808 0.423989 10.176133 -0.321690 -0.052657 0.494435 3.401063
1 132.54077 -8.841681 -0.608133 0.025186 -2.405170 -1.237648 2.508649 0.644242 2.862519 0.002406 0.535723 2.886072 0.423585 10.211670 -0.351834 -0.048850 0.518404 3.403646
1 127.16266 -8.808701 -0.615424 0.050182 -2.404437 -1.244771 2.518592 0.635940 2.873408 -0.005238 0.536137 2.876594 0.412184 10.217078 -0.340578 -0.083335 0.519713 3.411426
1 127.16266 -8.808701 -0.615424 0.050182 -2.404437 -1.244771 2.518592 0.635940 2.873408 -0.005238 0.536137 2.876594 0.412184 10.217078 -0.340578 -0.083335 0.519713 3.411426
1 127.16266 -8.808701 -0.615424 0.050182 -2.404437 -1.244771 2.518592 0.635940 2.873408 -0.005238 0.536137 2.876594 0.412184 10.217078 -0.340578 -0.083335 0.519713 3.411426
1 127.29712 -8.776839 -0.646839 0.080421 -2.416058 -1.238887 2.502549 0.646040 2.847084 0.030867 0.548765 2.886910 0.390094 10.208553 -0.321625 -0.085160 0.510114 3.412387
1 119.31713 -8.775662 -0.647219 0.081977 -2.415724 -1.253113 2.566119 0.632526 2.861532 0.032051 0.551684 2.876285 0.398454 10.243846 -0.313462 -0.061630 0.502541 3.404047
1 119.31713 -8.775662 -0.647219 0.081977 -2.415724 -1.253113 2.566119 0.632526 2.861532 0.032051 0.551684 2.876285 0.398454 10.243846 -0.313462 -0.061630 0.502541 3.404047
1 119.31713 -8.775662 -0.647219 0.081977 -2.415724 -1.253113 2.566119 0.632526 2.861532 0.032051 0.551684 2.876285 0.398454 10.243846 -0.313462 -0.061630 0.502541 3.404047
1 119.31713 -8.775662 -0.647219 0.081977 -2.415724 -1.253113 2.566119 0.632526 2.861532 0.032051 0.551684 2.876285 0.398454 10.243846 -0.313462 -0.061630 0.502541 3.404047
1 119.31713 -8.775662 -0.647219 0.081977 -2.415724 -1.253113 2.566119 0.632526 2.861532 0.032051 0.551684 2.876285 0.398454 10.243846 -0.313462 -0.061630 0.502541 3.404047
1 115.19752 -8.747383 -0.659655 0.069739 -2.390006 -1.261118 2.562652 0.669698 2.825888 0.037689 0.572931 2.902617 0.398321 10.226898 -0.328514 -0.057035 0.531936 3.393952
1 115.19752 -8.747383 -0.659655 0.069739 -2.390006 -1.261118 2.562652 0.669698 2.825888 0.037689 0.572931 2.902617 0.398321 10.226898 -0.328514 -0.057035 0.531936 3.393952
1 115.17545 -8.752946 -0.649569 0.052049 -2.407904 -1.227315 2.572140 0.682258 2.785656 0.073856 0.575021 2.908039 0.452637 10.258960 -0.346693 -0.104597 0.550116 3.377508
1 115.17545 -8.752946 -0.649569 0.052049 -2.407904 -1.227315 2.572140 0.682258 2.785656 0.073856 0.575021 2.908039 0.452637 10.258960 -0.346693 -0.104597 0.550116 3.377508
1 106.6633 -8.714196 -0.669242 0.071062 -2.406962 -1.228162 2.582957 0.684272 2.761190 0.059845 0.569641 2.916688 0.457612 10.280761 -0.320197 -0.071443 0.544851 3.368062
1 106.6633 -8.714196 -0.669242 0.071062 -2.406962 -1.228162 2.582957 0.684272 2.761190 0.059845 0.569641 2.916688 0.457612 10.280761 -0.320197 -0.071443 0.544851 3.368062
1 102.7922 -8.706826 -0.668453 0.083610 -2.425064 -1.269295 2.617827 0.768331 2.757151 0.045229 0.576985 2.901150 0.447757 10.266412 -0.330954 -0.072358 0.543075 3.360492
1 102.7922 -8.706826 -0.668453 0.083610 -2.425064 -1.269295 2.617827 0.768331 2.757151 0.045229 0.576985 2.901150 0.447757 10.266412 -0.330954 -0.072358 0.543075 3.360492
1 102.7922 -8.706826 -0.668453 0.083610 -2.425064 -1.269295 2.617827 0.768331 2.757151 0.045229 0.576985 2.901150 0.447757 10.266412 -0.330954 -0.072358 0.543075 3.360492
1 101.56586 -8.671433 -0.688956 0.061705 -2.430134 -1.285259 2.583195 0.761898 2.712157 0.013396 0.565473 2.907480 0.474412 10.251079 -0.282760 -0.078813 0.531307 3.360697
1 101.56586 -8.671433 -0.688956 0.061705 -2.430134 -1.285259 2.583195 0.761898 2.712157 0.013396 0.565473 2.907480 0.474412 10.251079 -0.282760 -0.078813 0.531307 3.360697
1 99.97317 -8.669879 -0.721352 0.062896 -2.443640 -1.308439 2.584457 0.760271 2.709828 0.042370 0.574623 2.907603 0.444352 10.262437 -0.296899 -0.101844 0.509319 3.397402
1 99.97317 -8.669879 -0.721352 0.062896 -2.443640 -1.308439 2.584457 0.760271 2.709828 0.042370 0.574623 2.907603 0.444352 10.262437 -0.296899 -0.101844 0.509319 3.397402
1 99.97317 -8.669879 -0.721352 0.062896 -2.443640 -1.308439 2.584457 0.760271 2.709828 0.042370 0.574623 2.907603 0.444352 10.262437 -0.296899 -0.101844 0.509319 3.397402
1 99.97317 -8.669879 -0.721352 0.062896 -2.443640 -1.308439 2.584457 0.760271 2.709828 0.042370 0.574623 2.907603 0.444352 10.262437 -0.296899 -0.101844 0.509319 3.397402
1 92.221511 -8.606768 -0.724192 0.071798 -2.456803 -1.321059 2.549581 0.714859 2.736057 0.043893 0.531913 2.877798 0.459243 10.247708 -0.238208 -0.124927 0.536119 3.414477
1 92.221511 -8.606768 -0.724192 0.071798 -2.456803 -1.321059 2.549581 0.714859 2.736057 0.043893 0.531913 2.877798 0.459243 10.247708 -0.238208 -0.124927 0.536119 3.414477
1 92.221511 -8.606768 -0.724192 0.071798 -2.456803 -1.321059 2.549581 0.714859 2.736057 0.043893 0.531913 2.877798 0.459243 10.247708 -0.238208 -0.124927 0.536119 3.414477
1 88.41283 -8.576718 -0.737234 0.091253 -2.460442 -1.321261 2.551109 0.668117 2.751005 0.065553 0.531382 2.867481 0.464649 10.266303 -0.261584 -0.129167 0.535700 3.376911
1 88.41283 -8.576718 -0.737234 0.091253 -2.460442 -1.321261 2.551109 0.668117 2.751005 0.065553 0.531382 2.867481 0.464649 10.266303 -0.261584 -0.129167 0.535700 3.376911
1 88.41283 -8.576718 -0.737234 0.091253 -2.460442 -1.321261 2.551109 0.668117 2.751005 0.065553 0.531382 2.867481 0.464649 10.266303 -0.261584 -0.129167 0.535700 3.376911
1 88.41283 -8.576718 -0.737234 0.091253 -2.460442 -1.321261 2.551109 0.668117 2.751005 0.065553 0.531382 2.867481 0.464649 10.266303 -0.261584 -0.129167 0.535700 3.376911
1 88.695383 -8.559537 -0.765795 0.096824 -2.467432 -1.300607 2.588785 0.651550 2.743949 0.059415 0.540032 2.888960 0.455823 10.264019 -0.230673 -0.163559 0.525000 3.380266
1 88.695383 -8.559537 -0.765795 0.096824 -2.467432 -1.300607 2.588785 0.651550 2.743949 0.059415 0.540032 2.888960 0.455823 10.264019 -0.230673 -0.163559 0.525000 3.380266
1 88.695383 -8.559537 -0.765795 0.096824 -2.467432 -1.300607 2.588785 0.651550 2.743949 0.059415 0.540032 2.888960 0.455823 10.264019 -0.230673 -0.163559 0.525000 3.380266
1 88.695383 -8.559537 -0.765795 0.096824 -2.467432 -1.300607 2.588785 0.651550 2.743949 0.059415 0.540032 2.888960 0.455823 10.264019 -0.230673 -0.163559 0.525000 3.380266
1 76.870961 -8.542365 -0.781171 0.118576 -2.498875 -1.323752 2.616940 0.688003 2.734617 0.089198 0.507139 2.875588 0.492767 10.270430 -0.227358 -0.143481 0.527024 3.374891
1 76.870961 -8.542365 -0.781171 0.118576 -2.498875 -1.323752 2.616940 0.688003 2.734617 0.089198 0.507139 2.875588 0.492767 10.270430 -0.227358 -0.143481 0.527024 3.374891
1 76.718961 -8.560588 -0.781920 0.095970 -2.524322 -1.308216 2.633320 0.712435 2.718912 0.075775 0.491875 2.880479 0.448115 10.271767 -0.219749 -0.130039 0.541403 3.395243
1 75.408417 -8.509189 -0.806808 0.099815 -2.506939 -1.303426 2.595618 0.748241 2.703805 0.080790 0.493927 2.906588 0.422125 10.292553 -0.218869 -0.119780 0.564147 3.419271
1 75.408417 -8.509189 -0.806808 0.099815 -2.506939 -1.303426 2.595618 0.748241 2.703805 0.080790 0.493927 2.906588 0.422125 10.292553 -0.218869 -0.119780 0.564147 3.419271
1 75.408417 -8.509189 -0.806808 0.099815 -2.506939 -1.303426 2.595618 0.748241 2.703805 0.080790 0.493927 2.906588 0.422125 10.292553 -0.218869 -0.119780 0.564147 3.419271
1 75.408417 -8.509189 -0.806808 0.099815 -2.506939 -1.303426 2.595618 0.748241 2.703805 0.080790 0.493927 2.906588 0.422125 10.292553 -0.218869 -0.119780 0.564147 3.419271
1 75.408417 -8.509189 -0.806808 0.099815 -2.506939 -1.303426 2.595618 0.748241 2.703805 0.080790 0.493927 2.906588 0.422125 10.292553 -0.218869 -0.119780 0.564147 3.419271
1 75.796653 -8.523269 -0.797064 0.098247 -2.552025 -1.325646 2.583221 0.726800 2.703390 0.100404 0.488804 2.884455 0.364068 10.321278 -0.225186 -0.141728 0.561208 3.433158
1 74.089569 -8.501766 -0.812052 0.095492 -2.569076 -1.319169 2.581019 0.718516 2.705380 0.101509 0.493194 2.854780 0.384655 10.287976 -0.257640 -0.144796 0.571009 3.438879
1 74.089569 -8.501766 -0.812052 0.095492 -2.569076 -1.319169 2.581019 0.718516 2.705380 0.101509 0.493194 2.854780 0.384655 10.287976 -0.257640 -0.144796 0.571009 3.438879
1 66.595936 -8.512063 -0.807436 0.112074 -2.585904 -1.359068 2.650913 0.734899 2.714767 0.088698 0.478467 2.881205 0.403031 10.279962 -0.245886 -0.180622 0.539868 3.459829
1 65.867375 -8.521765 -0.775882 0.111615 -2.560344 -1.391457 2.679427 0.712211 2.695807 0.059301 0.509881 2.888703 0.382060 10.329058 -0.307225 -0.130737 0.541791 3.476810
1 65.512901 -8.532873 -0.766425 0.118242 -2.576709 -1.365296 2.690883 0.675329 2.647709 0.053411 0.517874 2.875103 0.364508 10.311506 -0.307181 -0.103147 0.544828 3.434650
1 65.72772 -8.517041 -0.776480 0.092980 -2.548498 -1.348075 2.723015 0.650971 2.676003 0.059659 0.502317 2.877207 0.342177 10.333027 -0.300838 -0.088910 0.564172 3.425932
1 64.655646 -8.505676 -0.758307 0.097200 -2.547143 -1.329927 2.702633 0.608976 2.744525 0.063466 0.471974 2.860701 0.344739 10.319982 -0.314992 -0.116301 0.569838 3.425684
1 64.655646 -8.505676 -0.758307 0.097200 -2.547143 -1.329927 2.702633 0.608976 2.744525 0.063466 0.471974 2.860701 0.344739 10.319982 -0.314992 -0.116301 0.569838 3.425684
1 64.655646 -8.505676 -0.758307 0.097200 -2.547143 -1.329927 2.702633 0.608976 2.744525 0.063466 0.471974 2.860701 0.344739 10.319982 -0.314992 -0.116301 0.569838 3.425684
1 64.655646 -8.505676 -0.758307 0.097200 -2.547143 -1.329927 2.702633 0.608976 2.744525 0.063466 0.471974 2.860701 0.344739 10.319982 -0.314992 -0.116301 0.569838 3.425684
1 64.655646 -8.505676 -0.758307 0.097200 -2.547143 -1.329927 2.702633 0.608976 2.744525 0.063466 0.471974 2.860701 0.344739 10.319982 -0.314992 -0.116301 0.569838 3.425684
1 64.655646 -8.505676 -0.758307 0.097200 -2.547143 -1.329927 2.702633 0.608976 2.744525 0.063466 0.471974 2.860701 0.344739 10.319982 -0.314992 -0.116301 0.569838 3.425684
1 64.655646 -8.505676 -0.758307 0.097200 -2.547143 -1.329927 2.702633 0.608976 2.744525 0.063466 0.471974 2.860701 0.344739 10.319982 -0.314992 -0.116301 0.569838 3.425684
1 64.655646 -8.505676 -0.758307 0.097200 -2.547143 -1.329927 2.702633 0.608976 2.744525 0.063466 0.471974 2.860701 0.344739 10.319982 -0.314992 -0.116301 0.569838 3.425684
1 64.571238 -8.538906 -0.805186 0.102409 -2.576124 -1.323533 2.716158 0.618374 2.747947 0.073670 0.465701 2.871972 0.350573 10.276661 -0.313257 -0.103680 0.549702 3.441564
1 64.571238 -8.538906 -0.805186 0.102409 -2.576124 -1.323533 2.716158 0.618374 2.747947 0.073670 0.465701 2.871972 0.350573 10.276661 -0.313257 -0.103680 0.549702 3.441564
1 64.848445 -8.524160 -0.780854 0.157330 -2.568068 -1.313681 2.695109 0.591297 2.773668 0.092703 0.447833 2.912993 0.340305 10.289100 -0.296221 -0.071172 0.562471 3.446904
1 64.848445 -8.524160 -0.780854 0.157330 -2.568068 -1.313681 2.695109 0.591297 2.773668 0.092703 0.447833 2.912993 0.340305 10.289100 -0.296221 -0.071172 0.562471 3.446904
1 62.554386 -8.508063 -0.771338 0.188416 -2.558547 -1.336094 2.718649 0.619725 2.764231 0.085492 0.468760 2.902066 0.333328 10.262713 -0.270308 -0.070519 0.564337 3.478920
1 62.554386 -8.508063 -0.771338 0.188416 -2.558547 -1.336094 2.718649 0.619725 2.764231 0.085492 0.468760 2.902066 0.333328 10.262713 -0.270308 -0.070519 0.564337 3.478920
1 60.552797 -8.463274 -0.764878 0.152648 -2.563493 -1.350393 2.702730 0.629562 2.742361 0.102580 0.444906 2.925268 0.334320 10.262350 -0.270713 -0.077464 0.551244 3.509403
1 60.552797 -8.463274 -0.764878 0.152648 -2.563493 -1.350393 2.702730 0.629562 2.742361 0.102580 0.444906 2.925268 0.334320 10.262350 -0.270713 -0.077464 0.551244 3.509403
1 60.552797 -8.463274 -0.764878 0.152648 -2.563493 -1.350393 2.702730 0.629562 2.742361 0.102580 0.444906 2.925268 0.334320 10.262350 -0.270713 -0.077464 0.551244 3.509403
1 59.344186 -8.463765 -0.769007 0.134319 -2.549179 -1.346360 2.718588 0.634377 2.731645 0.099591 0.455197 2.901327 0.345053 10.264814 -0.263463 -0.058506 0.540341 3.500706
1 59.344186 -8.463765 -0.769007 0.134319 -2.549179 -1.346360 2.718588 0.634377 2.731645 0.099591 0.455197 2.901327 0.345053 10.264814 -0.263463 -0.058506 0.540341 3.500706
1 59.344186 -8.463765 -0.769007 0.134319 -2.549179 -1.346360 2.718588 0.634377 2.731645 0.099591 0.455197 2.901327 0.345053 10.264814 -0.263463 -0.058506 0.540341 3.500706
1 59.344186 -8.463765 -0.769007 0.134319 -2.549179 -1.346360 2.718588 0.634377 2.731645 0.099591 0.455197 2.901327 0.345053 10.264814 -0.263463 -0.058506 0.540341 3.500706
1 59.344186 -8.463765 -0.769007 0.134319 -2.549179 -1.346360 2.718588 0.634377 2.731645 0.099591 0.455197 2.901327 0.345053 10.264814 -0.263463 -0.058506 0.540341 3.500706
1 59.344186 -8.463765 -0.769007 0.134319 -2.549179 -1.346360 2.718588 0.634377 2.731645 0.099591 0.455197 2.901327 0.345053 10.264814 -0.263463 -0.058506 0.540341 3.500706
1 59.344186 -8.463765 -0.769007 0.134319 -2.549179 -1.346360 2.718588 0.634377 2.731645 0.099591 0.455197 2.901327 0.345053 10.264814 -0.263463 -0.058506 0.540341 3.500706
1 59.344186 -8.463765 -0.769007 0.134319 -2.549179 -1.346360 2.718588 0.634377 2.731645 0.099591 0.455197 2.901327 0.345053 10.264814 -0.263463 -0.058506 0.540341 3.500706
1 56.697254 -8.433021 -0.737884 0.118108 -2.586320 -1.331353 2.747471 0.635413 2.716636 0.049903 0.427914 2.923561 0.374512 10.225675 -0.287697 -0.056048 0.522536 3.498477
1 56.697254 -8.433021 -0.737884 0.118108 -2.586320 -1.331353 2.747471 0.635413 2.716636 0.049903 0.427914 2.923561 0.374512 10.225675 -0.287697 -0.056048 0.522536 3.498477
1 56.697254 -8.433021 -0.737884 0.118108 -2.586320 -1.331353 2.747471 0.635413 2.716636 0.049903 0.427914 2.923561 0.374512 10.225675 -0.287697 -0.056048 0.522536 3.498477
1 55.508425 -8.447796 -0.761615 0.119349 -2.630839 -1.323249 2.757309 0.670499 2.770980 0.061319 0.401648 2.934823 0.393639 10.218488 -0.274187 -0.088116 0.508022 3.495378
1 55.508425 -8.447796 -0.761615 0.119349 -2.630839 -1.323249 2.757309 0.670499 2.770980 0.061319 0.401648 2.934823 0.393639 10.218488 -0.274187 -0.088116 0.508022 3.495378
1 53.628396 -8.440982 -0.706871 0.126782 -2.651098 -1.320621 2.790474 0.647151 2.787770 0.067908 0.389308 2.958200 0.398448 10.240535 -0.266555 -0.091919 0.497172 3.485154
1 53.628396 -8.440982 -0.706871 0.126782 -2.651098 -1.320621 2.790474 0.647151 2.787770 0.067908 0.389308 2.958200 0.398448 10.240535 -0.266555 -0.091919 0.497172 3.485154
1 53.628396 -8.440982 -0.706871 0.126782 -2.651098 -1.320621 2.790474 0.647151 2.787770 0.067908 0.389308 2.958200 0.398448 10.240535 -0.266555 -0.091919 0.497172 3.485154
1 53.628396 -8.440982 -0.706871 0.126782 -2.651098 -1.320621 2.790474 0.647151 2.787770 0.067908 0.389308 2.958200 0.398448 10.240535 -0.266555 -0.091919 0.497172 3.485154
1 53.628396 -8.440982 -0.706871 0.126782 -2.651098 -1.320621 2.790474 0.647151 2.787770 0.067908 0.389308 2.958200 0.398448 10.240535 -0.266555 -0.091919 0.497172 3.485154
1 52.900678 -8.431307 -0.719794 0.119202 -2.666217 -1.311690 2.778439 0.622813 2.799882 0.068698 0.406953 2.941504 0.403861 10.252249 -0.297490 -0.113071 0.539544 3.484911
1 52.900678 -8.431307 -0.719794 0.119202 -2.666217 -1.311690 2.778439 0.622813 2.799882 0.068698 0.406953 2.941504 0.403861 10.252249 -0.297490 -0.113071 0.539544 3.484911
1 52.634828 -8.436658 -0.679022 0.124840 -2.662626 -1.292036 2.804256 0.612635 2.767151 0.084469 0.409781 2.948618 0.391336 10.226305 -0.305768 -0.062843 0.539231 3.490300
1 52.634828 -8.436658 -0.679022 0.124840 -2.662626 -1.292036 2.804256 0.612635 2.767151 0.084469 0.409781 2.948618 0.391336 10.226305 -0.305768 -0.062843 0.539231 3.490300
1 51.338323 -8.445945 -0.686593 0.145097 -2.665666 -1.284591 2.801305 0.642210 2.761429 0.083940 0.418239 2.969328 0.399613 10.261225 -0.339331 -0.070568 0.522088 3.473390
1 51.338323 -8.445945 -0.686593 0.145097 -2.665666 -1.284591 2.801305 0.642210 2.761429 0.083940 0.418239 2.969328 0.399613 10.261225 -0.339331 -0.070568 0.522088 3.473390
1 51.338323 -8.445945 -0.686593 0.145097 -2.665666 -1.284591 2.801305 0.642210 2.761429 0.083940 0.418239 2.969328 0.399613 10.261225 -0.339331 -0.070568 0.522088 3.473390
1 51.338323 -8.445945 -0.686593 0.145097 -2.665666 -1.284591 2.801305 0.642210 2.761429 0.083940 0.418239 2.969328 0.399613 10.261225 -0.339331 -0.070568 0.522088 3.473390
1 51.338323 -8.445945 -0.686593 0.145097 -2.665666 -1.284591 2.801305 0.642210 2.761429 0.083940 0.418239 2.969328 0.399613 10.261225 -0.339331 -0.070568 0.522088 3.473390
1 51.338323 -8.445945 -0.686593 0.145097 -2.665666 -1.284591 2.801305 0.642210 2.761429 0.083940 0.418239 2.969328 0.399613 10.261225 -0.339331 -0.070568 0.522088 3.473390
1 50.507219 -8.413998 -0.712896 0.158739 -2.687817 -1.288337 2.807695 0.638974 2.747993 0.072812 0.443758 2.939569 0.420884 10.256627 -0.347727 -0.067832 0.539818 3.493657
1 50.534626 -8.391430 -0.741570 0.153184 -2.687970 -1.292415 2.769963 0.604199 2.766442 0.080521 0.425495 2.937906 0.436432 10.267446 -0.342130 -0.093207 0.540053 3.465077
1 50.211822 -8.413920 -0.716473 0.153732 -2.691525 -1.317201 2.754738 0.603611 2.790028 0.076221 0.429682 2.964246 0.434202 10.287376 -0.298817 -0.080615 0.504598 3.494597
1 50.211822 -8.413920 -0.716473 0.153732 -2.691525 -1.317201 2.754738 0.603611 2.790028 0.076221 0.429682 2.964246 0.434202 10.287376 -0.298817 -0.080615 0.504598 3.494597
1 50.211822 -8.413920 -0.716473 0.153732 -2.691525 -1.317201 2.754738 0.603611 2.790028 0.076221 0.429682 2.964246 0.434202 10.287376 -0.298817 -0.080615 0.504598 3.494597
1 50.211822 -8.413920 -0.716473 0.153732 -2.691525 -1.317201 2.754738 0.603611 2.790028 0.076221 0.429682 2.964246 0.434202 10.287376 -0.298817 -0.080615 0.504598 3.494597
1 50.211822 -8.413920 -0.716473 0.153732 -2.691525 -1.317201 2.754738 0.603611 2.790028 0.076221 0.429682 2.964246 0.434202 10.287376 -0.298817 -0.080615 0.504598 3.494597
1 50.211822 -8.413920 -0.716473 0.153732 -2.691525 -1.317201 2.754738 0.603611 2.790028 0.076221 0.429682 2.964246 0.434202 10.287376 -0.298817 -0.080615 0.504598 3.494597
1 49.800514 -8.409768 -0.690656 0.157783 -2.718663 -1.361392 2.778295 0.571502 2.787488 0.087988 0.385596 2.967024 0.420914 10.333166 -0.299103 -0.091333 0.492408 3.493283
1 49.928819 -8.389969 -0.676804 0.155672 -2.702920 -1.374227 2.784703 0.574540 2.773903 0.104104 0.394726 2.988504 0.409497 10.354845 -0.306064 -0.061865 0.490773 3.505150
1 47.66876 -8.396792 -0.617579 0.124492 -2.653257 -1.358704 2.777729 0.596121 2.768902 0.110915 0.398204 2.986504 0.422904 10.333877 -0.338252 -0.018821 0.531331 3.506900
1 47.66876 -8.396792 -0.617579 0.124492 -2.653257 -1.358704 2.777729 0.596121 2.768902 0.110915 0.398204 2.986504 0.422904 10.333877 -0.338252 -0.018821 0.531331 3.506900
1 48.408724 -8.375717 -0.641452 0.146338 -2.656078 -1.389306 2.786110 0.601744 2.786187 0.076426 0.418456 2.984998 0.431834 10.342979 -0.297485 -0.022700 0.518481 3.501116
1 47.247381 -8.360016 -0.629001 0.088967 -2.695608 -1.368268 2.797465 0.581062 2.791675 0.069655 0.404407 2.976151 0.395762 10.310379 -0.301209 -0.050410 0.506170 3.475474
1 46.937982 -8.353268 -0.635579 0.112263 -2.706339 -1.346430 2.825421 0.591614 2.803408 0.051720 0.395194 2.989421 0.384972 10.292727 -0.322383 -0.050257 0.528554 3.462748
1 46.937982 -8.353268 -0.635579 0.112263 -2.706339 -1.346430 2.825421 0.591614 2.803408 0.051720 0.395194 2.989421 0.384972 10.292727 -0.322383 -0.050257 0.528554 3.462748
1 46.937982 -8.353268 -0.635579 0.112263 -2.706339 -1.346430 2.825421 0.591614 2.803408 0.051720 0.395194 2.989421 0.384972 10.292727 -0.322383 -0.050257 0.528554 3.462748
1 46.937982 -8.353268 -0.635579 0.112263 -2.706339 -1.346430 2.825421 0.591614 2.803408 0.051720 0.395194 2.989421 0.384972 10.292727 -0.322383 -0.050257 0.528554 3.462748
1 46.937982 -8.353268 -0.635579 0.112263 -2.706339 -1.346430 2.825421 0.591614 2.803408 0.051720 0.395194 2.989421 0.384972 10.292727 -0.322383 -0.050257 0.528554 3.462748
1 46.937982 -8.353268 -0.635579 0.112263 -2.706339 -1.346430 2.825421 0.591614 2.803408 0.051720 0.395194 2.989421 0.384972 10.292727 -0.322383 -0.050257 0.528554 3.462748
1 46.937982 -8.353268 -0.635579 0.112263 -2.706339 -1.346430 2.825421 0.591614 2.803408 0.051720 0.395194 2.989421 0.384972 10.292727 -0.322383 -0.050257 0.528554 3.462748
1 47.216398 -8.349116 -0.650276 0.079873 -2.708977 -1.328658 2.833980 0.584445 2.800042 0.037952 0.359163 2.983646 0.367854 10.311679 -0.356589 -0.040969 0.525368 3.470603
1 45.766774 -8.354510 -0.660785 0.071935 -2.708372 -1.347785 2.816039 0.603247 2.784782 0.005424 0.347812 2.972001 0.334400 10.330058 -0.418145 -0.020304 0.499883 3.465963
1 45.766774 -8.354510 -0.660785 0.071935 -2.708372 -1.347785 2.816039 0.603247 2.784782 0.005424 0.347812 2.972001 0.334400 10.330058 -0.418145 -0.020304 0.499883 3.465963
1 45.766774 -8.354510 -0.660785 0.071935 -2.708372 -1.347785 2.816039 0.603247 2.784782 0.005424 0.347812 2.972001 0.334400 10.330058 -0.418145 -0.020304 0.499883 3.465963
1 45.766774 -8.354510 -0.660785 0.071935 -2.708372 -1.347785 2.816039 0.603247 2.784782 0.005424 0.347812 2.972001 0.334400 10.330058 -0.418145 -0.020304 0.499883 3.465963
1 45.766774 -8.354510 -0.660785 0.071935 -2.708372 -1.347785 2.816039 0.603247 2.784782 0.005424 0.347812 2.972001 0.334400 10.330058 -0.418145 -0.020304 0.499883 3.465963
1 45.766774 -8.354510 -0.660785 0.071935 -2.708372 -1.347785 2.816039 0.603247 2.784782 0.005424 0.347812 2.972001 0.334400 10.330058 -0.418145 -0.020304 0.499883 3.465963
1 45.766774 -8.354510 -0.660785 0.071935 -2.708372 -1.347785 2.816039 0.603247 2.784782 0.005424 0.347812 2.972001 0.334400 10.330058 -0.418145 -0.020304 0.499883 3.465963
1 45.766774 -8.354510 -0.660785 0.071935 -2.708372 -1.347785 2.816039 0.603247 2.784782 0.005424 0.347812 2.972001 0.334400 10.330058 -0.418145 -0.020304 0.499883 3.465963
1 45.766774 -8.354510 -0.660785 0.071935 -2.708372 -1.347785 2.816039 0.603247 2.784782 0.005424 0.347812 2.972001 0.334400 10.330058 -0.418145 -0.020304 0.499883 3.465963
1 45.594022 -8.337503 -0.648524 0.083119 -2.690883 -1.344298 2.797995 0.624038 2.773086 0.022979 0.325319 2.970320 0.353824 10.323720 -0.398312 -0.007427 0.521113 3.503666
1 44.610047 -8.353798 -0.637022 0.110029 -2.697371 -1.390013 2.827516 0.612728 2.777605 0.026615 0.304600 2.957871 0.379533 10.343100 -0.409245 -0.008506 0.529138 3.491222
1 44.610047 -8.353798 -0.637022 0.110029 -2.697371 -1.390013 2.827516 0.612728 2.777605 0.026615 0.304600 2.957871 0.379533 10.343100 -0.409245 -0.008506 0.529138 3.491222
1 44.610047 -8.353798 -0.637022 0.110029 -2.697371 -1.390013 2.827516 0.612728 2.777605 0.026615 0.304600 2.957871 0.379533 10.343100 -0.409245 -0.008506 0.529138 3.491222
1 44.610047 -8.353798 -0.637022 0.110029 -2.697371 -1.390013 2.827516 0.612728 2.777605 0.026615 0.304600 2.957871 0.379533 10.343100 -0.409245 -0.008506 0.529138 3.491222
1 44.610047 -8.353798 -0.637022 0.110029 -2.697371 -1.390013 2.827516 0.612728 2.777605 0.026615 0.304600 2.957871 0.379533 10.343100 -0.409245 -0.008506 0.529138 3.491222
1 44.610047 -8.353798 -0.637022 0.110029 -2.697371 -1.390013 2.827516 0.612728 2.777605 0.026615 0.304600 2.957871 0.379533 10.343100 -0.409245 -0.008506 0.529138 3.491222
1 44.610047 -8.353798 -0.637022 0.110029 -2.697371 -1.390013 2.827516 0.612728 2.777605 0.026615 0.304600 2.957871 0.379533 10.343100 -0.409245 -0.008506 0.529138 3.491222
1 44.610047 -8.353798 -0.637022 0.110029 -2.697371 -1.390013 2.827516 0.612728 2.777605 0.026615 0.304600 2.957871 0.379533 10.343100 -0.409245 -0.008506 0.529138 3.491222
1 44.610047 -8.353798 -0.637022 0.110029 -2.697371 -1.390013 2.827516 0.612728 2.777605 0.026615 0.304600 2.957871 0.379533 10.343100 -0.409245 -0.008506 0.529138 3.491222
1 44.610047 -8.353798 -0.637022 0.110029 -2.697371 -1.390013 2.827516 0.612728 2.777605 0.026615 0.304600 2.957871 0.379533 10.343100 -0.409245 -0.008506 0.529138 3.491222
1 44.610047 -8.353798 -0.637022 0.110029 -2.697371 -1.390013 2.827516 0.612728 2.777605 0.026615 0.304600 2.957871 0.379533 10.343100 -0.409245 -0.008506 0.529138 3.491222
1 44.610047 -8.353798 -0.637022 0.110029 -2.697371 -1.390013 2.827516 0.612728 2.777605 0.026615 0.304600 2.957871 0.379533 10.343100 -0.409245 -0.008506 0.529138 3.491222
1 44.610047 -8.353798 -0.637022 0.110029 -2.697371 -1.390013 2.827516 0.612728 2.777605 0.026615 0.304600 2.957871 0.379533 10.343100 -0.409245 -0.008506 0.529138 3.491222
1 44.809688 -8.327901 -0.626505 0.113784 -2.721373 -1.373929 2.802450 0.641438 2.793929 0.004024 0.273156 2.945205 0.427036 10.345108 -0.405681 -0.051514 0.548537 3.493837
1 44.809688 -8.327901 -0.626505 0.113784 -2.721373 -1.373929 2.802450 0.641438 2.793929 0.004024 0.273156 2.945205 0.427036 10.345108 -0.405681 -0.051514 0.548537 3.493837
1 44.809688 -8.327901 -0.626505 0.113784 -2.721373 -1.373929 2.802450 0.641438 2.793929 0.004024 0.273156 2.945205 0.427036 10.345108 -0.405681 -0.051514 0.548537 3.493837
1 44.809688 -8.327901 -0.626505 0.113784 -2.721373 -1.373929 2.802450 0.641438 2.793929 0.004024 0.273156 2.945205 0.427036 10.345108 -0.405681 -0.051514 0.548537 3.493837
1 44.809688 -8.327901 -0.626505 0.113784 -2.721373 -1.373929 2.802450 0.641438 2.793929 0.004024 0.273156 2.945205 0.427036 10.345108 -0.405681 -0.051514 0.548537 3.493837
1 44.809688 -8.327901 -0.626505 0.113784 -2.721373 -1.373929 2.802450 0.641438 2.793929 0.004024 0.273156 2.945205 0.427036 10.345108 -0.405681 -0.051514 0.548537 3.493837
1 46.099287 -8.319465 -0.611853 0.100932 -2.715483 -1.359617 2.804311 0.653922 2.770338 -0.007631 0.246631 2.926241 0.441494 10.321180 -0.428019 -0.034348 0.546900 3.491410
1 46.099287 -8.319465 -0.611853 0.100932 -2.715483 -1.359617 2.804311 0.653922 2.770338 -0.007631 0.246631 2.926241 0.441494 10.321180 -0.428019 -0.034348 0.546900 3.491410
1 46.099287 -8.319465 -0.611853 0.100932 -2.715483 -1.359617 2.804311 0.653922 2.770338 -0.007631 0.246631 2.926241 0.441494 10.321180 -0.428019 -0.034348 0.546900 3.491410
1 46.099287 -8.319465 -0.611853 0.100932 -2.715483 -1.359617 2.804311 0.653922 2.770338 -0.007631 0.246631 2.926241 0.441494 10.321180 -0.428019 -0.034348 0.546900 3.491410
1 46.099287 -8.319465 -0.611853 0.100932 -2.715483 -1.359617 2.804311 0.653922 2.770338 -0.007631 0.246631 2.926241 0.441494 10.321180 -0.428019 -0.034348 0.546900 3.491410
1 46.099287 -8.319465 -0.611853 0.100932 -2.715483 -1.359617 2.804311 0.653922 2.770338 -0.007631 0.246631 2.926241 0.441494 10.321180 -0.428019 -0.034348 0.546900 3.491410
1 45.818365 -8.312826 -0.598974 0.089443 -2.714297 -1.363096 2.814993 0.682410 2.786860 -0.014785 0.200952 2.919606 0.450336 10.310156 -0.445056 -0.046737 0.569653 3.482530
1 45.818365 -8.312826 -0.598974 0.089443 -2.714297 -1.363096 2.814993 0.682410 2.786860 -0.014785 0.200952 2.919606 0.450336 10.310156 -0.445056 -0.046737 0.569653 3.482530
1 45.818365 -8.312826 -0.598974 0.089443 -2.714297 -1.363096 2.814993 0.682410 2.786860 -0.014785 0.200952 2.919606 0.450336 10.310156 -0.445056 -0.046737 0.569653 3.482530
1 45.818365 -8.312826 -0.598974 0.089443 -2.714297 -1.363096 2.814993 0.682410 2.786860 -0.014785 0.200952 2.919606 0.450336 10.310156 -0.445056 -0.046737 0.569653 3.482530
1 45.818365 -8.312826 -0.598974 0.089443 -2.714297 -1.363096 2.814993 0.682410 2.786860 -0.014785 0.200952 2.919606 0.450336 10.310156 -0.445056 -0.046737 0.569653 3.482530
1 45.818365 -8.312826 -0.598974 0.089443 -2.714297 -1.363096 2.814993 0.682410 2.786860 -0.014785 0.200952 2.919606 0.450336 10.310156 -0.445056 -0.046737 0.569653 3.482530
1 47.065547 -8.331046 -0.570919 0.086845 -2.712574 -1.383692 2.828321 0.688233 2.782123 -0.037711 0.238627 2.896077 0.421747 10.306796 -0.401820 -0.039486 0.587066 3.507811
1 46.34196 -8.324968 -0.579099 0.083868 -2.751323 -1.399506 2.831696 0.711034 2.781932 -0.043534 0.257116 2.899397 0.438413 10.326598 -0.414841 -0.064342 0.548523 3.516225
1 46.34196 -8.324968 -0.579099 0.083868 -2.751323 -1.399506 2.831696 0.711034 2.781932 -0.043534 0.257116 2.899397 0.438413 10.326598 -0.414841 -0.064342 0.548523 3.516225
1 46.34196 -8.324968 -0.579099 0.083868 -2.751323 -1.399506 2.831696 0.711034 2.781932 -0.043534 0.257116 2.899397 0.438413 10.326598 -0.414841 -0.064342 0.548523 3.516225
1 45.810897 -8.333653 -0.581575 0.113253 -2.777468 -1.411786 2.844572 0.700531 2.774206 -0.046769 0.239940 2.881986 0.450871 10.328028 -0.402853 -0.089435 0.613115 3.531583
1 45.056482 -8.315646 -0.569394 0.145374 -2.797528 -1.406748 2.863889 0.689682 2.786628 -0.048093 0.210550 2.865960 0.445660 10.316427 -0.380661 -0.079543 0.624831 3.526717
1 45.056482 -8.315646 -0.569394 0.145374 -2.797528 -1.406748 2.863889 0.689682 2.786628 -0.048093 0.210550 2.865960 0.445660 10.316427 -0.380661 -0.079543 0.624831 3.526717
1 45.056482 -8.315646 -0.569394 0.145374 -2.797528 -1.406748 2.863889 0.689682 2.786628 -0.048093 0.210550 2.865960 0.445660 10.316427 -0.380661 -0.079543 0.624831 3.526717
1 44.188567 -8.315001 -0.570226 0.119490 -2.830888 -1.384045 2.863086 0.729514 2.791252 -0.047127 0.182482 2.843034 0.458338 10.351261 -0.360089 -0.064471 0.637636 3.515037
1 44.188567 -8.315001 -0.570226 0.119490 -2.830888 -1.384045 2.863086 0.729514 2.791252 -0.047127 0.182482 2.843034 0.458338 10.351261 -0.360089 -0.064471 0.637636 3.515037
1 44.188567 -8.315001 -0.570226 0.119490 -2.830888 -1.384045 2.863086 0.729514 2.791252 -0.047127 0.182482 2.843034 0.458338 10.351261 -0.360089 -0.064471 0.637636 3.515037
1 44.188567 -8.315001 -0.570226 0.119490 -2.830888 -1.384045 2.863086 0.729514 2.791252 -0.047127 0.182482 2.843034 0.458338 10.351261 -0.360089 -0.064471 0.637636 3.515037
1 44.188567 -8.315001 -0.570226 0.119490 -2.830888 -1.384045 2.863086 0.729514 2.791252 -0.047127 0.182482 2.843034 0.458338 10.351261 -0.360089 -0.064471 0.637636 3.515037
1 44.188567 -8.315001 -0.570226 0.119490 -2.830888 -1.384045 2.863086 0.729514 2.791252 -0.047127 0.182482 2.843034 0.458338 10.351261 -0.360089 -0.064471 0.637636 3.515037
1 44.188567 -8.315001 -0.570226 0.119490 -2.830888 -1.384045 2.863086 0.729514 2.791252 -0.047127 0.182482 2.843034 0.458338 10.351261 -0.360089 -0.064471 0.637636 3.515037
1 44.188567 -8.315001 -0.570226 0.119490 -2.830888 -1.384045 2.863086 0.729514 2.791252 -0.047127 0.182482 2.843034 0.458338 10.351261 -0.360089 -0.064471 0.637636 3.515037
1 44.188567 -8.315001 -0.570226 0.119490 -2.830888 -1.384045 2.863086 0.729514 2.791252 -0.047127 0.182482 2.843034 0.458338 10.351261 -0.360089 -0.064471 0.637636 3.515037
1 44.188567 -8.315001 -0.570226 0.119490 -2.830888 -1.384045 2.863086 0.729514 2.791252 -0.047127 0.182482 2.843034 0.458338 10.351261 -0.360089 -0.064471 0.637636 3.515037
1 44.188567 -8.315001 -0.570226 0.119490 -2.830888 -1.384045 2.863086 0.729514 2.791252 -0.047127 0.182482 2.843034 0.458338 10.351261 -0.360089 -0.064471 0.637636 3.515037
1 44.188567 -8.315001 -0.570226 0.119490 -2.830888 -1.384045 2.863086 0.729514 2.791252 -0.047127 0.182482 2.843034 0.458338 10.351261 -0.360089 -0.064471 0.637636 3.515037
1 44.188567 -8.315001 -0.570226 0.119490 -2.830888 -1.384045 2.863086 0.729514 2.791252 -0.047127 0.182482 2.843034 0.458338 10.351261 -0.360089 -0.064471 0.637636 3.515037
1 44.188567 -8.315001 -0.570226 0.119490 -2.830888 -1.384045 2.863086 0.729514 2.791252 -0.047127 0.182482 2.843034 0.458338 10.351261 -0.360089 -0.064471 0.637636 3.515037
1 44.188567 -8.315001 -0.570226 0.119490 -2.830888 -1.384045 2.863086 0.729514 2.791252 -0.047127 0.182482 2.843034 0.458338 10.351261 -0.360089 -0.064471 0.637636 3.515037
1 44.549595 -8.299630 -0.573066 0.134803 -2.838213 -1.418892 2.843084 0.703368 2.814910 -0.068490 0.168531 2.817185 0.433503 10.331867 -0.397512 -0.058185 0.633999 3.522324
1 44.549595 -8.299630 -0.573066 0.134803 -2.838213 -1.418892 2.843084 0.703368 2.814910 -0.068490 0.168531 2.817185 0.433503 10.331867 -0.397512 -0.058185 0.633999 3.522324
1 44.549595 -8.299630 -0.573066 0.134803 -2.838213 -1.418892 2.843084 0.703368 2.814910 -0.068490 0.168531 2.817185 0.433503 10.331867 -0.397512 -0.058185 0.633999 3.522324
1 44.549595 -8.299630 -0.573066 0.134803 -2.838213 -1.418892 2.843084 0.703368 2.814910 -0.068490 0.168531 2.817185 0.433503 10.331867 -0.397512 -0.058185 0.633999 3.522324
1 44.549595 -8.299630 -0.573066 0.134803 -2.838213 -1.418892 2.843084 0.703368 2.814910 -0.068490 0.168531 2.817185 0.433503 10.331867 -0.397512 -0.058185 0.633999 3.522324
1 44.549595 -8.299630 -0.573066 0.134803 -2.838213 -1.418892 2.843084 0.703368 2.814910 -0.068490 0.168531 2.817185 0.433503 10.331867 -0.397512 -0.058185 0.633999 3.522324
1 44.549595 -8.299630 -0.573066 0.134803 -2.838213 -1.418892 2.843084 0.703368 2.814910 -0.068490 0.168531 2.817185 0.433503 10.331867 -0.397512 -0.058185 0.633999 3.522324
1 44.549595 -8.299630 -0.573066 0.134803 -2.838213 -1.418892 2.843084 0.703368 2.814910 -0.068490 0.168531 2.817185 0.433503 10.331867 -0.397512 -0.058185 0.633999 3.522324
1 44.549595 -8.299630 -0.573066 0.134803 -2.838213 -1.418892 2.843084 0.703368 2.814910 -0.068490 0.168531 2.817185 0.433503 10.331867 -0.397512 -0.058185 0.633999 3.522324
1 44.886189 -8.326273 -0.559402 0.143893 -2.823930 -1.424145 2.816953 0.690229 2.816378 -0.095156 0.172933 2.794592 0.406934 10.315419 -0.396391 -0.086469 0.656594 3.522981
1 44.502422 -8.298414 -0.554662 0.139425 -2.826014 -1.392481 2.812050 0.706107 2.795054 -0.086946 0.170973 2.757323 0.397621 10.321986 -0.394224 -0.083231 0.671399 3.533281
1 44.502422 -8.298414 -0.554662 0.139425 -2.826014 -1.392481 2.812050 0.706107 2.795054 -0.086946 0.170973 2.757323 0.397621 10.321986 -0.394224 -0.083231 0.671399 3.533281
1 44.502422 -8.298414 -0.554662 0.139425 -2.826014 -1.392481 2.812050 0.706107 2.795054 -0.086946 0.170973 2.757323 0.397621 10.321986 -0.394224 -0.083231 0.671399 3.533281
1 44.502422 -8.298414 -0.554662 0.139425 -2.826014 -1.392481 2.812050 0.706107 2.795054 -0.086946 0.170973 2.757323 0.397621 10.321986 -0.394224 -0.083231 0.671399 3.533281
1 44.502422 -8.298414 -0.554662 0.139425 -2.826014 -1.392481 2.812050 0.706107 2.795054 -0.086946 0.170973 2.757323 0.397621 10.321986 -0.394224 -0.083231 0.671399 3.533281
1 44.370037 -8.337001 -0.560107 0.124440 -2.820941 -1.377161 2.794617 0.680898 2.805023 -0.110218 0.154303 2.728433 0.384931 10.356676 -0.408313 -0.109257 0.692152 3.484453
1 43.730142 -8.342546 -0.554721 0.146326 -2.840144 -1.419546 2.795616 0.709368 2.832897 -0.092660 0.140950 2.737457 0.394413 10.349999 -0.377535 -0.135150 0.686929 3.521959
1 41.951792 -8.367794 -0.515955 0.168486 -2.810429 -1.409721 2.794907 0.751324 2.830746 -0.114465 0.165398 2.791523 0.398609 10.359764 -0.423456 -0.105491 0.705136 3.530890
1 41.577618 -8.380568 -0.514273 0.151806 -2.852241 -1.406557 2.781866 0.760098 2.839806 -0.116698 0.170845 2.759435 0.402343 10.381668 -0.406228 -0.086003 0.712163 3.547863
1 41.577618 -8.380568 -0.514273 0.151806 -2.852241 -1.406557 2.781866 0.760098 2.839806 -0.116698 0.170845 2.759435 0.402343 10.381668 -0.406228 -0.086003 0.712163 3.547863
1 41.577618 -8.380568 -0.514273 0.151806 -2.852241 -1.406557 2.781866 0.760098 2.839806 -0.116698 0.170845 2.759435 0.402343 10.381668 -0.406228 -0.086003 0.712163 3.547863
1 41.577618 -8.380568 -0.514273 0.151806 -2.852241 -1.406557 2.781866 0.760098 2.839806 -0.116698 0.170845 2.759435 0.402343 10.381668 -0.406228 -0.086003 0.712163 3.547863
1 41.577618 -8.380568 -0.514273 0.151806 -2.852241 -1.406557 2.781866 0.760098 2.839806 -0.116698 0.170845 2.759435 0.402343 10.381668 -0.406228 -0.086003 0.712163 3.547863
1 40.737207 -8.344443 -0.503147 0.154461 -2.818350 -1.423401 2.775206 0.755650 2.857516 -0.107301 0.154778 2.736778 0.412789 10.390424 -0.446278 -0.107442 0.701640 3.573464
1 40.737207 -8.344443 -0.503147 0.154461 -2.818350 -1.423401 2.775206 0.755650 2.857516 -0.107301 0.154778 2.736778 0.412789 10.390424 -0.446278 -0.107442 0.701640 3.573464
1 40.737207 -8.344443 -0.503147 0.154461 -2.818350 -1.423401 2.775206 0.755650 2.857516 -0.107301 0.154778 2.736778 0.412789 10.390424 -0.446278 -0.107442 0.701640 3.573464
1 41.910647 -8.327578 -0.480071 0.176975 -2.777416 -1.413520 2.800396 0.777418 2.839145 -0.129272 0.130834 2.750528 0.400538 10.380313 -0.502054 -0.058088 0.671468 3.552047
1 41.910647 -8.327578 -0.480071 0.176975 -2.777416 -1.413520 2.800396 0.777418 2.839145 -0.129272 0.130834 2.750528 0.400538 10.380313 -0.502054 -0.058088 0.671468 3.552047
1 41.21181 -8.363386 -0.476914 0.163679 -2.799034 -1.410608 2.827590 0.792945 2.831616 -0.112782 0.138277 2.727431 0.400713 10.388929 -0.508351 -0.060198 0.700470 3.553740
1 41.21181 -8.363386 -0.476914 0.163679 -2.799034 -1.410608 2.827590 0.792945 2.831616 -0.112782 0.138277 2.727431 0.400713 10.388929 -0.508351 -0.060198 0.700470 3.553740
1 40.751246 -8.378219 -0.486717 0.122847 -2.789172 -1.407975 2.832045 0.824062 2.802149 -0.110823 0.125263 2.704693 0.359484 10.387951 -0.512643 -0.051865 0.686194 3.587960
1 40.827113 -8.402740 -0.467809 0.127050 -2.825421 -1.383100 2.826491 0.808514 2.821683 -0.124405 0.092599 2.712224 0.363772 10.369659 -0.518419 -0.059835 0.714546 3.610376
1 40.827113 -8.402740 -0.467809 0.127050 -2.825421 -1.383100 2.826491 0.808514 2.821683 -0.124405 0.092599 2.712224 0.363772 10.369659 -0.518419 -0.059835 0.714546 3.610376
1 40.827113 -8.402740 -0.467809 0.127050 -2.825421 -1.383100 2.826491 0.808514 2.821683 -0.124405 0.092599 2.712224 0.363772 10.369659 -0.518419 -0.059835 0.714546 3.610376
1 39.171227 -8.416683 -0.457588 0.145569 -2.811971 -1.410861 2.845203 0.805826 2.809629 -0.120130 0.042719 2.685537 0.363301 10.387247 -0.529041 -0.074239 0.709415 3.606285
1 39.171227 -8.416683 -0.457588 0.145569 -2.811971 -1.410861 2.845203 0.805826 2.809629 -0.120130 0.042719 2.685537 0.363301 10.387247 -0.529041 -0.074239 0.709415 3.606285
1 39.171227 -8.416683 -0.457588 0.145569 -2.811971 -1.410861 2.845203 0.805826 2.809629 -0.120130 0.042719 2.685537 0.363301 10.387247 -0.529041 -0.074239 0.709415 3.606285
1 39.171227 -8.416683 -0.457588 0.145569 -2.811971 -1.410861 2.845203 0.805826 2.809629 -0.120130 0.042719 2.685537 0.363301 10.387247 -0.529041 -0.074239 0.709415 3.606285
1 39.171227 -8.416683 -0.457588 0.145569 -2.811971 -1.410861 2.845203 0.805826 2.809629 -0.120130 0.042719 2.685537 0.363301 10.387247 -0.529041 -0.074239 0.709415 3.606285
1 39.171227 -8.416683 -0.457588 0.145569 -2.811971 -1.410861 2.845203 0.805826 2.809629 -0.120130 0.042719 2.685537 0.363301 10.387247 -0.529041 -0.074239 0.709415 3.606285
1 39.171227 -8.416683 -0.457588 0.145569 -2.811971 -1.410861 2.845203 0.805826 2.809629 -0.120130 0.042719 2.685537 0.363301 10.387247 -0.529041 -0.074239 0.709415 3.606285
1 39.171227 -8.416683 -0.457588 0.145569 -2.811971 -1.410861 2.845203 0.805826 2.809629 -0.120130 0.042719 2.685537 0.363301 10.387247 -0.529041 -0.074239 0.709415 3.606285
1 39.171227 -8.416683 -0.457588 0.145569 -2.811971 -1.410861 2.845203 0.805826 2.809629 -0.120130 0.042719 2.685537 0.363301 10.387247 -0.529041 -0.074239 0.709415 3.606285
1 39.171227 -8.416683 -0.457588 0.145569 -2.811971 -1.410861 2.845203 0.805826 2.809629 -0.120130 0.042719 2.685537 0.363301 10.387247 -0.529041 -0.074239 0.709415 3.606285
1 39.171227 -8.416683 -0.457588 0.145569 -2.811971 -1.410861 2.845203 0.805826 2.809629 -0.120130 0.042719 2.685537 0.363301 10.387247 -0.529041 -0.074239 0.709415 3.606285
1 39.171227 -8.416683 -0.457588 0.145569 -2.811971 -1.410861 2.845203 0.805826 2.809629 -0.120130 0.042719 2.685537 0.363301 10.387247 -0.529041 -0.074239 0.709415 3.606285
1 39.171227 -8.416683 -0.457588 0.145569 -2.811971 -1.410861 2.845203 0.805826 2.809629 -0.120130 0.042719 2.685537 0.363301 10.387247 -0.529041 -0.074239 0.709415 3.606285
1 39.171227 -8.416683 -0.457588 0.145569 -2.811971 -1.410861 2.845203 0.805826 2.809629 -0.120130 0.042719 2.685537 0.363301 10.387247 -0.529041 -0.074239 0.709415 3.606285
1 39.171227 -8.416683 -0.457588 0.145569 -2.811971 -1.410861 2.845203 0.805826 2.809629 -0.120130 0.042719 2.685537 0.363301 10.387247 -0.529041 -0.074239 0.709415 3.606285
1 39.171227 -8.416683 -0.457588 0.145569 -2.811971 -1.410861 2.845203 0.805826 2.809629 -0.120130 0.042719 2.685537 0.363301 10.387247 -0.529041 -0.074239 0.709415 3.606285
1 39.171227 -8.416683 -0.457588 0.145569 -2.811971 -1.410861 2.845203 0.805826 2.809629 -0.120130 0.042719 2.685537 0.363301 10.387247 -0.529041 -0.074239 0.709415 3.606285
1 39.171227 -8.416683 -0.457588 0.145569 -2.811971 -1.410861 2.845203 0.805826 2.809629 -0.120130 0.042719 2.685537 0.363301 10.387247 -0.529041 -0.074239 0.709415 3.606285
1 39.171227 -8.416683 -0.457588 0.145569 -2.811971 -1.410861 2.845203 0.805826 2.809629 -0.120130 0.042719 2.685537 0.363301 10.387247 -0.529041 -0.074239 0.709415 3.606285
