1 inf -8.711979 -0.926054 -0.290503 -2.220967 -1.391188 3.414934 0.182079 2.516320 0.165365 0.582620 2.311363 0.175580 10.443696 -0.287513 0.199412 3.655285
1 inf -8.737072 -0.946337 -0.302090 -2.199640 -1.396718 3.418067 0.176514 2.492951 0.190726 0.601644 2.267938 0.136028 10.436439 -0.275384 0.194330 3.626667
1 inf -8.735790 -0.972984 -0.266813 -2.178678 -1.408665 3.439213 0.174202 2.478504 0.162661 0.553875 2.293848 0.137409 10.390263 -0.270874 0.180979 3.657748
1 inf -8.704777 -0.929009 -0.250114 -2.171333 -1.398776 3.431625 0.178392 2.497458 0.153796 0.587181 2.311518 0.161265 10.424679 -0.267355 0.166008 3.654259
1 inf -8.693660 -0.920737 -0.218645 -2.208739 -1.421150 3.430894 0.186375 2.513728 0.167782 0.595394 2.298335 0.170249 10.382610 -0.223850 0.155046 3.651014
1 inf -8.703547 -0.944042 -0.256401 -2.205968 -1.449035 3.394306 0.146123 2.503595 0.161522 0.597648 2.282109 0.187917 10.386564 -0.231034 0.153072 3.637296
1 inf -8.668729 -0.953401 -0.278890 -2.249845 -1.473928 3.413239 0.142524 2.508984 0.189215 0.568157 2.284070 0.231528 10.380342 -0.198290 0.145928 3.646128
1 inf -8.676687 -0.926606 -0.306892 -2.205502 -1.462213 3.371510 0.135629 2.499641 0.151577 0.543220 2.292649 0.265010 10.406330 -0.220388 0.146127 3.629690
1 inf -8.695413 -0.880125 -0.265011 -2.218056 -1.424383 3.386159 0.136133 2.513986 0.149561 0.515344 2.281503 0.266620 10.442053 -0.230172 0.116358 3.664118
1 inf -8.716956 -0.865089 -0.272715 -2.203906 -1.406675 3.402818 0.165868 2.526756 0.144436 0.547827 2.258159 0.264707 10.459648 -0.234569 0.115033 3.656193
1 inf -8.734915 -0.866322 -0.254404 -2.209798 -1.426236 3.394897 0.172559 2.542921 0.135116 0.548642 2.240059 0.239831 10.472489 -0.254515 0.133168 3.622835
1 inf -8.728975 -0.854014 -0.239669 -2.197610 -1.414651 3.398305 0.173163 2.558736 0.131368 0.529711 2.245846 0.274535 10.453264 -0.301428 0.138646 3.599251
1 inf -8.741803 -0.849337 -0.231560 -2.185887 -1.415624 3.417463 0.158102 2.535234 0.116445 0.520486 2.238277 0.263415 10.450959 -0.315562 0.175892 3.618208
1 inf -8.733775 -0.861614 -0.250795 -2.180037 -1.409964 3.392959 0.160223 2.556906 0.160906 0.525501 2.257766 0.286545 10.421509 -0.301752 0.168831 3.591768
1 inf -8.697938 -0.827159 -0.238264 -2.211502 -1.400645 3.383150 0.150534 2.551784 0.126047 0.506860 2.281011 0.272471 10.413595 -0.259649 0.185603 3.594557
1 inf -8.714397 -0.890033 -0.238981 -2.211424 -1.379132 3.364645 0.142935 2.574725 0.108008 0.520187 2.278520 0.262307 10.446237 -0.225837 0.144936 3.576235
1 inf -8.695747 -0.906831 -0.259181 -2.201507 -1.380883 3.382833 0.162004 2.544301 0.142080 0.474598 2.305478 0.269770 10.432348 -0.233739 0.107646 3.523664
1 inf -8.703953 -0.876975 -0.262595 -2.204161 -1.370245 3.376507 0.193169 2.563710 0.112702 0.517435 2.311624 0.257069 10.433067 -0.293485 0.115627 3.542524
1 inf -8.681477 -0.904525 -0.265997 -2.190971 -1.361177 3.357686 0.185483 2.578152 0.149076 0.522636 2.294539 0.240490 10.437926 -0.334079 0.085040 3.520578
1 inf -8.670933 -0.890538 -0.258112 -2.208979 -1.330945 3.313589 0.149777 2.617354 0.138445 0.537319 2.276327 0.246395 10.430257 -0.312668 0.088801 3.511465
1 inf -8.657571 -0.895293 -0.228944 -2.196176 -1.342610 3.351145 0.154821 2.560921 0.102069 0.466588 2.288380 0.261861 10.422034 -0.279805 0.088953 3.510267
1 inf -8.681567 -0.893291 -0.198691 -2.204283 -1.334201 3.331059 0.168058 2.596944 0.132635 0.417991 2.286827 0.267522 10.419030 -0.258494 0.089067 3.526854
1 inf -8.692753 -0.899014 -0.214970 -2.244562 -1.335701 3.354302 0.183854 2.605397 0.148900 0.453587 2.261862 0.239284 10.411546 -0.284212 0.077794 3.515470
1 inf -8.722202 -0.907899 -0.200206 -2.264842 -1.313886 3.393047 0.190693 2.609828 0.170248 0.461173 2.271277 0.246563 10.423721 -0.291026 0.052049 3.524339
1 inf -8.690139 -0.894783 -0.193671 -2.283235 -1.305533 3.405122 0.202992 2.615264 0.146039 0.453414 2.245023 0.233194 10.415461 -0.301400 0.045167 3.510321
1 145.92963 -8.702172 -0.862318 -0.198078 -2.259030 -1.287411 3.425622 0.168266 2.582980 0.138043 0.449455 2.245352 0.242691 10.396135 -0.317167 0.048311 3.503840
1 145.92963 -8.702172 -0.862318 -0.198078 -2.259030 -1.287411 3.425622 0.168266 2.582980 0.138043 0.449455 2.245352 0.242691 10.396135 -0.317167 0.048311 3.503840
1 145.92963 -8.702172 -0.862318 -0.198078 -2.259030 -1.287411 3.425622 0.168266 2.582980 0.138043 0.449455 2.245352 0.242691 10.396135 -0.317167 0.048311 3.503840
1 141.32566 -8.739877 -0.864423 -0.184275 -2.264876 -1.297617 3.430072 0.199273 2.599728 0.141897 0.432687 2.261779 0.245531 10.415102 -0.322797 0.062779 3.507945
1 141.32566 -8.739877 -0.864423 -0.184275 -2.264876 -1.297617 3.430072 0.199273 2.599728 0.141897 0.432687 2.261779 0.245531 10.415102 -0.322797 0.062779 3.507945
1 141.32566 -8.739877 -0.864423 -0.184275 -2.264876 -1.297617 3.430072 0.199273 2.599728 0.141897 0.432687 2.261779 0.245531 10.415102 -0.322797 0.062779 3.507945
1 136.48664 -8.768068 -0.890838 -0.205253 -2.268254 -1.282412 3.399455 0.191954 2.605622 0.139909 0.447466 2.249945 0.269157 10.417885 -0.374207 0.082626 3.521715
1 135.23644 -8.787058 -0.874822 -0.217019 -2.260459 -1.263552 3.383975 0.217060 2.626360 0.156855 0.452804 2.292978 0.252745 10.430859 -0.350876 0.068453 3.519849
1 135.23644 -8.787058 -0.874822 -0.217019 -2.260459 -1.263552 3.383975 0.217060 2.626360 0.156855 0.452804 2.292978 0.252745 10.430859 -0.350876 0.068453 3.519849
1 135.23644 -8.787058 -0.874822 -0.217019 -2.260459 -1.263552 3.383975 0.217060 2.626360 0.156855 0.452804 2.292978 0.252745 10.430859 -0.350876 0.068453 3.519849
1 135.23644 -8.787058 -0.874822 -0.217019 -2.260459 -1.263552 3.383975 0.217060 2.626360 0.156855 0.452804 2.292978 0.252745 10.430859 -0.350876 0.068453 3.519849
1 135.23644 -8.787058 -0.874822 -0.217019 -2.260459 -1.263552 3.383975 0.217060 2.626360 0.156855 0.452804 2.292978 0.252745 10.430859 -0.350876 0.068453 3.519849
1 135.23644 -8.787058 -0.874822 -0.217019 -2.260459 -1.263552 3.383975 0.217060 2.626360 0.156855 0.452804 2.292978 0.252745 10.430859 -0.350876 0.068453 3.519849
1 135.34477 -8.781940 -0.884087 -0.241013 -2.286613 -1.248054 3.389069 0.215856 2.582739 0.164216 0.465453 2.274034 0.246623 10.423601 -0.337261 0.079244 3.501178
1 135.34477 -8.781940 -0.884087 -0.241013 -2.286613 -1.248054 3.389069 0.215856 2.582739 0.164216 0.465453 2.274034 0.246623 10.423601 -0.337261 0.079244 3.501178
1 127.02207 -8.771438 -0.905715 -0.215301 -2.300223 -1.222112 3.428004 0.189973 2.562744 0.196741 0.443493 2.279328 0.196288 10.410893 -0.307879 0.078042 3.520937
1 127.02207 -8.771438 -0.905715 -0.215301 -2.300223 -1.222112 3.428004 0.189973 2.562744 0.196741 0.443493 2.279328 0.196288 10.410893 -0.307879 0.078042 3.520937
1 127.02207 -8.771438 -0.905715 -0.215301 -2.300223 -1.222112 3.428004 0.189973 2.562744 0.196741 0.443493 2.279328 0.196288 10.410893 -0.307879 0.078042 3.520937
1 124.33839 -8.771889 -0.904277 -0.203961 -2.325317 -1.261302 3.449483 0.196549 2.525124 0.195819 0.465346 2.321737 0.242672 10.407797 -0.275227 0.081658 3.516733
1 124.33839 -8.771889 -0.904277 -0.203961 -2.325317 -1.261302 3.449483 0.196549 2.525124 0.195819 0.465346 2.321737 0.242672 10.407797 -0.275227 0.081658 3.516733
1 124.33839 -8.771889 -0.904277 -0.203961 -2.325317 -1.261302 3.449483 0.196549 2.525124 0.195819 0.465346 2.321737 0.242672 10.407797 -0.275227 0.081658 3.516733
1 123.17191 -8.728251 -0.903016 -0.190146 -2.306859 -1.262699 3.433109 0.217091 2.541725 0.243831 0.453773 2.322823 0.256558 10.457866 -0.289288 0.077148 3.520340
1 123.43822 -8.758909 -0.908145 -0.135503 -2.277186 -1.305201 3.429231 0.242288 2.530416 0.224317 0.434538 2.298063 0.249274 10.439372 -0.281589 0.095227 3.517879
1 120.85458 -8.716428 -0.935544 -0.107257 -2.267052 -1.327997 3.443203 0.196928 2.494154 0.236357 0.412740 2.281211 0.212962 10.454294 -0.288835 0.089293 3.476653
1 120.85458 -8.716428 -0.935544 -0.107257 -2.267052 -1.327997 3.443203 0.196928 2.494154 0.236357 0.412740 2.281211 0.212962 10.454294 -0.288835 0.089293 3.476653
1 120.85458 -8.716428 -0.935544 -0.107257 -2.267052 -1.327997 3.443203 0.196928 2.494154 0.236357 0.412740 2.281211 0.212962 10.454294 -0.288835 0.089293 3.476653
1 120.85458 -8.716428 -0.935544 -0.107257 -2.267052 -1.327997 3.443203 0.196928 2.494154 0.236357 0.412740 2.281211 0.212962 10.454294 -0.288835 0.089293 3.476653
1 120.85458 -8.716428 -0.935544 -0.107257 -2.267052 -1.327997 3.443203 0.196928 2.494154 0.236357 0.412740 2.281211 0.212962 10.454294 -0.288835 0.089293 3.476653
1 118.0574 -8.750223 -0.937194 -0.086374 -2.310351 -1.332121 3.458393 0.176966 2.502515 0.247210 0.473876 2.261736 0.196640 10.444531 -0.259008 0.121049 3.490510
1 118.0574 -8.750223 -0.937194 -0.086374 -2.310351 -1.332121 3.458393 0.176966 2.502515 0.247210 0.473876 2.261736 0.196640 10.444531 -0.259008 0.121049 3.490510
1 114.96745 -8.760454 -0.888332 -0.073539 -2.301261 -1.352488 3.466741 0.212784 2.511750 0.267486 0.456165 2.259028 0.159184 10.430905 -0.277362 0.139732 3.495313
1 114.44782 -8.746438 -0.900570 -0.087710 -2.315448 -1.355131 3.462345 0.173670 2.527615 0.275716 0.457917 2.265281 0.176537 10.435501 -0.270632 0.119071 3.518279
1 114.44782 -8.746438 -0.900570 -0.087710 -2.315448 -1.355131 3.462345 0.173670 2.527615 0.275716 0.457917 2.265281 0.176537 10.435501 -0.270632 0.119071 3.518279
1 114.44782 -8.746438 -0.900570 -0.087710 -2.315448 -1.355131 3.462345 0.173670 2.527615 0.275716 0.457917 2.265281 0.176537 10.435501 -0.270632 0.119071 3.518279
1 114.44782 -8.746438 -0.900570 -0.087710 -2.315448 -1.355131 3.462345 0.173670 2.527615 0.275716 0.457917 2.265281 0.176537 10.435501 -0.270632 0.119071 3.518279
1 114.44782 -8.746438 -0.900570 -0.087710 -2.315448 -1.355131 3.462345 0.173670 2.527615 0.275716 0.457917 2.265281 0.176537 10.435501 -0.270632 0.119071 3.518279
1 114.44782 -8.746438 -0.900570 -0.087710 -2.315448 -1.355131 3.462345 0.173670 2.527615 0.275716 0.457917 2.265281 0.176537 10.435501 -0.270632 0.119071 3.518279
1 114.44782 -8.746438 -0.900570 -0.087710 -2.315448 -1.355131 3.462345 0.173670 2.527615 0.275716 0.457917 2.265281 0.176537 10.435501 -0.270632 0.119071 3.518279
1 114.44782 -8.746438 -0.900570 -0.087710 -2.315448 -1.355131 3.462345 0.173670 2.527615 0.275716 0.457917 2.265281 0.176537 10.435501 -0.270632 0.119071 3.518279
1 114.44782 -8.746438 -0.900570 -0.087710 -2.315448 -1.355131 3.462345 0.173670 2.527615 0.275716 0.457917 2.265281 0.176537 10.435501 -0.270632 0.119071 3.518279
1 114.44782 -8.746438 -0.900570 -0.087710 -2.315448 -1.355131 3.462345 0.173670 2.527615 0.275716 0.457917 2.265281 0.176537 10.435501 -0.270632 0.119071 3.518279
1 114.44782 -8.746438 -0.900570 -0.087710 -2.315448 -1.355131 3.462345 0.173670 2.527615 0.275716 0.457917 2.265281 0.176537 10.435501 -0.270632 0.119071 3.518279
1 113.53651 -8.746561 -0.884776 -0.094335 -2.316591 -1.356658 3.447701 0.192389 2.528025 0.273317 0.447819 2.273314 0.121419 10.405568 -0.288781 0.139735 3.541355
1 113.47317 -8.758868 -0.897725 -0.132024 -2.311248 -1.395505 3.467838 0.185163 2.515107 0.288194 0.434745 2.280511 0.142637 10.394085 -0.282268 0.151527 3.560108
1 112.08851 -8.763217 -0.862308 -0.122372 -2.340991 -1.397481 3.466675 0.215107 2.486073 0.328498 0.419809 2.280787 0.126266 10.375701 -0.267848 0.134129 3.569910
1 110.58013 -8.768378 -0.859597 -0.125734 -2.358073 -1.377251 3.473618 0.206645 2.503210 0.350988 0.490866 2.266884 0.130574 10.336217 -0.257388 0.147955 3.541630
1 109.94811 -8.750625 -0.842628 -0.146351 -2.350064 -1.340878 3.427157 0.186516 2.480628 0.350879 0.476667 2.281823 0.120810 10.318016 -0.237516 0.196437 3.556126
1 109.6605 -8.792106 -0.802370 -0.143642 -2.385673 -1.372144 3.457924 0.184507 2.530794 0.372803 0.487976 2.280479 0.103317 10.275683 -0.214304 0.205571 3.536140
1 105.48002 -8.810450 -0.825869 -0.160860 -2.356671 -1.420269 3.434996 0.203905 2.485324 0.355414 0.496962 2.348737 0.118538 10.229831 -0.237375 0.210066 3.535714
1 105.48002 -8.810450 -0.825869 -0.160860 -2.356671 -1.420269 3.434996 0.203905 2.485324 0.355414 0.496962 2.348737 0.118538 10.229831 -0.237375 0.210066 3.535714
1 104.34444 -8.818362 -0.816346 -0.141686 -2.357078 -1.419328 3.450480 0.188595 2.494842 0.363489 0.543731 2.373943 0.097196 10.205749 -0.223878 0.221565 3.533599
1 104.34444 -8.818362 -0.816346 -0.141686 -2.357078 -1.419328 3.450480 0.188595 2.494842 0.363489 0.543731 2.373943 0.097196 10.205749 -0.223878 0.221565 3.533599
1 104.34444 -8.818362 -0.816346 -0.141686 -2.357078 -1.419328 3.450480 0.188595 2.494842 0.363489 0.543731 2.373943 0.097196 10.205749 -0.223878 0.221565 3.533599
1 104.34444 -8.818362 -0.816346 -0.141686 -2.357078 -1.419328 3.450480 0.188595 2.494842 0.363489 0.543731 2.373943 0.097196 10.205749 -0.223878 0.221565 3.533599
1 104.34444 -8.818362 -0.816346 -0.141686 -2.357078 -1.419328 3.450480 0.188595 2.494842 0.363489 0.543731 2.373943 0.097196 10.205749 -0.223878 0.221565 3.533599
1 104.34444 -8.818362 -0.816346 -0.141686 -2.357078 -1.419328 3.450480 0.188595 2.494842 0.363489 0.543731 2.373943 0.097196 10.205749 -0.223878 0.221565 3.533599
1 104.34444 -8.818362 -0.816346 -0.141686 -2.357078 -1.419328 3.450480 0.188595 2.494842 0.363489 0.543731 2.373943 0.097196 10.205749 -0.223878 0.221565 3.533599
1 104.34444 -8.818362 -0.816346 -0.141686 -2.357078 -1.419328 3.450480 0.188595 2.494842 0.363489 0.543731 2.373943 0.097196 10.205749 -0.223878 0.221565 3.533599
1 104.34444 -8.818362 -0.816346 -0.141686 -2.357078 -1.419328 3.450480 0.188595 2.494842 0.363489 0.543731 2.373943 0.097196 10.205749 -0.223878 0.221565 3.533599
1 104.34444 -8.818362 -0.816346 -0.141686 -2.357078 -1.419328 3.450480 0.188595 2.494842 0.363489 0.543731 2.373943 0.097196 10.205749 -0.223878 0.221565 3.533599
1 104.34444 -8.818362 -0.816346 -0.141686 -2.357078 -1.419328 3.450480 0.188595 2.494842 0.363489 0.543731 2.373943 0.097196 10.205749 -0.223878 0.221565 3.533599
1 104.34444 -8.818362 -0.816346 -0.141686 -2.357078 -1.419328 3.450480 0.188595 2.494842 0.363489 0.543731 2.373943 0.097196 10.205749 -0.223878 0.221565 3.533599
1 104.34444 -8.818362 -0.816346 -0.141686 -2.357078 -1.419328 3.450480 0.188595 2.494842 0.363489 0.543731 2.373943 0.097196 10.205749 -0.223878 0.221565 3.533599
1 104.34444 -8.818362 -0.816346 -0.141686 -2.357078 -1.419328 3.450480 0.188595 2.494842 0.363489 0.543731 2.373943 0.097196 10.205749 -0.223878 0.221565 3.533599
1 104.34444 -8.818362 -0.816346 -0.141686 -2.357078 -1.419328 3.450480 0.188595 2.494842 0.363489 0.543731 2.373943 0.097196 10.205749 -0.223878 0.221565 3.533599
1 104.34444 -8.818362 -0.816346 -0.141686 -2.357078 -1.419328 3.450480 0.188595 2.494842 0.363489 0.543731 2.373943 0.097196 10.205749 -0.223878 0.221565 3.533599
1 104.34444 -8.818362 -0.816346 -0.141686 -2.357078 -1.419328 3.450480 0.188595 2.494842 0.363489 0.543731 2.373943 0.097196 10.205749 -0.223878 0.221565 3.533599
1 104.34444 -8.818362 -0.816346 -0.141686 -2.357078 -1.419328 3.450480 0.188595 2.494842 0.363489 0.543731 2.373943 0.097196 10.205749 -0.223878 0.221565 3.533599
1 104.34444 -8.818362 -0.816346 -0.141686 -2.357078 -1.419328 3.450480 0.188595 2.494842 0.363489 0.543731 2.373943 0.097196 10.205749 -0.223878 0.221565 3.533599
1 104.34444 -8.818362 -0.816346 -0.141686 -2.357078 -1.419328 3.450480 0.188595 2.494842 0.363489 0.543731 2.373943 0.097196 10.205749 -0.223878 0.221565 3.533599
1 101.81785 -8.755200 -0.814259 -0.125379 -2.357750 -1.417507 3.466151 0.154495 2.507563 0.345246 0.535058 2.370293 0.073620 10.195157 -0.241020 0.243171 3.553530
1 101.81785 -8.755200 -0.814259 -0.125379 -2.357750 -1.417507 3.466151 0.154495 2.507563 0.345246 0.535058 2.370293 0.073620 10.195157 -0.241020 0.243171 3.553530
1 101.81785 -8.755200 -0.814259 -0.125379 -2.357750 -1.417507 3.466151 0.154495 2.507563 0.345246 0.535058 2.370293 0.073620 10.195157 -0.241020 0.243171 3.553530
1 102.02092 -8.755136 -0.811427 -0.151048 -2.374573 -1.440634 3.453500 0.177630 2.499772 0.359815 0.548233 2.392954 0.067641 10.207800 -0.259314 0.253802 3.566098
1 102.02092 -8.755136 -0.811427 -0.151048 -2.374573 -1.440634 3.453500 0.177630 2.499772 0.359815 0.548233 2.392954 0.067641 10.207800 -0.259314 0.253802 3.566098
1 102.02092 -8.755136 -0.811427 -0.151048 -2.374573 -1.440634 3.453500 0.177630 2.499772 0.359815 0.548233 2.392954 0.067641 10.207800 -0.259314 0.253802 3.566098
1 102.02092 -8.755136 -0.811427 -0.151048 -2.374573 -1.440634 3.453500 0.177630 2.499772 0.359815 0.548233 2.392954 0.067641 10.207800 -0.259314 0.253802 3.566098
1 102.02092 -8.755136 -0.811427 -0.151048 -2.374573 -1.440634 3.453500 0.177630 2.499772 0.359815 0.548233 2.392954 0.067641 10.207800 -0.259314 0.253802 3.566098
1 102.4235 -8.757172 -0.833546 -0.175453 -2.393238 -1.436616 3.461995 0.182343 2.511880 0.352212 0.522209 2.402058 0.040322 10.215408 -0.242266 0.282824 3.583421
1 102.4235 -8.757172 -0.833546 -0.175453 -2.393238 -1.436616 3.461995 0.182343 2.511880 0.352212 0.522209 2.402058 0.040322 10.215408 -0.242266 0.282824 3.583421
