1 inf -8.408737 -0.881263 -0.213531 -1.994716 -1.842361 2.143392 0.046063 2.683720 0.499396 0.704814 2.874462 0.124647 10.927086 -0.410771 -0.309003 0.077313 3.646770
1 inf -8.422428 -0.876840 -0.255644 -1.979389 -1.830112 2.127706 0.055776 2.701729 0.489612 0.692160 2.852764 0.155134 10.923276 -0.404486 -0.328532 0.045029 3.644656
1 inf -8.422683 -0.876564 -0.268246 -1.971150 -1.841189 2.145384 0.059437 2.724931 0.487535 0.673148 2.846657 0.169361 10.912577 -0.442530 -0.315216 0.056616 3.624002
1 inf -8.411453 -0.871077 -0.227427 -1.937214 -1.853504 2.143410 -0.001993 2.717069 0.510410 0.676121 2.841647 0.142604 10.942613 -0.452984 -0.279357 0.076018 3.606879
1 inf -8.440961 -0.903289 -0.269701 -1.917424 -1.830946 2.151069 0.013592 2.738799 0.526938 0.668946 2.839187 0.131022 10.966848 -0.476434 -0.262765 0.049386 3.627715
1 inf -8.458148 -0.927108 -0.305027 -1.922752 -1.821185 2.145832 -0.020038 2.714842 0.554717 0.700940 2.882460 0.144582 10.987816 -0.471037 -0.274470 0.022268 3.640986
1 inf -8.447995 -0.921907 -0.342414 -1.982811 -1.829049 2.159334 -0.014019 2.705369 0.566313 0.704222 2.887884 0.132163 11.018261 -0.518336 -0.291637 0.007540 3.684422
1 inf -8.420518 -0.914246 -0.352044 -1.992363 -1.853440 2.130987 -0.034397 2.720803 0.576022 0.728463 2.894801 0.124276 11.005411 -0.525668 -0.318812 0.033836 3.695449
1 inf -8.429695 -0.884445 -0.384672 -1.954132 -1.810994 2.114339 -0.020759 2.738599 0.554125 0.722826 2.898099 0.104170 11.000969 -0.540496 -0.268573 0.057046 3.681814
1 inf -8.434655 -0.910726 -0.349740 -1.960118 -1.780251 2.121813 -0.036354 2.739957 0.564955 0.743301 2.872693 0.088682 10.998375 -0.526258 -0.272032 0.040182 3.652189
1 inf -8.455664 -0.905497 -0.358896 -1.972963 -1.796759 2.120903 -0.028310 2.730503 0.575011 0.776528 2.839976 0.094333 10.997346 -0.572445 -0.267395 0.049753 3.646216
1 inf -8.445507 -0.859646 -0.334971 -1.995920 -1.820279 2.085999 -0.032227 2.775837 0.601249 0.765147 2.845528 0.087831 10.997918 -0.597032 -0.240121 0.040688 3.609622
1 inf -8.432710 -0.832017 -0.355181 -1.975019 -1.792572 2.086544 -0.041486 2.769448 0.565379 0.771501 2.851315 0.124916 11.009054 -0.619361 -0.213744 0.026993 3.600683
1 inf -8.454073 -0.837231 -0.378969 -1.959334 -1.830992 2.080957 0.006679 2.741592 0.543877 0.768229 2.867216 0.109130 11.001933 -0.608324 -0.209313 0.066841 3.575958
1 inf -8.477217 -0.831091 -0.399343 -1.940767 -1.803549 2.078676 0.022779 2.731774 0.591185 0.744143 2.858442 0.094901 11.000375 -0.627647 -0.213062 0.045178 3.608585
1 inf -8.490446 -0.832102 -0.390181 -1.903441 -1.819318 2.080542 0.012597 2.725648 0.577656 0.767081 2.859769 0.089245 10.991166 -0.565290 -0.249723 0.010572 3.631428
1 inf -8.511591 -0.810375 -0.387546 -1.897339 -1.813916 2.091528 0.034310 2.724784 0.568830 0.755074 2.872835 0.126196 10.951300 -0.550909 -0.235918 0.005842 3.637083
1 inf -8.522391 -0.795461 -0.364796 -1.905275 -1.779228 2.099638 0.036408 2.680968 0.573796 0.758014 2.864332 0.129746 10.955265 -0.552076 -0.216086 0.012645 3.635037
1 inf -8.503605 -0.789727 -0.364882 -1.914590 -1.751599 2.075664 0.024691 2.688183 0.579643 0.694132 2.854982 0.151051 10.948113 -0.591524 -0.212353 0.017254 3.606864
1 inf -8.510590 -0.815134 -0.366940 -1.899006 -1.707575 2.081904 0.002306 2.695983 0.584548 0.716064 2.819467 0.104780 10.963278 -0.593592 -0.230394 0.026321 3.595308
1 inf -8.494471 -0.804609 -0.353197 -1.883248 -1.702925 2.084342 0.024997 2.701562 0.619232 0.706043 2.819241 0.133905 10.978975 -0.624122 -0.228605 0.012922 3.638065
1 inf -8.520051 -0.820947 -0.370538 -1.866174 -1.719840 2.087144 0.005074 2.669273 0.626052 0.653655 2.808822 0.113089 10.943913 -0.560865 -0.226335 0.010578 3.663981
1 inf -8.538618 -0.845750 -0.378157 -1.847087 -1.711805 2.081432 -0.006705 2.724798 0.639372 0.662642 2.808531 0.094383 10.944447 -0.530122 -0.228111 0.007212 3.642879
1 inf -8.583059 -0.843883 -0.429492 -1.866263 -1.710734 2.096900 0.040567 2.712183 0.630891 0.652399 2.812648 0.087947 10.918552 -0.527750 -0.228753 -0.020357 3.644115
1 inf -8.596636 -0.846716 -0.460208 -1.866343 -1.681514 2.102090 0.027605 2.725620 0.626856 0.651931 2.826628 0.150931 10.898539 -0.494205 -0.220547 -0.028880 3.600079
1 inf -8.594064 -0.851729 -0.438634 -1.871522 -1.660893 2.140461 0.027033 2.707074 0.627937 0.650305 2.808147 0.147292 10.908073 -0.446365 -0.235922 -0.068811 3.651228
1 inf -8.593051 -0.849441 -0.449496 -1.876688 -1.659468 2.142771 0.080361 2.680298 0.612084 0.665278 2.824035 0.145645 10.904882 -0.480924 -0.254652 -0.040896 3.664394
1 inf -8.630081 -0.865282 -0.434308 -1.885008 -1.693086 2.172219 0.062473 2.637678 0.607189 0.680487 2.826351 0.178891 10.882153 -0.450189 -0.236379 -0.010448 3.679954
1 inf -8.612541 -0.865077 -0.441379 -1.885498 -1.690195 2.194088 0.071646 2.642070 0.626115 0.670071 2.838046 0.182069 10.913785 -0.414037 -0.232339 -0.034779 3.686793
1 inf -8.645123 -0.876562 -0.417941 -1.913804 -1.713852 2.196188 0.082983 2.666199 0.653059 0.676926 2.844421 0.164043 10.861805 -0.361073 -0.270103 -0.036589 3.665691
1 inf -8.636909 -0.904293 -0.418361 -1.911274 -1.740195 2.161738 0.079439 2.680446 0.668569 0.646268 2.848942 0.179834 10.866042 -0.394842 -0.259610 -0.013225 3.651844
1 inf -8.636147 -0.913008 -0.422801 -1.925183 -1.756107 2.171203 0.079995 2.657861 0.684921 0.646056 2.854707 0.193783 10.860581 -0.350956 -0.250676 -0.028860 3.671324
1 inf -8.662541 -0.903638 -0.396404 -1.906829 -1.745409 2.197839 0.071203 2.649503 0.689683 0.604773 2.846914 0.218463 10.869225 -0.371389 -0.243324 -0.027367 3.689327
1 inf -8.666512 -0.926366 -0.395153 -1.901556 -1.666092 2.182834 0.097608 2.658250 0.665351 0.618140 2.830072 0.228703 10.817253 -0.373763 -0.225677 -0.064047 3.660407
1 inf -8.649000 -0.905848 -0.352785 -1.917346 -1.665393 2.202584 0.078878 2.647166 0.667845 0.596265 2.790294 0.237078 10.797201 -0.393119 -0.181668 -0.144091 3.648657
1 inf -8.634624 -0.905469 -0.372906 -1.931908 -1.655409 2.194332 0.054978 2.639655 0.647819 0.600718 2.820219 0.215021 10.812291 -0.350609 -0.179024 -0.157778 3.662919
1 inf -8.598928 -0.917807 -0.383935 -1.944062 -1.647057 2.199273 0.051474 2.640825 0.689231 0.573408 2.847616 0.205321 10.840063 -0.366451 -0.218055 -0.170736 3.647870
1 inf -8.572134 -0.913322 -0.374727 -1.941238 -1.594561 2.221126 0.083758 2.616490 0.675846 0.605203 2.829982 0.216036 10.842037 -0.353420 -0.236893 -0.170349 3.662648
1 inf -8.563805 -0.946608 -0.370400 -1.895493 -1.612366 2.257349 0.102278 2.643150 0.681707 0.589189 2.818068 0.172771 10.832558 -0.332574 -0.234102 -0.176690 3.644845
1 inf -8.551145 -0.930021 -0.356187 -1.898320 -1.606428 2.259549 0.096612 2.610152 0.670740 0.592433 2.799457 0.201697 10.831587 -0.317842 -0.233871 -0.168776 3.641392
1 inf -8.589368 -0.974039 -0.352817 -1.895199 -1.622232 2.299883 0.113820 2.599552 0.639195 0.605851 2.822590 0.195439 10.840731 -0.329693 -0.229127 -0.191653 3.625345
1 inf -8.603316 -0.971760 -0.346990 -1.900658 -1.617210 2.276754 0.078698 2.580086 0.635827 0.606941 2.859358 0.192972 10.815718 -0.347477 -0.242859 -0.184327 3.600234
1 inf -8.582688 -0.954366 -0.358687 -1.879939 -1.622274 2.252848 0.056475 2.609551 0.648109 0.640209 2.852503 0.241733 10.814751 -0.332671 -0.217295 -0.157643 3.619967
1 inf -8.544236 -0.944333 -0.340664 -1.839980 -1.602665 2.280016 0.084865 2.585260 0.610159 0.622906 2.841833 0.267755 10.806129 -0.330435 -0.220483 -0.161514 3.645957
1 inf -8.572599 -0.947934 -0.292394 -1.840115 -1.596282 2.285690 0.093928 2.633918 0.623597 0.651450 2.843074 0.277193 10.801126 -0.356286 -0.190728 -0.141629 3.640960
1 inf -8.569641 -0.918040 -0.312994 -1.820925 -1.566652 2.271355 0.070323 2.648556 0.628581 0.652485 2.858819 0.318655 10.818574 -0.362493 -0.202008 -0.139524 3.606119
1 inf -8.588473 -0.902380 -0.345251 -1.847038 -1.570528 2.280617 0.041594 2.628345 0.611923 0.667279 2.912185 0.307494 10.846604 -0.329788 -0.228506 -0.158924 3.639938
1 inf -8.589924 -0.923531 -0.354857 -1.851232 -1.573752 2.263369 0.052912 2.634237 0.621053 0.663982 2.920790 0.275773 10.815950 -0.347714 -0.216671 -0.142585 3.634315
1 inf -8.606086 -0.896495 -0.316514 -1.876911 -1.583663 2.259472 0.046341 2.668301 0.649920 0.639771 2.969294 0.296834 10.787376 -0.347776 -0.212577 -0.137184 3.658146
1 inf -8.609362 -0.891042 -0.385383 -1.891999 -1.568510 2.237547 0.028664 2.678621 0.618179 0.632066 2.924283 0.316468 10.794149 -0.369141 -0.253768 -0.136001 3.664960
1 inf -8.612898 -0.891560 -0.363551 -1.876185 -1.571141 2.194142 0.037510 2.678375 0.643412 0.643787 2.929505 0.324889 10.832821 -0.387233 -0.265974 -0.129960 3.646469
1 inf -8.626807 -0.894122 -0.367801 -1.913005 -1.581267 2.220395 0.026149 2.681213 0.619664 0.672267 2.918307 0.317812 10.831674 -0.391592 -0.296954 -0.172957 3.644385
1 inf -8.667557 -0.886330 -0.341516 -1.925159 -1.596149 2.230146 0.054110 2.695918 0.580538 0.647061 2.962324 0.285622 10.857533 -0.432879 -0.320623 -0.201697 3.655887
1 inf -8.671278 -0.918804 -0.371908 -1.896504 -1.640548 2.238698 0.030413 2.655090 0.561239 0.662487 2.930994 0.294488 10.861933 -0.460870 -0.325082 -0.189592 3.635963
1 inf -8.682578 -0.928764 -0.397895 -1.906431 -1.603715 2.222663 0.016483 2.682164 0.543440 0.640806 2.955207 0.295199 10.858598 -0.445111 -0.346606 -0.244492 3.628252
1 inf -8.680426 -0.905747 -0.395617 -1.912913 -1.593314 2.237729 0.026631 2.662470 0.526441 0.635836 2.969653 0.281112 10.849547 -0.478369 -0.355994 -0.288631 3.620305
1 inf -8.662886 -0.905542 -0.402688 -1.913403 -1.590423 2.259598 0.035804 2.666862 0.545367 0.625420 2.981348 0.284290 10.881179 -0.442217 -0.351954 -0.312962 3.627144
1 inf -8.667392 -0.923158 -0.409620 -1.902995 -1.606170 2.295226 0.056348 2.654836 0.522989 0.650863 2.980172 0.268247 10.886720 -0.443466 -0.350370 -0.317630 3.617650
1 inf -8.643771 -0.934306 -0.404095 -1.919264 -1.598836 2.310105 0.059366 2.632876 0.543391 0.679912 2.994936 0.283793 10.937486 -0.479786 -0.358432 -0.320317 3.632935
1 inf -8.621844 -0.954242 -0.392074 -1.889154 -1.575516 2.298600 0.044642 2.679464 0.551760 0.669964 2.985828 0.281819 10.905858 -0.531340 -0.393400 -0.337565 3.641328
1 inf -8.629552 -0.930867 -0.396154 -1.935873 -1.565956 2.300038 0.082427 2.684310 0.570122 0.697997 2.946766 0.277996 10.900135 -0.530898 -0.357345 -0.329428 3.644113
1 inf -8.628905 -0.925015 -0.365048 -1.914094 -1.551494 2.278997 0.024570 2.669840 0.582493 0.673913 2.939659 0.280434 10.893800 -0.554481 -0.362816 -0.321319 3.637438
1 inf -8.620756 -0.932837 -0.366678 -1.923042 -1.530711 2.303926 0.014530 2.669138 0.600223 0.700210 2.937648 0.288524 10.895806 -0.566609 -0.373451 -0.333394 3.620907
1 inf -8.590742 -0.939714 -0.336700 -1.974434 -1.514261 2.289494 -0.002823 2.703132 0.597010 0.709907 2.919883 0.306080 10.858866 -0.586114 -0.361569 -0.347200 3.627942
1 inf -8.617473 -0.940196 -0.312843 -2.003298 -1.553052 2.287168 -0.013869 2.697262 0.621584 0.728014 2.910078 0.322159 10.840484 -0.576943 -0.377993 -0.384088 3.616575
1 inf -8.635186 -0.897977 -0.315792 -1.988045 -1.574639 2.271221 -0.009758 2.732664 0.654750 0.686485 2.922549 0.323300 10.886991 -0.574543 -0.377564 -0.361650 3.578167
1 inf -8.612653 -0.913336 -0.309740 -2.015467 -1.579039 2.303970 -0.029033 2.739671 0.643984 0.669359 2.929309 0.326605 10.912121 -0.586979 -0.349726 -0.339314 3.577274
1 inf -8.648106 -0.956816 -0.334179 -2.004487 -1.605032 2.318824 -0.029352 2.744375 0.627599 0.689525 2.972315 0.305945 10.922392 -0.612142 -0.370303 -0.337591 3.580073
1 inf -8.665038 -0.960461 -0.284229 -2.007703 -1.631350 2.289947 -0.058351 2.746632 0.646140 0.710275 2.984058 0.300189 10.917412 -0.627079 -0.346462 -0.329909 3.604070
1 inf -8.674885 -0.965392 -0.313792 -2.008823 -1.614630 2.257892 -0.059872 2.768617 0.650591 0.699223 2.990227 0.265165 10.927153 -0.662519 -0.335110 -0.369164 3.633519
1 inf -8.731609 -0.977520 -0.295793 -1.995456 -1.632020 2.273455 -0.067087 2.772943 0.664247 0.680448 2.983736 0.263718 10.953741 -0.687134 -0.349461 -0.371475 3.649343
1 inf -8.724993 -0.988147 -0.292556 -1.970021 -1.651462 2.228538 -0.079729 2.793567 0.691417 0.689587 2.976837 0.293729 10.913258 -0.671062 -0.348924 -0.361611 3.679007
1 inf -8.697346 -0.995352 -0.302230 -1.985474 -1.627420 2.212048 -0.093034 2.795194 0.683362 0.686712 2.953772 0.268552 10.915206 -0.679185 -0.325846 -0.361869 3.670565
1 inf -8.702043 -0.975642 -0.327968 -1.992614 -1.654820 2.182069 -0.074951 2.781346 0.656663 0.686464 2.983565 0.276468 10.910108 -0.718993 -0.313801 -0.348152 3.683000
1 inf -8.664596 -0.990575 -0.339290 -2.014038 -1.636683 2.194720 -0.121327 2.788810 0.607247 0.675461 2.985311 0.276384 10.905417 -0.694469 -0.343001 -0.374954 3.701318
1 inf -8.668196 -0.994001 -0.358546 -2.029333 -1.626721 2.196391 -0.101946 2.797064 0.573588 0.697907 2.996281 0.292852 10.913563 -0.670921 -0.309943 -0.344269 3.704894
1 inf -8.699193 -0.965629 -0.344596 -1.999928 -1.672768 2.186154 -0.139085 2.826363 0.603254 0.689056 2.969248 0.284067 10.893547 -0.654383 -0.325064 -0.346250 3.708030
1 inf -8.666312 -0.949034 -0.356609 -1.966762 -1.666357 2.191372 -0.143105 2.851626 0.600910 0.653098 2.942562 0.309613 10.894864 -0.648239 -0.306478 -0.353763 3.664065
1 inf -8.651252 -0.937281 -0.359352 -1.948058 -1.667053 2.169083 -0.131944 2.878412 0.586734 0.640059 2.899414 0.284113 10.915921 -0.679917 -0.313524 -0.387798 3.633432
1 inf -8.678385 -0.925813 -0.343608 -1.877418 -1.651104 2.184454 -0.137793 2.863767 0.597065 0.629256 2.892475 0.249182 10.952069 -0.725390 -0.275031 -0.402643 3.625979
1 inf -8.650908 -0.911886 -0.375324 -1.898591 -1.636755 2.222363 -0.150525 2.878568 0.629842 0.668120 2.886633 0.252590 10.977339 -0.730151 -0.313368 -0.359725 3.611415
1 inf -8.643245 -0.905146 -0.371432 -1.916640 -1.694208 2.224572 -0.118581 2.896147 0.608823 0.649020 2.900902 0.239905 10.976546 -0.719571 -0.326273 -0.352236 3.628726
1 inf -8.650270 -0.888096 -0.402224 -1.911817 -1.676599 2.216753 -0.099388 2.883693 0.646191 0.666957 2.881710 0.250506 10.983666 -0.673530 -0.300315 -0.351298 3.637786
1 inf -8.646727 -0.876084 -0.399101 -1.911714 -1.666099 2.228409 -0.103250 2.832164 0.690173 0.711636 2.889844 0.240576 10.957785 -0.671030 -0.320569 -0.337060 3.668637
1 inf -8.628154 -0.860565 -0.392610 -1.916676 -1.655920 2.220264 -0.083531 2.831420 0.696644 0.710762 2.877699 0.248770 10.951160 -0.658270 -0.333827 -0.381991 3.658379
1 inf -8.610614 -0.860360 -0.399681 -1.917166 -1.653029 2.242133 -0.074358 2.835812 0.686228 0.722457 2.880877 0.280402 10.987312 -0.654230 -0.358158 -0.375152 3.637583
1 inf -8.605168 -0.853933 -0.346313 -1.910216 -1.668355 2.232575 -0.086431 2.831147 0.666999 0.719737 2.868161 0.261565 10.984285 -0.620910 -0.377481 -0.346681 3.649891
1 inf -8.642058 -0.870944 -0.381775 -1.905702 -1.689832 2.256217 -0.069197 2.825767 0.687988 0.711409 2.863614 0.286299 10.995271 -0.636663 -0.346612 -0.369181 3.619227
1 inf -8.645502 -0.857140 -0.405643 -1.888119 -1.662845 2.242675 -0.112847 2.832193 0.653389 0.692459 2.863269 0.295088 11.004906 -0.657002 -0.339898 -0.354348 3.597313
1 inf -8.636435 -0.848593 -0.419063 -1.874442 -1.658970 2.289491 -0.108832 2.828554 0.649783 0.710449 2.889790 0.287329 11.024976 -0.679249 -0.362867 -0.336652 3.620271
1 inf -8.607012 -0.830869 -0.391157 -1.842623 -1.657154 2.275683 -0.091954 2.796027 0.634269 0.736873 2.855981 0.335432 10.996908 -0.696167 -0.353528 -0.328272 3.638653
1 inf -8.613854 -0.797922 -0.387967 -1.848259 -1.652172 2.277555 -0.103315 2.793212 0.633454 0.725345 2.845655 0.366543 11.014160 -0.689562 -0.346774 -0.306946 3.635724
1 inf -8.594613 -0.802586 -0.406462 -1.876969 -1.654765 2.245427 -0.121356 2.793173 0.653011 0.736643 2.840315 0.371041 10.983032 -0.687660 -0.314817 -0.335827 3.673074
1 inf -8.569448 -0.782362 -0.391463 -1.867797 -1.640929 2.235343 -0.117730 2.788945 0.659779 0.702616 2.800216 0.368946 10.999029 -0.673714 -0.347241 -0.377930 3.680586
1 inf -8.592548 -0.795465 -0.387103 -1.874501 -1.648176 2.199705 -0.134538 2.825469 0.641993 0.735194 2.802753 0.357978 11.020505 -0.684469 -0.362387 -0.345193 3.707227
1 inf -8.597612 -0.801068 -0.408441 -1.895000 -1.629683 2.206812 -0.116891 2.831449 0.622375 0.695125 2.799071 0.351771 11.040624 -0.682533 -0.353125 -0.328489 3.741724
1 inf -8.558777 -0.787412 -0.384086 -1.909692 -1.618932 2.188542 -0.132794 2.874429 0.608261 0.677725 2.800143 0.296017 11.053701 -0.659648 -0.344412 -0.306178 3.749040
1 inf -8.518404 -0.769739 -0.352061 -1.919884 -1.629027 2.151164 -0.121578 2.888212 0.610562 0.670132 2.814143 0.322706 11.064252 -0.671297 -0.295305 -0.312963 3.744779
1 inf -8.510013 -0.750007 -0.358346 -1.950211 -1.635672 2.203995 -0.147184 2.908817 0.575078 0.658838 2.828311 0.329295 11.046771 -0.676924 -0.319788 -0.297460 3.738478
1 inf -8.482625 -0.781320 -0.378597 -1.916105 -1.667423 2.182292 -0.151248 2.890801 0.585427 0.652239 2.832865 0.356215 11.034026 -0.698219 -0.345232 -0.308840 3.745207
1 inf -8.456008 -0.800184 -0.362113 -1.914578 -1.638094 2.194895 -0.167969 2.896878 0.585159 0.640425 2.806410 0.402763 10.999106 -0.723482 -0.374990 -0.305327 3.752231
1 inf -8.434219 -0.802418 -0.351038 -1.912716 -1.625614 2.174326 -0.174589 2.878010 0.538471 0.635338 2.808716 0.402647 11.001873 -0.727585 -0.388975 -0.322193 3.760218
1 inf -8.458675 -0.805519 -0.329602 -1.903660 -1.604780 2.187631 -0.172187 2.869715 0.522146 0.637585 2.818040 0.395960 11.021472 -0.752630 -0.377262 -0.321966 3.748632
1 inf -8.462625 -0.798502 -0.354866 -1.933749 -1.605563 2.174774 -0.166460 2.844366 0.526528 0.641995 2.844643 0.408874 11.006258 -0.736880 -0.368861 -0.313129 3.756451
1 inf -8.461008 -0.804404 -0.332736 -1.902190 -1.609410 2.181921 -0.206819 2.845602 0.544822 0.668647 2.820555 0.410707 11.016893 -0.736731 -0.376066 -0.295372 3.783958
1 inf -8.446789 -0.787269 -0.319079 -1.914507 -1.612367 2.162409 -0.201515 2.867854 0.501479 0.679445 2.856839 0.412893 11.016600 -0.711650 -0.357351 -0.298849 3.822903
1 inf -8.441232 -0.808292 -0.316735 -1.955182 -1.601094 2.185017 -0.194263 2.878058 0.519185 0.685199 2.852720 0.449308 10.987546 -0.732891 -0.309656 -0.318739 3.799151
1 inf -8.404177 -0.778709 -0.306807 -1.938735 -1.617592 2.196114 -0.229272 2.905463 0.511845 0.655460 2.805989 0.482254 10.997889 -0.692402 -0.334195 -0.290925 3.783672
1 inf -8.369179 -0.791233 -0.309688 -1.951219 -1.629283 2.181788 -0.205226 2.916027 0.483885 0.635098 2.805689 0.489092 11.001466 -0.698863 -0.317238 -0.318910 3.786871
1 inf -8.368515 -0.799690 -0.324668 -1.940100 -1.611552 2.182096 -0.188840 2.903743 0.486664 0.637918 2.798179 0.448587 10.981874 -0.684428 -0.329864 -0.314867 3.792214
1 inf -8.360969 -0.776213 -0.357845 -1.901355 -1.563018 2.205748 -0.193901 2.927062 0.488411 0.634824 2.801303 0.445161 10.976892 -0.712411 -0.300042 -0.284257 3.787772
1 inf -8.344680 -0.757650 -0.360677 -1.940970 -1.568536 2.180355 -0.234628 2.971888 0.478342 0.650260 2.805649 0.444563 10.987819 -0.710227 -0.329776 -0.259356 3.789332
1 inf -8.344758 -0.761140 -0.370679 -1.912519 -1.596050 2.182467 -0.215375 2.957897 0.491087 0.656794 2.792614 0.451473 10.943631 -0.679551 -0.345678 -0.225794 3.792228
1 inf -8.335718 -0.765549 -0.332131 -1.904335 -1.579912 2.176546 -0.207675 2.955903 0.531256 0.634558 2.785742 0.473216 10.935012 -0.680034 -0.360198 -0.228494 3.788406
1 inf -8.352410 -0.740979 -0.335634 -1.889907 -1.556213 2.169199 -0.229678 2.994280 0.546010 0.617236 2.797057 0.476891 10.952679 -0.678740 -0.395167 -0.237781 3.770529
1 inf -8.334870 -0.740774 -0.342705 -1.890397 -1.553322 2.191068 -0.220505 2.998672 0.564936 0.606820 2.808752 0.480069 10.984311 -0.642588 -0.391127 -0.262112 3.777368
1 inf -8.354179 -0.702194 -0.321944 -1.877367 -1.583114 2.205817 -0.212083 2.938921 0.523082 0.616862 2.816843 0.449878 10.992225 -0.621658 -0.383777 -0.261340 3.762264
1 inf -8.362521 -0.690009 -0.315654 -1.908335 -1.584643 2.188863 -0.219058 2.950750 0.574402 0.605332 2.804497 0.434226 11.000908 -0.592800 -0.416061 -0.258014 3.741487
1 inf -8.340061 -0.678848 -0.311574 -1.883149 -1.579963 2.196164 -0.205490 2.945265 0.645361 0.623637 2.820589 0.408112 10.986140 -0.594747 -0.452529 -0.250623 3.698300
1 inf -8.329530 -0.692264 -0.343784 -1.869187 -1.591571 2.195000 -0.219324 2.927996 0.662402 0.613841 2.834902 0.392882 10.991555 -0.593815 -0.459479 -0.242389 3.732909
1 inf -8.307551 -0.695583 -0.344787 -1.851425 -1.594679 2.163075 -0.193772 2.871815 0.685946 0.612946 2.823065 0.417683 10.954810 -0.599996 -0.461416 -0.254353 3.726726
1 inf -8.300238 -0.707798 -0.328204 -1.859465 -1.565060 2.127002 -0.200829 2.892721 0.682487 0.583314 2.831701 0.466023 10.941413 -0.564681 -0.439013 -0.233671 3.709693
1 inf -8.322412 -0.669568 -0.297054 -1.850601 -1.600923 2.138064 -0.184641 2.901112 0.690667 0.584306 2.837260 0.462210 10.982718 -0.578677 -0.447066 -0.261728 3.722715
1 inf -8.340064 -0.656471 -0.337833 -1.840689 -1.616064 2.169478 -0.181955 2.893374 0.690659 0.562424 2.813864 0.467764 11.019578 -0.572904 -0.470045 -0.263994 3.708578
1 inf -8.326331 -0.652006 -0.341572 -1.840364 -1.623362 2.164203 -0.211806 2.898225 0.691749 0.565529 2.832151 0.481068 11.001810 -0.554875 -0.435766 -0.264558 3.728063
1 inf -8.348531 -0.655683 -0.333001 -1.822131 -1.644593 2.150809 -0.188615 2.919840 0.664072 0.557411 2.803556 0.452076 11.039304 -0.568594 -0.439942 -0.246037 3.730634
1 inf -8.339220 -0.665920 -0.326358 -1.811992 -1.648466 2.144965 -0.229827 2.895247 0.662934 0.559379 2.770273 0.426406 11.030621 -0.541030 -0.414830 -0.239527 3.744034
1 inf -8.333018 -0.658592 -0.296767 -1.822978 -1.658271 2.141504 -0.181705 2.884909 0.674980 0.532946 2.787169 0.414432 11.029467 -0.563493 -0.422920 -0.254885 3.727209
1 inf -8.350684 -0.653250 -0.306710 -1.811303 -1.689367 2.101029 -0.173878 2.918692 0.675007 0.543139 2.790957 0.450056 11.027310 -0.566500 -0.441798 -0.319653 3.725568
1 inf -8.330564 -0.655381 -0.289056 -1.859484 -1.695473 2.071616 -0.203816 2.936432 0.679799 0.514897 2.756363 0.409797 11.026550 -0.577890 -0.474718 -0.314856 3.757491
1 inf -8.312527 -0.668648 -0.295590 -1.820738 -1.746327 2.090836 -0.204345 2.894369 0.669304 0.505012 2.775770 0.442087 11.027080 -0.602541 -0.499507 -0.310013 3.762952
1 inf -8.321306 -0.645343 -0.314118 -1.821620 -1.760872 2.070096 -0.196510 2.917897 0.652804 0.506821 2.817918 0.467064 11.019657 -0.579322 -0.482801 -0.322489 3.745568
1 inf -8.320592 -0.664951 -0.313843 -1.812348 -1.756162 2.071991 -0.201311 2.881943 0.670880 0.514001 2.817582 0.434049 11.018869 -0.543946 -0.489363 -0.292475 3.717177
1 inf -8.315617 -0.657115 -0.320265 -1.799439 -1.761709 2.047969 -0.216779 2.884487 0.672701 0.496146 2.823704 0.472158 11.029443 -0.580432 -0.518447 -0.305752 3.713633
1 inf -8.313243 -0.643011 -0.361471 -1.795822 -1.790510 2.039192 -0.217930 2.919368 0.654163 0.496392 2.843481 0.464211 10.998731 -0.575630 -0.516112 -0.346889 3.698881
1 inf -8.330667 -0.658962 -0.358148 -1.798111 -1.779163 2.040225 -0.198755 2.933995 0.672306 0.504968 2.834649 0.441253 11.011823 -0.567405 -0.527148 -0.345214 3.706048
1 inf -8.330029 -0.667110 -0.350821 -1.800786 -1.785897 2.021269 -0.208335 2.867131 0.651526 0.551458 2.839985 0.409498 11.016745 -0.566539 -0.491650 -0.358730 3.713152
1 inf -8.338204 -0.686114 -0.334570 -1.785902 -1.774441 2.008582 -0.221600 2.874199 0.671878 0.575387 2.851858 0.406689 10.978496 -0.585869 -0.453512 -0.342507 3.752556
1 inf -8.309999 -0.666772 -0.326471 -1.788366 -1.735346 1.973910 -0.227068 2.883872 0.682029 0.530409 2.843052 0.375913 10.990384 -0.594485 -0.428148 -0.332513 3.730956
1 inf -8.340604 -0.694747 -0.330903 -1.793424 -1.752851 1.959740 -0.223084 2.902747 0.698876 0.516896 2.869366 0.368489 11.000644 -0.620727 -0.408287 -0.296678 3.755605
1 inf -8.334973 -0.696205 -0.360503 -1.793411 -1.734501 1.971895 -0.219907 2.881592 0.694771 0.508795 2.862493 0.328697 10.972599 -0.627530 -0.423499 -0.300179 3.773875
1 inf -8.303678 -0.696281 -0.361719 -1.820038 -1.709377 1.959893 -0.181281 2.863788 0.686822 0.502636 2.892353 0.287479 11.000324 -0.601777 -0.408714 -0.301482 3.781348
1 inf -8.301459 -0.717610 -0.378373 -1.810193 -1.707806 1.964091 -0.183341 2.855877 0.674868 0.527723 2.920464 0.308157 10.968297 -0.602646 -0.439196 -0.307364 3.788221
1 inf -8.346154 -0.696300 -0.370751 -1.826309 -1.679360 1.985349 -0.235688 2.848955 0.617610 0.522095 2.910773 0.326756 10.981785 -0.584447 -0.426483 -0.297465 3.814755
1 inf -8.347452 -0.683844 -0.375754 -1.825181 -1.665913 2.030681 -0.207239 2.828561 0.584712 0.518402 2.907919 0.359606 10.984453 -0.569013 -0.418884 -0.343205 3.782993
1 inf -8.323978 -0.685399 -0.385351 -1.814395 -1.694611 2.040723 -0.239543 2.839959 0.558187 0.543471 2.895809 0.306015 10.993937 -0.554316 -0.419047 -0.341642 3.755283
1 inf -8.306438 -0.685194 -0.392422 -1.814885 -1.691720 2.062592 -0.230370 2.844351 0.577113 0.533055 2.907504 0.309193 11.025569 -0.518164 -0.415007 -0.365973 3.762122
1 inf -8.283628 -0.709831 -0.372249 -1.872464 -1.706463 2.055283 -0.238838 2.867317 0.587766 0.521744 2.910610 0.330910 11.048287 -0.563035 -0.426178 -0.339637 3.791603
1 inf -8.294965 -0.702751 -0.367940 -1.901680 -1.717162 2.067219 -0.288083 2.865646 0.574488 0.520532 2.890620 0.337787 11.059777 -0.572043 -0.421446 -0.339490 3.786794
1 inf -8.361207 -0.711274 -0.358560 -1.913405 -1.738717 2.047936 -0.297573 2.867200 0.586133 0.540639 2.886373 0.400785 11.041974 -0.587048 -0.445781 -0.337745 3.743239
1 inf -8.360798 -0.653630 -0.318459 -1.899429 -1.731217 2.050171 -0.258035 2.888008 0.574130 0.560843 2.878844 0.377960 11.021859 -0.560509 -0.435690 -0.351129 3.715327
1 inf -8.326548 -0.668368 -0.287723 -1.880309 -1.714072 2.061556 -0.284767 2.907548 0.561371 0.533354 2.886787 0.366381 11.011053 -0.543566 -0.427245 -0.351044 3.725009
1 inf -8.347934 -0.694998 -0.275647 -1.926280 -1.748147 2.069578 -0.286425 2.933706 0.558870 0.557557 2.884684 0.363472 11.024562 -0.553935 -0.413627 -0.379939 3.713120
1 inf -8.332716 -0.720894 -0.286268 -1.941388 -1.754733 2.046030 -0.246625 2.896092 0.583220 0.566243 2.884303 0.343085 10.978718 -0.517448 -0.392985 -0.369011 3.675608
1 inf -8.349138 -0.728568 -0.287138 -1.960511 -1.747056 2.032418 -0.220733 2.864502 0.585565 0.530886 2.892656 0.321663 10.989064 -0.516574 -0.377238 -0.386084 3.685426
1 inf -8.360381 -0.740381 -0.295312 -1.957061 -1.769932 2.052095 -0.248502 2.857387 0.574762 0.527168 2.849475 0.352281 10.986736 -0.540602 -0.385428 -0.409311 3.680463
1 inf -8.414594 -0.713503 -0.326530 -1.917575 -1.747027 2.042950 -0.236806 2.837033 0.570137 0.567108 2.831164 0.370380 10.967316 -0.492740 -0.390330 -0.418619 3.673071
1 inf -8.375842 -0.687971 -0.346934 -1.896198 -1.702874 2.033529 -0.205975 2.807010 0.571321 0.539474 2.838619 0.376086 10.987910 -0.477525 -0.428702 -0.419138 3.664460
1 inf -8.416020 -0.697661 -0.359518 -1.908519 -1.699318 2.064899 -0.213642 2.873066 0.550588 0.547119 2.794546 0.404944 10.984932 -0.496076 -0.413738 -0.420426 3.659769
1 inf -8.445018 -0.711557 -0.385631 -1.923945 -1.666845 2.103678 -0.208954 2.866631 0.569201 0.561398 2.826891 0.356284 10.974409 -0.518437 -0.405727 -0.391527 3.660523
1 inf -8.479201 -0.731138 -0.385281 -1.927291 -1.675369 2.129701 -0.229468 2.885330 0.529135 0.589697 2.789026 0.349093 11.018728 -0.510452 -0.407283 -0.397152 3.658203
1 inf -8.457255 -0.699377 -0.385328 -1.957469 -1.641274 2.126202 -0.242165 2.896432 0.494475 0.598008 2.764507 0.344248 11.022869 -0.508952 -0.416709 -0.400936 3.685513
1 inf -8.461327 -0.690515 -0.398175 -1.953281 -1.624548 2.160564 -0.215286 2.876845 0.484427 0.639946 2.728210 0.328721 11.012135 -0.515547 -0.413776 -0.433473 3.671971
1 inf -8.465243 -0.699047 -0.416338 -1.934219 -1.563786 2.176917 -0.216747 2.892805 0.469435 0.631557 2.752341 0.308768 11.006284 -0.512223 -0.385810 -0.429068 3.683753
1 inf -8.462367 -0.705551 -0.427296 -1.959097 -1.585320 2.181724 -0.201293 2.891387 0.434538 0.643983 2.782259 0.315284 10.996347 -0.502945 -0.391228 -0.411545 3.712834
1 inf -8.448721 -0.713225 -0.402563 -1.984455 -1.556741 2.203932 -0.225633 2.884861 0.415098 0.616295 2.785766 0.362362 11.010970 -0.515246 -0.395667 -0.427215 3.704786
1 inf -8.431181 -0.713020 -0.409634 -1.984945 -1.553850 2.225801 -0.216460 2.889253 0.434024 0.605879 2.797461 0.365540 11.042602 -0.479094 -0.391627 -0.451546 3.711625
1 inf -8.419205 -0.677463 -0.360921 -1.929395 -1.569964 2.245716 -0.219115 2.862668 0.454336 0.599951 2.773878 0.333614 11.067173 -0.473304 -0.418186 -0.469251 3.685476
1 inf -8.432421 -0.662922 -0.345305 -1.969623 -1.531309 2.254848 -0.213604 2.847687 0.439663 0.616309 2.771642 0.305975 11.078780 -0.489186 -0.393452 -0.459293 3.681716
1 inf -8.415684 -0.642390 -0.357203 -1.961528 -1.493008 2.236797 -0.210158 2.851760 0.454291 0.604632 2.774792 0.300842 11.084443 -0.466061 -0.404401 -0.495771 3.685441
1 inf -8.385195 -0.638737 -0.324896 -1.932236 -1.500950 2.223952 -0.225720 2.836114 0.441864 0.610573 2.782325 0.321246 11.091871 -0.503386 -0.373612 -0.491679 3.677317
1 inf -8.361530 -0.667645 -0.375852 -1.913427 -1.525951 2.207993 -0.259372 2.831643 0.444202 0.614812 2.763472 0.322124 11.097383 -0.470039 -0.349328 -0.500185 3.656813
1 inf -8.367735 -0.683809 -0.393261 -1.909217 -1.527822 2.248613 -0.235122 2.827437 0.418438 0.619085 2.760024 0.300461 11.147693 -0.447505 -0.344633 -0.514959 3.609802
1 inf -8.338469 -0.662939 -0.374448 -1.948600 -1.543116 2.257500 -0.193369 2.850507 0.410174 0.588400 2.753457 0.268573 11.123000 -0.473071 -0.338116 -0.513982 3.616574
1 inf -8.304028 -0.660585 -0.384382 -2.005796 -1.572802 2.273200 -0.152302 2.848256 0.417473 0.568493 2.722849 0.256556 11.089653 -0.468101 -0.323744 -0.498083 3.631789
1 inf -8.294377 -0.646801 -0.364765 -2.030880 -1.539179 2.273658 -0.149918 2.831361 0.404808 0.544245 2.721995 0.254071 11.103041 -0.450677 -0.257473 -0.549642 3.634495
1 inf -8.287054 -0.682620 -0.349240 -2.023717 -1.516241 2.284068 -0.192395 2.864011 0.411671 0.554504 2.715073 0.244333 11.090376 -0.424709 -0.247554 -0.590563 3.629437
1 inf -8.285725 -0.691064 -0.350723 -2.033915 -1.557670 2.284355 -0.211452 2.871914 0.394447 0.574339 2.707779 0.222694 11.105409 -0.467865 -0.261530 -0.580308 3.636258
1 inf -8.277013 -0.689708 -0.348696 -2.047383 -1.545894 2.287747 -0.192132 2.851631 0.359347 0.558336 2.692158 0.228896 11.119259 -0.479183 -0.271722 -0.575458 3.607008
1 inf -8.312159 -0.711784 -0.370716 -2.073070 -1.571957 2.319168 -0.178878 2.843175 0.312774 0.571186 2.715428 0.246210 11.132999 -0.493418 -0.244809 -0.596075 3.619483
1 inf -8.342826 -0.704507 -0.393156 -2.067627 -1.564864 2.298452 -0.157714 2.838294 0.319186 0.621881 2.691913 0.283852 11.166316 -0.484706 -0.217028 -0.560024 3.629365
1 inf -8.321760 -0.729790 -0.390134 -2.052507 -1.583602 2.321915 -0.169683 2.860460 0.304688 0.603927 2.682039 0.275430 11.162443 -0.482865 -0.225779 -0.571711 3.604144
1 inf -8.287706 -0.709861 -0.402877 -2.037314 -1.607984 2.303104 -0.156948 2.854165 0.291975 0.602159 2.694732 0.262256 11.184333 -0.492856 -0.254402 -0.547092 3.566511
1 inf -8.306213 -0.709358 -0.409303 -2.060690 -1.640243 2.311879 -0.177747 2.828951 0.280074 0.612209 2.684313 0.253032 11.180086 -0.498053 -0.258337 -0.575090 3.545752
1 inf -8.348497 -0.726787 -0.431417 -2.041566 -1.606269 2.312717 -0.197276 2.846235 0.259393 0.613996 2.672558 0.221548 11.181236 -0.515979 -0.252415 -0.574634 3.567902
1 inf -8.341277 -0.758111 -0.454573 -2.032944 -1.629290 2.342199 -0.203101 2.878317 0.243773 0.646176 2.700370 0.215138 11.156862 -0.498296 -0.232039 -0.615630 3.540072
1 inf -8.340191 -0.742542 -0.423815 -2.041559 -1.625769 2.332021 -0.206140 2.883684 0.266454 0.618847 2.722490 0.231257 11.145336 -0.483609 -0.195927 -0.603062 3.529645
1 inf -8.341846 -0.779231 -0.430554 -2.047688 -1.613811 2.333043 -0.202316 2.854097 0.260615 0.613741 2.750380 0.238384 11.121674 -0.504246 -0.225566 -0.574870 3.560654
1 inf -8.347907 -0.766603 -0.433902 -2.067552 -1.571083 2.353210 -0.189820 2.854373 0.261631 0.643286 2.752504 0.220626 11.126297 -0.476276 -0.192747 -0.582871 3.547303
1 inf -8.345012 -0.819798 -0.428507 -2.022966 -1.585069 2.367235 -0.157065 2.811015 0.241613 0.656459 2.760224 0.169286 11.125454 -0.488285 -0.194646 -0.587056 3.584413
1 inf -8.356203 -0.838382 -0.406135 -2.023553 -1.599586 2.381984 -0.192586 2.829009 0.241227 0.669997 2.779967 0.145216 11.149060 -0.476807 -0.234091 -0.581073 3.588245
1 inf -8.379737 -0.843409 -0.348908 -2.006656 -1.601538 2.384055 -0.199904 2.831972 0.243974 0.697818 2.761964 0.153875 11.138718 -0.485730 -0.215860 -0.545854 3.589582
1 inf -8.416103 -0.840607 -0.355040 -1.993914 -1.571440 2.376171 -0.146490 2.855604 0.195221 0.688114 2.786716 0.168831 11.129002 -0.505813 -0.198736 -0.547086 3.559826
1 inf -8.430852 -0.828550 -0.349788 -1.988908 -1.593255 2.347329 -0.153815 2.905072 0.149249 0.718032 2.751251 0.144586 11.153416 -0.517158 -0.196896 -0.556659 3.556202
1 inf -8.462810 -0.802098 -0.312012 -1.982944 -1.573603 2.360172 -0.097523 2.894721 0.181198 0.731442 2.744211 0.157890 11.159601 -0.532365 -0.175415 -0.584550 3.553956
1 inf -8.464939 -0.827064 -0.335275 -1.977966 -1.576443 2.338068 -0.129269 2.896114 0.173210 0.699136 2.757338 0.168611 11.179585 -0.489760 -0.164097 -0.580959 3.561848
1 inf -8.487159 -0.813567 -0.362357 -2.030712 -1.573005 2.383139 -0.130362 2.853403 0.157957 0.664720 2.776513 0.145843 11.159615 -0.496297 -0.132609 -0.555298 3.531767
1 inf -8.501121 -0.878905 -0.332873 -2.015292 -1.558541 2.382871 -0.121429 2.886922 0.156575 0.685283 2.755712 0.167258 11.143115 -0.516442 -0.098401 -0.560505 3.543017
1 inf -8.483581 -0.878700 -0.339944 -2.015782 -1.555650 2.404740 -0.112256 2.891314 0.175501 0.674867 2.767407 0.170436 11.174747 -0.480290 -0.094361 -0.584836 3.549856
1 inf -8.484287 -0.914935 -0.316545 -1.989024 -1.581802 2.384931 -0.105455 2.917667 0.146271 0.682146 2.748830 0.189292 11.143036 -0.440403 -0.088405 -0.579720 3.559079
1 inf -8.442365 -0.891609 -0.317519 -1.993957 -1.579094 2.407925 -0.122093 2.904722 0.161179 0.702742 2.749259 0.170889 11.161553 -0.441489 -0.088228 -0.566914 3.584994
1 inf -8.485224 -0.917420 -0.373396 -2.014727 -1.568643 2.404834 -0.119483 2.924610 0.167085 0.681711 2.730202 0.135224 11.139896 -0.448696 -0.078946 -0.561546 3.606441
1 inf -8.489884 -0.946518 -0.377004 -2.041189 -1.557172 2.379364 -0.121290 2.897841 0.166985 0.693517 2.750215 0.161738 11.132732 -0.435044 -0.095260 -0.590782 3.645231
1 inf -8.529174 -0.923178 -0.352661 -2.064747 -1.579527 2.377848 -0.098419 2.955137 0.178221 0.668435 2.728216 0.182090 11.158858 -0.451226 -0.119970 -0.589778 3.630993
1 inf -8.527141 -0.941389 -0.316804 -2.094202 -1.638176 2.373387 -0.056180 2.950290 0.210287 0.669505 2.733563 0.216499 11.161409 -0.444544 -0.133157 -0.591525 3.614349
1 inf -8.534237 -0.957599 -0.350944 -2.123790 -1.606684 2.381830 -0.072439 2.906007 0.216661 0.676475 2.726554 0.175250 11.147273 -0.430183 -0.151742 -0.636445 3.675316
1 inf -8.514932 -0.901227 -0.351761 -2.121149 -1.628517 2.381502 -0.098007 2.878570 0.257579 0.647721 2.721070 0.151064 11.116001 -0.408571 -0.134877 -0.656727 3.642203
1 inf -8.499723 -0.895023 -0.353006 -2.174491 -1.650285 2.381436 -0.078086 2.872486 0.294552 0.638241 2.738846 0.151937 11.105673 -0.452903 -0.109167 -0.657079 3.657056
1 inf -8.508146 -0.857056 -0.377760 -2.181000 -1.624860 2.405920 -0.101667 2.863670 0.334626 0.651935 2.727665 0.147473 11.123641 -0.461605 -0.111732 -0.664806 3.646229
1 inf -8.490938 -0.833711 -0.355516 -2.187203 -1.628098 2.383662 -0.104258 2.826298 0.355244 0.679341 2.707073 0.126977 11.119933 -0.460291 -0.129261 -0.711724 3.615098
1 inf -8.507312 -0.850312 -0.383362 -2.150988 -1.629821 2.367586 -0.045669 2.814180 0.353492 0.712073 2.686297 0.169369 11.081556 -0.475616 -0.110506 -0.740931 3.624668
1 inf -8.497333 -0.872963 -0.418505 -2.148132 -1.653462 2.351538 -0.011780 2.780589 0.337037 0.679226 2.676824 0.165469 11.090254 -0.459529 -0.057482 -0.749285 3.636978
1 inf -8.506754 -0.870642 -0.411158 -2.094276 -1.651119 2.408513 0.003298 2.781949 0.359890 0.680268 2.669356 0.180628 11.097971 -0.443584 -0.115473 -0.740196 3.646909
1 inf -8.514829 -0.894421 -0.362644 -2.099991 -1.643181 2.387144 -0.004930 2.730560 0.370085 0.679135 2.672275 0.207365 11.111876 -0.429983 -0.101634 -0.692756 3.616716
1 inf -8.493833 -0.887805 -0.328066 -2.104982 -1.636816 2.352263 -0.045038 2.726413 0.366434 0.685127 2.626312 0.245825 11.091105 -0.448014 -0.062337 -0.706109 3.617221
1 inf -8.480939 -0.884456 -0.325109 -2.101876 -1.633057 2.373909 -0.068747 2.758504 0.354429 0.688899 2.600923 0.277369 11.133851 -0.422833 -0.017752 -0.723305 3.610762
1 inf -8.502294 -0.872224 -0.314075 -2.112593 -1.623799 2.370825 -0.090045 2.729537 0.379233 0.704574 2.579945 0.304576 11.122903 -0.417428 -0.025094 -0.701295 3.584617
1 inf -8.468577 -0.863461 -0.292303 -2.108065 -1.629614 2.363843 -0.135090 2.736328 0.390719 0.717934 2.540481 0.312523 11.100065 -0.446685 -0.026795 -0.703417 3.554611
1 inf -8.484567 -0.867252 -0.294280 -2.090468 -1.652471 2.320536 -0.131165 2.766509 0.403373 0.711803 2.542137 0.320828 11.111952 -0.429492 -0.009483 -0.704966 3.518969
1 inf -8.485477 -0.851471 -0.302715 -2.081994 -1.642489 2.337179 -0.140631 2.765629 0.429041 0.753949 2.527581 0.298415 11.124798 -0.429904 -0.008087 -0.675886 3.488220
1 inf -8.482196 -0.803259 -0.282575 -2.058035 -1.682765 2.336369 -0.147625 2.774868 0.395480 0.760805 2.548187 0.328580 11.145618 -0.458818 -0.049524 -0.668272 3.500725
1 inf -8.524537 -0.810795 -0.285580 -2.065587 -1.675165 2.349145 -0.140527 2.809233 0.387502 0.791478 2.580973 0.315598 11.144965 -0.492322 -0.042127 -0.694834 3.515804
1 inf -8.508111 -0.801936 -0.276548 -2.081505 -1.634774 2.364810 -0.153639 2.824031 0.390120 0.797902 2.609228 0.330769 11.150799 -0.515318 -0.022932 -0.680252 3.522686
1 inf -8.491782 -0.809617 -0.302974 -2.090932 -1.654250 2.380381 -0.187365 2.778743 0.382835 0.743032 2.622857 0.315340 11.117732 -0.525781 -0.039364 -0.686447 3.502833
1 inf -8.454884 -0.824158 -0.324528 -2.113667 -1.640473 2.376164 -0.224994 2.780171 0.354077 0.767844 2.653993 0.313933 11.091585 -0.498848 -0.026859 -0.670802 3.523865
1 inf -8.426494 -0.787606 -0.313721 -2.094602 -1.631669 2.336155 -0.229000 2.772858 0.385686 0.803554 2.622864 0.307675 11.098304 -0.468528 -0.041450 -0.714209 3.536789
1 inf -8.464870 -0.803256 -0.312129 -2.080639 -1.643505 2.340474 -0.209645 2.795713 0.403199 0.813823 2.598765 0.312161 11.067344 -0.478592 -0.031398 -0.741157 3.515279
1 inf -8.476091 -0.784204 -0.320237 -2.098767 -1.661185 2.310500 -0.199803 2.820316 0.391797 0.843331 2.605675 0.294192 11.100503 -0.500185 -0.026153 -0.777781 3.541647
1 inf -8.455689 -0.777004 -0.310023 -2.113494 -1.664300 2.315907 -0.202052 2.808177 0.414339 0.902212 2.579866 0.288139 11.112392 -0.478449 -0.014472 -0.758358 3.548958
1 inf -8.479476 -0.762522 -0.328384 -2.082019 -1.639208 2.326369 -0.233769 2.770827 0.412951 0.884094 2.513216 0.291233 11.162206 -0.465470 -0.031882 -0.760439 3.538631
1 inf -8.461936 -0.762317 -0.335455 -2.082509 -1.636317 2.348238 -0.224596 2.775219 0.431877 0.873678 2.524911 0.294411 11.193838 -0.429318 -0.027842 -0.784770 3.545470
1 inf -8.498676 -0.761717 -0.320226 -2.123422 -1.616717 2.333168 -0.190763 2.798994 0.412481 0.885313 2.524817 0.309771 11.194134 -0.423868 -0.021307 -0.775450 3.524504
1 inf -8.494409 -0.740809 -0.338975 -2.146050 -1.618816 2.331363 -0.168526 2.790038 0.367462 0.915230 2.531755 0.324987 11.185457 -0.419409 -0.022605 -0.791392 3.516087
1 inf -8.481892 -0.746934 -0.298804 -2.170913 -1.628923 2.333051 -0.156341 2.751176 0.385299 0.937833 2.542116 0.314155 11.192967 -0.433950 -0.009019 -0.790176 3.503841
1 inf -8.524832 -0.718852 -0.335755 -2.196147 -1.598782 2.288413 -0.156063 2.723857 0.359868 0.944951 2.518294 0.330386 11.213815 -0.406191 -0.016620 -0.801939 3.498159
1 inf -8.527754 -0.730752 -0.318542 -2.164681 -1.606619 2.286437 -0.161085 2.724750 0.373541 0.935049 2.546795 0.361656 11.210522 -0.379299 -0.014414 -0.809504 3.493910
1 inf -8.523026 -0.757283 -0.289915 -2.183814 -1.597471 2.287574 -0.137025 2.715455 0.359242 0.927557 2.501744 0.378734 11.226957 -0.352692 -0.011630 -0.810590 3.502448
1 inf -8.524269 -0.742738 -0.338869 -2.187784 -1.610309 2.253448 -0.136407 2.652369 0.356478 0.914605 2.485133 0.390327 11.212414 -0.315463 -0.000688 -0.804417 3.509640
