1 inf -9.357782 -0.712507 -0.348588 -2.324338 -1.405574 3.087149 0.165670 2.441457 0.473621 0.498965 2.927055 0.060640 9.721599 -0.672353 -0.849349 -0.310770 3.127123
1 inf -9.341952 -0.736940 -0.357582 -2.325680 -1.426934 3.092603 0.172547 2.425246 0.446735 0.485063 2.907018 0.090254 9.775557 -0.673466 -0.881320 -0.331976 3.129176
1 inf -9.328378 -0.760815 -0.344773 -2.362202 -1.458979 3.094337 0.166127 2.432599 0.426199 0.500432 2.876704 0.084224 9.746517 -0.664997 -0.880575 -0.325419 3.143443
1 inf -9.318261 -0.735564 -0.347846 -2.334238 -1.458383 3.060980 0.181113 2.406768 0.398824 0.471891 2.839544 0.054646 9.734782 -0.660925 -0.875965 -0.354726 3.150128
1 inf -9.323467 -0.742512 -0.334762 -2.353928 -1.457408 3.049482 0.204306 2.394929 0.401979 0.510305 2.811833 0.043861 9.740547 -0.672775 -0.841811 -0.383018 3.172128
1 inf -9.307337 -0.725704 -0.338599 -2.363930 -1.454470 3.074216 0.221914 2.409033 0.379647 0.504282 2.805897 0.043953 9.758686 -0.699910 -0.826610 -0.399442 3.122174
1 inf -9.309844 -0.729041 -0.331785 -2.373081 -1.470420 3.064126 0.251793 2.394825 0.407336 0.526564 2.813248 0.047660 9.755898 -0.681680 -0.809157 -0.418019 3.108495
1 inf -9.336091 -0.739338 -0.308172 -2.371724 -1.494490 3.080377 0.268156 2.406089 0.409842 0.533773 2.826136 0.049472 9.724414 -0.723422 -0.816045 -0.399050 3.093908
1 inf -9.356931 -0.720250 -0.324904 -2.371663 -1.500029 3.097475 0.254353 2.440022 0.381571 0.522534 2.843454 0.040489 9.710960 -0.762040 -0.786908 -0.399120 3.144588
1 inf -9.345235 -0.718111 -0.296649 -2.360747 -1.530243 3.121493 0.290564 2.447228 0.333764 0.539984 2.868639 0.029958 9.713338 -0.791831 -0.785424 -0.393048 3.143679
1 inf -9.352417 -0.726773 -0.268331 -2.353045 -1.576702 3.098759 0.309262 2.436523 0.329674 0.498681 2.880058 0.057363 9.689166 -0.830968 -0.772861 -0.357528 3.197378
1 inf -9.366118 -0.745022 -0.233472 -2.342737 -1.570983 3.096038 0.311216 2.429257 0.345126 0.488430 2.851648 0.085402 9.658529 -0.823632 -0.758398 -0.347246 3.190733
1 inf -9.386422 -0.735654 -0.234433 -2.341756 -1.571284 3.040311 0.289622 2.432228 0.318236 0.501368 2.858245 0.062897 9.638325 -0.813224 -0.782894 -0.343737 3.206742
1 inf -9.379087 -0.724076 -0.193335 -2.337856 -1.599597 3.066657 0.275826 2.403460 0.348858 0.504046 2.852533 0.091551 9.607211 -0.819628 -0.776859 -0.337970 3.197434
1 inf -9.366356 -0.716801 -0.182443 -2.317776 -1.596515 3.064993 0.279514 2.381710 0.364877 0.493051 2.860315 0.088623 9.611896 -0.828930 -0.752231 -0.379567 3.202332
1 inf -9.333068 -0.714558 -0.220490 -2.309172 -1.613545 3.070537 0.249262 2.376045 0.380630 0.526548 2.841036 0.111162 9.623360 -0.789561 -0.784320 -0.372006 3.216243
1 inf -9.301302 -0.680842 -0.217517 -2.281640 -1.613611 3.054544 0.250706 2.306420 0.440843 0.525824 2.847567 0.097788 9.624525 -0.803702 -0.757759 -0.362066 3.212380
1 inf -9.290302 -0.687700 -0.199274 -2.255011 -1.641622 3.022155 0.278502 2.332414 0.435345 0.535985 2.845406 0.088483 9.659186 -0.813526 -0.758855 -0.351701 3.207144
1 inf -9.280835 -0.688898 -0.198572 -2.235403 -1.631200 3.001387 0.250288 2.309109 0.438032 0.523886 2.872231 0.131143 9.639189 -0.784691 -0.750405 -0.331392 3.200583
1 inf -9.295721 -0.663661 -0.181989 -2.180958 -1.608226 2.999784 0.238542 2.323454 0.459766 0.512836 2.842391 0.135599 9.618645 -0.756822 -0.720804 -0.303009 3.197232
1 inf -9.304962 -0.639101 -0.178012 -2.170774 -1.557263 2.983435 0.232041 2.352206 0.425133 0.509164 2.828098 0.108470 9.646349 -0.748750 -0.708061 -0.267210 3.161939
1 inf -9.356216 -0.640060 -0.173668 -2.175324 -1.548647 2.953431 0.252775 2.372286 0.448937 0.532735 2.856844 0.100436 9.668421 -0.756832 -0.695524 -0.241284 3.160514
1 inf -9.335461 -0.619872 -0.172490 -2.195989 -1.549137 2.946173 0.255818 2.403167 0.430277 0.506852 2.865859 0.130910 9.688073 -0.702272 -0.698001 -0.242740 3.203138
1 inf -9.336559 -0.671222 -0.163580 -2.190332 -1.555117 2.932594 0.250094 2.357342 0.406449 0.499754 2.863578 0.127449 9.637077 -0.711303 -0.749657 -0.256430 3.211839
1 inf -9.341809 -0.675245 -0.188721 -2.172282 -1.560710 2.908784 0.254405 2.395874 0.407687 0.511965 2.866842 0.115236 9.631066 -0.717806 -0.780145 -0.263891 3.181677
1 inf -9.365508 -0.659660 -0.199237 -2.171281 -1.561907 2.919520 0.273935 2.386547 0.412572 0.466213 2.856277 0.120489 9.652618 -0.690258 -0.801106 -0.240054 3.191664
1 inf -9.344349 -0.637884 -0.213584 -2.184577 -1.556263 2.967424 0.273669 2.383070 0.393973 0.456617 2.865434 0.115086 9.662114 -0.701244 -0.795511 -0.250375 3.177447
1 inf -9.340997 -0.666822 -0.237846 -2.210243 -1.548275 2.959226 0.288256 2.403519 0.435692 0.447263 2.882282 0.122869 9.639036 -0.698284 -0.790221 -0.234030 3.161312
1 inf -9.338938 -0.682736 -0.230328 -2.229446 -1.535209 2.958735 0.270386 2.386248 0.451188 0.464307 2.873672 0.151044 9.607616 -0.662141 -0.785552 -0.203781 3.164602
1 inf -9.349243 -0.682333 -0.204634 -2.246106 -1.514790 2.962634 0.263500 2.399539 0.453806 0.410724 2.900628 0.144093 9.611052 -0.689164 -0.769809 -0.191303 3.156493
1 inf -9.310540 -0.657400 -0.238717 -2.224787 -1.524892 2.990127 0.227719 2.425277 0.478850 0.415173 2.884858 0.115443 9.603644 -0.697081 -0.774213 -0.135788 3.175193
1 inf -9.270796 -0.643863 -0.246062 -2.222999 -1.505026 3.017416 0.192871 2.422119 0.484596 0.403459 2.866470 0.059752 9.625342 -0.711407 -0.762941 -0.099086 3.147680
1 inf -9.308792 -0.623646 -0.243169 -2.224204 -1.496672 3.066602 0.214144 2.420431 0.469521 0.399754 2.881810 0.060212 9.617346 -0.716291 -0.782999 -0.095925 3.167508
1 inf -9.325998 -0.661842 -0.240532 -2.224034 -1.477773 3.076405 0.203055 2.423249 0.499310 0.422684 2.883015 0.064557 9.624856 -0.716854 -0.773733 -0.132856 3.169848
1 inf -9.365574 -0.684603 -0.262752 -2.177879 -1.496640 3.055223 0.212408 2.429755 0.511197 0.393900 2.910879 0.038870 9.653438 -0.668898 -0.790867 -0.109690 3.220515
1 inf -9.380570 -0.690960 -0.320970 -2.161886 -1.479903 3.048114 0.215856 2.411761 0.510363 0.391345 2.906965 0.011403 9.630894 -0.681171 -0.772146 -0.115981 3.235155
1 inf -9.355411 -0.681795 -0.316631 -2.159971 -1.446842 3.050033 0.236173 2.393444 0.509679 0.374864 2.900728 -0.005256 9.618639 -0.686157 -0.770683 -0.131359 3.232136
1 inf -9.296660 -0.666936 -0.258190 -2.161507 -1.440948 3.028686 0.255082 2.362715 0.509755 0.403650 2.926702 -0.010394 9.642268 -0.676832 -0.780365 -0.141185 3.234421
1 inf -9.358547 -0.682163 -0.306880 -2.164433 -1.446451 3.034591 0.248638 2.382755 0.484716 0.386908 2.966843 -0.017740 9.618332 -0.693610 -0.785756 -0.128938 3.243745
1 inf -9.348670 -0.654496 -0.288789 -2.193801 -1.423767 3.017057 0.229363 2.355647 0.504434 0.384656 2.951701 -0.049260 9.620842 -0.648705 -0.779478 -0.167296 3.262314
1 inf -9.344337 -0.627395 -0.297112 -2.182074 -1.373528 3.018265 0.251679 2.338059 0.475379 0.376751 2.929232 -0.062951 9.626470 -0.670844 -0.776982 -0.135687 3.278935
1 inf -9.370975 -0.604652 -0.334345 -2.171186 -1.416211 2.994830 0.267117 2.368002 0.477805 0.415765 2.905865 -0.049518 9.614535 -0.677878 -0.794579 -0.131462 3.287565
1 inf -9.372247 -0.565372 -0.303709 -2.172623 -1.391193 2.974045 0.204015 2.382842 0.507804 0.393933 2.919668 -0.036320 9.594472 -0.697127 -0.800444 -0.153728 3.303326
1 inf -9.350753 -0.579027 -0.307878 -2.131744 -1.388484 2.964458 0.208130 2.360628 0.490773 0.389716 2.922697 -0.030021 9.567537 -0.660494 -0.794046 -0.106436 3.313639
1 inf -9.351731 -0.602443 -0.323194 -2.141087 -1.355745 2.966223 0.206960 2.396315 0.511135 0.356746 2.918052 -0.043753 9.555690 -0.695675 -0.788302 -0.097267 3.314099
1 inf -9.364204 -0.596885 -0.328159 -2.150344 -1.367640 2.977805 0.200806 2.402449 0.526929 0.346576 2.927842 -0.036678 9.539712 -0.693239 -0.793588 -0.118545 3.279422
1 inf -9.359510 -0.606360 -0.347181 -2.195581 -1.384689 2.998115 0.200711 2.376293 0.528701 0.323051 2.906062 0.010558 9.540890 -0.653812 -0.820473 -0.109727 3.264279
1 inf -9.418739 -0.621388 -0.362467 -2.197097 -1.359524 3.016621 0.237650 2.391842 0.543346 0.292105 2.890854 0.017819 9.536182 -0.670155 -0.859747 -0.111542 3.251922
1 inf -9.464898 -0.610964 -0.381778 -2.195174 -1.367425 3.036306 0.245497 2.414833 0.543986 0.256433 2.906489 0.072587 9.558131 -0.674038 -0.911082 -0.156426 3.264151
1 inf -9.425357 -0.603875 -0.372679 -2.178353 -1.329216 3.027518 0.278176 2.417286 0.544327 0.233328 2.906847 0.036200 9.570140 -0.659192 -0.911077 -0.134996 3.274421
1 inf -9.460555 -0.579978 -0.384471 -2.151186 -1.330055 3.010138 0.250903 2.469172 0.526091 0.233695 2.900306 0.040562 9.545222 -0.654979 -0.869558 -0.153656 3.279861
1 inf -9.488636 -0.537244 -0.364372 -2.177974 -1.329543 3.038367 0.249345 2.457534 0.533066 0.225040 2.880254 0.040834 9.534041 -0.636752 -0.889378 -0.150557 3.269103
1 inf -9.485284 -0.566182 -0.388634 -2.203640 -1.321555 3.030169 0.263932 2.477983 0.574785 0.215686 2.897102 0.048617 9.510963 -0.633792 -0.884088 -0.134212 3.252968
1 inf -9.462717 -0.523610 -0.375470 -2.209342 -1.316546 3.026775 0.228960 2.493057 0.579390 0.248975 2.922596 0.043004 9.476612 -0.665328 -0.890531 -0.162931 3.256067
1 inf -9.475405 -0.550993 -0.374306 -2.228351 -1.313150 3.015723 0.202409 2.513655 0.576554 0.246173 2.927217 0.037656 9.464253 -0.605076 -0.899902 -0.165206 3.253559
1 inf -9.494475 -0.573520 -0.397940 -2.243532 -1.316398 3.010915 0.220522 2.471881 0.618035 0.226785 2.926710 0.008375 9.448075 -0.595107 -0.926134 -0.185004 3.260146
1 inf -9.526426 -0.593178 -0.420947 -2.279723 -1.330328 3.041068 0.211421 2.460407 0.602103 0.210395 2.894265 0.005357 9.456400 -0.603884 -0.917928 -0.164120 3.265321
1 inf -9.522008 -0.588072 -0.406130 -2.294881 -1.300677 3.031154 0.220975 2.463910 0.614165 0.200786 2.893621 -0.028682 9.446920 -0.598298 -0.867837 -0.173463 3.286032
1 inf -9.509462 -0.568330 -0.438657 -2.294882 -1.282693 3.058616 0.227567 2.474211 0.599424 0.188427 2.912488 -0.020168 9.413394 -0.588682 -0.871666 -0.181858 3.274082
1 inf -9.512254 -0.582429 -0.440822 -2.277475 -1.292170 3.066757 0.247546 2.457349 0.604565 0.209220 2.898444 -0.019601 9.416413 -0.611523 -0.878884 -0.197270 3.294902
1 inf -9.488727 -0.576903 -0.439243 -2.294411 -1.335525 3.096797 0.240113 2.463777 0.580330 0.195117 2.916923 -0.001546 9.393629 -0.633591 -0.857013 -0.201402 3.298547
1 inf -9.516079 -0.615931 -0.454483 -2.284550 -1.361038 3.097552 0.241893 2.462797 0.608144 0.169662 2.942638 0.002814 9.394389 -0.614678 -0.876481 -0.198767 3.322141
1 inf -9.515501 -0.619959 -0.455037 -2.277002 -1.375333 3.129795 0.208856 2.480541 0.600647 0.171230 2.947820 0.032299 9.396310 -0.578360 -0.874118 -0.159663 3.321637
1 inf -9.506198 -0.625402 -0.520458 -2.274167 -1.365007 3.189407 0.189458 2.491243 0.613962 0.184544 2.942409 0.053461 9.373275 -0.634801 -0.888219 -0.153361 3.333958
1 inf -9.503601 -0.665757 -0.519260 -2.265114 -1.340723 3.162621 0.180767 2.505922 0.593460 0.161274 2.950549 0.048955 9.350141 -0.666432 -0.862618 -0.146976 3.386244
1 inf -9.524580 -0.704404 -0.504323 -2.285475 -1.340499 3.151432 0.173608 2.467318 0.596013 0.118209 2.920600 0.059539 9.383290 -0.597305 -0.859341 -0.139809 3.346244
1 inf -9.565051 -0.682836 -0.488407 -2.300029 -1.382171 3.141252 0.154372 2.479965 0.586854 0.132817 2.884151 0.051821 9.357106 -0.636759 -0.866619 -0.165891 3.321679
1 inf -9.554195 -0.688263 -0.481496 -2.306240 -1.406169 3.145155 0.120593 2.450583 0.612412 0.136463 2.899480 0.062506 9.358091 -0.607424 -0.848468 -0.166025 3.336062
1 inf -9.552762 -0.709904 -0.457735 -2.291351 -1.403162 3.140146 0.122014 2.452493 0.622855 0.109306 2.904913 0.087574 9.355951 -0.580562 -0.835519 -0.180094 3.359880
1 inf -9.547270 -0.712125 -0.489785 -2.280219 -1.396484 3.170118 0.142851 2.427929 0.615596 0.093316 2.915005 0.096661 9.337321 -0.540227 -0.823109 -0.168479 3.374110
1 inf -9.506277 -0.744206 -0.506144 -2.299617 -1.418042 3.177979 0.143931 2.454136 0.603062 0.107465 2.929289 0.084679 9.308051 -0.562795 -0.850601 -0.200697 3.358944
1 inf -9.502961 -0.695369 -0.513061 -2.208517 -1.412065 3.191741 0.167714 2.469455 0.605551 0.137412 2.923544 0.104145 9.325600 -0.551307 -0.854448 -0.166927 3.379340
1 inf -9.499196 -0.723231 -0.545141 -2.222317 -1.408684 3.200146 0.197805 2.484953 0.598526 0.142507 2.937417 0.123749 9.334904 -0.538290 -0.865446 -0.155582 3.384042
1 inf -9.483440 -0.757141 -0.593721 -2.283333 -1.355919 3.206018 0.198642 2.457736 0.615421 0.148295 2.973456 0.097770 9.319641 -0.525098 -0.866367 -0.167075 3.391322
1 inf -9.476485 -0.743683 -0.582937 -2.247349 -1.389874 3.193846 0.205197 2.473836 0.606633 0.154281 2.974386 0.080584 9.297448 -0.513072 -0.881560 -0.172421 3.396361
1 inf -9.514883 -0.735608 -0.572305 -2.261573 -1.391716 3.238730 0.172793 2.472584 0.640848 0.181464 2.996960 0.090229 9.316093 -0.513709 -0.850579 -0.163148 3.415848
1 inf -9.497332 -0.768366 -0.551254 -2.242261 -1.391993 3.231915 0.200085 2.502377 0.638806 0.185536 2.976185 0.102303 9.328123 -0.523631 -0.842875 -0.168535 3.406559
1 inf -9.493980 -0.797304 -0.575516 -2.267927 -1.384005 3.223717 0.214672 2.522826 0.680525 0.176182 2.993033 0.110086 9.305045 -0.520671 -0.837585 -0.152190 3.390424
1 inf -9.490634 -0.752418 -0.580715 -2.275308 -1.355254 3.237135 0.204334 2.544976 0.692222 0.153384 2.948437 0.088662 9.336114 -0.487017 -0.831017 -0.152695 3.416983
1 inf -9.524130 -0.760006 -0.569361 -2.292567 -1.324217 3.255335 0.213754 2.530890 0.664238 0.142009 2.965046 0.130256 9.359289 -0.464868 -0.804783 -0.153097 3.400925
1 inf -9.566286 -0.779216 -0.598677 -2.317348 -1.314417 3.266623 0.203279 2.543508 0.665358 0.121680 2.948512 0.113584 9.328268 -0.469214 -0.817767 -0.121285 3.407656
1 inf -9.564311 -0.783486 -0.605943 -2.339513 -1.322895 3.262747 0.196419 2.511497 0.635045 0.129071 2.912523 0.106742 9.328760 -0.477715 -0.796284 -0.116458 3.359099
1 inf -9.554475 -0.772699 -0.613645 -2.349727 -1.380781 3.248249 0.197708 2.481896 0.675007 0.141790 2.910789 0.109108 9.334642 -0.472029 -0.813167 -0.107309 3.384599
1 inf -9.573867 -0.779809 -0.648764 -2.340816 -1.365917 3.248427 0.196169 2.487089 0.643155 0.140844 2.948528 0.106545 9.345590 -0.452567 -0.812303 -0.092540 3.382075
1 inf -9.551763 -0.816770 -0.687567 -2.336419 -1.391027 3.256521 0.139968 2.507523 0.651076 0.118361 2.943842 0.085428 9.330159 -0.456610 -0.863677 -0.107900 3.357384
1 inf -9.528501 -0.812593 -0.687617 -2.371538 -1.385460 3.248655 0.133089 2.494767 0.637770 0.154878 2.957579 0.072607 9.377884 -0.441453 -0.838354 -0.070118 3.343406
1 inf -9.536851 -0.803303 -0.656908 -2.335715 -1.413177 3.245234 0.111750 2.496602 0.620723 0.203928 2.956123 0.069557 9.369116 -0.412525 -0.868465 -0.085996 3.331511
1 inf -9.510617 -0.821336 -0.678855 -2.353039 -1.464643 3.256637 0.101216 2.522424 0.634514 0.204472 2.941128 0.088038 9.404488 -0.384413 -0.878586 -0.073515 3.371414
1 inf -9.531172 -0.824887 -0.664716 -2.340504 -1.434348 3.249687 0.043705 2.523034 0.642850 0.208480 2.941626 0.082760 9.405394 -0.376392 -0.873724 -0.059603 3.366413
1 inf -9.530595 -0.821573 -0.650723 -2.353665 -1.401633 3.258152 0.049698 2.545669 0.631691 0.236630 2.922756 0.080386 9.401048 -0.364518 -0.886947 -0.072386 3.396632
1 inf -9.540911 -0.810938 -0.657442 -2.339685 -1.391704 3.204278 0.036650 2.544497 0.601134 0.246487 2.928884 0.067014 9.384600 -0.391763 -0.911551 -0.080046 3.389357
1 inf -9.504562 -0.812954 -0.637002 -2.330754 -1.383394 3.196126 0.018621 2.519323 0.594939 0.307532 2.940149 0.037840 9.394885 -0.386522 -0.912944 -0.073137 3.331407
1 inf -9.488316 -0.836344 -0.649415 -2.306031 -1.370842 3.204800 0.029431 2.526217 0.658231 0.305299 2.953339 0.055311 9.397575 -0.354151 -0.948434 -0.090003 3.358866
1 inf -9.510101 -0.813542 -0.634062 -2.300116 -1.368601 3.184203 0.042631 2.533808 0.635577 0.319781 2.944727 0.083901 9.376033 -0.343278 -0.924797 -0.092827 3.365302
1 inf -9.498958 -0.815603 -0.619493 -2.277680 -1.361866 3.183771 0.029166 2.519014 0.631953 0.288084 2.956791 0.083352 9.387760 -0.336330 -0.944937 -0.111451 3.366984
1 inf -9.487760 -0.796339 -0.610286 -2.300015 -1.371820 3.207526 0.010986 2.509924 0.668564 0.294900 2.981370 0.053738 9.347267 -0.346195 -0.929326 -0.097897 3.388316
1 inf -9.497356 -0.803911 -0.612383 -2.295507 -1.392674 3.209524 -0.010025 2.520335 0.605850 0.311939 2.994313 0.062091 9.296797 -0.324709 -0.946994 -0.064269 3.365880
1 inf -9.503923 -0.794646 -0.598176 -2.301769 -1.384436 3.209522 -0.005969 2.496620 0.642955 0.315534 2.992059 0.091218 9.301695 -0.334695 -0.947985 -0.037275 3.372957
1 inf -9.517014 -0.829836 -0.609564 -2.304176 -1.398849 3.195513 0.013534 2.462794 0.636553 0.324292 2.979230 0.076177 9.318069 -0.354341 -0.950781 -0.030806 3.406060
1 inf -9.539217 -0.817372 -0.601072 -2.315671 -1.386942 3.146715 0.004368 2.439494 0.633264 0.362243 2.962452 0.063048 9.326068 -0.343872 -0.966132 -0.014401 3.426248
1 inf -9.472700 -0.815915 -0.594973 -2.330443 -1.396227 3.122983 -0.002170 2.403693 0.646195 0.370509 2.979203 0.046259 9.332959 -0.333659 -0.933125 -0.027477 3.414734
1 inf -9.469348 -0.844853 -0.619235 -2.356109 -1.388239 3.114785 0.012417 2.424142 0.687914 0.361155 2.996051 0.054042 9.309881 -0.330699 -0.927835 -0.011132 3.398599
1 inf -9.459347 -0.835395 -0.626251 -2.345869 -1.368678 3.073634 -0.011880 2.436438 0.688640 0.335921 2.991374 0.084597 9.320338 -0.351703 -0.970439 -0.000155 3.371632
1 inf -9.458468 -0.831134 -0.596952 -2.325293 -1.354691 3.067915 0.008767 2.436991 0.675660 0.369128 2.968623 0.076929 9.318540 -0.338940 -0.959049 -0.015940 3.353135
1 inf -9.467189 -0.822429 -0.619959 -2.365277 -1.350956 3.107113 -0.022384 2.408632 0.657021 0.372348 2.979858 0.096361 9.256954 -0.317193 -0.979612 -0.008495 3.356632
1 inf -9.492214 -0.828408 -0.601676 -2.397449 -1.369207 3.105720 -0.005343 2.388820 0.644462 0.375408 2.989955 0.080774 9.243998 -0.311113 -0.997323 -0.008216 3.355267
1 inf -9.477142 -0.841921 -0.604415 -2.387928 -1.366252 3.108253 -0.043103 2.396519 0.634735 0.329798 2.960698 0.091109 9.275446 -0.298703 -0.981398 0.001887 3.379059
1 inf -9.491594 -0.830296 -0.608635 -2.362460 -1.406600 3.073515 -0.025516 2.399662 0.618671 0.338096 2.962641 0.101205 9.250300 -0.326048 -0.983155 -0.000757 3.378343
1 inf -9.496563 -0.830381 -0.660501 -2.369987 -1.408613 3.102070 -0.040331 2.404499 0.611824 0.333000 2.954391 0.080391 9.268329 -0.307347 -0.995782 0.000318 3.364965
1 inf -9.517659 -0.838443 -0.649633 -2.406185 -1.413303 3.142959 0.002087 2.388556 0.609840 0.344958 2.944355 0.117907 9.301672 -0.276862 -0.997330 -0.003873 3.348223
1 inf -9.547767 -0.821666 -0.679402 -2.378578 -1.394968 3.139447 0.003467 2.393987 0.611129 0.312834 2.909697 0.098689 9.320724 -0.244979 -1.006423 -0.009324 3.310650
1 inf -9.563718 -0.827284 -0.681413 -2.367824 -1.371419 3.099617 0.003383 2.384479 0.635670 0.320995 2.899609 0.089831 9.317928 -0.215638 -1.021553 -0.009764 3.294943
1 inf -9.552534 -0.824426 -0.682674 -2.373508 -1.377916 3.091345 -0.003541 2.364270 0.607881 0.321397 2.841115 0.113448 9.289602 -0.190518 -1.042647 0.026777 3.291645
1 inf -9.546178 -0.842463 -0.679677 -2.303975 -1.351906 3.072067 -0.019206 2.362780 0.597754 0.326083 2.816649 0.136804 9.294045 -0.190799 -1.026798 0.013208 3.283808
1 inf -9.548200 -0.859917 -0.668162 -2.312505 -1.319795 3.040819 -0.024825 2.320918 0.646286 0.314314 2.813396 0.149889 9.271105 -0.190431 -1.004654 0.023367 3.313248
1 inf -9.544966 -0.867414 -0.670611 -2.302997 -1.335612 3.003698 -0.045375 2.328898 0.676723 0.295096 2.823690 0.145553 9.296926 -0.226903 -1.010217 0.011057 3.296292
1 inf -9.516812 -0.889032 -0.662402 -2.308356 -1.339742 2.986570 -0.055786 2.307084 0.666364 0.249923 2.830152 0.167474 9.307134 -0.217380 -1.015446 0.008926 3.309733
1 inf -9.524193 -0.904657 -0.664301 -2.328878 -1.326667 3.013417 -0.043815 2.289025 0.638529 0.239093 2.825409 0.148540 9.309772 -0.191280 -1.029830 0.036964 3.319391
1 inf -9.506208 -0.896418 -0.621139 -2.337359 -1.293241 3.026494 -0.061034 2.276450 0.613053 0.292988 2.814048 0.138049 9.324227 -0.166990 -1.025803 0.030816 3.333822
1 inf -9.498366 -0.901443 -0.632244 -2.312053 -1.279850 3.013712 -0.059350 2.258131 0.647652 0.305034 2.812131 0.177937 9.348594 -0.165421 -1.015360 0.044512 3.352318
1 inf -9.504268 -0.910748 -0.621627 -2.300891 -1.301440 2.982897 -0.070818 2.268554 0.650675 0.301288 2.770371 0.183936 9.349581 -0.157113 -1.015565 0.051366 3.342183
1 inf -9.518393 -0.846664 -0.626375 -2.320415 -1.281346 2.975340 -0.082439 2.295837 0.633900 0.296670 2.721112 0.183482 9.367841 -0.139247 -1.039443 0.068341 3.323572
1 inf -9.507529 -0.821842 -0.652575 -2.360161 -1.264825 2.925439 -0.086465 2.273798 0.645486 0.347889 2.699900 0.162423 9.372002 -0.119547 -1.037962 0.064545 3.328846
1 inf -9.534343 -0.806867 -0.669766 -2.379340 -1.250259 2.931347 -0.073719 2.277493 0.683531 0.323876 2.698742 0.129853 9.358050 -0.118481 -1.052551 0.065839 3.339387
1 inf -9.570494 -0.821049 -0.655088 -2.353710 -1.236224 2.944095 -0.066238 2.265505 0.687753 0.333791 2.669487 0.108460 9.343287 -0.153199 -1.048204 0.079070 3.347532
1 inf -9.567142 -0.849987 -0.679350 -2.379376 -1.228236 2.935897 -0.051651 2.285954 0.678399 0.350639 2.677270 0.085382 9.346247 -0.147909 -1.031859 0.062935 3.348909
1 inf -9.597058 -0.824136 -0.675564 -2.367477 -1.191406 2.938141 -0.029773 2.268862 0.685325 0.389038 2.718095 0.094019 9.367666 -0.073644 -1.059061 0.074451 3.306293
1 inf -9.613619 -0.777310 -0.696226 -2.378786 -1.196175 2.925769 -0.055284 2.289738 0.693053 0.391980 2.719922 0.057730 9.333969 -0.081849 -1.058678 0.111117 3.282619
1 inf -9.621400 -0.794849 -0.730104 -2.386577 -1.202667 2.937491 -0.047903 2.269691 0.693381 0.380233 2.745895 0.064004 9.353955 -0.089708 -0.993859 0.135426 3.264251
1 inf -9.625520 -0.792411 -0.718954 -2.382096 -1.206971 2.967330 -0.030418 2.241622 0.665969 0.361819 2.781989 0.097579 9.378893 -0.088109 -0.968669 0.120979 3.244554
1 inf -9.600200 -0.822272 -0.730252 -2.365983 -1.253279 2.959105 -0.043521 2.245520 0.638283 0.397544 2.769394 0.100990 9.372646 -0.094659 -0.973645 0.119239 3.231425
1 inf -9.583811 -0.800464 -0.757367 -2.332471 -1.261091 2.950033 -0.031819 2.267610 0.620269 0.383458 2.740037 0.061852 9.366295 -0.106081 -0.987315 0.104495 3.195078
1 inf -9.570888 -0.822701 -0.761144 -2.362504 -1.247629 2.959529 -0.022115 2.242823 0.594057 0.395786 2.757296 0.042025 9.341120 -0.132027 -0.991083 0.103903 3.197179
1 inf -9.574974 -0.817888 -0.743625 -2.377581 -1.233795 2.907491 -0.020452 2.255284 0.580934 0.367039 2.753565 0.051212 9.348369 -0.139661 -0.978543 0.078437 3.172757
1 inf -9.573555 -0.797234 -0.722515 -2.399786 -1.230149 2.894299 -0.066383 2.273596 0.598492 0.354102 2.768080 0.047318 9.326745 -0.190324 -0.982489 0.085947 3.173253
1 inf -9.586081 -0.768776 -0.687301 -2.401656 -1.256866 2.887580 -0.063679 2.290233 0.625399 0.371460 2.789274 0.058857 9.322312 -0.209366 -0.919884 0.106721 3.150335
1 inf -9.602570 -0.748394 -0.708522 -2.415006 -1.262804 2.865204 -0.037799 2.289985 0.669162 0.355241 2.822247 0.061268 9.336341 -0.198595 -0.891958 0.104525 3.167383
1 inf -9.617991 -0.759532 -0.723412 -2.422244 -1.300538 2.835621 -0.029802 2.331771 0.664391 0.347066 2.844886 0.045837 9.371832 -0.170500 -0.875768 0.130273 3.192811
1 inf -9.623842 -0.763653 -0.746174 -2.414223 -1.309322 2.828087 -0.010819 2.327413 0.680010 0.349158 2.797726 0.037409 9.369804 -0.174686 -0.854198 0.114711 3.217166
1 inf -9.627544 -0.741165 -0.756214 -2.403864 -1.303060 2.817497 0.008515 2.322936 0.660837 0.327453 2.809078 0.026142 9.369554 -0.187190 -0.837433 0.114006 3.230786
1 inf -9.616518 -0.736203 -0.772887 -2.414957 -1.293685 2.878001 0.019486 2.341356 0.664118 0.305544 2.812187 0.056592 9.358528 -0.183398 -0.873378 0.121324 3.221800
1 inf -9.613166 -0.765141 -0.797149 -2.440623 -1.285697 2.869803 0.034073 2.361805 0.654764 0.322392 2.819970 0.033514 9.361488 -0.178108 -0.857033 0.105189 3.223177
1 inf -9.610462 -0.758230 -0.762213 -2.452065 -1.247926 2.882692 0.031483 2.401607 0.648097 0.332272 2.802715 0.061709 9.392643 -0.193828 -0.871158 0.098475 3.239163
1 inf -9.643984 -0.756464 -0.743566 -2.446101 -1.231065 2.911039 0.058799 2.420117 0.629333 0.332227 2.811493 0.044712 9.379426 -0.218316 -0.850466 0.139199 3.226699
1 inf -9.696393 -0.759053 -0.721426 -2.464935 -1.207364 2.890986 0.082533 2.406848 0.636733 0.299726 2.813955 0.080509 9.412905 -0.218533 -0.849376 0.169485 3.252508
1 inf -9.686903 -0.725206 -0.727043 -2.464947 -1.196742 2.878139 0.063409 2.422526 0.645949 0.314153 2.821433 0.088410 9.437410 -0.209803 -0.836313 0.172046 3.274576
1 inf -9.702967 -0.712863 -0.729020 -2.455875 -1.208303 2.879048 0.067053 2.445117 0.632529 0.372726 2.827126 0.104550 9.431946 -0.208131 -0.841994 0.174787 3.227781
1 inf -9.704191 -0.742816 -0.709672 -2.440809 -1.198146 2.916475 0.039690 2.455727 0.639049 0.403190 2.766904 0.105515 9.426702 -0.211921 -0.844347 0.113525 3.230232
1 inf -9.741116 -0.741650 -0.724876 -2.453728 -1.178502 2.942079 0.029512 2.440090 0.634538 0.358497 2.804817 0.119704 9.428305 -0.200343 -0.823811 0.127711 3.242557
1 inf -9.797839 -0.775844 -0.755771 -2.390233 -1.183072 2.922776 0.024899 2.448333 0.628503 0.396444 2.827867 0.140697 9.410067 -0.197005 -0.816722 0.114859 3.247284
1 inf -9.795688 -0.731027 -0.735070 -2.407787 -1.174076 2.909831 0.036770 2.452597 0.638144 0.360132 2.826545 0.160517 9.388525 -0.209602 -0.817662 0.065746 3.267590
1 inf -9.802617 -0.763843 -0.759957 -2.378123 -1.176025 2.885877 0.062015 2.483804 0.632121 0.322623 2.819380 0.152227 9.402436 -0.211215 -0.783918 0.059630 3.274025
1 inf -9.787807 -0.786480 -0.719036 -2.402906 -1.204244 2.899867 0.101889 2.482336 0.627071 0.326812 2.824893 0.131364 9.420099 -0.187659 -0.764939 0.057253 3.274870
1 inf -9.756409 -0.786664 -0.747673 -2.416130 -1.176748 2.907130 0.074090 2.523615 0.652004 0.324085 2.882592 0.140900 9.467444 -0.223754 -0.738434 0.109827 3.273756
1 inf -9.763635 -0.812600 -0.734598 -2.444053 -1.147262 2.922100 0.095333 2.547515 0.623055 0.272679 2.892134 0.127600 9.452596 -0.231631 -0.762042 0.110372 3.318446
1 inf -9.781296 -0.790345 -0.760916 -2.455880 -1.122545 2.953585 0.097109 2.543706 0.616822 0.241430 2.928551 0.122927 9.436294 -0.253435 -0.787112 0.096404 3.329450
1 inf -9.800347 -0.760177 -0.747384 -2.470412 -1.150999 2.926371 0.137678 2.559374 0.597920 0.224985 2.932424 0.125996 9.459541 -0.205153 -0.796986 0.085292 3.324234
1 inf -9.824696 -0.731406 -0.751229 -2.478498 -1.111492 2.917783 0.186789 2.549238 0.568821 0.242500 2.950271 0.085767 9.441333 -0.241593 -0.819958 0.092851 3.327038
1 inf -9.855206 -0.728672 -0.784952 -2.463364 -1.110876 2.927617 0.159711 2.566789 0.543466 0.219795 2.981846 0.087777 9.431558 -0.266890 -0.846952 0.085006 3.276062
1 inf -9.832860 -0.731721 -0.815638 -2.472337 -1.081163 2.912800 0.146505 2.569233 0.506491 0.231628 2.994688 0.100279 9.442829 -0.279281 -0.844317 0.104333 3.234039
1 inf -9.828484 -0.732958 -0.825023 -2.485777 -1.070681 2.887997 0.123873 2.561559 0.491811 0.247301 2.999535 0.080236 9.437067 -0.284156 -0.833301 0.082442 3.244464
1 inf -9.799807 -0.721753 -0.854526 -2.490767 -1.102651 2.897549 0.133375 2.539550 0.473564 0.236409 2.987724 0.068411 9.454243 -0.270334 -0.827678 0.047903 3.255573
1 inf -9.790195 -0.722249 -0.855606 -2.504477 -1.092013 2.871179 0.108763 2.512182 0.492804 0.230515 2.988815 0.053043 9.398323 -0.265897 -0.813350 0.048171 3.282909
1 inf -9.808365 -0.719256 -0.861370 -2.488982 -1.087132 2.857458 0.124358 2.503536 0.480022 0.217453 2.955314 0.041232 9.382060 -0.255952 -0.817748 0.052653 3.282836
1 inf -9.805013 -0.748194 -0.885632 -2.514648 -1.079144 2.849260 0.138945 2.523985 0.521741 0.208099 2.972162 0.049015 9.358982 -0.252992 -0.812458 0.068998 3.266701
1 inf -9.822646 -0.730519 -0.879891 -2.503764 -1.075040 2.844123 0.157436 2.529815 0.518355 0.154818 2.996022 0.058180 9.325578 -0.277154 -0.830088 0.088274 3.308464
1 inf -9.818160 -0.774371 -0.873602 -2.501109 -1.083976 2.844185 0.157292 2.528230 0.570023 0.175242 2.987478 0.072642 9.334120 -0.260671 -0.822317 0.104901 3.285541
1 inf -9.827675 -0.782850 -0.934962 -2.509467 -1.082232 2.842389 0.155192 2.501852 0.571115 0.162930 2.954227 0.074911 9.334945 -0.240319 -0.844750 0.134207 3.331843
1 inf -9.826161 -0.801270 -0.966591 -2.506835 -1.074802 2.845834 0.159219 2.479650 0.563267 0.217627 2.949294 0.038600 9.322272 -0.233081 -0.859361 0.154313 3.313313
1 inf -9.814914 -0.808544 -0.932677 -2.511365 -1.096745 2.849420 0.210063 2.449684 0.567171 0.249733 2.964760 0.033189 9.348372 -0.203785 -0.841769 0.182067 3.305710
1 inf -9.850935 -0.801348 -0.894527 -2.510812 -1.110781 2.848386 0.222593 2.459296 0.574755 0.257133 2.971293 0.028275 9.382883 -0.195913 -0.833093 0.177551 3.312994
1 inf -9.837814 -0.829518 -0.847295 -2.542164 -1.120462 2.848697 0.208277 2.495400 0.590379 0.289161 2.985612 0.007294 9.370374 -0.209118 -0.849978 0.130793 3.275813
1 inf -9.838387 -0.827582 -0.843563 -2.537394 -1.137023 2.849296 0.240010 2.490804 0.572112 0.311648 2.957047 0.005768 9.339612 -0.189297 -0.857070 0.128073 3.227761
1 inf -9.839757 -0.816048 -0.830321 -2.579660 -1.114743 2.802234 0.223007 2.450158 0.558691 0.246401 2.923360 -0.060959 9.318191 -0.185142 -0.841114 0.151892 3.232170
1 inf -9.849335 -0.830428 -0.808439 -2.608581 -1.111469 2.807658 0.231085 2.447927 0.560544 0.216412 2.920242 -0.093201 9.332818 -0.165425 -0.832145 0.138226 3.241158
1 inf -9.839835 -0.846036 -0.830469 -2.600055 -1.123238 2.827689 0.229168 2.460578 0.561040 0.222872 2.863919 -0.067584 9.346704 -0.195730 -0.843043 0.158706 3.240243
1 inf -9.851744 -0.842145 -0.848596 -2.559634 -1.080410 2.810484 0.262533 2.449040 0.602330 0.252893 2.850261 -0.068877 9.353116 -0.190588 -0.839201 0.179716 3.244948
1 inf -9.885286 -0.871073 -0.880576 -2.539661 -1.082661 2.838887 0.256006 2.444765 0.607212 0.238888 2.876455 -0.063548 9.359836 -0.169319 -0.825108 0.154631 3.253704
1 inf -9.881483 -0.853672 -0.829684 -2.549968 -1.076802 2.818292 0.282294 2.428856 0.570437 0.236009 2.811277 -0.087742 9.375961 -0.212012 -0.804131 0.150321 3.245861
1 inf -9.846855 -0.825531 -0.811193 -2.586031 -1.116058 2.799289 0.270806 2.411875 0.521502 0.278433 2.793915 -0.100554 9.373264 -0.262935 -0.812199 0.110889 3.221958
1 inf -9.839483 -0.819294 -0.839324 -2.616664 -1.112608 2.814711 0.243245 2.390260 0.550154 0.269605 2.832550 -0.122732 9.364474 -0.286238 -0.815986 0.080373 3.227842
1 inf -9.866140 -0.773795 -0.830274 -2.618821 -1.125972 2.819437 0.231667 2.371248 0.575166 0.276317 2.852303 -0.068490 9.376747 -0.275733 -0.812231 0.065269 3.216017
1 inf -9.853702 -0.781915 -0.797862 -2.649860 -1.160210 2.837247 0.250871 2.344650 0.571741 0.267540 2.885269 -0.064705 9.356883 -0.300114 -0.779488 0.036349 3.217595
1 inf -9.829965 -0.779591 -0.777796 -2.662996 -1.156272 2.866932 0.209008 2.341387 0.593930 0.258023 2.821269 -0.077590 9.365205 -0.288929 -0.793728 -0.003449 3.206074
1 inf -9.860111 -0.778838 -0.801219 -2.638595 -1.160671 2.851512 0.251271 2.335607 0.608319 0.228345 2.839093 -0.087738 9.371358 -0.303845 -0.789664 -0.015375 3.230992
1 inf -9.864415 -0.780360 -0.792690 -2.633488 -1.156127 2.856662 0.259235 2.288156 0.615294 0.215519 2.820881 -0.100712 9.356816 -0.286072 -0.796087 -0.008922 3.234327
1 inf -9.861895 -0.775310 -0.786213 -2.608377 -1.172655 2.849664 0.225562 2.323067 0.596172 0.184530 2.819266 -0.105176 9.372706 -0.255448 -0.792716 -0.012782 3.201184
1 inf -9.858543 -0.804248 -0.810475 -2.634043 -1.164667 2.841466 0.240149 2.343516 0.637891 0.175176 2.836114 -0.097393 9.349628 -0.252488 -0.787426 0.003563 3.185049
1 inf -9.832326 -0.828664 -0.805952 -2.631666 -1.195893 2.846153 0.197785 2.334360 0.628902 0.182624 2.808598 -0.112128 9.358787 -0.204137 -0.821734 0.007574 3.210179
1 inf -9.817254 -0.792188 -0.812145 -2.658056 -1.192922 2.827373 0.234135 2.328524 0.620671 0.176378 2.782057 -0.137464 9.334038 -0.197108 -0.840352 0.024839 3.240677
1 inf -9.810009 -0.798538 -0.859879 -2.653042 -1.166560 2.809346 0.216498 2.316427 0.635488 0.183335 2.787317 -0.183684 9.305518 -0.188277 -0.817976 0.013191 3.259837
1 inf -9.829096 -0.809713 -0.896509 -2.671760 -1.211852 2.775967 0.217203 2.323931 0.641417 0.221514 2.778995 -0.156883 9.327302 -0.157437 -0.837623 0.040766 3.263676
1 inf -9.856310 -0.806369 -0.877770 -2.630825 -1.236199 2.767776 0.202918 2.287803 0.641373 0.212582 2.787216 -0.166339 9.357330 -0.148266 -0.840446 0.052545 3.269108
