1 inf -8.672048 -0.960312 -0.532857 -1.499449 -1.587320 3.390846 -0.069196 1.931157 -0.134357 0.880496 2.349522 -0.035866 9.666075 -0.193965 -0.490187 0.504686 3.843505
1 inf -8.633037 -0.972224 -0.551404 -1.509473 -1.606860 3.397984 -0.053922 1.910511 -0.137674 0.865692 2.323808 -0.021343 9.690464 -0.161976 -0.448574 0.505183 3.845061
1 inf -8.668970 -0.996315 -0.573000 -1.521708 -1.575662 3.381957 -0.051882 1.907390 -0.142057 0.830620 2.322092 -0.063561 9.724179 -0.144253 -0.472657 0.536346 3.842589
1 inf -8.663922 -0.991522 -0.590382 -1.504391 -1.576076 3.377204 -0.074357 1.948384 -0.148582 0.816574 2.294489 -0.046764 9.742169 -0.190146 -0.500143 0.516322 3.872791
1 inf -8.647342 -0.978277 -0.551823 -1.509176 -1.556219 3.410528 -0.118852 1.916510 -0.143479 0.807248 2.294953 -0.066839 9.774905 -0.187305 -0.487351 0.478730 3.870932
1 inf -8.640143 -0.956803 -0.567804 -1.539245 -1.526393 3.372299 -0.113688 1.933853 -0.168680 0.797490 2.277265 -0.030744 9.818772 -0.184147 -0.489635 0.524904 3.876481
1 inf -8.629875 -0.950620 -0.600527 -1.518146 -1.564969 3.348556 -0.126119 1.906480 -0.212567 0.813213 2.283220 -0.011905 9.821082 -0.180626 -0.467334 0.542816 3.855688
1 inf -8.605038 -0.964412 -0.590942 -1.476166 -1.588697 3.313694 -0.127772 1.916355 -0.224915 0.808128 2.239068 -0.019649 9.831926 -0.175041 -0.491480 0.559192 3.840139
1 inf -8.579788 -0.919971 -0.629519 -1.454462 -1.570690 3.353038 -0.169993 1.900951 -0.207268 0.841495 2.251395 -0.059773 9.814792 -0.182557 -0.491956 0.530943 3.867379
1 inf -8.547192 -0.906715 -0.618905 -1.455761 -1.569561 3.351079 -0.130785 1.917513 -0.198608 0.848529 2.247368 -0.083334 9.822933 -0.159587 -0.507673 0.535852 3.823674
1 inf -8.529108 -0.930123 -0.626401 -1.440859 -1.601332 3.351681 -0.146519 1.903365 -0.193889 0.866714 2.247481 -0.117269 9.806306 -0.195830 -0.482960 0.524683 3.813523
1 inf -8.507023 -0.936304 -0.666681 -1.430607 -1.588162 3.326805 -0.119965 1.909011 -0.189288 0.886008 2.250381 -0.116347 9.794659 -0.199573 -0.461055 0.514023 3.787641
1 inf -8.500397 -0.929551 -0.666505 -1.481634 -1.553404 3.333258 -0.126042 1.951978 -0.223413 0.871362 2.250355 -0.093729 9.769084 -0.222823 -0.488208 0.517875 3.799250
1 inf -8.513208 -0.925761 -0.663068 -1.506902 -1.591998 3.345509 -0.122052 1.946270 -0.235497 0.901601 2.264004 -0.077222 9.769017 -0.215505 -0.447040 0.492045 3.798372
1 inf -8.532769 -0.942991 -0.649439 -1.513627 -1.578338 3.309655 -0.136641 1.955781 -0.217797 0.935058 2.261014 -0.039012 9.754814 -0.249567 -0.449022 0.472810 3.800460
1 inf -8.526939 -0.893564 -0.646229 -1.499227 -1.607935 3.328054 -0.121720 1.979774 -0.173389 0.979923 2.261534 -0.053798 9.743670 -0.230582 -0.424672 0.443495 3.784191
1 inf -8.534986 -0.900973 -0.659265 -1.505320 -1.640305 3.333595 -0.127460 1.934041 -0.166673 0.955805 2.267982 -0.062807 9.754053 -0.252433 -0.415765 0.447713 3.743186
1 inf -8.529666 -0.859712 -0.686598 -1.538627 -1.631903 3.332157 -0.145967 1.905789 -0.132103 0.945879 2.259912 -0.037138 9.727666 -0.259900 -0.427334 0.451015 3.779647
1 inf -8.528146 -0.838910 -0.680958 -1.552119 -1.614981 3.327277 -0.144198 1.875891 -0.160093 0.900179 2.234263 -0.037704 9.729820 -0.230263 -0.419214 0.449887 3.760930
1 inf -8.518603 -0.825695 -0.660875 -1.587140 -1.594552 3.308106 -0.142759 1.858293 -0.161771 0.914659 2.179024 -0.018234 9.724709 -0.220882 -0.406484 0.461530 3.758731
1 inf -8.515790 -0.824859 -0.634819 -1.562335 -1.607515 3.311117 -0.142610 1.863202 -0.170035 0.879065 2.191721 -0.008826 9.719990 -0.212589 -0.361399 0.453259 3.783854
1 inf -8.514801 -0.825744 -0.592764 -1.572030 -1.630982 3.335674 -0.139195 1.835252 -0.130987 0.860037 2.214467 -0.003778 9.742444 -0.198458 -0.367073 0.482919 3.822780
1 inf -8.578368 -0.857389 -0.595204 -1.611377 -1.609892 3.320106 -0.075764 1.847298 -0.147056 0.852557 2.211504 -0.013369 9.757151 -0.162984 -0.389835 0.551392 3.842709
1 inf -8.567614 -0.900940 -0.572688 -1.597553 -1.588506 3.312732 -0.071731 1.850903 -0.159852 0.883681 2.230166 -0.016407 9.749187 -0.160947 -0.350860 0.508635 3.853883
1 inf -8.576069 -0.884770 -0.577914 -1.595758 -1.608384 3.334123 -0.070916 1.860263 -0.125883 0.883854 2.213941 -0.013580 9.756364 -0.143145 -0.348796 0.509794 3.853187
1 inf -8.618823 -0.886306 -0.570941 -1.548972 -1.573727 3.328297 -0.112482 1.895059 -0.149411 0.911846 2.201601 -0.062559 9.757262 -0.127418 -0.352345 0.480938 3.836334
1 inf -8.636155 -0.854597 -0.542308 -1.571344 -1.604063 3.322532 -0.138271 1.933211 -0.144569 0.898425 2.221135 -0.025222 9.779053 -0.155911 -0.338000 0.479961 3.880020
1 inf -8.624080 -0.831278 -0.527660 -1.591877 -1.589851 3.331301 -0.135081 1.898700 -0.122858 0.908396 2.222923 -0.037530 9.793010 -0.144216 -0.337085 0.489376 3.864265
1 inf -8.595590 -0.855765 -0.504769 -1.599043 -1.558976 3.352296 -0.146172 1.918388 -0.133582 0.903331 2.167111 -0.017766 9.800543 -0.120212 -0.341159 0.470707 3.858125
1 inf -8.579612 -0.838635 -0.459625 -1.588464 -1.578398 3.362683 -0.142603 1.955372 -0.143251 0.896893 2.181937 -0.037468 9.800177 -0.099404 -0.333947 0.488074 3.871766
1 inf -8.592135 -0.835474 -0.467952 -1.528546 -1.514114 3.342461 -0.118559 1.966969 -0.139805 0.926026 2.194359 -0.005804 9.783021 -0.129587 -0.331304 0.452243 3.892790
1 inf -8.569638 -0.820760 -0.496925 -1.532794 -1.489928 3.382027 -0.084047 1.979165 -0.144785 0.932631 2.198682 -0.026610 9.778745 -0.132620 -0.341804 0.493431 3.866248
1 inf -8.591372 -0.846413 -0.528814 -1.524968 -1.442292 3.356130 -0.105225 1.978316 -0.133439 0.918352 2.193935 -0.021999 9.785239 -0.139745 -0.329236 0.483761 3.841718
1 inf -8.653927 -0.864308 -0.540402 -1.518886 -1.402233 3.357211 -0.088555 1.974238 -0.150544 0.927410 2.238420 0.011179 9.766042 -0.133806 -0.322726 0.464310 3.845259
1 inf -8.641580 -0.889133 -0.563008 -1.502766 -1.392590 3.351623 -0.089480 1.965767 -0.162719 0.928614 2.255316 0.038115 9.763836 -0.140103 -0.319824 0.434900 3.865518
1 inf -8.603562 -0.906734 -0.562972 -1.530498 -1.370370 3.342336 -0.121369 1.951158 -0.161701 0.926861 2.244043 0.050397 9.753713 -0.181196 -0.294624 0.433447 3.886067
1 inf -8.623312 -0.922923 -0.575271 -1.514348 -1.350002 3.352759 -0.155562 1.941271 -0.162608 0.881531 2.220145 0.060509 9.749001 -0.200114 -0.319726 0.418595 3.901435
1 inf -8.616049 -0.919265 -0.604427 -1.510328 -1.374764 3.361295 -0.159449 1.943632 -0.169763 0.861866 2.200093 0.102885 9.756423 -0.241328 -0.314800 0.405088 3.911890
1 inf -8.606506 -0.906050 -0.584344 -1.545349 -1.354335 3.342124 -0.158010 1.926034 -0.171441 0.876346 2.144854 0.122355 9.751312 -0.231947 -0.302070 0.416731 3.909691
1 inf -8.603962 -0.886984 -0.604603 -1.532760 -1.378258 3.365032 -0.171609 1.921546 -0.186809 0.897327 2.175599 0.125076 9.731192 -0.244929 -0.309817 0.429944 3.884656
1 inf -8.625321 -0.895071 -0.555681 -1.547822 -1.362592 3.354685 -0.213278 1.943850 -0.183083 0.965087 2.183322 0.116911 9.770186 -0.247074 -0.274969 0.413549 3.872438
1 inf -8.656924 -0.895432 -0.532757 -1.550104 -1.384981 3.366313 -0.214325 1.956054 -0.147416 0.940680 2.141633 0.150334 9.781775 -0.243746 -0.285424 0.384105 3.868121
1 inf -8.655149 -0.884301 -0.528446 -1.528276 -1.419222 3.406626 -0.198069 1.970655 -0.144472 0.957515 2.081971 0.138900 9.778857 -0.255838 -0.294067 0.390867 3.888996
1 inf -8.638938 -0.846724 -0.543293 -1.474602 -1.389203 3.376513 -0.174823 1.993723 -0.135166 0.944272 2.102360 0.125720 9.767732 -0.266676 -0.312239 0.420478 3.878590
1 inf -8.627977 -0.856505 -0.518885 -1.456452 -1.403520 3.389743 -0.149545 1.965351 -0.167462 0.925799 2.104860 0.076225 9.760259 -0.269132 -0.327144 0.428383 3.905117
1 inf -8.609410 -0.861622 -0.531928 -1.402911 -1.406438 3.406141 -0.112335 1.969029 -0.188006 0.887298 2.078850 0.073730 9.757639 -0.283907 -0.355614 0.417600 3.917672
1 inf -8.604784 -0.833668 -0.532608 -1.408314 -1.405783 3.414372 -0.106397 1.956232 -0.190092 0.843045 2.081832 0.083598 9.762111 -0.228743 -0.367395 0.402270 3.911097
1 inf -8.599532 -0.862709 -0.520297 -1.381433 -1.428882 3.416003 -0.095858 1.990216 -0.196127 0.779277 2.084735 0.097291 9.720040 -0.244215 -0.373146 0.448444 3.878035
1 inf -8.617011 -0.866436 -0.515871 -1.340748 -1.432336 3.408291 -0.102160 2.000645 -0.193537 0.724071 2.096807 0.068805 9.718181 -0.235036 -0.387463 0.407802 3.879872
1 inf -8.628388 -0.808224 -0.527927 -1.363632 -1.466022 3.401071 -0.120090 2.009999 -0.214162 0.741172 2.118568 0.073903 9.722364 -0.192471 -0.366863 0.401954 3.868350
1 inf -8.616103 -0.801519 -0.546948 -1.381884 -1.484355 3.372476 -0.111556 1.990287 -0.234845 0.734219 2.109060 0.081280 9.699545 -0.194735 -0.377212 0.398531 3.879381
1 inf -8.591022 -0.810189 -0.530922 -1.362895 -1.470154 3.362284 -0.119999 1.989664 -0.222160 0.719913 2.071650 0.095731 9.712462 -0.242144 -0.368685 0.403934 3.851567
1 inf -8.592733 -0.824738 -0.552901 -1.397921 -1.448225 3.381854 -0.126728 2.032367 -0.230771 0.693847 2.085201 0.146074 9.719370 -0.258273 -0.358811 0.396540 3.842049
1 inf -8.610268 -0.814860 -0.548625 -1.410314 -1.480771 3.350202 -0.131012 1.997469 -0.216898 0.692462 2.092392 0.165079 9.725730 -0.282174 -0.330997 0.382363 3.830219
1 inf -8.596201 -0.763451 -0.592523 -1.426269 -1.481428 3.345842 -0.162203 1.946271 -0.239562 0.701055 2.114274 0.166182 9.704910 -0.275866 -0.347330 0.394909 3.851176
1 inf -8.578778 -0.775343 -0.570553 -1.410298 -1.467121 3.360329 -0.132804 1.959216 -0.215665 0.681605 2.104737 0.146271 9.709540 -0.291862 -0.326941 0.437337 3.852858
1 inf -8.602282 -0.782209 -0.572260 -1.396804 -1.464891 3.346672 -0.138086 1.951130 -0.222092 0.676544 2.120249 0.162093 9.685198 -0.303679 -0.343259 0.449235 3.859263
1 inf -8.592739 -0.768994 -0.552177 -1.431825 -1.444462 3.327501 -0.136647 1.933532 -0.223770 0.691024 2.065010 0.181563 9.680087 -0.294298 -0.330529 0.460878 3.857064
1 inf -8.620569 -0.763095 -0.574452 -1.442169 -1.453703 3.338661 -0.145004 1.920238 -0.242062 0.731886 2.058916 0.194922 9.677123 -0.312622 -0.315134 0.485168 3.860026
1 inf -8.653973 -0.760583 -0.555140 -1.461632 -1.449552 3.329991 -0.108799 1.941196 -0.283815 0.748103 2.061061 0.184607 9.672804 -0.349553 -0.314777 0.481657 3.869539
1 inf -8.686492 -0.784262 -0.537259 -1.478615 -1.418629 3.340986 -0.078202 1.946834 -0.295299 0.743640 2.087740 0.149320 9.673619 -0.333363 -0.331902 0.452222 3.846932
1 inf -8.681617 -0.755361 -0.520805 -1.507934 -1.387456 3.322191 -0.091902 1.982549 -0.347480 0.736641 2.067460 0.127211 9.701029 -0.323112 -0.366887 0.449757 3.820994
1 inf -8.655318 -0.746935 -0.503674 -1.501791 -1.414420 3.306711 -0.094374 1.993531 -0.354887 0.709766 2.060556 0.134302 9.684056 -0.323654 -0.394024 0.468052 3.827522
1 inf -8.680703 -0.691471 -0.515109 -1.506606 -1.405743 3.301367 -0.110419 2.014784 -0.359919 0.765158 2.077424 0.179567 9.639543 -0.312960 -0.413550 0.454029 3.805529
1 inf -8.679520 -0.687441 -0.546321 -1.509681 -1.419949 3.298527 -0.091844 2.024811 -0.372041 0.756049 2.096410 0.196373 9.616232 -0.297456 -0.403190 0.466290 3.818678
1 inf -8.659826 -0.657403 -0.527862 -1.505955 -1.449348 3.311666 -0.107787 2.044134 -0.376963 0.745974 2.067085 0.179347 9.644116 -0.313004 -0.420572 0.464024 3.811091
1 inf -8.626703 -0.658564 -0.526383 -1.512604 -1.456159 3.305453 -0.089411 2.059506 -0.361021 0.764817 2.069269 0.179384 9.673362 -0.272285 -0.405827 0.476245 3.785108
1 inf -8.649394 -0.607278 -0.518561 -1.541387 -1.448425 3.311844 -0.042098 2.090977 -0.360161 0.748720 2.058537 0.145697 9.658482 -0.268224 -0.414728 0.461353 3.781405
1 inf -8.634332 -0.607908 -0.516178 -1.558210 -1.433185 3.324652 -0.067769 2.089767 -0.354882 0.760453 2.068812 0.171443 9.650571 -0.317620 -0.417228 0.469422 3.783295
1 inf -8.617771 -0.625959 -0.517335 -1.577346 -1.420686 3.319813 -0.071435 2.076408 -0.319454 0.768305 2.078495 0.159477 9.649986 -0.335314 -0.398428 0.464777 3.788571
1 inf -8.607434 -0.681020 -0.522747 -1.582393 -1.440146 3.310700 -0.039913 2.091416 -0.342588 0.778674 2.053482 0.128060 9.638465 -0.345854 -0.413525 0.487168 3.809326
1 inf -8.599337 -0.642173 -0.516411 -1.578984 -1.450488 3.315248 -0.074499 2.085023 -0.372446 0.775785 2.040160 0.101869 9.641210 -0.350219 -0.395829 0.471045 3.812199
1 inf -8.625616 -0.650033 -0.491707 -1.584216 -1.468142 3.318843 -0.084339 2.078204 -0.390373 0.819863 2.064015 0.111937 9.633653 -0.347636 -0.422521 0.494603 3.832989
1 inf -8.652051 -0.639754 -0.489846 -1.590418 -1.453970 3.325485 -0.059970 2.087328 -0.411921 0.819458 2.043793 0.099765 9.601643 -0.348847 -0.387483 0.509275 3.812620
1 inf -8.681293 -0.626829 -0.464059 -1.582945 -1.462103 3.346491 -0.066226 2.075469 -0.393794 0.809554 2.036403 0.077179 9.640614 -0.384992 -0.408130 0.515288 3.824191
1 inf -8.688063 -0.623138 -0.498744 -1.577913 -1.471990 3.360667 -0.078344 2.058643 -0.385510 0.825498 2.008938 0.087064 9.673913 -0.394838 -0.409554 0.468612 3.838816
1 inf -8.678520 -0.609923 -0.478661 -1.612934 -1.451561 3.341496 -0.076905 2.041045 -0.387188 0.839978 1.953699 0.106534 9.668802 -0.385457 -0.396824 0.480255 3.836617
1 inf -8.652294 -0.638327 -0.451409 -1.621527 -1.490019 3.372910 -0.055310 2.013528 -0.374979 0.792870 1.937592 0.131631 9.659229 -0.372418 -0.395823 0.484964 3.848882
1 inf -8.649206 -0.621100 -0.468035 -1.633600 -1.526695 3.348892 -0.050542 2.050503 -0.347574 0.819483 1.935489 0.107613 9.622560 -0.332583 -0.378962 0.489622 3.856594
1 inf -8.691069 -0.642352 -0.458399 -1.630396 -1.516179 3.365546 -0.076244 2.073288 -0.355414 0.767534 1.941274 0.093033 9.632708 -0.322857 -0.369498 0.456458 3.861685
1 inf -8.676395 -0.638515 -0.445027 -1.623698 -1.518693 3.364597 -0.057120 2.096247 -0.358640 0.784153 1.906588 0.085777 9.649467 -0.296600 -0.401298 0.423895 3.834323
1 inf -8.654438 -0.638185 -0.409411 -1.607552 -1.515755 3.367824 -0.054706 2.111362 -0.360080 0.785848 1.945018 0.081565 9.618298 -0.321886 -0.390785 0.433967 3.806486
1 inf -8.658487 -0.637394 -0.412103 -1.597716 -1.469947 3.327396 -0.059039 2.074966 -0.341708 0.764934 1.977032 0.094133 9.610787 -0.324315 -0.341855 0.406227 3.805522
1 inf -8.647176 -0.645330 -0.420714 -1.576237 -1.464678 3.334774 -0.041457 2.057811 -0.353381 0.761347 1.967609 0.081189 9.594162 -0.331706 -0.337511 0.421930 3.795304
1 inf -8.663010 -0.653957 -0.432054 -1.563925 -1.480617 3.350127 -0.023709 2.041512 -0.369095 0.765714 2.008417 0.073472 9.592161 -0.345557 -0.327874 0.413904 3.770493
1 inf -8.653309 -0.669649 -0.420302 -1.574134 -1.502529 3.309156 -0.002325 2.047778 -0.375879 0.752129 1.977789 0.062722 9.564894 -0.370295 -0.314859 0.418333 3.774103
1 inf -8.643201 -0.664775 -0.447762 -1.589790 -1.548123 3.293083 -0.071376 2.067426 -0.350878 0.790690 1.955496 0.054909 9.548062 -0.376252 -0.333635 0.387290 3.762746
1 inf -8.652680 -0.655801 -0.450382 -1.599553 -1.611760 3.292974 -0.100169 2.056686 -0.378575 0.781725 1.945937 0.025025 9.580528 -0.370100 -0.380643 0.384596 3.763870
1 inf -8.683241 -0.669343 -0.477911 -1.607021 -1.630047 3.276020 -0.126261 2.040015 -0.368346 0.804083 1.984817 0.028908 9.573242 -0.375978 -0.389814 0.394669 3.742650
1 inf -8.713255 -0.675631 -0.482600 -1.610838 -1.618049 3.285558 -0.122880 2.056938 -0.341550 0.803844 1.988705 0.012505 9.553528 -0.396903 -0.359997 0.391824 3.745776
1 inf -8.696519 -0.653785 -0.467075 -1.591030 -1.587381 3.283776 -0.132541 2.091127 -0.329563 0.794890 1.947882 0.045137 9.492451 -0.405887 -0.338843 0.389662 3.767058
1 inf -8.704216 -0.651136 -0.485556 -1.566208 -1.589564 3.301523 -0.128697 2.091197 -0.342155 0.786563 1.939511 0.035499 9.502649 -0.404375 -0.306580 0.377320 3.760299
1 inf -8.655377 -0.653638 -0.512174 -1.545660 -1.571225 3.313915 -0.130267 2.097337 -0.375501 0.784730 1.963456 0.062318 9.532434 -0.415859 -0.307278 0.373517 3.755446
1 inf -8.652087 -0.655917 -0.525413 -1.523507 -1.592810 3.363696 -0.154526 2.111430 -0.407239 0.749773 1.942441 0.026150 9.510342 -0.481919 -0.296692 0.376528 3.731519
1 inf -8.635770 -0.624492 -0.551312 -1.526346 -1.567952 3.376208 -0.181141 2.114543 -0.365864 0.774495 1.953391 0.009876 9.475397 -0.510791 -0.313521 0.347612 3.712613
1 inf -8.626227 -0.611277 -0.531229 -1.561367 -1.547523 3.357037 -0.179702 2.096945 -0.367542 0.788975 1.898152 0.029346 9.470286 -0.501410 -0.300791 0.359255 3.710414
1 inf -8.592391 -0.628402 -0.545171 -1.521352 -1.519987 3.346596 -0.208536 2.100298 -0.362838 0.788803 1.921355 0.042819 9.462758 -0.476611 -0.322302 0.336910 3.703609
1 inf -8.606948 -0.602158 -0.517937 -1.536555 -1.509266 3.343533 -0.183961 2.105571 -0.392330 0.827766 1.929624 0.077462 9.495936 -0.447660 -0.320927 0.333602 3.695940
1 inf -8.602018 -0.607698 -0.530710 -1.555278 -1.521721 3.361742 -0.174231 2.114974 -0.384343 0.820587 1.959494 0.079924 9.494499 -0.477380 -0.321981 0.305046 3.693784
1 inf -8.626437 -0.600190 -0.538844 -1.536936 -1.534049 3.363287 -0.200596 2.077001 -0.368242 0.831050 1.960525 0.057864 9.505992 -0.502542 -0.296920 0.268724 3.704473
1 inf -8.634569 -0.621020 -0.554029 -1.546825 -1.528298 3.357184 -0.223625 2.083970 -0.350008 0.827496 2.006214 0.065923 9.530259 -0.522366 -0.292383 0.291816 3.702161
1 inf -8.627608 -0.630534 -0.578490 -1.542089 -1.561794 3.347487 -0.234861 2.091760 -0.358781 0.834107 1.980240 0.040819 9.556960 -0.487781 -0.277970 0.302733 3.685778
1 inf -8.618678 -0.698319 -0.555438 -1.507336 -1.550610 3.361480 -0.233979 2.073766 -0.355050 0.837433 1.963674 0.066158 9.544970 -0.493348 -0.302334 0.276223 3.660801
1 inf -8.631088 -0.701695 -0.574789 -1.532654 -1.551929 3.392451 -0.220056 2.054009 -0.376922 0.831792 1.961234 0.048947 9.558181 -0.520383 -0.306222 0.265280 3.666554
1 inf -8.623432 -0.682907 -0.608694 -1.519481 -1.509208 3.389188 -0.221869 2.012473 -0.365583 0.837085 1.996880 0.072954 9.554674 -0.544196 -0.323121 0.273306 3.664958
1 inf -8.589805 -0.675868 -0.616990 -1.530846 -1.495018 3.387511 -0.269686 2.049611 -0.353036 0.830262 1.999376 0.085132 9.558158 -0.568577 -0.349812 0.278783 3.644482
1 inf -8.597506 -0.657551 -0.635208 -1.515630 -1.524984 3.380494 -0.258583 2.022128 -0.373716 0.856011 1.988813 0.074936 9.567816 -0.600213 -0.347085 0.265678 3.635951
1 inf -8.627988 -0.624265 -0.678634 -1.520241 -1.592241 3.382726 -0.281317 2.000864 -0.373586 0.833461 2.000381 0.114173 9.531399 -0.610111 -0.346974 0.241048 3.604130
1 inf -8.618445 -0.611050 -0.658551 -1.555262 -1.571812 3.363555 -0.279878 1.983266 -0.375264 0.847941 1.945142 0.133643 9.526288 -0.600730 -0.334244 0.252691 3.601931
1 inf -8.603028 -0.616011 -0.660037 -1.558176 -1.558486 3.416274 -0.308598 1.986333 -0.353614 0.815092 1.958349 0.137371 9.527449 -0.631242 -0.309690 0.254167 3.603927
1 inf -8.565556 -0.600150 -0.677043 -1.535247 -1.591383 3.398982 -0.349305 2.006163 -0.369707 0.829888 1.974326 0.154571 9.519994 -0.621900 -0.342187 0.239851 3.573839
1 inf -8.552840 -0.601147 -0.671087 -1.563481 -1.549623 3.389316 -0.359998 2.006939 -0.389348 0.836312 1.994098 0.142537 9.503792 -0.581672 -0.339826 0.264074 3.546684
1 inf -8.579921 -0.600398 -0.696705 -1.557195 -1.581063 3.390873 -0.365752 1.988621 -0.410861 0.832684 1.982381 0.136364 9.447310 -0.587485 -0.336121 0.277289 3.499440
1 inf -8.545980 -0.584321 -0.688258 -1.526028 -1.600677 3.369839 -0.379316 1.977597 -0.415364 0.849711 1.998734 0.152229 9.439245 -0.578087 -0.301448 0.284779 3.468070
1 inf -8.548278 -0.604789 -0.668592 -1.539502 -1.601809 3.386252 -0.383166 1.971074 -0.393979 0.849881 1.993038 0.147571 9.442427 -0.593620 -0.253744 0.303546 3.456638
1 inf -8.553563 -0.577710 -0.681150 -1.534195 -1.623626 3.391986 -0.384943 2.002962 -0.382231 0.858146 2.013434 0.167743 9.432746 -0.556385 -0.250960 0.316020 3.448481
1 inf -8.502974 -0.604152 -0.664848 -1.518067 -1.606327 3.381522 -0.403591 2.004133 -0.412258 0.832729 1.985441 0.132137 9.438611 -0.553437 -0.234600 0.318651 3.439083
1 inf -8.479622 -0.595644 -0.656347 -1.504658 -1.643408 3.386130 -0.441886 2.003552 -0.431479 0.804468 1.972675 0.115750 9.436248 -0.555869 -0.218019 0.334245 3.428355
1 inf -8.489402 -0.581321 -0.641144 -1.514878 -1.629133 3.404113 -0.457891 2.041399 -0.396422 0.799891 1.991722 0.190174 9.416478 -0.555307 -0.237892 0.352071 3.407371
1 inf -8.477120 -0.575157 -0.654260 -1.488006 -1.648500 3.397095 -0.478621 2.056332 -0.401733 0.769908 1.954764 0.198813 9.412299 -0.556741 -0.250407 0.341491 3.372846
1 inf -8.523822 -0.613853 -0.627955 -1.507649 -1.671023 3.353200 -0.481733 2.080572 -0.396158 0.733347 1.967011 0.223628 9.410757 -0.576814 -0.221475 0.344357 3.385355
1 inf -8.567317 -0.631944 -0.661923 -1.505106 -1.684910 3.377486 -0.494383 2.078956 -0.414125 0.717032 1.960769 0.223707 9.452918 -0.571367 -0.232487 0.343266 3.346245
1 inf -8.569080 -0.701261 -0.699758 -1.505615 -1.672990 3.386921 -0.487442 2.130719 -0.444970 0.708598 1.945004 0.230197 9.447099 -0.610725 -0.212717 0.349058 3.324332
1 inf -8.568553 -0.692923 -0.694650 -1.489718 -1.689779 3.426427 -0.475541 2.099093 -0.449746 0.736066 1.942186 0.226283 9.440199 -0.606806 -0.231638 0.343486 3.332796
1 inf -8.585063 -0.712964 -0.717908 -1.536249 -1.656369 3.399339 -0.472834 2.130643 -0.479763 0.738752 1.939645 0.228353 9.467752 -0.602959 -0.235839 0.354715 3.297716
1 inf -8.575858 -0.695951 -0.734135 -1.533179 -1.678249 3.416503 -0.472411 2.168156 -0.454060 0.708065 1.947044 0.237060 9.440160 -0.610254 -0.266463 0.383380 3.314799
1 inf -8.571037 -0.657185 -0.749455 -1.527773 -1.697708 3.391519 -0.452852 2.164442 -0.438777 0.706672 1.956642 0.248138 9.433344 -0.595928 -0.297522 0.375433 3.285516
1 inf -8.561494 -0.643970 -0.729372 -1.562794 -1.677279 3.372348 -0.451413 2.146844 -0.440455 0.721152 1.901403 0.267608 9.428233 -0.586547 -0.284792 0.387076 3.283317
1 inf -8.596753 -0.611720 -0.733288 -1.578514 -1.673176 3.375264 -0.446456 2.132467 -0.437003 0.714885 1.934091 0.296845 9.374055 -0.586829 -0.261615 0.405369 3.305411
1 inf -8.591952 -0.610971 -0.714987 -1.588918 -1.724709 3.382849 -0.474592 2.143755 -0.421458 0.732687 1.905458 0.267646 9.381659 -0.570898 -0.285314 0.402890 3.297932
1 inf -8.590115 -0.626968 -0.716358 -1.614730 -1.757488 3.372982 -0.473383 2.134867 -0.442191 0.748901 1.944583 0.269751 9.348630 -0.564857 -0.273674 0.389478 3.267534
1 inf -8.590116 -0.608355 -0.693039 -1.590619 -1.762425 3.388192 -0.495487 2.091235 -0.450831 0.765152 1.913870 0.286835 9.329784 -0.607014 -0.262022 0.404943 3.304388
1 inf -8.557443 -0.612071 -0.702320 -1.559161 -1.779592 3.405411 -0.482814 2.125663 -0.467761 0.733990 1.867668 0.320737 9.325856 -0.602554 -0.293198 0.438780 3.281420
1 inf -8.542499 -0.612926 -0.703274 -1.570924 -1.794014 3.423901 -0.489444 2.114222 -0.515748 0.711425 1.864413 0.295458 9.342960 -0.631838 -0.307307 0.426126 3.285803
1 inf -8.496201 -0.627022 -0.719588 -1.539435 -1.815061 3.387540 -0.509724 2.118406 -0.520627 0.711114 1.922820 0.293143 9.318415 -0.645165 -0.304856 0.432562 3.326310
1 inf -8.483523 -0.629941 -0.715034 -1.548251 -1.811902 3.408072 -0.488336 2.163236 -0.513863 0.726757 1.921294 0.288148 9.326386 -0.656151 -0.289548 0.467451 3.382179
1 inf -8.478620 -0.649660 -0.733927 -1.553477 -1.796616 3.374549 -0.491344 2.137078 -0.512888 0.703002 1.929395 0.299390 9.335108 -0.658135 -0.332512 0.480722 3.361323
1 inf -8.464195 -0.648619 -0.698532 -1.524645 -1.779416 3.399070 -0.493712 2.144624 -0.519595 0.688617 1.942219 0.291444 9.328126 -0.662410 -0.329559 0.479368 3.379734
1 inf -8.466994 -0.656682 -0.743421 -1.536059 -1.795961 3.392648 -0.508101 2.138354 -0.496231 0.691604 1.944209 0.241040 9.317002 -0.612613 -0.296318 0.487961 3.369684
1 inf -8.465207 -0.676414 -0.760651 -1.513289 -1.792801 3.362995 -0.508929 2.153832 -0.486052 0.683419 1.958323 0.259783 9.343539 -0.616673 -0.339330 0.474408 3.398902
1 inf -8.466396 -0.682599 -0.736860 -1.467195 -1.820897 3.377155 -0.472697 2.164110 -0.529410 0.692124 1.968037 0.290657 9.313686 -0.622804 -0.356263 0.499370 3.383419
1 inf -8.493905 -0.691848 -0.734493 -1.446873 -1.798188 3.390517 -0.501572 2.199178 -0.524377 0.677845 1.995636 0.304901 9.305726 -0.640605 -0.364318 0.490737 3.414515
1 inf -8.505830 -0.701965 -0.713219 -1.425559 -1.781878 3.406444 -0.515250 2.206558 -0.508615 0.640752 1.967454 0.309963 9.298334 -0.635566 -0.364008 0.498381 3.415480
1 inf -8.512290 -0.674461 -0.676990 -1.435019 -1.787573 3.400413 -0.501225 2.197331 -0.497146 0.674038 1.964082 0.303578 9.262491 -0.639535 -0.326490 0.478581 3.416505
1 inf -8.561225 -0.708581 -0.677130 -1.454698 -1.779962 3.384813 -0.501403 2.182616 -0.510863 0.672137 1.973971 0.286707 9.275076 -0.629371 -0.304765 0.474312 3.410593
1 inf -8.551682 -0.695366 -0.657047 -1.489719 -1.759533 3.365642 -0.499964 2.165018 -0.512541 0.686617 1.918732 0.306177 9.269965 -0.619990 -0.292035 0.485955 3.408394
1 inf -8.521469 -0.665039 -0.683441 -1.502859 -1.726776 3.354526 -0.505626 2.134368 -0.496185 0.678787 1.888021 0.327879 9.292483 -0.593820 -0.297435 0.491753 3.406163
1 inf -8.526669 -0.649585 -0.635285 -1.514224 -1.722188 3.347642 -0.565742 2.133340 -0.537072 0.688077 1.857218 0.312681 9.273179 -0.633637 -0.303728 0.479007 3.388309
1 inf -8.501026 -0.656892 -0.624561 -1.522515 -1.728060 3.345398 -0.552575 2.106789 -0.540763 0.687766 1.844393 0.324406 9.249077 -0.644389 -0.322778 0.453433 3.369072
