1 inf -8.678045 -0.960893 -0.284718 -2.248393 -1.397568 3.404049 0.217012 2.538374 0.213595 0.621603 2.358514 0.189053 10.482704 -0.275087 0.177151 3.680316
1 inf -8.741990 -0.957477 -0.288399 -2.286378 -1.383903 3.434300 0.241902 2.532855 0.249962 0.627419 2.351673 0.177326 10.467311 -0.267041 0.149928 3.734898
1 inf -8.739416 -0.958418 -0.311162 -2.268248 -1.365323 3.438840 0.254162 2.573417 0.245601 0.625422 2.361724 0.160082 10.441928 -0.299733 0.172669 3.715167
1 inf -8.756679 -0.916955 -0.278232 -2.264364 -1.388980 3.422800 0.259078 2.583273 0.190047 0.594270 2.370074 0.173512 10.440711 -0.285843 0.177972 3.738813
1 inf -8.796866 -0.904987 -0.275499 -2.258014 -1.402598 3.424397 0.286499 2.595852 0.231349 0.519663 2.364170 0.162752 10.424957 -0.266751 0.241669 3.746453
1 inf -8.740567 -0.918511 -0.282647 -2.227046 -1.418545 3.413183 0.275995 2.581718 0.206203 0.505979 2.336120 0.131006 10.380035 -0.251338 0.207163 3.737807
1 inf -8.776360 -0.922371 -0.287889 -2.213559 -1.402982 3.425842 0.277972 2.592838 0.202375 0.484336 2.327356 0.115306 10.382404 -0.240904 0.211977 3.718568
1 inf -8.787339 -0.916978 -0.311772 -2.197134 -1.421462 3.403541 0.270058 2.599375 0.195579 0.476035 2.314368 0.109266 10.357934 -0.249775 0.212086 3.716622
1 inf -8.787512 -0.892383 -0.341429 -2.228884 -1.429581 3.368485 0.262179 2.599175 0.210414 0.493573 2.269902 0.092949 10.336849 -0.226295 0.226803 3.722357
1 inf -8.785481 -0.908618 -0.371554 -2.202435 -1.455739 3.358703 0.267126 2.596348 0.183430 0.520106 2.296251 0.107313 10.334318 -0.219381 0.212477 3.701878
1 inf -8.795224 -0.889423 -0.359090 -2.205444 -1.468328 3.380349 0.217960 2.589081 0.199504 0.493039 2.294995 0.067234 10.325991 -0.231021 0.187519 3.725700
1 inf -8.796674 -0.889392 -0.357587 -2.208261 -1.454744 3.388681 0.214575 2.590439 0.221080 0.471966 2.253314 0.085326 10.379472 -0.201516 0.200249 3.724543
1 inf -8.818471 -0.914872 -0.377568 -2.220150 -1.420757 3.364839 0.225322 2.583865 0.239030 0.461789 2.231923 0.096379 10.411237 -0.200810 0.203282 3.728495
1 inf -8.778312 -0.912408 -0.362150 -2.198439 -1.451404 3.338639 0.248781 2.594497 0.273229 0.482993 2.237647 0.058056 10.392069 -0.232521 0.154978 3.713474
1 inf -8.782906 -0.918832 -0.361586 -2.217788 -1.404218 3.349045 0.278350 2.584549 0.244730 0.490033 2.227178 0.074237 10.402091 -0.225495 0.151649 3.714097
1 inf -8.781022 -0.899448 -0.327303 -2.201126 -1.388863 3.333565 0.241769 2.604933 0.274313 0.509575 2.257446 0.080282 10.390409 -0.171081 0.133777 3.703848
1 inf -8.779935 -0.867602 -0.358609 -2.242199 -1.389935 3.363523 0.224902 2.619473 0.264047 0.477153 2.275387 0.124840 10.393883 -0.186326 0.163235 3.706141
1 inf -8.762803 -0.853138 -0.401539 -2.256572 -1.382856 3.358568 0.236258 2.635841 0.244154 0.494253 2.253886 0.092066 10.385852 -0.212831 0.097021 3.684088
1 inf -8.770973 -0.843967 -0.372589 -2.269372 -1.397151 3.354784 0.240902 2.637663 0.254338 0.485736 2.259697 0.078514 10.406860 -0.257962 0.091273 3.663815
1 inf -8.777235 -0.857697 -0.342453 -2.284279 -1.428358 3.365859 0.225636 2.610600 0.274387 0.472360 2.297610 0.078916 10.391389 -0.230963 0.074732 3.650202
1 inf -8.803039 -0.850267 -0.342215 -2.241089 -1.447446 3.349479 0.223573 2.619950 0.267278 0.483486 2.310141 0.113668 10.395281 -0.214037 0.080220 3.652067
1 inf -8.817963 -0.826491 -0.313631 -2.225603 -1.423985 3.382108 0.243594 2.639591 0.260666 0.482846 2.302778 0.088059 10.394858 -0.245115 0.042352 3.654696
1 inf -8.798161 -0.809611 -0.339369 -2.216906 -1.414591 3.413665 0.258844 2.649258 0.296213 0.472943 2.349595 0.088221 10.399541 -0.232864 0.020549 3.628935
1 inf -8.827667 -0.835953 -0.352700 -2.206028 -1.409498 3.393540 0.264431 2.663468 0.304446 0.516377 2.279319 0.089840 10.379640 -0.232071 0.021724 3.644863
1 inf -8.839769 -0.796983 -0.340890 -2.233572 -1.417107 3.396300 0.262418 2.668050 0.312785 0.498519 2.257455 0.066149 10.403480 -0.256542 0.036196 3.645695
1 inf -8.842169 -0.802993 -0.370195 -2.244683 -1.447279 3.370566 0.280151 2.660445 0.329096 0.489039 2.214652 0.086722 10.414101 -0.224774 0.052185 3.655739
1 inf -8.841213 -0.839555 -0.376295 -2.228862 -1.425234 3.350978 0.294729 2.652007 0.306269 0.460616 2.244540 0.079378 10.421618 -0.210607 0.054172 3.641845
1 inf -8.838755 -0.840691 -0.384261 -2.244975 -1.460887 3.383484 0.295558 2.660280 0.328274 0.463117 2.228068 0.092046 10.444426 -0.204244 0.014788 3.654057
1 151.23163 -8.823646 -0.836707 -0.383470 -2.250335 -1.451269 3.398726 0.296028 2.655170 0.371307 0.492785 2.268956 0.118137 10.468127 -0.198919 0.005446 3.664621
1 150.58443 -8.848302 -0.851846 -0.393089 -2.220398 -1.444006 3.432173 0.260457 2.656560 0.363383 0.456299 2.263984 0.091962 10.462384 -0.199707 -0.006007 3.686601
1 150.58443 -8.848302 -0.851846 -0.393089 -2.220398 -1.444006 3.432173 0.260457 2.656560 0.363383 0.456299 2.263984 0.091962 10.462384 -0.199707 -0.006007 3.686601
1 150.58443 -8.848302 -0.851846 -0.393089 -2.220398 -1.444006 3.432173 0.260457 2.656560 0.363383 0.456299 2.263984 0.091962 10.462384 -0.199707 -0.006007 3.686601
1 145.19001 -8.867774 -0.826429 -0.415717 -2.224819 -1.426569 3.441662 0.238027 2.627588 0.337430 0.476207 2.291667 0.069371 10.434691 -0.191176 0.011902 3.684594
1 145.19001 -8.867774 -0.826429 -0.415717 -2.224819 -1.426569 3.441662 0.238027 2.627588 0.337430 0.476207 2.291667 0.069371 10.434691 -0.191176 0.011902 3.684594
1 145.19001 -8.867774 -0.826429 -0.415717 -2.224819 -1.426569 3.441662 0.238027 2.627588 0.337430 0.476207 2.291667 0.069371 10.434691 -0.191176 0.011902 3.684594
1 144.9225 -8.899895 -0.814933 -0.393429 -2.224062 -1.421584 3.448069 0.253300 2.623097 0.330855 0.473194 2.268010 0.068867 10.424965 -0.218482 -0.007371 3.689931
1 144.9225 -8.899895 -0.814933 -0.393429 -2.224062 -1.421584 3.448069 0.253300 2.623097 0.330855 0.473194 2.268010 0.068867 10.424965 -0.218482 -0.007371 3.689931
1 144.9225 -8.899895 -0.814933 -0.393429 -2.224062 -1.421584 3.448069 0.253300 2.623097 0.330855 0.473194 2.268010 0.068867 10.424965 -0.218482 -0.007371 3.689931
1 144.9225 -8.899895 -0.814933 -0.393429 -2.224062 -1.421584 3.448069 0.253300 2.623097 0.330855 0.473194 2.268010 0.068867 10.424965 -0.218482 -0.007371 3.689931
1 143.50546 -8.916026 -0.823262 -0.417292 -2.205221 -1.390475 3.441027 0.258303 2.618961 0.314746 0.418748 2.254711 0.092905 10.411260 -0.218237 -0.002119 3.711374
1 139.64797 -8.954239 -0.824879 -0.443327 -2.215738 -1.389086 3.444913 0.253426 2.586556 0.294034 0.423660 2.248271 0.072818 10.404203 -0.220601 -0.036827 3.749858
1 137.50123 -8.916805 -0.813831 -0.432991 -2.218248 -1.397573 3.441116 0.246906 2.578606 0.298358 0.400456 2.225734 0.076388 10.401292 -0.220911 -0.037655 3.760649
1 137.50123 -8.916805 -0.813831 -0.432991 -2.218248 -1.397573 3.441116 0.246906 2.578606 0.298358 0.400456 2.225734 0.076388 10.401292 -0.220911 -0.037655 3.760649
1 137.33039 -8.928679 -0.832758 -0.420428 -2.226571 -1.356653 3.464567 0.276023 2.596247 0.322285 0.384505 2.202161 0.078669 10.360539 -0.211477 -0.041294 3.799322
1 132.19821 -8.938800 -0.860606 -0.402416 -2.241163 -1.359905 3.471840 0.270176 2.573851 0.281372 0.392566 2.172718 0.062537 10.367507 -0.196204 -0.014261 3.816799
1 132.19821 -8.938800 -0.860606 -0.402416 -2.241163 -1.359905 3.471840 0.270176 2.573851 0.281372 0.392566 2.172718 0.062537 10.367507 -0.196204 -0.014261 3.816799
1 132.19821 -8.938800 -0.860606 -0.402416 -2.241163 -1.359905 3.471840 0.270176 2.573851 0.281372 0.392566 2.172718 0.062537 10.367507 -0.196204 -0.014261 3.816799
1 126.80575 -8.922548 -0.848872 -0.411862 -2.241135 -1.363886 3.474078 0.306279 2.568049 0.253979 0.365591 2.159566 0.060045 10.335777 -0.209898 -0.000280 3.782871
1 126.80575 -8.922548 -0.848872 -0.411862 -2.241135 -1.363886 3.474078 0.306279 2.568049 0.253979 0.365591 2.159566 0.060045 10.335777 -0.209898 -0.000280 3.782871
1 126.87883 -8.962381 -0.851152 -0.433508 -2.218866 -1.356707 3.472736 0.284778 2.543635 0.279730 0.341585 2.148594 0.051707 10.324171 -0.199247 0.007581 3.776477
1 126.87883 -8.962381 -0.851152 -0.433508 -2.218866 -1.356707 3.472736 0.284778 2.543635 0.279730 0.341585 2.148594 0.051707 10.324171 -0.199247 0.007581 3.776477
1 126.87883 -8.962381 -0.851152 -0.433508 -2.218866 -1.356707 3.472736 0.284778 2.543635 0.279730 0.341585 2.148594 0.051707 10.324171 -0.199247 0.007581 3.776477
1 126.87883 -8.962381 -0.851152 -0.433508 -2.218866 -1.356707 3.472736 0.284778 2.543635 0.279730 0.341585 2.148594 0.051707 10.324171 -0.199247 0.007581 3.776477
1 128.17889 -8.956155 -0.841847 -0.413980 -2.179674 -1.387178 3.466080 0.290406 2.539552 0.267612 0.352439 2.147662 0.063057 10.323284 -0.195272 0.004058 3.777806
1 128.17889 -8.956155 -0.841847 -0.413980 -2.179674 -1.387178 3.466080 0.290406 2.539552 0.267612 0.352439 2.147662 0.063057 10.323284 -0.195272 0.004058 3.777806
1 128.17889 -8.956155 -0.841847 -0.413980 -2.179674 -1.387178 3.466080 0.290406 2.539552 0.267612 0.352439 2.147662 0.063057 10.323284 -0.195272 0.004058 3.777806
1 128.17889 -8.956155 -0.841847 -0.413980 -2.179674 -1.387178 3.466080 0.290406 2.539552 0.267612 0.352439 2.147662 0.063057 10.323284 -0.195272 0.004058 3.777806
1 128.17889 -8.956155 -0.841847 -0.413980 -2.179674 -1.387178 3.466080 0.290406 2.539552 0.267612 0.352439 2.147662 0.063057 10.323284 -0.195272 0.004058 3.777806
1 128.17889 -8.956155 -0.841847 -0.413980 -2.179674 -1.387178 3.466080 0.290406 2.539552 0.267612 0.352439 2.147662 0.063057 10.323284 -0.195272 0.004058 3.777806
1 127.25362 -8.938706 -0.818799 -0.418830 -2.237844 -1.348453 3.465884 0.304098 2.538398 0.262017 0.363745 2.148456 0.070294 10.318015 -0.187543 0.023224 3.802990
1 126.63354 -8.933731 -0.805458 -0.381270 -2.267843 -1.344145 3.442368 0.285518 2.514854 0.286692 0.373244 2.134230 0.080101 10.271923 -0.187051 0.042001 3.796234
1 126.44835 -8.925379 -0.782143 -0.367847 -2.281792 -1.321728 3.437021 0.277566 2.540854 0.289089 0.401035 2.115245 0.067291 10.289839 -0.213769 0.024931 3.795342
1 125.08961 -8.925730 -0.809657 -0.358827 -2.299436 -1.332323 3.438269 0.298013 2.550028 0.292400 0.389614 2.068633 0.055610 10.274454 -0.221740 0.016243 3.803555
1 124.1659 -8.946658 -0.785673 -0.354803 -2.308636 -1.328474 3.447732 0.277100 2.519540 0.285113 0.354260 2.048206 0.061087 10.248351 -0.190404 0.017369 3.777509
1 124.1659 -8.946658 -0.785673 -0.354803 -2.308636 -1.328474 3.447732 0.277100 2.519540 0.285113 0.354260 2.048206 0.061087 10.248351 -0.190404 0.017369 3.777509
1 123.3802 -8.962270 -0.795460 -0.356614 -2.315387 -1.334777 3.448557 0.269080 2.509866 0.265198 0.365200 2.023881 0.046014 10.221163 -0.225129 0.031072 3.759470
1 123.3802 -8.962270 -0.795460 -0.356614 -2.315387 -1.334777 3.448557 0.269080 2.509866 0.265198 0.365200 2.023881 0.046014 10.221163 -0.225129 0.031072 3.759470
1 123.3802 -8.962270 -0.795460 -0.356614 -2.315387 -1.334777 3.448557 0.269080 2.509866 0.265198 0.365200 2.023881 0.046014 10.221163 -0.225129 0.031072 3.759470
1 123.3802 -8.962270 -0.795460 -0.356614 -2.315387 -1.334777 3.448557 0.269080 2.509866 0.265198 0.365200 2.023881 0.046014 10.221163 -0.225129 0.031072 3.759470
1 123.3802 -8.962270 -0.795460 -0.356614 -2.315387 -1.334777 3.448557 0.269080 2.509866 0.265198 0.365200 2.023881 0.046014 10.221163 -0.225129 0.031072 3.759470
1 123.3802 -8.962270 -0.795460 -0.356614 -2.315387 -1.334777 3.448557 0.269080 2.509866 0.265198 0.365200 2.023881 0.046014 10.221163 -0.225129 0.031072 3.759470
1 122.76481 -8.956999 -0.773979 -0.355856 -2.293006 -1.343637 3.460709 0.232519 2.520369 0.299570 0.353966 2.018107 0.038460 10.216194 -0.263423 0.021604 3.750519
1 121.09027 -8.965640 -0.803290 -0.374175 -2.310755 -1.381182 3.467638 0.212055 2.504901 0.324188 0.317340 1.985191 0.071040 10.237545 -0.280994 -0.000777 3.766595
1 121.09027 -8.965640 -0.803290 -0.374175 -2.310755 -1.381182 3.467638 0.212055 2.504901 0.324188 0.317340 1.985191 0.071040 10.237545 -0.280994 -0.000777 3.766595
1 121.26409 -8.957751 -0.809622 -0.382494 -2.340996 -1.362767 3.456687 0.186863 2.524413 0.357165 0.308007 1.994568 0.063888 10.228924 -0.286540 0.033470 3.780926
1 121.2154 -8.963656 -0.806882 -0.377183 -2.359769 -1.388061 3.457621 0.187989 2.543368 0.400585 0.316906 1.951978 0.057494 10.218293 -0.279735 0.017143 3.814942
1 121.2154 -8.963656 -0.806882 -0.377183 -2.359769 -1.388061 3.457621 0.187989 2.543368 0.400585 0.316906 1.951978 0.057494 10.218293 -0.279735 0.017143 3.814942
1 121.2154 -8.963656 -0.806882 -0.377183 -2.359769 -1.388061 3.457621 0.187989 2.543368 0.400585 0.316906 1.951978 0.057494 10.218293 -0.279735 0.017143 3.814942
1 121.2154 -8.963656 -0.806882 -0.377183 -2.359769 -1.388061 3.457621 0.187989 2.543368 0.400585 0.316906 1.951978 0.057494 10.218293 -0.279735 0.017143 3.814942
1 121.97786 -8.965729 -0.825024 -0.395687 -2.389257 -1.376960 3.444860 0.132535 2.534657 0.406644 0.330833 1.951178 0.030036 10.231386 -0.301859 0.026032 3.819016
1 120.36485 -8.950935 -0.856171 -0.394556 -2.368849 -1.388098 3.436084 0.176338 2.522154 0.408293 0.331695 1.946389 0.040742 10.200442 -0.315017 -0.003733 3.859123
1 120.36485 -8.950935 -0.856171 -0.394556 -2.368849 -1.388098 3.436084 0.176338 2.522154 0.408293 0.331695 1.946389 0.040742 10.200442 -0.315017 -0.003733 3.859123
1 118.54296 -8.907183 -0.863123 -0.397500 -2.353451 -1.415249 3.437326 0.182551 2.511166 0.395347 0.333737 1.899763 0.061137 10.218565 -0.297522 -0.001937 3.864886
1 118.54296 -8.907183 -0.863123 -0.397500 -2.353451 -1.415249 3.437326 0.182551 2.511166 0.395347 0.333737 1.899763 0.061137 10.218565 -0.297522 -0.001937 3.864886
1 118.54296 -8.907183 -0.863123 -0.397500 -2.353451 -1.415249 3.437326 0.182551 2.511166 0.395347 0.333737 1.899763 0.061137 10.218565 -0.297522 -0.001937 3.864886
1 118.54296 -8.907183 -0.863123 -0.397500 -2.353451 -1.415249 3.437326 0.182551 2.511166 0.395347 0.333737 1.899763 0.061137 10.218565 -0.297522 -0.001937 3.864886
1 118.54296 -8.907183 -0.863123 -0.397500 -2.353451 -1.415249 3.437326 0.182551 2.511166 0.395347 0.333737 1.899763 0.061137 10.218565 -0.297522 -0.001937 3.864886
1 118.54296 -8.907183 -0.863123 -0.397500 -2.353451 -1.415249 3.437326 0.182551 2.511166 0.395347 0.333737 1.899763 0.061137 10.218565 -0.297522 -0.001937 3.864886
1 118.54296 -8.907183 -0.863123 -0.397500 -2.353451 -1.415249 3.437326 0.182551 2.511166 0.395347 0.333737 1.899763 0.061137 10.218565 -0.297522 -0.001937 3.864886
1 118.54296 -8.907183 -0.863123 -0.397500 -2.353451 -1.415249 3.437326 0.182551 2.511166 0.395347 0.333737 1.899763 0.061137 10.218565 -0.297522 -0.001937 3.864886
1 118.54296 -8.907183 -0.863123 -0.397500 -2.353451 -1.415249 3.437326 0.182551 2.511166 0.395347 0.333737 1.899763 0.061137 10.218565 -0.297522 -0.001937 3.864886
1 118.54296 -8.907183 -0.863123 -0.397500 -2.353451 -1.415249 3.437326 0.182551 2.511166 0.395347 0.333737 1.899763 0.061137 10.218565 -0.297522 -0.001937 3.864886
1 118.54296 -8.907183 -0.863123 -0.397500 -2.353451 -1.415249 3.437326 0.182551 2.511166 0.395347 0.333737 1.899763 0.061137 10.218565 -0.297522 -0.001937 3.864886
1 119.54644 -8.905538 -0.841158 -0.393932 -2.331955 -1.433304 3.401542 0.177119 2.539172 0.366624 0.305865 1.899311 0.072383 10.207073 -0.275400 0.012268 3.923847
1 119.54644 -8.905538 -0.841158 -0.393932 -2.331955 -1.433304 3.401542 0.177119 2.539172 0.366624 0.305865 1.899311 0.072383 10.207073 -0.275400 0.012268 3.923847
1 112.70903 -8.904359 -0.858273 -0.419498 -2.322365 -1.461750 3.411849 0.184606 2.591267 0.346614 0.341816 1.852214 0.048040 10.202976 -0.271291 0.066879 3.927226
1 112.93904 -8.908267 -0.896538 -0.406032 -2.313800 -1.472937 3.401847 0.247108 2.587771 0.324346 0.328555 1.855535 0.032056 10.208691 -0.251571 0.078854 3.914541
1 112.93904 -8.908267 -0.896538 -0.406032 -2.313800 -1.472937 3.401847 0.247108 2.587771 0.324346 0.328555 1.855535 0.032056 10.208691 -0.251571 0.078854 3.914541
1 112.93904 -8.908267 -0.896538 -0.406032 -2.313800 -1.472937 3.401847 0.247108 2.587771 0.324346 0.328555 1.855535 0.032056 10.208691 -0.251571 0.078854 3.914541
1 112.93904 -8.908267 -0.896538 -0.406032 -2.313800 -1.472937 3.401847 0.247108 2.587771 0.324346 0.328555 1.855535 0.032056 10.208691 -0.251571 0.078854 3.914541
1 112.51357 -8.888046 -0.913499 -0.393188 -2.321756 -1.436391 3.375116 0.223682 2.588600 0.285473 0.292460 1.831387 0.028911 10.191866 -0.272096 0.073354 3.963744
1 112.51357 -8.888046 -0.913499 -0.393188 -2.321756 -1.436391 3.375116 0.223682 2.588600 0.285473 0.292460 1.831387 0.028911 10.191866 -0.272096 0.073354 3.963744
1 112.52004 -8.896613 -0.919092 -0.405426 -2.295204 -1.464652 3.383831 0.207746 2.573275 0.261154 0.309335 1.823384 0.018475 10.181947 -0.295876 0.081350 3.979223
1 111.07416 -8.893658 -0.912638 -0.371883 -2.325507 -1.463417 3.404838 0.213624 2.571660 0.261681 0.283084 1.832486 -0.007943 10.189033 -0.314553 0.082553 3.960130
1 111.07416 -8.893658 -0.912638 -0.371883 -2.325507 -1.463417 3.404838 0.213624 2.571660 0.261681 0.283084 1.832486 -0.007943 10.189033 -0.314553 0.082553 3.960130
1 109.39873 -8.860857 -0.883155 -0.371587 -2.325448 -1.464242 3.411933 0.248546 2.565755 0.248890 0.289093 1.854561 0.005053 10.205226 -0.325635 0.083476 3.923704
1 109.39873 -8.860857 -0.883155 -0.371587 -2.325448 -1.464242 3.411933 0.248546 2.565755 0.248890 0.289093 1.854561 0.005053 10.205226 -0.325635 0.083476 3.923704
1 109.39873 -8.860857 -0.883155 -0.371587 -2.325448 -1.464242 3.411933 0.248546 2.565755 0.248890 0.289093 1.854561 0.005053 10.205226 -0.325635 0.083476 3.923704
1 108.90773 -8.860463 -0.877985 -0.365614 -2.341406 -1.443033 3.441421 0.265052 2.575697 0.228062 0.295022 1.847513 -0.016576 10.196770 -0.296187 0.104952 3.904068
1 108.90773 -8.860463 -0.877985 -0.365614 -2.341406 -1.443033 3.441421 0.265052 2.575697 0.228062 0.295022 1.847513 -0.016576 10.196770 -0.296187 0.104952 3.904068
1 108.90773 -8.860463 -0.877985 -0.365614 -2.341406 -1.443033 3.441421 0.265052 2.575697 0.228062 0.295022 1.847513 -0.016576 10.196770 -0.296187 0.104952 3.904068
1 109.44592 -8.836986 -0.866421 -0.380311 -2.332581 -1.466621 3.464122 0.236900 2.556432 0.204173 0.272702 1.890732 -0.042729 10.213034 -0.319027 0.089323 3.917180
1 109.44592 -8.836986 -0.866421 -0.380311 -2.332581 -1.466621 3.464122 0.236900 2.556432 0.204173 0.272702 1.890732 -0.042729 10.213034 -0.319027 0.089323 3.917180
