1 inf -8.701415 -0.962707 -0.279622 -2.219455 -1.378863 3.354508 0.153446 2.560695 0.174598 0.602207 2.309543 0.149119 10.474452 -0.280449 0.212847 3.676841
1 inf -8.693987 -0.944760 -0.247927 -2.220097 -1.394228 3.373205 0.152528 2.560772 0.167120 0.597956 2.315042 0.155410 10.505524 -0.258649 0.227120 3.682305
1 inf -8.699989 -0.978401 -0.251087 -2.216609 -1.377575 3.372234 0.187730 2.554023 0.171773 0.565355 2.312942 0.130454 10.487304 -0.240750 0.242652 3.724528
1 inf -8.707832 -0.996088 -0.258850 -2.214831 -1.396162 3.355096 0.150385 2.562402 0.183119 0.585447 2.312693 0.134925 10.483251 -0.227257 0.270133 3.704819
1 inf -8.700885 -0.956570 -0.271103 -2.223206 -1.401280 3.381552 0.109969 2.551696 0.197027 0.560744 2.307358 0.146743 10.473273 -0.192579 0.277041 3.706200
1 inf -8.676547 -0.950600 -0.338758 -2.224132 -1.365953 3.365771 0.118263 2.544610 0.216003 0.558956 2.301805 0.127705 10.449977 -0.202860 0.290692 3.716753
1 inf -8.695636 -0.926926 -0.347956 -2.203866 -1.371339 3.401272 0.124955 2.576457 0.193669 0.538540 2.326086 0.113994 10.441015 -0.222815 0.257886 3.709774
1 inf -8.678642 -0.920041 -0.354507 -2.209339 -1.394045 3.376853 0.111985 2.567667 0.197857 0.554457 2.288557 0.162935 10.456864 -0.235013 0.278134 3.665262
1 inf -8.663730 -0.898088 -0.345042 -2.201366 -1.370135 3.347395 0.133420 2.542869 0.219646 0.513146 2.281632 0.200033 10.479040 -0.202413 0.270483 3.653534
1 inf -8.705873 -0.883597 -0.337020 -2.223961 -1.359483 3.346795 0.143976 2.547580 0.241775 0.507770 2.281687 0.180806 10.449228 -0.199490 0.272003 3.625214
1 inf -8.702264 -0.871138 -0.331440 -2.231987 -1.324632 3.355902 0.106938 2.556036 0.225780 0.511518 2.309888 0.160634 10.464959 -0.205737 0.250095 3.620085
1 inf -8.733435 -0.865416 -0.345194 -2.212583 -1.305478 3.351546 0.120170 2.548214 0.229281 0.454446 2.307538 0.168255 10.426181 -0.227300 0.222448 3.629909
1 inf -8.711010 -0.901359 -0.344569 -2.234618 -1.304057 3.391874 0.145932 2.549977 0.229303 0.429207 2.292039 0.211624 10.430337 -0.219602 0.206692 3.618793
1 inf -8.703978 -0.896488 -0.305484 -2.225290 -1.346985 3.392971 0.138435 2.589193 0.228202 0.418653 2.288065 0.209453 10.404118 -0.235915 0.216611 3.609715
1 inf -8.745669 -0.914228 -0.299781 -2.208439 -1.380698 3.428291 0.126701 2.607163 0.243208 0.402455 2.275296 0.212068 10.430168 -0.227922 0.223950 3.610859
1 inf -8.763042 -0.921433 -0.339063 -2.237115 -1.375488 3.427955 0.120581 2.572828 0.233682 0.386616 2.269016 0.211612 10.415005 -0.256459 0.227970 3.610633
1 inf -8.771219 -0.915234 -0.361643 -2.214745 -1.352728 3.427986 0.117193 2.565663 0.226907 0.379790 2.253426 0.186866 10.416375 -0.216777 0.205237 3.603364
1 inf -8.728823 -0.943999 -0.357050 -2.226221 -1.342221 3.394907 0.140031 2.590446 0.208644 0.363988 2.205613 0.184750 10.388058 -0.214190 0.243972 3.596892
1 inf -8.707514 -0.947457 -0.356520 -2.212004 -1.279350 3.396369 0.192694 2.608096 0.258321 0.355389 2.218494 0.185687 10.397057 -0.183248 0.270454 3.609380
1 inf -8.700833 -0.963996 -0.377719 -2.186335 -1.236785 3.417213 0.178053 2.617799 0.261633 0.322788 2.239582 0.157027 10.382266 -0.221231 0.289308 3.615751
1 inf -8.666158 -0.963367 -0.402343 -2.223068 -1.235150 3.441540 0.177542 2.614505 0.261713 0.267696 2.279057 0.149215 10.371074 -0.245451 0.286420 3.626593
1 inf -8.647936 -0.959104 -0.441114 -2.237120 -1.250326 3.472835 0.181544 2.636063 0.254177 0.290681 2.300144 0.149772 10.385901 -0.211880 0.322129 3.632565
1 inf -8.634849 -0.955472 -0.404009 -2.230993 -1.252068 3.453287 0.167126 2.629867 0.250416 0.282074 2.289019 0.146638 10.345638 -0.212216 0.281409 3.653636
1 inf -8.626236 -0.957867 -0.389062 -2.232310 -1.265186 3.463338 0.190677 2.628937 0.227065 0.253590 2.285543 0.148645 10.305467 -0.194417 0.352606 3.692289
1 inf -8.638895 -0.988312 -0.370028 -2.249199 -1.270315 3.464346 0.215512 2.592539 0.234628 0.294887 2.291082 0.145448 10.277592 -0.177054 0.358082 3.706578
1 inf -8.603626 -0.968686 -0.385767 -2.216248 -1.268389 3.461821 0.204812 2.542239 0.238181 0.307735 2.257224 0.156793 10.231527 -0.192496 0.366596 3.711406
1 108.18582 -8.606712 -0.970942 -0.389124 -2.194512 -1.238543 3.421451 0.148809 2.548352 0.236415 0.312884 2.247885 0.147343 10.242768 -0.195094 0.377159 3.721613
1 106.61242 -8.573073 -0.955025 -0.378237 -2.205982 -1.279442 3.433565 0.133211 2.600116 0.203975 0.294054 2.208811 0.151130 10.245031 -0.209172 0.347041 3.727582
1 102.0562 -8.564181 -0.959053 -0.392179 -2.147241 -1.312598 3.423526 0.176548 2.609069 0.230477 0.231183 2.189542 0.137502 10.245893 -0.191437 0.340930 3.726700
1 102.0562 -8.564181 -0.959053 -0.392179 -2.147241 -1.312598 3.423526 0.176548 2.609069 0.230477 0.231183 2.189542 0.137502 10.245893 -0.191437 0.340930 3.726700
1 101.60386 -8.572455 -0.985409 -0.393139 -2.138362 -1.345110 3.436498 0.204234 2.627822 0.220258 0.252165 2.206442 0.155963 10.238411 -0.153648 0.352817 3.782553
1 101.60386 -8.572455 -0.985409 -0.393139 -2.138362 -1.345110 3.436498 0.204234 2.627822 0.220258 0.252165 2.206442 0.155963 10.238411 -0.153648 0.352817 3.782553
1 101.21621 -8.552874 -0.983763 -0.373639 -2.146780 -1.364822 3.422192 0.229898 2.596376 0.199258 0.266032 2.232725 0.167769 10.202715 -0.158071 0.351852 3.749786
1 101.21621 -8.552874 -0.983763 -0.373639 -2.146780 -1.364822 3.422192 0.229898 2.596376 0.199258 0.266032 2.232725 0.167769 10.202715 -0.158071 0.351852 3.749786
1 100.62247 -8.554714 -0.933817 -0.364805 -2.120520 -1.363712 3.430020 0.200094 2.636520 0.224949 0.278884 2.219884 0.162359 10.222516 -0.158988 0.370530 3.753963
1 100.62247 -8.554714 -0.933817 -0.364805 -2.120520 -1.363712 3.430020 0.200094 2.636520 0.224949 0.278884 2.219884 0.162359 10.222516 -0.158988 0.370530 3.753963
1 100.62247 -8.554714 -0.933817 -0.364805 -2.120520 -1.363712 3.430020 0.200094 2.636520 0.224949 0.278884 2.219884 0.162359 10.222516 -0.158988 0.370530 3.753963
1 99.673987 -8.584314 -0.970886 -0.344505 -2.138403 -1.402773 3.423507 0.210756 2.599375 0.219029 0.269267 2.223601 0.141949 10.206674 -0.166754 0.380100 3.765731
1 99.673987 -8.584314 -0.970886 -0.344505 -2.138403 -1.402773 3.423507 0.210756 2.599375 0.219029 0.269267 2.223601 0.141949 10.206674 -0.166754 0.380100 3.765731
1 99.673987 -8.584314 -0.970886 -0.344505 -2.138403 -1.402773 3.423507 0.210756 2.599375 0.219029 0.269267 2.223601 0.141949 10.206674 -0.166754 0.380100 3.765731
1 96.028662 -8.584831 -0.975265 -0.357897 -2.161804 -1.427605 3.447677 0.177372 2.605966 0.235460 0.273175 2.203806 0.127588 10.226706 -0.171012 0.401245 3.731887
1 96.028662 -8.584831 -0.975265 -0.357897 -2.161804 -1.427605 3.447677 0.177372 2.605966 0.235460 0.273175 2.203806 0.127588 10.226706 -0.171012 0.401245 3.731887
1 96.028662 -8.584831 -0.975265 -0.357897 -2.161804 -1.427605 3.447677 0.177372 2.605966 0.235460 0.273175 2.203806 0.127588 10.226706 -0.171012 0.401245 3.731887
1 96.028662 -8.584831 -0.975265 -0.357897 -2.161804 -1.427605 3.447677 0.177372 2.605966 0.235460 0.273175 2.203806 0.127588 10.226706 -0.171012 0.401245 3.731887
1 96.028662 -8.584831 -0.975265 -0.357897 -2.161804 -1.427605 3.447677 0.177372 2.605966 0.235460 0.273175 2.203806 0.127588 10.226706 -0.171012 0.401245 3.731887
1 96.028662 -8.584831 -0.975265 -0.357897 -2.161804 -1.427605 3.447677 0.177372 2.605966 0.235460 0.273175 2.203806 0.127588 10.226706 -0.171012 0.401245 3.731887
1 93.783627 -8.586266 -0.977134 -0.366094 -2.182697 -1.450268 3.431809 0.162756 2.605669 0.259852 0.239612 2.170315 0.100602 10.187426 -0.136903 0.399309 3.704554
1 93.783627 -8.586266 -0.977134 -0.366094 -2.182697 -1.450268 3.431809 0.162756 2.605669 0.259852 0.239612 2.170315 0.100602 10.187426 -0.136903 0.399309 3.704554
1 90.716781 -8.554115 -0.941179 -0.380867 -2.245321 -1.442756 3.445024 0.136569 2.611896 0.295251 0.247610 2.162305 0.138102 10.146697 -0.136464 0.374991 3.726036
1 89.667836 -8.543961 -0.932353 -0.389997 -2.294286 -1.445235 3.469467 0.155954 2.586063 0.291336 0.237661 2.155092 0.168644 10.109759 -0.106311 0.356272 3.695237
1 87.857638 -8.533206 -0.953852 -0.390587 -2.309250 -1.460269 3.450829 0.178063 2.594976 0.297977 0.208010 2.181788 0.179103 10.109477 -0.102503 0.358847 3.707423
1 86.674873 -8.548052 -0.949138 -0.355873 -2.262174 -1.428031 3.454822 0.174278 2.614140 0.294370 0.211800 2.179520 0.167447 10.079994 -0.116683 0.353666 3.749318
1 86.674873 -8.548052 -0.949138 -0.355873 -2.262174 -1.428031 3.454822 0.174278 2.614140 0.294370 0.211800 2.179520 0.167447 10.079994 -0.116683 0.353666 3.749318
1 86.674873 -8.548052 -0.949138 -0.355873 -2.262174 -1.428031 3.454822 0.174278 2.614140 0.294370 0.211800 2.179520 0.167447 10.079994 -0.116683 0.353666 3.749318
1 86.674873 -8.548052 -0.949138 -0.355873 -2.262174 -1.428031 3.454822 0.174278 2.614140 0.294370 0.211800 2.179520 0.167447 10.079994 -0.116683 0.353666 3.749318
1 86.38809 -8.530792 -0.991369 -0.370894 -2.276983 -1.461807 3.423887 0.170256 2.601827 0.304918 0.266853 2.170932 0.155615 10.073198 -0.134874 0.347664 3.754261
1 86.38809 -8.530792 -0.991369 -0.370894 -2.276983 -1.461807 3.423887 0.170256 2.601827 0.304918 0.266853 2.170932 0.155615 10.073198 -0.134874 0.347664 3.754261
1 86.38809 -8.530792 -0.991369 -0.370894 -2.276983 -1.461807 3.423887 0.170256 2.601827 0.304918 0.266853 2.170932 0.155615 10.073198 -0.134874 0.347664 3.754261
1 86.38809 -8.530792 -0.991369 -0.370894 -2.276983 -1.461807 3.423887 0.170256 2.601827 0.304918 0.266853 2.170932 0.155615 10.073198 -0.134874 0.347664 3.754261
1 84.442162 -8.485717 -0.972712 -0.361417 -2.292036 -1.449161 3.457464 0.177218 2.603635 0.305885 0.263923 2.158231 0.106567 10.040217 -0.141862 0.327470 3.777638
1 83.770811 -8.526676 -0.964982 -0.365723 -2.307922 -1.388071 3.413338 0.130599 2.635992 0.284632 0.295252 2.135747 0.074476 10.034899 -0.149736 0.323400 3.797873
1 82.436482 -8.515456 -0.945440 -0.320951 -2.297382 -1.394827 3.436779 0.147518 2.610017 0.332022 0.265950 2.179830 0.106500 10.030360 -0.172312 0.323722 3.782553
1 82.436482 -8.515456 -0.945440 -0.320951 -2.297382 -1.394827 3.436779 0.147518 2.610017 0.332022 0.265950 2.179830 0.106500 10.030360 -0.172312 0.323722 3.782553
1 82.436482 -8.515456 -0.945440 -0.320951 -2.297382 -1.394827 3.436779 0.147518 2.610017 0.332022 0.265950 2.179830 0.106500 10.030360 -0.172312 0.323722 3.782553
1 82.436482 -8.515456 -0.945440 -0.320951 -2.297382 -1.394827 3.436779 0.147518 2.610017 0.332022 0.265950 2.179830 0.106500 10.030360 -0.172312 0.323722 3.782553
1 82.436482 -8.515456 -0.945440 -0.320951 -2.297382 -1.394827 3.436779 0.147518 2.610017 0.332022 0.265950 2.179830 0.106500 10.030360 -0.172312 0.323722 3.782553
1 82.436482 -8.515456 -0.945440 -0.320951 -2.297382 -1.394827 3.436779 0.147518 2.610017 0.332022 0.265950 2.179830 0.106500 10.030360 -0.172312 0.323722 3.782553
1 82.436482 -8.515456 -0.945440 -0.320951 -2.297382 -1.394827 3.436779 0.147518 2.610017 0.332022 0.265950 2.179830 0.106500 10.030360 -0.172312 0.323722 3.782553
1 82.436482 -8.515456 -0.945440 -0.320951 -2.297382 -1.394827 3.436779 0.147518 2.610017 0.332022 0.265950 2.179830 0.106500 10.030360 -0.172312 0.323722 3.782553
1 82.436482 -8.515456 -0.945440 -0.320951 -2.297382 -1.394827 3.436779 0.147518 2.610017 0.332022 0.265950 2.179830 0.106500 10.030360 -0.172312 0.323722 3.782553
1 82.436482 -8.515456 -0.945440 -0.320951 -2.297382 -1.394827 3.436779 0.147518 2.610017 0.332022 0.265950 2.179830 0.106500 10.030360 -0.172312 0.323722 3.782553
1 82.436482 -8.515456 -0.945440 -0.320951 -2.297382 -1.394827 3.436779 0.147518 2.610017 0.332022 0.265950 2.179830 0.106500 10.030360 -0.172312 0.323722 3.782553
1 82.436482 -8.515456 -0.945440 -0.320951 -2.297382 -1.394827 3.436779 0.147518 2.610017 0.332022 0.265950 2.179830 0.106500 10.030360 -0.172312 0.323722 3.782553
1 82.436482 -8.515456 -0.945440 -0.320951 -2.297382 -1.394827 3.436779 0.147518 2.610017 0.332022 0.265950 2.179830 0.106500 10.030360 -0.172312 0.323722 3.782553
1 82.436482 -8.515456 -0.945440 -0.320951 -2.297382 -1.394827 3.436779 0.147518 2.610017 0.332022 0.265950 2.179830 0.106500 10.030360 -0.172312 0.323722 3.782553
1 82.436482 -8.515456 -0.945440 -0.320951 -2.297382 -1.394827 3.436779 0.147518 2.610017 0.332022 0.265950 2.179830 0.106500 10.030360 -0.172312 0.323722 3.782553
1 82.436482 -8.515456 -0.945440 -0.320951 -2.297382 -1.394827 3.436779 0.147518 2.610017 0.332022 0.265950 2.179830 0.106500 10.030360 -0.172312 0.323722 3.782553
1 82.436482 -8.515456 -0.945440 -0.320951 -2.297382 -1.394827 3.436779 0.147518 2.610017 0.332022 0.265950 2.179830 0.106500 10.030360 -0.172312 0.323722 3.782553
1 82.436482 -8.515456 -0.945440 -0.320951 -2.297382 -1.394827 3.436779 0.147518 2.610017 0.332022 0.265950 2.179830 0.106500 10.030360 -0.172312 0.323722 3.782553
1 82.436482 -8.515456 -0.945440 -0.320951 -2.297382 -1.394827 3.436779 0.147518 2.610017 0.332022 0.265950 2.179830 0.106500 10.030360 -0.172312 0.323722 3.782553
1 82.436482 -8.515456 -0.945440 -0.320951 -2.297382 -1.394827 3.436779 0.147518 2.610017 0.332022 0.265950 2.179830 0.106500 10.030360 -0.172312 0.323722 3.782553
1 82.436482 -8.515456 -0.945440 -0.320951 -2.297382 -1.394827 3.436779 0.147518 2.610017 0.332022 0.265950 2.179830 0.106500 10.030360 -0.172312 0.323722 3.782553
1 82.436482 -8.515456 -0.945440 -0.320951 -2.297382 -1.394827 3.436779 0.147518 2.610017 0.332022 0.265950 2.179830 0.106500 10.030360 -0.172312 0.323722 3.782553
1 82.436482 -8.515456 -0.945440 -0.320951 -2.297382 -1.394827 3.436779 0.147518 2.610017 0.332022 0.265950 2.179830 0.106500 10.030360 -0.172312 0.323722 3.782553
1 82.436482 -8.515456 -0.945440 -0.320951 -2.297382 -1.394827 3.436779 0.147518 2.610017 0.332022 0.265950 2.179830 0.106500 10.030360 -0.172312 0.323722 3.782553
1 82.436482 -8.515456 -0.945440 -0.320951 -2.297382 -1.394827 3.436779 0.147518 2.610017 0.332022 0.265950 2.179830 0.106500 10.030360 -0.172312 0.323722 3.782553
1 82.436482 -8.515456 -0.945440 -0.320951 -2.297382 -1.394827 3.436779 0.147518 2.610017 0.332022 0.265950 2.179830 0.106500 10.030360 -0.172312 0.323722 3.782553
1 82.436482 -8.515456 -0.945440 -0.320951 -2.297382 -1.394827 3.436779 0.147518 2.610017 0.332022 0.265950 2.179830 0.106500 10.030360 -0.172312 0.323722 3.782553
1 82.436482 -8.515456 -0.945440 -0.320951 -2.297382 -1.394827 3.436779 0.147518 2.610017 0.332022 0.265950 2.179830 0.106500 10.030360 -0.172312 0.323722 3.782553
1 82.436482 -8.515456 -0.945440 -0.320951 -2.297382 -1.394827 3.436779 0.147518 2.610017 0.332022 0.265950 2.179830 0.106500 10.030360 -0.172312 0.323722 3.782553
1 82.436482 -8.515456 -0.945440 -0.320951 -2.297382 -1.394827 3.436779 0.147518 2.610017 0.332022 0.265950 2.179830 0.106500 10.030360 -0.172312 0.323722 3.782553
1 82.436482 -8.515456 -0.945440 -0.320951 -2.297382 -1.394827 3.436779 0.147518 2.610017 0.332022 0.265950 2.179830 0.106500 10.030360 -0.172312 0.323722 3.782553
1 82.436482 -8.515456 -0.945440 -0.320951 -2.297382 -1.394827 3.436779 0.147518 2.610017 0.332022 0.265950 2.179830 0.106500 10.030360 -0.172312 0.323722 3.782553
1 82.436482 -8.515456 -0.945440 -0.320951 -2.297382 -1.394827 3.436779 0.147518 2.610017 0.332022 0.265950 2.179830 0.106500 10.030360 -0.172312 0.323722 3.782553
1 82.436482 -8.515456 -0.945440 -0.320951 -2.297382 -1.394827 3.436779 0.147518 2.610017 0.332022 0.265950 2.179830 0.106500 10.030360 -0.172312 0.323722 3.782553
1 82.436482 -8.515456 -0.945440 -0.320951 -2.297382 -1.394827 3.436779 0.147518 2.610017 0.332022 0.265950 2.179830 0.106500 10.030360 -0.172312 0.323722 3.782553
1 82.436482 -8.515456 -0.945440 -0.320951 -2.297382 -1.394827 3.436779 0.147518 2.610017 0.332022 0.265950 2.179830 0.106500 10.030360 -0.172312 0.323722 3.782553
1 82.436482 -8.515456 -0.945440 -0.320951 -2.297382 -1.394827 3.436779 0.147518 2.610017 0.332022 0.265950 2.179830 0.106500 10.030360 -0.172312 0.323722 3.782553
1 81.546658 -8.489885 -0.967435 -0.310965 -2.298684 -1.393462 3.430527 0.139182 2.581215 0.315137 0.287086 2.151564 0.154876 10.039687 -0.187929 0.336946 3.770253
1 81.546658 -8.489885 -0.967435 -0.310965 -2.298684 -1.393462 3.430527 0.139182 2.581215 0.315137 0.287086 2.151564 0.154876 10.039687 -0.187929 0.336946 3.770253
1 81.546658 -8.489885 -0.967435 -0.310965 -2.298684 -1.393462 3.430527 0.139182 2.581215 0.315137 0.287086 2.151564 0.154876 10.039687 -0.187929 0.336946 3.770253
1 81.546658 -8.489885 -0.967435 -0.310965 -2.298684 -1.393462 3.430527 0.139182 2.581215 0.315137 0.287086 2.151564 0.154876 10.039687 -0.187929 0.336946 3.770253
1 81.546658 -8.489885 -0.967435 -0.310965 -2.298684 -1.393462 3.430527 0.139182 2.581215 0.315137 0.287086 2.151564 0.154876 10.039687 -0.187929 0.336946 3.770253
1 81.546658 -8.489885 -0.967435 -0.310965 -2.298684 -1.393462 3.430527 0.139182 2.581215 0.315137 0.287086 2.151564 0.154876 10.039687 -0.187929 0.336946 3.770253
1 81.546658 -8.489885 -0.967435 -0.310965 -2.298684 -1.393462 3.430527 0.139182 2.581215 0.315137 0.287086 2.151564 0.154876 10.039687 -0.187929 0.336946 3.770253
1 81.546658 -8.489885 -0.967435 -0.310965 -2.298684 -1.393462 3.430527 0.139182 2.581215 0.315137 0.287086 2.151564 0.154876 10.039687 -0.187929 0.336946 3.770253
1 81.546658 -8.489885 -0.967435 -0.310965 -2.298684 -1.393462 3.430527 0.139182 2.581215 0.315137 0.287086 2.151564 0.154876 10.039687 -0.187929 0.336946 3.770253
1 81.546658 -8.489885 -0.967435 -0.310965 -2.298684 -1.393462 3.430527 0.139182 2.581215 0.315137 0.287086 2.151564 0.154876 10.039687 -0.187929 0.336946 3.770253
