1 inf -8.664909 -0.983236 -0.247848 -2.238535 -1.407484 3.368839 0.202088 2.537898 0.186497 0.598135 2.284126 0.184540 10.475588 -0.244791 0.197697 3.661276
1 inf -8.672359 -0.934209 -0.255351 -2.263721 -1.407327 3.328559 0.188221 2.543896 0.194542 0.610315 2.246737 0.184942 10.473812 -0.227273 0.233595 3.624959
1 inf -8.665730 -0.912926 -0.234955 -2.297131 -1.368868 3.309552 0.190380 2.513913 0.215668 0.628837 2.275059 0.151524 10.473739 -0.255570 0.244659 3.625546
1 inf -8.705838 -0.891252 -0.232319 -2.311194 -1.395881 3.301248 0.185859 2.514499 0.221738 0.618065 2.281265 0.155625 10.476658 -0.251487 0.191398 3.572432
1 inf -8.708344 -0.859772 -0.235972 -2.306812 -1.359672 3.288326 0.120751 2.519183 0.224928 0.634235 2.282834 0.121374 10.452149 -0.217652 0.197906 3.564243
1 inf -8.663476 -0.865956 -0.247008 -2.275438 -1.378464 3.262609 0.130840 2.536105 0.244628 0.619251 2.262254 0.124264 10.452685 -0.188645 0.197472 3.582330
1 inf -8.644852 -0.848983 -0.238225 -2.280242 -1.383313 3.282619 0.154753 2.521882 0.229289 0.622770 2.277050 0.103510 10.455150 -0.205453 0.190546 3.584393
1 inf -8.669368 -0.859577 -0.263598 -2.273108 -1.401534 3.247841 0.153556 2.484281 0.240773 0.595734 2.288499 0.094163 10.471020 -0.205626 0.237014 3.603845
1 inf -8.638986 -0.855004 -0.272775 -2.277884 -1.413358 3.260672 0.161332 2.476296 0.258687 0.603173 2.277066 0.111224 10.476500 -0.188611 0.198954 3.601150
1 inf -8.637954 -0.882317 -0.255024 -2.304256 -1.453472 3.277579 0.143804 2.481457 0.235670 0.621265 2.291189 0.126960 10.497853 -0.193182 0.207573 3.620328
1 inf -8.619462 -0.911244 -0.241609 -2.327222 -1.426285 3.318615 0.154987 2.464857 0.226010 0.630153 2.287472 0.136260 10.480507 -0.206729 0.202360 3.601372
1 inf -8.589341 -0.911455 -0.277502 -2.361823 -1.436219 3.314302 0.123958 2.493367 0.255166 0.630870 2.293870 0.162139 10.508874 -0.175223 0.246373 3.613779
1 inf -8.614110 -0.905865 -0.287662 -2.373262 -1.433391 3.345936 0.135371 2.458341 0.243704 0.592307 2.277572 0.146910 10.541162 -0.119834 0.216280 3.617951
1 inf -8.583023 -0.920944 -0.261557 -2.382112 -1.477459 3.364145 0.158578 2.469775 0.243226 0.634169 2.273591 0.149056 10.523170 -0.140648 0.236118 3.631968
1 inf -8.576644 -0.892902 -0.291548 -2.411451 -1.481669 3.383392 0.189220 2.488788 0.258549 0.590937 2.269898 0.135683 10.495834 -0.139151 0.266912 3.600140
1 inf -8.557155 -0.892691 -0.285577 -2.374804 -1.490909 3.368407 0.174138 2.474928 0.241366 0.568394 2.275458 0.139513 10.533195 -0.163640 0.275622 3.619085
1 inf -8.551416 -0.887903 -0.282577 -2.415864 -1.479813 3.364491 0.170084 2.465930 0.220658 0.537198 2.321132 0.128721 10.547407 -0.179611 0.309704 3.589604
1 inf -8.556271 -0.877818 -0.289269 -2.444851 -1.494863 3.338491 0.194570 2.467472 0.216557 0.522126 2.312604 0.082304 10.562440 -0.170322 0.292109 3.586882
1 inf -8.543656 -0.847791 -0.326156 -2.447907 -1.499698 3.306458 0.195074 2.474828 0.246930 0.542940 2.297528 0.113676 10.569463 -0.183235 0.305948 3.592918
1 inf -8.542310 -0.841898 -0.301143 -2.429981 -1.491199 3.311073 0.200224 2.479082 0.246952 0.534464 2.315443 0.075085 10.545671 -0.171803 0.300291 3.570912
1 inf -8.539508 -0.826620 -0.276580 -2.396902 -1.455439 3.351517 0.217597 2.518859 0.223450 0.561042 2.319555 0.080606 10.561452 -0.194361 0.309050 3.557908
1 inf -8.545353 -0.823621 -0.310548 -2.420044 -1.452230 3.356192 0.236671 2.518808 0.181891 0.580213 2.286131 0.081738 10.559128 -0.195762 0.305122 3.568339
1 inf -8.508175 -0.821177 -0.287246 -2.420738 -1.487198 3.355964 0.218504 2.525015 0.177524 0.585293 2.291114 0.104669 10.538005 -0.257178 0.309874 3.562018
1 inf -8.498390 -0.806290 -0.301541 -2.384438 -1.437450 3.396225 0.191891 2.540201 0.207457 0.553193 2.267745 0.138370 10.567310 -0.317561 0.341399 3.551281
1 inf -8.484452 -0.787052 -0.258987 -2.394334 -1.411261 3.402195 0.185092 2.542590 0.206252 0.592169 2.280202 0.172021 10.588728 -0.321653 0.343525 3.532015
1 inf -8.458380 -0.789769 -0.281025 -2.409697 -1.384658 3.438980 0.174871 2.505614 0.211139 0.611068 2.283122 0.156223 10.618861 -0.322613 0.356209 3.535518
1 125.49424 -8.433317 -0.802041 -0.248990 -2.401727 -1.383623 3.412898 0.166258 2.497489 0.218531 0.613338 2.245538 0.177774 10.632399 -0.294425 0.352162 3.531917
1 125.40245 -8.427121 -0.800427 -0.247025 -2.431711 -1.360582 3.420489 0.175698 2.487328 0.235246 0.598888 2.224914 0.193014 10.661948 -0.287351 0.366089 3.504916
1 125.40245 -8.427121 -0.800427 -0.247025 -2.431711 -1.360582 3.420489 0.175698 2.487328 0.235246 0.598888 2.224914 0.193014 10.661948 -0.287351 0.366089 3.504916
1 125.40245 -8.427121 -0.800427 -0.247025 -2.431711 -1.360582 3.420489 0.175698 2.487328 0.235246 0.598888 2.224914 0.193014 10.661948 -0.287351 0.366089 3.504916
1 125.40245 -8.427121 -0.800427 -0.247025 -2.431711 -1.360582 3.420489 0.175698 2.487328 0.235246 0.598888 2.224914 0.193014 10.661948 -0.287351 0.366089 3.504916
1 123.09797 -8.420420 -0.826810 -0.220624 -2.412108 -1.339764 3.411188 0.153695 2.496275 0.251219 0.557755 2.216456 0.139806 10.640691 -0.309890 0.351493 3.488480
1 123.09797 -8.420420 -0.826810 -0.220624 -2.412108 -1.339764 3.411188 0.153695 2.496275 0.251219 0.557755 2.216456 0.139806 10.640691 -0.309890 0.351493 3.488480
1 122.6976 -8.408624 -0.825494 -0.250843 -2.449555 -1.326922 3.448114 0.174255 2.521221 0.220716 0.591539 2.214377 0.115940 10.646579 -0.324878 0.319791 3.488389
1 122.6976 -8.408624 -0.825494 -0.250843 -2.449555 -1.326922 3.448114 0.174255 2.521221 0.220716 0.591539 2.214377 0.115940 10.646579 -0.324878 0.319791 3.488389
1 121.3039 -8.407914 -0.846482 -0.255574 -2.430253 -1.366546 3.447326 0.188407 2.517175 0.262056 0.582005 2.238263 0.135469 10.636091 -0.308427 0.279627 3.501494
1 115.38533 -8.400979 -0.850276 -0.282382 -2.426370 -1.361904 3.446134 0.212791 2.515043 0.250424 0.587301 2.245450 0.152497 10.600679 -0.338963 0.294169 3.454321
1 115.38533 -8.400979 -0.850276 -0.282382 -2.426370 -1.361904 3.446134 0.212791 2.515043 0.250424 0.587301 2.245450 0.152497 10.600679 -0.338963 0.294169 3.454321
1 111.01613 -8.370351 -0.835697 -0.246503 -2.420381 -1.337807 3.458811 0.202467 2.494408 0.260027 0.594362 2.235603 0.121001 10.576525 -0.316861 0.283515 3.452964
1 111.01613 -8.370351 -0.835697 -0.246503 -2.420381 -1.337807 3.458811 0.202467 2.494408 0.260027 0.594362 2.235603 0.121001 10.576525 -0.316861 0.283515 3.452964
1 111.01613 -8.370351 -0.835697 -0.246503 -2.420381 -1.337807 3.458811 0.202467 2.494408 0.260027 0.594362 2.235603 0.121001 10.576525 -0.316861 0.283515 3.452964
1 111.01613 -8.370351 -0.835697 -0.246503 -2.420381 -1.337807 3.458811 0.202467 2.494408 0.260027 0.594362 2.235603 0.121001 10.576525 -0.316861 0.283515 3.452964
1 111.0498 -8.339686 -0.879329 -0.247025 -2.398219 -1.303757 3.444586 0.187715 2.505838 0.252983 0.604584 2.264358 0.121323 10.556095 -0.298573 0.289269 3.431119
1 110.37826 -8.330982 -0.879114 -0.273738 -2.382041 -1.268803 3.452156 0.182807 2.499807 0.274891 0.608340 2.261356 0.137571 10.567118 -0.292592 0.295154 3.453129
1 110.37826 -8.330982 -0.879114 -0.273738 -2.382041 -1.268803 3.452156 0.182807 2.499807 0.274891 0.608340 2.261356 0.137571 10.567118 -0.292592 0.295154 3.453129
1 110.37826 -8.330982 -0.879114 -0.273738 -2.382041 -1.268803 3.452156 0.182807 2.499807 0.274891 0.608340 2.261356 0.137571 10.567118 -0.292592 0.295154 3.453129
1 107.71294 -8.354932 -0.882040 -0.285902 -2.399584 -1.270327 3.449083 0.211146 2.500376 0.285659 0.585298 2.246981 0.135227 10.558941 -0.272128 0.289805 3.487646
1 107.71294 -8.354932 -0.882040 -0.285902 -2.399584 -1.270327 3.449083 0.211146 2.500376 0.285659 0.585298 2.246981 0.135227 10.558941 -0.272128 0.289805 3.487646
1 107.71294 -8.354932 -0.882040 -0.285902 -2.399584 -1.270327 3.449083 0.211146 2.500376 0.285659 0.585298 2.246981 0.135227 10.558941 -0.272128 0.289805 3.487646
1 107.71294 -8.354932 -0.882040 -0.285902 -2.399584 -1.270327 3.449083 0.211146 2.500376 0.285659 0.585298 2.246981 0.135227 10.558941 -0.272128 0.289805 3.487646
1 107.71294 -8.354932 -0.882040 -0.285902 -2.399584 -1.270327 3.449083 0.211146 2.500376 0.285659 0.585298 2.246981 0.135227 10.558941 -0.272128 0.289805 3.487646
1 107.71294 -8.354932 -0.882040 -0.285902 -2.399584 -1.270327 3.449083 0.211146 2.500376 0.285659 0.585298 2.246981 0.135227 10.558941 -0.272128 0.289805 3.487646
1 107.71294 -8.354932 -0.882040 -0.285902 -2.399584 -1.270327 3.449083 0.211146 2.500376 0.285659 0.585298 2.246981 0.135227 10.558941 -0.272128 0.289805 3.487646
1 107.71294 -8.354932 -0.882040 -0.285902 -2.399584 -1.270327 3.449083 0.211146 2.500376 0.285659 0.585298 2.246981 0.135227 10.558941 -0.272128 0.289805 3.487646
1 106.73214 -8.345463 -0.898583 -0.289249 -2.340096 -1.284257 3.470654 0.215054 2.507026 0.295359 0.629034 2.255158 0.156139 10.529665 -0.238275 0.294025 3.452820
1 106.73214 -8.345463 -0.898583 -0.289249 -2.340096 -1.284257 3.470654 0.215054 2.507026 0.295359 0.629034 2.255158 0.156139 10.529665 -0.238275 0.294025 3.452820
1 105.0989 -8.355507 -0.890387 -0.305646 -2.321616 -1.299881 3.476035 0.201805 2.505925 0.266111 0.676040 2.200503 0.145206 10.525418 -0.266024 0.295996 3.423942
1 105.0989 -8.355507 -0.890387 -0.305646 -2.321616 -1.299881 3.476035 0.201805 2.505925 0.266111 0.676040 2.200503 0.145206 10.525418 -0.266024 0.295996 3.423942
1 105.0989 -8.355507 -0.890387 -0.305646 -2.321616 -1.299881 3.476035 0.201805 2.505925 0.266111 0.676040 2.200503 0.145206 10.525418 -0.266024 0.295996 3.423942
1 102.21128 -8.348718 -0.870187 -0.297789 -2.316706 -1.297159 3.454436 0.174098 2.533585 0.312870 0.624373 2.208096 0.149511 10.470899 -0.235804 0.274632 3.412460
1 102.21128 -8.348718 -0.870187 -0.297789 -2.316706 -1.297159 3.454436 0.174098 2.533585 0.312870 0.624373 2.208096 0.149511 10.470899 -0.235804 0.274632 3.412460
1 102.21128 -8.348718 -0.870187 -0.297789 -2.316706 -1.297159 3.454436 0.174098 2.533585 0.312870 0.624373 2.208096 0.149511 10.470899 -0.235804 0.274632 3.412460
1 101.77574 -8.354090 -0.869041 -0.298579 -2.329757 -1.284392 3.476384 0.170704 2.545694 0.289208 0.620531 2.176555 0.136312 10.466750 -0.238403 0.259709 3.421037
1 100.52387 -8.395645 -0.862569 -0.296047 -2.333447 -1.302684 3.473837 0.194183 2.520987 0.276637 0.652805 2.189873 0.105970 10.448301 -0.265380 0.273300 3.407730
1 100.70796 -8.367257 -0.873091 -0.287922 -2.349327 -1.338288 3.414257 0.220955 2.470568 0.287483 0.635714 2.192886 0.112254 10.438926 -0.257313 0.256015 3.414013
1 100.70796 -8.367257 -0.873091 -0.287922 -2.349327 -1.338288 3.414257 0.220955 2.470568 0.287483 0.635714 2.192886 0.112254 10.438926 -0.257313 0.256015 3.414013
1 100.70796 -8.367257 -0.873091 -0.287922 -2.349327 -1.338288 3.414257 0.220955 2.470568 0.287483 0.635714 2.192886 0.112254 10.438926 -0.257313 0.256015 3.414013
1 100.70796 -8.367257 -0.873091 -0.287922 -2.349327 -1.338288 3.414257 0.220955 2.470568 0.287483 0.635714 2.192886 0.112254 10.438926 -0.257313 0.256015 3.414013
1 99.625144 -8.390150 -0.889666 -0.285478 -2.344690 -1.325563 3.416930 0.252661 2.486179 0.285025 0.613006 2.166258 0.080771 10.422753 -0.257209 0.258724 3.419763
1 99.286522 -8.406831 -0.897478 -0.279386 -2.355294 -1.332277 3.376560 0.254344 2.452226 0.283835 0.600679 2.148109 0.105922 10.421651 -0.230099 0.271106 3.402657
1 99.286522 -8.406831 -0.897478 -0.279386 -2.355294 -1.332277 3.376560 0.254344 2.452226 0.283835 0.600679 2.148109 0.105922 10.421651 -0.230099 0.271106 3.402657
1 99.286522 -8.406831 -0.897478 -0.279386 -2.355294 -1.332277 3.376560 0.254344 2.452226 0.283835 0.600679 2.148109 0.105922 10.421651 -0.230099 0.271106 3.402657
1 99.286522 -8.406831 -0.897478 -0.279386 -2.355294 -1.332277 3.376560 0.254344 2.452226 0.283835 0.600679 2.148109 0.105922 10.421651 -0.230099 0.271106 3.402657
1 99.286522 -8.406831 -0.897478 -0.279386 -2.355294 -1.332277 3.376560 0.254344 2.452226 0.283835 0.600679 2.148109 0.105922 10.421651 -0.230099 0.271106 3.402657
1 99.286522 -8.406831 -0.897478 -0.279386 -2.355294 -1.332277 3.376560 0.254344 2.452226 0.283835 0.600679 2.148109 0.105922 10.421651 -0.230099 0.271106 3.402657
1 99.286522 -8.406831 -0.897478 -0.279386 -2.355294 -1.332277 3.376560 0.254344 2.452226 0.283835 0.600679 2.148109 0.105922 10.421651 -0.230099 0.271106 3.402657
1 99.454553 -8.344217 -0.931431 -0.300561 -2.351885 -1.289777 3.409918 0.270074 2.468762 0.288167 0.594235 2.181166 0.095279 10.416668 -0.205149 0.289206 3.385465
1 99.694913 -8.318509 -0.930930 -0.285475 -2.370623 -1.313092 3.457345 0.263554 2.488119 0.259194 0.575965 2.185395 0.093814 10.406804 -0.231709 0.280282 3.370758
1 99.694913 -8.318509 -0.930930 -0.285475 -2.370623 -1.313092 3.457345 0.263554 2.488119 0.259194 0.575965 2.185395 0.093814 10.406804 -0.231709 0.280282 3.370758
1 99.694913 -8.318509 -0.930930 -0.285475 -2.370623 -1.313092 3.457345 0.263554 2.488119 0.259194 0.575965 2.185395 0.093814 10.406804 -0.231709 0.280282 3.370758
1 99.694913 -8.318509 -0.930930 -0.285475 -2.370623 -1.313092 3.457345 0.263554 2.488119 0.259194 0.575965 2.185395 0.093814 10.406804 -0.231709 0.280282 3.370758
1 99.048335 -8.293446 -0.943202 -0.253440 -2.362653 -1.312057 3.431263 0.254941 2.479994 0.266586 0.578235 2.147811 0.115365 10.420342 -0.203521 0.276235 3.367157
1 99.048335 -8.293446 -0.943202 -0.253440 -2.362653 -1.312057 3.431263 0.254941 2.479994 0.266586 0.578235 2.147811 0.115365 10.420342 -0.203521 0.276235 3.367157
1 99.048335 -8.293446 -0.943202 -0.253440 -2.362653 -1.312057 3.431263 0.254941 2.479994 0.266586 0.578235 2.147811 0.115365 10.420342 -0.203521 0.276235 3.367157
1 99.048335 -8.293446 -0.943202 -0.253440 -2.362653 -1.312057 3.431263 0.254941 2.479994 0.266586 0.578235 2.147811 0.115365 10.420342 -0.203521 0.276235 3.367157
1 99.048335 -8.293446 -0.943202 -0.253440 -2.362653 -1.312057 3.431263 0.254941 2.479994 0.266586 0.578235 2.147811 0.115365 10.420342 -0.203521 0.276235 3.367157
1 96.506344 -8.302560 -0.918936 -0.267352 -2.339797 -1.301196 3.415136 0.254367 2.467000 0.248084 0.583131 2.120993 0.100273 10.382507 -0.200268 0.276624 3.346595
1 96.506344 -8.302560 -0.918936 -0.267352 -2.339797 -1.301196 3.415136 0.254367 2.467000 0.248084 0.583131 2.120993 0.100273 10.382507 -0.200268 0.276624 3.346595
1 96.506344 -8.302560 -0.918936 -0.267352 -2.339797 -1.301196 3.415136 0.254367 2.467000 0.248084 0.583131 2.120993 0.100273 10.382507 -0.200268 0.276624 3.346595
1 95.979723 -8.292700 -0.878361 -0.254582 -2.326450 -1.296963 3.432756 0.226804 2.523314 0.252317 0.631740 2.120764 0.100741 10.367057 -0.207408 0.253179 3.402620
1 95.517657 -8.300543 -0.891547 -0.258518 -2.340992 -1.284710 3.439847 0.229087 2.531025 0.280106 0.617619 2.122205 0.116024 10.348926 -0.171815 0.243403 3.341137
1 94.941392 -8.305217 -0.915847 -0.266848 -2.312143 -1.264332 3.427235 0.212108 2.507592 0.290530 0.617441 2.131085 0.110869 10.334469 -0.191190 0.263667 3.324747
1 94.941392 -8.305217 -0.915847 -0.266848 -2.312143 -1.264332 3.427235 0.212108 2.507592 0.290530 0.617441 2.131085 0.110869 10.334469 -0.191190 0.263667 3.324747
1 94.638109 -8.285774 -0.960151 -0.296053 -2.291279 -1.248164 3.445772 0.219370 2.515120 0.255792 0.628081 2.136717 0.094013 10.314431 -0.191380 0.233997 3.297698
1 94.638109 -8.285774 -0.960151 -0.296053 -2.291279 -1.248164 3.445772 0.219370 2.515120 0.255792 0.628081 2.136717 0.094013 10.314431 -0.191380 0.233997 3.297698
1 94.638109 -8.285774 -0.960151 -0.296053 -2.291279 -1.248164 3.445772 0.219370 2.515120 0.255792 0.628081 2.136717 0.094013 10.314431 -0.191380 0.233997 3.297698
1 94.638109 -8.285774 -0.960151 -0.296053 -2.291279 -1.248164 3.445772 0.219370 2.515120 0.255792 0.628081 2.136717 0.094013 10.314431 -0.191380 0.233997 3.297698
1 94.638109 -8.285774 -0.960151 -0.296053 -2.291279 -1.248164 3.445772 0.219370 2.515120 0.255792 0.628081 2.136717 0.094013 10.314431 -0.191380 0.233997 3.297698
1 94.638109 -8.285774 -0.960151 -0.296053 -2.291279 -1.248164 3.445772 0.219370 2.515120 0.255792 0.628081 2.136717 0.094013 10.314431 -0.191380 0.233997 3.297698
1 94.638109 -8.285774 -0.960151 -0.296053 -2.291279 -1.248164 3.445772 0.219370 2.515120 0.255792 0.628081 2.136717 0.094013 10.314431 -0.191380 0.233997 3.297698
1 94.528174 -8.262171 -0.967998 -0.294649 -2.327024 -1.234747 3.441502 0.235563 2.469966 0.262114 0.627505 2.123015 0.083972 10.306525 -0.187674 0.209623 3.323132
1 94.528174 -8.262171 -0.967998 -0.294649 -2.327024 -1.234747 3.441502 0.235563 2.469966 0.262114 0.627505 2.123015 0.083972 10.306525 -0.187674 0.209623 3.323132
1 94.528174 -8.262171 -0.967998 -0.294649 -2.327024 -1.234747 3.441502 0.235563 2.469966 0.262114 0.627505 2.123015 0.083972 10.306525 -0.187674 0.209623 3.323132
1 94.528174 -8.262171 -0.967998 -0.294649 -2.327024 -1.234747 3.441502 0.235563 2.469966 0.262114 0.627505 2.123015 0.083972 10.306525 -0.187674 0.209623 3.323132
1 94.528174 -8.262171 -0.967998 -0.294649 -2.327024 -1.234747 3.441502 0.235563 2.469966 0.262114 0.627505 2.123015 0.083972 10.306525 -0.187674 0.209623 3.323132
1 94.528174 -8.262171 -0.967998 -0.294649 -2.327024 -1.234747 3.441502 0.235563 2.469966 0.262114 0.627505 2.123015 0.083972 10.306525 -0.187674 0.209623 3.323132
1 94.528174 -8.262171 -0.967998 -0.294649 -2.327024 -1.234747 3.441502 0.235563 2.469966 0.262114 0.627505 2.123015 0.083972 10.306525 -0.187674 0.209623 3.323132
1 94.466436 -8.284193 -0.943592 -0.312787 -2.345106 -1.268223 3.451084 0.272896 2.481665 0.262268 0.646431 2.101778 0.082370 10.280317 -0.194850 0.247975 3.305894
1 94.466436 -8.284193 -0.943592 -0.312787 -2.345106 -1.268223 3.451084 0.272896 2.481665 0.262268 0.646431 2.101778 0.082370 10.280317 -0.194850 0.247975 3.305894
