1 inf -8.479835 -0.467928 0.248965 -1.652379 -1.240079 3.332295 0.717287 2.500647 0.095494 0.471341 2.221917 -0.089378 10.754649 -0.305865 -0.793238 0.018972 3.397786
1 inf -8.481682 -0.451115 0.235389 -1.645220 -1.262484 3.337439 0.702418 2.480465 0.117848 0.475632 2.232174 -0.056315 10.803085 -0.294090 -0.771567 0.044632 3.372542
1 inf -8.485370 -0.423805 0.232621 -1.647308 -1.287906 3.344318 0.709605 2.461986 0.131837 0.468700 2.234988 -0.067072 10.813483 -0.295445 -0.784800 0.036215 3.378282
1 inf -8.503121 -0.426704 0.257470 -1.634605 -1.263528 3.332986 0.722636 2.448397 0.102689 0.492051 2.253755 -0.072611 10.808023 -0.308703 -0.735720 0.014355 3.410902
1 inf -8.504176 -0.417207 0.261846 -1.615627 -1.234205 3.320224 0.691090 2.403740 0.096259 0.505890 2.251520 -0.122823 10.798772 -0.333918 -0.747061 0.000921 3.445446
1 inf -8.511937 -0.437085 0.260205 -1.618117 -1.248534 3.309818 0.703114 2.435119 0.094831 0.519197 2.283474 -0.111194 10.817716 -0.366309 -0.759642 0.007799 3.448274
1 inf -8.523269 -0.406236 0.294799 -1.599757 -1.265605 3.275634 0.694501 2.420985 0.083641 0.507557 2.256894 -0.072941 10.806934 -0.355975 -0.705987 -0.014959 3.392917
1 inf -8.508304 -0.380141 0.298347 -1.674418 -1.263046 3.263478 0.710420 2.418380 0.049199 0.517478 2.261097 -0.045245 10.780214 -0.341106 -0.672487 -0.043057 3.392302
1 inf -8.522359 -0.343902 0.282099 -1.702143 -1.259868 3.297799 0.711952 2.400371 0.054802 0.507216 2.242826 -0.040203 10.807573 -0.411568 -0.696366 -0.037433 3.400043
1 inf -8.496002 -0.355694 0.271593 -1.745171 -1.271668 3.372599 0.694417 2.409463 0.068263 0.512514 2.259349 -0.041830 10.837662 -0.454770 -0.687526 -0.018414 3.369629
1 inf -8.523351 -0.376341 0.260359 -1.768712 -1.230549 3.366125 0.701344 2.384238 0.023582 0.528554 2.250032 -0.056059 10.809240 -0.430930 -0.708713 0.019198 3.341479
1 inf -8.482927 -0.407938 0.244165 -1.739124 -1.268928 3.384522 0.715136 2.371317 0.040348 0.541157 2.272570 -0.076781 10.818482 -0.426316 -0.741653 0.009154 3.366186
1 inf -8.508374 -0.433061 0.242428 -1.789382 -1.289556 3.402469 0.726137 2.375363 0.083642 0.515412 2.295833 -0.112454 10.828139 -0.454429 -0.761723 -0.006895 3.368332
1 inf -8.488021 -0.404436 0.239266 -1.801435 -1.286362 3.401958 0.736843 2.350509 0.074263 0.490107 2.264682 -0.088295 10.805358 -0.475124 -0.752037 -0.014391 3.368431
1 inf -8.426023 -0.397496 0.262346 -1.825067 -1.299139 3.447318 0.697068 2.327246 0.110360 0.488722 2.249522 -0.086657 10.783228 -0.474264 -0.773399 -0.001199 3.388034
1 inf -8.408077 -0.394135 0.296777 -1.855848 -1.293374 3.437527 0.677640 2.335709 0.099041 0.475716 2.243488 -0.081594 10.815665 -0.483411 -0.825961 -0.004097 3.394768
1 inf -8.386400 -0.382836 0.275958 -1.858278 -1.263967 3.449490 0.664024 2.344965 0.080860 0.457822 2.252895 -0.093710 10.798412 -0.476929 -0.807213 -0.008555 3.372069
1 inf -8.375692 -0.391815 0.283110 -1.874677 -1.269999 3.469766 0.658178 2.362154 0.092745 0.458512 2.234357 -0.075894 10.831129 -0.486497 -0.844970 0.003626 3.334520
1 inf -8.370497 -0.340851 0.259605 -1.868755 -1.206938 3.448091 0.628499 2.346876 0.051500 0.490309 2.250390 -0.090595 10.796837 -0.512458 -0.854972 0.023481 3.345711
1 inf -8.360784 -0.316320 0.265118 -1.894799 -1.175304 3.462380 0.657648 2.373731 0.103554 0.488457 2.206015 -0.091933 10.762961 -0.493204 -0.861286 0.058925 3.327497
1 inf -8.366571 -0.352522 0.233734 -1.899244 -1.139970 3.463457 0.673759 2.380414 0.081376 0.475891 2.191684 -0.084719 10.800242 -0.495116 -0.844818 0.049038 3.304435
1 inf -8.330537 -0.328064 0.220693 -1.912151 -1.118661 3.448026 0.660232 2.332312 0.064950 0.459024 2.221932 -0.096972 10.813259 -0.456042 -0.847589 0.024333 3.287048
1 inf -8.389112 -0.364038 0.260514 -1.897706 -1.118178 3.437342 0.641853 2.353556 0.076403 0.471655 2.227028 -0.091788 10.820664 -0.415858 -0.833214 0.033616 3.312988
1 inf -8.375954 -0.308874 0.241082 -1.890202 -1.105067 3.448918 0.659862 2.330480 0.051668 0.462898 2.243877 -0.091390 10.813500 -0.393867 -0.857790 0.054753 3.305936
1 inf -8.348695 -0.340075 0.242433 -1.893884 -1.099383 3.471997 0.633633 2.303268 0.076483 0.471236 2.237244 -0.076687 10.829104 -0.390516 -0.873934 0.055227 3.254520
1 inf -8.324976 -0.345334 0.213139 -1.922210 -1.113883 3.452320 0.666555 2.309541 0.089471 0.498265 2.236137 -0.082468 10.801761 -0.368957 -0.889285 0.048960 3.246103
1 inf -8.300864 -0.381377 0.213983 -1.947242 -1.114569 3.429399 0.643033 2.298242 0.080757 0.469144 2.279732 -0.068761 10.816744 -0.332817 -0.896984 0.027734 3.251135
1 inf -8.306844 -0.373839 0.268636 -1.922876 -1.113678 3.407105 0.666877 2.315911 0.081543 0.451824 2.301672 -0.081463 10.797669 -0.322703 -0.909163 0.054342 3.249496
1 inf -8.320059 -0.367044 0.251073 -1.924454 -1.097899 3.422604 0.651176 2.281599 0.083376 0.400384 2.323414 -0.069260 10.781853 -0.338104 -0.935833 0.049959 3.212871
1 inf -8.350786 -0.368132 0.247912 -1.902037 -1.100304 3.421844 0.644895 2.281823 0.085108 0.421902 2.308249 -0.034082 10.810755 -0.333001 -0.947388 0.023692 3.226876
1 inf -8.339589 -0.366445 0.278903 -1.914822 -1.129147 3.384031 0.664183 2.279229 0.088853 0.434460 2.269176 -0.026306 10.831800 -0.347287 -0.991637 0.033220 3.216591
1 inf -8.322754 -0.388051 0.251454 -1.912438 -1.145622 3.370289 0.644666 2.287738 0.067789 0.429121 2.286034 0.018733 10.852756 -0.374696 -0.995452 0.040899 3.245147
1 inf -8.343179 -0.383600 0.245795 -1.914047 -1.127553 3.424470 0.648911 2.293129 0.100904 0.438291 2.259094 0.005718 10.836311 -0.395413 -1.049298 -0.011894 3.291794
1 inf -8.367634 -0.363968 0.277097 -1.869164 -1.102677 3.417563 0.658263 2.300318 0.110798 0.427517 2.280009 -0.000133 10.781321 -0.393246 -1.080308 -0.012673 3.300033
1 inf -8.415334 -0.337384 0.294989 -1.905130 -1.122737 3.387874 0.661833 2.305506 0.078020 0.420174 2.266426 -0.003496 10.788111 -0.385377 -1.097248 -0.023372 3.279245
1 inf -8.407505 -0.364520 0.239133 -1.858833 -1.094558 3.386336 0.630593 2.248653 0.088202 0.429509 2.283741 -0.025558 10.815946 -0.415907 -1.076082 -0.042116 3.257708
1 inf -8.433510 -0.364717 0.253256 -1.853198 -1.130695 3.419718 0.610010 2.210083 0.132860 0.416309 2.259526 -0.039290 10.813076 -0.476560 -1.111436 -0.048462 3.268059
1 inf -8.411769 -0.362388 0.241052 -1.863736 -1.134303 3.414179 0.577228 2.213356 0.111499 0.421104 2.296773 -0.019598 10.785281 -0.476513 -1.114018 -0.033702 3.286152
1 inf -8.428426 -0.357866 0.269828 -1.889544 -1.081662 3.414264 0.574565 2.225142 0.101637 0.398267 2.327009 -0.003398 10.765806 -0.493447 -1.111395 -0.018069 3.240839
1 inf -8.438639 -0.380760 0.298278 -1.901209 -1.069954 3.431260 0.595598 2.186873 0.081862 0.384504 2.337412 0.008633 10.805720 -0.489781 -1.129217 -0.016009 3.229443
1 inf -8.474603 -0.365928 0.258803 -1.884249 -1.042642 3.452953 0.601342 2.213655 0.049439 0.389895 2.370743 0.026829 10.815527 -0.472387 -1.099657 -0.035291 3.229337
1 inf -8.472300 -0.385283 0.271478 -1.897554 -1.018592 3.449102 0.618914 2.217976 0.019683 0.395962 2.383042 0.035611 10.819738 -0.435422 -1.122817 -0.038756 3.266325
1 inf -8.468029 -0.364266 0.239200 -1.905839 -1.009180 3.465412 0.613828 2.210106 0.051380 0.366503 2.348236 0.027185 10.775580 -0.459983 -1.093741 -0.003905 3.278261
1 inf -8.470043 -0.367714 0.211886 -1.885112 -1.033379 3.463221 0.618875 2.216216 0.008783 0.393845 2.328977 0.025534 10.782214 -0.455667 -1.114000 -0.003670 3.283048
1 inf -8.478971 -0.374857 0.229652 -1.909120 -1.021492 3.450156 0.614941 2.214171 0.017006 0.421517 2.348915 -0.008372 10.771244 -0.496041 -1.075024 0.055760 3.321710
1 inf -8.433241 -0.377894 0.244738 -1.887307 -1.066690 3.432727 0.606492 2.226697 -0.014123 0.428471 2.364819 0.018892 10.724447 -0.496318 -1.047388 0.066439 3.304948
1 inf -8.424087 -0.363550 0.253875 -1.898285 -1.039524 3.428859 0.595186 2.249901 -0.000208 0.436926 2.381678 0.026456 10.689118 -0.506708 -1.030321 0.058627 3.314975
1 inf -8.425938 -0.350052 0.250091 -1.919054 -1.077773 3.476771 0.584856 2.219311 -0.004922 0.421306 2.358375 0.001642 10.683961 -0.494456 -1.029676 0.079198 3.322041
1 inf -8.429573 -0.366283 0.239998 -1.974722 -1.103418 3.463391 0.591205 2.202171 -0.011397 0.429658 2.371153 -0.011126 10.677840 -0.476299 -0.990362 0.071151 3.342597
1 inf -8.429304 -0.357405 0.232746 -1.940274 -1.085010 3.464227 0.588813 2.185510 -0.015882 0.413890 2.348225 -0.016692 10.659793 -0.504187 -0.988375 0.062645 3.364542
1 inf -8.409096 -0.328672 0.264602 -1.942112 -1.084160 3.468279 0.579140 2.165898 -0.067876 0.418194 2.328234 -0.023080 10.658688 -0.535682 -1.008036 0.069676 3.382199
1 inf -8.420188 -0.307632 0.277585 -1.951655 -1.095196 3.471323 0.575241 2.182638 -0.071133 0.430625 2.312238 -0.027104 10.674013 -0.545022 -1.034040 0.069426 3.361877
1 inf -8.437491 -0.347789 0.266704 -1.943881 -1.121629 3.444487 0.562018 2.183410 -0.071045 0.438743 2.325742 -0.029377 10.672636 -0.544900 -1.024389 0.069636 3.344343
1 inf -8.436644 -0.376002 0.253604 -1.957487 -1.096796 3.439452 0.554696 2.209021 -0.065627 0.430695 2.328344 -0.041731 10.688504 -0.543481 -0.991048 0.075824 3.350657
1 inf -8.446907 -0.405536 0.243801 -1.989266 -1.072047 3.406641 0.537005 2.243110 -0.064554 0.420561 2.346507 -0.068759 10.696684 -0.528764 -0.979861 0.066612 3.357637
1 inf -8.460122 -0.398741 0.226238 -1.990844 -1.056268 3.422140 0.521304 2.208798 -0.062721 0.369121 2.368249 -0.056556 10.680868 -0.544165 -1.006531 0.062229 3.321012
1 inf -8.437041 -0.383611 0.261691 -1.990156 -1.082743 3.433138 0.530900 2.207852 -0.069955 0.366925 2.375334 -0.040952 10.690270 -0.534730 -0.971932 0.084596 3.328066
1 inf -8.431329 -0.374331 0.300157 -1.983320 -1.055690 3.431431 0.530210 2.246829 -0.095778 0.380494 2.418037 -0.050126 10.691182 -0.547394 -0.941002 0.110586 3.302065
1 inf -8.422672 -0.409875 0.291529 -1.991113 -1.054678 3.447444 0.523085 2.212139 -0.111036 0.414352 2.409875 -0.059177 10.701275 -0.564025 -0.910606 0.097543 3.317564
1 inf -8.449764 -0.418536 0.299447 -1.979700 -1.071062 3.471111 0.556326 2.188625 -0.140090 0.389661 2.405488 -0.060653 10.649920 -0.562297 -0.911898 0.126988 3.295087
1 inf -8.449878 -0.382056 0.271438 -1.977968 -1.072833 3.464008 0.575693 2.201370 -0.173309 0.386052 2.412082 -0.092715 10.601146 -0.516212 -0.942219 0.130711 3.281048
1 inf -8.460237 -0.340988 0.241299 -1.963696 -1.075759 3.449132 0.597326 2.209369 -0.187220 0.395834 2.430957 -0.071660 10.600303 -0.502815 -0.953717 0.099472 3.310014
1 inf -8.466779 -0.336690 0.243086 -2.020185 -1.045165 3.455928 0.610573 2.201720 -0.200171 0.378945 2.462116 -0.056007 10.587979 -0.531303 -0.946292 0.060586 3.293135
1 inf -8.447901 -0.299642 0.255759 -2.023507 -1.049901 3.440784 0.588418 2.157819 -0.218186 0.383038 2.496507 -0.049539 10.576303 -0.507154 -0.958058 0.073109 3.269081
1 inf -8.452436 -0.307824 0.274475 -2.027563 -1.041068 3.402230 0.570809 2.132089 -0.210938 0.354378 2.467889 -0.105813 10.580193 -0.524011 -0.975061 0.025724 3.261464
1 inf -8.472534 -0.324567 0.276631 -2.061706 -1.046393 3.424358 0.560889 2.172585 -0.205923 0.381654 2.441920 -0.082513 10.550220 -0.489452 -1.004024 0.041820 3.249239
1 inf -8.470123 -0.351259 0.269884 -2.041762 -1.044686 3.404143 0.613455 2.164598 -0.191971 0.362612 2.418611 -0.073090 10.590549 -0.475504 -1.000276 0.002134 3.258103
1 inf -8.423251 -0.339703 0.289232 -2.033357 -1.034007 3.392542 0.614336 2.181847 -0.211225 0.385195 2.414965 -0.099653 10.630436 -0.512256 -1.002101 0.024102 3.272500
1 inf -8.468303 -0.323183 0.299403 -2.064302 -1.042245 3.415760 0.611806 2.205969 -0.233230 0.352005 2.433267 -0.118546 10.613153 -0.524272 -1.023995 0.023059 3.293410
1 inf -8.473610 -0.352392 0.297526 -2.082861 -1.023107 3.401315 0.610774 2.196968 -0.231378 0.322195 2.463047 -0.127535 10.610121 -0.543529 -1.051570 0.026117 3.332800
1 inf -8.474048 -0.366046 0.279890 -2.107354 -1.034400 3.387228 0.593666 2.183386 -0.251008 0.327244 2.475029 -0.092761 10.589715 -0.537252 -1.040700 0.035126 3.333356
1 inf -8.499635 -0.421827 0.282721 -2.155521 -1.075125 3.422128 0.615516 2.184348 -0.247761 0.326515 2.465567 -0.065791 10.575502 -0.514674 -1.046074 0.005301 3.361581
1 inf -8.535984 -0.410197 0.259870 -2.138108 -1.095155 3.408415 0.597516 2.204495 -0.222062 0.305887 2.489458 -0.062180 10.603097 -0.529837 -1.024531 -0.017747 3.338453
1 inf -8.565188 -0.450152 0.246457 -2.142621 -1.100948 3.437524 0.614777 2.215036 -0.242195 0.281663 2.491836 -0.063731 10.609406 -0.522318 -1.049867 -0.032246 3.314706
1 inf -8.590233 -0.476375 0.224627 -2.160556 -1.081131 3.412750 0.545265 2.261938 -0.264460 0.294564 2.491381 -0.051644 10.578773 -0.496790 -1.049116 0.008385 3.341751
1 inf -8.558618 -0.474427 0.178890 -2.175672 -1.083363 3.418411 0.520947 2.228578 -0.268178 0.292027 2.503909 -0.020044 10.567632 -0.482938 -1.054506 0.024943 3.356879
1 inf -8.576080 -0.485483 0.166893 -2.204567 -1.079238 3.414830 0.563093 2.221249 -0.279867 0.284506 2.500000 -0.022409 10.570072 -0.455393 -1.037780 0.001891 3.377540
1 inf -8.573216 -0.501581 0.179224 -2.247292 -1.103453 3.429585 0.576563 2.250745 -0.278958 0.260830 2.483744 -0.003209 10.565468 -0.412393 -1.020124 0.004090 3.385301
1 inf -8.587591 -0.504719 0.119897 -2.212148 -1.067716 3.424748 0.584392 2.182968 -0.306144 0.252088 2.457276 0.031938 10.531020 -0.453958 -0.985478 -0.040559 3.396438
1 inf -8.570721 -0.495796 0.127609 -2.213494 -1.112985 3.424493 0.556324 2.134674 -0.312546 0.217441 2.470508 0.066135 10.523527 -0.456579 -0.950026 -0.080856 3.376200
1 inf -8.551549 -0.486809 0.110529 -2.190920 -1.104590 3.410742 0.579648 2.117985 -0.316084 0.264536 2.466800 0.060795 10.528589 -0.476096 -0.971401 -0.061639 3.374317
1 inf -8.564764 -0.480014 0.092966 -2.192498 -1.088811 3.426241 0.563947 2.083673 -0.314251 0.213096 2.488542 0.072998 10.512773 -0.491497 -0.998071 -0.066022 3.337692
1 inf -8.565017 -0.501893 0.067771 -2.190893 -1.133084 3.446657 0.596381 2.051493 -0.277322 0.188574 2.456399 0.091558 10.506149 -0.486724 -0.992937 -0.040080 3.318885
1 inf -8.587735 -0.536770 0.069236 -2.206327 -1.156755 3.442690 0.605317 2.055425 -0.308877 0.205857 2.444379 0.104490 10.535103 -0.505868 -1.034323 -0.008790 3.323592
1 inf -8.604856 -0.549177 0.073637 -2.173197 -1.122037 3.449750 0.608863 2.045641 -0.276253 0.215118 2.443882 0.089410 10.547686 -0.496571 -1.029399 -0.020783 3.274282
1 inf -8.553799 -0.553506 0.054996 -2.191575 -1.147437 3.457939 0.641824 2.053140 -0.255060 0.192554 2.513523 0.093830 10.563272 -0.449845 -1.024703 0.004241 3.312216
1 inf -8.570458 -0.588358 0.035479 -2.197016 -1.174838 3.422038 0.623870 2.066551 -0.236760 0.148866 2.508034 0.130259 10.586804 -0.482025 -1.044389 0.035529 3.369840
1 inf -8.581205 -0.553945 0.031958 -2.186433 -1.213673 3.411313 0.592377 2.049183 -0.264178 0.162761 2.491392 0.139114 10.622838 -0.474053 -1.058486 0.044230 3.380430
1 inf -8.571999 -0.559564 0.024277 -2.140627 -1.195639 3.387016 0.592114 2.042876 -0.304306 0.187703 2.533353 0.148096 10.620312 -0.462108 -1.080401 0.059337 3.391186
1 inf -8.582971 -0.549673 0.029655 -2.168192 -1.151940 3.400697 0.544443 2.029938 -0.291193 0.210661 2.544510 0.124301 10.635056 -0.440131 -1.087072 0.038687 3.402058
1 inf -8.579474 -0.556146 0.047211 -2.183098 -1.166443 3.400592 0.512503 2.081678 -0.314912 0.221880 2.560402 0.139983 10.646618 -0.423914 -1.097059 0.038323 3.417909
1 inf -8.567880 -0.580082 0.037772 -2.165835 -1.178448 3.416160 0.499756 2.085356 -0.313387 0.234860 2.565090 0.148692 10.622442 -0.466720 -1.093524 0.021065 3.449642
1 inf -8.580160 -0.593255 0.016766 -2.182965 -1.194392 3.446360 0.485049 2.136250 -0.333595 0.252899 2.598326 0.124586 10.618684 -0.496724 -1.105445 -0.007768 3.461321
1 inf -8.575134 -0.595050 0.017174 -2.180864 -1.226049 3.449227 0.518791 2.142097 -0.322608 0.253377 2.592019 0.104897 10.584294 -0.495068 -1.117516 -0.028761 3.458353
1 inf -8.576335 -0.617637 0.040437 -2.175623 -1.227712 3.419712 0.533510 2.182963 -0.291045 0.289753 2.638453 0.095722 10.587000 -0.499690 -1.133694 -0.012332 3.495719
1 inf -8.614856 -0.633644 0.006661 -2.151296 -1.222046 3.397401 0.535059 2.192062 -0.280904 0.304904 2.627632 0.096678 10.550585 -0.516548 -1.094165 -0.004770 3.518034
1 inf -8.609753 -0.626747 0.060616 -2.151016 -1.244470 3.433123 0.548595 2.192832 -0.315869 0.280941 2.616716 0.115669 10.586573 -0.536477 -1.085550 -0.042207 3.585023
1 inf -8.613699 -0.637059 0.096302 -2.124051 -1.244530 3.452028 0.551235 2.205179 -0.292178 0.282491 2.619160 0.099808 10.614724 -0.555044 -1.069287 -0.049268 3.595973
1 inf -8.608879 -0.677592 0.130149 -2.146016 -1.235534 3.458647 0.559031 2.223458 -0.282192 0.281978 2.631477 0.090117 10.615513 -0.542929 -1.057848 -0.007108 3.559686
1 inf -8.606670 -0.700230 0.145401 -2.164272 -1.231858 3.444287 0.545720 2.220774 -0.276540 0.241854 2.657317 0.115968 10.598275 -0.566936 -1.092688 -0.006985 3.568455
1 inf -8.628585 -0.707275 0.171188 -2.173317 -1.231994 3.416921 0.555441 2.213421 -0.285807 0.259538 2.626484 0.082316 10.586474 -0.570813 -1.055173 0.041940 3.530627
1 inf -8.600940 -0.728910 0.148473 -2.178373 -1.219519 3.444141 0.566948 2.211658 -0.290466 0.264914 2.647347 0.086587 10.592085 -0.575351 -1.079265 0.071894 3.534909
1 inf -8.593199 -0.777505 0.108974 -2.194117 -1.199532 3.442725 0.602231 2.199073 -0.275683 0.270504 2.655626 0.075444 10.644409 -0.585264 -1.071445 0.043515 3.519474
1 inf -8.562631 -0.737285 0.120745 -2.209487 -1.173347 3.433636 0.625173 2.178107 -0.257572 0.242633 2.602622 0.063477 10.657935 -0.584550 -1.047020 -0.023455 3.485490
1 inf -8.550402 -0.728263 0.106571 -2.220342 -1.211626 3.408239 0.630044 2.171068 -0.248335 0.255252 2.567570 0.079717 10.663571 -0.570619 -1.049433 0.012144 3.493047
1 inf -8.550438 -0.713317 0.099173 -2.224236 -1.244655 3.440714 0.652338 2.165651 -0.260977 0.280095 2.537044 0.104196 10.667360 -0.523265 -1.062867 0.006669 3.506358
1 inf -8.577028 -0.731888 0.117914 -2.250967 -1.234319 3.403149 0.643941 2.149573 -0.276932 0.271227 2.510957 0.063856 10.697730 -0.484586 -1.020178 0.027303 3.496577
1 inf -8.590243 -0.725093 0.100351 -2.252545 -1.218540 3.418648 0.628240 2.115261 -0.275099 0.219787 2.532699 0.076059 10.681914 -0.499987 -1.046848 0.022920 3.459952
1 inf -8.654767 -0.715355 0.091396 -2.267197 -1.189448 3.367752 0.631061 2.095164 -0.329159 0.225751 2.512343 0.055351 10.688561 -0.460051 -1.012270 0.012927 3.478840
1 inf -8.628825 -0.700778 0.103818 -2.260354 -1.197305 3.374186 0.654752 2.059072 -0.323668 0.221451 2.511012 0.062424 10.681030 -0.417266 -1.014737 0.017785 3.483456
1 inf -8.622821 -0.708825 0.058039 -2.268261 -1.213305 3.393600 0.623572 2.050625 -0.306435 0.221990 2.508850 0.059729 10.686003 -0.430680 -0.981058 0.000702 3.506926
1 inf -8.608350 -0.738631 0.017709 -2.277529 -1.217468 3.390909 0.618732 2.051768 -0.299044 0.242485 2.528760 0.042784 10.681417 -0.419335 -0.950793 -0.013080 3.508193
1 inf -8.594716 -0.740804 -0.000873 -2.314227 -1.166526 3.360041 0.618433 2.092057 -0.270522 0.229430 2.530382 0.047129 10.663310 -0.441720 -0.983182 -0.013053 3.508694
1 inf -8.554110 -0.756536 0.035794 -2.323001 -1.126350 3.378589 0.606796 2.104564 -0.247644 0.219934 2.564547 0.039156 10.651404 -0.454656 -0.964591 -0.040170 3.515512
1 inf -8.553490 -0.759398 0.045284 -2.326959 -1.105720 3.370167 0.583475 2.108897 -0.275875 0.208299 2.584705 0.046310 10.646014 -0.497595 -0.986681 -0.007555 3.518272
1 inf -8.533202 -0.798273 0.023773 -2.290141 -1.071096 3.398767 0.584053 2.126161 -0.258495 0.208848 2.601639 0.015033 10.610868 -0.466313 -0.990638 0.005037 3.514809
1 inf -8.562487 -0.810240 0.007619 -2.312232 -1.057385 3.406477 0.606145 2.125039 -0.257865 0.216850 2.569467 0.020425 10.594190 -0.432973 -0.956277 0.000253 3.497323
1 inf -8.551928 -0.818054 0.015442 -2.314271 -1.052979 3.386161 0.580419 2.102010 -0.251591 0.225508 2.582579 0.043070 10.598524 -0.435912 -0.956841 -0.003121 3.507460
1 inf -8.568716 -0.827557 0.002470 -2.335714 -1.064541 3.390837 0.563910 2.108342 -0.274656 0.259118 2.568869 0.029749 10.641551 -0.464864 -0.946026 0.010626 3.526351
1 inf -8.602141 -0.864785 -0.017787 -2.329083 -1.077988 3.378174 0.563160 2.098227 -0.232547 0.244989 2.580448 0.069826 10.623929 -0.469671 -0.943447 0.029278 3.537849
1 inf -8.611883 -0.826661 -0.044804 -2.340568 -1.073293 3.382846 0.570834 2.077596 -0.216393 0.251275 2.582655 0.042681 10.587903 -0.478890 -0.961875 0.007924 3.532575
1 inf -8.637522 -0.858152 -0.057694 -2.378723 -1.060080 3.369034 0.562309 2.045471 -0.242956 0.232756 2.580957 0.061835 10.577508 -0.454872 -0.955619 -0.017072 3.538644
1 inf -8.615343 -0.829780 -0.054913 -2.391974 -1.029812 3.394405 0.555260 2.041397 -0.216580 0.226493 2.562049 0.044522 10.536691 -0.472373 -0.940765 -0.016898 3.548430
1 inf -8.617981 -0.818035 -0.098049 -2.419277 -1.043848 3.358598 0.546146 1.991713 -0.240294 0.244365 2.583940 0.047605 10.520102 -0.465284 -0.934037 -0.029980 3.521351
1 inf -8.615163 -0.814640 -0.097541 -2.414422 -1.037910 3.356049 0.511382 1.995598 -0.225453 0.247569 2.581694 0.066805 10.525680 -0.491251 -0.940016 -0.024281 3.526632
1 inf -8.600270 -0.806495 -0.126482 -2.383697 -1.039736 3.367744 0.500429 1.988366 -0.166396 0.238478 2.610425 0.087848 10.498158 -0.512297 -0.952667 -0.026153 3.512695
1 inf -8.609694 -0.803619 -0.161336 -2.399350 -1.056213 3.360347 0.503069 1.969536 -0.140783 0.242162 2.603128 0.109898 10.531033 -0.479398 -0.946736 -0.047920 3.530471
1 inf -8.609849 -0.783125 -0.185347 -2.426228 -1.029905 3.377903 0.485670 1.978904 -0.121638 0.246124 2.597660 0.101929 10.521659 -0.487867 -0.962771 -0.042986 3.528868
1 inf -8.603302 -0.799867 -0.175557 -2.434248 -1.019098 3.366000 0.474700 1.964474 -0.105605 0.213183 2.585615 0.094230 10.557423 -0.513046 -0.967342 -0.056895 3.566129
1 inf -8.615087 -0.821348 -0.200520 -2.438523 -1.006600 3.341816 0.450286 1.971499 -0.139429 0.217218 2.576430 0.115434 10.577406 -0.525762 -0.968763 -0.029623 3.565535
1 inf -8.640210 -0.832692 -0.228190 -2.427979 -1.003642 3.354400 0.424667 1.968861 -0.117752 0.248561 2.591140 0.096174 10.523886 -0.527007 -0.974199 -0.035592 3.535809
1 inf -8.590532 -0.847781 -0.222712 -2.392718 -1.023449 3.365905 0.429169 1.965336 -0.105979 0.250232 2.595591 0.115743 10.519521 -0.537242 -0.969629 -0.006686 3.537483
1 inf -8.579725 -0.823354 -0.208215 -2.433225 -1.057941 3.354141 0.461012 1.945983 -0.129110 0.250950 2.618307 0.122677 10.522224 -0.487251 -0.940444 -0.032549 3.486270
1 inf -8.592940 -0.816559 -0.225778 -2.434803 -1.042162 3.369640 0.445311 1.911671 -0.127277 0.199510 2.640049 0.134880 10.506408 -0.502652 -0.967114 -0.036932 3.449645
1 inf -8.612469 -0.813783 -0.215516 -2.441048 -1.057405 3.377694 0.417902 1.876167 -0.094043 0.172896 2.605013 0.116728 10.478861 -0.493637 -0.969420 -0.045115 3.464172
1 inf -8.568299 -0.840027 -0.201701 -2.402916 -1.077785 3.375112 0.420497 1.850548 -0.091006 0.185757 2.593855 0.144128 10.458592 -0.523907 -0.976655 -0.065897 3.480226
1 inf -8.574249 -0.812324 -0.228697 -2.387313 -1.056670 3.345365 0.357243 1.847183 -0.122291 0.167683 2.566042 0.152442 10.497784 -0.540550 -0.985139 -0.116118 3.474429
1 inf -8.568947 -0.833203 -0.235643 -2.354237 -1.078691 3.360889 0.383877 1.868781 -0.138383 0.187423 2.560656 0.176570 10.510382 -0.539675 -0.983295 -0.082704 3.517817
1 inf -8.594530 -0.818444 -0.236407 -2.340828 -1.076135 3.355035 0.398901 1.859735 -0.174515 0.231671 2.520681 0.154692 10.496333 -0.539837 -0.952587 -0.113277 3.495468
1 inf -8.592624 -0.852499 -0.216159 -2.372236 -1.087941 3.347258 0.393789 1.804512 -0.189633 0.201824 2.544986 0.131551 10.510541 -0.503087 -0.980695 -0.150023 3.467983
1 inf -8.591051 -0.874602 -0.206811 -2.361574 -1.061371 3.361478 0.390321 1.826914 -0.157094 0.201086 2.542123 0.148695 10.534936 -0.483270 -0.960224 -0.134957 3.473437
1 inf -8.586546 -0.882571 -0.219862 -2.347296 -1.054616 3.318295 0.384799 1.796787 -0.182159 0.217917 2.507080 0.124792 10.543229 -0.487038 -0.953596 -0.104046 3.473074
1 inf -8.570146 -0.875078 -0.245684 -2.335205 -1.051270 3.326205 0.396223 1.795320 -0.154184 0.225979 2.504274 0.119956 10.524816 -0.472230 -0.946909 -0.088913 3.481718
1 inf -8.543398 -0.893731 -0.240598 -2.329121 -1.075566 3.335593 0.381355 1.770964 -0.151987 0.228533 2.523564 0.083243 10.532050 -0.460558 -0.969251 -0.090323 3.472174
1 inf -8.538504 -0.909024 -0.249072 -2.315222 -1.078890 3.294915 0.353055 1.787958 -0.138489 0.196788 2.551335 0.036072 10.513526 -0.474259 -0.947168 -0.080936 3.472485
1 inf -8.533817 -0.917089 -0.239188 -2.284395 -1.080024 3.344491 0.317321 1.785027 -0.127781 0.217652 2.508993 0.050221 10.521105 -0.464808 -0.945988 -0.074916 3.513322
1 inf -8.556880 -0.947238 -0.248038 -2.254156 -1.097667 3.341152 0.337792 1.816487 -0.102385 0.223076 2.501476 0.035952 10.534185 -0.487354 -0.957752 -0.102398 3.490717
1 inf -8.568871 -0.949949 -0.261593 -2.256495 -1.081319 3.333344 0.304531 1.817979 -0.087378 0.180447 2.518224 0.055636 10.512221 -0.513044 -0.951770 -0.122311 3.496559
1 inf -8.588587 -0.944128 -0.322794 -2.267036 -1.113443 3.351263 0.309965 1.813915 -0.104105 0.178935 2.510102 0.070353 10.529540 -0.513519 -0.925357 -0.113779 3.497355
1 inf -8.620666 -0.949348 -0.273732 -2.280863 -1.106627 3.339296 0.319143 1.797684 -0.082909 0.182943 2.507990 0.094365 10.540845 -0.534056 -0.916923 -0.113542 3.483666
1 inf -8.633881 -0.942553 -0.291295 -2.282441 -1.090848 3.354795 0.303442 1.763372 -0.081076 0.131503 2.529732 0.106568 10.525029 -0.549457 -0.943593 -0.117925 3.447041
1 inf -8.574039 -0.976088 -0.276584 -2.289896 -1.098512 3.346132 0.295694 1.740159 -0.117085 0.129309 2.551363 0.113562 10.533934 -0.559357 -0.943077 -0.109519 3.442556
1 inf -8.566407 -0.969469 -0.312542 -2.256421 -1.099432 3.363128 0.252975 1.710489 -0.133818 0.126265 2.542200 0.130135 10.518629 -0.556943 -0.953172 -0.100443 3.443691
1 inf -8.560940 -0.966630 -0.343665 -2.271998 -1.081265 3.383290 0.224829 1.698181 -0.099011 0.135351 2.504733 0.058900 10.523139 -0.551569 -0.939775 -0.104504 3.459008
1 inf -8.556894 -0.938808 -0.327020 -2.253097 -1.078539 3.389383 0.250965 1.674009 -0.087797 0.096960 2.491334 0.024699 10.538126 -0.527884 -0.934706 -0.116183 3.482307
1 inf -8.523214 -0.929695 -0.308704 -2.269401 -1.072105 3.378307 0.212674 1.679832 -0.048802 0.111024 2.515752 0.012552 10.563354 -0.524046 -0.950589 -0.117893 3.471039
1 inf -8.525628 -0.930814 -0.297367 -2.272201 -1.082947 3.407340 0.235157 1.687792 -0.061304 0.119978 2.513754 -0.008384 10.558724 -0.525268 -0.933134 -0.115815 3.449989
1 inf -8.519508 -0.919234 -0.278935 -2.268479 -1.060742 3.423502 0.237668 1.699512 -0.047267 0.105917 2.527977 0.020750 10.569393 -0.564572 -0.916685 -0.104282 3.441147
1 inf -8.516895 -0.913911 -0.281751 -2.259980 -1.049592 3.389716 0.252041 1.682282 -0.034248 0.074544 2.531626 0.017906 10.599578 -0.550443 -0.907679 -0.117889 3.434964
1 inf -8.533242 -0.894391 -0.291846 -2.263046 -1.060626 3.389884 0.228686 1.686516 -0.036534 0.108295 2.526762 0.054432 10.612504 -0.561714 -0.887653 -0.117981 3.485691
1 inf -8.520655 -0.950670 -0.296189 -2.242564 -1.083704 3.386509 0.213156 1.700026 -0.029315 0.083212 2.536299 0.058801 10.613833 -0.581642 -0.899445 -0.110513 3.496531
1 inf -8.523175 -0.970190 -0.310570 -2.258173 -1.082014 3.374570 0.200932 1.675458 -0.059321 0.089406 2.522366 0.059238 10.616732 -0.586841 -0.871013 -0.094262 3.520641
1 inf -8.510486 -0.959741 -0.315037 -2.221475 -1.100195 3.385087 0.202702 1.637862 -0.061223 0.086553 2.502012 0.039618 10.591013 -0.607385 -0.893195 -0.090260 3.517287
1 inf -8.508100 -0.925524 -0.332065 -2.190649 -1.124275 3.379943 0.198629 1.628116 -0.050442 0.092300 2.512125 0.038786 10.589986 -0.611723 -0.862280 -0.055970 3.499689
1 inf -8.491908 -0.894383 -0.329832 -2.194991 -1.152639 3.410157 0.207180 1.593174 -0.095638 0.081403 2.501065 0.039235 10.599427 -0.614504 -0.865498 -0.056500 3.501545
1 inf -8.533163 -0.855889 -0.336212 -2.237322 -1.147124 3.433582 0.232274 1.602167 -0.096973 0.089291 2.515790 0.047204 10.576254 -0.613174 -0.873513 -0.060040 3.505481
1 inf -8.550571 -0.837768 -0.346331 -2.220411 -1.159406 3.450120 0.272102 1.607236 -0.075010 0.098817 2.524952 0.057439 10.564501 -0.642187 -0.848213 -0.046017 3.527054
1 inf -8.514608 -0.881448 -0.282742 -2.183994 -1.156477 3.437600 0.323628 1.613453 -0.060845 0.132628 2.583885 0.046216 10.566306 -0.621597 -0.894772 -0.040061 3.539873
1 inf -8.503632 -0.901064 -0.270274 -2.188685 -1.173012 3.430510 0.328231 1.642987 -0.061868 0.125387 2.604635 0.073526 10.562360 -0.650733 -0.928004 -0.043152 3.570398
1 inf -8.544499 -0.861021 -0.284227 -2.186668 -1.141232 3.405925 0.332996 1.603841 -0.065170 0.157236 2.568265 0.093543 10.532021 -0.645522 -0.942290 -0.032694 3.564515
1 inf -8.562980 -0.891395 -0.250633 -2.164241 -1.152781 3.387407 0.347148 1.629121 -0.088794 0.131982 2.532652 0.119798 10.551905 -0.629192 -0.907010 -0.038781 3.552529
1 inf -8.597982 -0.943799 -0.234655 -2.124028 -1.141059 3.388539 0.305494 1.645137 -0.065389 0.127765 2.532614 0.126457 10.512789 -0.605553 -0.892367 -0.023221 3.537207
1 inf -8.581122 -0.952708 -0.255118 -2.125444 -1.106723 3.408161 0.289272 1.668127 -0.066592 0.146632 2.513875 0.111185 10.501376 -0.628731 -0.901325 -0.025980 3.551491
1 inf -8.566942 -0.945646 -0.234855 -2.104952 -1.121071 3.419263 0.311920 1.693978 -0.084967 0.153274 2.536440 0.099472 10.485326 -0.673137 -0.867102 -0.024108 3.637688
1 inf -8.580157 -0.938851 -0.252418 -2.106530 -1.105292 3.434762 0.296219 1.659666 -0.083134 0.101834 2.558182 0.111675 10.469510 -0.688538 -0.893772 -0.028491 3.601063
1 inf -8.554771 -0.915689 -0.284905 -2.060612 -1.078041 3.436795 0.314091 1.678154 -0.099568 0.100786 2.568914 0.125044 10.473643 -0.698622 -0.883686 -0.019635 3.620909
1 inf -8.580583 -0.923958 -0.261852 -2.072419 -1.050292 3.408593 0.354812 1.694122 -0.114030 0.077254 2.581089 0.127301 10.458471 -0.696878 -0.840649 -0.005032 3.604049
1 inf -8.575488 -0.919190 -0.248530 -2.065945 -1.038103 3.363120 0.369998 1.711321 -0.058159 0.080848 2.568771 0.128964 10.416815 -0.719623 -0.819249 0.023622 3.593485
1 inf -8.556801 -0.901817 -0.298763 -2.063795 -1.041250 3.345463 0.306524 1.724585 -0.080376 0.098370 2.549683 0.146022 10.438361 -0.745196 -0.799254 0.031921 3.635514
1 inf -8.526384 -0.895770 -0.279648 -2.070205 -1.011496 3.342110 0.318356 1.722299 -0.090316 0.095552 2.534645 0.127410 10.400957 -0.713940 -0.830971 0.000786 3.628239
1 inf -8.543691 -0.892725 -0.280319 -2.079446 -1.008866 3.338158 0.308286 1.723067 -0.105099 0.097452 2.552834 0.132569 10.417357 -0.702132 -0.839733 -0.013399 3.655278
1 inf -8.510435 -0.919976 -0.277190 -2.094665 -1.006302 3.295995 0.276032 1.732224 -0.055675 0.099214 2.562540 0.133852 10.400833 -0.695647 -0.854104 -0.018592 3.693160
1 inf -8.488647 -0.931884 -0.260069 -2.111991 -1.032715 3.264912 0.286998 1.731074 -0.055422 0.077319 2.537924 0.077911 10.399604 -0.690779 -0.843200 0.014188 3.684522
1 inf -8.492797 -0.969621 -0.283813 -2.094804 -1.047081 3.225517 0.293723 1.751333 -0.054408 0.104518 2.531289 0.058873 10.420509 -0.717968 -0.849860 -0.021542 3.703317
1 inf -8.529588 -0.970656 -0.293164 -2.061683 -1.025384 3.215607 0.308547 1.747496 -0.073931 0.102614 2.565385 0.097608 10.388609 -0.725646 -0.872839 -0.017503 3.705512
1 inf -8.582065 -0.981996 -0.310439 -2.047728 -1.049795 3.211017 0.288182 1.735715 -0.069063 0.069568 2.556160 0.112580 10.375327 -0.710213 -0.887518 -0.004470 3.684039
1 inf -8.597555 -0.969497 -0.351666 -2.020187 -1.010910 3.218540 0.261018 1.747767 -0.058370 0.023833 2.533209 0.094118 10.354155 -0.689004 -0.896694 -0.008597 3.683496
1 inf -8.577606 -0.967301 -0.341818 -2.039818 -1.039637 3.211229 0.242803 1.746462 -0.075937 0.043668 2.528620 0.069063 10.345586 -0.696142 -0.875893 -0.009060 3.654500
1 inf -8.561894 -0.979170 -0.353107 -2.003916 -1.067278 3.221531 0.227287 1.738096 -0.056635 0.006398 2.540524 0.061226 10.366205 -0.710859 -0.845194 -0.000766 3.621311
1 inf -8.540467 -0.972705 -0.363767 -2.023328 -1.066830 3.186213 0.213047 1.696898 -0.049120 0.011600 2.549898 0.079030 10.361636 -0.728935 -0.873977 0.007291 3.635575
1 inf -8.505948 -0.971852 -0.382012 -2.041593 -1.073630 3.184370 0.222015 1.707369 -0.040130 -0.002086 2.532359 0.088547 10.399661 -0.689919 -0.830872 0.019022 3.600656
1 inf -8.470337 -0.933160 -0.354029 -2.037757 -1.087550 3.155446 0.244603 1.694591 -0.031533 0.016072 2.570279 0.090645 10.432288 -0.707317 -0.807846 -0.001851 3.638113
1 inf -8.439309 -0.926249 -0.312768 -2.035527 -1.026253 3.160904 0.275104 1.714965 -0.060239 0.010673 2.556398 0.120952 10.434175 -0.701586 -0.814780 -0.017760 3.613233
1 inf -8.460885 -0.914122 -0.316135 -2.078737 -1.062373 3.109466 0.298443 1.706057 -0.070246 -0.001521 2.549908 0.126389 10.435681 -0.709417 -0.794180 -0.036566 3.633231
1 inf -8.487350 -0.928898 -0.325665 -2.098949 -1.073160 3.097478 0.269379 1.690178 -0.071781 0.004040 2.557531 0.150023 10.419817 -0.709231 -0.819510 -0.001438 3.651125
1 inf -8.498719 -0.916015 -0.335780 -2.115335 -1.053741 3.093127 0.271840 1.687641 -0.087130 0.017543 2.561022 0.161407 10.402741 -0.717125 -0.811218 -0.010727 3.633904
1 inf -8.499252 -0.896920 -0.357490 -2.102144 -1.076432 3.120290 0.239690 1.699035 -0.095869 0.053345 2.587255 0.137519 10.435479 -0.702589 -0.778573 0.009777 3.665983
1 inf -8.498654 -0.909479 -0.394336 -2.104330 -1.073556 3.139012 0.207166 1.715335 -0.114435 0.054504 2.580788 0.112892 10.431447 -0.692213 -0.792384 0.029961 3.614781
1 inf -8.511869 -0.902684 -0.411899 -2.105908 -1.057777 3.154511 0.191465 1.681023 -0.112602 0.003064 2.602530 0.125095 10.415631 -0.707614 -0.819054 0.025578 3.578156
1 inf -8.530182 -0.922866 -0.390266 -2.131703 -1.056682 3.153950 0.174432 1.693892 -0.104411 -0.026596 2.608496 0.182543 10.426164 -0.712986 -0.821442 0.016928 3.615565
1 inf -8.511557 -0.902175 -0.396926 -2.115799 -1.051396 3.172371 0.179728 1.709192 -0.152093 -0.037870 2.586196 0.180467 10.406139 -0.677869 -0.787797 0.021678 3.630139
1 inf -8.532026 -0.897026 -0.360277 -2.112620 -1.070207 3.199837 0.187856 1.743750 -0.166248 -0.037303 2.594879 0.187641 10.382336 -0.646332 -0.793513 0.017405 3.614009
1 inf -8.514568 -0.940538 -0.374484 -2.125750 -1.066335 3.192954 0.192471 1.739980 -0.179921 -0.007794 2.580009 0.173468 10.412714 -0.669093 -0.826651 0.051935 3.640561
1 inf -8.477689 -0.910065 -0.327158 -2.101414 -1.040076 3.184369 0.193271 1.741075 -0.204043 -0.024921 2.586344 0.226270 10.410782 -0.637471 -0.844114 0.053453 3.628871
