1 inf -8.736104 -0.956332 -0.304251 -2.288360 -1.402404 3.429272 0.182186 2.539346 0.140888 0.625933 2.354168 0.138795 10.472512 -0.263857 0.238016 3.647999
1 inf -8.725663 -0.936683 -0.280047 -2.237703 -1.422409 3.421982 0.155058 2.557364 0.140041 0.635863 2.360385 0.143763 10.453794 -0.270992 0.261680 3.657372
1 inf -8.723234 -0.943230 -0.246958 -2.242338 -1.402954 3.469598 0.156703 2.545805 0.166208 0.645657 2.370190 0.168836 10.473615 -0.285724 0.209609 3.680096
1 inf -8.724805 -0.935285 -0.227593 -2.223228 -1.388596 3.456237 0.141572 2.542248 0.148426 0.633154 2.361661 0.156998 10.474840 -0.264058 0.210845 3.722550
1 inf -8.712116 -0.915377 -0.213775 -2.228173 -1.382120 3.439957 0.120356 2.542834 0.152294 0.650434 2.335310 0.155636 10.474267 -0.278823 0.202522 3.748062
1 inf -8.696249 -0.960301 -0.239770 -2.216503 -1.354558 3.459289 0.145300 2.515350 0.152222 0.666212 2.320133 0.167784 10.492029 -0.256590 0.192336 3.751186
1 inf -8.697554 -0.976848 -0.227622 -2.250556 -1.340904 3.426619 0.139832 2.575531 0.129088 0.678474 2.348816 0.188071 10.515356 -0.267452 0.235056 3.704011
1 inf -8.663053 -0.951232 -0.249253 -2.254990 -1.345691 3.431317 0.129994 2.600696 0.158526 0.676782 2.348251 0.184889 10.496315 -0.252321 0.244568 3.702197
1 inf -8.691200 -0.982006 -0.283352 -2.245334 -1.347364 3.452787 0.146769 2.607022 0.145518 0.661756 2.340603 0.148592 10.510522 -0.251337 0.198253 3.720049
1 inf -8.711250 -0.951396 -0.282944 -2.275827 -1.324335 3.459009 0.107406 2.585683 0.135969 0.673021 2.328841 0.142852 10.493847 -0.248282 0.210620 3.714804
1 inf -8.686060 -0.933898 -0.308114 -2.254010 -1.322311 3.461704 0.100647 2.643785 0.117609 0.659025 2.342668 0.139604 10.485721 -0.292733 0.192134 3.721618
1 inf -8.697780 -0.941434 -0.317756 -2.280593 -1.319760 3.458779 0.113438 2.683267 0.098598 0.653626 2.383366 0.142306 10.468376 -0.260446 0.175876 3.707192
1 inf -8.697612 -0.930364 -0.322751 -2.255870 -1.349940 3.449471 0.101280 2.668476 0.104974 0.651365 2.392598 0.160825 10.479459 -0.237488 0.185116 3.663267
1 inf -8.685899 -0.924058 -0.341611 -2.266142 -1.367865 3.434628 0.114155 2.704872 0.103661 0.661243 2.436664 0.145607 10.450917 -0.211653 0.203071 3.663453
1 inf -8.677612 -0.932377 -0.382859 -2.239526 -1.393577 3.455302 0.130400 2.715435 0.073389 0.697852 2.453519 0.134782 10.450492 -0.208909 0.200375 3.665392
1 inf -8.655354 -0.927207 -0.402214 -2.233529 -1.410291 3.441250 0.116190 2.691571 0.108837 0.707834 2.448850 0.138723 10.458766 -0.225755 0.221862 3.678388
1 inf -8.658281 -0.913254 -0.400599 -2.253407 -1.377986 3.459980 0.098995 2.703545 0.095509 0.692095 2.457987 0.098743 10.444876 -0.228227 0.145450 3.696912
1 inf -8.700007 -0.888411 -0.411190 -2.224889 -1.353161 3.457030 0.084344 2.669035 0.075130 0.690198 2.459157 0.129308 10.459652 -0.221717 0.138626 3.696852
1 inf -8.684759 -0.881928 -0.395987 -2.271621 -1.380406 3.428417 0.081762 2.694405 0.042512 0.657375 2.479525 0.168151 10.461187 -0.244836 0.111831 3.719717
1 inf -8.708257 -0.861487 -0.440027 -2.289238 -1.384349 3.441362 0.088274 2.690701 0.007807 0.641423 2.458591 0.187266 10.489651 -0.248904 0.080416 3.776867
1 inf -8.712464 -0.871757 -0.466413 -2.305802 -1.394579 3.416353 0.114152 2.680366 -0.021256 0.607796 2.457082 0.192345 10.503805 -0.240340 0.083334 3.795231
1 inf -8.716364 -0.871713 -0.494188 -2.297419 -1.390994 3.429534 0.143701 2.685776 -0.007274 0.623973 2.447804 0.189142 10.524533 -0.262437 0.088279 3.780673
1 inf -8.710684 -0.893295 -0.477720 -2.282960 -1.397025 3.394878 0.120542 2.705806 -0.026552 0.637624 2.486045 0.168270 10.519775 -0.291509 0.064429 3.782429
1 inf -8.705143 -0.888762 -0.443609 -2.283063 -1.382464 3.406832 0.165520 2.696246 -0.046408 0.627417 2.491066 0.175702 10.472015 -0.293558 0.038904 3.807148
1 inf -8.690296 -0.896599 -0.427405 -2.276054 -1.405824 3.413605 0.189897 2.708557 -0.058776 0.611158 2.488178 0.185515 10.489627 -0.337992 0.032496 3.820915
1 210.50115 -8.727594 -0.890600 -0.450175 -2.310319 -1.402604 3.449146 0.167558 2.689097 -0.091192 0.647138 2.524736 0.159028 10.498460 -0.329705 0.080804 3.799182
1 210.50115 -8.727594 -0.890600 -0.450175 -2.310319 -1.402604 3.449146 0.167558 2.689097 -0.091192 0.647138 2.524736 0.159028 10.498460 -0.329705 0.080804 3.799182
1 194.54219 -8.712053 -0.899329 -0.418797 -2.306175 -1.420322 3.451680 0.180111 2.730444 -0.081670 0.670639 2.520469 0.159115 10.491621 -0.324508 0.085933 3.749006
1 179.76863 -8.711169 -0.883971 -0.433359 -2.291041 -1.400410 3.434547 0.182990 2.752606 -0.056789 0.669402 2.495715 0.162665 10.490878 -0.293794 0.080995 3.764851
1 179.76863 -8.711169 -0.883971 -0.433359 -2.291041 -1.400410 3.434547 0.182990 2.752606 -0.056789 0.669402 2.495715 0.162665 10.490878 -0.293794 0.080995 3.764851
1 179.76863 -8.711169 -0.883971 -0.433359 -2.291041 -1.400410 3.434547 0.182990 2.752606 -0.056789 0.669402 2.495715 0.162665 10.490878 -0.293794 0.080995 3.764851
1 175.1988 -8.686664 -0.892049 -0.444266 -2.266675 -1.404443 3.443001 0.139832 2.752183 -0.005958 0.684989 2.483958 0.122139 10.475934 -0.280949 0.050403 3.737374
1 175.1988 -8.686664 -0.892049 -0.444266 -2.266675 -1.404443 3.443001 0.139832 2.752183 -0.005958 0.684989 2.483958 0.122139 10.475934 -0.280949 0.050403 3.737374
1 175.1988 -8.686664 -0.892049 -0.444266 -2.266675 -1.404443 3.443001 0.139832 2.752183 -0.005958 0.684989 2.483958 0.122139 10.475934 -0.280949 0.050403 3.737374
1 156.452 -8.689648 -0.899304 -0.452702 -2.264207 -1.408890 3.439055 0.135075 2.745797 0.043223 0.653952 2.492205 0.114035 10.452541 -0.231284 0.028668 3.745299
1 156.452 -8.689648 -0.899304 -0.452702 -2.264207 -1.408890 3.439055 0.135075 2.745797 0.043223 0.653952 2.492205 0.114035 10.452541 -0.231284 0.028668 3.745299
1 156.452 -8.689648 -0.899304 -0.452702 -2.264207 -1.408890 3.439055 0.135075 2.745797 0.043223 0.653952 2.492205 0.114035 10.452541 -0.231284 0.028668 3.745299
1 146.23067 -8.702794 -0.923477 -0.433665 -2.271186 -1.415608 3.438992 0.161009 2.798963 0.038171 0.645160 2.459151 0.086436 10.459194 -0.206865 0.004784 3.778954
1 142.4489 -8.710680 -0.863817 -0.452305 -2.292303 -1.398063 3.463836 0.169144 2.791189 0.043401 0.627458 2.414045 0.108895 10.451895 -0.211246 0.013151 3.787048
1 142.4489 -8.710680 -0.863817 -0.452305 -2.292303 -1.398063 3.463836 0.169144 2.791189 0.043401 0.627458 2.414045 0.108895 10.451895 -0.211246 0.013151 3.787048
1 142.4489 -8.710680 -0.863817 -0.452305 -2.292303 -1.398063 3.463836 0.169144 2.791189 0.043401 0.627458 2.414045 0.108895 10.451895 -0.211246 0.013151 3.787048
1 142.4489 -8.710680 -0.863817 -0.452305 -2.292303 -1.398063 3.463836 0.169144 2.791189 0.043401 0.627458 2.414045 0.108895 10.451895 -0.211246 0.013151 3.787048
1 142.4489 -8.710680 -0.863817 -0.452305 -2.292303 -1.398063 3.463836 0.169144 2.791189 0.043401 0.627458 2.414045 0.108895 10.451895 -0.211246 0.013151 3.787048
1 129.5568 -8.739570 -0.872075 -0.427248 -2.274600 -1.439651 3.456925 0.195879 2.778033 0.082652 0.678616 2.412936 0.108961 10.430897 -0.254182 0.005331 3.784941
1 129.5568 -8.739570 -0.872075 -0.427248 -2.274600 -1.439651 3.456925 0.195879 2.778033 0.082652 0.678616 2.412936 0.108961 10.430897 -0.254182 0.005331 3.784941
1 129.5568 -8.739570 -0.872075 -0.427248 -2.274600 -1.439651 3.456925 0.195879 2.778033 0.082652 0.678616 2.412936 0.108961 10.430897 -0.254182 0.005331 3.784941
1 127.46051 -8.756089 -0.882344 -0.436837 -2.307395 -1.422357 3.434637 0.212051 2.795042 0.089776 0.686647 2.392126 0.080967 10.403637 -0.265040 -0.008542 3.779155
1 127.46051 -8.756089 -0.882344 -0.436837 -2.307395 -1.422357 3.434637 0.212051 2.795042 0.089776 0.686647 2.392126 0.080967 10.403637 -0.265040 -0.008542 3.779155
1 127.46051 -8.756089 -0.882344 -0.436837 -2.307395 -1.422357 3.434637 0.212051 2.795042 0.089776 0.686647 2.392126 0.080967 10.403637 -0.265040 -0.008542 3.779155
1 127.46051 -8.756089 -0.882344 -0.436837 -2.307395 -1.422357 3.434637 0.212051 2.795042 0.089776 0.686647 2.392126 0.080967 10.403637 -0.265040 -0.008542 3.779155
1 127.46051 -8.756089 -0.882344 -0.436837 -2.307395 -1.422357 3.434637 0.212051 2.795042 0.089776 0.686647 2.392126 0.080967 10.403637 -0.265040 -0.008542 3.779155
1 127.46051 -8.756089 -0.882344 -0.436837 -2.307395 -1.422357 3.434637 0.212051 2.795042 0.089776 0.686647 2.392126 0.080967 10.403637 -0.265040 -0.008542 3.779155
1 127.46051 -8.756089 -0.882344 -0.436837 -2.307395 -1.422357 3.434637 0.212051 2.795042 0.089776 0.686647 2.392126 0.080967 10.403637 -0.265040 -0.008542 3.779155
1 127.46051 -8.756089 -0.882344 -0.436837 -2.307395 -1.422357 3.434637 0.212051 2.795042 0.089776 0.686647 2.392126 0.080967 10.403637 -0.265040 -0.008542 3.779155
1 127.46051 -8.756089 -0.882344 -0.436837 -2.307395 -1.422357 3.434637 0.212051 2.795042 0.089776 0.686647 2.392126 0.080967 10.403637 -0.265040 -0.008542 3.779155
1 126.30143 -8.744652 -0.856645 -0.441560 -2.318221 -1.429006 3.419698 0.241165 2.776456 0.079788 0.692298 2.379263 0.027826 10.398795 -0.274708 0.001550 3.756107
1 123.81938 -8.721413 -0.856343 -0.469439 -2.282819 -1.426626 3.443991 0.237469 2.769587 0.132724 0.671486 2.354683 0.055319 10.395630 -0.253572 0.000192 3.752864
1 123.74334 -8.720648 -0.856834 -0.514444 -2.297333 -1.410844 3.451103 0.234669 2.744353 0.139593 0.674372 2.328974 0.074157 10.387911 -0.283391 -0.011285 3.773619
1 123.35125 -8.740667 -0.866484 -0.561819 -2.319881 -1.386940 3.432158 0.219860 2.763745 0.176602 0.688736 2.338271 0.077647 10.380547 -0.282830 0.008255 3.773634
1 123.35125 -8.740667 -0.866484 -0.561819 -2.319881 -1.386940 3.432158 0.219860 2.763745 0.176602 0.688736 2.338271 0.077647 10.380547 -0.282830 0.008255 3.773634
1 123.35125 -8.740667 -0.866484 -0.561819 -2.319881 -1.386940 3.432158 0.219860 2.763745 0.176602 0.688736 2.338271 0.077647 10.380547 -0.282830 0.008255 3.773634
1 122.17043 -8.740687 -0.860373 -0.553517 -2.331651 -1.349633 3.446699 0.215523 2.798231 0.178548 0.717243 2.364606 0.041713 10.363243 -0.287992 0.016384 3.793153
1 122.17043 -8.740687 -0.860373 -0.553517 -2.331651 -1.349633 3.446699 0.215523 2.798231 0.178548 0.717243 2.364606 0.041713 10.363243 -0.287992 0.016384 3.793153
1 120.18695 -8.750592 -0.856456 -0.558733 -2.304650 -1.385906 3.466372 0.211487 2.780484 0.147511 0.710683 2.362195 0.088184 10.338106 -0.292393 -0.017311 3.764182
1 118.70316 -8.736380 -0.872022 -0.616583 -2.294711 -1.372302 3.452294 0.209064 2.820254 0.158261 0.708356 2.396101 0.090969 10.322814 -0.322388 -0.023268 3.794343
1 118.70316 -8.736380 -0.872022 -0.616583 -2.294711 -1.372302 3.452294 0.209064 2.820254 0.158261 0.708356 2.396101 0.090969 10.322814 -0.322388 -0.023268 3.794343
1 118.70316 -8.736380 -0.872022 -0.616583 -2.294711 -1.372302 3.452294 0.209064 2.820254 0.158261 0.708356 2.396101 0.090969 10.322814 -0.322388 -0.023268 3.794343
1 118.70316 -8.736380 -0.872022 -0.616583 -2.294711 -1.372302 3.452294 0.209064 2.820254 0.158261 0.708356 2.396101 0.090969 10.322814 -0.322388 -0.023268 3.794343
1 118.70316 -8.736380 -0.872022 -0.616583 -2.294711 -1.372302 3.452294 0.209064 2.820254 0.158261 0.708356 2.396101 0.090969 10.322814 -0.322388 -0.023268 3.794343
1 118.70316 -8.736380 -0.872022 -0.616583 -2.294711 -1.372302 3.452294 0.209064 2.820254 0.158261 0.708356 2.396101 0.090969 10.322814 -0.322388 -0.023268 3.794343
1 118.70316 -8.736380 -0.872022 -0.616583 -2.294711 -1.372302 3.452294 0.209064 2.820254 0.158261 0.708356 2.396101 0.090969 10.322814 -0.322388 -0.023268 3.794343
1 117.17163 -8.730481 -0.861320 -0.611036 -2.309777 -1.412606 3.467353 0.202782 2.854305 0.157584 0.731171 2.411395 0.094008 10.319397 -0.347971 -0.004864 3.828428
1 117.17163 -8.730481 -0.861320 -0.611036 -2.309777 -1.412606 3.467353 0.202782 2.854305 0.157584 0.731171 2.411395 0.094008 10.319397 -0.347971 -0.004864 3.828428
1 117.17163 -8.730481 -0.861320 -0.611036 -2.309777 -1.412606 3.467353 0.202782 2.854305 0.157584 0.731171 2.411395 0.094008 10.319397 -0.347971 -0.004864 3.828428
1 117.17163 -8.730481 -0.861320 -0.611036 -2.309777 -1.412606 3.467353 0.202782 2.854305 0.157584 0.731171 2.411395 0.094008 10.319397 -0.347971 -0.004864 3.828428
1 115.73047 -8.714696 -0.834560 -0.633564 -2.317069 -1.420364 3.465591 0.197174 2.847776 0.135763 0.701919 2.408732 0.084284 10.271011 -0.339575 -0.048149 3.832359
1 116.28892 -8.717421 -0.823606 -0.658860 -2.313862 -1.404483 3.434811 0.181044 2.884002 0.157889 0.686037 2.390968 0.086859 10.277425 -0.340019 -0.086481 3.840669
1 115.28538 -8.747190 -0.833427 -0.636166 -2.333958 -1.381299 3.426772 0.163148 2.877899 0.141455 0.684853 2.370640 0.091438 10.265912 -0.341120 -0.082214 3.855734
1 115.05377 -8.732427 -0.834017 -0.618765 -2.342756 -1.401399 3.408818 0.177727 2.885877 0.125786 0.702314 2.345242 0.103525 10.258514 -0.346397 -0.082752 3.870426
1 115.05377 -8.732427 -0.834017 -0.618765 -2.342756 -1.401399 3.408818 0.177727 2.885877 0.125786 0.702314 2.345242 0.103525 10.258514 -0.346397 -0.082752 3.870426
1 115.29289 -8.741186 -0.871349 -0.639935 -2.355263 -1.340565 3.439545 0.155716 2.867535 0.109086 0.709581 2.348154 0.124773 10.279286 -0.332691 -0.082981 3.876605
1 115.29289 -8.741186 -0.871349 -0.639935 -2.355263 -1.340565 3.439545 0.155716 2.867535 0.109086 0.709581 2.348154 0.124773 10.279286 -0.332691 -0.082981 3.876605
1 115.29289 -8.741186 -0.871349 -0.639935 -2.355263 -1.340565 3.439545 0.155716 2.867535 0.109086 0.709581 2.348154 0.124773 10.279286 -0.332691 -0.082981 3.876605
1 112.86559 -8.692778 -0.890521 -0.651817 -2.375074 -1.346365 3.458764 0.136327 2.863154 0.125375 0.696150 2.342804 0.157071 10.250465 -0.326447 -0.109256 3.907111
1 112.86559 -8.692778 -0.890521 -0.651817 -2.375074 -1.346365 3.458764 0.136327 2.863154 0.125375 0.696150 2.342804 0.157071 10.250465 -0.326447 -0.109256 3.907111
1 112.86559 -8.692778 -0.890521 -0.651817 -2.375074 -1.346365 3.458764 0.136327 2.863154 0.125375 0.696150 2.342804 0.157071 10.250465 -0.326447 -0.109256 3.907111
1 112.86559 -8.692778 -0.890521 -0.651817 -2.375074 -1.346365 3.458764 0.136327 2.863154 0.125375 0.696150 2.342804 0.157071 10.250465 -0.326447 -0.109256 3.907111
1 112.86559 -8.692778 -0.890521 -0.651817 -2.375074 -1.346365 3.458764 0.136327 2.863154 0.125375 0.696150 2.342804 0.157071 10.250465 -0.326447 -0.109256 3.907111
1 110.89633 -8.685646 -0.907639 -0.655155 -2.358748 -1.358815 3.460514 0.116914 2.859827 0.142047 0.709031 2.346087 0.135670 10.249140 -0.334640 -0.086416 3.907616
1 110.89633 -8.685646 -0.907639 -0.655155 -2.358748 -1.358815 3.460514 0.116914 2.859827 0.142047 0.709031 2.346087 0.135670 10.249140 -0.334640 -0.086416 3.907616
1 110.16084 -8.679770 -0.910014 -0.639665 -2.375372 -1.356813 3.456327 0.108835 2.863765 0.109653 0.693432 2.332771 0.147469 10.216080 -0.304437 -0.085917 3.880646
1 110.63619 -8.657178 -0.891204 -0.643644 -2.376752 -1.368846 3.452407 0.110704 2.862314 0.138177 0.690870 2.336838 0.169660 10.224226 -0.311905 -0.075165 3.903514
1 108.43222 -8.616814 -0.845849 -0.623026 -2.372670 -1.379108 3.463632 0.125759 2.867993 0.137989 0.687241 2.303028 0.186792 10.239229 -0.332294 -0.075951 3.890775
1 108.43222 -8.616814 -0.845849 -0.623026 -2.372670 -1.379108 3.463632 0.125759 2.867993 0.137989 0.687241 2.303028 0.186792 10.239229 -0.332294 -0.075951 3.890775
1 108.43222 -8.616814 -0.845849 -0.623026 -2.372670 -1.379108 3.463632 0.125759 2.867993 0.137989 0.687241 2.303028 0.186792 10.239229 -0.332294 -0.075951 3.890775
1 108.43222 -8.616814 -0.845849 -0.623026 -2.372670 -1.379108 3.463632 0.125759 2.867993 0.137989 0.687241 2.303028 0.186792 10.239229 -0.332294 -0.075951 3.890775
1 108.43222 -8.616814 -0.845849 -0.623026 -2.372670 -1.379108 3.463632 0.125759 2.867993 0.137989 0.687241 2.303028 0.186792 10.239229 -0.332294 -0.075951 3.890775
1 108.43222 -8.616814 -0.845849 -0.623026 -2.372670 -1.379108 3.463632 0.125759 2.867993 0.137989 0.687241 2.303028 0.186792 10.239229 -0.332294 -0.075951 3.890775
1 108.43222 -8.616814 -0.845849 -0.623026 -2.372670 -1.379108 3.463632 0.125759 2.867993 0.137989 0.687241 2.303028 0.186792 10.239229 -0.332294 -0.075951 3.890775
1 108.43222 -8.616814 -0.845849 -0.623026 -2.372670 -1.379108 3.463632 0.125759 2.867993 0.137989 0.687241 2.303028 0.186792 10.239229 -0.332294 -0.075951 3.890775
1 108.72238 -8.590320 -0.826906 -0.653156 -2.366784 -1.394175 3.451559 0.117433 2.882670 0.169975 0.706673 2.328548 0.208758 10.252774 -0.328578 -0.093582 3.887455
1 108.72238 -8.590320 -0.826906 -0.653156 -2.366784 -1.394175 3.451559 0.117433 2.882670 0.169975 0.706673 2.328548 0.208758 10.252774 -0.328578 -0.093582 3.887455
1 108.72238 -8.590320 -0.826906 -0.653156 -2.366784 -1.394175 3.451559 0.117433 2.882670 0.169975 0.706673 2.328548 0.208758 10.252774 -0.328578 -0.093582 3.887455
1 108.72238 -8.590320 -0.826906 -0.653156 -2.366784 -1.394175 3.451559 0.117433 2.882670 0.169975 0.706673 2.328548 0.208758 10.252774 -0.328578 -0.093582 3.887455
1 108.72238 -8.590320 -0.826906 -0.653156 -2.366784 -1.394175 3.451559 0.117433 2.882670 0.169975 0.706673 2.328548 0.208758 10.252774 -0.328578 -0.093582 3.887455
1 108.72238 -8.590320 -0.826906 -0.653156 -2.366784 -1.394175 3.451559 0.117433 2.882670 0.169975 0.706673 2.328548 0.208758 10.252774 -0.328578 -0.093582 3.887455
1 108.72238 -8.590320 -0.826906 -0.653156 -2.366784 -1.394175 3.451559 0.117433 2.882670 0.169975 0.706673 2.328548 0.208758 10.252774 -0.328578 -0.093582 3.887455
1 108.72238 -8.590320 -0.826906 -0.653156 -2.366784 -1.394175 3.451559 0.117433 2.882670 0.169975 0.706673 2.328548 0.208758 10.252774 -0.328578 -0.093582 3.887455
