1 289.68436 -8.558635 -0.926424 -0.232183 -2.295459 -1.440251 3.475558 0.282604 2.474666 0.228532 0.553172 2.282486 0.092017 10.352921 -0.284395 0.310028 3.554814
1 289.68436 -8.558635 -0.926424 -0.232183 -2.295459 -1.440251 3.475558 0.282604 2.474666 0.228532 0.553172 2.282486 0.092017 10.352921 -0.284395 0.310028 3.554814
1 289.68436 -8.558635 -0.926424 -0.232183 -2.295459 -1.440251 3.475558 0.282604 2.474666 0.228532 0.553172 2.282486 0.092017 10.352921 -0.284395 0.310028 3.554814
1 289.68436 -8.558635 -0.926424 -0.232183 -2.295459 -1.440251 3.475558 0.282604 2.474666 0.228532 0.553172 2.282486 0.092017 10.352921 -0.284395 0.310028 3.554814
1 289.68436 -8.558635 -0.926424 -0.232183 -2.295459 -1.440251 3.475558 0.282604 2.474666 0.228532 0.553172 2.282486 0.092017 10.352921 -0.284395 0.310028 3.554814
1 289.68436 -8.558635 -0.926424 -0.232183 -2.295459 -1.440251 3.475558 0.282604 2.474666 0.228532 0.553172 2.282486 0.092017 10.352921 -0.284395 0.310028 3.554814
1 289.68436 -8.558635 -0.926424 -0.232183 -2.295459 -1.440251 3.475558 0.282604 2.474666 0.228532 0.553172 2.282486 0.092017 10.352921 -0.284395 0.310028 3.554814
1 289.68436 -8.558635 -0.926424 -0.232183 -2.295459 -1.440251 3.475558 0.282604 2.474666 0.228532 0.553172 2.282486 0.092017 10.352921 -0.284395 0.310028 3.554814
1 289.68436 -8.558635 -0.926424 -0.232183 -2.295459 -1.440251 3.475558 0.282604 2.474666 0.228532 0.553172 2.282486 0.092017 10.352921 -0.284395 0.310028 3.554814
1 289.68436 -8.558635 -0.926424 -0.232183 -2.295459 -1.440251 3.475558 0.282604 2.474666 0.228532 0.553172 2.282486 0.092017 10.352921 -0.284395 0.310028 3.554814
1 289.68436 -8.558635 -0.926424 -0.232183 -2.295459 -1.440251 3.475558 0.282604 2.474666 0.228532 0.553172 2.282486 0.092017 10.352921 -0.284395 0.310028 3.554814
1 289.68436 -8.558635 -0.926424 -0.232183 -2.295459 -1.440251 3.475558 0.282604 2.474666 0.228532 0.553172 2.282486 0.092017 10.352921 -0.284395 0.310028 3.554814
1 289.68436 -8.558635 -0.926424 -0.232183 -2.295459 -1.440251 3.475558 0.282604 2.474666 0.228532 0.553172 2.282486 0.092017 10.352921 -0.284395 0.310028 3.554814
1 289.68436 -8.558635 -0.926424 -0.232183 -2.295459 -1.440251 3.475558 0.282604 2.474666 0.228532 0.553172 2.282486 0.092017 10.352921 -0.284395 0.310028 3.554814
1 289.68436 -8.558635 -0.926424 -0.232183 -2.295459 -1.440251 3.475558 0.282604 2.474666 0.228532 0.553172 2.282486 0.092017 10.352921 -0.284395 0.310028 3.554814
1 289.68436 -8.558635 -0.926424 -0.232183 -2.295459 -1.440251 3.475558 0.282604 2.474666 0.228532 0.553172 2.282486 0.092017 10.352921 -0.284395 0.310028 3.554814
1 289.68436 -8.558635 -0.926424 -0.232183 -2.295459 -1.440251 3.475558 0.282604 2.474666 0.228532 0.553172 2.282486 0.092017 10.352921 -0.284395 0.310028 3.554814
1 289.68436 -8.558635 -0.926424 -0.232183 -2.295459 -1.440251 3.475558 0.282604 2.474666 0.228532 0.553172 2.282486 0.092017 10.352921 -0.284395 0.310028 3.554814
1 289.68436 -8.558635 -0.926424 -0.232183 -2.295459 -1.440251 3.475558 0.282604 2.474666 0.228532 0.553172 2.282486 0.092017 10.352921 -0.284395 0.310028 3.554814
1 284.21495 -8.545372 -0.930668 -0.274201 -2.312094 -1.447711 3.472204 0.297956 2.465270 0.209766 0.578288 2.304985 0.103706 10.366258 -0.292352 0.317797 3.538775
1 284.21495 -8.545372 -0.930668 -0.274201 -2.312094 -1.447711 3.472204 0.297956 2.465270 0.209766 0.578288 2.304985 0.103706 10.366258 -0.292352 0.317797 3.538775
1 284.21495 -8.545372 -0.930668 -0.274201 -2.312094 -1.447711 3.472204 0.297956 2.465270 0.209766 0.578288 2.304985 0.103706 10.366258 -0.292352 0.317797 3.538775
1 284.21495 -8.545372 -0.930668 -0.274201 -2.312094 -1.447711 3.472204 0.297956 2.465270 0.209766 0.578288 2.304985 0.103706 10.366258 -0.292352 0.317797 3.538775
1 284.21495 -8.545372 -0.930668 -0.274201 -2.312094 -1.447711 3.472204 0.297956 2.465270 0.209766 0.578288 2.304985 0.103706 10.366258 -0.292352 0.317797 3.538775
1 284.21495 -8.545372 -0.930668 -0.274201 -2.312094 -1.447711 3.472204 0.297956 2.465270 0.209766 0.578288 2.304985 0.103706 10.366258 -0.292352 0.317797 3.538775
1 283.41177 -8.531391 -0.913611 -0.281355 -2.337485 -1.475888 3.470975 0.257625 2.475040 0.196794 0.599293 2.304726 0.106497 10.334069 -0.289161 0.286159 3.538029
1 283.41177 -8.531391 -0.913611 -0.281355 -2.337485 -1.475888 3.470975 0.257625 2.475040 0.196794 0.599293 2.304726 0.106497 10.334069 -0.289161 0.286159 3.538029
1 283.41177 -8.531391 -0.913611 -0.281355 -2.337485 -1.475888 3.470975 0.257625 2.475040 0.196794 0.599293 2.304726 0.106497 10.334069 -0.289161 0.286159 3.538029
1 283.41177 -8.531391 -0.913611 -0.281355 -2.337485 -1.475888 3.470975 0.257625 2.475040 0.196794 0.599293 2.304726 0.106497 10.334069 -0.289161 0.286159 3.538029
1 283.41177 -8.531391 -0.913611 -0.281355 -2.337485 -1.475888 3.470975 0.257625 2.475040 0.196794 0.599293 2.304726 0.106497 10.334069 -0.289161 0.286159 3.538029
1 283.41177 -8.531391 -0.913611 -0.281355 -2.337485 -1.475888 3.470975 0.257625 2.475040 0.196794 0.599293 2.304726 0.106497 10.334069 -0.289161 0.286159 3.538029
1 283.41177 -8.531391 -0.913611 -0.281355 -2.337485 -1.475888 3.470975 0.257625 2.475040 0.196794 0.599293 2.304726 0.106497 10.334069 -0.289161 0.286159 3.538029
1 283.41177 -8.531391 -0.913611 -0.281355 -2.337485 -1.475888 3.470975 0.257625 2.475040 0.196794 0.599293 2.304726 0.106497 10.334069 -0.289161 0.286159 3.538029
1 283.41177 -8.531391 -0.913611 -0.281355 -2.337485 -1.475888 3.470975 0.257625 2.475040 0.196794 0.599293 2.304726 0.106497 10.334069 -0.289161 0.286159 3.538029
1 283.41177 -8.531391 -0.913611 -0.281355 -2.337485 -1.475888 3.470975 0.257625 2.475040 0.196794 0.599293 2.304726 0.106497 10.334069 -0.289161 0.286159 3.538029
1 283.41177 -8.531391 -0.913611 -0.281355 -2.337485 -1.475888 3.470975 0.257625 2.475040 0.196794 0.599293 2.304726 0.106497 10.334069 -0.289161 0.286159 3.538029
1 283.41177 -8.531391 -0.913611 -0.281355 -2.337485 -1.475888 3.470975 0.257625 2.475040 0.196794 0.599293 2.304726 0.106497 10.334069 -0.289161 0.286159 3.538029
1 283.41177 -8.531391 -0.913611 -0.281355 -2.337485 -1.475888 3.470975 0.257625 2.475040 0.196794 0.599293 2.304726 0.106497 10.334069 -0.289161 0.286159 3.538029
1 283.41177 -8.531391 -0.913611 -0.281355 -2.337485 -1.475888 3.470975 0.257625 2.475040 0.196794 0.599293 2.304726 0.106497 10.334069 -0.289161 0.286159 3.538029
1 283.41177 -8.531391 -0.913611 -0.281355 -2.337485 -1.475888 3.470975 0.257625 2.475040 0.196794 0.599293 2.304726 0.106497 10.334069 -0.289161 0.286159 3.538029
1 283.41177 -8.531391 -0.913611 -0.281355 -2.337485 -1.475888 3.470975 0.257625 2.475040 0.196794 0.599293 2.304726 0.106497 10.334069 -0.289161 0.286159 3.538029
1 283.41177 -8.531391 -0.913611 -0.281355 -2.337485 -1.475888 3.470975 0.257625 2.475040 0.196794 0.599293 2.304726 0.106497 10.334069 -0.289161 0.286159 3.538029
1 283.41177 -8.531391 -0.913611 -0.281355 -2.337485 -1.475888 3.470975 0.257625 2.475040 0.196794 0.599293 2.304726 0.106497 10.334069 -0.289161 0.286159 3.538029
1 283.41177 -8.531391 -0.913611 -0.281355 -2.337485 -1.475888 3.470975 0.257625 2.475040 0.196794 0.599293 2.304726 0.106497 10.334069 -0.289161 0.286159 3.538029
1 283.41177 -8.531391 -0.913611 -0.281355 -2.337485 -1.475888 3.470975 0.257625 2.475040 0.196794 0.599293 2.304726 0.106497 10.334069 -0.289161 0.286159 3.538029
1 283.41177 -8.531391 -0.913611 -0.281355 -2.337485 -1.475888 3.470975 0.257625 2.475040 0.196794 0.599293 2.304726 0.106497 10.334069 -0.289161 0.286159 3.538029
1 283.41177 -8.531391 -0.913611 -0.281355 -2.337485 -1.475888 3.470975 0.257625 2.475040 0.196794 0.599293 2.304726 0.106497 10.334069 -0.289161 0.286159 3.538029
1 283.41177 -8.531391 -0.913611 -0.281355 -2.337485 -1.475888 3.470975 0.257625 2.475040 0.196794 0.599293 2.304726 0.106497 10.334069 -0.289161 0.286159 3.538029
1 283.41177 -8.531391 -0.913611 -0.281355 -2.337485 -1.475888 3.470975 0.257625 2.475040 0.196794 0.599293 2.304726 0.106497 10.334069 -0.289161 0.286159 3.538029
1 283.41177 -8.531391 -0.913611 -0.281355 -2.337485 -1.475888 3.470975 0.257625 2.475040 0.196794 0.599293 2.304726 0.106497 10.334069 -0.289161 0.286159 3.538029
1 283.41177 -8.531391 -0.913611 -0.281355 -2.337485 -1.475888 3.470975 0.257625 2.475040 0.196794 0.599293 2.304726 0.106497 10.334069 -0.289161 0.286159 3.538029
1 283.41177 -8.531391 -0.913611 -0.281355 -2.337485 -1.475888 3.470975 0.257625 2.475040 0.196794 0.599293 2.304726 0.106497 10.334069 -0.289161 0.286159 3.538029
1 283.41177 -8.531391 -0.913611 -0.281355 -2.337485 -1.475888 3.470975 0.257625 2.475040 0.196794 0.599293 2.304726 0.106497 10.334069 -0.289161 0.286159 3.538029
1 283.41177 -8.531391 -0.913611 -0.281355 -2.337485 -1.475888 3.470975 0.257625 2.475040 0.196794 0.599293 2.304726 0.106497 10.334069 -0.289161 0.286159 3.538029
1 283.41177 -8.531391 -0.913611 -0.281355 -2.337485 -1.475888 3.470975 0.257625 2.475040 0.196794 0.599293 2.304726 0.106497 10.334069 -0.289161 0.286159 3.538029
1 283.41177 -8.531391 -0.913611 -0.281355 -2.337485 -1.475888 3.470975 0.257625 2.475040 0.196794 0.599293 2.304726 0.106497 10.334069 -0.289161 0.286159 3.538029
1 283.41177 -8.531391 -0.913611 -0.281355 -2.337485 -1.475888 3.470975 0.257625 2.475040 0.196794 0.599293 2.304726 0.106497 10.334069 -0.289161 0.286159 3.538029
1 283.41177 -8.531391 -0.913611 -0.281355 -2.337485 -1.475888 3.470975 0.257625 2.475040 0.196794 0.599293 2.304726 0.106497 10.334069 -0.289161 0.286159 3.538029
1 283.41177 -8.531391 -0.913611 -0.281355 -2.337485 -1.475888 3.470975 0.257625 2.475040 0.196794 0.599293 2.304726 0.106497 10.334069 -0.289161 0.286159 3.538029
1 283.41177 -8.531391 -0.913611 -0.281355 -2.337485 -1.475888 3.470975 0.257625 2.475040 0.196794 0.599293 2.304726 0.106497 10.334069 -0.289161 0.286159 3.538029
1 283.41177 -8.531391 -0.913611 -0.281355 -2.337485 -1.475888 3.470975 0.257625 2.475040 0.196794 0.599293 2.304726 0.106497 10.334069 -0.289161 0.286159 3.538029
1 283.41177 -8.531391 -0.913611 -0.281355 -2.337485 -1.475888 3.470975 0.257625 2.475040 0.196794 0.599293 2.304726 0.106497 10.334069 -0.289161 0.286159 3.538029
1 283.41177 -8.531391 -0.913611 -0.281355 -2.337485 -1.475888 3.470975 0.257625 2.475040 0.196794 0.599293 2.304726 0.106497 10.334069 -0.289161 0.286159 3.538029
1 283.41177 -8.531391 -0.913611 -0.281355 -2.337485 -1.475888 3.470975 0.257625 2.475040 0.196794 0.599293 2.304726 0.106497 10.334069 -0.289161 0.286159 3.538029
1 283.41177 -8.531391 -0.913611 -0.281355 -2.337485 -1.475888 3.470975 0.257625 2.475040 0.196794 0.599293 2.304726 0.106497 10.334069 -0.289161 0.286159 3.538029
1 283.41177 -8.531391 -0.913611 -0.281355 -2.337485 -1.475888 3.470975 0.257625 2.475040 0.196794 0.599293 2.304726 0.106497 10.334069 -0.289161 0.286159 3.538029
