1 inf -8.572811 -0.952287 -0.218959 -2.310318 -1.502777 3.460851 0.272157 2.510402 0.190508 0.544213 2.304107 0.086223 10.343389 -0.309332 0.294154 3.563192
1 inf -8.582293 -0.954393 -0.217541 -2.278725 -1.510148 3.462219 0.309182 2.512773 0.228154 0.563915 2.292774 0.079980 10.326065 -0.279961 0.266265 3.505541
1 inf -8.553948 -0.957494 -0.247793 -2.265010 -1.541049 3.453504 0.334665 2.477742 0.210102 0.593321 2.294815 0.112478 10.344358 -0.306475 0.229141 3.511420
1 inf -8.529643 -0.904306 -0.262158 -2.257343 -1.558171 3.455117 0.341644 2.469660 0.214969 0.611116 2.266006 0.089042 10.324108 -0.318268 0.192898 3.505300
1 304.54608 -8.537158 -0.903136 -0.264053 -2.262969 -1.591867 3.443143 0.351120 2.479100 0.192451 0.602509 2.286983 0.115896 10.273280 -0.342270 0.189714 3.510600
1 304.54608 -8.537158 -0.903136 -0.264053 -2.262969 -1.591867 3.443143 0.351120 2.479100 0.192451 0.602509 2.286983 0.115896 10.273280 -0.342270 0.189714 3.510600
1 304.54608 -8.537158 -0.903136 -0.264053 -2.262969 -1.591867 3.443143 0.351120 2.479100 0.192451 0.602509 2.286983 0.115896 10.273280 -0.342270 0.189714 3.510600
1 304.54608 -8.537158 -0.903136 -0.264053 -2.262969 -1.591867 3.443143 0.351120 2.479100 0.192451 0.602509 2.286983 0.115896 10.273280 -0.342270 0.189714 3.510600
1 302.99156 -8.546361 -0.890618 -0.247461 -2.266924 -1.574735 3.439389 0.342380 2.486265 0.150403 0.579014 2.310294 0.126806 10.273268 -0.309803 0.193682 3.486085
1 302.49292 -8.513075 -0.867277 -0.237967 -2.207029 -1.590102 3.453319 0.348890 2.478286 0.170666 0.596880 2.295764 0.129290 10.268438 -0.307898 0.185659 3.478303
1 302.49292 -8.513075 -0.867277 -0.237967 -2.207029 -1.590102 3.453319 0.348890 2.478286 0.170666 0.596880 2.295764 0.129290 10.268438 -0.307898 0.185659 3.478303
1 301.59322 -8.490215 -0.833768 -0.210578 -2.185463 -1.626317 3.445676 0.345922 2.462166 0.176835 0.588233 2.316561 0.149010 10.274811 -0.314726 0.202407 3.470130
1 301.59322 -8.490215 -0.833768 -0.210578 -2.185463 -1.626317 3.445676 0.345922 2.462166 0.176835 0.588233 2.316561 0.149010 10.274811 -0.314726 0.202407 3.470130
1 301.59322 -8.490215 -0.833768 -0.210578 -2.185463 -1.626317 3.445676 0.345922 2.462166 0.176835 0.588233 2.316561 0.149010 10.274811 -0.314726 0.202407 3.470130
1 295.39267 -8.475505 -0.799168 -0.187503 -2.194099 -1.616060 3.466633 0.312294 2.429651 0.187088 0.621218 2.301384 0.139316 10.273515 -0.322163 0.199210 3.451910
1 295.39267 -8.475505 -0.799168 -0.187503 -2.194099 -1.616060 3.466633 0.312294 2.429651 0.187088 0.621218 2.301384 0.139316 10.273515 -0.322163 0.199210 3.451910
1 295.39267 -8.475505 -0.799168 -0.187503 -2.194099 -1.616060 3.466633 0.312294 2.429651 0.187088 0.621218 2.301384 0.139316 10.273515 -0.322163 0.199210 3.451910
1 294.07283 -8.469099 -0.791350 -0.154602 -2.203814 -1.616529 3.455839 0.343036 2.452896 0.202382 0.618587 2.244154 0.178181 10.278838 -0.346217 0.197220 3.438261
1 294.07283 -8.469099 -0.791350 -0.154602 -2.203814 -1.616529 3.455839 0.343036 2.452896 0.202382 0.618587 2.244154 0.178181 10.278838 -0.346217 0.197220 3.438261
1 294.07283 -8.469099 -0.791350 -0.154602 -2.203814 -1.616529 3.455839 0.343036 2.452896 0.202382 0.618587 2.244154 0.178181 10.278838 -0.346217 0.197220 3.438261
1 294.07283 -8.469099 -0.791350 -0.154602 -2.203814 -1.616529 3.455839 0.343036 2.452896 0.202382 0.618587 2.244154 0.178181 10.278838 -0.346217 0.197220 3.438261
1 294.07283 -8.469099 -0.791350 -0.154602 -2.203814 -1.616529 3.455839 0.343036 2.452896 0.202382 0.618587 2.244154 0.178181 10.278838 -0.346217 0.197220 3.438261
1 288.14714 -8.434503 -0.802344 -0.140138 -2.220408 -1.625535 3.457181 0.372327 2.462434 0.194921 0.600210 2.247169 0.130550 10.275419 -0.348668 0.174572 3.467652
1 288.14714 -8.434503 -0.802344 -0.140138 -2.220408 -1.625535 3.457181 0.372327 2.462434 0.194921 0.600210 2.247169 0.130550 10.275419 -0.348668 0.174572 3.467652
1 288.14714 -8.434503 -0.802344 -0.140138 -2.220408 -1.625535 3.457181 0.372327 2.462434 0.194921 0.600210 2.247169 0.130550 10.275419 -0.348668 0.174572 3.467652
1 288.14714 -8.434503 -0.802344 -0.140138 -2.220408 -1.625535 3.457181 0.372327 2.462434 0.194921 0.600210 2.247169 0.130550 10.275419 -0.348668 0.174572 3.467652
1 288.14714 -8.434503 -0.802344 -0.140138 -2.220408 -1.625535 3.457181 0.372327 2.462434 0.194921 0.600210 2.247169 0.130550 10.275419 -0.348668 0.174572 3.467652
1 288.14714 -8.434503 -0.802344 -0.140138 -2.220408 -1.625535 3.457181 0.372327 2.462434 0.194921 0.600210 2.247169 0.130550 10.275419 -0.348668 0.174572 3.467652
1 288.14714 -8.434503 -0.802344 -0.140138 -2.220408 -1.625535 3.457181 0.372327 2.462434 0.194921 0.600210 2.247169 0.130550 10.275419 -0.348668 0.174572 3.467652
1 288.14714 -8.434503 -0.802344 -0.140138 -2.220408 -1.625535 3.457181 0.372327 2.462434 0.194921 0.600210 2.247169 0.130550 10.275419 -0.348668 0.174572 3.467652
1 288.14714 -8.434503 -0.802344 -0.140138 -2.220408 -1.625535 3.457181 0.372327 2.462434 0.194921 0.600210 2.247169 0.130550 10.275419 -0.348668 0.174572 3.467652
1 279.06058 -8.407608 -0.837390 -0.138286 -2.251601 -1.643052 3.469084 0.324277 2.448553 0.197754 0.626100 2.245531 0.143787 10.279124 -0.363859 0.181083 3.462792
1 279.06058 -8.407608 -0.837390 -0.138286 -2.251601 -1.643052 3.469084 0.324277 2.448553 0.197754 0.626100 2.245531 0.143787 10.279124 -0.363859 0.181083 3.462792
1 279.06058 -8.407608 -0.837390 -0.138286 -2.251601 -1.643052 3.469084 0.324277 2.448553 0.197754 0.626100 2.245531 0.143787 10.279124 -0.363859 0.181083 3.462792
1 279.06058 -8.407608 -0.837390 -0.138286 -2.251601 -1.643052 3.469084 0.324277 2.448553 0.197754 0.626100 2.245531 0.143787 10.279124 -0.363859 0.181083 3.462792
1 279.06058 -8.407608 -0.837390 -0.138286 -2.251601 -1.643052 3.469084 0.324277 2.448553 0.197754 0.626100 2.245531 0.143787 10.279124 -0.363859 0.181083 3.462792
1 279.06058 -8.407608 -0.837390 -0.138286 -2.251601 -1.643052 3.469084 0.324277 2.448553 0.197754 0.626100 2.245531 0.143787 10.279124 -0.363859 0.181083 3.462792
1 279.06058 -8.407608 -0.837390 -0.138286 -2.251601 -1.643052 3.469084 0.324277 2.448553 0.197754 0.626100 2.245531 0.143787 10.279124 -0.363859 0.181083 3.462792
1 279.06058 -8.407608 -0.837390 -0.138286 -2.251601 -1.643052 3.469084 0.324277 2.448553 0.197754 0.626100 2.245531 0.143787 10.279124 -0.363859 0.181083 3.462792
1 277.03092 -8.358486 -0.813318 -0.144705 -2.205138 -1.630699 3.470788 0.330228 2.453703 0.191201 0.590376 2.202107 0.139236 10.276531 -0.379556 0.172355 3.474063
1 277.03092 -8.358486 -0.813318 -0.144705 -2.205138 -1.630699 3.470788 0.330228 2.453703 0.191201 0.590376 2.202107 0.139236 10.276531 -0.379556 0.172355 3.474063
1 277.03092 -8.358486 -0.813318 -0.144705 -2.205138 -1.630699 3.470788 0.330228 2.453703 0.191201 0.590376 2.202107 0.139236 10.276531 -0.379556 0.172355 3.474063
1 277.03092 -8.358486 -0.813318 -0.144705 -2.205138 -1.630699 3.470788 0.330228 2.453703 0.191201 0.590376 2.202107 0.139236 10.276531 -0.379556 0.172355 3.474063
1 277.03092 -8.358486 -0.813318 -0.144705 -2.205138 -1.630699 3.470788 0.330228 2.453703 0.191201 0.590376 2.202107 0.139236 10.276531 -0.379556 0.172355 3.474063
1 277.03092 -8.358486 -0.813318 -0.144705 -2.205138 -1.630699 3.470788 0.330228 2.453703 0.191201 0.590376 2.202107 0.139236 10.276531 -0.379556 0.172355 3.474063
1 277.03092 -8.358486 -0.813318 -0.144705 -2.205138 -1.630699 3.470788 0.330228 2.453703 0.191201 0.590376 2.202107 0.139236 10.276531 -0.379556 0.172355 3.474063
1 277.03092 -8.358486 -0.813318 -0.144705 -2.205138 -1.630699 3.470788 0.330228 2.453703 0.191201 0.590376 2.202107 0.139236 10.276531 -0.379556 0.172355 3.474063
1 277.03092 -8.358486 -0.813318 -0.144705 -2.205138 -1.630699 3.470788 0.330228 2.453703 0.191201 0.590376 2.202107 0.139236 10.276531 -0.379556 0.172355 3.474063
1 277.03092 -8.358486 -0.813318 -0.144705 -2.205138 -1.630699 3.470788 0.330228 2.453703 0.191201 0.590376 2.202107 0.139236 10.276531 -0.379556 0.172355 3.474063
1 277.03092 -8.358486 -0.813318 -0.144705 -2.205138 -1.630699 3.470788 0.330228 2.453703 0.191201 0.590376 2.202107 0.139236 10.276531 -0.379556 0.172355 3.474063
1 273.92528 -8.342289 -0.839292 -0.140915 -2.219739 -1.665902 3.416002 0.339644 2.441596 0.187974 0.585565 2.207982 0.111012 10.279351 -0.359260 0.176554 3.459084
1 273.92528 -8.342289 -0.839292 -0.140915 -2.219739 -1.665902 3.416002 0.339644 2.441596 0.187974 0.585565 2.207982 0.111012 10.279351 -0.359260 0.176554 3.459084
1 273.92528 -8.342289 -0.839292 -0.140915 -2.219739 -1.665902 3.416002 0.339644 2.441596 0.187974 0.585565 2.207982 0.111012 10.279351 -0.359260 0.176554 3.459084
1 273.92528 -8.342289 -0.839292 -0.140915 -2.219739 -1.665902 3.416002 0.339644 2.441596 0.187974 0.585565 2.207982 0.111012 10.279351 -0.359260 0.176554 3.459084
1 273.92528 -8.342289 -0.839292 -0.140915 -2.219739 -1.665902 3.416002 0.339644 2.441596 0.187974 0.585565 2.207982 0.111012 10.279351 -0.359260 0.176554 3.459084
1 273.92528 -8.342289 -0.839292 -0.140915 -2.219739 -1.665902 3.416002 0.339644 2.441596 0.187974 0.585565 2.207982 0.111012 10.279351 -0.359260 0.176554 3.459084
1 273.92528 -8.342289 -0.839292 -0.140915 -2.219739 -1.665902 3.416002 0.339644 2.441596 0.187974 0.585565 2.207982 0.111012 10.279351 -0.359260 0.176554 3.459084
1 273.92528 -8.342289 -0.839292 -0.140915 -2.219739 -1.665902 3.416002 0.339644 2.441596 0.187974 0.585565 2.207982 0.111012 10.279351 -0.359260 0.176554 3.459084
1 273.92528 -8.342289 -0.839292 -0.140915 -2.219739 -1.665902 3.416002 0.339644 2.441596 0.187974 0.585565 2.207982 0.111012 10.279351 -0.359260 0.176554 3.459084
1 273.92528 -8.342289 -0.839292 -0.140915 -2.219739 -1.665902 3.416002 0.339644 2.441596 0.187974 0.585565 2.207982 0.111012 10.279351 -0.359260 0.176554 3.459084
1 273.92528 -8.342289 -0.839292 -0.140915 -2.219739 -1.665902 3.416002 0.339644 2.441596 0.187974 0.585565 2.207982 0.111012 10.279351 -0.359260 0.176554 3.459084
1 273.92528 -8.342289 -0.839292 -0.140915 -2.219739 -1.665902 3.416002 0.339644 2.441596 0.187974 0.585565 2.207982 0.111012 10.279351 -0.359260 0.176554 3.459084
1 273.92528 -8.342289 -0.839292 -0.140915 -2.219739 -1.665902 3.416002 0.339644 2.441596 0.187974 0.585565 2.207982 0.111012 10.279351 -0.359260 0.176554 3.459084
1 273.92528 -8.342289 -0.839292 -0.140915 -2.219739 -1.665902 3.416002 0.339644 2.441596 0.187974 0.585565 2.207982 0.111012 10.279351 -0.359260 0.176554 3.459084
1 273.92528 -8.342289 -0.839292 -0.140915 -2.219739 -1.665902 3.416002 0.339644 2.441596 0.187974 0.585565 2.207982 0.111012 10.279351 -0.359260 0.176554 3.459084
1 273.92528 -8.342289 -0.839292 -0.140915 -2.219739 -1.665902 3.416002 0.339644 2.441596 0.187974 0.585565 2.207982 0.111012 10.279351 -0.359260 0.176554 3.459084
1 273.92528 -8.342289 -0.839292 -0.140915 -2.219739 -1.665902 3.416002 0.339644 2.441596 0.187974 0.585565 2.207982 0.111012 10.279351 -0.359260 0.176554 3.459084
1 273.92528 -8.342289 -0.839292 -0.140915 -2.219739 -1.665902 3.416002 0.339644 2.441596 0.187974 0.585565 2.207982 0.111012 10.279351 -0.359260 0.176554 3.459084
1 273.92528 -8.342289 -0.839292 -0.140915 -2.219739 -1.665902 3.416002 0.339644 2.441596 0.187974 0.585565 2.207982 0.111012 10.279351 -0.359260 0.176554 3.459084
1 273.92528 -8.342289 -0.839292 -0.140915 -2.219739 -1.665902 3.416002 0.339644 2.441596 0.187974 0.585565 2.207982 0.111012 10.279351 -0.359260 0.176554 3.459084
