1 inf -8.712870 -0.957249 -0.308663 -2.230156 -1.421387 3.380900 0.207156 2.542514 0.203013 0.611743 2.295726 0.185213 10.425475 -0.284649 0.173082 3.671161
1 inf -8.701722 -0.960770 -0.296199 -2.198979 -1.391567 3.363019 0.218814 2.522553 0.201034 0.607714 2.301747 0.225199 10.372102 -0.290598 0.163162 3.653214
1 inf -8.685956 -0.970498 -0.310832 -2.178729 -1.415611 3.378158 0.192008 2.544735 0.170360 0.600480 2.295326 0.251342 10.383993 -0.273407 0.124544 3.625492
1 inf -8.683835 -0.967105 -0.312022 -2.201957 -1.368769 3.373657 0.154820 2.557564 0.163340 0.591897 2.308026 0.284672 10.425610 -0.260620 0.075415 3.639134
1 inf -8.693949 -0.975539 -0.364710 -2.202159 -1.335645 3.360633 0.161717 2.536209 0.158833 0.619959 2.283764 0.272415 10.437290 -0.268060 0.056986 3.615110
1 inf -8.693342 -0.973755 -0.322382 -2.219087 -1.371457 3.354707 0.184657 2.479396 0.121322 0.607303 2.309010 0.271879 10.438197 -0.250134 0.088308 3.641722
1 inf -8.656889 -0.949379 -0.336153 -2.229283 -1.389573 3.347160 0.163784 2.462835 0.118351 0.632640 2.348452 0.239064 10.431658 -0.259714 0.098453 3.637553
1 inf -8.650444 -0.962812 -0.355508 -2.240364 -1.378839 3.323981 0.150617 2.456450 0.086071 0.629358 2.355075 0.230443 10.447030 -0.278780 0.114778 3.621913
1 inf -8.662077 -0.963462 -0.344357 -2.225466 -1.354441 3.303767 0.122527 2.428380 0.084487 0.608327 2.389629 0.254772 10.437901 -0.312787 0.119399 3.632762
1 inf -8.707670 -0.948657 -0.335098 -2.198128 -1.325128 3.274586 0.120877 2.401694 0.103780 0.587977 2.423477 0.237903 10.468419 -0.290759 0.118450 3.603202
1 inf -8.699908 -0.913174 -0.312206 -2.201349 -1.326209 3.278217 0.129806 2.389629 0.098953 0.593036 2.397166 0.220217 10.462331 -0.286004 0.107972 3.619263
1 inf -8.699590 -0.912488 -0.325897 -2.180529 -1.334776 3.264197 0.093564 2.409145 0.106022 0.599293 2.383244 0.219514 10.483954 -0.297358 0.062595 3.604009
1 inf -8.682621 -0.881372 -0.329719 -2.165220 -1.348589 3.295640 0.071905 2.374416 0.096061 0.597560 2.388346 0.220815 10.505827 -0.292479 0.101945 3.617864
1 inf -8.685763 -0.881903 -0.333885 -2.156419 -1.341487 3.280458 0.088656 2.381171 0.087864 0.588675 2.380210 0.217204 10.511430 -0.257963 0.105963 3.596625
1 inf -8.730742 -0.878872 -0.355155 -2.138328 -1.323311 3.260559 0.092779 2.399147 0.127196 0.567065 2.424712 0.229173 10.523988 -0.272435 0.147250 3.575999
1 inf -8.733176 -0.856712 -0.320431 -2.113012 -1.350126 3.266616 0.074641 2.400348 0.159083 0.610136 2.461218 0.231863 10.538411 -0.294102 0.145989 3.585196
1 inf -8.749170 -0.854326 -0.329549 -2.141775 -1.336933 3.268544 0.126266 2.457714 0.192348 0.592509 2.438443 0.254025 10.551970 -0.311609 0.143481 3.558272
1 inf -8.746007 -0.848243 -0.296434 -2.159240 -1.306306 3.273253 0.138916 2.476886 0.182112 0.587259 2.455785 0.237637 10.504164 -0.322137 0.138829 3.546456
1 inf -8.766940 -0.867508 -0.267033 -2.161044 -1.273742 3.286993 0.117831 2.473204 0.157893 0.596504 2.447116 0.241206 10.523500 -0.300415 0.115665 3.539720
1 inf -8.710226 -0.871638 -0.273137 -2.128509 -1.277124 3.291164 0.100576 2.463876 0.143811 0.572095 2.483632 0.237908 10.528648 -0.328548 0.082740 3.541144
1 inf -8.678914 -0.843763 -0.282277 -2.111515 -1.246864 3.251579 0.130931 2.486728 0.111114 0.583848 2.488228 0.210426 10.540755 -0.261991 0.099985 3.551321
1 inf -8.663000 -0.836326 -0.282827 -2.098625 -1.236439 3.235953 0.085567 2.475937 0.087166 0.562001 2.501181 0.226409 10.509552 -0.251462 0.081547 3.571066
1 inf -8.676464 -0.879930 -0.285854 -2.100526 -1.240108 3.258285 0.081767 2.494852 0.076332 0.520127 2.486171 0.237741 10.523841 -0.265510 0.060677 3.560081
1 inf -8.640247 -0.865359 -0.310175 -2.157001 -1.263750 3.251591 0.091292 2.523373 0.090101 0.509993 2.491166 0.240030 10.505922 -0.244471 0.095000 3.536753
1 inf -8.652956 -0.891711 -0.319724 -2.132482 -1.288718 3.235591 0.103586 2.510408 0.068438 0.497502 2.501317 0.242308 10.513862 -0.239640 0.089071 3.566531
1 212.25512 -8.672215 -0.886392 -0.343563 -2.125648 -1.307535 3.212898 0.095090 2.503240 0.097099 0.520915 2.481767 0.267221 10.482264 -0.250249 0.070458 3.578236
1 212.25512 -8.672215 -0.886392 -0.343563 -2.125648 -1.307535 3.212898 0.095090 2.503240 0.097099 0.520915 2.481767 0.267221 10.482264 -0.250249 0.070458 3.578236
1 211.58221 -8.682760 -0.873636 -0.322306 -2.124039 -1.284274 3.195197 0.057615 2.533332 0.115511 0.515797 2.495611 0.326668 10.499690 -0.241843 0.017436 3.555034
1 211.58221 -8.682760 -0.873636 -0.322306 -2.124039 -1.284274 3.195197 0.057615 2.533332 0.115511 0.515797 2.495611 0.326668 10.499690 -0.241843 0.017436 3.555034
1 186.65449 -8.653617 -0.907962 -0.339893 -2.128455 -1.291916 3.207187 0.076676 2.568506 0.125375 0.457951 2.511127 0.313720 10.502702 -0.232274 0.036366 3.563837
1 186.65449 -8.653617 -0.907962 -0.339893 -2.128455 -1.291916 3.207187 0.076676 2.568506 0.125375 0.457951 2.511127 0.313720 10.502702 -0.232274 0.036366 3.563837
1 176.8986 -8.671698 -0.910918 -0.372900 -2.126187 -1.292057 3.191834 0.107490 2.575533 0.151336 0.471611 2.509803 0.309260 10.497737 -0.249760 0.021086 3.561448
1 176.8986 -8.671698 -0.910918 -0.372900 -2.126187 -1.292057 3.191834 0.107490 2.575533 0.151336 0.471611 2.509803 0.309260 10.497737 -0.249760 0.021086 3.561448
1 166.00768 -8.688808 -0.883694 -0.362089 -2.114038 -1.275609 3.166899 0.131087 2.567718 0.189417 0.467043 2.508706 0.312092 10.475429 -0.261975 0.007843 3.517513
1 166.00768 -8.688808 -0.883694 -0.362089 -2.114038 -1.275609 3.166899 0.131087 2.567718 0.189417 0.467043 2.508706 0.312092 10.475429 -0.261975 0.007843 3.517513
1 163.2428 -8.726743 -0.844841 -0.357348 -2.125933 -1.257745 3.204307 0.159907 2.537361 0.209729 0.422136 2.517574 0.298065 10.490059 -0.269307 0.019214 3.532321
1 158.65373 -8.696479 -0.852112 -0.348751 -2.169749 -1.234940 3.193663 0.154391 2.569376 0.201229 0.436175 2.527683 0.274305 10.441864 -0.259497 0.026003 3.527239
1 153.38732 -8.690237 -0.847585 -0.382777 -2.152164 -1.245572 3.205697 0.153191 2.573426 0.227433 0.455675 2.528659 0.259676 10.411769 -0.274826 0.019449 3.497227
1 151.33564 -8.668182 -0.810791 -0.367438 -2.132325 -1.265661 3.248679 0.202127 2.575780 0.225473 0.452294 2.513484 0.285007 10.433884 -0.289803 0.012002 3.488501
1 151.43828 -8.663426 -0.816165 -0.402052 -2.119195 -1.228449 3.197230 0.229319 2.585576 0.231658 0.450039 2.544679 0.300439 10.410767 -0.275235 0.037465 3.513692
1 151.43828 -8.663426 -0.816165 -0.402052 -2.119195 -1.228449 3.197230 0.229319 2.585576 0.231658 0.450039 2.544679 0.300439 10.410767 -0.275235 0.037465 3.513692
1 151.43828 -8.663426 -0.816165 -0.402052 -2.119195 -1.228449 3.197230 0.229319 2.585576 0.231658 0.450039 2.544679 0.300439 10.410767 -0.275235 0.037465 3.513692
1 151.43828 -8.663426 -0.816165 -0.402052 -2.119195 -1.228449 3.197230 0.229319 2.585576 0.231658 0.450039 2.544679 0.300439 10.410767 -0.275235 0.037465 3.513692
1 151.43828 -8.663426 -0.816165 -0.402052 -2.119195 -1.228449 3.197230 0.229319 2.585576 0.231658 0.450039 2.544679 0.300439 10.410767 -0.275235 0.037465 3.513692
1 151.43828 -8.663426 -0.816165 -0.402052 -2.119195 -1.228449 3.197230 0.229319 2.585576 0.231658 0.450039 2.544679 0.300439 10.410767 -0.275235 0.037465 3.513692
1 151.43828 -8.663426 -0.816165 -0.402052 -2.119195 -1.228449 3.197230 0.229319 2.585576 0.231658 0.450039 2.544679 0.300439 10.410767 -0.275235 0.037465 3.513692
1 148.81645 -8.660281 -0.815036 -0.384709 -2.100412 -1.239528 3.243367 0.243002 2.557746 0.264714 0.431923 2.532079 0.292671 10.400923 -0.268184 0.016929 3.511217
1 148.81645 -8.660281 -0.815036 -0.384709 -2.100412 -1.239528 3.243367 0.243002 2.557746 0.264714 0.431923 2.532079 0.292671 10.400923 -0.268184 0.016929 3.511217
1 144.10079 -8.648811 -0.828833 -0.337451 -2.116317 -1.278936 3.237606 0.243725 2.582854 0.290784 0.473407 2.528392 0.261028 10.361737 -0.265571 0.043520 3.489028
1 144.10079 -8.648811 -0.828833 -0.337451 -2.116317 -1.278936 3.237606 0.243725 2.582854 0.290784 0.473407 2.528392 0.261028 10.361737 -0.265571 0.043520 3.489028
1 144.10079 -8.648811 -0.828833 -0.337451 -2.116317 -1.278936 3.237606 0.243725 2.582854 0.290784 0.473407 2.528392 0.261028 10.361737 -0.265571 0.043520 3.489028
1 144.10079 -8.648811 -0.828833 -0.337451 -2.116317 -1.278936 3.237606 0.243725 2.582854 0.290784 0.473407 2.528392 0.261028 10.361737 -0.265571 0.043520 3.489028
1 144.10079 -8.648811 -0.828833 -0.337451 -2.116317 -1.278936 3.237606 0.243725 2.582854 0.290784 0.473407 2.528392 0.261028 10.361737 -0.265571 0.043520 3.489028
1 144.10079 -8.648811 -0.828833 -0.337451 -2.116317 -1.278936 3.237606 0.243725 2.582854 0.290784 0.473407 2.528392 0.261028 10.361737 -0.265571 0.043520 3.489028
1 143.59907 -8.619956 -0.858995 -0.347174 -2.101603 -1.284926 3.228721 0.215446 2.571970 0.295916 0.457835 2.522927 0.222618 10.383220 -0.266471 0.056871 3.524870
1 143.41097 -8.628801 -0.865558 -0.357023 -2.062493 -1.280404 3.263413 0.239889 2.534283 0.319395 0.462959 2.551418 0.265580 10.377572 -0.273240 0.038548 3.527846
1 143.41097 -8.628801 -0.865558 -0.357023 -2.062493 -1.280404 3.263413 0.239889 2.534283 0.319395 0.462959 2.551418 0.265580 10.377572 -0.273240 0.038548 3.527846
1 140.68671 -8.639572 -0.896360 -0.319118 -2.065646 -1.255408 3.268845 0.229730 2.500187 0.311298 0.505966 2.579414 0.268419 10.369074 -0.255142 0.038925 3.557004
1 140.68671 -8.639572 -0.896360 -0.319118 -2.065646 -1.255408 3.268845 0.229730 2.500187 0.311298 0.505966 2.579414 0.268419 10.369074 -0.255142 0.038925 3.557004
1 140.68671 -8.639572 -0.896360 -0.319118 -2.065646 -1.255408 3.268845 0.229730 2.500187 0.311298 0.505966 2.579414 0.268419 10.369074 -0.255142 0.038925 3.557004
1 140.68671 -8.639572 -0.896360 -0.319118 -2.065646 -1.255408 3.268845 0.229730 2.500187 0.311298 0.505966 2.579414 0.268419 10.369074 -0.255142 0.038925 3.557004
1 140.68671 -8.639572 -0.896360 -0.319118 -2.065646 -1.255408 3.268845 0.229730 2.500187 0.311298 0.505966 2.579414 0.268419 10.369074 -0.255142 0.038925 3.557004
1 140.68671 -8.639572 -0.896360 -0.319118 -2.065646 -1.255408 3.268845 0.229730 2.500187 0.311298 0.505966 2.579414 0.268419 10.369074 -0.255142 0.038925 3.557004
1 140.68671 -8.639572 -0.896360 -0.319118 -2.065646 -1.255408 3.268845 0.229730 2.500187 0.311298 0.505966 2.579414 0.268419 10.369074 -0.255142 0.038925 3.557004
1 140.68671 -8.639572 -0.896360 -0.319118 -2.065646 -1.255408 3.268845 0.229730 2.500187 0.311298 0.505966 2.579414 0.268419 10.369074 -0.255142 0.038925 3.557004
1 140.68671 -8.639572 -0.896360 -0.319118 -2.065646 -1.255408 3.268845 0.229730 2.500187 0.311298 0.505966 2.579414 0.268419 10.369074 -0.255142 0.038925 3.557004
1 140.68671 -8.639572 -0.896360 -0.319118 -2.065646 -1.255408 3.268845 0.229730 2.500187 0.311298 0.505966 2.579414 0.268419 10.369074 -0.255142 0.038925 3.557004
1 140.68671 -8.639572 -0.896360 -0.319118 -2.065646 -1.255408 3.268845 0.229730 2.500187 0.311298 0.505966 2.579414 0.268419 10.369074 -0.255142 0.038925 3.557004
1 140.87444 -8.618545 -0.880468 -0.313852 -2.081148 -1.267546 3.244282 0.232145 2.488393 0.287924 0.520390 2.588208 0.264185 10.327441 -0.234902 0.030055 3.553641
1 140.87444 -8.618545 -0.880468 -0.313852 -2.081148 -1.267546 3.244282 0.232145 2.488393 0.287924 0.520390 2.588208 0.264185 10.327441 -0.234902 0.030055 3.553641
1 140.28259 -8.658364 -0.896045 -0.287541 -2.109332 -1.299239 3.254192 0.244446 2.497672 0.293478 0.519767 2.578770 0.256433 10.334887 -0.249299 0.026928 3.512098
1 135.81352 -8.655465 -0.849866 -0.292570 -2.114716 -1.272945 3.280130 0.258091 2.507562 0.308009 0.528760 2.582531 0.220577 10.283007 -0.274655 0.045901 3.548194
1 135.81352 -8.655465 -0.849866 -0.292570 -2.114716 -1.272945 3.280130 0.258091 2.507562 0.308009 0.528760 2.582531 0.220577 10.283007 -0.274655 0.045901 3.548194
1 135.81352 -8.655465 -0.849866 -0.292570 -2.114716 -1.272945 3.280130 0.258091 2.507562 0.308009 0.528760 2.582531 0.220577 10.283007 -0.274655 0.045901 3.548194
1 133.88943 -8.606246 -0.860564 -0.301314 -2.127943 -1.275533 3.303918 0.256167 2.532382 0.320241 0.503241 2.570327 0.212062 10.261538 -0.245953 0.017729 3.523683
1 133.88943 -8.606246 -0.860564 -0.301314 -2.127943 -1.275533 3.303918 0.256167 2.532382 0.320241 0.503241 2.570327 0.212062 10.261538 -0.245953 0.017729 3.523683
1 133.88943 -8.606246 -0.860564 -0.301314 -2.127943 -1.275533 3.303918 0.256167 2.532382 0.320241 0.503241 2.570327 0.212062 10.261538 -0.245953 0.017729 3.523683
1 132.69112 -8.587219 -0.847301 -0.250499 -2.093266 -1.263016 3.278713 0.227772 2.500388 0.335725 0.477752 2.605616 0.214078 10.221606 -0.229147 -0.000847 3.503528
1 132.69112 -8.587219 -0.847301 -0.250499 -2.093266 -1.263016 3.278713 0.227772 2.500388 0.335725 0.477752 2.605616 0.214078 10.221606 -0.229147 -0.000847 3.503528
1 132.69112 -8.587219 -0.847301 -0.250499 -2.093266 -1.263016 3.278713 0.227772 2.500388 0.335725 0.477752 2.605616 0.214078 10.221606 -0.229147 -0.000847 3.503528
1 129.62386 -8.584199 -0.868284 -0.222484 -2.119909 -1.241285 3.289973 0.221071 2.483235 0.374049 0.489080 2.566161 0.278954 10.203593 -0.192878 0.013260 3.526136
1 129.62386 -8.584199 -0.868284 -0.222484 -2.119909 -1.241285 3.289973 0.221071 2.483235 0.374049 0.489080 2.566161 0.278954 10.203593 -0.192878 0.013260 3.526136
1 124.23731 -8.564201 -0.906463 -0.239618 -2.138129 -1.266087 3.288499 0.216456 2.450696 0.361299 0.496378 2.560463 0.312503 10.194441 -0.201633 0.002422 3.510987
1 124.23731 -8.564201 -0.906463 -0.239618 -2.138129 -1.266087 3.288499 0.216456 2.450696 0.361299 0.496378 2.560463 0.312503 10.194441 -0.201633 0.002422 3.510987
1 124.23731 -8.564201 -0.906463 -0.239618 -2.138129 -1.266087 3.288499 0.216456 2.450696 0.361299 0.496378 2.560463 0.312503 10.194441 -0.201633 0.002422 3.510987
1 124.23731 -8.564201 -0.906463 -0.239618 -2.138129 -1.266087 3.288499 0.216456 2.450696 0.361299 0.496378 2.560463 0.312503 10.194441 -0.201633 0.002422 3.510987
1 124.23731 -8.564201 -0.906463 -0.239618 -2.138129 -1.266087 3.288499 0.216456 2.450696 0.361299 0.496378 2.560463 0.312503 10.194441 -0.201633 0.002422 3.510987
1 121.10017 -8.578512 -0.912326 -0.240224 -2.142822 -1.274511 3.300518 0.240584 2.430093 0.362596 0.495861 2.578880 0.316350 10.177636 -0.159265 0.004628 3.478705
1 118.82158 -8.596162 -0.920060 -0.257515 -2.172552 -1.231166 3.332939 0.254932 2.420913 0.352597 0.479728 2.567443 0.326856 10.189019 -0.147526 0.008254 3.436794
1 118.82158 -8.596162 -0.920060 -0.257515 -2.172552 -1.231166 3.332939 0.254932 2.420913 0.352597 0.479728 2.567443 0.326856 10.189019 -0.147526 0.008254 3.436794
1 117.05412 -8.563150 -0.902875 -0.252380 -2.184697 -1.199413 3.338893 0.251020 2.426350 0.348874 0.496211 2.585973 0.307651 10.154065 -0.147266 0.001349 3.443798
1 117.60367 -8.572664 -0.901091 -0.256034 -2.170537 -1.179387 3.362341 0.269238 2.426795 0.330660 0.466837 2.603892 0.320291 10.151150 -0.137963 0.001455 3.435903
1 117.60367 -8.572664 -0.901091 -0.256034 -2.170537 -1.179387 3.362341 0.269238 2.426795 0.330660 0.466837 2.603892 0.320291 10.151150 -0.137963 0.001455 3.435903
1 117.60367 -8.572664 -0.901091 -0.256034 -2.170537 -1.179387 3.362341 0.269238 2.426795 0.330660 0.466837 2.603892 0.320291 10.151150 -0.137963 0.001455 3.435903
1 113.95453 -8.536205 -0.898370 -0.262695 -2.188688 -1.158915 3.376956 0.283080 2.398190 0.310067 0.471123 2.603495 0.301466 10.132743 -0.087138 -0.006280 3.473879
1 113.95453 -8.536205 -0.898370 -0.262695 -2.188688 -1.158915 3.376956 0.283080 2.398190 0.310067 0.471123 2.603495 0.301466 10.132743 -0.087138 -0.006280 3.473879
1 113.95453 -8.536205 -0.898370 -0.262695 -2.188688 -1.158915 3.376956 0.283080 2.398190 0.310067 0.471123 2.603495 0.301466 10.132743 -0.087138 -0.006280 3.473879
1 113.95453 -8.536205 -0.898370 -0.262695 -2.188688 -1.158915 3.376956 0.283080 2.398190 0.310067 0.471123 2.603495 0.301466 10.132743 -0.087138 -0.006280 3.473879
1 113.95453 -8.536205 -0.898370 -0.262695 -2.188688 -1.158915 3.376956 0.283080 2.398190 0.310067 0.471123 2.603495 0.301466 10.132743 -0.087138 -0.006280 3.473879
1 113.95453 -8.536205 -0.898370 -0.262695 -2.188688 -1.158915 3.376956 0.283080 2.398190 0.310067 0.471123 2.603495 0.301466 10.132743 -0.087138 -0.006280 3.473879
1 111.58294 -8.564681 -0.918835 -0.262487 -2.203680 -1.159615 3.423329 0.316508 2.387449 0.318345 0.456115 2.620376 0.254006 10.135154 -0.077174 -0.017335 3.491521
1 111.31379 -8.558448 -0.894836 -0.285569 -2.167635 -1.176485 3.447501 0.352759 2.392122 0.364740 0.438506 2.605366 0.223245 10.159750 -0.081585 -0.050548 3.503428
1 111.31379 -8.558448 -0.894836 -0.285569 -2.167635 -1.176485 3.447501 0.352759 2.392122 0.364740 0.438506 2.605366 0.223245 10.159750 -0.081585 -0.050548 3.503428
1 109.91607 -8.566247 -0.937783 -0.250069 -2.186385 -1.212647 3.435716 0.352685 2.389368 0.378554 0.462826 2.631242 0.269898 10.153629 -0.066009 -0.048596 3.519685
1 109.91607 -8.566247 -0.937783 -0.250069 -2.186385 -1.212647 3.435716 0.352685 2.389368 0.378554 0.462826 2.631242 0.269898 10.153629 -0.066009 -0.048596 3.519685
1 109.91607 -8.566247 -0.937783 -0.250069 -2.186385 -1.212647 3.435716 0.352685 2.389368 0.378554 0.462826 2.631242 0.269898 10.153629 -0.066009 -0.048596 3.519685
1 109.91607 -8.566247 -0.937783 -0.250069 -2.186385 -1.212647 3.435716 0.352685 2.389368 0.378554 0.462826 2.631242 0.269898 10.153629 -0.066009 -0.048596 3.519685
1 109.91607 -8.566247 -0.937783 -0.250069 -2.186385 -1.212647 3.435716 0.352685 2.389368 0.378554 0.462826 2.631242 0.269898 10.153629 -0.066009 -0.048596 3.519685
1 109.91607 -8.566247 -0.937783 -0.250069 -2.186385 -1.212647 3.435716 0.352685 2.389368 0.378554 0.462826 2.631242 0.269898 10.153629 -0.066009 -0.048596 3.519685
1 109.91607 -8.566247 -0.937783 -0.250069 -2.186385 -1.212647 3.435716 0.352685 2.389368 0.378554 0.462826 2.631242 0.269898 10.153629 -0.066009 -0.048596 3.519685
