1 inf -8.545483 -0.559837 -0.153314 -2.196275 -1.725918 2.894724 0.063735 1.870191 0.374630 0.809730 2.456890 0.010814 10.602834 -1.555797 -1.057265 0.977485 2.665581
1 inf -8.568039 -0.549398 -0.143524 -2.192127 -1.745034 2.895435 0.072242 1.867365 0.349114 0.832010 2.445082 -0.011778 10.611025 -1.532922 -1.063521 0.972192 2.693310
1 inf -8.606460 -0.567531 -0.115716 -2.200344 -1.743689 2.883338 0.046011 1.851793 0.333626 0.815582 2.429992 -0.017164 10.576855 -1.535241 -1.122250 0.912063 2.694664
1 inf -8.583088 -0.546370 -0.104523 -2.201215 -1.720428 2.891339 0.033588 1.843191 0.353555 0.814300 2.433019 0.006585 10.553471 -1.534108 -1.106186 0.893344 2.679512
1 inf -8.563474 -0.524514 -0.091710 -2.198224 -1.687376 2.880686 -0.000796 1.874209 0.379331 0.811273 2.404194 -0.001529 10.561578 -1.536486 -1.111624 0.894895 2.712276
1 inf -8.533926 -0.536998 -0.059378 -2.191550 -1.707192 2.864739 0.028208 1.877737 0.361181 0.784659 2.377227 -0.001360 10.524386 -1.512539 -1.117436 0.884852 2.715066
1 inf -8.516289 -0.522693 -0.078948 -2.178682 -1.676886 2.872116 0.037795 1.920967 0.367295 0.783925 2.376280 -0.016838 10.563962 -1.495354 -1.127207 0.883450 2.721832
1 inf -8.525660 -0.499604 -0.103477 -2.184188 -1.656585 2.844751 0.020630 1.907790 0.357073 0.798607 2.391358 -0.009897 10.539590 -1.528426 -1.173562 0.827356 2.734636
1 inf -8.536586 -0.513806 -0.091144 -2.206300 -1.650869 2.872549 0.012759 1.927823 0.368154 0.786650 2.395024 -0.011534 10.555709 -1.541874 -1.169748 0.806969 2.756644
1 inf -8.550415 -0.495721 -0.090700 -2.230041 -1.649896 2.894649 0.016486 1.908850 0.360996 0.804494 2.431283 -0.006977 10.529086 -1.534264 -1.163005 0.805879 2.767416
1 inf -8.578168 -0.479029 -0.089049 -2.230652 -1.635557 2.908771 -0.031203 1.906446 0.353571 0.826304 2.453376 -0.001377 10.511638 -1.525465 -1.129386 0.804994 2.769782
1 inf -8.582540 -0.511405 -0.086342 -2.239405 -1.631175 2.922990 -0.022326 1.923411 0.377760 0.810657 2.450796 -0.004759 10.515424 -1.503304 -1.102586 0.801274 2.786303
1 inf -8.567422 -0.518085 -0.093380 -2.264325 -1.622725 2.927379 -0.018999 1.919489 0.376360 0.789069 2.456706 0.008929 10.551299 -1.528800 -1.088970 0.795776 2.766884
1 inf -8.568917 -0.501459 -0.097475 -2.221187 -1.610226 2.926358 -0.011989 1.948960 0.372044 0.772121 2.464929 -0.025002 10.536216 -1.510619 -1.132391 0.820167 2.788875
1 inf -8.593486 -0.477081 -0.104162 -2.203571 -1.630744 2.905532 -0.025400 1.950952 0.363010 0.777471 2.482021 -0.016973 10.569769 -1.493723 -1.130771 0.836020 2.796439
1 inf -8.617320 -0.501983 -0.119761 -2.192775 -1.636543 2.897991 -0.036378 1.946439 0.327406 0.797005 2.445579 -0.022793 10.610550 -1.486824 -1.115489 0.836546 2.772361
1 inf -8.595514 -0.505919 -0.172149 -2.205642 -1.608797 2.841365 -0.043068 1.945553 0.309948 0.782771 2.444689 -0.027256 10.619425 -1.435816 -1.085299 0.826223 2.782544
1 inf -8.599043 -0.524219 -0.149863 -2.191101 -1.602377 2.852003 -0.045219 1.978801 0.332900 0.761447 2.429927 -0.025804 10.642844 -1.411308 -1.066134 0.800073 2.802612
1 inf -8.586553 -0.546206 -0.124571 -2.186559 -1.594781 2.828492 -0.049946 1.968396 0.317743 0.747577 2.449726 -0.044156 10.668118 -1.420274 -1.071090 0.794127 2.788554
1 inf -8.580182 -0.585909 -0.076838 -2.161537 -1.634294 2.867772 -0.099185 1.940156 0.314440 0.723361 2.445411 -0.073796 10.676258 -1.408685 -1.083730 0.767041 2.805224
1 inf -8.606645 -0.604284 -0.058140 -2.146613 -1.613402 2.888202 -0.080590 1.957118 0.316940 0.697694 2.475222 -0.078097 10.668945 -1.439388 -1.072987 0.744729 2.823978
1 inf -8.646793 -0.591634 -0.058940 -2.151427 -1.612336 2.830404 -0.100739 1.965332 0.352808 0.668862 2.479074 -0.110342 10.666503 -1.463015 -1.038537 0.750371 2.810582
1 inf -8.619888 -0.599061 -0.049361 -2.139520 -1.638040 2.815473 -0.087763 1.955818 0.332729 0.667478 2.486678 -0.133140 10.666073 -1.487104 -1.009155 0.744288 2.821559
1 inf -8.633943 -0.599067 -0.060950 -2.138361 -1.627162 2.799310 -0.091418 1.943464 0.357106 0.671572 2.478233 -0.123988 10.665984 -1.516376 -1.024373 0.737571 2.846322
1 inf -8.599965 -0.610266 -0.085142 -2.114350 -1.622115 2.780113 -0.117510 1.922176 0.409937 0.662106 2.485902 -0.136204 10.650045 -1.490321 -1.030916 0.738947 2.799475
1 inf -8.648697 -0.600393 -0.078577 -2.109508 -1.607222 2.777779 -0.120623 1.924064 0.412407 0.647804 2.487714 -0.151882 10.664199 -1.492044 -1.055739 0.713767 2.786684
1 inf -8.660851 -0.608647 -0.067787 -2.099936 -1.624296 2.739895 -0.146375 1.943905 0.432096 0.625559 2.464752 -0.180913 10.638474 -1.467368 -1.031437 0.750828 2.820577
1 inf -8.683037 -0.614007 -0.076488 -2.100293 -1.602888 2.736454 -0.133244 1.981250 0.431541 0.603718 2.431302 -0.207611 10.611362 -1.435635 -1.028247 0.732523 2.798224
1 inf -8.726135 -0.604187 -0.093898 -2.084472 -1.599337 2.744531 -0.098975 1.998390 0.410581 0.616675 2.413812 -0.230643 10.607430 -1.428419 -1.058986 0.751158 2.769985
1 inf -8.718691 -0.626648 -0.079791 -2.074333 -1.575364 2.752006 -0.115096 2.038131 0.424088 0.606716 2.417299 -0.237951 10.611932 -1.429557 -1.019462 0.743563 2.765190
1 inf -8.718336 -0.686043 -0.029689 -2.047877 -1.613431 2.769451 -0.094196 2.025267 0.385409 0.604864 2.427632 -0.258441 10.612887 -1.443654 -1.018818 0.738907 2.758639
1 inf -8.725647 -0.668747 -0.026970 -2.012402 -1.608299 2.720712 -0.076048 1.996384 0.355939 0.606930 2.420867 -0.238459 10.623140 -1.443718 -1.009454 0.734234 2.721186
1 inf -8.690423 -0.656133 -0.012267 -2.033383 -1.612989 2.717099 -0.046120 1.996281 0.346019 0.629315 2.421506 -0.228059 10.607433 -1.457810 -0.990207 0.714114 2.704668
1 inf -8.694844 -0.661844 0.021453 -2.007189 -1.630886 2.725241 -0.020182 2.013765 0.344144 0.609749 2.447900 -0.202117 10.620995 -1.393321 -0.984090 0.737394 2.689323
1 inf -8.699892 -0.684520 0.027611 -2.018587 -1.622233 2.725793 -0.011017 2.026011 0.363966 0.625786 2.458804 -0.218645 10.661281 -1.391474 -0.966078 0.711636 2.673183
1 inf -8.681577 -0.675747 0.061289 -2.021559 -1.614285 2.701385 0.003360 2.049960 0.383678 0.603790 2.458239 -0.205628 10.661662 -1.404349 -0.973516 0.734759 2.682886
1 inf -8.717476 -0.669417 0.052729 -1.968730 -1.646639 2.705984 -0.016516 2.080822 0.400991 0.604109 2.467123 -0.188504 10.635250 -1.389147 -0.972704 0.743924 2.673589
1 inf -8.752863 -0.679530 0.079121 -1.956335 -1.631236 2.664818 -0.060450 2.082859 0.420678 0.615633 2.452918 -0.169729 10.634183 -1.377348 -0.970802 0.782729 2.643556
1 inf -8.746492 -0.719233 0.126854 -1.931313 -1.670749 2.704098 -0.109689 2.054619 0.417375 0.591417 2.448603 -0.199369 10.642323 -1.365759 -0.983442 0.755643 2.660226
1 inf -8.760463 -0.727392 0.127735 -1.947731 -1.654230 2.696951 -0.095723 2.014420 0.444576 0.633753 2.460397 -0.201496 10.645259 -1.377658 -0.972207 0.733814 2.620185
1 inf -8.767873 -0.739988 0.130673 -1.988650 -1.664603 2.680680 -0.121745 2.029946 0.472487 0.628889 2.455677 -0.139818 10.650610 -1.354901 -0.943524 0.710913 2.650084
1 inf -8.777817 -0.745708 0.174084 -1.970890 -1.700560 2.678441 -0.137155 2.032021 0.464155 0.595960 2.439222 -0.133673 10.654751 -1.361438 -0.950202 0.698018 2.660612
1 inf -8.778506 -0.739012 0.201182 -1.936955 -1.706899 2.686176 -0.141834 2.040424 0.488695 0.588660 2.420263 -0.122562 10.671510 -1.383372 -0.974923 0.679129 2.661552
1 inf -8.756544 -0.738406 0.183127 -1.953979 -1.696016 2.657968 -0.158737 2.062075 0.496969 0.595717 2.426147 -0.115237 10.656243 -1.395487 -1.033197 0.616324 2.669668
1 inf -8.761045 -0.737523 0.197436 -1.944301 -1.717017 2.647046 -0.164730 2.101894 0.532166 0.578395 2.376065 -0.139533 10.634610 -1.392505 -1.008067 0.627959 2.663812
1 inf -8.776158 -0.766898 0.180139 -1.946165 -1.727126 2.602599 -0.158006 2.089666 0.533507 0.532539 2.355610 -0.111630 10.598298 -1.389438 -1.004005 0.606442 2.615858
1 inf -8.770287 -0.794715 0.191393 -1.965797 -1.691735 2.589105 -0.196204 2.084435 0.550869 0.559482 2.344628 -0.116075 10.573550 -1.388834 -0.978403 0.581778 2.601750
1 inf -8.754037 -0.771631 0.194031 -1.964557 -1.681111 2.600627 -0.166774 2.060262 0.527419 0.580847 2.328235 -0.106943 10.561734 -1.411687 -0.983805 0.578192 2.577497
1 inf -8.769492 -0.796377 0.200371 -1.979776 -1.720295 2.598977 -0.155978 2.039423 0.528337 0.532351 2.344031 -0.073137 10.562297 -1.386970 -0.982647 0.610553 2.550289
1 inf -8.774569 -0.803342 0.191744 -1.938819 -1.731849 2.597400 -0.123078 2.017160 0.540891 0.532237 2.344667 -0.097722 10.536435 -1.391959 -1.021690 0.618300 2.597329
1 inf -8.749284 -0.778703 0.143957 -1.931426 -1.746746 2.640659 -0.125762 1.990129 0.565141 0.491287 2.343823 -0.076412 10.572089 -1.351370 -1.055963 0.603035 2.612381
1 inf -8.690383 -0.783532 0.157833 -1.941300 -1.727962 2.637503 -0.124722 1.961967 0.586397 0.499050 2.345463 -0.092927 10.580232 -1.371084 -1.097250 0.581202 2.622717
1 inf -8.703749 -0.782412 0.150997 -1.959669 -1.716881 2.625228 -0.119547 1.934698 0.588979 0.490899 2.365560 -0.079362 10.585113 -1.354775 -1.086040 0.598681 2.617318
1 inf -8.711598 -0.787655 0.157757 -1.937172 -1.688323 2.666593 -0.133898 1.942672 0.566919 0.464484 2.385836 -0.058848 10.595454 -1.386762 -1.122822 0.597571 2.591881
1 inf -8.716086 -0.756508 0.143538 -1.940339 -1.671147 2.644718 -0.176188 1.943991 0.580165 0.420201 2.387307 -0.058227 10.578247 -1.395996 -1.116291 0.623864 2.580192
1 inf -8.747123 -0.758057 0.179919 -1.972411 -1.632918 2.663702 -0.178268 1.951632 0.596705 0.436005 2.360087 -0.054322 10.560474 -1.385856 -1.116981 0.649066 2.566921
1 inf -8.808523 -0.740223 0.185673 -1.966252 -1.646800 2.652029 -0.201347 1.953854 0.607767 0.411881 2.345642 -0.042706 10.548106 -1.384543 -1.071387 0.637117 2.589736
1 inf -8.777716 -0.743289 0.210056 -1.938241 -1.673947 2.657975 -0.206461 1.971991 0.575013 0.429464 2.335779 -0.066400 10.570640 -1.410973 -1.046558 0.621236 2.578589
1 inf -8.771345 -0.782992 0.257789 -1.913219 -1.713460 2.697255 -0.255700 1.943751 0.571710 0.405248 2.331464 -0.096040 10.578780 -1.399384 -1.059198 0.594150 2.595259
1 inf -8.794787 -0.763416 0.223025 -1.899497 -1.736441 2.731151 -0.300198 1.972345 0.582871 0.401931 2.335940 -0.126851 10.608615 -1.396013 -1.005622 0.608618 2.601556
1 inf -8.765992 -0.774790 0.229761 -1.920775 -1.673051 2.726086 -0.327186 1.963518 0.577499 0.458936 2.360995 -0.146923 10.571177 -1.425643 -1.028721 0.658206 2.609636
1 inf -8.804418 -0.792837 0.239106 -1.930820 -1.664390 2.732082 -0.318191 1.978774 0.591951 0.492906 2.344969 -0.138156 10.535380 -1.450694 -1.026195 0.651683 2.634115
1 inf -8.822926 -0.776171 0.232206 -1.955440 -1.658051 2.725985 -0.320591 1.967917 0.564204 0.514055 2.354555 -0.105000 10.498444 -1.438318 -1.022344 0.617218 2.596690
1 inf -8.820153 -0.784941 0.228912 -1.982982 -1.618338 2.726221 -0.335470 1.973928 0.617260 0.536336 2.360861 -0.102505 10.488911 -1.427636 -1.030255 0.604425 2.584854
1 inf -8.822575 -0.769639 0.194262 -2.003240 -1.655080 2.713151 -0.304953 1.991091 0.606303 0.528974 2.359652 -0.062549 10.512566 -1.404116 -1.036783 0.600247 2.610870
1 inf -8.803569 -0.750151 0.190604 -1.960272 -1.637142 2.760930 -0.263273 1.952575 0.609628 0.490125 2.363093 -0.069318 10.494790 -1.443785 -1.040491 0.540224 2.629955
1 inf -8.810835 -0.787326 0.234309 -1.951829 -1.642634 2.734021 -0.260489 1.971035 0.608362 0.465038 2.370429 -0.084753 10.509139 -1.419332 -1.019969 0.552852 2.613339
1 inf -8.805379 -0.794796 0.255595 -1.999996 -1.659648 2.722795 -0.262186 1.984989 0.586492 0.473671 2.371288 -0.087877 10.513174 -1.410012 -1.008152 0.536333 2.597191
1 inf -8.808024 -0.773677 0.258384 -1.996584 -1.670340 2.728749 -0.244371 2.026234 0.519788 0.457192 2.388543 -0.091871 10.492259 -1.414277 -0.982053 0.519409 2.576570
1 inf -8.787169 -0.780969 0.256968 -2.015324 -1.677201 2.702971 -0.242953 2.071463 0.517975 0.474384 2.411921 -0.076924 10.500801 -1.429468 -1.004860 0.489333 2.574337
1 inf -8.764085 -0.812998 0.247994 -2.011479 -1.666530 2.711169 -0.241591 2.060224 0.564021 0.537833 2.426290 -0.062241 10.502081 -1.428002 -1.011752 0.514805 2.577302
1 inf -8.734704 -0.796575 0.275483 -2.014487 -1.655048 2.721325 -0.263002 2.108663 0.569164 0.539990 2.433827 -0.068911 10.484503 -1.414373 -0.984161 0.511563 2.569284
1 inf -8.757698 -0.803484 0.289654 -2.022621 -1.634693 2.732998 -0.254446 2.079688 0.598781 0.526677 2.421047 -0.052657 10.466628 -1.430063 -0.998930 0.494168 2.590117
1 inf -8.770620 -0.783583 0.289516 -2.034260 -1.637852 2.735900 -0.269927 2.099664 0.604201 0.512253 2.462343 -0.047322 10.474292 -1.436093 -0.974542 0.451420 2.617785
1 inf -8.802605 -0.771153 0.290224 -2.027063 -1.610611 2.729770 -0.249928 2.111335 0.579800 0.495766 2.447547 -0.058133 10.489421 -1.489815 -0.948867 0.428729 2.613882
1 inf -8.757281 -0.774663 0.285291 -2.034207 -1.652008 2.690320 -0.242082 2.098787 0.641114 0.525059 2.450186 -0.038504 10.496731 -1.488114 -0.933193 0.426079 2.641161
1 inf -8.743924 -0.752766 0.272322 -2.033587 -1.656361 2.644787 -0.247697 2.128849 0.663391 0.529677 2.459179 -0.046789 10.470578 -1.476814 -0.903501 0.420992 2.617328
1 inf -8.760122 -0.744471 0.288477 -2.028858 -1.647920 2.673571 -0.264648 2.132599 0.698801 0.520484 2.434755 -0.024345 10.485588 -1.440322 -0.918353 0.435340 2.597119
1 inf -8.783971 -0.759118 0.271045 -2.000000 -1.656529 2.671101 -0.298357 2.129783 0.690626 0.493257 2.406284 -0.003620 10.450213 -1.423899 -0.930246 0.401024 2.606257
1 inf -8.777600 -0.798821 0.296067 -2.039513 -1.617249 2.621862 -0.326597 2.126480 0.666410 0.488942 2.376644 0.004520 10.461802 -1.436539 -0.957332 0.417694 2.639275
1 inf -8.790601 -0.754852 0.264608 -2.063094 -1.632669 2.595272 -0.349212 2.118181 0.639087 0.498262 2.371222 -0.011482 10.454135 -1.465679 -0.924251 0.402779 2.652854
1 inf -8.803530 -0.748207 0.280104 -2.057156 -1.636020 2.601013 -0.347026 2.101541 0.660782 0.469749 2.371240 0.033936 10.453437 -1.478540 -0.882562 0.358881 2.679041
1 inf -8.813360 -0.760790 0.250938 -2.021966 -1.610733 2.601799 -0.343007 2.087696 0.653091 0.506197 2.379558 0.057898 10.458805 -1.460996 -0.878403 0.377287 2.671401
1 inf -8.818748 -0.708224 0.245044 -2.031607 -1.590670 2.600880 -0.343701 2.072613 0.690301 0.505360 2.361244 0.035006 10.455208 -1.478022 -0.877531 0.342266 2.658113
1 inf -8.795784 -0.737594 0.253679 -2.013076 -1.640294 2.576423 -0.323426 2.073114 0.685994 0.483058 2.389242 0.028828 10.428735 -1.473496 -0.854768 0.357738 2.644232
1 inf -8.821559 -0.745410 0.257500 -1.988145 -1.599798 2.578640 -0.326181 2.057026 0.688793 0.499991 2.383033 0.029182 10.431400 -1.465571 -0.855891 0.357818 2.668142
1 inf -8.832534 -0.704709 0.240050 -1.991798 -1.651138 2.554777 -0.333660 2.023479 0.689547 0.489301 2.400925 0.053251 10.445335 -1.452449 -0.870093 0.385364 2.680935
1 inf -8.841848 -0.701098 0.258011 -1.975687 -1.661719 2.562929 -0.320659 2.027199 0.692810 0.472397 2.389017 0.044813 10.459607 -1.466304 -0.849009 0.397525 2.656979
1 inf -8.873966 -0.707291 0.269807 -1.964935 -1.666695 2.537977 -0.343232 2.025382 0.690767 0.430546 2.397027 0.066914 10.454051 -1.491402 -0.875808 0.366996 2.660675
1 inf -8.829689 -0.683420 0.243933 -1.960792 -1.682772 2.562825 -0.340528 2.030765 0.674855 0.437686 2.382833 0.051633 10.460438 -1.529868 -0.855328 0.367512 2.618090
1 inf -8.860365 -0.667577 0.271644 -1.945728 -1.661845 2.565683 -0.323046 2.017826 0.653641 0.436306 2.412761 0.039563 10.430396 -1.524623 -0.874516 0.363066 2.631589
1 inf -8.863825 -0.649640 0.256468 -1.948526 -1.671902 2.543357 -0.340674 2.036942 0.612263 0.477166 2.406934 0.050600 10.390432 -1.506182 -0.860523 0.358900 2.602765
1 inf -8.885413 -0.649992 0.282766 -1.925543 -1.669680 2.544696 -0.380253 2.052316 0.600875 0.462698 2.397959 0.069716 10.348213 -1.477241 -0.882991 0.361266 2.604900
1 inf -8.906916 -0.624809 0.298277 -1.936312 -1.670584 2.531794 -0.386098 2.055979 0.582785 0.461456 2.400173 0.057921 10.403967 -1.474049 -0.888578 0.348754 2.577766
1 inf -8.933641 -0.597032 0.295909 -1.946042 -1.669193 2.504018 -0.370845 2.081676 0.545288 0.474855 2.426162 0.080754 10.393059 -1.453571 -0.867992 0.340454 2.557074
1 inf -8.912528 -0.600413 0.294709 -1.949059 -1.659301 2.492282 -0.366793 2.087269 0.546557 0.483166 2.437292 0.127161 10.406365 -1.456277 -0.873576 0.364849 2.499565
1 inf -8.918620 -0.576225 0.274047 -1.949643 -1.692581 2.518720 -0.365272 2.103895 0.586517 0.486523 2.467332 0.119311 10.397254 -1.441318 -0.830689 0.371104 2.506425
1 inf -8.888804 -0.555101 0.275971 -1.951417 -1.713210 2.539407 -0.356336 2.141850 0.603749 0.458960 2.431509 0.120907 10.432030 -1.429647 -0.810175 0.381019 2.497005
1 inf -8.872457 -0.535193 0.259856 -1.912883 -1.732913 2.545197 -0.351907 2.126284 0.626810 0.453768 2.414512 0.112794 10.425543 -1.435878 -0.804629 0.380680 2.506565
1 inf -8.878601 -0.527046 0.251052 -1.902955 -1.739561 2.554036 -0.379404 2.154892 0.593097 0.449423 2.422823 0.124625 10.418395 -1.441791 -0.831211 0.388074 2.509693
1 inf -8.831651 -0.506581 0.259869 -1.905398 -1.712569 2.545444 -0.368723 2.187815 0.617815 0.465197 2.410775 0.137250 10.432531 -1.462481 -0.844912 0.377744 2.544703
1 inf -8.825280 -0.546284 0.284891 -1.944911 -1.673289 2.496205 -0.396963 2.184512 0.593599 0.460882 2.381135 0.145390 10.444120 -1.475121 -0.871998 0.394414 2.577721
1 inf -8.774864 -0.523660 0.286459 -1.974712 -1.714533 2.460969 -0.362713 2.171641 0.612206 0.482913 2.393586 0.137586 10.401684 -1.455149 -0.922642 0.381094 2.583159
1 inf -8.775707 -0.505927 0.281184 -1.972388 -1.736649 2.440809 -0.358849 2.181287 0.630608 0.487606 2.384267 0.110087 10.402332 -1.435533 -0.926539 0.409156 2.596060
1 inf -8.783763 -0.540280 0.300289 -2.004996 -1.694013 2.411688 -0.350640 2.168808 0.607606 0.514789 2.382190 0.113321 10.409893 -1.464627 -0.945291 0.434112 2.619134
1 inf -8.757837 -0.518343 0.256246 -2.013733 -1.680671 2.431440 -0.335185 2.188235 0.601117 0.517562 2.348679 0.095845 10.404981 -1.411244 -0.939235 0.416529 2.646032
1 inf -8.730920 -0.513669 0.266097 -2.019666 -1.710953 2.416199 -0.336026 2.188008 0.597282 0.526104 2.388519 0.106387 10.416257 -1.394710 -0.896524 0.432052 2.669497
1 inf -8.710267 -0.538302 0.271600 -2.031503 -1.716386 2.427144 -0.352240 2.171749 0.589214 0.549743 2.370359 0.078828 10.421577 -1.375662 -0.909163 0.452843 2.699528
1 inf -8.759906 -0.536842 0.285501 -2.022562 -1.703274 2.427036 -0.350207 2.202111 0.607116 0.560221 2.358372 0.050051 10.441187 -1.335241 -0.906309 0.469538 2.729529
1 inf -8.770835 -0.528967 0.247160 -2.037781 -1.710045 2.401091 -0.311646 2.215358 0.631892 0.561005 2.316726 0.040536 10.413313 -1.326293 -0.911525 0.437691 2.743530
1 inf -8.769427 -0.502950 0.229765 -2.012071 -1.747235 2.395034 -0.284209 2.205505 0.646058 0.597023 2.282548 0.057070 10.411536 -1.314075 -0.887802 0.444685 2.723549
1 inf -8.788972 -0.536363 0.202666 -2.032813 -1.766117 2.383285 -0.307940 2.185988 0.623124 0.598258 2.247958 0.050965 10.375231 -1.299283 -0.912453 0.443833 2.698105
1 inf -8.789911 -0.539186 0.153801 -2.053412 -1.769859 2.387123 -0.323130 2.187200 0.603194 0.600461 2.236229 0.053854 10.380025 -1.306674 -0.910449 0.445853 2.721863
1 inf -8.796160 -0.502429 0.183565 -2.026229 -1.780491 2.404155 -0.314365 2.196397 0.574276 0.624899 2.281320 0.040162 10.361462 -1.314854 -0.902529 0.444911 2.706581
1 inf -8.846712 -0.476705 0.167923 -1.993409 -1.795750 2.418524 -0.294299 2.170753 0.562697 0.610936 2.266358 0.064145 10.360727 -1.296010 -0.944127 0.477328 2.704870
1 inf -8.887824 -0.495281 0.157105 -1.959501 -1.786382 2.432559 -0.308597 2.179703 0.569873 0.610675 2.289182 0.082443 10.352103 -1.291345 -0.913370 0.456100 2.718479
1 inf -8.881453 -0.534984 0.204838 -1.934479 -1.825895 2.471839 -0.357836 2.151463 0.566570 0.586459 2.284867 0.052803 10.360243 -1.279756 -0.926010 0.429014 2.735149
1 inf -8.857370 -0.532971 0.209896 -1.903670 -1.824778 2.472154 -0.378441 2.167971 0.587761 0.593943 2.309261 0.086215 10.394295 -1.299648 -0.916932 0.405904 2.729876
1 inf -8.837667 -0.498803 0.202083 -1.923338 -1.825752 2.432533 -0.381890 2.121442 0.570319 0.632374 2.276098 0.084657 10.418135 -1.329834 -0.906266 0.418719 2.712180
1 inf -8.888658 -0.536075 0.223499 -1.921170 -1.863522 2.426283 -0.382664 2.084400 0.593555 0.661155 2.258303 0.063636 10.436709 -1.317048 -0.929679 0.439858 2.727813
1 inf -8.919071 -0.563560 0.240136 -1.892247 -1.910566 2.466178 -0.378908 2.076002 0.619400 0.663311 2.249388 0.070973 10.456323 -1.300845 -0.936506 0.415746 2.727643
1 inf -8.926557 -0.536649 0.239392 -1.848277 -1.925003 2.476312 -0.372857 2.078596 0.652978 0.658220 2.261489 0.094603 10.447883 -1.293359 -0.914599 0.427164 2.742091
1 inf -8.925354 -0.534963 0.237137 -1.877979 -1.947480 2.502346 -0.423230 2.062277 0.648368 0.662970 2.228189 0.075438 10.451026 -1.303710 -0.891468 0.430622 2.748940
1 inf -8.934254 -0.564576 0.261197 -1.878830 -1.955168 2.521236 -0.408396 2.075473 0.616412 0.625149 2.242667 0.050315 10.461752 -1.299399 -0.883580 0.414301 2.731921
1 inf -8.937383 -0.562984 0.256672 -1.892715 -1.998866 2.505614 -0.423290 2.121733 0.622383 0.632512 2.258698 0.072250 10.463905 -1.313369 -0.890755 0.383959 2.710491
1 inf -8.901973 -0.548430 0.265348 -1.932272 -1.995806 2.475274 -0.384762 2.144641 0.611318 0.597592 2.232706 0.120963 10.475863 -1.307822 -0.893978 0.341304 2.715762
1 inf -8.888791 -0.598082 0.223415 -1.939573 -1.988317 2.488336 -0.359610 2.138355 0.614705 0.613311 2.220939 0.141335 10.473135 -1.260281 -0.864709 0.347101 2.722779
1 inf -8.883878 -0.614706 0.207314 -1.946167 -1.970620 2.490780 -0.333519 2.159948 0.608519 0.625669 2.215001 0.092314 10.469657 -1.264338 -0.904065 0.367748 2.752377
1 inf -8.872556 -0.611770 0.199968 -1.971261 -1.959609 2.496559 -0.317304 2.173273 0.641474 0.608321 2.195348 0.069968 10.478337 -1.243251 -0.912714 0.372561 2.742972
1 inf -8.846443 -0.583401 0.242578 -2.011399 -1.945839 2.526344 -0.338442 2.184755 0.639502 0.595484 2.220947 0.062493 10.464647 -1.238978 -0.918176 0.371856 2.755409
1 inf -8.861243 -0.559659 0.219469 -1.994829 -1.933549 2.561043 -0.342460 2.189915 0.634602 0.641254 2.228989 0.063805 10.469560 -1.266466 -0.945137 0.343763 2.730307
1 inf -8.846385 -0.587303 0.218667 -1.997663 -1.951057 2.589962 -0.320141 2.179294 0.656086 0.637850 2.250758 0.037520 10.462451 -1.269445 -0.958926 0.356353 2.716094
1 inf -8.884743 -0.613064 0.208000 -2.006315 -1.934115 2.559373 -0.314200 2.198653 0.632114 0.649475 2.229654 0.065756 10.464512 -1.258292 -0.942394 0.312529 2.705687
1 inf -8.875961 -0.612888 0.224763 -1.966692 -1.950293 2.544702 -0.283032 2.188397 0.661329 0.654047 2.203483 0.070630 10.467919 -1.281282 -0.942531 0.305213 2.704395
1 inf -8.876917 -0.622370 0.251436 -1.956428 -1.972160 2.554114 -0.262567 2.194024 0.649166 0.651404 2.178986 0.067006 10.514992 -1.283453 -0.909333 0.290630 2.715341
1 inf -8.907112 -0.619678 0.266074 -1.951949 -1.992996 2.585015 -0.256534 2.189586 0.650830 0.679352 2.159160 0.011683 10.512372 -1.274429 -0.909587 0.298888 2.729117
1 inf -8.886230 -0.676970 0.266692 -1.978421 -1.991295 2.594222 -0.232253 2.171960 0.631958 0.679575 2.183050 -0.013028 10.490280 -1.284305 -0.913888 0.315010 2.741212
1 inf -8.910068 -0.672831 0.262542 -1.976225 -1.974594 2.593416 -0.238312 2.218189 0.619855 0.685800 2.202910 0.004690 10.512004 -1.313489 -0.871297 0.335795 2.743358
1 inf -8.866378 -0.627147 0.248065 -1.957236 -1.983857 2.629654 -0.283336 2.237819 0.648240 0.670627 2.181217 0.006971 10.497253 -1.345936 -0.877563 0.324857 2.715726
1 inf -8.860007 -0.666850 0.295798 -1.932214 -1.944577 2.580415 -0.311576 2.234516 0.624024 0.666312 2.151577 0.015111 10.508842 -1.358576 -0.904649 0.341527 2.748744
1 inf -8.911877 -0.683700 0.290825 -1.930172 -1.946739 2.574920 -0.306090 2.216240 0.610231 0.711919 2.115593 0.023181 10.523734 -1.353639 -0.902907 0.363556 2.757741
1 inf -8.923872 -0.706445 0.278297 -1.957006 -1.959469 2.576011 -0.300996 2.222250 0.588617 0.695824 2.130372 0.056400 10.519323 -1.330214 -0.904880 0.336107 2.764113
1 inf -8.889582 -0.675888 0.271472 -1.946652 -1.944207 2.593371 -0.291793 2.237101 0.578967 0.674680 2.162057 0.073963 10.521216 -1.292718 -0.859965 0.347707 2.749633
1 inf -8.900130 -0.678080 0.263209 -1.934475 -1.927537 2.614310 -0.286990 2.237299 0.590113 0.683892 2.161394 0.044788 10.498774 -1.292716 -0.840943 0.362909 2.757749
1 inf -8.876342 -0.672102 0.244814 -1.901989 -1.936110 2.603830 -0.281077 2.240470 0.603397 0.673351 2.178604 0.046383 10.486329 -1.300268 -0.813653 0.347514 2.735684
1 inf -8.915192 -0.678735 0.256675 -1.900945 -1.909265 2.577370 -0.327653 2.224459 0.637753 0.704074 2.199369 0.003015 10.488058 -1.314685 -0.759167 0.367308 2.762817
1 inf -8.902879 -0.705136 0.287809 -1.897591 -1.935288 2.600755 -0.365887 2.237051 0.608045 0.697689 2.184851 -0.050820 10.508657 -1.327714 -0.740155 0.401362 2.763311
1 inf -8.883528 -0.720668 0.264402 -1.882238 -1.914659 2.574439 -0.360942 2.216936 0.628239 0.656354 2.175220 -0.061334 10.489489 -1.310459 -0.740462 0.387269 2.731325
1 inf -8.877442 -0.731495 0.284271 -1.891392 -1.902497 2.572542 -0.334337 2.234798 0.638500 0.653785 2.166739 -0.021332 10.502982 -1.318568 -0.755972 0.384069 2.744165
1 inf -8.872137 -0.733894 0.225400 -1.896182 -1.908193 2.575835 -0.326167 2.230209 0.626418 0.675720 2.149492 -0.045858 10.526915 -1.318752 -0.730209 0.384071 2.745325
1 inf -8.867283 -0.750331 0.225907 -1.903081 -1.913547 2.581493 -0.311462 2.206592 0.600887 0.651262 2.190058 -0.075994 10.547478 -1.335099 -0.721402 0.340127 2.729403
1 inf -8.888616 -0.759423 0.238883 -1.905044 -1.867678 2.579635 -0.296156 2.232679 0.592512 0.654659 2.215778 -0.075558 10.600187 -1.342900 -0.708076 0.284746 2.734803
1 inf -8.894790 -0.762842 0.264060 -1.858177 -1.878423 2.593731 -0.304231 2.219442 0.587861 0.633734 2.245905 -0.065451 10.599365 -1.352234 -0.685521 0.245877 2.758964
1 inf -8.898135 -0.730608 0.266299 -1.822002 -1.875402 2.607194 -0.311442 2.223178 0.595332 0.640317 2.223418 -0.106356 10.593452 -1.329489 -0.733606 0.244498 2.799985
1 inf -8.908494 -0.710186 0.246651 -1.845669 -1.906602 2.637488 -0.311318 2.218567 0.604375 0.642518 2.245311 -0.138107 10.577280 -1.293789 -0.738757 0.245746 2.740695
1 inf -8.938593 -0.679216 0.225813 -1.850049 -1.917083 2.624196 -0.271432 2.209151 0.587663 0.626837 2.201752 -0.138599 10.599812 -1.293278 -0.719675 0.262936 2.760178
1 inf -8.936853 -0.669136 0.223403 -1.837625 -1.958785 2.607630 -0.275248 2.251352 0.602103 0.595897 2.199967 -0.127591 10.562859 -1.293564 -0.713234 0.301644 2.736560
1 inf -8.941289 -0.680777 0.250052 -1.818126 -1.938256 2.584326 -0.285839 2.286462 0.596109 0.595808 2.191173 -0.119205 10.554118 -1.292194 -0.708373 0.279019 2.768234
1 inf -8.922241 -0.654894 0.260942 -1.819662 -1.975968 2.590580 -0.269626 2.296595 0.599516 0.579261 2.223261 -0.119304 10.553863 -1.293982 -0.721317 0.260498 2.787056
1 inf -8.896506 -0.673954 0.261584 -1.795267 -1.969896 2.553962 -0.270398 2.295317 0.599025 0.575076 2.215257 -0.110585 10.572560 -1.301897 -0.721849 0.245010 2.789528
1 inf -8.852572 -0.685597 0.275113 -1.823359 -1.964738 2.530294 -0.297517 2.304766 0.574822 0.574978 2.202733 -0.119902 10.580767 -1.326119 -0.708820 0.249689 2.805339
1 inf -8.835248 -0.698590 0.266572 -1.825842 -1.917593 2.476792 -0.292419 2.296589 0.550314 0.566820 2.230119 -0.162068 10.605973 -1.312018 -0.697544 0.259969 2.842945
1 inf -8.828877 -0.738293 0.291594 -1.865355 -1.878313 2.427553 -0.320659 2.293286 0.526098 0.562505 2.200479 -0.153928 10.617562 -1.324658 -0.724630 0.276639 2.875963
1 inf -8.813493 -0.695249 0.300564 -1.869555 -1.866588 2.374556 -0.331360 2.276505 0.543396 0.528241 2.213223 -0.159942 10.590338 -1.347828 -0.736147 0.308050 2.875520
1 inf -8.807396 -0.702369 0.300591 -1.873893 -1.847098 2.377976 -0.367626 2.268692 0.504836 0.557114 2.218876 -0.158120 10.589670 -1.367451 -0.767871 0.302913 2.874460
1 inf -8.792052 -0.692684 0.286425 -1.900603 -1.797790 2.340405 -0.382622 2.223414 0.531098 0.523938 2.226099 -0.172204 10.597864 -1.357632 -0.755714 0.319857 2.856982
1 inf -8.803186 -0.657535 0.274459 -1.898839 -1.808359 2.352513 -0.371446 2.252265 0.539469 0.538751 2.229224 -0.163536 10.547459 -1.360608 -0.788171 0.331674 2.850591
1 inf -8.789437 -0.642103 0.265057 -1.916474 -1.793624 2.344918 -0.361189 2.237293 0.542990 0.514633 2.231157 -0.124693 10.560071 -1.346426 -0.810179 0.324509 2.822914
