1 305.51618 -8.553463 -0.970289 -0.238710 -2.256818 -1.452801 3.459483 0.267125 2.507507 0.227854 0.528008 2.275663 0.071070 10.357642 -0.305389 0.234353 3.613569
1 305.51618 -8.553463 -0.970289 -0.238710 -2.256818 -1.452801 3.459483 0.267125 2.507507 0.227854 0.528008 2.275663 0.071070 10.357642 -0.305389 0.234353 3.613569
1 305.51618 -8.553463 -0.970289 -0.238710 -2.256818 -1.452801 3.459483 0.267125 2.507507 0.227854 0.528008 2.275663 0.071070 10.357642 -0.305389 0.234353 3.613569
1 305.51618 -8.553463 -0.970289 -0.238710 -2.256818 -1.452801 3.459483 0.267125 2.507507 0.227854 0.528008 2.275663 0.071070 10.357642 -0.305389 0.234353 3.613569
1 305.51618 -8.553463 -0.970289 -0.238710 -2.256818 -1.452801 3.459483 0.267125 2.507507 0.227854 0.528008 2.275663 0.071070 10.357642 -0.305389 0.234353 3.613569
1 305.51618 -8.553463 -0.970289 -0.238710 -2.256818 -1.452801 3.459483 0.267125 2.507507 0.227854 0.528008 2.275663 0.071070 10.357642 -0.305389 0.234353 3.613569
1 305.51618 -8.553463 -0.970289 -0.238710 -2.256818 -1.452801 3.459483 0.267125 2.507507 0.227854 0.528008 2.275663 0.071070 10.357642 -0.305389 0.234353 3.613569
1 305.51618 -8.553463 -0.970289 -0.238710 -2.256818 -1.452801 3.459483 0.267125 2.507507 0.227854 0.528008 2.275663 0.071070 10.357642 -0.305389 0.234353 3.613569
1 305.51618 -8.553463 -0.970289 -0.238710 -2.256818 -1.452801 3.459483 0.267125 2.507507 0.227854 0.528008 2.275663 0.071070 10.357642 -0.305389 0.234353 3.613569
1 305.51618 -8.553463 -0.970289 -0.238710 -2.256818 -1.452801 3.459483 0.267125 2.507507 0.227854 0.528008 2.275663 0.071070 10.357642 -0.305389 0.234353 3.613569
1 305.51618 -8.553463 -0.970289 -0.238710 -2.256818 -1.452801 3.459483 0.267125 2.507507 0.227854 0.528008 2.275663 0.071070 10.357642 -0.305389 0.234353 3.613569
1 305.51618 -8.553463 -0.970289 -0.238710 -2.256818 -1.452801 3.459483 0.267125 2.507507 0.227854 0.528008 2.275663 0.071070 10.357642 -0.305389 0.234353 3.613569
1 305.51618 -8.553463 -0.970289 -0.238710 -2.256818 -1.452801 3.459483 0.267125 2.507507 0.227854 0.528008 2.275663 0.071070 10.357642 -0.305389 0.234353 3.613569
1 305.51618 -8.553463 -0.970289 -0.238710 -2.256818 -1.452801 3.459483 0.267125 2.507507 0.227854 0.528008 2.275663 0.071070 10.357642 -0.305389 0.234353 3.613569
1 305.51618 -8.553463 -0.970289 -0.238710 -2.256818 -1.452801 3.459483 0.267125 2.507507 0.227854 0.528008 2.275663 0.071070 10.357642 -0.305389 0.234353 3.613569
1 305.51618 -8.553463 -0.970289 -0.238710 -2.256818 -1.452801 3.459483 0.267125 2.507507 0.227854 0.528008 2.275663 0.071070 10.357642 -0.305389 0.234353 3.613569
1 305.51618 -8.553463 -0.970289 -0.238710 -2.256818 -1.452801 3.459483 0.267125 2.507507 0.227854 0.528008 2.275663 0.071070 10.357642 -0.305389 0.234353 3.613569
1 305.51618 -8.553463 -0.970289 -0.238710 -2.256818 -1.452801 3.459483 0.267125 2.507507 0.227854 0.528008 2.275663 0.071070 10.357642 -0.305389 0.234353 3.613569
1 305.51618 -8.553463 -0.970289 -0.238710 -2.256818 -1.452801 3.459483 0.267125 2.507507 0.227854 0.528008 2.275663 0.071070 10.357642 -0.305389 0.234353 3.613569
1 305.51618 -8.553463 -0.970289 -0.238710 -2.256818 -1.452801 3.459483 0.267125 2.507507 0.227854 0.528008 2.275663 0.071070 10.357642 -0.305389 0.234353 3.613569
1 305.51618 -8.553463 -0.970289 -0.238710 -2.256818 -1.452801 3.459483 0.267125 2.507507 0.227854 0.528008 2.275663 0.071070 10.357642 -0.305389 0.234353 3.613569
1 305.51618 -8.553463 -0.970289 -0.238710 -2.256818 -1.452801 3.459483 0.267125 2.507507 0.227854 0.528008 2.275663 0.071070 10.357642 -0.305389 0.234353 3.613569
1 305.51618 -8.553463 -0.970289 -0.238710 -2.256818 -1.452801 3.459483 0.267125 2.507507 0.227854 0.528008 2.275663 0.071070 10.357642 -0.305389 0.234353 3.613569
1 305.51618 -8.553463 -0.970289 -0.238710 -2.256818 -1.452801 3.459483 0.267125 2.507507 0.227854 0.528008 2.275663 0.071070 10.357642 -0.305389 0.234353 3.613569
1 305.51618 -8.553463 -0.970289 -0.238710 -2.256818 -1.452801 3.459483 0.267125 2.507507 0.227854 0.528008 2.275663 0.071070 10.357642 -0.305389 0.234353 3.613569
1 305.51618 -8.553463 -0.970289 -0.238710 -2.256818 -1.452801 3.459483 0.267125 2.507507 0.227854 0.528008 2.275663 0.071070 10.357642 -0.305389 0.234353 3.613569
1 305.51618 -8.553463 -0.970289 -0.238710 -2.256818 -1.452801 3.459483 0.267125 2.507507 0.227854 0.528008 2.275663 0.071070 10.357642 -0.305389 0.234353 3.613569
1 305.51618 -8.553463 -0.970289 -0.238710 -2.256818 -1.452801 3.459483 0.267125 2.507507 0.227854 0.528008 2.275663 0.071070 10.357642 -0.305389 0.234353 3.613569
1 305.51618 -8.553463 -0.970289 -0.238710 -2.256818 -1.452801 3.459483 0.267125 2.507507 0.227854 0.528008 2.275663 0.071070 10.357642 -0.305389 0.234353 3.613569
1 305.51618 -8.553463 -0.970289 -0.238710 -2.256818 -1.452801 3.459483 0.267125 2.507507 0.227854 0.528008 2.275663 0.071070 10.357642 -0.305389 0.234353 3.613569
1 305.51618 -8.553463 -0.970289 -0.238710 -2.256818 -1.452801 3.459483 0.267125 2.507507 0.227854 0.528008 2.275663 0.071070 10.357642 -0.305389 0.234353 3.613569
1 305.51618 -8.553463 -0.970289 -0.238710 -2.256818 -1.452801 3.459483 0.267125 2.507507 0.227854 0.528008 2.275663 0.071070 10.357642 -0.305389 0.234353 3.613569
1 305.51618 -8.553463 -0.970289 -0.238710 -2.256818 -1.452801 3.459483 0.267125 2.507507 0.227854 0.528008 2.275663 0.071070 10.357642 -0.305389 0.234353 3.613569
1 305.51618 -8.553463 -0.970289 -0.238710 -2.256818 -1.452801 3.459483 0.267125 2.507507 0.227854 0.528008 2.275663 0.071070 10.357642 -0.305389 0.234353 3.613569
1 305.51618 -8.553463 -0.970289 -0.238710 -2.256818 -1.452801 3.459483 0.267125 2.507507 0.227854 0.528008 2.275663 0.071070 10.357642 -0.305389 0.234353 3.613569
1 299.10744 -8.538469 -0.923882 -0.255836 -2.286067 -1.443422 3.457142 0.262726 2.525913 0.216759 0.546249 2.288160 0.097888 10.359406 -0.299719 0.247646 3.597921
1 299.10744 -8.538469 -0.923882 -0.255836 -2.286067 -1.443422 3.457142 0.262726 2.525913 0.216759 0.546249 2.288160 0.097888 10.359406 -0.299719 0.247646 3.597921
1 299.10744 -8.538469 -0.923882 -0.255836 -2.286067 -1.443422 3.457142 0.262726 2.525913 0.216759 0.546249 2.288160 0.097888 10.359406 -0.299719 0.247646 3.597921
1 299.10744 -8.538469 -0.923882 -0.255836 -2.286067 -1.443422 3.457142 0.262726 2.525913 0.216759 0.546249 2.288160 0.097888 10.359406 -0.299719 0.247646 3.597921
1 299.10744 -8.538469 -0.923882 -0.255836 -2.286067 -1.443422 3.457142 0.262726 2.525913 0.216759 0.546249 2.288160 0.097888 10.359406 -0.299719 0.247646 3.597921
1 299.10744 -8.538469 -0.923882 -0.255836 -2.286067 -1.443422 3.457142 0.262726 2.525913 0.216759 0.546249 2.288160 0.097888 10.359406 -0.299719 0.247646 3.597921
1 299.10744 -8.538469 -0.923882 -0.255836 -2.286067 -1.443422 3.457142 0.262726 2.525913 0.216759 0.546249 2.288160 0.097888 10.359406 -0.299719 0.247646 3.597921
1 299.10744 -8.538469 -0.923882 -0.255836 -2.286067 -1.443422 3.457142 0.262726 2.525913 0.216759 0.546249 2.288160 0.097888 10.359406 -0.299719 0.247646 3.597921
1 299.10744 -8.538469 -0.923882 -0.255836 -2.286067 -1.443422 3.457142 0.262726 2.525913 0.216759 0.546249 2.288160 0.097888 10.359406 -0.299719 0.247646 3.597921
1 299.10744 -8.538469 -0.923882 -0.255836 -2.286067 -1.443422 3.457142 0.262726 2.525913 0.216759 0.546249 2.288160 0.097888 10.359406 -0.299719 0.247646 3.597921
1 299.10744 -8.538469 -0.923882 -0.255836 -2.286067 -1.443422 3.457142 0.262726 2.525913 0.216759 0.546249 2.288160 0.097888 10.359406 -0.299719 0.247646 3.597921
1 299.10744 -8.538469 -0.923882 -0.255836 -2.286067 -1.443422 3.457142 0.262726 2.525913 0.216759 0.546249 2.288160 0.097888 10.359406 -0.299719 0.247646 3.597921
1 299.10744 -8.538469 -0.923882 -0.255836 -2.286067 -1.443422 3.457142 0.262726 2.525913 0.216759 0.546249 2.288160 0.097888 10.359406 -0.299719 0.247646 3.597921
1 299.10744 -8.538469 -0.923882 -0.255836 -2.286067 -1.443422 3.457142 0.262726 2.525913 0.216759 0.546249 2.288160 0.097888 10.359406 -0.299719 0.247646 3.597921
1 299.10744 -8.538469 -0.923882 -0.255836 -2.286067 -1.443422 3.457142 0.262726 2.525913 0.216759 0.546249 2.288160 0.097888 10.359406 -0.299719 0.247646 3.597921
1 299.10744 -8.538469 -0.923882 -0.255836 -2.286067 -1.443422 3.457142 0.262726 2.525913 0.216759 0.546249 2.288160 0.097888 10.359406 -0.299719 0.247646 3.597921
1 299.10744 -8.538469 -0.923882 -0.255836 -2.286067 -1.443422 3.457142 0.262726 2.525913 0.216759 0.546249 2.288160 0.097888 10.359406 -0.299719 0.247646 3.597921
1 299.10744 -8.538469 -0.923882 -0.255836 -2.286067 -1.443422 3.457142 0.262726 2.525913 0.216759 0.546249 2.288160 0.097888 10.359406 -0.299719 0.247646 3.597921
1 299.10744 -8.538469 -0.923882 -0.255836 -2.286067 -1.443422 3.457142 0.262726 2.525913 0.216759 0.546249 2.288160 0.097888 10.359406 -0.299719 0.247646 3.597921
1 299.10744 -8.538469 -0.923882 -0.255836 -2.286067 -1.443422 3.457142 0.262726 2.525913 0.216759 0.546249 2.288160 0.097888 10.359406 -0.299719 0.247646 3.597921
1 299.10744 -8.538469 -0.923882 -0.255836 -2.286067 -1.443422 3.457142 0.262726 2.525913 0.216759 0.546249 2.288160 0.097888 10.359406 -0.299719 0.247646 3.597921
1 299.10744 -8.538469 -0.923882 -0.255836 -2.286067 -1.443422 3.457142 0.262726 2.525913 0.216759 0.546249 2.288160 0.097888 10.359406 -0.299719 0.247646 3.597921
1 299.10744 -8.538469 -0.923882 -0.255836 -2.286067 -1.443422 3.457142 0.262726 2.525913 0.216759 0.546249 2.288160 0.097888 10.359406 -0.299719 0.247646 3.597921
1 299.10744 -8.538469 -0.923882 -0.255836 -2.286067 -1.443422 3.457142 0.262726 2.525913 0.216759 0.546249 2.288160 0.097888 10.359406 -0.299719 0.247646 3.597921
1 299.10744 -8.538469 -0.923882 -0.255836 -2.286067 -1.443422 3.457142 0.262726 2.525913 0.216759 0.546249 2.288160 0.097888 10.359406 -0.299719 0.247646 3.597921
1 299.10744 -8.538469 -0.923882 -0.255836 -2.286067 -1.443422 3.457142 0.262726 2.525913 0.216759 0.546249 2.288160 0.097888 10.359406 -0.299719 0.247646 3.597921
1 299.10744 -8.538469 -0.923882 -0.255836 -2.286067 -1.443422 3.457142 0.262726 2.525913 0.216759 0.546249 2.288160 0.097888 10.359406 -0.299719 0.247646 3.597921
1 299.10744 -8.538469 -0.923882 -0.255836 -2.286067 -1.443422 3.457142 0.262726 2.525913 0.216759 0.546249 2.288160 0.097888 10.359406 -0.299719 0.247646 3.597921
1 299.10744 -8.538469 -0.923882 -0.255836 -2.286067 -1.443422 3.457142 0.262726 2.525913 0.216759 0.546249 2.288160 0.097888 10.359406 -0.299719 0.247646 3.597921
1 299.10744 -8.538469 -0.923882 -0.255836 -2.286067 -1.443422 3.457142 0.262726 2.525913 0.216759 0.546249 2.288160 0.097888 10.359406 -0.299719 0.247646 3.597921
1 299.10744 -8.538469 -0.923882 -0.255836 -2.286067 -1.443422 3.457142 0.262726 2.525913 0.216759 0.546249 2.288160 0.097888 10.359406 -0.299719 0.247646 3.597921
1 299.10744 -8.538469 -0.923882 -0.255836 -2.286067 -1.443422 3.457142 0.262726 2.525913 0.216759 0.546249 2.288160 0.097888 10.359406 -0.299719 0.247646 3.597921
1 299.10744 -8.538469 -0.923882 -0.255836 -2.286067 -1.443422 3.457142 0.262726 2.525913 0.216759 0.546249 2.288160 0.097888 10.359406 -0.299719 0.247646 3.597921
