1 72.566067 -8.576149 -0.770416 -0.112666 -1.804442 -1.562282 3.279973 0.036948 2.723616 0.485347 0.480065 2.251008 0.639187 10.383275 -0.515547 -0.717725 0.502925 4.254751
1 72.566067 -8.576149 -0.770416 -0.112666 -1.804442 -1.562282 3.279973 0.036948 2.723616 0.485347 0.480065 2.251008 0.639187 10.383275 -0.515547 -0.717725 0.502925 4.254751
1 72.566067 -8.576149 -0.770416 -0.112666 -1.804442 -1.562282 3.279973 0.036948 2.723616 0.485347 0.480065 2.251008 0.639187 10.383275 -0.515547 -0.717725 0.502925 4.254751
1 72.566067 -8.576149 -0.770416 -0.112666 -1.804442 -1.562282 3.279973 0.036948 2.723616 0.485347 0.480065 2.251008 0.639187 10.383275 -0.515547 -0.717725 0.502925 4.254751
1 72.566067 -8.576149 -0.770416 -0.112666 -1.804442 -1.562282 3.279973 0.036948 2.723616 0.485347 0.480065 2.251008 0.639187 10.383275 -0.515547 -0.717725 0.502925 4.254751
1 65.284021 -8.560662 -0.809592 -0.152157 -1.809354 -1.573987 3.265889 0.044824 2.722319 0.467547 0.471507 2.222521 0.632138 10.350748 -0.507724 -0.690129 0.543257 4.263761
1 65.284021 -8.560662 -0.809592 -0.152157 -1.809354 -1.573987 3.265889 0.044824 2.722319 0.467547 0.471507 2.222521 0.632138 10.350748 -0.507724 -0.690129 0.543257 4.263761
1 65.128508 -8.552403 -0.761603 -0.169173 -1.858907 -1.574168 3.280053 0.078805 2.690280 0.480909 0.477986 2.256422 0.611387 10.360494 -0.532328 -0.699518 0.543857 4.256468
1 62.396179 -8.523542 -0.793059 -0.160474 -1.836728 -1.525011 3.315059 0.116301 2.690213 0.472349 0.462685 2.205691 0.593418 10.356409 -0.522412 -0.704338 0.604247 4.278572
1 62.396179 -8.523542 -0.793059 -0.160474 -1.836728 -1.525011 3.315059 0.116301 2.690213 0.472349 0.462685 2.205691 0.593418 10.356409 -0.522412 -0.704338 0.604247 4.278572
1 62.396179 -8.523542 -0.793059 -0.160474 -1.836728 -1.525011 3.315059 0.116301 2.690213 0.472349 0.462685 2.205691 0.593418 10.356409 -0.522412 -0.704338 0.604247 4.278572
1 62.396179 -8.523542 -0.793059 -0.160474 -1.836728 -1.525011 3.315059 0.116301 2.690213 0.472349 0.462685 2.205691 0.593418 10.356409 -0.522412 -0.704338 0.604247 4.278572
1 62.396179 -8.523542 -0.793059 -0.160474 -1.836728 -1.525011 3.315059 0.116301 2.690213 0.472349 0.462685 2.205691 0.593418 10.356409 -0.522412 -0.704338 0.604247 4.278572
1 62.72235 -8.502972 -0.770427 -0.184674 -1.845490 -1.530629 3.290693 0.106233 2.700405 0.441848 0.467823 2.168329 0.579223 10.354768 -0.514697 -0.697337 0.624598 4.285027
1 59.663271 -8.496314 -0.799300 -0.185458 -1.818762 -1.562650 3.317486 0.053967 2.716979 0.458695 0.459522 2.164574 0.544745 10.300462 -0.541379 -0.669703 0.618513 4.276132
1 59.663271 -8.496314 -0.799300 -0.185458 -1.818762 -1.562650 3.317486 0.053967 2.716979 0.458695 0.459522 2.164574 0.544745 10.300462 -0.541379 -0.669703 0.618513 4.276132
1 56.531756 -8.476277 -0.808360 -0.167485 -1.835364 -1.562054 3.329694 0.082370 2.698370 0.496673 0.461594 2.153218 0.561690 10.299537 -0.515531 -0.682775 0.622713 4.286336
1 56.531756 -8.476277 -0.808360 -0.167485 -1.835364 -1.562054 3.329694 0.082370 2.698370 0.496673 0.461594 2.153218 0.561690 10.299537 -0.515531 -0.682775 0.622713 4.286336
1 56.531756 -8.476277 -0.808360 -0.167485 -1.835364 -1.562054 3.329694 0.082370 2.698370 0.496673 0.461594 2.153218 0.561690 10.299537 -0.515531 -0.682775 0.622713 4.286336
1 56.531756 -8.476277 -0.808360 -0.167485 -1.835364 -1.562054 3.329694 0.082370 2.698370 0.496673 0.461594 2.153218 0.561690 10.299537 -0.515531 -0.682775 0.622713 4.286336
1 56.531756 -8.476277 -0.808360 -0.167485 -1.835364 -1.562054 3.329694 0.082370 2.698370 0.496673 0.461594 2.153218 0.561690 10.299537 -0.515531 -0.682775 0.622713 4.286336
1 56.531756 -8.476277 -0.808360 -0.167485 -1.835364 -1.562054 3.329694 0.082370 2.698370 0.496673 0.461594 2.153218 0.561690 10.299537 -0.515531 -0.682775 0.622713 4.286336
1 56.531756 -8.476277 -0.808360 -0.167485 -1.835364 -1.562054 3.329694 0.082370 2.698370 0.496673 0.461594 2.153218 0.561690 10.299537 -0.515531 -0.682775 0.622713 4.286336
1 56.531756 -8.476277 -0.808360 -0.167485 -1.835364 -1.562054 3.329694 0.082370 2.698370 0.496673 0.461594 2.153218 0.561690 10.299537 -0.515531 -0.682775 0.622713 4.286336
1 56.531756 -8.476277 -0.808360 -0.167485 -1.835364 -1.562054 3.329694 0.082370 2.698370 0.496673 0.461594 2.153218 0.561690 10.299537 -0.515531 -0.682775 0.622713 4.286336
1 56.531756 -8.476277 -0.808360 -0.167485 -1.835364 -1.562054 3.329694 0.082370 2.698370 0.496673 0.461594 2.153218 0.561690 10.299537 -0.515531 -0.682775 0.622713 4.286336
1 56.531756 -8.476277 -0.808360 -0.167485 -1.835364 -1.562054 3.329694 0.082370 2.698370 0.496673 0.461594 2.153218 0.561690 10.299537 -0.515531 -0.682775 0.622713 4.286336
1 56.531756 -8.476277 -0.808360 -0.167485 -1.835364 -1.562054 3.329694 0.082370 2.698370 0.496673 0.461594 2.153218 0.561690 10.299537 -0.515531 -0.682775 0.622713 4.286336
1 56.531756 -8.476277 -0.808360 -0.167485 -1.835364 -1.562054 3.329694 0.082370 2.698370 0.496673 0.461594 2.153218 0.561690 10.299537 -0.515531 -0.682775 0.622713 4.286336
1 56.531756 -8.476277 -0.808360 -0.167485 -1.835364 -1.562054 3.329694 0.082370 2.698370 0.496673 0.461594 2.153218 0.561690 10.299537 -0.515531 -0.682775 0.622713 4.286336
1 56.531756 -8.476277 -0.808360 -0.167485 -1.835364 -1.562054 3.329694 0.082370 2.698370 0.496673 0.461594 2.153218 0.561690 10.299537 -0.515531 -0.682775 0.622713 4.286336
1 56.531756 -8.476277 -0.808360 -0.167485 -1.835364 -1.562054 3.329694 0.082370 2.698370 0.496673 0.461594 2.153218 0.561690 10.299537 -0.515531 -0.682775 0.622713 4.286336
1 56.531756 -8.476277 -0.808360 -0.167485 -1.835364 -1.562054 3.329694 0.082370 2.698370 0.496673 0.461594 2.153218 0.561690 10.299537 -0.515531 -0.682775 0.622713 4.286336
1 56.531756 -8.476277 -0.808360 -0.167485 -1.835364 -1.562054 3.329694 0.082370 2.698370 0.496673 0.461594 2.153218 0.561690 10.299537 -0.515531 -0.682775 0.622713 4.286336
1 56.531756 -8.476277 -0.808360 -0.167485 -1.835364 -1.562054 3.329694 0.082370 2.698370 0.496673 0.461594 2.153218 0.561690 10.299537 -0.515531 -0.682775 0.622713 4.286336
1 55.67576 -8.484683 -0.816629 -0.131299 -1.867614 -1.566401 3.324655 0.084141 2.691457 0.502499 0.453106 2.147981 0.533486 10.312384 -0.532454 -0.680874 0.615551 4.289469
1 55.67576 -8.484683 -0.816629 -0.131299 -1.867614 -1.566401 3.324655 0.084141 2.691457 0.502499 0.453106 2.147981 0.533486 10.312384 -0.532454 -0.680874 0.615551 4.289469
1 55.67576 -8.484683 -0.816629 -0.131299 -1.867614 -1.566401 3.324655 0.084141 2.691457 0.502499 0.453106 2.147981 0.533486 10.312384 -0.532454 -0.680874 0.615551 4.289469
1 55.67576 -8.484683 -0.816629 -0.131299 -1.867614 -1.566401 3.324655 0.084141 2.691457 0.502499 0.453106 2.147981 0.533486 10.312384 -0.532454 -0.680874 0.615551 4.289469
1 55.67576 -8.484683 -0.816629 -0.131299 -1.867614 -1.566401 3.324655 0.084141 2.691457 0.502499 0.453106 2.147981 0.533486 10.312384 -0.532454 -0.680874 0.615551 4.289469
1 55.67576 -8.484683 -0.816629 -0.131299 -1.867614 -1.566401 3.324655 0.084141 2.691457 0.502499 0.453106 2.147981 0.533486 10.312384 -0.532454 -0.680874 0.615551 4.289469
1 55.67576 -8.484683 -0.816629 -0.131299 -1.867614 -1.566401 3.324655 0.084141 2.691457 0.502499 0.453106 2.147981 0.533486 10.312384 -0.532454 -0.680874 0.615551 4.289469
1 55.67576 -8.484683 -0.816629 -0.131299 -1.867614 -1.566401 3.324655 0.084141 2.691457 0.502499 0.453106 2.147981 0.533486 10.312384 -0.532454 -0.680874 0.615551 4.289469
1 55.67576 -8.484683 -0.816629 -0.131299 -1.867614 -1.566401 3.324655 0.084141 2.691457 0.502499 0.453106 2.147981 0.533486 10.312384 -0.532454 -0.680874 0.615551 4.289469
1 56.229655 -8.510374 -0.829376 -0.118985 -1.871385 -1.532463 3.311050 0.051294 2.694195 0.508024 0.466428 2.135710 0.528780 10.327910 -0.511743 -0.707047 0.599333 4.250580
1 56.229655 -8.510374 -0.829376 -0.118985 -1.871385 -1.532463 3.311050 0.051294 2.694195 0.508024 0.466428 2.135710 0.528780 10.327910 -0.511743 -0.707047 0.599333 4.250580
1 56.229655 -8.510374 -0.829376 -0.118985 -1.871385 -1.532463 3.311050 0.051294 2.694195 0.508024 0.466428 2.135710 0.528780 10.327910 -0.511743 -0.707047 0.599333 4.250580
1 56.229655 -8.510374 -0.829376 -0.118985 -1.871385 -1.532463 3.311050 0.051294 2.694195 0.508024 0.466428 2.135710 0.528780 10.327910 -0.511743 -0.707047 0.599333 4.250580
1 56.229655 -8.510374 -0.829376 -0.118985 -1.871385 -1.532463 3.311050 0.051294 2.694195 0.508024 0.466428 2.135710 0.528780 10.327910 -0.511743 -0.707047 0.599333 4.250580
1 56.229655 -8.510374 -0.829376 -0.118985 -1.871385 -1.532463 3.311050 0.051294 2.694195 0.508024 0.466428 2.135710 0.528780 10.327910 -0.511743 -0.707047 0.599333 4.250580
1 56.229655 -8.510374 -0.829376 -0.118985 -1.871385 -1.532463 3.311050 0.051294 2.694195 0.508024 0.466428 2.135710 0.528780 10.327910 -0.511743 -0.707047 0.599333 4.250580
1 56.229655 -8.510374 -0.829376 -0.118985 -1.871385 -1.532463 3.311050 0.051294 2.694195 0.508024 0.466428 2.135710 0.528780 10.327910 -0.511743 -0.707047 0.599333 4.250580
1 56.229655 -8.510374 -0.829376 -0.118985 -1.871385 -1.532463 3.311050 0.051294 2.694195 0.508024 0.466428 2.135710 0.528780 10.327910 -0.511743 -0.707047 0.599333 4.250580
1 52.190784 -8.517713 -0.848925 -0.100930 -1.910952 -1.507857 3.317554 0.037038 2.695952 0.508866 0.480249 2.086829 0.590726 10.322812 -0.526802 -0.680832 0.614609 4.272605
1 52.190784 -8.517713 -0.848925 -0.100930 -1.910952 -1.507857 3.317554 0.037038 2.695952 0.508866 0.480249 2.086829 0.590726 10.322812 -0.526802 -0.680832 0.614609 4.272605
1 52.190784 -8.517713 -0.848925 -0.100930 -1.910952 -1.507857 3.317554 0.037038 2.695952 0.508866 0.480249 2.086829 0.590726 10.322812 -0.526802 -0.680832 0.614609 4.272605
1 52.190784 -8.517713 -0.848925 -0.100930 -1.910952 -1.507857 3.317554 0.037038 2.695952 0.508866 0.480249 2.086829 0.590726 10.322812 -0.526802 -0.680832 0.614609 4.272605
1 52.190784 -8.517713 -0.848925 -0.100930 -1.910952 -1.507857 3.317554 0.037038 2.695952 0.508866 0.480249 2.086829 0.590726 10.322812 -0.526802 -0.680832 0.614609 4.272605
1 52.190784 -8.517713 -0.848925 -0.100930 -1.910952 -1.507857 3.317554 0.037038 2.695952 0.508866 0.480249 2.086829 0.590726 10.322812 -0.526802 -0.680832 0.614609 4.272605
1 52.190784 -8.517713 -0.848925 -0.100930 -1.910952 -1.507857 3.317554 0.037038 2.695952 0.508866 0.480249 2.086829 0.590726 10.322812 -0.526802 -0.680832 0.614609 4.272605
1 52.190784 -8.517713 -0.848925 -0.100930 -1.910952 -1.507857 3.317554 0.037038 2.695952 0.508866 0.480249 2.086829 0.590726 10.322812 -0.526802 -0.680832 0.614609 4.272605
1 52.190784 -8.517713 -0.848925 -0.100930 -1.910952 -1.507857 3.317554 0.037038 2.695952 0.508866 0.480249 2.086829 0.590726 10.322812 -0.526802 -0.680832 0.614609 4.272605
1 52.190784 -8.517713 -0.848925 -0.100930 -1.910952 -1.507857 3.317554 0.037038 2.695952 0.508866 0.480249 2.086829 0.590726 10.322812 -0.526802 -0.680832 0.614609 4.272605
1 52.190784 -8.517713 -0.848925 -0.100930 -1.910952 -1.507857 3.317554 0.037038 2.695952 0.508866 0.480249 2.086829 0.590726 10.322812 -0.526802 -0.680832 0.614609 4.272605
1 52.190784 -8.517713 -0.848925 -0.100930 -1.910952 -1.507857 3.317554 0.037038 2.695952 0.508866 0.480249 2.086829 0.590726 10.322812 -0.526802 -0.680832 0.614609 4.272605
1 52.190784 -8.517713 -0.848925 -0.100930 -1.910952 -1.507857 3.317554 0.037038 2.695952 0.508866 0.480249 2.086829 0.590726 10.322812 -0.526802 -0.680832 0.614609 4.272605
1 52.190784 -8.517713 -0.848925 -0.100930 -1.910952 -1.507857 3.317554 0.037038 2.695952 0.508866 0.480249 2.086829 0.590726 10.322812 -0.526802 -0.680832 0.614609 4.272605
1 52.190784 -8.517713 -0.848925 -0.100930 -1.910952 -1.507857 3.317554 0.037038 2.695952 0.508866 0.480249 2.086829 0.590726 10.322812 -0.526802 -0.680832 0.614609 4.272605
1 52.190784 -8.517713 -0.848925 -0.100930 -1.910952 -1.507857 3.317554 0.037038 2.695952 0.508866 0.480249 2.086829 0.590726 10.322812 -0.526802 -0.680832 0.614609 4.272605
1 52.190784 -8.517713 -0.848925 -0.100930 -1.910952 -1.507857 3.317554 0.037038 2.695952 0.508866 0.480249 2.086829 0.590726 10.322812 -0.526802 -0.680832 0.614609 4.272605
1 52.190784 -8.517713 -0.848925 -0.100930 -1.910952 -1.507857 3.317554 0.037038 2.695952 0.508866 0.480249 2.086829 0.590726 10.322812 -0.526802 -0.680832 0.614609 4.272605
1 52.190784 -8.517713 -0.848925 -0.100930 -1.910952 -1.507857 3.317554 0.037038 2.695952 0.508866 0.480249 2.086829 0.590726 10.322812 -0.526802 -0.680832 0.614609 4.272605
1 52.190784 -8.517713 -0.848925 -0.100930 -1.910952 -1.507857 3.317554 0.037038 2.695952 0.508866 0.480249 2.086829 0.590726 10.322812 -0.526802 -0.680832 0.614609 4.272605
1 52.190784 -8.517713 -0.848925 -0.100930 -1.910952 -1.507857 3.317554 0.037038 2.695952 0.508866 0.480249 2.086829 0.590726 10.322812 -0.526802 -0.680832 0.614609 4.272605
1 52.190784 -8.517713 -0.848925 -0.100930 -1.910952 -1.507857 3.317554 0.037038 2.695952 0.508866 0.480249 2.086829 0.590726 10.322812 -0.526802 -0.680832 0.614609 4.272605
1 52.190784 -8.517713 -0.848925 -0.100930 -1.910952 -1.507857 3.317554 0.037038 2.695952 0.508866 0.480249 2.086829 0.590726 10.322812 -0.526802 -0.680832 0.614609 4.272605
1 52.190784 -8.517713 -0.848925 -0.100930 -1.910952 -1.507857 3.317554 0.037038 2.695952 0.508866 0.480249 2.086829 0.590726 10.322812 -0.526802 -0.680832 0.614609 4.272605
1 52.190784 -8.517713 -0.848925 -0.100930 -1.910952 -1.507857 3.317554 0.037038 2.695952 0.508866 0.480249 2.086829 0.590726 10.322812 -0.526802 -0.680832 0.614609 4.272605
1 52.190784 -8.517713 -0.848925 -0.100930 -1.910952 -1.507857 3.317554 0.037038 2.695952 0.508866 0.480249 2.086829 0.590726 10.322812 -0.526802 -0.680832 0.614609 4.272605
1 52.190784 -8.517713 -0.848925 -0.100930 -1.910952 -1.507857 3.317554 0.037038 2.695952 0.508866 0.480249 2.086829 0.590726 10.322812 -0.526802 -0.680832 0.614609 4.272605
1 52.190784 -8.517713 -0.848925 -0.100930 -1.910952 -1.507857 3.317554 0.037038 2.695952 0.508866 0.480249 2.086829 0.590726 10.322812 -0.526802 -0.680832 0.614609 4.272605
1 52.190784 -8.517713 -0.848925 -0.100930 -1.910952 -1.507857 3.317554 0.037038 2.695952 0.508866 0.480249 2.086829 0.590726 10.322812 -0.526802 -0.680832 0.614609 4.272605
1 52.190784 -8.517713 -0.848925 -0.100930 -1.910952 -1.507857 3.317554 0.037038 2.695952 0.508866 0.480249 2.086829 0.590726 10.322812 -0.526802 -0.680832 0.614609 4.272605
1 52.190784 -8.517713 -0.848925 -0.100930 -1.910952 -1.507857 3.317554 0.037038 2.695952 0.508866 0.480249 2.086829 0.590726 10.322812 -0.526802 -0.680832 0.614609 4.272605
1 52.190784 -8.517713 -0.848925 -0.100930 -1.910952 -1.507857 3.317554 0.037038 2.695952 0.508866 0.480249 2.086829 0.590726 10.322812 -0.526802 -0.680832 0.614609 4.272605
1 52.190784 -8.517713 -0.848925 -0.100930 -1.910952 -1.507857 3.317554 0.037038 2.695952 0.508866 0.480249 2.086829 0.590726 10.322812 -0.526802 -0.680832 0.614609 4.272605
1 52.190784 -8.517713 -0.848925 -0.100930 -1.910952 -1.507857 3.317554 0.037038 2.695952 0.508866 0.480249 2.086829 0.590726 10.322812 -0.526802 -0.680832 0.614609 4.272605
1 52.190784 -8.517713 -0.848925 -0.100930 -1.910952 -1.507857 3.317554 0.037038 2.695952 0.508866 0.480249 2.086829 0.590726 10.322812 -0.526802 -0.680832 0.614609 4.272605
1 52.190784 -8.517713 -0.848925 -0.100930 -1.910952 -1.507857 3.317554 0.037038 2.695952 0.508866 0.480249 2.086829 0.590726 10.322812 -0.526802 -0.680832 0.614609 4.272605
1 52.190784 -8.517713 -0.848925 -0.100930 -1.910952 -1.507857 3.317554 0.037038 2.695952 0.508866 0.480249 2.086829 0.590726 10.322812 -0.526802 -0.680832 0.614609 4.272605
1 52.190784 -8.517713 -0.848925 -0.100930 -1.910952 -1.507857 3.317554 0.037038 2.695952 0.508866 0.480249 2.086829 0.590726 10.322812 -0.526802 -0.680832 0.614609 4.272605
1 52.190784 -8.517713 -0.848925 -0.100930 -1.910952 -1.507857 3.317554 0.037038 2.695952 0.508866 0.480249 2.086829 0.590726 10.322812 -0.526802 -0.680832 0.614609 4.272605
1 52.190784 -8.517713 -0.848925 -0.100930 -1.910952 -1.507857 3.317554 0.037038 2.695952 0.508866 0.480249 2.086829 0.590726 10.322812 -0.526802 -0.680832 0.614609 4.272605
1 52.190784 -8.517713 -0.848925 -0.100930 -1.910952 -1.507857 3.317554 0.037038 2.695952 0.508866 0.480249 2.086829 0.590726 10.322812 -0.526802 -0.680832 0.614609 4.272605
1 52.190784 -8.517713 -0.848925 -0.100930 -1.910952 -1.507857 3.317554 0.037038 2.695952 0.508866 0.480249 2.086829 0.590726 10.322812 -0.526802 -0.680832 0.614609 4.272605
1 52.190784 -8.517713 -0.848925 -0.100930 -1.910952 -1.507857 3.317554 0.037038 2.695952 0.508866 0.480249 2.086829 0.590726 10.322812 -0.526802 -0.680832 0.614609 4.272605
1 52.190784 -8.517713 -0.848925 -0.100930 -1.910952 -1.507857 3.317554 0.037038 2.695952 0.508866 0.480249 2.086829 0.590726 10.322812 -0.526802 -0.680832 0.614609 4.272605
1 52.190784 -8.517713 -0.848925 -0.100930 -1.910952 -1.507857 3.317554 0.037038 2.695952 0.508866 0.480249 2.086829 0.590726 10.322812 -0.526802 -0.680832 0.614609 4.272605
1 52.190784 -8.517713 -0.848925 -0.100930 -1.910952 -1.507857 3.317554 0.037038 2.695952 0.508866 0.480249 2.086829 0.590726 10.322812 -0.526802 -0.680832 0.614609 4.272605
1 52.190784 -8.517713 -0.848925 -0.100930 -1.910952 -1.507857 3.317554 0.037038 2.695952 0.508866 0.480249 2.086829 0.590726 10.322812 -0.526802 -0.680832 0.614609 4.272605
1 52.190784 -8.517713 -0.848925 -0.100930 -1.910952 -1.507857 3.317554 0.037038 2.695952 0.508866 0.480249 2.086829 0.590726 10.322812 -0.526802 -0.680832 0.614609 4.272605
1 52.190784 -8.517713 -0.848925 -0.100930 -1.910952 -1.507857 3.317554 0.037038 2.695952 0.508866 0.480249 2.086829 0.590726 10.322812 -0.526802 -0.680832 0.614609 4.272605
1 52.190784 -8.517713 -0.848925 -0.100930 -1.910952 -1.507857 3.317554 0.037038 2.695952 0.508866 0.480249 2.086829 0.590726 10.322812 -0.526802 -0.680832 0.614609 4.272605
1 52.190784 -8.517713 -0.848925 -0.100930 -1.910952 -1.507857 3.317554 0.037038 2.695952 0.508866 0.480249 2.086829 0.590726 10.322812 -0.526802 -0.680832 0.614609 4.272605
1 52.190784 -8.517713 -0.848925 -0.100930 -1.910952 -1.507857 3.317554 0.037038 2.695952 0.508866 0.480249 2.086829 0.590726 10.322812 -0.526802 -0.680832 0.614609 4.272605
1 52.190784 -8.517713 -0.848925 -0.100930 -1.910952 -1.507857 3.317554 0.037038 2.695952 0.508866 0.480249 2.086829 0.590726 10.322812 -0.526802 -0.680832 0.614609 4.272605
1 52.190784 -8.517713 -0.848925 -0.100930 -1.910952 -1.507857 3.317554 0.037038 2.695952 0.508866 0.480249 2.086829 0.590726 10.322812 -0.526802 -0.680832 0.614609 4.272605
1 52.190784 -8.517713 -0.848925 -0.100930 -1.910952 -1.507857 3.317554 0.037038 2.695952 0.508866 0.480249 2.086829 0.590726 10.322812 -0.526802 -0.680832 0.614609 4.272605
1 52.190784 -8.517713 -0.848925 -0.100930 -1.910952 -1.507857 3.317554 0.037038 2.695952 0.508866 0.480249 2.086829 0.590726 10.322812 -0.526802 -0.680832 0.614609 4.272605
1 52.190784 -8.517713 -0.848925 -0.100930 -1.910952 -1.507857 3.317554 0.037038 2.695952 0.508866 0.480249 2.086829 0.590726 10.322812 -0.526802 -0.680832 0.614609 4.272605
1 52.190784 -8.517713 -0.848925 -0.100930 -1.910952 -1.507857 3.317554 0.037038 2.695952 0.508866 0.480249 2.086829 0.590726 10.322812 -0.526802 -0.680832 0.614609 4.272605
1 52.190784 -8.517713 -0.848925 -0.100930 -1.910952 -1.507857 3.317554 0.037038 2.695952 0.508866 0.480249 2.086829 0.590726 10.322812 -0.526802 -0.680832 0.614609 4.272605
1 52.190784 -8.517713 -0.848925 -0.100930 -1.910952 -1.507857 3.317554 0.037038 2.695952 0.508866 0.480249 2.086829 0.590726 10.322812 -0.526802 -0.680832 0.614609 4.272605
1 52.190784 -8.517713 -0.848925 -0.100930 -1.910952 -1.507857 3.317554 0.037038 2.695952 0.508866 0.480249 2.086829 0.590726 10.322812 -0.526802 -0.680832 0.614609 4.272605
1 52.190784 -8.517713 -0.848925 -0.100930 -1.910952 -1.507857 3.317554 0.037038 2.695952 0.508866 0.480249 2.086829 0.590726 10.322812 -0.526802 -0.680832 0.614609 4.272605
1 52.190784 -8.517713 -0.848925 -0.100930 -1.910952 -1.507857 3.317554 0.037038 2.695952 0.508866 0.480249 2.086829 0.590726 10.322812 -0.526802 -0.680832 0.614609 4.272605
1 52.190784 -8.517713 -0.848925 -0.100930 -1.910952 -1.507857 3.317554 0.037038 2.695952 0.508866 0.480249 2.086829 0.590726 10.322812 -0.526802 -0.680832 0.614609 4.272605
1 52.190784 -8.517713 -0.848925 -0.100930 -1.910952 -1.507857 3.317554 0.037038 2.695952 0.508866 0.480249 2.086829 0.590726 10.322812 -0.526802 -0.680832 0.614609 4.272605
1 52.190784 -8.517713 -0.848925 -0.100930 -1.910952 -1.507857 3.317554 0.037038 2.695952 0.508866 0.480249 2.086829 0.590726 10.322812 -0.526802 -0.680832 0.614609 4.272605
1 52.190784 -8.517713 -0.848925 -0.100930 -1.910952 -1.507857 3.317554 0.037038 2.695952 0.508866 0.480249 2.086829 0.590726 10.322812 -0.526802 -0.680832 0.614609 4.272605
1 52.190784 -8.517713 -0.848925 -0.100930 -1.910952 -1.507857 3.317554 0.037038 2.695952 0.508866 0.480249 2.086829 0.590726 10.322812 -0.526802 -0.680832 0.614609 4.272605
1 52.190784 -8.517713 -0.848925 -0.100930 -1.910952 -1.507857 3.317554 0.037038 2.695952 0.508866 0.480249 2.086829 0.590726 10.322812 -0.526802 -0.680832 0.614609 4.272605
1 52.190784 -8.517713 -0.848925 -0.100930 -1.910952 -1.507857 3.317554 0.037038 2.695952 0.508866 0.480249 2.086829 0.590726 10.322812 -0.526802 -0.680832 0.614609 4.272605
1 52.190784 -8.517713 -0.848925 -0.100930 -1.910952 -1.507857 3.317554 0.037038 2.695952 0.508866 0.480249 2.086829 0.590726 10.322812 -0.526802 -0.680832 0.614609 4.272605
1 52.190784 -8.517713 -0.848925 -0.100930 -1.910952 -1.507857 3.317554 0.037038 2.695952 0.508866 0.480249 2.086829 0.590726 10.322812 -0.526802 -0.680832 0.614609 4.272605
1 52.190784 -8.517713 -0.848925 -0.100930 -1.910952 -1.507857 3.317554 0.037038 2.695952 0.508866 0.480249 2.086829 0.590726 10.322812 -0.526802 -0.680832 0.614609 4.272605
1 52.190784 -8.517713 -0.848925 -0.100930 -1.910952 -1.507857 3.317554 0.037038 2.695952 0.508866 0.480249 2.086829 0.590726 10.322812 -0.526802 -0.680832 0.614609 4.272605
1 52.190784 -8.517713 -0.848925 -0.100930 -1.910952 -1.507857 3.317554 0.037038 2.695952 0.508866 0.480249 2.086829 0.590726 10.322812 -0.526802 -0.680832 0.614609 4.272605
1 52.190784 -8.517713 -0.848925 -0.100930 -1.910952 -1.507857 3.317554 0.037038 2.695952 0.508866 0.480249 2.086829 0.590726 10.322812 -0.526802 -0.680832 0.614609 4.272605
1 52.190784 -8.517713 -0.848925 -0.100930 -1.910952 -1.507857 3.317554 0.037038 2.695952 0.508866 0.480249 2.086829 0.590726 10.322812 -0.526802 -0.680832 0.614609 4.272605
1 52.190784 -8.517713 -0.848925 -0.100930 -1.910952 -1.507857 3.317554 0.037038 2.695952 0.508866 0.480249 2.086829 0.590726 10.322812 -0.526802 -0.680832 0.614609 4.272605
1 52.190784 -8.517713 -0.848925 -0.100930 -1.910952 -1.507857 3.317554 0.037038 2.695952 0.508866 0.480249 2.086829 0.590726 10.322812 -0.526802 -0.680832 0.614609 4.272605
1 52.190784 -8.517713 -0.848925 -0.100930 -1.910952 -1.507857 3.317554 0.037038 2.695952 0.508866 0.480249 2.086829 0.590726 10.322812 -0.526802 -0.680832 0.614609 4.272605
1 52.190784 -8.517713 -0.848925 -0.100930 -1.910952 -1.507857 3.317554 0.037038 2.695952 0.508866 0.480249 2.086829 0.590726 10.322812 -0.526802 -0.680832 0.614609 4.272605
1 52.190784 -8.517713 -0.848925 -0.100930 -1.910952 -1.507857 3.317554 0.037038 2.695952 0.508866 0.480249 2.086829 0.590726 10.322812 -0.526802 -0.680832 0.614609 4.272605
1 52.190784 -8.517713 -0.848925 -0.100930 -1.910952 -1.507857 3.317554 0.037038 2.695952 0.508866 0.480249 2.086829 0.590726 10.322812 -0.526802 -0.680832 0.614609 4.272605
1 52.190784 -8.517713 -0.848925 -0.100930 -1.910952 -1.507857 3.317554 0.037038 2.695952 0.508866 0.480249 2.086829 0.590726 10.322812 -0.526802 -0.680832 0.614609 4.272605
1 52.190784 -8.517713 -0.848925 -0.100930 -1.910952 -1.507857 3.317554 0.037038 2.695952 0.508866 0.480249 2.086829 0.590726 10.322812 -0.526802 -0.680832 0.614609 4.272605
1 52.190784 -8.517713 -0.848925 -0.100930 -1.910952 -1.507857 3.317554 0.037038 2.695952 0.508866 0.480249 2.086829 0.590726 10.322812 -0.526802 -0.680832 0.614609 4.272605
1 52.190784 -8.517713 -0.848925 -0.100930 -1.910952 -1.507857 3.317554 0.037038 2.695952 0.508866 0.480249 2.086829 0.590726 10.322812 -0.526802 -0.680832 0.614609 4.272605
1 52.190784 -8.517713 -0.848925 -0.100930 -1.910952 -1.507857 3.317554 0.037038 2.695952 0.508866 0.480249 2.086829 0.590726 10.322812 -0.526802 -0.680832 0.614609 4.272605
1 52.190784 -8.517713 -0.848925 -0.100930 -1.910952 -1.507857 3.317554 0.037038 2.695952 0.508866 0.480249 2.086829 0.590726 10.322812 -0.526802 -0.680832 0.614609 4.272605
1 52.190784 -8.517713 -0.848925 -0.100930 -1.910952 -1.507857 3.317554 0.037038 2.695952 0.508866 0.480249 2.086829 0.590726 10.322812 -0.526802 -0.680832 0.614609 4.272605
1 52.190784 -8.517713 -0.848925 -0.100930 -1.910952 -1.507857 3.317554 0.037038 2.695952 0.508866 0.480249 2.086829 0.590726 10.322812 -0.526802 -0.680832 0.614609 4.272605
1 52.190784 -8.517713 -0.848925 -0.100930 -1.910952 -1.507857 3.317554 0.037038 2.695952 0.508866 0.480249 2.086829 0.590726 10.322812 -0.526802 -0.680832 0.614609 4.272605
1 52.190784 -8.517713 -0.848925 -0.100930 -1.910952 -1.507857 3.317554 0.037038 2.695952 0.508866 0.480249 2.086829 0.590726 10.322812 -0.526802 -0.680832 0.614609 4.272605
1 52.190784 -8.517713 -0.848925 -0.100930 -1.910952 -1.507857 3.317554 0.037038 2.695952 0.508866 0.480249 2.086829 0.590726 10.322812 -0.526802 -0.680832 0.614609 4.272605
1 52.190784 -8.517713 -0.848925 -0.100930 -1.910952 -1.507857 3.317554 0.037038 2.695952 0.508866 0.480249 2.086829 0.590726 10.322812 -0.526802 -0.680832 0.614609 4.272605
1 52.190784 -8.517713 -0.848925 -0.100930 -1.910952 -1.507857 3.317554 0.037038 2.695952 0.508866 0.480249 2.086829 0.590726 10.322812 -0.526802 -0.680832 0.614609 4.272605
1 52.190784 -8.517713 -0.848925 -0.100930 -1.910952 -1.507857 3.317554 0.037038 2.695952 0.508866 0.480249 2.086829 0.590726 10.322812 -0.526802 -0.680832 0.614609 4.272605
1 52.190784 -8.517713 -0.848925 -0.100930 -1.910952 -1.507857 3.317554 0.037038 2.695952 0.508866 0.480249 2.086829 0.590726 10.322812 -0.526802 -0.680832 0.614609 4.272605
1 52.190784 -8.517713 -0.848925 -0.100930 -1.910952 -1.507857 3.317554 0.037038 2.695952 0.508866 0.480249 2.086829 0.590726 10.322812 -0.526802 -0.680832 0.614609 4.272605
1 52.190784 -8.517713 -0.848925 -0.100930 -1.910952 -1.507857 3.317554 0.037038 2.695952 0.508866 0.480249 2.086829 0.590726 10.322812 -0.526802 -0.680832 0.614609 4.272605
1 52.190784 -8.517713 -0.848925 -0.100930 -1.910952 -1.507857 3.317554 0.037038 2.695952 0.508866 0.480249 2.086829 0.590726 10.322812 -0.526802 -0.680832 0.614609 4.272605
1 52.190784 -8.517713 -0.848925 -0.100930 -1.910952 -1.507857 3.317554 0.037038 2.695952 0.508866 0.480249 2.086829 0.590726 10.322812 -0.526802 -0.680832 0.614609 4.272605
1 52.190784 -8.517713 -0.848925 -0.100930 -1.910952 -1.507857 3.317554 0.037038 2.695952 0.508866 0.480249 2.086829 0.590726 10.322812 -0.526802 -0.680832 0.614609 4.272605
1 52.190784 -8.517713 -0.848925 -0.100930 -1.910952 -1.507857 3.317554 0.037038 2.695952 0.508866 0.480249 2.086829 0.590726 10.322812 -0.526802 -0.680832 0.614609 4.272605
1 52.190784 -8.517713 -0.848925 -0.100930 -1.910952 -1.507857 3.317554 0.037038 2.695952 0.508866 0.480249 2.086829 0.590726 10.322812 -0.526802 -0.680832 0.614609 4.272605
1 52.190784 -8.517713 -0.848925 -0.100930 -1.910952 -1.507857 3.317554 0.037038 2.695952 0.508866 0.480249 2.086829 0.590726 10.322812 -0.526802 -0.680832 0.614609 4.272605
1 52.190784 -8.517713 -0.848925 -0.100930 -1.910952 -1.507857 3.317554 0.037038 2.695952 0.508866 0.480249 2.086829 0.590726 10.322812 -0.526802 -0.680832 0.614609 4.272605
1 52.190784 -8.517713 -0.848925 -0.100930 -1.910952 -1.507857 3.317554 0.037038 2.695952 0.508866 0.480249 2.086829 0.590726 10.322812 -0.526802 -0.680832 0.614609 4.272605
1 52.190784 -8.517713 -0.848925 -0.100930 -1.910952 -1.507857 3.317554 0.037038 2.695952 0.508866 0.480249 2.086829 0.590726 10.322812 -0.526802 -0.680832 0.614609 4.272605
1 52.190784 -8.517713 -0.848925 -0.100930 -1.910952 -1.507857 3.317554 0.037038 2.695952 0.508866 0.480249 2.086829 0.590726 10.322812 -0.526802 -0.680832 0.614609 4.272605
1 52.190784 -8.517713 -0.848925 -0.100930 -1.910952 -1.507857 3.317554 0.037038 2.695952 0.508866 0.480249 2.086829 0.590726 10.322812 -0.526802 -0.680832 0.614609 4.272605
1 52.190784 -8.517713 -0.848925 -0.100930 -1.910952 -1.507857 3.317554 0.037038 2.695952 0.508866 0.480249 2.086829 0.590726 10.322812 -0.526802 -0.680832 0.614609 4.272605
1 52.190784 -8.517713 -0.848925 -0.100930 -1.910952 -1.507857 3.317554 0.037038 2.695952 0.508866 0.480249 2.086829 0.590726 10.322812 -0.526802 -0.680832 0.614609 4.272605
1 52.190784 -8.517713 -0.848925 -0.100930 -1.910952 -1.507857 3.317554 0.037038 2.695952 0.508866 0.480249 2.086829 0.590726 10.322812 -0.526802 -0.680832 0.614609 4.272605
1 52.190784 -8.517713 -0.848925 -0.100930 -1.910952 -1.507857 3.317554 0.037038 2.695952 0.508866 0.480249 2.086829 0.590726 10.322812 -0.526802 -0.680832 0.614609 4.272605
1 52.190784 -8.517713 -0.848925 -0.100930 -1.910952 -1.507857 3.317554 0.037038 2.695952 0.508866 0.480249 2.086829 0.590726 10.322812 -0.526802 -0.680832 0.614609 4.272605
1 52.190784 -8.517713 -0.848925 -0.100930 -1.910952 -1.507857 3.317554 0.037038 2.695952 0.508866 0.480249 2.086829 0.590726 10.322812 -0.526802 -0.680832 0.614609 4.272605
1 52.190784 -8.517713 -0.848925 -0.100930 -1.910952 -1.507857 3.317554 0.037038 2.695952 0.508866 0.480249 2.086829 0.590726 10.322812 -0.526802 -0.680832 0.614609 4.272605
1 52.190784 -8.517713 -0.848925 -0.100930 -1.910952 -1.507857 3.317554 0.037038 2.695952 0.508866 0.480249 2.086829 0.590726 10.322812 -0.526802 -0.680832 0.614609 4.272605
1 52.190784 -8.517713 -0.848925 -0.100930 -1.910952 -1.507857 3.317554 0.037038 2.695952 0.508866 0.480249 2.086829 0.590726 10.322812 -0.526802 -0.680832 0.614609 4.272605
1 52.190784 -8.517713 -0.848925 -0.100930 -1.910952 -1.507857 3.317554 0.037038 2.695952 0.508866 0.480249 2.086829 0.590726 10.322812 -0.526802 -0.680832 0.614609 4.272605
1 52.190784 -8.517713 -0.848925 -0.100930 -1.910952 -1.507857 3.317554 0.037038 2.695952 0.508866 0.480249 2.086829 0.590726 10.322812 -0.526802 -0.680832 0.614609 4.272605
1 52.190784 -8.517713 -0.848925 -0.100930 -1.910952 -1.507857 3.317554 0.037038 2.695952 0.508866 0.480249 2.086829 0.590726 10.322812 -0.526802 -0.680832 0.614609 4.272605
1 52.190784 -8.517713 -0.848925 -0.100930 -1.910952 -1.507857 3.317554 0.037038 2.695952 0.508866 0.480249 2.086829 0.590726 10.322812 -0.526802 -0.680832 0.614609 4.272605
1 52.190784 -8.517713 -0.848925 -0.100930 -1.910952 -1.507857 3.317554 0.037038 2.695952 0.508866 0.480249 2.086829 0.590726 10.322812 -0.526802 -0.680832 0.614609 4.272605
1 52.190784 -8.517713 -0.848925 -0.100930 -1.910952 -1.507857 3.317554 0.037038 2.695952 0.508866 0.480249 2.086829 0.590726 10.322812 -0.526802 -0.680832 0.614609 4.272605
1 52.190784 -8.517713 -0.848925 -0.100930 -1.910952 -1.507857 3.317554 0.037038 2.695952 0.508866 0.480249 2.086829 0.590726 10.322812 -0.526802 -0.680832 0.614609 4.272605
1 52.190784 -8.517713 -0.848925 -0.100930 -1.910952 -1.507857 3.317554 0.037038 2.695952 0.508866 0.480249 2.086829 0.590726 10.322812 -0.526802 -0.680832 0.614609 4.272605
1 52.190784 -8.517713 -0.848925 -0.100930 -1.910952 -1.507857 3.317554 0.037038 2.695952 0.508866 0.480249 2.086829 0.590726 10.322812 -0.526802 -0.680832 0.614609 4.272605
1 52.190784 -8.517713 -0.848925 -0.100930 -1.910952 -1.507857 3.317554 0.037038 2.695952 0.508866 0.480249 2.086829 0.590726 10.322812 -0.526802 -0.680832 0.614609 4.272605
1 52.190784 -8.517713 -0.848925 -0.100930 -1.910952 -1.507857 3.317554 0.037038 2.695952 0.508866 0.480249 2.086829 0.590726 10.322812 -0.526802 -0.680832 0.614609 4.272605
1 52.190784 -8.517713 -0.848925 -0.100930 -1.910952 -1.507857 3.317554 0.037038 2.695952 0.508866 0.480249 2.086829 0.590726 10.322812 -0.526802 -0.680832 0.614609 4.272605
1 52.190784 -8.517713 -0.848925 -0.100930 -1.910952 -1.507857 3.317554 0.037038 2.695952 0.508866 0.480249 2.086829 0.590726 10.322812 -0.526802 -0.680832 0.614609 4.272605
1 52.190784 -8.517713 -0.848925 -0.100930 -1.910952 -1.507857 3.317554 0.037038 2.695952 0.508866 0.480249 2.086829 0.590726 10.322812 -0.526802 -0.680832 0.614609 4.272605
1 52.190784 -8.517713 -0.848925 -0.100930 -1.910952 -1.507857 3.317554 0.037038 2.695952 0.508866 0.480249 2.086829 0.590726 10.322812 -0.526802 -0.680832 0.614609 4.272605
1 52.190784 -8.517713 -0.848925 -0.100930 -1.910952 -1.507857 3.317554 0.037038 2.695952 0.508866 0.480249 2.086829 0.590726 10.322812 -0.526802 -0.680832 0.614609 4.272605
1 52.190784 -8.517713 -0.848925 -0.100930 -1.910952 -1.507857 3.317554 0.037038 2.695952 0.508866 0.480249 2.086829 0.590726 10.322812 -0.526802 -0.680832 0.614609 4.272605
1 52.190784 -8.517713 -0.848925 -0.100930 -1.910952 -1.507857 3.317554 0.037038 2.695952 0.508866 0.480249 2.086829 0.590726 10.322812 -0.526802 -0.680832 0.614609 4.272605
1 52.190784 -8.517713 -0.848925 -0.100930 -1.910952 -1.507857 3.317554 0.037038 2.695952 0.508866 0.480249 2.086829 0.590726 10.322812 -0.526802 -0.680832 0.614609 4.272605
1 52.190784 -8.517713 -0.848925 -0.100930 -1.910952 -1.507857 3.317554 0.037038 2.695952 0.508866 0.480249 2.086829 0.590726 10.322812 -0.526802 -0.680832 0.614609 4.272605
1 52.190784 -8.517713 -0.848925 -0.100930 -1.910952 -1.507857 3.317554 0.037038 2.695952 0.508866 0.480249 2.086829 0.590726 10.322812 -0.526802 -0.680832 0.614609 4.272605
1 52.190784 -8.517713 -0.848925 -0.100930 -1.910952 -1.507857 3.317554 0.037038 2.695952 0.508866 0.480249 2.086829 0.590726 10.322812 -0.526802 -0.680832 0.614609 4.272605
1 52.190784 -8.517713 -0.848925 -0.100930 -1.910952 -1.507857 3.317554 0.037038 2.695952 0.508866 0.480249 2.086829 0.590726 10.322812 -0.526802 -0.680832 0.614609 4.272605
1 52.190784 -8.517713 -0.848925 -0.100930 -1.910952 -1.507857 3.317554 0.037038 2.695952 0.508866 0.480249 2.086829 0.590726 10.322812 -0.526802 -0.680832 0.614609 4.272605
1 52.190784 -8.517713 -0.848925 -0.100930 -1.910952 -1.507857 3.317554 0.037038 2.695952 0.508866 0.480249 2.086829 0.590726 10.322812 -0.526802 -0.680832 0.614609 4.272605
1 52.190784 -8.517713 -0.848925 -0.100930 -1.910952 -1.507857 3.317554 0.037038 2.695952 0.508866 0.480249 2.086829 0.590726 10.322812 -0.526802 -0.680832 0.614609 4.272605
1 52.190784 -8.517713 -0.848925 -0.100930 -1.910952 -1.507857 3.317554 0.037038 2.695952 0.508866 0.480249 2.086829 0.590726 10.322812 -0.526802 -0.680832 0.614609 4.272605
1 52.190784 -8.517713 -0.848925 -0.100930 -1.910952 -1.507857 3.317554 0.037038 2.695952 0.508866 0.480249 2.086829 0.590726 10.322812 -0.526802 -0.680832 0.614609 4.272605
1 52.190784 -8.517713 -0.848925 -0.100930 -1.910952 -1.507857 3.317554 0.037038 2.695952 0.508866 0.480249 2.086829 0.590726 10.322812 -0.526802 -0.680832 0.614609 4.272605
1 52.190784 -8.517713 -0.848925 -0.100930 -1.910952 -1.507857 3.317554 0.037038 2.695952 0.508866 0.480249 2.086829 0.590726 10.322812 -0.526802 -0.680832 0.614609 4.272605
1 52.190784 -8.517713 -0.848925 -0.100930 -1.910952 -1.507857 3.317554 0.037038 2.695952 0.508866 0.480249 2.086829 0.590726 10.322812 -0.526802 -0.680832 0.614609 4.272605
1 52.190784 -8.517713 -0.848925 -0.100930 -1.910952 -1.507857 3.317554 0.037038 2.695952 0.508866 0.480249 2.086829 0.590726 10.322812 -0.526802 -0.680832 0.614609 4.272605
1 52.190784 -8.517713 -0.848925 -0.100930 -1.910952 -1.507857 3.317554 0.037038 2.695952 0.508866 0.480249 2.086829 0.590726 10.322812 -0.526802 -0.680832 0.614609 4.272605
1 52.190784 -8.517713 -0.848925 -0.100930 -1.910952 -1.507857 3.317554 0.037038 2.695952 0.508866 0.480249 2.086829 0.590726 10.322812 -0.526802 -0.680832 0.614609 4.272605
1 52.190784 -8.517713 -0.848925 -0.100930 -1.910952 -1.507857 3.317554 0.037038 2.695952 0.508866 0.480249 2.086829 0.590726 10.322812 -0.526802 -0.680832 0.614609 4.272605
1 52.190784 -8.517713 -0.848925 -0.100930 -1.910952 -1.507857 3.317554 0.037038 2.695952 0.508866 0.480249 2.086829 0.590726 10.322812 -0.526802 -0.680832 0.614609 4.272605
1 52.190784 -8.517713 -0.848925 -0.100930 -1.910952 -1.507857 3.317554 0.037038 2.695952 0.508866 0.480249 2.086829 0.590726 10.322812 -0.526802 -0.680832 0.614609 4.272605
1 52.190784 -8.517713 -0.848925 -0.100930 -1.910952 -1.507857 3.317554 0.037038 2.695952 0.508866 0.480249 2.086829 0.590726 10.322812 -0.526802 -0.680832 0.614609 4.272605
1 52.190784 -8.517713 -0.848925 -0.100930 -1.910952 -1.507857 3.317554 0.037038 2.695952 0.508866 0.480249 2.086829 0.590726 10.322812 -0.526802 -0.680832 0.614609 4.272605
1 52.190784 -8.517713 -0.848925 -0.100930 -1.910952 -1.507857 3.317554 0.037038 2.695952 0.508866 0.480249 2.086829 0.590726 10.322812 -0.526802 -0.680832 0.614609 4.272605
1 52.190784 -8.517713 -0.848925 -0.100930 -1.910952 -1.507857 3.317554 0.037038 2.695952 0.508866 0.480249 2.086829 0.590726 10.322812 -0.526802 -0.680832 0.614609 4.272605
1 52.190784 -8.517713 -0.848925 -0.100930 -1.910952 -1.507857 3.317554 0.037038 2.695952 0.508866 0.480249 2.086829 0.590726 10.322812 -0.526802 -0.680832 0.614609 4.272605
1 52.190784 -8.517713 -0.848925 -0.100930 -1.910952 -1.507857 3.317554 0.037038 2.695952 0.508866 0.480249 2.086829 0.590726 10.322812 -0.526802 -0.680832 0.614609 4.272605
1 52.190784 -8.517713 -0.848925 -0.100930 -1.910952 -1.507857 3.317554 0.037038 2.695952 0.508866 0.480249 2.086829 0.590726 10.322812 -0.526802 -0.680832 0.614609 4.272605
1 52.190784 -8.517713 -0.848925 -0.100930 -1.910952 -1.507857 3.317554 0.037038 2.695952 0.508866 0.480249 2.086829 0.590726 10.322812 -0.526802 -0.680832 0.614609 4.272605
1 52.190784 -8.517713 -0.848925 -0.100930 -1.910952 -1.507857 3.317554 0.037038 2.695952 0.508866 0.480249 2.086829 0.590726 10.322812 -0.526802 -0.680832 0.614609 4.272605
1 52.190784 -8.517713 -0.848925 -0.100930 -1.910952 -1.507857 3.317554 0.037038 2.695952 0.508866 0.480249 2.086829 0.590726 10.322812 -0.526802 -0.680832 0.614609 4.272605
1 52.190784 -8.517713 -0.848925 -0.100930 -1.910952 -1.507857 3.317554 0.037038 2.695952 0.508866 0.480249 2.086829 0.590726 10.322812 -0.526802 -0.680832 0.614609 4.272605
1 52.190784 -8.517713 -0.848925 -0.100930 -1.910952 -1.507857 3.317554 0.037038 2.695952 0.508866 0.480249 2.086829 0.590726 10.322812 -0.526802 -0.680832 0.614609 4.272605
1 52.190784 -8.517713 -0.848925 -0.100930 -1.910952 -1.507857 3.317554 0.037038 2.695952 0.508866 0.480249 2.086829 0.590726 10.322812 -0.526802 -0.680832 0.614609 4.272605
1 52.190784 -8.517713 -0.848925 -0.100930 -1.910952 -1.507857 3.317554 0.037038 2.695952 0.508866 0.480249 2.086829 0.590726 10.322812 -0.526802 -0.680832 0.614609 4.272605
1 52.190784 -8.517713 -0.848925 -0.100930 -1.910952 -1.507857 3.317554 0.037038 2.695952 0.508866 0.480249 2.086829 0.590726 10.322812 -0.526802 -0.680832 0.614609 4.272605
1 52.190784 -8.517713 -0.848925 -0.100930 -1.910952 -1.507857 3.317554 0.037038 2.695952 0.508866 0.480249 2.086829 0.590726 10.322812 -0.526802 -0.680832 0.614609 4.272605
1 52.190784 -8.517713 -0.848925 -0.100930 -1.910952 -1.507857 3.317554 0.037038 2.695952 0.508866 0.480249 2.086829 0.590726 10.322812 -0.526802 -0.680832 0.614609 4.272605
1 52.190784 -8.517713 -0.848925 -0.100930 -1.910952 -1.507857 3.317554 0.037038 2.695952 0.508866 0.480249 2.086829 0.590726 10.322812 -0.526802 -0.680832 0.614609 4.272605
1 52.190784 -8.517713 -0.848925 -0.100930 -1.910952 -1.507857 3.317554 0.037038 2.695952 0.508866 0.480249 2.086829 0.590726 10.322812 -0.526802 -0.680832 0.614609 4.272605
1 52.190784 -8.517713 -0.848925 -0.100930 -1.910952 -1.507857 3.317554 0.037038 2.695952 0.508866 0.480249 2.086829 0.590726 10.322812 -0.526802 -0.680832 0.614609 4.272605
1 52.190784 -8.517713 -0.848925 -0.100930 -1.910952 -1.507857 3.317554 0.037038 2.695952 0.508866 0.480249 2.086829 0.590726 10.322812 -0.526802 -0.680832 0.614609 4.272605
1 52.190784 -8.517713 -0.848925 -0.100930 -1.910952 -1.507857 3.317554 0.037038 2.695952 0.508866 0.480249 2.086829 0.590726 10.322812 -0.526802 -0.680832 0.614609 4.272605
1 52.190784 -8.517713 -0.848925 -0.100930 -1.910952 -1.507857 3.317554 0.037038 2.695952 0.508866 0.480249 2.086829 0.590726 10.322812 -0.526802 -0.680832 0.614609 4.272605
1 52.190784 -8.517713 -0.848925 -0.100930 -1.910952 -1.507857 3.317554 0.037038 2.695952 0.508866 0.480249 2.086829 0.590726 10.322812 -0.526802 -0.680832 0.614609 4.272605
1 52.190784 -8.517713 -0.848925 -0.100930 -1.910952 -1.507857 3.317554 0.037038 2.695952 0.508866 0.480249 2.086829 0.590726 10.322812 -0.526802 -0.680832 0.614609 4.272605
1 52.190784 -8.517713 -0.848925 -0.100930 -1.910952 -1.507857 3.317554 0.037038 2.695952 0.508866 0.480249 2.086829 0.590726 10.322812 -0.526802 -0.680832 0.614609 4.272605
1 52.190784 -8.517713 -0.848925 -0.100930 -1.910952 -1.507857 3.317554 0.037038 2.695952 0.508866 0.480249 2.086829 0.590726 10.322812 -0.526802 -0.680832 0.614609 4.272605
1 52.190784 -8.517713 -0.848925 -0.100930 -1.910952 -1.507857 3.317554 0.037038 2.695952 0.508866 0.480249 2.086829 0.590726 10.322812 -0.526802 -0.680832 0.614609 4.272605
1 52.190784 -8.517713 -0.848925 -0.100930 -1.910952 -1.507857 3.317554 0.037038 2.695952 0.508866 0.480249 2.086829 0.590726 10.322812 -0.526802 -0.680832 0.614609 4.272605
1 52.190784 -8.517713 -0.848925 -0.100930 -1.910952 -1.507857 3.317554 0.037038 2.695952 0.508866 0.480249 2.086829 0.590726 10.322812 -0.526802 -0.680832 0.614609 4.272605
1 52.190784 -8.517713 -0.848925 -0.100930 -1.910952 -1.507857 3.317554 0.037038 2.695952 0.508866 0.480249 2.086829 0.590726 10.322812 -0.526802 -0.680832 0.614609 4.272605
1 52.190784 -8.517713 -0.848925 -0.100930 -1.910952 -1.507857 3.317554 0.037038 2.695952 0.508866 0.480249 2.086829 0.590726 10.322812 -0.526802 -0.680832 0.614609 4.272605
1 52.190784 -8.517713 -0.848925 -0.100930 -1.910952 -1.507857 3.317554 0.037038 2.695952 0.508866 0.480249 2.086829 0.590726 10.322812 -0.526802 -0.680832 0.614609 4.272605
1 52.190784 -8.517713 -0.848925 -0.100930 -1.910952 -1.507857 3.317554 0.037038 2.695952 0.508866 0.480249 2.086829 0.590726 10.322812 -0.526802 -0.680832 0.614609 4.272605
1 52.190784 -8.517713 -0.848925 -0.100930 -1.910952 -1.507857 3.317554 0.037038 2.695952 0.508866 0.480249 2.086829 0.590726 10.322812 -0.526802 -0.680832 0.614609 4.272605
1 52.190784 -8.517713 -0.848925 -0.100930 -1.910952 -1.507857 3.317554 0.037038 2.695952 0.508866 0.480249 2.086829 0.590726 10.322812 -0.526802 -0.680832 0.614609 4.272605
1 52.190784 -8.517713 -0.848925 -0.100930 -1.910952 -1.507857 3.317554 0.037038 2.695952 0.508866 0.480249 2.086829 0.590726 10.322812 -0.526802 -0.680832 0.614609 4.272605
1 52.190784 -8.517713 -0.848925 -0.100930 -1.910952 -1.507857 3.317554 0.037038 2.695952 0.508866 0.480249 2.086829 0.590726 10.322812 -0.526802 -0.680832 0.614609 4.272605
1 52.190784 -8.517713 -0.848925 -0.100930 -1.910952 -1.507857 3.317554 0.037038 2.695952 0.508866 0.480249 2.086829 0.590726 10.322812 -0.526802 -0.680832 0.614609 4.272605
1 52.190784 -8.517713 -0.848925 -0.100930 -1.910952 -1.507857 3.317554 0.037038 2.695952 0.508866 0.480249 2.086829 0.590726 10.322812 -0.526802 -0.680832 0.614609 4.272605
1 52.190784 -8.517713 -0.848925 -0.100930 -1.910952 -1.507857 3.317554 0.037038 2.695952 0.508866 0.480249 2.086829 0.590726 10.322812 -0.526802 -0.680832 0.614609 4.272605
1 52.190784 -8.517713 -0.848925 -0.100930 -1.910952 -1.507857 3.317554 0.037038 2.695952 0.508866 0.480249 2.086829 0.590726 10.322812 -0.526802 -0.680832 0.614609 4.272605
1 52.190784 -8.517713 -0.848925 -0.100930 -1.910952 -1.507857 3.317554 0.037038 2.695952 0.508866 0.480249 2.086829 0.590726 10.322812 -0.526802 -0.680832 0.614609 4.272605
1 52.190784 -8.517713 -0.848925 -0.100930 -1.910952 -1.507857 3.317554 0.037038 2.695952 0.508866 0.480249 2.086829 0.590726 10.322812 -0.526802 -0.680832 0.614609 4.272605
1 52.190784 -8.517713 -0.848925 -0.100930 -1.910952 -1.507857 3.317554 0.037038 2.695952 0.508866 0.480249 2.086829 0.590726 10.322812 -0.526802 -0.680832 0.614609 4.272605
1 52.190784 -8.517713 -0.848925 -0.100930 -1.910952 -1.507857 3.317554 0.037038 2.695952 0.508866 0.480249 2.086829 0.590726 10.322812 -0.526802 -0.680832 0.614609 4.272605
1 52.190784 -8.517713 -0.848925 -0.100930 -1.910952 -1.507857 3.317554 0.037038 2.695952 0.508866 0.480249 2.086829 0.590726 10.322812 -0.526802 -0.680832 0.614609 4.272605
1 52.190784 -8.517713 -0.848925 -0.100930 -1.910952 -1.507857 3.317554 0.037038 2.695952 0.508866 0.480249 2.086829 0.590726 10.322812 -0.526802 -0.680832 0.614609 4.272605
1 52.190784 -8.517713 -0.848925 -0.100930 -1.910952 -1.507857 3.317554 0.037038 2.695952 0.508866 0.480249 2.086829 0.590726 10.322812 -0.526802 -0.680832 0.614609 4.272605
1 52.190784 -8.517713 -0.848925 -0.100930 -1.910952 -1.507857 3.317554 0.037038 2.695952 0.508866 0.480249 2.086829 0.590726 10.322812 -0.526802 -0.680832 0.614609 4.272605
1 52.190784 -8.517713 -0.848925 -0.100930 -1.910952 -1.507857 3.317554 0.037038 2.695952 0.508866 0.480249 2.086829 0.590726 10.322812 -0.526802 -0.680832 0.614609 4.272605
1 52.190784 -8.517713 -0.848925 -0.100930 -1.910952 -1.507857 3.317554 0.037038 2.695952 0.508866 0.480249 2.086829 0.590726 10.322812 -0.526802 -0.680832 0.614609 4.272605
1 52.190784 -8.517713 -0.848925 -0.100930 -1.910952 -1.507857 3.317554 0.037038 2.695952 0.508866 0.480249 2.086829 0.590726 10.322812 -0.526802 -0.680832 0.614609 4.272605
1 52.190784 -8.517713 -0.848925 -0.100930 -1.910952 -1.507857 3.317554 0.037038 2.695952 0.508866 0.480249 2.086829 0.590726 10.322812 -0.526802 -0.680832 0.614609 4.272605
1 52.190784 -8.517713 -0.848925 -0.100930 -1.910952 -1.507857 3.317554 0.037038 2.695952 0.508866 0.480249 2.086829 0.590726 10.322812 -0.526802 -0.680832 0.614609 4.272605
1 52.190784 -8.517713 -0.848925 -0.100930 -1.910952 -1.507857 3.317554 0.037038 2.695952 0.508866 0.480249 2.086829 0.590726 10.322812 -0.526802 -0.680832 0.614609 4.272605
1 52.190784 -8.517713 -0.848925 -0.100930 -1.910952 -1.507857 3.317554 0.037038 2.695952 0.508866 0.480249 2.086829 0.590726 10.322812 -0.526802 -0.680832 0.614609 4.272605
1 52.190784 -8.517713 -0.848925 -0.100930 -1.910952 -1.507857 3.317554 0.037038 2.695952 0.508866 0.480249 2.086829 0.590726 10.322812 -0.526802 -0.680832 0.614609 4.272605
1 52.190784 -8.517713 -0.848925 -0.100930 -1.910952 -1.507857 3.317554 0.037038 2.695952 0.508866 0.480249 2.086829 0.590726 10.322812 -0.526802 -0.680832 0.614609 4.272605
1 52.190784 -8.517713 -0.848925 -0.100930 -1.910952 -1.507857 3.317554 0.037038 2.695952 0.508866 0.480249 2.086829 0.590726 10.322812 -0.526802 -0.680832 0.614609 4.272605
1 52.190784 -8.517713 -0.848925 -0.100930 -1.910952 -1.507857 3.317554 0.037038 2.695952 0.508866 0.480249 2.086829 0.590726 10.322812 -0.526802 -0.680832 0.614609 4.272605
1 52.190784 -8.517713 -0.848925 -0.100930 -1.910952 -1.507857 3.317554 0.037038 2.695952 0.508866 0.480249 2.086829 0.590726 10.322812 -0.526802 -0.680832 0.614609 4.272605
1 52.190784 -8.517713 -0.848925 -0.100930 -1.910952 -1.507857 3.317554 0.037038 2.695952 0.508866 0.480249 2.086829 0.590726 10.322812 -0.526802 -0.680832 0.614609 4.272605
1 52.190784 -8.517713 -0.848925 -0.100930 -1.910952 -1.507857 3.317554 0.037038 2.695952 0.508866 0.480249 2.086829 0.590726 10.322812 -0.526802 -0.680832 0.614609 4.272605
1 52.190784 -8.517713 -0.848925 -0.100930 -1.910952 -1.507857 3.317554 0.037038 2.695952 0.508866 0.480249 2.086829 0.590726 10.322812 -0.526802 -0.680832 0.614609 4.272605
1 52.190784 -8.517713 -0.848925 -0.100930 -1.910952 -1.507857 3.317554 0.037038 2.695952 0.508866 0.480249 2.086829 0.590726 10.322812 -0.526802 -0.680832 0.614609 4.272605
1 52.190784 -8.517713 -0.848925 -0.100930 -1.910952 -1.507857 3.317554 0.037038 2.695952 0.508866 0.480249 2.086829 0.590726 10.322812 -0.526802 -0.680832 0.614609 4.272605
1 52.190784 -8.517713 -0.848925 -0.100930 -1.910952 -1.507857 3.317554 0.037038 2.695952 0.508866 0.480249 2.086829 0.590726 10.322812 -0.526802 -0.680832 0.614609 4.272605
1 52.190784 -8.517713 -0.848925 -0.100930 -1.910952 -1.507857 3.317554 0.037038 2.695952 0.508866 0.480249 2.086829 0.590726 10.322812 -0.526802 -0.680832 0.614609 4.272605
1 52.190784 -8.517713 -0.848925 -0.100930 -1.910952 -1.507857 3.317554 0.037038 2.695952 0.508866 0.480249 2.086829 0.590726 10.322812 -0.526802 -0.680832 0.614609 4.272605
1 52.190784 -8.517713 -0.848925 -0.100930 -1.910952 -1.507857 3.317554 0.037038 2.695952 0.508866 0.480249 2.086829 0.590726 10.322812 -0.526802 -0.680832 0.614609 4.272605
1 52.190784 -8.517713 -0.848925 -0.100930 -1.910952 -1.507857 3.317554 0.037038 2.695952 0.508866 0.480249 2.086829 0.590726 10.322812 -0.526802 -0.680832 0.614609 4.272605
1 52.190784 -8.517713 -0.848925 -0.100930 -1.910952 -1.507857 3.317554 0.037038 2.695952 0.508866 0.480249 2.086829 0.590726 10.322812 -0.526802 -0.680832 0.614609 4.272605
1 52.190784 -8.517713 -0.848925 -0.100930 -1.910952 -1.507857 3.317554 0.037038 2.695952 0.508866 0.480249 2.086829 0.590726 10.322812 -0.526802 -0.680832 0.614609 4.272605
1 52.190784 -8.517713 -0.848925 -0.100930 -1.910952 -1.507857 3.317554 0.037038 2.695952 0.508866 0.480249 2.086829 0.590726 10.322812 -0.526802 -0.680832 0.614609 4.272605
1 52.190784 -8.517713 -0.848925 -0.100930 -1.910952 -1.507857 3.317554 0.037038 2.695952 0.508866 0.480249 2.086829 0.590726 10.322812 -0.526802 -0.680832 0.614609 4.272605
1 52.190784 -8.517713 -0.848925 -0.100930 -1.910952 -1.507857 3.317554 0.037038 2.695952 0.508866 0.480249 2.086829 0.590726 10.322812 -0.526802 -0.680832 0.614609 4.272605
1 52.190784 -8.517713 -0.848925 -0.100930 -1.910952 -1.507857 3.317554 0.037038 2.695952 0.508866 0.480249 2.086829 0.590726 10.322812 -0.526802 -0.680832 0.614609 4.272605
1 52.190784 -8.517713 -0.848925 -0.100930 -1.910952 -1.507857 3.317554 0.037038 2.695952 0.508866 0.480249 2.086829 0.590726 10.322812 -0.526802 -0.680832 0.614609 4.272605
1 52.190784 -8.517713 -0.848925 -0.100930 -1.910952 -1.507857 3.317554 0.037038 2.695952 0.508866 0.480249 2.086829 0.590726 10.322812 -0.526802 -0.680832 0.614609 4.272605
1 52.190784 -8.517713 -0.848925 -0.100930 -1.910952 -1.507857 3.317554 0.037038 2.695952 0.508866 0.480249 2.086829 0.590726 10.322812 -0.526802 -0.680832 0.614609 4.272605
1 52.190784 -8.517713 -0.848925 -0.100930 -1.910952 -1.507857 3.317554 0.037038 2.695952 0.508866 0.480249 2.086829 0.590726 10.322812 -0.526802 -0.680832 0.614609 4.272605
1 52.190784 -8.517713 -0.848925 -0.100930 -1.910952 -1.507857 3.317554 0.037038 2.695952 0.508866 0.480249 2.086829 0.590726 10.322812 -0.526802 -0.680832 0.614609 4.272605
1 52.190784 -8.517713 -0.848925 -0.100930 -1.910952 -1.507857 3.317554 0.037038 2.695952 0.508866 0.480249 2.086829 0.590726 10.322812 -0.526802 -0.680832 0.614609 4.272605
1 52.190784 -8.517713 -0.848925 -0.100930 -1.910952 -1.507857 3.317554 0.037038 2.695952 0.508866 0.480249 2.086829 0.590726 10.322812 -0.526802 -0.680832 0.614609 4.272605
1 52.190784 -8.517713 -0.848925 -0.100930 -1.910952 -1.507857 3.317554 0.037038 2.695952 0.508866 0.480249 2.086829 0.590726 10.322812 -0.526802 -0.680832 0.614609 4.272605
1 52.190784 -8.517713 -0.848925 -0.100930 -1.910952 -1.507857 3.317554 0.037038 2.695952 0.508866 0.480249 2.086829 0.590726 10.322812 -0.526802 -0.680832 0.614609 4.272605
1 52.190784 -8.517713 -0.848925 -0.100930 -1.910952 -1.507857 3.317554 0.037038 2.695952 0.508866 0.480249 2.086829 0.590726 10.322812 -0.526802 -0.680832 0.614609 4.272605
1 52.190784 -8.517713 -0.848925 -0.100930 -1.910952 -1.507857 3.317554 0.037038 2.695952 0.508866 0.480249 2.086829 0.590726 10.322812 -0.526802 -0.680832 0.614609 4.272605
1 52.190784 -8.517713 -0.848925 -0.100930 -1.910952 -1.507857 3.317554 0.037038 2.695952 0.508866 0.480249 2.086829 0.590726 10.322812 -0.526802 -0.680832 0.614609 4.272605
1 52.190784 -8.517713 -0.848925 -0.100930 -1.910952 -1.507857 3.317554 0.037038 2.695952 0.508866 0.480249 2.086829 0.590726 10.322812 -0.526802 -0.680832 0.614609 4.272605
1 52.190784 -8.517713 -0.848925 -0.100930 -1.910952 -1.507857 3.317554 0.037038 2.695952 0.508866 0.480249 2.086829 0.590726 10.322812 -0.526802 -0.680832 0.614609 4.272605
1 52.190784 -8.517713 -0.848925 -0.100930 -1.910952 -1.507857 3.317554 0.037038 2.695952 0.508866 0.480249 2.086829 0.590726 10.322812 -0.526802 -0.680832 0.614609 4.272605
1 52.190784 -8.517713 -0.848925 -0.100930 -1.910952 -1.507857 3.317554 0.037038 2.695952 0.508866 0.480249 2.086829 0.590726 10.322812 -0.526802 -0.680832 0.614609 4.272605
1 52.190784 -8.517713 -0.848925 -0.100930 -1.910952 -1.507857 3.317554 0.037038 2.695952 0.508866 0.480249 2.086829 0.590726 10.322812 -0.526802 -0.680832 0.614609 4.272605
1 52.190784 -8.517713 -0.848925 -0.100930 -1.910952 -1.507857 3.317554 0.037038 2.695952 0.508866 0.480249 2.086829 0.590726 10.322812 -0.526802 -0.680832 0.614609 4.272605
1 52.190784 -8.517713 -0.848925 -0.100930 -1.910952 -1.507857 3.317554 0.037038 2.695952 0.508866 0.480249 2.086829 0.590726 10.322812 -0.526802 -0.680832 0.614609 4.272605
1 52.190784 -8.517713 -0.848925 -0.100930 -1.910952 -1.507857 3.317554 0.037038 2.695952 0.508866 0.480249 2.086829 0.590726 10.322812 -0.526802 -0.680832 0.614609 4.272605
1 52.190784 -8.517713 -0.848925 -0.100930 -1.910952 -1.507857 3.317554 0.037038 2.695952 0.508866 0.480249 2.086829 0.590726 10.322812 -0.526802 -0.680832 0.614609 4.272605
1 52.190784 -8.517713 -0.848925 -0.100930 -1.910952 -1.507857 3.317554 0.037038 2.695952 0.508866 0.480249 2.086829 0.590726 10.322812 -0.526802 -0.680832 0.614609 4.272605
1 52.190784 -8.517713 -0.848925 -0.100930 -1.910952 -1.507857 3.317554 0.037038 2.695952 0.508866 0.480249 2.086829 0.590726 10.322812 -0.526802 -0.680832 0.614609 4.272605
1 52.190784 -8.517713 -0.848925 -0.100930 -1.910952 -1.507857 3.317554 0.037038 2.695952 0.508866 0.480249 2.086829 0.590726 10.322812 -0.526802 -0.680832 0.614609 4.272605
1 52.190784 -8.517713 -0.848925 -0.100930 -1.910952 -1.507857 3.317554 0.037038 2.695952 0.508866 0.480249 2.086829 0.590726 10.322812 -0.526802 -0.680832 0.614609 4.272605
1 52.190784 -8.517713 -0.848925 -0.100930 -1.910952 -1.507857 3.317554 0.037038 2.695952 0.508866 0.480249 2.086829 0.590726 10.322812 -0.526802 -0.680832 0.614609 4.272605
1 52.190784 -8.517713 -0.848925 -0.100930 -1.910952 -1.507857 3.317554 0.037038 2.695952 0.508866 0.480249 2.086829 0.590726 10.322812 -0.526802 -0.680832 0.614609 4.272605
1 52.190784 -8.517713 -0.848925 -0.100930 -1.910952 -1.507857 3.317554 0.037038 2.695952 0.508866 0.480249 2.086829 0.590726 10.322812 -0.526802 -0.680832 0.614609 4.272605
1 52.190784 -8.517713 -0.848925 -0.100930 -1.910952 -1.507857 3.317554 0.037038 2.695952 0.508866 0.480249 2.086829 0.590726 10.322812 -0.526802 -0.680832 0.614609 4.272605
1 52.190784 -8.517713 -0.848925 -0.100930 -1.910952 -1.507857 3.317554 0.037038 2.695952 0.508866 0.480249 2.086829 0.590726 10.322812 -0.526802 -0.680832 0.614609 4.272605
1 52.190784 -8.517713 -0.848925 -0.100930 -1.910952 -1.507857 3.317554 0.037038 2.695952 0.508866 0.480249 2.086829 0.590726 10.322812 -0.526802 -0.680832 0.614609 4.272605
1 52.190784 -8.517713 -0.848925 -0.100930 -1.910952 -1.507857 3.317554 0.037038 2.695952 0.508866 0.480249 2.086829 0.590726 10.322812 -0.526802 -0.680832 0.614609 4.272605
1 52.190784 -8.517713 -0.848925 -0.100930 -1.910952 -1.507857 3.317554 0.037038 2.695952 0.508866 0.480249 2.086829 0.590726 10.322812 -0.526802 -0.680832 0.614609 4.272605
1 52.190784 -8.517713 -0.848925 -0.100930 -1.910952 -1.507857 3.317554 0.037038 2.695952 0.508866 0.480249 2.086829 0.590726 10.322812 -0.526802 -0.680832 0.614609 4.272605
1 52.190784 -8.517713 -0.848925 -0.100930 -1.910952 -1.507857 3.317554 0.037038 2.695952 0.508866 0.480249 2.086829 0.590726 10.322812 -0.526802 -0.680832 0.614609 4.272605
1 52.190784 -8.517713 -0.848925 -0.100930 -1.910952 -1.507857 3.317554 0.037038 2.695952 0.508866 0.480249 2.086829 0.590726 10.322812 -0.526802 -0.680832 0.614609 4.272605
1 52.190784 -8.517713 -0.848925 -0.100930 -1.910952 -1.507857 3.317554 0.037038 2.695952 0.508866 0.480249 2.086829 0.590726 10.322812 -0.526802 -0.680832 0.614609 4.272605
1 52.190784 -8.517713 -0.848925 -0.100930 -1.910952 -1.507857 3.317554 0.037038 2.695952 0.508866 0.480249 2.086829 0.590726 10.322812 -0.526802 -0.680832 0.614609 4.272605
1 52.190784 -8.517713 -0.848925 -0.100930 -1.910952 -1.507857 3.317554 0.037038 2.695952 0.508866 0.480249 2.086829 0.590726 10.322812 -0.526802 -0.680832 0.614609 4.272605
1 52.190784 -8.517713 -0.848925 -0.100930 -1.910952 -1.507857 3.317554 0.037038 2.695952 0.508866 0.480249 2.086829 0.590726 10.322812 -0.526802 -0.680832 0.614609 4.272605
1 52.190784 -8.517713 -0.848925 -0.100930 -1.910952 -1.507857 3.317554 0.037038 2.695952 0.508866 0.480249 2.086829 0.590726 10.322812 -0.526802 -0.680832 0.614609 4.272605
1 52.190784 -8.517713 -0.848925 -0.100930 -1.910952 -1.507857 3.317554 0.037038 2.695952 0.508866 0.480249 2.086829 0.590726 10.322812 -0.526802 -0.680832 0.614609 4.272605
1 52.190784 -8.517713 -0.848925 -0.100930 -1.910952 -1.507857 3.317554 0.037038 2.695952 0.508866 0.480249 2.086829 0.590726 10.322812 -0.526802 -0.680832 0.614609 4.272605
1 52.190784 -8.517713 -0.848925 -0.100930 -1.910952 -1.507857 3.317554 0.037038 2.695952 0.508866 0.480249 2.086829 0.590726 10.322812 -0.526802 -0.680832 0.614609 4.272605
1 52.190784 -8.517713 -0.848925 -0.100930 -1.910952 -1.507857 3.317554 0.037038 2.695952 0.508866 0.480249 2.086829 0.590726 10.322812 -0.526802 -0.680832 0.614609 4.272605
1 52.190784 -8.517713 -0.848925 -0.100930 -1.910952 -1.507857 3.317554 0.037038 2.695952 0.508866 0.480249 2.086829 0.590726 10.322812 -0.526802 -0.680832 0.614609 4.272605
1 52.190784 -8.517713 -0.848925 -0.100930 -1.910952 -1.507857 3.317554 0.037038 2.695952 0.508866 0.480249 2.086829 0.590726 10.322812 -0.526802 -0.680832 0.614609 4.272605
1 52.190784 -8.517713 -0.848925 -0.100930 -1.910952 -1.507857 3.317554 0.037038 2.695952 0.508866 0.480249 2.086829 0.590726 10.322812 -0.526802 -0.680832 0.614609 4.272605
1 52.190784 -8.517713 -0.848925 -0.100930 -1.910952 -1.507857 3.317554 0.037038 2.695952 0.508866 0.480249 2.086829 0.590726 10.322812 -0.526802 -0.680832 0.614609 4.272605
1 52.190784 -8.517713 -0.848925 -0.100930 -1.910952 -1.507857 3.317554 0.037038 2.695952 0.508866 0.480249 2.086829 0.590726 10.322812 -0.526802 -0.680832 0.614609 4.272605
1 52.190784 -8.517713 -0.848925 -0.100930 -1.910952 -1.507857 3.317554 0.037038 2.695952 0.508866 0.480249 2.086829 0.590726 10.322812 -0.526802 -0.680832 0.614609 4.272605
1 52.190784 -8.517713 -0.848925 -0.100930 -1.910952 -1.507857 3.317554 0.037038 2.695952 0.508866 0.480249 2.086829 0.590726 10.322812 -0.526802 -0.680832 0.614609 4.272605
1 52.190784 -8.517713 -0.848925 -0.100930 -1.910952 -1.507857 3.317554 0.037038 2.695952 0.508866 0.480249 2.086829 0.590726 10.322812 -0.526802 -0.680832 0.614609 4.272605
1 52.190784 -8.517713 -0.848925 -0.100930 -1.910952 -1.507857 3.317554 0.037038 2.695952 0.508866 0.480249 2.086829 0.590726 10.322812 -0.526802 -0.680832 0.614609 4.272605
1 52.190784 -8.517713 -0.848925 -0.100930 -1.910952 -1.507857 3.317554 0.037038 2.695952 0.508866 0.480249 2.086829 0.590726 10.322812 -0.526802 -0.680832 0.614609 4.272605
1 52.190784 -8.517713 -0.848925 -0.100930 -1.910952 -1.507857 3.317554 0.037038 2.695952 0.508866 0.480249 2.086829 0.590726 10.322812 -0.526802 -0.680832 0.614609 4.272605
1 52.190784 -8.517713 -0.848925 -0.100930 -1.910952 -1.507857 3.317554 0.037038 2.695952 0.508866 0.480249 2.086829 0.590726 10.322812 -0.526802 -0.680832 0.614609 4.272605
1 52.190784 -8.517713 -0.848925 -0.100930 -1.910952 -1.507857 3.317554 0.037038 2.695952 0.508866 0.480249 2.086829 0.590726 10.322812 -0.526802 -0.680832 0.614609 4.272605
1 52.190784 -8.517713 -0.848925 -0.100930 -1.910952 -1.507857 3.317554 0.037038 2.695952 0.508866 0.480249 2.086829 0.590726 10.322812 -0.526802 -0.680832 0.614609 4.272605
1 52.190784 -8.517713 -0.848925 -0.100930 -1.910952 -1.507857 3.317554 0.037038 2.695952 0.508866 0.480249 2.086829 0.590726 10.322812 -0.526802 -0.680832 0.614609 4.272605
1 52.190784 -8.517713 -0.848925 -0.100930 -1.910952 -1.507857 3.317554 0.037038 2.695952 0.508866 0.480249 2.086829 0.590726 10.322812 -0.526802 -0.680832 0.614609 4.272605
1 52.190784 -8.517713 -0.848925 -0.100930 -1.910952 -1.507857 3.317554 0.037038 2.695952 0.508866 0.480249 2.086829 0.590726 10.322812 -0.526802 -0.680832 0.614609 4.272605
1 52.190784 -8.517713 -0.848925 -0.100930 -1.910952 -1.507857 3.317554 0.037038 2.695952 0.508866 0.480249 2.086829 0.590726 10.322812 -0.526802 -0.680832 0.614609 4.272605
1 52.190784 -8.517713 -0.848925 -0.100930 -1.910952 -1.507857 3.317554 0.037038 2.695952 0.508866 0.480249 2.086829 0.590726 10.322812 -0.526802 -0.680832 0.614609 4.272605
1 52.190784 -8.517713 -0.848925 -0.100930 -1.910952 -1.507857 3.317554 0.037038 2.695952 0.508866 0.480249 2.086829 0.590726 10.322812 -0.526802 -0.680832 0.614609 4.272605
1 52.190784 -8.517713 -0.848925 -0.100930 -1.910952 -1.507857 3.317554 0.037038 2.695952 0.508866 0.480249 2.086829 0.590726 10.322812 -0.526802 -0.680832 0.614609 4.272605
1 52.190784 -8.517713 -0.848925 -0.100930 -1.910952 -1.507857 3.317554 0.037038 2.695952 0.508866 0.480249 2.086829 0.590726 10.322812 -0.526802 -0.680832 0.614609 4.272605
1 52.190784 -8.517713 -0.848925 -0.100930 -1.910952 -1.507857 3.317554 0.037038 2.695952 0.508866 0.480249 2.086829 0.590726 10.322812 -0.526802 -0.680832 0.614609 4.272605
1 52.190784 -8.517713 -0.848925 -0.100930 -1.910952 -1.507857 3.317554 0.037038 2.695952 0.508866 0.480249 2.086829 0.590726 10.322812 -0.526802 -0.680832 0.614609 4.272605
1 52.190784 -8.517713 -0.848925 -0.100930 -1.910952 -1.507857 3.317554 0.037038 2.695952 0.508866 0.480249 2.086829 0.590726 10.322812 -0.526802 -0.680832 0.614609 4.272605
1 52.190784 -8.517713 -0.848925 -0.100930 -1.910952 -1.507857 3.317554 0.037038 2.695952 0.508866 0.480249 2.086829 0.590726 10.322812 -0.526802 -0.680832 0.614609 4.272605
1 52.190784 -8.517713 -0.848925 -0.100930 -1.910952 -1.507857 3.317554 0.037038 2.695952 0.508866 0.480249 2.086829 0.590726 10.322812 -0.526802 -0.680832 0.614609 4.272605
1 52.190784 -8.517713 -0.848925 -0.100930 -1.910952 -1.507857 3.317554 0.037038 2.695952 0.508866 0.480249 2.086829 0.590726 10.322812 -0.526802 -0.680832 0.614609 4.272605
1 52.190784 -8.517713 -0.848925 -0.100930 -1.910952 -1.507857 3.317554 0.037038 2.695952 0.508866 0.480249 2.086829 0.590726 10.322812 -0.526802 -0.680832 0.614609 4.272605
1 52.190784 -8.517713 -0.848925 -0.100930 -1.910952 -1.507857 3.317554 0.037038 2.695952 0.508866 0.480249 2.086829 0.590726 10.322812 -0.526802 -0.680832 0.614609 4.272605
1 52.190784 -8.517713 -0.848925 -0.100930 -1.910952 -1.507857 3.317554 0.037038 2.695952 0.508866 0.480249 2.086829 0.590726 10.322812 -0.526802 -0.680832 0.614609 4.272605
1 52.190784 -8.517713 -0.848925 -0.100930 -1.910952 -1.507857 3.317554 0.037038 2.695952 0.508866 0.480249 2.086829 0.590726 10.322812 -0.526802 -0.680832 0.614609 4.272605
1 52.190784 -8.517713 -0.848925 -0.100930 -1.910952 -1.507857 3.317554 0.037038 2.695952 0.508866 0.480249 2.086829 0.590726 10.322812 -0.526802 -0.680832 0.614609 4.272605
1 52.190784 -8.517713 -0.848925 -0.100930 -1.910952 -1.507857 3.317554 0.037038 2.695952 0.508866 0.480249 2.086829 0.590726 10.322812 -0.526802 -0.680832 0.614609 4.272605
1 52.190784 -8.517713 -0.848925 -0.100930 -1.910952 -1.507857 3.317554 0.037038 2.695952 0.508866 0.480249 2.086829 0.590726 10.322812 -0.526802 -0.680832 0.614609 4.272605
1 52.190784 -8.517713 -0.848925 -0.100930 -1.910952 -1.507857 3.317554 0.037038 2.695952 0.508866 0.480249 2.086829 0.590726 10.322812 -0.526802 -0.680832 0.614609 4.272605
1 52.190784 -8.517713 -0.848925 -0.100930 -1.910952 -1.507857 3.317554 0.037038 2.695952 0.508866 0.480249 2.086829 0.590726 10.322812 -0.526802 -0.680832 0.614609 4.272605
1 52.190784 -8.517713 -0.848925 -0.100930 -1.910952 -1.507857 3.317554 0.037038 2.695952 0.508866 0.480249 2.086829 0.590726 10.322812 -0.526802 -0.680832 0.614609 4.272605
1 52.190784 -8.517713 -0.848925 -0.100930 -1.910952 -1.507857 3.317554 0.037038 2.695952 0.508866 0.480249 2.086829 0.590726 10.322812 -0.526802 -0.680832 0.614609 4.272605
1 52.190784 -8.517713 -0.848925 -0.100930 -1.910952 -1.507857 3.317554 0.037038 2.695952 0.508866 0.480249 2.086829 0.590726 10.322812 -0.526802 -0.680832 0.614609 4.272605
1 52.190784 -8.517713 -0.848925 -0.100930 -1.910952 -1.507857 3.317554 0.037038 2.695952 0.508866 0.480249 2.086829 0.590726 10.322812 -0.526802 -0.680832 0.614609 4.272605
1 52.190784 -8.517713 -0.848925 -0.100930 -1.910952 -1.507857 3.317554 0.037038 2.695952 0.508866 0.480249 2.086829 0.590726 10.322812 -0.526802 -0.680832 0.614609 4.272605
1 52.190784 -8.517713 -0.848925 -0.100930 -1.910952 -1.507857 3.317554 0.037038 2.695952 0.508866 0.480249 2.086829 0.590726 10.322812 -0.526802 -0.680832 0.614609 4.272605
1 52.190784 -8.517713 -0.848925 -0.100930 -1.910952 -1.507857 3.317554 0.037038 2.695952 0.508866 0.480249 2.086829 0.590726 10.322812 -0.526802 -0.680832 0.614609 4.272605
1 52.190784 -8.517713 -0.848925 -0.100930 -1.910952 -1.507857 3.317554 0.037038 2.695952 0.508866 0.480249 2.086829 0.590726 10.322812 -0.526802 -0.680832 0.614609 4.272605
1 52.190784 -8.517713 -0.848925 -0.100930 -1.910952 -1.507857 3.317554 0.037038 2.695952 0.508866 0.480249 2.086829 0.590726 10.322812 -0.526802 -0.680832 0.614609 4.272605
1 52.190784 -8.517713 -0.848925 -0.100930 -1.910952 -1.507857 3.317554 0.037038 2.695952 0.508866 0.480249 2.086829 0.590726 10.322812 -0.526802 -0.680832 0.614609 4.272605
1 52.190784 -8.517713 -0.848925 -0.100930 -1.910952 -1.507857 3.317554 0.037038 2.695952 0.508866 0.480249 2.086829 0.590726 10.322812 -0.526802 -0.680832 0.614609 4.272605
1 52.190784 -8.517713 -0.848925 -0.100930 -1.910952 -1.507857 3.317554 0.037038 2.695952 0.508866 0.480249 2.086829 0.590726 10.322812 -0.526802 -0.680832 0.614609 4.272605
1 52.190784 -8.517713 -0.848925 -0.100930 -1.910952 -1.507857 3.317554 0.037038 2.695952 0.508866 0.480249 2.086829 0.590726 10.322812 -0.526802 -0.680832 0.614609 4.272605
1 52.190784 -8.517713 -0.848925 -0.100930 -1.910952 -1.507857 3.317554 0.037038 2.695952 0.508866 0.480249 2.086829 0.590726 10.322812 -0.526802 -0.680832 0.614609 4.272605
1 52.190784 -8.517713 -0.848925 -0.100930 -1.910952 -1.507857 3.317554 0.037038 2.695952 0.508866 0.480249 2.086829 0.590726 10.322812 -0.526802 -0.680832 0.614609 4.272605
1 52.190784 -8.517713 -0.848925 -0.100930 -1.910952 -1.507857 3.317554 0.037038 2.695952 0.508866 0.480249 2.086829 0.590726 10.322812 -0.526802 -0.680832 0.614609 4.272605
1 52.190784 -8.517713 -0.848925 -0.100930 -1.910952 -1.507857 3.317554 0.037038 2.695952 0.508866 0.480249 2.086829 0.590726 10.322812 -0.526802 -0.680832 0.614609 4.272605
1 52.190784 -8.517713 -0.848925 -0.100930 -1.910952 -1.507857 3.317554 0.037038 2.695952 0.508866 0.480249 2.086829 0.590726 10.322812 -0.526802 -0.680832 0.614609 4.272605
1 52.190784 -8.517713 -0.848925 -0.100930 -1.910952 -1.507857 3.317554 0.037038 2.695952 0.508866 0.480249 2.086829 0.590726 10.322812 -0.526802 -0.680832 0.614609 4.272605
1 52.190784 -8.517713 -0.848925 -0.100930 -1.910952 -1.507857 3.317554 0.037038 2.695952 0.508866 0.480249 2.086829 0.590726 10.322812 -0.526802 -0.680832 0.614609 4.272605
1 52.190784 -8.517713 -0.848925 -0.100930 -1.910952 -1.507857 3.317554 0.037038 2.695952 0.508866 0.480249 2.086829 0.590726 10.322812 -0.526802 -0.680832 0.614609 4.272605
1 52.190784 -8.517713 -0.848925 -0.100930 -1.910952 -1.507857 3.317554 0.037038 2.695952 0.508866 0.480249 2.086829 0.590726 10.322812 -0.526802 -0.680832 0.614609 4.272605
1 52.190784 -8.517713 -0.848925 -0.100930 -1.910952 -1.507857 3.317554 0.037038 2.695952 0.508866 0.480249 2.086829 0.590726 10.322812 -0.526802 -0.680832 0.614609 4.272605
1 52.190784 -8.517713 -0.848925 -0.100930 -1.910952 -1.507857 3.317554 0.037038 2.695952 0.508866 0.480249 2.086829 0.590726 10.322812 -0.526802 -0.680832 0.614609 4.272605
1 52.190784 -8.517713 -0.848925 -0.100930 -1.910952 -1.507857 3.317554 0.037038 2.695952 0.508866 0.480249 2.086829 0.590726 10.322812 -0.526802 -0.680832 0.614609 4.272605
1 52.190784 -8.517713 -0.848925 -0.100930 -1.910952 -1.507857 3.317554 0.037038 2.695952 0.508866 0.480249 2.086829 0.590726 10.322812 -0.526802 -0.680832 0.614609 4.272605
1 52.190784 -8.517713 -0.848925 -0.100930 -1.910952 -1.507857 3.317554 0.037038 2.695952 0.508866 0.480249 2.086829 0.590726 10.322812 -0.526802 -0.680832 0.614609 4.272605
1 52.190784 -8.517713 -0.848925 -0.100930 -1.910952 -1.507857 3.317554 0.037038 2.695952 0.508866 0.480249 2.086829 0.590726 10.322812 -0.526802 -0.680832 0.614609 4.272605
1 52.190784 -8.517713 -0.848925 -0.100930 -1.910952 -1.507857 3.317554 0.037038 2.695952 0.508866 0.480249 2.086829 0.590726 10.322812 -0.526802 -0.680832 0.614609 4.272605
1 52.190784 -8.517713 -0.848925 -0.100930 -1.910952 -1.507857 3.317554 0.037038 2.695952 0.508866 0.480249 2.086829 0.590726 10.322812 -0.526802 -0.680832 0.614609 4.272605
1 52.190784 -8.517713 -0.848925 -0.100930 -1.910952 -1.507857 3.317554 0.037038 2.695952 0.508866 0.480249 2.086829 0.590726 10.322812 -0.526802 -0.680832 0.614609 4.272605
