1 94.260776 -9.054570 -0.291901 -0.253226 -2.303917 -1.412705 3.292229 0.604524 2.388695 0.180583 0.620524 2.223560 0.252671 10.626877 -0.559735 -0.458380 0.304939 3.562761
1 85.681368 -9.065395 -0.267521 -0.270952 -2.297611 -1.397694 3.316187 0.590208 2.377277 0.189130 0.617243 2.206233 0.269939 10.616917 -0.518148 -0.417126 0.308111 3.586335
1 85.681368 -9.065395 -0.267521 -0.270952 -2.297611 -1.397694 3.316187 0.590208 2.377277 0.189130 0.617243 2.206233 0.269939 10.616917 -0.518148 -0.417126 0.308111 3.586335
1 86.475708 -9.047859 -0.284521 -0.317498 -2.322693 -1.379472 3.329908 0.601637 2.404589 0.199167 0.610758 2.226085 0.251677 10.642786 -0.535728 -0.408400 0.319074 3.546235
1 86.475708 -9.047859 -0.284521 -0.317498 -2.322693 -1.379472 3.329908 0.601637 2.404589 0.199167 0.610758 2.226085 0.251677 10.642786 -0.535728 -0.408400 0.319074 3.546235
1 86.475708 -9.047859 -0.284521 -0.317498 -2.322693 -1.379472 3.329908 0.601637 2.404589 0.199167 0.610758 2.226085 0.251677 10.642786 -0.535728 -0.408400 0.319074 3.546235
1 86.475708 -9.047859 -0.284521 -0.317498 -2.322693 -1.379472 3.329908 0.601637 2.404589 0.199167 0.610758 2.226085 0.251677 10.642786 -0.535728 -0.408400 0.319074 3.546235
1 86.475708 -9.047859 -0.284521 -0.317498 -2.322693 -1.379472 3.329908 0.601637 2.404589 0.199167 0.610758 2.226085 0.251677 10.642786 -0.535728 -0.408400 0.319074 3.546235
1 79.81778 -9.037945 -0.294921 -0.323561 -2.325525 -1.377470 3.330586 0.584042 2.412891 0.141797 0.574647 2.231920 0.264945 10.607589 -0.553984 -0.409576 0.322587 3.543583
1 79.797546 -9.069863 -0.288844 -0.315964 -2.366327 -1.369853 3.329050 0.583970 2.404965 0.139287 0.592517 2.261890 0.258732 10.598879 -0.554183 -0.423602 0.318007 3.523797
1 79.730847 -9.071670 -0.282923 -0.342411 -2.342803 -1.384476 3.324814 0.549616 2.372960 0.176834 0.565897 2.298385 0.218210 10.611357 -0.530474 -0.396168 0.337570 3.538180
1 79.730847 -9.071670 -0.282923 -0.342411 -2.342803 -1.384476 3.324814 0.549616 2.372960 0.176834 0.565897 2.298385 0.218210 10.611357 -0.530474 -0.396168 0.337570 3.538180
1 79.730847 -9.071670 -0.282923 -0.342411 -2.342803 -1.384476 3.324814 0.549616 2.372960 0.176834 0.565897 2.298385 0.218210 10.611357 -0.530474 -0.396168 0.337570 3.538180
1 79.004175 -9.052518 -0.274889 -0.331550 -2.327019 -1.410293 3.315101 0.540021 2.406378 0.187906 0.578822 2.329398 0.210305 10.597311 -0.514547 -0.375319 0.318093 3.534795
1 79.004175 -9.052518 -0.274889 -0.331550 -2.327019 -1.410293 3.315101 0.540021 2.406378 0.187906 0.578822 2.329398 0.210305 10.597311 -0.514547 -0.375319 0.318093 3.534795
1 79.004175 -9.052518 -0.274889 -0.331550 -2.327019 -1.410293 3.315101 0.540021 2.406378 0.187906 0.578822 2.329398 0.210305 10.597311 -0.514547 -0.375319 0.318093 3.534795
1 74.40081 -9.057000 -0.267916 -0.324835 -2.317674 -1.442143 3.321143 0.561869 2.370046 0.169921 0.566315 2.309417 0.202284 10.575962 -0.524673 -0.377275 0.312210 3.495899
1 74.40081 -9.057000 -0.267916 -0.324835 -2.317674 -1.442143 3.321143 0.561869 2.370046 0.169921 0.566315 2.309417 0.202284 10.575962 -0.524673 -0.377275 0.312210 3.495899
1 70.539658 -9.060186 -0.284815 -0.336635 -2.303657 -1.439985 3.357505 0.558413 2.362848 0.183107 0.545932 2.310633 0.177889 10.565921 -0.509212 -0.399760 0.324491 3.507421
1 68.264038 -9.051048 -0.277729 -0.321424 -2.337654 -1.456067 3.352728 0.528371 2.351791 0.176443 0.542438 2.323385 0.190955 10.560484 -0.502940 -0.397652 0.363341 3.502537
1 68.264038 -9.051048 -0.277729 -0.321424 -2.337654 -1.456067 3.352728 0.528371 2.351791 0.176443 0.542438 2.323385 0.190955 10.560484 -0.502940 -0.397652 0.363341 3.502537
1 68.264038 -9.051048 -0.277729 -0.321424 -2.337654 -1.456067 3.352728 0.528371 2.351791 0.176443 0.542438 2.323385 0.190955 10.560484 -0.502940 -0.397652 0.363341 3.502537
1 67.942224 -9.034305 -0.256160 -0.327023 -2.346974 -1.437297 3.348734 0.537514 2.348786 0.183299 0.546575 2.343190 0.170523 10.538318 -0.463012 -0.394314 0.373698 3.499008
1 68.456996 -9.042065 -0.257673 -0.330134 -2.345163 -1.451881 3.355475 0.533778 2.331351 0.188435 0.556546 2.331970 0.181332 10.551765 -0.466490 -0.362603 0.396805 3.517096
1 50.775553 -9.024855 -0.269358 -0.343298 -2.283187 -1.418838 3.326472 0.511993 2.349195 0.224819 0.546143 2.330523 0.207802 10.512746 -0.426722 -0.375900 0.430753 3.505765
1 51.091468 -9.036220 -0.255789 -0.347482 -2.300139 -1.362720 3.308017 0.517580 2.312017 0.243056 0.525926 2.329417 0.198619 10.497814 -0.409470 -0.383757 0.464401 3.523627
1 49.854489 -9.048532 -0.269579 -0.354958 -2.307723 -1.334814 3.332203 0.495869 2.324754 0.226807 0.482359 2.335763 0.179515 10.493241 -0.416909 -0.357045 0.462540 3.518894
1 49.854489 -9.048532 -0.269579 -0.354958 -2.307723 -1.334814 3.332203 0.495869 2.324754 0.226807 0.482359 2.335763 0.179515 10.493241 -0.416909 -0.357045 0.462540 3.518894
1 49.854489 -9.048532 -0.269579 -0.354958 -2.307723 -1.334814 3.332203 0.495869 2.324754 0.226807 0.482359 2.335763 0.179515 10.493241 -0.416909 -0.357045 0.462540 3.518894
1 48.482391 -9.044274 -0.254346 -0.373508 -2.337740 -1.313969 3.338984 0.512361 2.338569 0.203033 0.486356 2.315078 0.206417 10.469005 -0.436362 -0.348663 0.457591 3.528237
1 48.482391 -9.044274 -0.254346 -0.373508 -2.337740 -1.313969 3.338984 0.512361 2.338569 0.203033 0.486356 2.315078 0.206417 10.469005 -0.436362 -0.348663 0.457591 3.528237
1 47.199723 -9.055765 -0.235877 -0.370778 -2.340231 -1.326474 3.339172 0.543908 2.332557 0.190543 0.474434 2.335166 0.201213 10.431797 -0.431147 -0.343488 0.491154 3.551287
1 47.199723 -9.055765 -0.235877 -0.370778 -2.340231 -1.326474 3.339172 0.543908 2.332557 0.190543 0.474434 2.335166 0.201213 10.431797 -0.431147 -0.343488 0.491154 3.551287
1 47.199723 -9.055765 -0.235877 -0.370778 -2.340231 -1.326474 3.339172 0.543908 2.332557 0.190543 0.474434 2.335166 0.201213 10.431797 -0.431147 -0.343488 0.491154 3.551287
1 47.199723 -9.055765 -0.235877 -0.370778 -2.340231 -1.326474 3.339172 0.543908 2.332557 0.190543 0.474434 2.335166 0.201213 10.431797 -0.431147 -0.343488 0.491154 3.551287
1 47.199723 -9.055765 -0.235877 -0.370778 -2.340231 -1.326474 3.339172 0.543908 2.332557 0.190543 0.474434 2.335166 0.201213 10.431797 -0.431147 -0.343488 0.491154 3.551287
1 47.093217 -9.058852 -0.204519 -0.324150 -2.315610 -1.325456 3.374136 0.514144 2.365182 0.201187 0.463342 2.309493 0.217396 10.449751 -0.434439 -0.343014 0.493049 3.546762
1 47.257083 -9.043329 -0.235790 -0.352086 -2.348015 -1.352335 3.370230 0.539816 2.362436 0.182575 0.484451 2.294831 0.199540 10.439151 -0.449702 -0.340494 0.506325 3.543249
1 47.257083 -9.043329 -0.235790 -0.352086 -2.348015 -1.352335 3.370230 0.539816 2.362436 0.182575 0.484451 2.294831 0.199540 10.439151 -0.449702 -0.340494 0.506325 3.543249
1 47.087896 -9.045807 -0.251299 -0.331176 -2.375426 -1.330488 3.363393 0.545783 2.379545 0.214922 0.527017 2.303965 0.236344 10.432639 -0.429549 -0.336857 0.507339 3.535535
1 47.467449 -9.026698 -0.281826 -0.348271 -2.373602 -1.342193 3.334550 0.531500 2.387086 0.221944 0.542183 2.302470 0.236787 10.417645 -0.442170 -0.315259 0.518813 3.518356
1 41.918696 -9.016846 -0.257073 -0.352605 -2.377215 -1.342093 3.310137 0.545278 2.390814 0.218507 0.518565 2.341983 0.278824 10.397159 -0.429907 -0.274938 0.534843 3.529330
1 41.918696 -9.016846 -0.257073 -0.352605 -2.377215 -1.342093 3.310137 0.545278 2.390814 0.218507 0.518565 2.341983 0.278824 10.397159 -0.429907 -0.274938 0.534843 3.529330
1 41.918696 -9.016846 -0.257073 -0.352605 -2.377215 -1.342093 3.310137 0.545278 2.390814 0.218507 0.518565 2.341983 0.278824 10.397159 -0.429907 -0.274938 0.534843 3.529330
1 41.918696 -9.016846 -0.257073 -0.352605 -2.377215 -1.342093 3.310137 0.545278 2.390814 0.218507 0.518565 2.341983 0.278824 10.397159 -0.429907 -0.274938 0.534843 3.529330
1 41.918696 -9.016846 -0.257073 -0.352605 -2.377215 -1.342093 3.310137 0.545278 2.390814 0.218507 0.518565 2.341983 0.278824 10.397159 -0.429907 -0.274938 0.534843 3.529330
1 42.533239 -9.018944 -0.265046 -0.361327 -2.346260 -1.336825 3.305659 0.527958 2.413842 0.219879 0.543671 2.338238 0.278241 10.420637 -0.396833 -0.267778 0.536224 3.541432
1 42.533239 -9.018944 -0.265046 -0.361327 -2.346260 -1.336825 3.305659 0.527958 2.413842 0.219879 0.543671 2.338238 0.278241 10.420637 -0.396833 -0.267778 0.536224 3.541432
1 42.276535 -9.017605 -0.264753 -0.349409 -2.382391 -1.349289 3.288900 0.497629 2.432970 0.212007 0.500004 2.343019 0.277393 10.414312 -0.443188 -0.289915 0.530741 3.527501
1 42.276535 -9.017605 -0.264753 -0.349409 -2.382391 -1.349289 3.288900 0.497629 2.432970 0.212007 0.500004 2.343019 0.277393 10.414312 -0.443188 -0.289915 0.530741 3.527501
1 41.185622 -9.046782 -0.251609 -0.362334 -2.376696 -1.341870 3.316340 0.454747 2.453190 0.184845 0.485181 2.354947 0.291003 10.395631 -0.430006 -0.298913 0.539398 3.514863
1 41.185622 -9.046782 -0.251609 -0.362334 -2.376696 -1.341870 3.316340 0.454747 2.453190 0.184845 0.485181 2.354947 0.291003 10.395631 -0.430006 -0.298913 0.539398 3.514863
1 41.185622 -9.046782 -0.251609 -0.362334 -2.376696 -1.341870 3.316340 0.454747 2.453190 0.184845 0.485181 2.354947 0.291003 10.395631 -0.430006 -0.298913 0.539398 3.514863
1 41.185622 -9.046782 -0.251609 -0.362334 -2.376696 -1.341870 3.316340 0.454747 2.453190 0.184845 0.485181 2.354947 0.291003 10.395631 -0.430006 -0.298913 0.539398 3.514863
1 41.39572 -8.996573 -0.250989 -0.345177 -2.361138 -1.330950 3.302625 0.457464 2.430936 0.211722 0.514590 2.383254 0.278070 10.440099 -0.409867 -0.304211 0.565521 3.501096
1 41.39572 -8.996573 -0.250989 -0.345177 -2.361138 -1.330950 3.302625 0.457464 2.430936 0.211722 0.514590 2.383254 0.278070 10.440099 -0.409867 -0.304211 0.565521 3.501096
1 41.39572 -8.996573 -0.250989 -0.345177 -2.361138 -1.330950 3.302625 0.457464 2.430936 0.211722 0.514590 2.383254 0.278070 10.440099 -0.409867 -0.304211 0.565521 3.501096
1 39.976294 -8.987947 -0.244463 -0.335472 -2.370912 -1.347131 3.310061 0.470011 2.434330 0.219412 0.508224 2.397935 0.276012 10.468075 -0.385645 -0.308081 0.609247 3.533529
1 39.976294 -8.987947 -0.244463 -0.335472 -2.370912 -1.347131 3.310061 0.470011 2.434330 0.219412 0.508224 2.397935 0.276012 10.468075 -0.385645 -0.308081 0.609247 3.533529
1 39.976294 -8.987947 -0.244463 -0.335472 -2.370912 -1.347131 3.310061 0.470011 2.434330 0.219412 0.508224 2.397935 0.276012 10.468075 -0.385645 -0.308081 0.609247 3.533529
1 39.976294 -8.987947 -0.244463 -0.335472 -2.370912 -1.347131 3.310061 0.470011 2.434330 0.219412 0.508224 2.397935 0.276012 10.468075 -0.385645 -0.308081 0.609247 3.533529
1 39.976294 -8.987947 -0.244463 -0.335472 -2.370912 -1.347131 3.310061 0.470011 2.434330 0.219412 0.508224 2.397935 0.276012 10.468075 -0.385645 -0.308081 0.609247 3.533529
1 39.976294 -8.987947 -0.244463 -0.335472 -2.370912 -1.347131 3.310061 0.470011 2.434330 0.219412 0.508224 2.397935 0.276012 10.468075 -0.385645 -0.308081 0.609247 3.533529
1 39.976294 -8.987947 -0.244463 -0.335472 -2.370912 -1.347131 3.310061 0.470011 2.434330 0.219412 0.508224 2.397935 0.276012 10.468075 -0.385645 -0.308081 0.609247 3.533529
1 39.976294 -8.987947 -0.244463 -0.335472 -2.370912 -1.347131 3.310061 0.470011 2.434330 0.219412 0.508224 2.397935 0.276012 10.468075 -0.385645 -0.308081 0.609247 3.533529
1 39.976294 -8.987947 -0.244463 -0.335472 -2.370912 -1.347131 3.310061 0.470011 2.434330 0.219412 0.508224 2.397935 0.276012 10.468075 -0.385645 -0.308081 0.609247 3.533529
1 39.976294 -8.987947 -0.244463 -0.335472 -2.370912 -1.347131 3.310061 0.470011 2.434330 0.219412 0.508224 2.397935 0.276012 10.468075 -0.385645 -0.308081 0.609247 3.533529
1 39.976294 -8.987947 -0.244463 -0.335472 -2.370912 -1.347131 3.310061 0.470011 2.434330 0.219412 0.508224 2.397935 0.276012 10.468075 -0.385645 -0.308081 0.609247 3.533529
1 39.780027 -9.014507 -0.260966 -0.314799 -2.374562 -1.339888 3.341744 0.415737 2.404058 0.248558 0.492932 2.343388 0.251759 10.442153 -0.364640 -0.333929 0.556781 3.538151
1 39.780027 -9.014507 -0.260966 -0.314799 -2.374562 -1.339888 3.341744 0.415737 2.404058 0.248558 0.492932 2.343388 0.251759 10.442153 -0.364640 -0.333929 0.556781 3.538151
1 38.898779 -8.992783 -0.249548 -0.350510 -2.330446 -1.341564 3.371109 0.466442 2.364797 0.252878 0.511035 2.364271 0.275096 10.430339 -0.332196 -0.308626 0.562269 3.509811
1 38.898779 -8.992783 -0.249548 -0.350510 -2.330446 -1.341564 3.371109 0.466442 2.364797 0.252878 0.511035 2.364271 0.275096 10.430339 -0.332196 -0.308626 0.562269 3.509811
1 38.898779 -8.992783 -0.249548 -0.350510 -2.330446 -1.341564 3.371109 0.466442 2.364797 0.252878 0.511035 2.364271 0.275096 10.430339 -0.332196 -0.308626 0.562269 3.509811
1 39.535129 -8.999034 -0.247320 -0.336335 -2.316245 -1.350926 3.364011 0.476027 2.368160 0.272314 0.513828 2.336174 0.244420 10.435410 -0.340169 -0.318495 0.569714 3.487708
1 38.444974 -9.031793 -0.271432 -0.319140 -2.283565 -1.302020 3.346434 0.451388 2.346404 0.282266 0.544178 2.366545 0.239105 10.444052 -0.326207 -0.304155 0.568340 3.440797
1 38.444974 -9.031793 -0.271432 -0.319140 -2.283565 -1.302020 3.346434 0.451388 2.346404 0.282266 0.544178 2.366545 0.239105 10.444052 -0.326207 -0.304155 0.568340 3.440797
1 38.444974 -9.031793 -0.271432 -0.319140 -2.283565 -1.302020 3.346434 0.451388 2.346404 0.282266 0.544178 2.366545 0.239105 10.444052 -0.326207 -0.304155 0.568340 3.440797
1 38.040902 -9.021413 -0.278377 -0.272839 -2.298653 -1.304355 3.333880 0.395992 2.348592 0.281739 0.521750 2.337253 0.226008 10.440940 -0.351322 -0.304339 0.570958 3.437455
1 38.040902 -9.021413 -0.278377 -0.272839 -2.298653 -1.304355 3.333880 0.395992 2.348592 0.281739 0.521750 2.337253 0.226008 10.440940 -0.351322 -0.304339 0.570958 3.437455
1 38.040902 -9.021413 -0.278377 -0.272839 -2.298653 -1.304355 3.333880 0.395992 2.348592 0.281739 0.521750 2.337253 0.226008 10.440940 -0.351322 -0.304339 0.570958 3.437455
1 38.040902 -9.021413 -0.278377 -0.272839 -2.298653 -1.304355 3.333880 0.395992 2.348592 0.281739 0.521750 2.337253 0.226008 10.440940 -0.351322 -0.304339 0.570958 3.437455
1 38.040902 -9.021413 -0.278377 -0.272839 -2.298653 -1.304355 3.333880 0.395992 2.348592 0.281739 0.521750 2.337253 0.226008 10.440940 -0.351322 -0.304339 0.570958 3.437455
1 38.040902 -9.021413 -0.278377 -0.272839 -2.298653 -1.304355 3.333880 0.395992 2.348592 0.281739 0.521750 2.337253 0.226008 10.440940 -0.351322 -0.304339 0.570958 3.437455
1 38.040902 -9.021413 -0.278377 -0.272839 -2.298653 -1.304355 3.333880 0.395992 2.348592 0.281739 0.521750 2.337253 0.226008 10.440940 -0.351322 -0.304339 0.570958 3.437455
1 35.420444 -8.993502 -0.277089 -0.328385 -2.344370 -1.274543 3.328828 0.341368 2.317126 0.324137 0.515416 2.328240 0.223337 10.425515 -0.393489 -0.263371 0.604067 3.453936
1 34.610113 -9.026751 -0.270533 -0.351879 -2.346934 -1.272788 3.351554 0.359983 2.352969 0.299045 0.532353 2.334675 0.237952 10.449312 -0.397502 -0.252975 0.593508 3.495897
1 34.610113 -9.026751 -0.270533 -0.351879 -2.346934 -1.272788 3.351554 0.359983 2.352969 0.299045 0.532353 2.334675 0.237952 10.449312 -0.397502 -0.252975 0.593508 3.495897
1 33.664135 -9.002866 -0.280157 -0.335546 -2.358811 -1.293555 3.330667 0.362729 2.333742 0.309597 0.558235 2.340485 0.229563 10.447864 -0.395085 -0.271055 0.569024 3.515772
1 33.664135 -9.002866 -0.280157 -0.335546 -2.358811 -1.293555 3.330667 0.362729 2.333742 0.309597 0.558235 2.340485 0.229563 10.447864 -0.395085 -0.271055 0.569024 3.515772
1 33.664135 -9.002866 -0.280157 -0.335546 -2.358811 -1.293555 3.330667 0.362729 2.333742 0.309597 0.558235 2.340485 0.229563 10.447864 -0.395085 -0.271055 0.569024 3.515772
1 33.664135 -9.002866 -0.280157 -0.335546 -2.358811 -1.293555 3.330667 0.362729 2.333742 0.309597 0.558235 2.340485 0.229563 10.447864 -0.395085 -0.271055 0.569024 3.515772
1 33.664135 -9.002866 -0.280157 -0.335546 -2.358811 -1.293555 3.330667 0.362729 2.333742 0.309597 0.558235 2.340485 0.229563 10.447864 -0.395085 -0.271055 0.569024 3.515772
1 33.664135 -9.002866 -0.280157 -0.335546 -2.358811 -1.293555 3.330667 0.362729 2.333742 0.309597 0.558235 2.340485 0.229563 10.447864 -0.395085 -0.271055 0.569024 3.515772
1 33.664135 -9.002866 -0.280157 -0.335546 -2.358811 -1.293555 3.330667 0.362729 2.333742 0.309597 0.558235 2.340485 0.229563 10.447864 -0.395085 -0.271055 0.569024 3.515772
1 33.664135 -9.002866 -0.280157 -0.335546 -2.358811 -1.293555 3.330667 0.362729 2.333742 0.309597 0.558235 2.340485 0.229563 10.447864 -0.395085 -0.271055 0.569024 3.515772
1 33.664135 -9.002866 -0.280157 -0.335546 -2.358811 -1.293555 3.330667 0.362729 2.333742 0.309597 0.558235 2.340485 0.229563 10.447864 -0.395085 -0.271055 0.569024 3.515772
1 33.664135 -9.002866 -0.280157 -0.335546 -2.358811 -1.293555 3.330667 0.362729 2.333742 0.309597 0.558235 2.340485 0.229563 10.447864 -0.395085 -0.271055 0.569024 3.515772
1 33.602579 -9.005912 -0.269224 -0.333313 -2.331239 -1.296595 3.336208 0.388902 2.311668 0.333347 0.579135 2.358457 0.219051 10.418015 -0.425978 -0.247378 0.582428 3.530319
1 33.974773 -8.972856 -0.259910 -0.342065 -2.313147 -1.320903 3.315074 0.401877 2.301928 0.365664 0.610653 2.361877 0.239858 10.408998 -0.404593 -0.278485 0.564926 3.527635
1 32.653406 -8.994110 -0.265181 -0.323444 -2.294721 -1.320718 3.319111 0.407337 2.279158 0.364401 0.633577 2.353290 0.286604 10.423667 -0.381106 -0.270214 0.552195 3.510685
1 32.653406 -8.994110 -0.265181 -0.323444 -2.294721 -1.320718 3.319111 0.407337 2.279158 0.364401 0.633577 2.353290 0.286604 10.423667 -0.381106 -0.270214 0.552195 3.510685
1 32.653406 -8.994110 -0.265181 -0.323444 -2.294721 -1.320718 3.319111 0.407337 2.279158 0.364401 0.633577 2.353290 0.286604 10.423667 -0.381106 -0.270214 0.552195 3.510685
1 32.653406 -8.994110 -0.265181 -0.323444 -2.294721 -1.320718 3.319111 0.407337 2.279158 0.364401 0.633577 2.353290 0.286604 10.423667 -0.381106 -0.270214 0.552195 3.510685
1 32.653406 -8.994110 -0.265181 -0.323444 -2.294721 -1.320718 3.319111 0.407337 2.279158 0.364401 0.633577 2.353290 0.286604 10.423667 -0.381106 -0.270214 0.552195 3.510685
1 32.653406 -8.994110 -0.265181 -0.323444 -2.294721 -1.320718 3.319111 0.407337 2.279158 0.364401 0.633577 2.353290 0.286604 10.423667 -0.381106 -0.270214 0.552195 3.510685
1 32.653406 -8.994110 -0.265181 -0.323444 -2.294721 -1.320718 3.319111 0.407337 2.279158 0.364401 0.633577 2.353290 0.286604 10.423667 -0.381106 -0.270214 0.552195 3.510685
1 32.653406 -8.994110 -0.265181 -0.323444 -2.294721 -1.320718 3.319111 0.407337 2.279158 0.364401 0.633577 2.353290 0.286604 10.423667 -0.381106 -0.270214 0.552195 3.510685
1 32.653406 -8.994110 -0.265181 -0.323444 -2.294721 -1.320718 3.319111 0.407337 2.279158 0.364401 0.633577 2.353290 0.286604 10.423667 -0.381106 -0.270214 0.552195 3.510685
1 32.653406 -8.994110 -0.265181 -0.323444 -2.294721 -1.320718 3.319111 0.407337 2.279158 0.364401 0.633577 2.353290 0.286604 10.423667 -0.381106 -0.270214 0.552195 3.510685
1 32.653406 -8.994110 -0.265181 -0.323444 -2.294721 -1.320718 3.319111 0.407337 2.279158 0.364401 0.633577 2.353290 0.286604 10.423667 -0.381106 -0.270214 0.552195 3.510685
1 32.808554 -8.986052 -0.288257 -0.360433 -2.319648 -1.276376 3.298620 0.386581 2.290461 0.359904 0.623730 2.372339 0.330874 10.432326 -0.317364 -0.251409 0.578421 3.532090
1 32.808554 -8.986052 -0.288257 -0.360433 -2.319648 -1.276376 3.298620 0.386581 2.290461 0.359904 0.623730 2.372339 0.330874 10.432326 -0.317364 -0.251409 0.578421 3.532090
1 32.808554 -8.986052 -0.288257 -0.360433 -2.319648 -1.276376 3.298620 0.386581 2.290461 0.359904 0.623730 2.372339 0.330874 10.432326 -0.317364 -0.251409 0.578421 3.532090
1 32.808554 -8.986052 -0.288257 -0.360433 -2.319648 -1.276376 3.298620 0.386581 2.290461 0.359904 0.623730 2.372339 0.330874 10.432326 -0.317364 -0.251409 0.578421 3.532090
1 32.808554 -8.986052 -0.288257 -0.360433 -2.319648 -1.276376 3.298620 0.386581 2.290461 0.359904 0.623730 2.372339 0.330874 10.432326 -0.317364 -0.251409 0.578421 3.532090
1 32.808554 -8.986052 -0.288257 -0.360433 -2.319648 -1.276376 3.298620 0.386581 2.290461 0.359904 0.623730 2.372339 0.330874 10.432326 -0.317364 -0.251409 0.578421 3.532090
1 32.808554 -8.986052 -0.288257 -0.360433 -2.319648 -1.276376 3.298620 0.386581 2.290461 0.359904 0.623730 2.372339 0.330874 10.432326 -0.317364 -0.251409 0.578421 3.532090
1 32.808554 -8.986052 -0.288257 -0.360433 -2.319648 -1.276376 3.298620 0.386581 2.290461 0.359904 0.623730 2.372339 0.330874 10.432326 -0.317364 -0.251409 0.578421 3.532090
1 32.808554 -8.986052 -0.288257 -0.360433 -2.319648 -1.276376 3.298620 0.386581 2.290461 0.359904 0.623730 2.372339 0.330874 10.432326 -0.317364 -0.251409 0.578421 3.532090
1 32.808554 -8.986052 -0.288257 -0.360433 -2.319648 -1.276376 3.298620 0.386581 2.290461 0.359904 0.623730 2.372339 0.330874 10.432326 -0.317364 -0.251409 0.578421 3.532090
1 32.808554 -8.986052 -0.288257 -0.360433 -2.319648 -1.276376 3.298620 0.386581 2.290461 0.359904 0.623730 2.372339 0.330874 10.432326 -0.317364 -0.251409 0.578421 3.532090
1 32.808554 -8.986052 -0.288257 -0.360433 -2.319648 -1.276376 3.298620 0.386581 2.290461 0.359904 0.623730 2.372339 0.330874 10.432326 -0.317364 -0.251409 0.578421 3.532090
1 32.808554 -8.986052 -0.288257 -0.360433 -2.319648 -1.276376 3.298620 0.386581 2.290461 0.359904 0.623730 2.372339 0.330874 10.432326 -0.317364 -0.251409 0.578421 3.532090
1 32.808554 -8.986052 -0.288257 -0.360433 -2.319648 -1.276376 3.298620 0.386581 2.290461 0.359904 0.623730 2.372339 0.330874 10.432326 -0.317364 -0.251409 0.578421 3.532090
1 32.808554 -8.986052 -0.288257 -0.360433 -2.319648 -1.276376 3.298620 0.386581 2.290461 0.359904 0.623730 2.372339 0.330874 10.432326 -0.317364 -0.251409 0.578421 3.532090
1 32.808554 -8.986052 -0.288257 -0.360433 -2.319648 -1.276376 3.298620 0.386581 2.290461 0.359904 0.623730 2.372339 0.330874 10.432326 -0.317364 -0.251409 0.578421 3.532090
1 32.881224 -8.968620 -0.272383 -0.353524 -2.317525 -1.295696 3.277588 0.361610 2.290632 0.378627 0.623660 2.429515 0.316730 10.438701 -0.313251 -0.283446 0.578163 3.557938
1 32.881224 -8.968620 -0.272383 -0.353524 -2.317525 -1.295696 3.277588 0.361610 2.290632 0.378627 0.623660 2.429515 0.316730 10.438701 -0.313251 -0.283446 0.578163 3.557938
1 32.881224 -8.968620 -0.272383 -0.353524 -2.317525 -1.295696 3.277588 0.361610 2.290632 0.378627 0.623660 2.429515 0.316730 10.438701 -0.313251 -0.283446 0.578163 3.557938
1 32.881224 -8.968620 -0.272383 -0.353524 -2.317525 -1.295696 3.277588 0.361610 2.290632 0.378627 0.623660 2.429515 0.316730 10.438701 -0.313251 -0.283446 0.578163 3.557938
1 32.881224 -8.968620 -0.272383 -0.353524 -2.317525 -1.295696 3.277588 0.361610 2.290632 0.378627 0.623660 2.429515 0.316730 10.438701 -0.313251 -0.283446 0.578163 3.557938
1 32.881224 -8.968620 -0.272383 -0.353524 -2.317525 -1.295696 3.277588 0.361610 2.290632 0.378627 0.623660 2.429515 0.316730 10.438701 -0.313251 -0.283446 0.578163 3.557938
1 34.91346 -8.959211 -0.256818 -0.344964 -2.292349 -1.290344 3.280097 0.396151 2.277489 0.375446 0.622242 2.448887 0.291168 10.445692 -0.293383 -0.305030 0.584695 3.563670
1 33.990264 -8.940377 -0.272972 -0.308257 -2.278224 -1.282957 3.295207 0.392664 2.258679 0.391501 0.603547 2.434307 0.276816 10.460786 -0.290607 -0.326938 0.597230 3.547383
1 33.990264 -8.940377 -0.272972 -0.308257 -2.278224 -1.282957 3.295207 0.392664 2.258679 0.391501 0.603547 2.434307 0.276816 10.460786 -0.290607 -0.326938 0.597230 3.547383
1 33.990264 -8.940377 -0.272972 -0.308257 -2.278224 -1.282957 3.295207 0.392664 2.258679 0.391501 0.603547 2.434307 0.276816 10.460786 -0.290607 -0.326938 0.597230 3.547383
1 33.990264 -8.940377 -0.272972 -0.308257 -2.278224 -1.282957 3.295207 0.392664 2.258679 0.391501 0.603547 2.434307 0.276816 10.460786 -0.290607 -0.326938 0.597230 3.547383
1 33.990264 -8.940377 -0.272972 -0.308257 -2.278224 -1.282957 3.295207 0.392664 2.258679 0.391501 0.603547 2.434307 0.276816 10.460786 -0.290607 -0.326938 0.597230 3.547383
1 33.361072 -8.919312 -0.277880 -0.294919 -2.312738 -1.277864 3.302862 0.418314 2.239283 0.385875 0.612568 2.433339 0.257433 10.474617 -0.298450 -0.361857 0.574871 3.526904
1 33.473255 -8.904352 -0.302644 -0.301660 -2.347552 -1.250827 3.299231 0.425653 2.253201 0.399300 0.578918 2.435012 0.253988 10.449794 -0.279471 -0.379291 0.561883 3.504735
1 33.473255 -8.904352 -0.302644 -0.301660 -2.347552 -1.250827 3.299231 0.425653 2.253201 0.399300 0.578918 2.435012 0.253988 10.449794 -0.279471 -0.379291 0.561883 3.504735
1 33.473255 -8.904352 -0.302644 -0.301660 -2.347552 -1.250827 3.299231 0.425653 2.253201 0.399300 0.578918 2.435012 0.253988 10.449794 -0.279471 -0.379291 0.561883 3.504735
1 33.473255 -8.904352 -0.302644 -0.301660 -2.347552 -1.250827 3.299231 0.425653 2.253201 0.399300 0.578918 2.435012 0.253988 10.449794 -0.279471 -0.379291 0.561883 3.504735
1 33.473255 -8.904352 -0.302644 -0.301660 -2.347552 -1.250827 3.299231 0.425653 2.253201 0.399300 0.578918 2.435012 0.253988 10.449794 -0.279471 -0.379291 0.561883 3.504735
1 33.473255 -8.904352 -0.302644 -0.301660 -2.347552 -1.250827 3.299231 0.425653 2.253201 0.399300 0.578918 2.435012 0.253988 10.449794 -0.279471 -0.379291 0.561883 3.504735
1 33.473255 -8.904352 -0.302644 -0.301660 -2.347552 -1.250827 3.299231 0.425653 2.253201 0.399300 0.578918 2.435012 0.253988 10.449794 -0.279471 -0.379291 0.561883 3.504735
1 33.473255 -8.904352 -0.302644 -0.301660 -2.347552 -1.250827 3.299231 0.425653 2.253201 0.399300 0.578918 2.435012 0.253988 10.449794 -0.279471 -0.379291 0.561883 3.504735
1 33.473255 -8.904352 -0.302644 -0.301660 -2.347552 -1.250827 3.299231 0.425653 2.253201 0.399300 0.578918 2.435012 0.253988 10.449794 -0.279471 -0.379291 0.561883 3.504735
1 33.473255 -8.904352 -0.302644 -0.301660 -2.347552 -1.250827 3.299231 0.425653 2.253201 0.399300 0.578918 2.435012 0.253988 10.449794 -0.279471 -0.379291 0.561883 3.504735
1 33.473255 -8.904352 -0.302644 -0.301660 -2.347552 -1.250827 3.299231 0.425653 2.253201 0.399300 0.578918 2.435012 0.253988 10.449794 -0.279471 -0.379291 0.561883 3.504735
1 33.473255 -8.904352 -0.302644 -0.301660 -2.347552 -1.250827 3.299231 0.425653 2.253201 0.399300 0.578918 2.435012 0.253988 10.449794 -0.279471 -0.379291 0.561883 3.504735
1 33.750551 -8.903882 -0.323964 -0.289972 -2.371006 -1.231162 3.323043 0.388917 2.251051 0.397048 0.578577 2.405034 0.218624 10.480255 -0.326240 -0.366826 0.582744 3.515333
1 33.750551 -8.903882 -0.323964 -0.289972 -2.371006 -1.231162 3.323043 0.388917 2.251051 0.397048 0.578577 2.405034 0.218624 10.480255 -0.326240 -0.366826 0.582744 3.515333
1 33.750551 -8.903882 -0.323964 -0.289972 -2.371006 -1.231162 3.323043 0.388917 2.251051 0.397048 0.578577 2.405034 0.218624 10.480255 -0.326240 -0.366826 0.582744 3.515333
1 33.750551 -8.903882 -0.323964 -0.289972 -2.371006 -1.231162 3.323043 0.388917 2.251051 0.397048 0.578577 2.405034 0.218624 10.480255 -0.326240 -0.366826 0.582744 3.515333
1 34.640185 -8.932706 -0.296487 -0.251759 -2.395810 -1.228970 3.338005 0.368892 2.259191 0.378203 0.589897 2.405456 0.212839 10.442297 -0.379865 -0.388934 0.584283 3.482390
1 34.640185 -8.932706 -0.296487 -0.251759 -2.395810 -1.228970 3.338005 0.368892 2.259191 0.378203 0.589897 2.405456 0.212839 10.442297 -0.379865 -0.388934 0.584283 3.482390
1 34.640185 -8.932706 -0.296487 -0.251759 -2.395810 -1.228970 3.338005 0.368892 2.259191 0.378203 0.589897 2.405456 0.212839 10.442297 -0.379865 -0.388934 0.584283 3.482390
1 34.640185 -8.932706 -0.296487 -0.251759 -2.395810 -1.228970 3.338005 0.368892 2.259191 0.378203 0.589897 2.405456 0.212839 10.442297 -0.379865 -0.388934 0.584283 3.482390
1 34.191169 -8.949768 -0.341275 -0.281286 -2.405843 -1.222940 3.340883 0.397365 2.286379 0.356559 0.575387 2.362782 0.215290 10.442018 -0.378618 -0.437106 0.561580 3.503613
1 33.573248 -8.950016 -0.337766 -0.289571 -2.353731 -1.212093 3.337484 0.382571 2.267112 0.369451 0.546261 2.378257 0.214340 10.451058 -0.385651 -0.427260 0.584234 3.495477
1 33.573248 -8.950016 -0.337766 -0.289571 -2.353731 -1.212093 3.337484 0.382571 2.267112 0.369451 0.546261 2.378257 0.214340 10.451058 -0.385651 -0.427260 0.584234 3.495477
1 32.99197 -8.936710 -0.325351 -0.262994 -2.351403 -1.197869 3.347441 0.390754 2.270531 0.371286 0.538716 2.372680 0.177369 10.449939 -0.398365 -0.430720 0.592640 3.530221
1 32.99197 -8.936710 -0.325351 -0.262994 -2.351403 -1.197869 3.347441 0.390754 2.270531 0.371286 0.538716 2.372680 0.177369 10.449939 -0.398365 -0.430720 0.592640 3.530221
1 32.99197 -8.936710 -0.325351 -0.262994 -2.351403 -1.197869 3.347441 0.390754 2.270531 0.371286 0.538716 2.372680 0.177369 10.449939 -0.398365 -0.430720 0.592640 3.530221
1 32.99197 -8.936710 -0.325351 -0.262994 -2.351403 -1.197869 3.347441 0.390754 2.270531 0.371286 0.538716 2.372680 0.177369 10.449939 -0.398365 -0.430720 0.592640 3.530221
1 32.99197 -8.936710 -0.325351 -0.262994 -2.351403 -1.197869 3.347441 0.390754 2.270531 0.371286 0.538716 2.372680 0.177369 10.449939 -0.398365 -0.430720 0.592640 3.530221
1 32.99197 -8.936710 -0.325351 -0.262994 -2.351403 -1.197869 3.347441 0.390754 2.270531 0.371286 0.538716 2.372680 0.177369 10.449939 -0.398365 -0.430720 0.592640 3.530221
1 32.99197 -8.936710 -0.325351 -0.262994 -2.351403 -1.197869 3.347441 0.390754 2.270531 0.371286 0.538716 2.372680 0.177369 10.449939 -0.398365 -0.430720 0.592640 3.530221
1 32.99197 -8.936710 -0.325351 -0.262994 -2.351403 -1.197869 3.347441 0.390754 2.270531 0.371286 0.538716 2.372680 0.177369 10.449939 -0.398365 -0.430720 0.592640 3.530221
1 32.99197 -8.936710 -0.325351 -0.262994 -2.351403 -1.197869 3.347441 0.390754 2.270531 0.371286 0.538716 2.372680 0.177369 10.449939 -0.398365 -0.430720 0.592640 3.530221
1 34.61659 -8.905498 -0.316295 -0.273989 -2.373026 -1.200160 3.361744 0.387369 2.270491 0.383631 0.547803 2.380488 0.216404 10.470746 -0.420989 -0.436215 0.590041 3.517514
1 34.61659 -8.905498 -0.316295 -0.273989 -2.373026 -1.200160 3.361744 0.387369 2.270491 0.383631 0.547803 2.380488 0.216404 10.470746 -0.420989 -0.436215 0.590041 3.517514
1 34.61659 -8.905498 -0.316295 -0.273989 -2.373026 -1.200160 3.361744 0.387369 2.270491 0.383631 0.547803 2.380488 0.216404 10.470746 -0.420989 -0.436215 0.590041 3.517514
1 34.61659 -8.905498 -0.316295 -0.273989 -2.373026 -1.200160 3.361744 0.387369 2.270491 0.383631 0.547803 2.380488 0.216404 10.470746 -0.420989 -0.436215 0.590041 3.517514
1 34.61659 -8.905498 -0.316295 -0.273989 -2.373026 -1.200160 3.361744 0.387369 2.270491 0.383631 0.547803 2.380488 0.216404 10.470746 -0.420989 -0.436215 0.590041 3.517514
1 33.537304 -8.891536 -0.327229 -0.291967 -2.378526 -1.189110 3.323448 0.365968 2.248528 0.375997 0.536329 2.375576 0.221688 10.478370 -0.415263 -0.460598 0.589101 3.571744
1 33.483198 -8.895787 -0.296364 -0.300287 -2.373673 -1.196142 3.346835 0.393098 2.233227 0.394180 0.523953 2.386251 0.198096 10.476128 -0.411821 -0.476012 0.623381 3.573745
1 33.483198 -8.895787 -0.296364 -0.300287 -2.373673 -1.196142 3.346835 0.393098 2.233227 0.394180 0.523953 2.386251 0.198096 10.476128 -0.411821 -0.476012 0.623381 3.573745
1 33.483198 -8.895787 -0.296364 -0.300287 -2.373673 -1.196142 3.346835 0.393098 2.233227 0.394180 0.523953 2.386251 0.198096 10.476128 -0.411821 -0.476012 0.623381 3.573745
1 33.483198 -8.895787 -0.296364 -0.300287 -2.373673 -1.196142 3.346835 0.393098 2.233227 0.394180 0.523953 2.386251 0.198096 10.476128 -0.411821 -0.476012 0.623381 3.573745
1 33.483198 -8.895787 -0.296364 -0.300287 -2.373673 -1.196142 3.346835 0.393098 2.233227 0.394180 0.523953 2.386251 0.198096 10.476128 -0.411821 -0.476012 0.623381 3.573745
1 33.483198 -8.895787 -0.296364 -0.300287 -2.373673 -1.196142 3.346835 0.393098 2.233227 0.394180 0.523953 2.386251 0.198096 10.476128 -0.411821 -0.476012 0.623381 3.573745
1 33.483198 -8.895787 -0.296364 -0.300287 -2.373673 -1.196142 3.346835 0.393098 2.233227 0.394180 0.523953 2.386251 0.198096 10.476128 -0.411821 -0.476012 0.623381 3.573745
1 33.483198 -8.895787 -0.296364 -0.300287 -2.373673 -1.196142 3.346835 0.393098 2.233227 0.394180 0.523953 2.386251 0.198096 10.476128 -0.411821 -0.476012 0.623381 3.573745
1 33.483198 -8.895787 -0.296364 -0.300287 -2.373673 -1.196142 3.346835 0.393098 2.233227 0.394180 0.523953 2.386251 0.198096 10.476128 -0.411821 -0.476012 0.623381 3.573745
1 33.483198 -8.895787 -0.296364 -0.300287 -2.373673 -1.196142 3.346835 0.393098 2.233227 0.394180 0.523953 2.386251 0.198096 10.476128 -0.411821 -0.476012 0.623381 3.573745
1 33.483198 -8.895787 -0.296364 -0.300287 -2.373673 -1.196142 3.346835 0.393098 2.233227 0.394180 0.523953 2.386251 0.198096 10.476128 -0.411821 -0.476012 0.623381 3.573745
1 33.483198 -8.895787 -0.296364 -0.300287 -2.373673 -1.196142 3.346835 0.393098 2.233227 0.394180 0.523953 2.386251 0.198096 10.476128 -0.411821 -0.476012 0.623381 3.573745
1 33.483198 -8.895787 -0.296364 -0.300287 -2.373673 -1.196142 3.346835 0.393098 2.233227 0.394180 0.523953 2.386251 0.198096 10.476128 -0.411821 -0.476012 0.623381 3.573745
1 33.483198 -8.895787 -0.296364 -0.300287 -2.373673 -1.196142 3.346835 0.393098 2.233227 0.394180 0.523953 2.386251 0.198096 10.476128 -0.411821 -0.476012 0.623381 3.573745
1 33.05998 -8.924017 -0.282001 -0.299874 -2.348981 -1.164428 3.382625 0.393098 2.236234 0.393710 0.540544 2.383346 0.192483 10.451750 -0.428448 -0.482899 0.637171 3.585588
1 33.05998 -8.924017 -0.282001 -0.299874 -2.348981 -1.164428 3.382625 0.393098 2.236234 0.393710 0.540544 2.383346 0.192483 10.451750 -0.428448 -0.482899 0.637171 3.585588
1 33.05998 -8.924017 -0.282001 -0.299874 -2.348981 -1.164428 3.382625 0.393098 2.236234 0.393710 0.540544 2.383346 0.192483 10.451750 -0.428448 -0.482899 0.637171 3.585588
1 33.05998 -8.924017 -0.282001 -0.299874 -2.348981 -1.164428 3.382625 0.393098 2.236234 0.393710 0.540544 2.383346 0.192483 10.451750 -0.428448 -0.482899 0.637171 3.585588
1 33.05998 -8.924017 -0.282001 -0.299874 -2.348981 -1.164428 3.382625 0.393098 2.236234 0.393710 0.540544 2.383346 0.192483 10.451750 -0.428448 -0.482899 0.637171 3.585588
1 33.05998 -8.924017 -0.282001 -0.299874 -2.348981 -1.164428 3.382625 0.393098 2.236234 0.393710 0.540544 2.383346 0.192483 10.451750 -0.428448 -0.482899 0.637171 3.585588
1 33.05998 -8.924017 -0.282001 -0.299874 -2.348981 -1.164428 3.382625 0.393098 2.236234 0.393710 0.540544 2.383346 0.192483 10.451750 -0.428448 -0.482899 0.637171 3.585588
1 32.855606 -8.961606 -0.292628 -0.318554 -2.365896 -1.191612 3.320424 0.422767 2.241086 0.396688 0.509345 2.434719 0.232065 10.454288 -0.426075 -0.509292 0.676706 3.608197
1 32.855606 -8.961606 -0.292628 -0.318554 -2.365896 -1.191612 3.320424 0.422767 2.241086 0.396688 0.509345 2.434719 0.232065 10.454288 -0.426075 -0.509292 0.676706 3.608197
1 32.855606 -8.961606 -0.292628 -0.318554 -2.365896 -1.191612 3.320424 0.422767 2.241086 0.396688 0.509345 2.434719 0.232065 10.454288 -0.426075 -0.509292 0.676706 3.608197
1 32.855606 -8.961606 -0.292628 -0.318554 -2.365896 -1.191612 3.320424 0.422767 2.241086 0.396688 0.509345 2.434719 0.232065 10.454288 -0.426075 -0.509292 0.676706 3.608197
1 32.855606 -8.961606 -0.292628 -0.318554 -2.365896 -1.191612 3.320424 0.422767 2.241086 0.396688 0.509345 2.434719 0.232065 10.454288 -0.426075 -0.509292 0.676706 3.608197
1 32.855606 -8.961606 -0.292628 -0.318554 -2.365896 -1.191612 3.320424 0.422767 2.241086 0.396688 0.509345 2.434719 0.232065 10.454288 -0.426075 -0.509292 0.676706 3.608197
1 32.855606 -8.961606 -0.292628 -0.318554 -2.365896 -1.191612 3.320424 0.422767 2.241086 0.396688 0.509345 2.434719 0.232065 10.454288 -0.426075 -0.509292 0.676706 3.608197
1 32.855606 -8.961606 -0.292628 -0.318554 -2.365896 -1.191612 3.320424 0.422767 2.241086 0.396688 0.509345 2.434719 0.232065 10.454288 -0.426075 -0.509292 0.676706 3.608197
1 32.855606 -8.961606 -0.292628 -0.318554 -2.365896 -1.191612 3.320424 0.422767 2.241086 0.396688 0.509345 2.434719 0.232065 10.454288 -0.426075 -0.509292 0.676706 3.608197
1 32.855606 -8.961606 -0.292628 -0.318554 -2.365896 -1.191612 3.320424 0.422767 2.241086 0.396688 0.509345 2.434719 0.232065 10.454288 -0.426075 -0.509292 0.676706 3.608197
1 32.815213 -8.977101 -0.315970 -0.285227 -2.343262 -1.205873 3.356144 0.449759 2.257220 0.360684 0.546426 2.403858 0.227970 10.445670 -0.432681 -0.483888 0.666139 3.622499
1 32.815213 -8.977101 -0.315970 -0.285227 -2.343262 -1.205873 3.356144 0.449759 2.257220 0.360684 0.546426 2.403858 0.227970 10.445670 -0.432681 -0.483888 0.666139 3.622499
1 32.815213 -8.977101 -0.315970 -0.285227 -2.343262 -1.205873 3.356144 0.449759 2.257220 0.360684 0.546426 2.403858 0.227970 10.445670 -0.432681 -0.483888 0.666139 3.622499
1 32.815213 -8.977101 -0.315970 -0.285227 -2.343262 -1.205873 3.356144 0.449759 2.257220 0.360684 0.546426 2.403858 0.227970 10.445670 -0.432681 -0.483888 0.666139 3.622499
1 32.815213 -8.977101 -0.315970 -0.285227 -2.343262 -1.205873 3.356144 0.449759 2.257220 0.360684 0.546426 2.403858 0.227970 10.445670 -0.432681 -0.483888 0.666139 3.622499
1 32.815213 -8.977101 -0.315970 -0.285227 -2.343262 -1.205873 3.356144 0.449759 2.257220 0.360684 0.546426 2.403858 0.227970 10.445670 -0.432681 -0.483888 0.666139 3.622499
1 32.815213 -8.977101 -0.315970 -0.285227 -2.343262 -1.205873 3.356144 0.449759 2.257220 0.360684 0.546426 2.403858 0.227970 10.445670 -0.432681 -0.483888 0.666139 3.622499
1 32.815213 -8.977101 -0.315970 -0.285227 -2.343262 -1.205873 3.356144 0.449759 2.257220 0.360684 0.546426 2.403858 0.227970 10.445670 -0.432681 -0.483888 0.666139 3.622499
1 32.815213 -8.977101 -0.315970 -0.285227 -2.343262 -1.205873 3.356144 0.449759 2.257220 0.360684 0.546426 2.403858 0.227970 10.445670 -0.432681 -0.483888 0.666139 3.622499
1 32.476872 -8.953072 -0.334718 -0.297597 -2.343577 -1.235192 3.367331 0.435193 2.253788 0.390568 0.553216 2.422448 0.216042 10.435621 -0.446692 -0.506886 0.687532 3.644637
1 32.476872 -8.953072 -0.334718 -0.297597 -2.343577 -1.235192 3.367331 0.435193 2.253788 0.390568 0.553216 2.422448 0.216042 10.435621 -0.446692 -0.506886 0.687532 3.644637
1 32.476872 -8.953072 -0.334718 -0.297597 -2.343577 -1.235192 3.367331 0.435193 2.253788 0.390568 0.553216 2.422448 0.216042 10.435621 -0.446692 -0.506886 0.687532 3.644637
1 32.222272 -8.961580 -0.333163 -0.285384 -2.346117 -1.242150 3.352238 0.452871 2.242078 0.397550 0.563059 2.430477 0.257042 10.441091 -0.467153 -0.504371 0.678235 3.637906
1 32.222272 -8.961580 -0.333163 -0.285384 -2.346117 -1.242150 3.352238 0.452871 2.242078 0.397550 0.563059 2.430477 0.257042 10.441091 -0.467153 -0.504371 0.678235 3.637906
1 32.222272 -8.961580 -0.333163 -0.285384 -2.346117 -1.242150 3.352238 0.452871 2.242078 0.397550 0.563059 2.430477 0.257042 10.441091 -0.467153 -0.504371 0.678235 3.637906
1 32.222272 -8.961580 -0.333163 -0.285384 -2.346117 -1.242150 3.352238 0.452871 2.242078 0.397550 0.563059 2.430477 0.257042 10.441091 -0.467153 -0.504371 0.678235 3.637906
1 32.222272 -8.961580 -0.333163 -0.285384 -2.346117 -1.242150 3.352238 0.452871 2.242078 0.397550 0.563059 2.430477 0.257042 10.441091 -0.467153 -0.504371 0.678235 3.637906
1 32.222272 -8.961580 -0.333163 -0.285384 -2.346117 -1.242150 3.352238 0.452871 2.242078 0.397550 0.563059 2.430477 0.257042 10.441091 -0.467153 -0.504371 0.678235 3.637906
1 32.222272 -8.961580 -0.333163 -0.285384 -2.346117 -1.242150 3.352238 0.452871 2.242078 0.397550 0.563059 2.430477 0.257042 10.441091 -0.467153 -0.504371 0.678235 3.637906
1 32.222272 -8.961580 -0.333163 -0.285384 -2.346117 -1.242150 3.352238 0.452871 2.242078 0.397550 0.563059 2.430477 0.257042 10.441091 -0.467153 -0.504371 0.678235 3.637906
1 32.222272 -8.961580 -0.333163 -0.285384 -2.346117 -1.242150 3.352238 0.452871 2.242078 0.397550 0.563059 2.430477 0.257042 10.441091 -0.467153 -0.504371 0.678235 3.637906
1 32.222272 -8.961580 -0.333163 -0.285384 -2.346117 -1.242150 3.352238 0.452871 2.242078 0.397550 0.563059 2.430477 0.257042 10.441091 -0.467153 -0.504371 0.678235 3.637906
1 31.601659 -8.931857 -0.341389 -0.262148 -2.340305 -1.213456 3.351113 0.467771 2.223088 0.396997 0.569223 2.452569 0.262818 10.439972 -0.481529 -0.517543 0.668507 3.629047
1 31.601659 -8.931857 -0.341389 -0.262148 -2.340305 -1.213456 3.351113 0.467771 2.223088 0.396997 0.569223 2.452569 0.262818 10.439972 -0.481529 -0.517543 0.668507 3.629047
1 31.601659 -8.931857 -0.341389 -0.262148 -2.340305 -1.213456 3.351113 0.467771 2.223088 0.396997 0.569223 2.452569 0.262818 10.439972 -0.481529 -0.517543 0.668507 3.629047
1 31.601659 -8.931857 -0.341389 -0.262148 -2.340305 -1.213456 3.351113 0.467771 2.223088 0.396997 0.569223 2.452569 0.262818 10.439972 -0.481529 -0.517543 0.668507 3.629047
1 31.601659 -8.931857 -0.341389 -0.262148 -2.340305 -1.213456 3.351113 0.467771 2.223088 0.396997 0.569223 2.452569 0.262818 10.439972 -0.481529 -0.517543 0.668507 3.629047
1 31.601659 -8.931857 -0.341389 -0.262148 -2.340305 -1.213456 3.351113 0.467771 2.223088 0.396997 0.569223 2.452569 0.262818 10.439972 -0.481529 -0.517543 0.668507 3.629047
1 31.601659 -8.931857 -0.341389 -0.262148 -2.340305 -1.213456 3.351113 0.467771 2.223088 0.396997 0.569223 2.452569 0.262818 10.439972 -0.481529 -0.517543 0.668507 3.629047
1 31.601659 -8.931857 -0.341389 -0.262148 -2.340305 -1.213456 3.351113 0.467771 2.223088 0.396997 0.569223 2.452569 0.262818 10.439972 -0.481529 -0.517543 0.668507 3.629047
1 31.601659 -8.931857 -0.341389 -0.262148 -2.340305 -1.213456 3.351113 0.467771 2.223088 0.396997 0.569223 2.452569 0.262818 10.439972 -0.481529 -0.517543 0.668507 3.629047
1 31.601659 -8.931857 -0.341389 -0.262148 -2.340305 -1.213456 3.351113 0.467771 2.223088 0.396997 0.569223 2.452569 0.262818 10.439972 -0.481529 -0.517543 0.668507 3.629047
1 31.601659 -8.931857 -0.341389 -0.262148 -2.340305 -1.213456 3.351113 0.467771 2.223088 0.396997 0.569223 2.452569 0.262818 10.439972 -0.481529 -0.517543 0.668507 3.629047
1 31.601659 -8.931857 -0.341389 -0.262148 -2.340305 -1.213456 3.351113 0.467771 2.223088 0.396997 0.569223 2.452569 0.262818 10.439972 -0.481529 -0.517543 0.668507 3.629047
1 31.601659 -8.931857 -0.341389 -0.262148 -2.340305 -1.213456 3.351113 0.467771 2.223088 0.396997 0.569223 2.452569 0.262818 10.439972 -0.481529 -0.517543 0.668507 3.629047
1 31.601659 -8.931857 -0.341389 -0.262148 -2.340305 -1.213456 3.351113 0.467771 2.223088 0.396997 0.569223 2.452569 0.262818 10.439972 -0.481529 -0.517543 0.668507 3.629047
1 31.601659 -8.931857 -0.341389 -0.262148 -2.340305 -1.213456 3.351113 0.467771 2.223088 0.396997 0.569223 2.452569 0.262818 10.439972 -0.481529 -0.517543 0.668507 3.629047
1 31.601659 -8.931857 -0.341389 -0.262148 -2.340305 -1.213456 3.351113 0.467771 2.223088 0.396997 0.569223 2.452569 0.262818 10.439972 -0.481529 -0.517543 0.668507 3.629047
1 31.601659 -8.931857 -0.341389 -0.262148 -2.340305 -1.213456 3.351113 0.467771 2.223088 0.396997 0.569223 2.452569 0.262818 10.439972 -0.481529 -0.517543 0.668507 3.629047
1 31.601659 -8.931857 -0.341389 -0.262148 -2.340305 -1.213456 3.351113 0.467771 2.223088 0.396997 0.569223 2.452569 0.262818 10.439972 -0.481529 -0.517543 0.668507 3.629047
1 31.601659 -8.931857 -0.341389 -0.262148 -2.340305 -1.213456 3.351113 0.467771 2.223088 0.396997 0.569223 2.452569 0.262818 10.439972 -0.481529 -0.517543 0.668507 3.629047
1 31.601659 -8.931857 -0.341389 -0.262148 -2.340305 -1.213456 3.351113 0.467771 2.223088 0.396997 0.569223 2.452569 0.262818 10.439972 -0.481529 -0.517543 0.668507 3.629047
1 31.601659 -8.931857 -0.341389 -0.262148 -2.340305 -1.213456 3.351113 0.467771 2.223088 0.396997 0.569223 2.452569 0.262818 10.439972 -0.481529 -0.517543 0.668507 3.629047
1 31.601659 -8.931857 -0.341389 -0.262148 -2.340305 -1.213456 3.351113 0.467771 2.223088 0.396997 0.569223 2.452569 0.262818 10.439972 -0.481529 -0.517543 0.668507 3.629047
1 31.601659 -8.931857 -0.341389 -0.262148 -2.340305 -1.213456 3.351113 0.467771 2.223088 0.396997 0.569223 2.452569 0.262818 10.439972 -0.481529 -0.517543 0.668507 3.629047
1 31.601659 -8.931857 -0.341389 -0.262148 -2.340305 -1.213456 3.351113 0.467771 2.223088 0.396997 0.569223 2.452569 0.262818 10.439972 -0.481529 -0.517543 0.668507 3.629047
1 31.601659 -8.931857 -0.341389 -0.262148 -2.340305 -1.213456 3.351113 0.467771 2.223088 0.396997 0.569223 2.452569 0.262818 10.439972 -0.481529 -0.517543 0.668507 3.629047
1 31.601659 -8.931857 -0.341389 -0.262148 -2.340305 -1.213456 3.351113 0.467771 2.223088 0.396997 0.569223 2.452569 0.262818 10.439972 -0.481529 -0.517543 0.668507 3.629047
1 31.601659 -8.931857 -0.341389 -0.262148 -2.340305 -1.213456 3.351113 0.467771 2.223088 0.396997 0.569223 2.452569 0.262818 10.439972 -0.481529 -0.517543 0.668507 3.629047
1 31.601659 -8.931857 -0.341389 -0.262148 -2.340305 -1.213456 3.351113 0.467771 2.223088 0.396997 0.569223 2.452569 0.262818 10.439972 -0.481529 -0.517543 0.668507 3.629047
1 31.601659 -8.931857 -0.341389 -0.262148 -2.340305 -1.213456 3.351113 0.467771 2.223088 0.396997 0.569223 2.452569 0.262818 10.439972 -0.481529 -0.517543 0.668507 3.629047
1 31.601659 -8.931857 -0.341389 -0.262148 -2.340305 -1.213456 3.351113 0.467771 2.223088 0.396997 0.569223 2.452569 0.262818 10.439972 -0.481529 -0.517543 0.668507 3.629047
1 31.601659 -8.931857 -0.341389 -0.262148 -2.340305 -1.213456 3.351113 0.467771 2.223088 0.396997 0.569223 2.452569 0.262818 10.439972 -0.481529 -0.517543 0.668507 3.629047
1 31.601659 -8.931857 -0.341389 -0.262148 -2.340305 -1.213456 3.351113 0.467771 2.223088 0.396997 0.569223 2.452569 0.262818 10.439972 -0.481529 -0.517543 0.668507 3.629047
1 31.601659 -8.931857 -0.341389 -0.262148 -2.340305 -1.213456 3.351113 0.467771 2.223088 0.396997 0.569223 2.452569 0.262818 10.439972 -0.481529 -0.517543 0.668507 3.629047
1 31.601659 -8.931857 -0.341389 -0.262148 -2.340305 -1.213456 3.351113 0.467771 2.223088 0.396997 0.569223 2.452569 0.262818 10.439972 -0.481529 -0.517543 0.668507 3.629047
1 31.601659 -8.931857 -0.341389 -0.262148 -2.340305 -1.213456 3.351113 0.467771 2.223088 0.396997 0.569223 2.452569 0.262818 10.439972 -0.481529 -0.517543 0.668507 3.629047
1 31.601659 -8.931857 -0.341389 -0.262148 -2.340305 -1.213456 3.351113 0.467771 2.223088 0.396997 0.569223 2.452569 0.262818 10.439972 -0.481529 -0.517543 0.668507 3.629047
1 31.601659 -8.931857 -0.341389 -0.262148 -2.340305 -1.213456 3.351113 0.467771 2.223088 0.396997 0.569223 2.452569 0.262818 10.439972 -0.481529 -0.517543 0.668507 3.629047
1 31.601659 -8.931857 -0.341389 -0.262148 -2.340305 -1.213456 3.351113 0.467771 2.223088 0.396997 0.569223 2.452569 0.262818 10.439972 -0.481529 -0.517543 0.668507 3.629047
1 31.601659 -8.931857 -0.341389 -0.262148 -2.340305 -1.213456 3.351113 0.467771 2.223088 0.396997 0.569223 2.452569 0.262818 10.439972 -0.481529 -0.517543 0.668507 3.629047
1 31.601659 -8.931857 -0.341389 -0.262148 -2.340305 -1.213456 3.351113 0.467771 2.223088 0.396997 0.569223 2.452569 0.262818 10.439972 -0.481529 -0.517543 0.668507 3.629047
1 31.601659 -8.931857 -0.341389 -0.262148 -2.340305 -1.213456 3.351113 0.467771 2.223088 0.396997 0.569223 2.452569 0.262818 10.439972 -0.481529 -0.517543 0.668507 3.629047
1 31.601659 -8.931857 -0.341389 -0.262148 -2.340305 -1.213456 3.351113 0.467771 2.223088 0.396997 0.569223 2.452569 0.262818 10.439972 -0.481529 -0.517543 0.668507 3.629047
1 31.601659 -8.931857 -0.341389 -0.262148 -2.340305 -1.213456 3.351113 0.467771 2.223088 0.396997 0.569223 2.452569 0.262818 10.439972 -0.481529 -0.517543 0.668507 3.629047
1 31.601659 -8.931857 -0.341389 -0.262148 -2.340305 -1.213456 3.351113 0.467771 2.223088 0.396997 0.569223 2.452569 0.262818 10.439972 -0.481529 -0.517543 0.668507 3.629047
1 31.601659 -8.931857 -0.341389 -0.262148 -2.340305 -1.213456 3.351113 0.467771 2.223088 0.396997 0.569223 2.452569 0.262818 10.439972 -0.481529 -0.517543 0.668507 3.629047
1 31.601659 -8.931857 -0.341389 -0.262148 -2.340305 -1.213456 3.351113 0.467771 2.223088 0.396997 0.569223 2.452569 0.262818 10.439972 -0.481529 -0.517543 0.668507 3.629047
1 31.601659 -8.931857 -0.341389 -0.262148 -2.340305 -1.213456 3.351113 0.467771 2.223088 0.396997 0.569223 2.452569 0.262818 10.439972 -0.481529 -0.517543 0.668507 3.629047
1 31.601659 -8.931857 -0.341389 -0.262148 -2.340305 -1.213456 3.351113 0.467771 2.223088 0.396997 0.569223 2.452569 0.262818 10.439972 -0.481529 -0.517543 0.668507 3.629047
1 31.601659 -8.931857 -0.341389 -0.262148 -2.340305 -1.213456 3.351113 0.467771 2.223088 0.396997 0.569223 2.452569 0.262818 10.439972 -0.481529 -0.517543 0.668507 3.629047
1 31.601659 -8.931857 -0.341389 -0.262148 -2.340305 -1.213456 3.351113 0.467771 2.223088 0.396997 0.569223 2.452569 0.262818 10.439972 -0.481529 -0.517543 0.668507 3.629047
1 31.601659 -8.931857 -0.341389 -0.262148 -2.340305 -1.213456 3.351113 0.467771 2.223088 0.396997 0.569223 2.452569 0.262818 10.439972 -0.481529 -0.517543 0.668507 3.629047
1 31.601659 -8.931857 -0.341389 -0.262148 -2.340305 -1.213456 3.351113 0.467771 2.223088 0.396997 0.569223 2.452569 0.262818 10.439972 -0.481529 -0.517543 0.668507 3.629047
1 31.601659 -8.931857 -0.341389 -0.262148 -2.340305 -1.213456 3.351113 0.467771 2.223088 0.396997 0.569223 2.452569 0.262818 10.439972 -0.481529 -0.517543 0.668507 3.629047
1 31.601659 -8.931857 -0.341389 -0.262148 -2.340305 -1.213456 3.351113 0.467771 2.223088 0.396997 0.569223 2.452569 0.262818 10.439972 -0.481529 -0.517543 0.668507 3.629047
1 31.601659 -8.931857 -0.341389 -0.262148 -2.340305 -1.213456 3.351113 0.467771 2.223088 0.396997 0.569223 2.452569 0.262818 10.439972 -0.481529 -0.517543 0.668507 3.629047
1 31.601659 -8.931857 -0.341389 -0.262148 -2.340305 -1.213456 3.351113 0.467771 2.223088 0.396997 0.569223 2.452569 0.262818 10.439972 -0.481529 -0.517543 0.668507 3.629047
1 31.601659 -8.931857 -0.341389 -0.262148 -2.340305 -1.213456 3.351113 0.467771 2.223088 0.396997 0.569223 2.452569 0.262818 10.439972 -0.481529 -0.517543 0.668507 3.629047
1 31.601659 -8.931857 -0.341389 -0.262148 -2.340305 -1.213456 3.351113 0.467771 2.223088 0.396997 0.569223 2.452569 0.262818 10.439972 -0.481529 -0.517543 0.668507 3.629047
1 31.601659 -8.931857 -0.341389 -0.262148 -2.340305 -1.213456 3.351113 0.467771 2.223088 0.396997 0.569223 2.452569 0.262818 10.439972 -0.481529 -0.517543 0.668507 3.629047
1 31.601659 -8.931857 -0.341389 -0.262148 -2.340305 -1.213456 3.351113 0.467771 2.223088 0.396997 0.569223 2.452569 0.262818 10.439972 -0.481529 -0.517543 0.668507 3.629047
1 31.601659 -8.931857 -0.341389 -0.262148 -2.340305 -1.213456 3.351113 0.467771 2.223088 0.396997 0.569223 2.452569 0.262818 10.439972 -0.481529 -0.517543 0.668507 3.629047
1 31.601659 -8.931857 -0.341389 -0.262148 -2.340305 -1.213456 3.351113 0.467771 2.223088 0.396997 0.569223 2.452569 0.262818 10.439972 -0.481529 -0.517543 0.668507 3.629047
1 31.601659 -8.931857 -0.341389 -0.262148 -2.340305 -1.213456 3.351113 0.467771 2.223088 0.396997 0.569223 2.452569 0.262818 10.439972 -0.481529 -0.517543 0.668507 3.629047
1 31.601659 -8.931857 -0.341389 -0.262148 -2.340305 -1.213456 3.351113 0.467771 2.223088 0.396997 0.569223 2.452569 0.262818 10.439972 -0.481529 -0.517543 0.668507 3.629047
1 31.601659 -8.931857 -0.341389 -0.262148 -2.340305 -1.213456 3.351113 0.467771 2.223088 0.396997 0.569223 2.452569 0.262818 10.439972 -0.481529 -0.517543 0.668507 3.629047
1 31.601659 -8.931857 -0.341389 -0.262148 -2.340305 -1.213456 3.351113 0.467771 2.223088 0.396997 0.569223 2.452569 0.262818 10.439972 -0.481529 -0.517543 0.668507 3.629047
1 31.601659 -8.931857 -0.341389 -0.262148 -2.340305 -1.213456 3.351113 0.467771 2.223088 0.396997 0.569223 2.452569 0.262818 10.439972 -0.481529 -0.517543 0.668507 3.629047
1 31.601659 -8.931857 -0.341389 -0.262148 -2.340305 -1.213456 3.351113 0.467771 2.223088 0.396997 0.569223 2.452569 0.262818 10.439972 -0.481529 -0.517543 0.668507 3.629047
1 31.601659 -8.931857 -0.341389 -0.262148 -2.340305 -1.213456 3.351113 0.467771 2.223088 0.396997 0.569223 2.452569 0.262818 10.439972 -0.481529 -0.517543 0.668507 3.629047
1 31.601659 -8.931857 -0.341389 -0.262148 -2.340305 -1.213456 3.351113 0.467771 2.223088 0.396997 0.569223 2.452569 0.262818 10.439972 -0.481529 -0.517543 0.668507 3.629047
1 31.601659 -8.931857 -0.341389 -0.262148 -2.340305 -1.213456 3.351113 0.467771 2.223088 0.396997 0.569223 2.452569 0.262818 10.439972 -0.481529 -0.517543 0.668507 3.629047
1 31.601659 -8.931857 -0.341389 -0.262148 -2.340305 -1.213456 3.351113 0.467771 2.223088 0.396997 0.569223 2.452569 0.262818 10.439972 -0.481529 -0.517543 0.668507 3.629047
1 31.601659 -8.931857 -0.341389 -0.262148 -2.340305 -1.213456 3.351113 0.467771 2.223088 0.396997 0.569223 2.452569 0.262818 10.439972 -0.481529 -0.517543 0.668507 3.629047
1 31.601659 -8.931857 -0.341389 -0.262148 -2.340305 -1.213456 3.351113 0.467771 2.223088 0.396997 0.569223 2.452569 0.262818 10.439972 -0.481529 -0.517543 0.668507 3.629047
1 31.601659 -8.931857 -0.341389 -0.262148 -2.340305 -1.213456 3.351113 0.467771 2.223088 0.396997 0.569223 2.452569 0.262818 10.439972 -0.481529 -0.517543 0.668507 3.629047
1 31.601659 -8.931857 -0.341389 -0.262148 -2.340305 -1.213456 3.351113 0.467771 2.223088 0.396997 0.569223 2.452569 0.262818 10.439972 -0.481529 -0.517543 0.668507 3.629047
1 31.601659 -8.931857 -0.341389 -0.262148 -2.340305 -1.213456 3.351113 0.467771 2.223088 0.396997 0.569223 2.452569 0.262818 10.439972 -0.481529 -0.517543 0.668507 3.629047
1 31.601659 -8.931857 -0.341389 -0.262148 -2.340305 -1.213456 3.351113 0.467771 2.223088 0.396997 0.569223 2.452569 0.262818 10.439972 -0.481529 -0.517543 0.668507 3.629047
1 31.601659 -8.931857 -0.341389 -0.262148 -2.340305 -1.213456 3.351113 0.467771 2.223088 0.396997 0.569223 2.452569 0.262818 10.439972 -0.481529 -0.517543 0.668507 3.629047
1 31.601659 -8.931857 -0.341389 -0.262148 -2.340305 -1.213456 3.351113 0.467771 2.223088 0.396997 0.569223 2.452569 0.262818 10.439972 -0.481529 -0.517543 0.668507 3.629047
1 31.601659 -8.931857 -0.341389 -0.262148 -2.340305 -1.213456 3.351113 0.467771 2.223088 0.396997 0.569223 2.452569 0.262818 10.439972 -0.481529 -0.517543 0.668507 3.629047
1 31.601659 -8.931857 -0.341389 -0.262148 -2.340305 -1.213456 3.351113 0.467771 2.223088 0.396997 0.569223 2.452569 0.262818 10.439972 -0.481529 -0.517543 0.668507 3.629047
1 31.601659 -8.931857 -0.341389 -0.262148 -2.340305 -1.213456 3.351113 0.467771 2.223088 0.396997 0.569223 2.452569 0.262818 10.439972 -0.481529 -0.517543 0.668507 3.629047
1 31.601659 -8.931857 -0.341389 -0.262148 -2.340305 -1.213456 3.351113 0.467771 2.223088 0.396997 0.569223 2.452569 0.262818 10.439972 -0.481529 -0.517543 0.668507 3.629047
1 31.601659 -8.931857 -0.341389 -0.262148 -2.340305 -1.213456 3.351113 0.467771 2.223088 0.396997 0.569223 2.452569 0.262818 10.439972 -0.481529 -0.517543 0.668507 3.629047
1 31.601659 -8.931857 -0.341389 -0.262148 -2.340305 -1.213456 3.351113 0.467771 2.223088 0.396997 0.569223 2.452569 0.262818 10.439972 -0.481529 -0.517543 0.668507 3.629047
1 31.601659 -8.931857 -0.341389 -0.262148 -2.340305 -1.213456 3.351113 0.467771 2.223088 0.396997 0.569223 2.452569 0.262818 10.439972 -0.481529 -0.517543 0.668507 3.629047
1 31.601659 -8.931857 -0.341389 -0.262148 -2.340305 -1.213456 3.351113 0.467771 2.223088 0.396997 0.569223 2.452569 0.262818 10.439972 -0.481529 -0.517543 0.668507 3.629047
1 31.601659 -8.931857 -0.341389 -0.262148 -2.340305 -1.213456 3.351113 0.467771 2.223088 0.396997 0.569223 2.452569 0.262818 10.439972 -0.481529 -0.517543 0.668507 3.629047
1 31.601659 -8.931857 -0.341389 -0.262148 -2.340305 -1.213456 3.351113 0.467771 2.223088 0.396997 0.569223 2.452569 0.262818 10.439972 -0.481529 -0.517543 0.668507 3.629047
1 31.601659 -8.931857 -0.341389 -0.262148 -2.340305 -1.213456 3.351113 0.467771 2.223088 0.396997 0.569223 2.452569 0.262818 10.439972 -0.481529 -0.517543 0.668507 3.629047
1 31.601659 -8.931857 -0.341389 -0.262148 -2.340305 -1.213456 3.351113 0.467771 2.223088 0.396997 0.569223 2.452569 0.262818 10.439972 -0.481529 -0.517543 0.668507 3.629047
1 31.601659 -8.931857 -0.341389 -0.262148 -2.340305 -1.213456 3.351113 0.467771 2.223088 0.396997 0.569223 2.452569 0.262818 10.439972 -0.481529 -0.517543 0.668507 3.629047
1 31.601659 -8.931857 -0.341389 -0.262148 -2.340305 -1.213456 3.351113 0.467771 2.223088 0.396997 0.569223 2.452569 0.262818 10.439972 -0.481529 -0.517543 0.668507 3.629047
1 31.601659 -8.931857 -0.341389 -0.262148 -2.340305 -1.213456 3.351113 0.467771 2.223088 0.396997 0.569223 2.452569 0.262818 10.439972 -0.481529 -0.517543 0.668507 3.629047
1 31.601659 -8.931857 -0.341389 -0.262148 -2.340305 -1.213456 3.351113 0.467771 2.223088 0.396997 0.569223 2.452569 0.262818 10.439972 -0.481529 -0.517543 0.668507 3.629047
