1 305.10553 -8.540075 -0.923902 -0.232586 -2.276087 -1.431394 3.450129 0.229609 2.499737 0.248764 0.577527 2.280829 0.133950 10.293577 -0.304790 0.277695 3.625824
1 305.10553 -8.540075 -0.923902 -0.232586 -2.276087 -1.431394 3.450129 0.229609 2.499737 0.248764 0.577527 2.280829 0.133950 10.293577 -0.304790 0.277695 3.625824
1 303.50978 -8.535667 -0.909997 -0.248065 -2.319100 -1.425416 3.459031 0.213983 2.503097 0.227352 0.560479 2.253393 0.135327 10.283992 -0.286734 0.238196 3.672318
1 303.50978 -8.535667 -0.909997 -0.248065 -2.319100 -1.425416 3.459031 0.213983 2.503097 0.227352 0.560479 2.253393 0.135327 10.283992 -0.286734 0.238196 3.672318
1 303.50978 -8.535667 -0.909997 -0.248065 -2.319100 -1.425416 3.459031 0.213983 2.503097 0.227352 0.560479 2.253393 0.135327 10.283992 -0.286734 0.238196 3.672318
1 303.50978 -8.535667 -0.909997 -0.248065 -2.319100 -1.425416 3.459031 0.213983 2.503097 0.227352 0.560479 2.253393 0.135327 10.283992 -0.286734 0.238196 3.672318
1 303.50978 -8.535667 -0.909997 -0.248065 -2.319100 -1.425416 3.459031 0.213983 2.503097 0.227352 0.560479 2.253393 0.135327 10.283992 -0.286734 0.238196 3.672318
1 303.50978 -8.535667 -0.909997 -0.248065 -2.319100 -1.425416 3.459031 0.213983 2.503097 0.227352 0.560479 2.253393 0.135327 10.283992 -0.286734 0.238196 3.672318
1 303.50978 -8.535667 -0.909997 -0.248065 -2.319100 -1.425416 3.459031 0.213983 2.503097 0.227352 0.560479 2.253393 0.135327 10.283992 -0.286734 0.238196 3.672318
1 303.50978 -8.535667 -0.909997 -0.248065 -2.319100 -1.425416 3.459031 0.213983 2.503097 0.227352 0.560479 2.253393 0.135327 10.283992 -0.286734 0.238196 3.672318
1 303.50978 -8.535667 -0.909997 -0.248065 -2.319100 -1.425416 3.459031 0.213983 2.503097 0.227352 0.560479 2.253393 0.135327 10.283992 -0.286734 0.238196 3.672318
1 303.50978 -8.535667 -0.909997 -0.248065 -2.319100 -1.425416 3.459031 0.213983 2.503097 0.227352 0.560479 2.253393 0.135327 10.283992 -0.286734 0.238196 3.672318
1 303.50978 -8.535667 -0.909997 -0.248065 -2.319100 -1.425416 3.459031 0.213983 2.503097 0.227352 0.560479 2.253393 0.135327 10.283992 -0.286734 0.238196 3.672318
1 301.6373 -8.557347 -0.921390 -0.271594 -2.310980 -1.464699 3.453868 0.209602 2.525183 0.207517 0.590566 2.252025 0.141843 10.296892 -0.295717 0.279198 3.669399
1 301.6373 -8.557347 -0.921390 -0.271594 -2.310980 -1.464699 3.453868 0.209602 2.525183 0.207517 0.590566 2.252025 0.141843 10.296892 -0.295717 0.279198 3.669399
1 301.6373 -8.557347 -0.921390 -0.271594 -2.310980 -1.464699 3.453868 0.209602 2.525183 0.207517 0.590566 2.252025 0.141843 10.296892 -0.295717 0.279198 3.669399
1 301.6373 -8.557347 -0.921390 -0.271594 -2.310980 -1.464699 3.453868 0.209602 2.525183 0.207517 0.590566 2.252025 0.141843 10.296892 -0.295717 0.279198 3.669399
1 301.6373 -8.557347 -0.921390 -0.271594 -2.310980 -1.464699 3.453868 0.209602 2.525183 0.207517 0.590566 2.252025 0.141843 10.296892 -0.295717 0.279198 3.669399
1 299.53163 -8.540014 -0.901486 -0.310452 -2.324322 -1.467231 3.440853 0.187836 2.523568 0.226385 0.586237 2.284066 0.121882 10.315129 -0.298574 0.285667 3.662048
1 299.53163 -8.540014 -0.901486 -0.310452 -2.324322 -1.467231 3.440853 0.187836 2.523568 0.226385 0.586237 2.284066 0.121882 10.315129 -0.298574 0.285667 3.662048
1 299.53163 -8.540014 -0.901486 -0.310452 -2.324322 -1.467231 3.440853 0.187836 2.523568 0.226385 0.586237 2.284066 0.121882 10.315129 -0.298574 0.285667 3.662048
1 299.53163 -8.540014 -0.901486 -0.310452 -2.324322 -1.467231 3.440853 0.187836 2.523568 0.226385 0.586237 2.284066 0.121882 10.315129 -0.298574 0.285667 3.662048
1 299.53163 -8.540014 -0.901486 -0.310452 -2.324322 -1.467231 3.440853 0.187836 2.523568 0.226385 0.586237 2.284066 0.121882 10.315129 -0.298574 0.285667 3.662048
1 299.53163 -8.540014 -0.901486 -0.310452 -2.324322 -1.467231 3.440853 0.187836 2.523568 0.226385 0.586237 2.284066 0.121882 10.315129 -0.298574 0.285667 3.662048
1 299.53163 -8.540014 -0.901486 -0.310452 -2.324322 -1.467231 3.440853 0.187836 2.523568 0.226385 0.586237 2.284066 0.121882 10.315129 -0.298574 0.285667 3.662048
1 299.53163 -8.540014 -0.901486 -0.310452 -2.324322 -1.467231 3.440853 0.187836 2.523568 0.226385 0.586237 2.284066 0.121882 10.315129 -0.298574 0.285667 3.662048
1 296.06045 -8.534444 -0.911770 -0.297678 -2.340723 -1.462292 3.426644 0.221610 2.516685 0.216242 0.591838 2.276759 0.108872 10.315417 -0.328704 0.271641 3.678801
1 296.06045 -8.534444 -0.911770 -0.297678 -2.340723 -1.462292 3.426644 0.221610 2.516685 0.216242 0.591838 2.276759 0.108872 10.315417 -0.328704 0.271641 3.678801
1 296.06045 -8.534444 -0.911770 -0.297678 -2.340723 -1.462292 3.426644 0.221610 2.516685 0.216242 0.591838 2.276759 0.108872 10.315417 -0.328704 0.271641 3.678801
1 296.06045 -8.534444 -0.911770 -0.297678 -2.340723 -1.462292 3.426644 0.221610 2.516685 0.216242 0.591838 2.276759 0.108872 10.315417 -0.328704 0.271641 3.678801
1 292.88496 -8.534842 -0.950037 -0.305811 -2.309478 -1.453222 3.465903 0.224869 2.516177 0.214909 0.566960 2.243961 0.088004 10.323182 -0.322905 0.275762 3.669676
1 292.88496 -8.534842 -0.950037 -0.305811 -2.309478 -1.453222 3.465903 0.224869 2.516177 0.214909 0.566960 2.243961 0.088004 10.323182 -0.322905 0.275762 3.669676
1 292.88496 -8.534842 -0.950037 -0.305811 -2.309478 -1.453222 3.465903 0.224869 2.516177 0.214909 0.566960 2.243961 0.088004 10.323182 -0.322905 0.275762 3.669676
1 292.88496 -8.534842 -0.950037 -0.305811 -2.309478 -1.453222 3.465903 0.224869 2.516177 0.214909 0.566960 2.243961 0.088004 10.323182 -0.322905 0.275762 3.669676
1 292.88496 -8.534842 -0.950037 -0.305811 -2.309478 -1.453222 3.465903 0.224869 2.516177 0.214909 0.566960 2.243961 0.088004 10.323182 -0.322905 0.275762 3.669676
1 292.88496 -8.534842 -0.950037 -0.305811 -2.309478 -1.453222 3.465903 0.224869 2.516177 0.214909 0.566960 2.243961 0.088004 10.323182 -0.322905 0.275762 3.669676
1 292.88496 -8.534842 -0.950037 -0.305811 -2.309478 -1.453222 3.465903 0.224869 2.516177 0.214909 0.566960 2.243961 0.088004 10.323182 -0.322905 0.275762 3.669676
1 292.88496 -8.534842 -0.950037 -0.305811 -2.309478 -1.453222 3.465903 0.224869 2.516177 0.214909 0.566960 2.243961 0.088004 10.323182 -0.322905 0.275762 3.669676
1 292.88496 -8.534842 -0.950037 -0.305811 -2.309478 -1.453222 3.465903 0.224869 2.516177 0.214909 0.566960 2.243961 0.088004 10.323182 -0.322905 0.275762 3.669676
1 286.65941 -8.535899 -0.991831 -0.284353 -2.318124 -1.497946 3.447539 0.210543 2.505431 0.238260 0.601144 2.245435 0.072976 10.339404 -0.348742 0.228271 3.665290
1 286.65941 -8.535899 -0.991831 -0.284353 -2.318124 -1.497946 3.447539 0.210543 2.505431 0.238260 0.601144 2.245435 0.072976 10.339404 -0.348742 0.228271 3.665290
1 286.65941 -8.535899 -0.991831 -0.284353 -2.318124 -1.497946 3.447539 0.210543 2.505431 0.238260 0.601144 2.245435 0.072976 10.339404 -0.348742 0.228271 3.665290
1 286.65941 -8.535899 -0.991831 -0.284353 -2.318124 -1.497946 3.447539 0.210543 2.505431 0.238260 0.601144 2.245435 0.072976 10.339404 -0.348742 0.228271 3.665290
1 286.65941 -8.535899 -0.991831 -0.284353 -2.318124 -1.497946 3.447539 0.210543 2.505431 0.238260 0.601144 2.245435 0.072976 10.339404 -0.348742 0.228271 3.665290
1 286.65941 -8.535899 -0.991831 -0.284353 -2.318124 -1.497946 3.447539 0.210543 2.505431 0.238260 0.601144 2.245435 0.072976 10.339404 -0.348742 0.228271 3.665290
1 285.46373 -8.556479 -0.989751 -0.255581 -2.318378 -1.513325 3.447900 0.205986 2.475952 0.267036 0.629398 2.223949 0.106941 10.365500 -0.390043 0.243263 3.682519
1 285.46373 -8.556479 -0.989751 -0.255581 -2.318378 -1.513325 3.447900 0.205986 2.475952 0.267036 0.629398 2.223949 0.106941 10.365500 -0.390043 0.243263 3.682519
1 285.46373 -8.556479 -0.989751 -0.255581 -2.318378 -1.513325 3.447900 0.205986 2.475952 0.267036 0.629398 2.223949 0.106941 10.365500 -0.390043 0.243263 3.682519
1 285.46373 -8.556479 -0.989751 -0.255581 -2.318378 -1.513325 3.447900 0.205986 2.475952 0.267036 0.629398 2.223949 0.106941 10.365500 -0.390043 0.243263 3.682519
1 285.46373 -8.556479 -0.989751 -0.255581 -2.318378 -1.513325 3.447900 0.205986 2.475952 0.267036 0.629398 2.223949 0.106941 10.365500 -0.390043 0.243263 3.682519
1 285.46373 -8.556479 -0.989751 -0.255581 -2.318378 -1.513325 3.447900 0.205986 2.475952 0.267036 0.629398 2.223949 0.106941 10.365500 -0.390043 0.243263 3.682519
1 285.46373 -8.556479 -0.989751 -0.255581 -2.318378 -1.513325 3.447900 0.205986 2.475952 0.267036 0.629398 2.223949 0.106941 10.365500 -0.390043 0.243263 3.682519
1 285.46373 -8.556479 -0.989751 -0.255581 -2.318378 -1.513325 3.447900 0.205986 2.475952 0.267036 0.629398 2.223949 0.106941 10.365500 -0.390043 0.243263 3.682519
1 285.46373 -8.556479 -0.989751 -0.255581 -2.318378 -1.513325 3.447900 0.205986 2.475952 0.267036 0.629398 2.223949 0.106941 10.365500 -0.390043 0.243263 3.682519
1 285.46373 -8.556479 -0.989751 -0.255581 -2.318378 -1.513325 3.447900 0.205986 2.475952 0.267036 0.629398 2.223949 0.106941 10.365500 -0.390043 0.243263 3.682519
1 285.46373 -8.556479 -0.989751 -0.255581 -2.318378 -1.513325 3.447900 0.205986 2.475952 0.267036 0.629398 2.223949 0.106941 10.365500 -0.390043 0.243263 3.682519
1 285.46373 -8.556479 -0.989751 -0.255581 -2.318378 -1.513325 3.447900 0.205986 2.475952 0.267036 0.629398 2.223949 0.106941 10.365500 -0.390043 0.243263 3.682519
1 285.46373 -8.556479 -0.989751 -0.255581 -2.318378 -1.513325 3.447900 0.205986 2.475952 0.267036 0.629398 2.223949 0.106941 10.365500 -0.390043 0.243263 3.682519
1 285.46373 -8.556479 -0.989751 -0.255581 -2.318378 -1.513325 3.447900 0.205986 2.475952 0.267036 0.629398 2.223949 0.106941 10.365500 -0.390043 0.243263 3.682519
1 285.46373 -8.556479 -0.989751 -0.255581 -2.318378 -1.513325 3.447900 0.205986 2.475952 0.267036 0.629398 2.223949 0.106941 10.365500 -0.390043 0.243263 3.682519
1 285.46373 -8.556479 -0.989751 -0.255581 -2.318378 -1.513325 3.447900 0.205986 2.475952 0.267036 0.629398 2.223949 0.106941 10.365500 -0.390043 0.243263 3.682519
1 285.46373 -8.556479 -0.989751 -0.255581 -2.318378 -1.513325 3.447900 0.205986 2.475952 0.267036 0.629398 2.223949 0.106941 10.365500 -0.390043 0.243263 3.682519
1 285.46373 -8.556479 -0.989751 -0.255581 -2.318378 -1.513325 3.447900 0.205986 2.475952 0.267036 0.629398 2.223949 0.106941 10.365500 -0.390043 0.243263 3.682519
1 285.46373 -8.556479 -0.989751 -0.255581 -2.318378 -1.513325 3.447900 0.205986 2.475952 0.267036 0.629398 2.223949 0.106941 10.365500 -0.390043 0.243263 3.682519
1 285.46373 -8.556479 -0.989751 -0.255581 -2.318378 -1.513325 3.447900 0.205986 2.475952 0.267036 0.629398 2.223949 0.106941 10.365500 -0.390043 0.243263 3.682519
1 285.46373 -8.556479 -0.989751 -0.255581 -2.318378 -1.513325 3.447900 0.205986 2.475952 0.267036 0.629398 2.223949 0.106941 10.365500 -0.390043 0.243263 3.682519
1 285.46373 -8.556479 -0.989751 -0.255581 -2.318378 -1.513325 3.447900 0.205986 2.475952 0.267036 0.629398 2.223949 0.106941 10.365500 -0.390043 0.243263 3.682519
1 285.46373 -8.556479 -0.989751 -0.255581 -2.318378 -1.513325 3.447900 0.205986 2.475952 0.267036 0.629398 2.223949 0.106941 10.365500 -0.390043 0.243263 3.682519
