1 189.47912 -8.562721 -0.851986 -0.801836 -2.963282 -1.762816 3.299625 0.431980 2.984489 0.424955 0.417090 2.045346 0.148737 10.734561 -1.501949 -0.515654 0.466200 3.395611
1 185.48602 -8.538832 -0.853513 -0.854223 -2.984195 -1.773089 3.280689 0.443893 2.996575 0.455155 0.365811 2.011723 0.148293 10.743789 -1.476431 -0.518512 0.451701 3.388211
1 179.98622 -8.521497 -0.837207 -0.846995 -2.975183 -1.800382 3.258066 0.484983 2.978912 0.479206 0.395320 2.026427 0.130541 10.737876 -1.474839 -0.523827 0.435770 3.348955
1 179.96963 -8.540045 -0.850299 -0.878163 -2.960704 -1.812336 3.239761 0.520963 2.932173 0.435248 0.372379 2.062294 0.119335 10.770612 -1.503875 -0.591008 0.465653 3.379308
1 168.00992 -8.538612 -0.857305 -0.898672 -2.968666 -1.775055 3.230684 0.496405 2.916000 0.433581 0.430099 2.088539 0.103806 10.761960 -1.531619 -0.601636 0.419818 3.396895
1 168.00992 -8.538612 -0.857305 -0.898672 -2.968666 -1.775055 3.230684 0.496405 2.916000 0.433581 0.430099 2.088539 0.103806 10.761960 -1.531619 -0.601636 0.419818 3.396895
1 168.00992 -8.538612 -0.857305 -0.898672 -2.968666 -1.775055 3.230684 0.496405 2.916000 0.433581 0.430099 2.088539 0.103806 10.761960 -1.531619 -0.601636 0.419818 3.396895
1 166.66738 -8.527840 -0.855905 -0.898530 -2.937014 -1.803730 3.241802 0.528810 2.932827 0.423768 0.425950 2.051331 0.113365 10.769747 -1.562746 -0.560739 0.414911 3.369438
1 166.66738 -8.527840 -0.855905 -0.898530 -2.937014 -1.803730 3.241802 0.528810 2.932827 0.423768 0.425950 2.051331 0.113365 10.769747 -1.562746 -0.560739 0.414911 3.369438
1 166.66738 -8.527840 -0.855905 -0.898530 -2.937014 -1.803730 3.241802 0.528810 2.932827 0.423768 0.425950 2.051331 0.113365 10.769747 -1.562746 -0.560739 0.414911 3.369438
1 166.66738 -8.527840 -0.855905 -0.898530 -2.937014 -1.803730 3.241802 0.528810 2.932827 0.423768 0.425950 2.051331 0.113365 10.769747 -1.562746 -0.560739 0.414911 3.369438
1 166.66738 -8.527840 -0.855905 -0.898530 -2.937014 -1.803730 3.241802 0.528810 2.932827 0.423768 0.425950 2.051331 0.113365 10.769747 -1.562746 -0.560739 0.414911 3.369438
1 166.66738 -8.527840 -0.855905 -0.898530 -2.937014 -1.803730 3.241802 0.528810 2.932827 0.423768 0.425950 2.051331 0.113365 10.769747 -1.562746 -0.560739 0.414911 3.369438
1 165.25591 -8.526989 -0.847184 -0.914493 -2.968935 -1.801965 3.231987 0.511370 2.881086 0.439324 0.432855 2.051792 0.129935 10.755953 -1.535912 -0.555383 0.407096 3.393331
1 165.25591 -8.526989 -0.847184 -0.914493 -2.968935 -1.801965 3.231987 0.511370 2.881086 0.439324 0.432855 2.051792 0.129935 10.755953 -1.535912 -0.555383 0.407096 3.393331
1 165.25591 -8.526989 -0.847184 -0.914493 -2.968935 -1.801965 3.231987 0.511370 2.881086 0.439324 0.432855 2.051792 0.129935 10.755953 -1.535912 -0.555383 0.407096 3.393331
1 165.25591 -8.526989 -0.847184 -0.914493 -2.968935 -1.801965 3.231987 0.511370 2.881086 0.439324 0.432855 2.051792 0.129935 10.755953 -1.535912 -0.555383 0.407096 3.393331
1 165.25591 -8.526989 -0.847184 -0.914493 -2.968935 -1.801965 3.231987 0.511370 2.881086 0.439324 0.432855 2.051792 0.129935 10.755953 -1.535912 -0.555383 0.407096 3.393331
1 166.15075 -8.513959 -0.850867 -0.896995 -2.972931 -1.792976 3.215880 0.474264 2.827569 0.458646 0.411049 2.074925 0.134694 10.754196 -1.559648 -0.558245 0.409722 3.434367
1 152.25917 -8.500007 -0.852434 -0.883032 -2.947884 -1.810380 3.172685 0.479068 2.855965 0.434008 0.422900 2.048099 0.129697 10.756411 -1.539973 -0.602149 0.400019 3.398955
1 143.38658 -8.494959 -0.844662 -0.879446 -2.924970 -1.827229 3.161540 0.481870 2.879600 0.430935 0.425264 2.041358 0.154839 10.699991 -1.551572 -0.578567 0.419676 3.392479
1 134.81594 -8.509771 -0.838109 -0.870954 -2.921846 -1.818009 3.108595 0.484683 2.897834 0.404194 0.431465 2.046536 0.161874 10.699032 -1.528367 -0.551883 0.436654 3.405272
1 134.81594 -8.509771 -0.838109 -0.870954 -2.921846 -1.818009 3.108595 0.484683 2.897834 0.404194 0.431465 2.046536 0.161874 10.699032 -1.528367 -0.551883 0.436654 3.405272
1 134.81594 -8.509771 -0.838109 -0.870954 -2.921846 -1.818009 3.108595 0.484683 2.897834 0.404194 0.431465 2.046536 0.161874 10.699032 -1.528367 -0.551883 0.436654 3.405272
1 134.81594 -8.509771 -0.838109 -0.870954 -2.921846 -1.818009 3.108595 0.484683 2.897834 0.404194 0.431465 2.046536 0.161874 10.699032 -1.528367 -0.551883 0.436654 3.405272
1 134.81594 -8.509771 -0.838109 -0.870954 -2.921846 -1.818009 3.108595 0.484683 2.897834 0.404194 0.431465 2.046536 0.161874 10.699032 -1.528367 -0.551883 0.436654 3.405272
1 134.81594 -8.509771 -0.838109 -0.870954 -2.921846 -1.818009 3.108595 0.484683 2.897834 0.404194 0.431465 2.046536 0.161874 10.699032 -1.528367 -0.551883 0.436654 3.405272
1 134.81594 -8.509771 -0.838109 -0.870954 -2.921846 -1.818009 3.108595 0.484683 2.897834 0.404194 0.431465 2.046536 0.161874 10.699032 -1.528367 -0.551883 0.436654 3.405272
1 134.81594 -8.509771 -0.838109 -0.870954 -2.921846 -1.818009 3.108595 0.484683 2.897834 0.404194 0.431465 2.046536 0.161874 10.699032 -1.528367 -0.551883 0.436654 3.405272
1 134.81594 -8.509771 -0.838109 -0.870954 -2.921846 -1.818009 3.108595 0.484683 2.897834 0.404194 0.431465 2.046536 0.161874 10.699032 -1.528367 -0.551883 0.436654 3.405272
1 134.81594 -8.509771 -0.838109 -0.870954 -2.921846 -1.818009 3.108595 0.484683 2.897834 0.404194 0.431465 2.046536 0.161874 10.699032 -1.528367 -0.551883 0.436654 3.405272
1 134.81594 -8.509771 -0.838109 -0.870954 -2.921846 -1.818009 3.108595 0.484683 2.897834 0.404194 0.431465 2.046536 0.161874 10.699032 -1.528367 -0.551883 0.436654 3.405272
1 134.81594 -8.509771 -0.838109 -0.870954 -2.921846 -1.818009 3.108595 0.484683 2.897834 0.404194 0.431465 2.046536 0.161874 10.699032 -1.528367 -0.551883 0.436654 3.405272
1 134.81594 -8.509771 -0.838109 -0.870954 -2.921846 -1.818009 3.108595 0.484683 2.897834 0.404194 0.431465 2.046536 0.161874 10.699032 -1.528367 -0.551883 0.436654 3.405272
1 134.81594 -8.509771 -0.838109 -0.870954 -2.921846 -1.818009 3.108595 0.484683 2.897834 0.404194 0.431465 2.046536 0.161874 10.699032 -1.528367 -0.551883 0.436654 3.405272
1 134.0356 -8.534549 -0.859553 -0.886735 -2.908933 -1.809203 3.133169 0.515566 2.931593 0.405847 0.440152 2.052483 0.194176 10.685003 -1.573895 -0.548226 0.409305 3.421543
1 134.0356 -8.534549 -0.859553 -0.886735 -2.908933 -1.809203 3.133169 0.515566 2.931593 0.405847 0.440152 2.052483 0.194176 10.685003 -1.573895 -0.548226 0.409305 3.421543
1 131.90303 -8.550181 -0.884303 -0.898658 -2.893294 -1.798066 3.113739 0.470311 2.956665 0.369422 0.414907 2.034186 0.219053 10.659596 -1.584121 -0.510452 0.408139 3.416129
1 124.94583 -8.575739 -0.895344 -0.878673 -2.865834 -1.806265 3.116085 0.451459 2.991854 0.359176 0.373692 2.085357 0.260080 10.694109 -1.618137 -0.510783 0.385699 3.412178
1 124.94583 -8.575739 -0.895344 -0.878673 -2.865834 -1.806265 3.116085 0.451459 2.991854 0.359176 0.373692 2.085357 0.260080 10.694109 -1.618137 -0.510783 0.385699 3.412178
1 124.94583 -8.575739 -0.895344 -0.878673 -2.865834 -1.806265 3.116085 0.451459 2.991854 0.359176 0.373692 2.085357 0.260080 10.694109 -1.618137 -0.510783 0.385699 3.412178
1 124.94583 -8.575739 -0.895344 -0.878673 -2.865834 -1.806265 3.116085 0.451459 2.991854 0.359176 0.373692 2.085357 0.260080 10.694109 -1.618137 -0.510783 0.385699 3.412178
1 124.94583 -8.575739 -0.895344 -0.878673 -2.865834 -1.806265 3.116085 0.451459 2.991854 0.359176 0.373692 2.085357 0.260080 10.694109 -1.618137 -0.510783 0.385699 3.412178
1 124.94583 -8.575739 -0.895344 -0.878673 -2.865834 -1.806265 3.116085 0.451459 2.991854 0.359176 0.373692 2.085357 0.260080 10.694109 -1.618137 -0.510783 0.385699 3.412178
1 124.94583 -8.575739 -0.895344 -0.878673 -2.865834 -1.806265 3.116085 0.451459 2.991854 0.359176 0.373692 2.085357 0.260080 10.694109 -1.618137 -0.510783 0.385699 3.412178
1 124.94583 -8.575739 -0.895344 -0.878673 -2.865834 -1.806265 3.116085 0.451459 2.991854 0.359176 0.373692 2.085357 0.260080 10.694109 -1.618137 -0.510783 0.385699 3.412178
1 119.46456 -8.523810 -0.896919 -0.860733 -2.836133 -1.779564 3.143464 0.446902 2.987684 0.338765 0.386296 2.053821 0.239762 10.682931 -1.639595 -0.483027 0.358781 3.408451
1 118.42772 -8.518413 -0.899457 -0.878934 -2.825481 -1.778418 3.125814 0.479469 2.950120 0.327005 0.374933 2.057036 0.251116 10.694032 -1.647463 -0.495588 0.357059 3.421888
1 118.42772 -8.518413 -0.899457 -0.878934 -2.825481 -1.778418 3.125814 0.479469 2.950120 0.327005 0.374933 2.057036 0.251116 10.694032 -1.647463 -0.495588 0.357059 3.421888
1 118.42772 -8.518413 -0.899457 -0.878934 -2.825481 -1.778418 3.125814 0.479469 2.950120 0.327005 0.374933 2.057036 0.251116 10.694032 -1.647463 -0.495588 0.357059 3.421888
1 118.42772 -8.518413 -0.899457 -0.878934 -2.825481 -1.778418 3.125814 0.479469 2.950120 0.327005 0.374933 2.057036 0.251116 10.694032 -1.647463 -0.495588 0.357059 3.421888
1 118.42772 -8.518413 -0.899457 -0.878934 -2.825481 -1.778418 3.125814 0.479469 2.950120 0.327005 0.374933 2.057036 0.251116 10.694032 -1.647463 -0.495588 0.357059 3.421888
1 118.2559 -8.545858 -0.911150 -0.900622 -2.808437 -1.788584 3.127950 0.472827 2.956907 0.304314 0.335374 2.044280 0.279826 10.688305 -1.636890 -0.510941 0.320870 3.431571
1 118.2559 -8.545858 -0.911150 -0.900622 -2.808437 -1.788584 3.127950 0.472827 2.956907 0.304314 0.335374 2.044280 0.279826 10.688305 -1.636890 -0.510941 0.320870 3.431571
1 117.73708 -8.606608 -0.925769 -0.886820 -2.783793 -1.784331 3.139508 0.424185 2.984664 0.311012 0.383029 2.062646 0.307028 10.674712 -1.626578 -0.497744 0.349034 3.458598
1 117.73708 -8.606608 -0.925769 -0.886820 -2.783793 -1.784331 3.139508 0.424185 2.984664 0.311012 0.383029 2.062646 0.307028 10.674712 -1.626578 -0.497744 0.349034 3.458598
1 117.73708 -8.606608 -0.925769 -0.886820 -2.783793 -1.784331 3.139508 0.424185 2.984664 0.311012 0.383029 2.062646 0.307028 10.674712 -1.626578 -0.497744 0.349034 3.458598
1 117.73708 -8.606608 -0.925769 -0.886820 -2.783793 -1.784331 3.139508 0.424185 2.984664 0.311012 0.383029 2.062646 0.307028 10.674712 -1.626578 -0.497744 0.349034 3.458598
1 117.73708 -8.606608 -0.925769 -0.886820 -2.783793 -1.784331 3.139508 0.424185 2.984664 0.311012 0.383029 2.062646 0.307028 10.674712 -1.626578 -0.497744 0.349034 3.458598
1 117.73708 -8.606608 -0.925769 -0.886820 -2.783793 -1.784331 3.139508 0.424185 2.984664 0.311012 0.383029 2.062646 0.307028 10.674712 -1.626578 -0.497744 0.349034 3.458598
1 117.73708 -8.606608 -0.925769 -0.886820 -2.783793 -1.784331 3.139508 0.424185 2.984664 0.311012 0.383029 2.062646 0.307028 10.674712 -1.626578 -0.497744 0.349034 3.458598
1 117.73708 -8.606608 -0.925769 -0.886820 -2.783793 -1.784331 3.139508 0.424185 2.984664 0.311012 0.383029 2.062646 0.307028 10.674712 -1.626578 -0.497744 0.349034 3.458598
1 117.73708 -8.606608 -0.925769 -0.886820 -2.783793 -1.784331 3.139508 0.424185 2.984664 0.311012 0.383029 2.062646 0.307028 10.674712 -1.626578 -0.497744 0.349034 3.458598
1 117.73708 -8.606608 -0.925769 -0.886820 -2.783793 -1.784331 3.139508 0.424185 2.984664 0.311012 0.383029 2.062646 0.307028 10.674712 -1.626578 -0.497744 0.349034 3.458598
1 117.73708 -8.606608 -0.925769 -0.886820 -2.783793 -1.784331 3.139508 0.424185 2.984664 0.311012 0.383029 2.062646 0.307028 10.674712 -1.626578 -0.497744 0.349034 3.458598
1 117.73708 -8.606608 -0.925769 -0.886820 -2.783793 -1.784331 3.139508 0.424185 2.984664 0.311012 0.383029 2.062646 0.307028 10.674712 -1.626578 -0.497744 0.349034 3.458598
1 117.73708 -8.606608 -0.925769 -0.886820 -2.783793 -1.784331 3.139508 0.424185 2.984664 0.311012 0.383029 2.062646 0.307028 10.674712 -1.626578 -0.497744 0.349034 3.458598
1 117.73708 -8.606608 -0.925769 -0.886820 -2.783793 -1.784331 3.139508 0.424185 2.984664 0.311012 0.383029 2.062646 0.307028 10.674712 -1.626578 -0.497744 0.349034 3.458598
1 112.77763 -8.603992 -0.914438 -0.892465 -2.769365 -1.770642 3.124719 0.436931 2.995333 0.315443 0.378926 2.026948 0.316755 10.677991 -1.628527 -0.490442 0.383796 3.425956
1 112.77763 -8.603992 -0.914438 -0.892465 -2.769365 -1.770642 3.124719 0.436931 2.995333 0.315443 0.378926 2.026948 0.316755 10.677991 -1.628527 -0.490442 0.383796 3.425956
1 112.77763 -8.603992 -0.914438 -0.892465 -2.769365 -1.770642 3.124719 0.436931 2.995333 0.315443 0.378926 2.026948 0.316755 10.677991 -1.628527 -0.490442 0.383796 3.425956
1 112.77763 -8.603992 -0.914438 -0.892465 -2.769365 -1.770642 3.124719 0.436931 2.995333 0.315443 0.378926 2.026948 0.316755 10.677991 -1.628527 -0.490442 0.383796 3.425956
1 112.77763 -8.603992 -0.914438 -0.892465 -2.769365 -1.770642 3.124719 0.436931 2.995333 0.315443 0.378926 2.026948 0.316755 10.677991 -1.628527 -0.490442 0.383796 3.425956
1 112.77763 -8.603992 -0.914438 -0.892465 -2.769365 -1.770642 3.124719 0.436931 2.995333 0.315443 0.378926 2.026948 0.316755 10.677991 -1.628527 -0.490442 0.383796 3.425956
1 114.18168 -8.595767 -0.936045 -0.923537 -2.775714 -1.750730 3.132386 0.432714 2.989111 0.315212 0.413664 2.011329 0.335951 10.660393 -1.651898 -0.453309 0.344915 3.420442
1 114.18168 -8.595767 -0.936045 -0.923537 -2.775714 -1.750730 3.132386 0.432714 2.989111 0.315212 0.413664 2.011329 0.335951 10.660393 -1.651898 -0.453309 0.344915 3.420442
1 113.39723 -8.586562 -0.951097 -0.923908 -2.771714 -1.750318 3.150147 0.423158 2.965252 0.334142 0.417299 2.019183 0.399791 10.631392 -1.624002 -0.470209 0.339557 3.413862
1 113.39723 -8.586562 -0.951097 -0.923908 -2.771714 -1.750318 3.150147 0.423158 2.965252 0.334142 0.417299 2.019183 0.399791 10.631392 -1.624002 -0.470209 0.339557 3.413862
1 109.84004 -8.599416 -0.946957 -0.917359 -2.749247 -1.748723 3.138654 0.428212 2.914633 0.336708 0.427594 2.002787 0.387977 10.607756 -1.622421 -0.495538 0.322526 3.449193
1 109.84004 -8.599416 -0.946957 -0.917359 -2.749247 -1.748723 3.138654 0.428212 2.914633 0.336708 0.427594 2.002787 0.387977 10.607756 -1.622421 -0.495538 0.322526 3.449193
1 95.419149 -8.604854 -0.933036 -0.898245 -2.724482 -1.728011 3.125021 0.419026 2.904999 0.366798 0.440345 1.946766 0.395406 10.578499 -1.612492 -0.497179 0.324322 3.450544
1 95.419149 -8.604854 -0.933036 -0.898245 -2.724482 -1.728011 3.125021 0.419026 2.904999 0.366798 0.440345 1.946766 0.395406 10.578499 -1.612492 -0.497179 0.324322 3.450544
1 93.629528 -8.590341 -0.896671 -0.881468 -2.728540 -1.721375 3.118076 0.426072 2.886796 0.354577 0.449665 1.976377 0.402714 10.543993 -1.627373 -0.482485 0.321983 3.449547
1 91.870777 -8.564319 -0.899970 -0.876682 -2.707493 -1.723155 3.059321 0.424187 2.877164 0.379461 0.435850 1.919225 0.427316 10.520748 -1.626536 -0.469132 0.331751 3.434696
1 91.870777 -8.564319 -0.899970 -0.876682 -2.707493 -1.723155 3.059321 0.424187 2.877164 0.379461 0.435850 1.919225 0.427316 10.520748 -1.626536 -0.469132 0.331751 3.434696
1 89.982887 -8.561784 -0.873676 -0.859244 -2.690639 -1.742860 3.054762 0.446522 2.868904 0.359773 0.452071 1.944114 0.394185 10.533835 -1.594898 -0.501768 0.349356 3.464541
1 88.560316 -8.588263 -0.882728 -0.853085 -2.696072 -1.726826 3.068260 0.446277 2.888651 0.331948 0.485657 1.929558 0.381296 10.504171 -1.607309 -0.515610 0.310610 3.436562
1 88.560316 -8.588263 -0.882728 -0.853085 -2.696072 -1.726826 3.068260 0.446277 2.888651 0.331948 0.485657 1.929558 0.381296 10.504171 -1.607309 -0.515610 0.310610 3.436562
1 88.560316 -8.588263 -0.882728 -0.853085 -2.696072 -1.726826 3.068260 0.446277 2.888651 0.331948 0.485657 1.929558 0.381296 10.504171 -1.607309 -0.515610 0.310610 3.436562
1 88.560316 -8.588263 -0.882728 -0.853085 -2.696072 -1.726826 3.068260 0.446277 2.888651 0.331948 0.485657 1.929558 0.381296 10.504171 -1.607309 -0.515610 0.310610 3.436562
1 87.008209 -8.567940 -0.879132 -0.867832 -2.662297 -1.693141 3.096970 0.422164 2.868778 0.351564 0.486510 1.957178 0.415995 10.499991 -1.591999 -0.514734 0.321639 3.400662
1 86.607141 -8.594035 -0.849274 -0.839927 -2.650524 -1.682029 3.120317 0.397647 2.915548 0.319752 0.508742 1.975014 0.458482 10.472346 -1.601424 -0.506237 0.319488 3.361887
1 81.342408 -8.620835 -0.847646 -0.831353 -2.612908 -1.669436 3.124965 0.377188 2.888020 0.318129 0.503648 1.943573 0.438322 10.482144 -1.601150 -0.469660 0.321845 3.351120
1 81.588343 -8.602787 -0.867150 -0.862214 -2.612965 -1.674575 3.112963 0.368352 2.884174 0.338044 0.512986 1.940194 0.444778 10.499813 -1.617705 -0.402988 0.349236 3.390736
1 81.588343 -8.602787 -0.867150 -0.862214 -2.612965 -1.674575 3.112963 0.368352 2.884174 0.338044 0.512986 1.940194 0.444778 10.499813 -1.617705 -0.402988 0.349236 3.390736
1 81.588343 -8.602787 -0.867150 -0.862214 -2.612965 -1.674575 3.112963 0.368352 2.884174 0.338044 0.512986 1.940194 0.444778 10.499813 -1.617705 -0.402988 0.349236 3.390736
1 81.588343 -8.602787 -0.867150 -0.862214 -2.612965 -1.674575 3.112963 0.368352 2.884174 0.338044 0.512986 1.940194 0.444778 10.499813 -1.617705 -0.402988 0.349236 3.390736
1 81.588343 -8.602787 -0.867150 -0.862214 -2.612965 -1.674575 3.112963 0.368352 2.884174 0.338044 0.512986 1.940194 0.444778 10.499813 -1.617705 -0.402988 0.349236 3.390736
1 81.588343 -8.602787 -0.867150 -0.862214 -2.612965 -1.674575 3.112963 0.368352 2.884174 0.338044 0.512986 1.940194 0.444778 10.499813 -1.617705 -0.402988 0.349236 3.390736
1 81.529591 -8.611392 -0.840266 -0.873497 -2.613077 -1.693306 3.122571 0.381520 2.872485 0.315450 0.493482 1.931080 0.420445 10.503571 -1.618482 -0.391722 0.348358 3.388117
1 81.529591 -8.611392 -0.840266 -0.873497 -2.613077 -1.693306 3.122571 0.381520 2.872485 0.315450 0.493482 1.931080 0.420445 10.503571 -1.618482 -0.391722 0.348358 3.388117
1 81.529591 -8.611392 -0.840266 -0.873497 -2.613077 -1.693306 3.122571 0.381520 2.872485 0.315450 0.493482 1.931080 0.420445 10.503571 -1.618482 -0.391722 0.348358 3.388117
1 81.529591 -8.611392 -0.840266 -0.873497 -2.613077 -1.693306 3.122571 0.381520 2.872485 0.315450 0.493482 1.931080 0.420445 10.503571 -1.618482 -0.391722 0.348358 3.388117
1 81.054427 -8.618200 -0.868532 -0.824424 -2.625533 -1.677493 3.118584 0.402518 2.858101 0.331702 0.505053 1.898669 0.432593 10.477957 -1.637501 -0.396216 0.365396 3.388909
1 81.054427 -8.618200 -0.868532 -0.824424 -2.625533 -1.677493 3.118584 0.402518 2.858101 0.331702 0.505053 1.898669 0.432593 10.477957 -1.637501 -0.396216 0.365396 3.388909
1 81.054427 -8.618200 -0.868532 -0.824424 -2.625533 -1.677493 3.118584 0.402518 2.858101 0.331702 0.505053 1.898669 0.432593 10.477957 -1.637501 -0.396216 0.365396 3.388909
1 81.054427 -8.618200 -0.868532 -0.824424 -2.625533 -1.677493 3.118584 0.402518 2.858101 0.331702 0.505053 1.898669 0.432593 10.477957 -1.637501 -0.396216 0.365396 3.388909
1 81.054427 -8.618200 -0.868532 -0.824424 -2.625533 -1.677493 3.118584 0.402518 2.858101 0.331702 0.505053 1.898669 0.432593 10.477957 -1.637501 -0.396216 0.365396 3.388909
1 81.054427 -8.618200 -0.868532 -0.824424 -2.625533 -1.677493 3.118584 0.402518 2.858101 0.331702 0.505053 1.898669 0.432593 10.477957 -1.637501 -0.396216 0.365396 3.388909
1 81.054427 -8.618200 -0.868532 -0.824424 -2.625533 -1.677493 3.118584 0.402518 2.858101 0.331702 0.505053 1.898669 0.432593 10.477957 -1.637501 -0.396216 0.365396 3.388909
1 80.970417 -8.604037 -0.873568 -0.847893 -2.626786 -1.693471 3.077803 0.410311 2.858719 0.344571 0.496388 1.887222 0.412170 10.481526 -1.597704 -0.409600 0.351187 3.387210
1 79.390344 -8.605982 -0.888211 -0.836520 -2.616904 -1.704880 3.081582 0.425808 2.832522 0.336726 0.536937 1.845113 0.431002 10.471340 -1.552134 -0.405212 0.378477 3.395737
1 80.223568 -8.589483 -0.906655 -0.836193 -2.673651 -1.686027 3.089652 0.427359 2.817853 0.354156 0.548631 1.829344 0.435839 10.455904 -1.541307 -0.408850 0.384312 3.386227
1 80.223568 -8.589483 -0.906655 -0.836193 -2.673651 -1.686027 3.089652 0.427359 2.817853 0.354156 0.548631 1.829344 0.435839 10.455904 -1.541307 -0.408850 0.384312 3.386227
1 80.223568 -8.589483 -0.906655 -0.836193 -2.673651 -1.686027 3.089652 0.427359 2.817853 0.354156 0.548631 1.829344 0.435839 10.455904 -1.541307 -0.408850 0.384312 3.386227
1 78.472784 -8.589546 -0.926741 -0.828193 -2.674424 -1.702484 3.071376 0.408281 2.810859 0.367571 0.538542 1.832285 0.442200 10.459706 -1.547914 -0.406114 0.361910 3.400146
1 78.472784 -8.589546 -0.926741 -0.828193 -2.674424 -1.702484 3.071376 0.408281 2.810859 0.367571 0.538542 1.832285 0.442200 10.459706 -1.547914 -0.406114 0.361910 3.400146
1 75.996422 -8.551145 -0.919262 -0.842667 -2.683036 -1.700844 3.054743 0.397796 2.801710 0.389381 0.551585 1.796766 0.406212 10.474895 -1.554095 -0.444518 0.340727 3.388610
1 75.996422 -8.551145 -0.919262 -0.842667 -2.683036 -1.700844 3.054743 0.397796 2.801710 0.389381 0.551585 1.796766 0.406212 10.474895 -1.554095 -0.444518 0.340727 3.388610
1 75.996422 -8.551145 -0.919262 -0.842667 -2.683036 -1.700844 3.054743 0.397796 2.801710 0.389381 0.551585 1.796766 0.406212 10.474895 -1.554095 -0.444518 0.340727 3.388610
1 75.996422 -8.551145 -0.919262 -0.842667 -2.683036 -1.700844 3.054743 0.397796 2.801710 0.389381 0.551585 1.796766 0.406212 10.474895 -1.554095 -0.444518 0.340727 3.388610
1 75.996422 -8.551145 -0.919262 -0.842667 -2.683036 -1.700844 3.054743 0.397796 2.801710 0.389381 0.551585 1.796766 0.406212 10.474895 -1.554095 -0.444518 0.340727 3.388610
1 74.364898 -8.552963 -0.903181 -0.859810 -2.663585 -1.710570 3.081258 0.424139 2.789571 0.388960 0.538942 1.826288 0.409928 10.469120 -1.590568 -0.469179 0.335421 3.402272
1 74.364898 -8.552963 -0.903181 -0.859810 -2.663585 -1.710570 3.081258 0.424139 2.789571 0.388960 0.538942 1.826288 0.409928 10.469120 -1.590568 -0.469179 0.335421 3.402272
1 74.364898 -8.552963 -0.903181 -0.859810 -2.663585 -1.710570 3.081258 0.424139 2.789571 0.388960 0.538942 1.826288 0.409928 10.469120 -1.590568 -0.469179 0.335421 3.402272
1 74.364898 -8.552963 -0.903181 -0.859810 -2.663585 -1.710570 3.081258 0.424139 2.789571 0.388960 0.538942 1.826288 0.409928 10.469120 -1.590568 -0.469179 0.335421 3.402272
1 74.364898 -8.552963 -0.903181 -0.859810 -2.663585 -1.710570 3.081258 0.424139 2.789571 0.388960 0.538942 1.826288 0.409928 10.469120 -1.590568 -0.469179 0.335421 3.402272
1 74.364898 -8.552963 -0.903181 -0.859810 -2.663585 -1.710570 3.081258 0.424139 2.789571 0.388960 0.538942 1.826288 0.409928 10.469120 -1.590568 -0.469179 0.335421 3.402272
1 69.250652 -8.534167 -0.887653 -0.853631 -2.686328 -1.714694 3.092444 0.458043 2.783308 0.367021 0.529626 1.845350 0.384709 10.438082 -1.584317 -0.452641 0.315205 3.432311
1 69.250652 -8.534167 -0.887653 -0.853631 -2.686328 -1.714694 3.092444 0.458043 2.783308 0.367021 0.529626 1.845350 0.384709 10.438082 -1.584317 -0.452641 0.315205 3.432311
1 70.070417 -8.513506 -0.883262 -0.897136 -2.646783 -1.701247 3.058287 0.482863 2.776661 0.344850 0.541959 1.830985 0.376134 10.450641 -1.609842 -0.400571 0.295046 3.452892
1 70.070417 -8.513506 -0.883262 -0.897136 -2.646783 -1.701247 3.058287 0.482863 2.776661 0.344850 0.541959 1.830985 0.376134 10.450641 -1.609842 -0.400571 0.295046 3.452892
1 70.070417 -8.513506 -0.883262 -0.897136 -2.646783 -1.701247 3.058287 0.482863 2.776661 0.344850 0.541959 1.830985 0.376134 10.450641 -1.609842 -0.400571 0.295046 3.452892
1 70.070417 -8.513506 -0.883262 -0.897136 -2.646783 -1.701247 3.058287 0.482863 2.776661 0.344850 0.541959 1.830985 0.376134 10.450641 -1.609842 -0.400571 0.295046 3.452892
1 70.070417 -8.513506 -0.883262 -0.897136 -2.646783 -1.701247 3.058287 0.482863 2.776661 0.344850 0.541959 1.830985 0.376134 10.450641 -1.609842 -0.400571 0.295046 3.452892
1 64.828463 -8.483105 -0.846567 -0.904265 -2.643062 -1.706812 3.075811 0.495580 2.763045 0.353826 0.565868 1.804096 0.338189 10.415119 -1.601674 -0.397741 0.304561 3.431063
1 64.828463 -8.483105 -0.846567 -0.904265 -2.643062 -1.706812 3.075811 0.495580 2.763045 0.353826 0.565868 1.804096 0.338189 10.415119 -1.601674 -0.397741 0.304561 3.431063
1 64.828463 -8.483105 -0.846567 -0.904265 -2.643062 -1.706812 3.075811 0.495580 2.763045 0.353826 0.565868 1.804096 0.338189 10.415119 -1.601674 -0.397741 0.304561 3.431063
1 64.057012 -8.480582 -0.865011 -0.906110 -2.672344 -1.716578 3.065481 0.518927 2.793175 0.344085 0.540316 1.767844 0.327453 10.389590 -1.624235 -0.393332 0.268532 3.416456
1 64.057012 -8.480582 -0.865011 -0.906110 -2.672344 -1.716578 3.065481 0.518927 2.793175 0.344085 0.540316 1.767844 0.327453 10.389590 -1.624235 -0.393332 0.268532 3.416456
1 64.057012 -8.480582 -0.865011 -0.906110 -2.672344 -1.716578 3.065481 0.518927 2.793175 0.344085 0.540316 1.767844 0.327453 10.389590 -1.624235 -0.393332 0.268532 3.416456
1 64.057012 -8.480582 -0.865011 -0.906110 -2.672344 -1.716578 3.065481 0.518927 2.793175 0.344085 0.540316 1.767844 0.327453 10.389590 -1.624235 -0.393332 0.268532 3.416456
1 64.057012 -8.480582 -0.865011 -0.906110 -2.672344 -1.716578 3.065481 0.518927 2.793175 0.344085 0.540316 1.767844 0.327453 10.389590 -1.624235 -0.393332 0.268532 3.416456
1 64.057012 -8.480582 -0.865011 -0.906110 -2.672344 -1.716578 3.065481 0.518927 2.793175 0.344085 0.540316 1.767844 0.327453 10.389590 -1.624235 -0.393332 0.268532 3.416456
1 64.057012 -8.480582 -0.865011 -0.906110 -2.672344 -1.716578 3.065481 0.518927 2.793175 0.344085 0.540316 1.767844 0.327453 10.389590 -1.624235 -0.393332 0.268532 3.416456
1 61.858068 -8.531202 -0.897408 -0.893369 -2.674829 -1.713417 3.048710 0.544745 2.772749 0.327544 0.504386 1.767997 0.346154 10.370091 -1.614896 -0.369933 0.284529 3.384545
1 61.858068 -8.531202 -0.897408 -0.893369 -2.674829 -1.713417 3.048710 0.544745 2.772749 0.327544 0.504386 1.767997 0.346154 10.370091 -1.614896 -0.369933 0.284529 3.384545
1 61.858068 -8.531202 -0.897408 -0.893369 -2.674829 -1.713417 3.048710 0.544745 2.772749 0.327544 0.504386 1.767997 0.346154 10.370091 -1.614896 -0.369933 0.284529 3.384545
1 61.630308 -8.518273 -0.918088 -0.851908 -2.657899 -1.727192 3.043800 0.584194 2.761843 0.342207 0.513898 1.748308 0.340111 10.381375 -1.587343 -0.368034 0.271018 3.388117
1 61.630308 -8.518273 -0.918088 -0.851908 -2.657899 -1.727192 3.043800 0.584194 2.761843 0.342207 0.513898 1.748308 0.340111 10.381375 -1.587343 -0.368034 0.271018 3.388117
1 61.630308 -8.518273 -0.918088 -0.851908 -2.657899 -1.727192 3.043800 0.584194 2.761843 0.342207 0.513898 1.748308 0.340111 10.381375 -1.587343 -0.368034 0.271018 3.388117
1 61.630308 -8.518273 -0.918088 -0.851908 -2.657899 -1.727192 3.043800 0.584194 2.761843 0.342207 0.513898 1.748308 0.340111 10.381375 -1.587343 -0.368034 0.271018 3.388117
1 61.630308 -8.518273 -0.918088 -0.851908 -2.657899 -1.727192 3.043800 0.584194 2.761843 0.342207 0.513898 1.748308 0.340111 10.381375 -1.587343 -0.368034 0.271018 3.388117
1 60.970343 -8.561419 -0.929648 -0.870137 -2.671103 -1.725987 3.045438 0.601930 2.744404 0.330620 0.559802 1.776170 0.362976 10.328552 -1.563051 -0.363970 0.301571 3.396016
1 60.970343 -8.561419 -0.929648 -0.870137 -2.671103 -1.725987 3.045438 0.601930 2.744404 0.330620 0.559802 1.776170 0.362976 10.328552 -1.563051 -0.363970 0.301571 3.396016
1 60.970343 -8.561419 -0.929648 -0.870137 -2.671103 -1.725987 3.045438 0.601930 2.744404 0.330620 0.559802 1.776170 0.362976 10.328552 -1.563051 -0.363970 0.301571 3.396016
1 61.308166 -8.529823 -0.922788 -0.851379 -2.672696 -1.703320 3.004515 0.598749 2.754972 0.314473 0.565467 1.804389 0.382803 10.322799 -1.580554 -0.360851 0.298485 3.388346
1 60.260064 -8.535704 -0.916577 -0.854464 -2.645386 -1.661019 3.060072 0.629159 2.749921 0.310879 0.599131 1.820469 0.380769 10.327406 -1.574145 -0.381058 0.306466 3.387796
1 58.643866 -8.531279 -0.903920 -0.820279 -2.656000 -1.655705 3.102805 0.593610 2.762586 0.283781 0.576844 1.796071 0.391937 10.289587 -1.578883 -0.387493 0.270826 3.362057
1 58.093614 -8.542151 -0.904150 -0.805854 -2.636051 -1.643330 3.130305 0.584720 2.758018 0.288028 0.571190 1.778427 0.382922 10.304079 -1.588006 -0.395297 0.284837 3.375281
1 58.093614 -8.542151 -0.904150 -0.805854 -2.636051 -1.643330 3.130305 0.584720 2.758018 0.288028 0.571190 1.778427 0.382922 10.304079 -1.588006 -0.395297 0.284837 3.375281
1 58.093614 -8.542151 -0.904150 -0.805854 -2.636051 -1.643330 3.130305 0.584720 2.758018 0.288028 0.571190 1.778427 0.382922 10.304079 -1.588006 -0.395297 0.284837 3.375281
1 58.093614 -8.542151 -0.904150 -0.805854 -2.636051 -1.643330 3.130305 0.584720 2.758018 0.288028 0.571190 1.778427 0.382922 10.304079 -1.588006 -0.395297 0.284837 3.375281
1 58.093614 -8.542151 -0.904150 -0.805854 -2.636051 -1.643330 3.130305 0.584720 2.758018 0.288028 0.571190 1.778427 0.382922 10.304079 -1.588006 -0.395297 0.284837 3.375281
1 56.690981 -8.569765 -0.873777 -0.802735 -2.625632 -1.667125 3.111966 0.602389 2.771158 0.305419 0.572851 1.768171 0.376946 10.262062 -1.550107 -0.429112 0.274799 3.361030
1 57.326791 -8.605434 -0.852478 -0.843173 -2.649340 -1.609848 3.122427 0.610805 2.765988 0.278018 0.606112 1.786281 0.375905 10.253264 -1.539444 -0.414888 0.238646 3.379157
1 57.326791 -8.605434 -0.852478 -0.843173 -2.649340 -1.609848 3.122427 0.610805 2.765988 0.278018 0.606112 1.786281 0.375905 10.253264 -1.539444 -0.414888 0.238646 3.379157
1 56.008194 -8.588150 -0.839739 -0.870572 -2.629518 -1.629397 3.092601 0.572167 2.755342 0.304252 0.637418 1.765864 0.368818 10.277179 -1.511276 -0.415302 0.242550 3.391095
1 56.008194 -8.588150 -0.839739 -0.870572 -2.629518 -1.629397 3.092601 0.572167 2.755342 0.304252 0.637418 1.765864 0.368818 10.277179 -1.511276 -0.415302 0.242550 3.391095
1 56.008194 -8.588150 -0.839739 -0.870572 -2.629518 -1.629397 3.092601 0.572167 2.755342 0.304252 0.637418 1.765864 0.368818 10.277179 -1.511276 -0.415302 0.242550 3.391095
1 56.008194 -8.588150 -0.839739 -0.870572 -2.629518 -1.629397 3.092601 0.572167 2.755342 0.304252 0.637418 1.765864 0.368818 10.277179 -1.511276 -0.415302 0.242550 3.391095
1 56.008194 -8.588150 -0.839739 -0.870572 -2.629518 -1.629397 3.092601 0.572167 2.755342 0.304252 0.637418 1.765864 0.368818 10.277179 -1.511276 -0.415302 0.242550 3.391095
1 56.008194 -8.588150 -0.839739 -0.870572 -2.629518 -1.629397 3.092601 0.572167 2.755342 0.304252 0.637418 1.765864 0.368818 10.277179 -1.511276 -0.415302 0.242550 3.391095
1 56.008194 -8.588150 -0.839739 -0.870572 -2.629518 -1.629397 3.092601 0.572167 2.755342 0.304252 0.637418 1.765864 0.368818 10.277179 -1.511276 -0.415302 0.242550 3.391095
1 56.008194 -8.588150 -0.839739 -0.870572 -2.629518 -1.629397 3.092601 0.572167 2.755342 0.304252 0.637418 1.765864 0.368818 10.277179 -1.511276 -0.415302 0.242550 3.391095
1 56.008194 -8.588150 -0.839739 -0.870572 -2.629518 -1.629397 3.092601 0.572167 2.755342 0.304252 0.637418 1.765864 0.368818 10.277179 -1.511276 -0.415302 0.242550 3.391095
1 58.29487 -8.615792 -0.868512 -0.870362 -2.601835 -1.624473 3.092633 0.572100 2.781780 0.283169 0.630422 1.784083 0.369845 10.261917 -1.515795 -0.391579 0.262466 3.390144
1 57.04982 -8.591453 -0.853520 -0.840922 -2.587959 -1.628903 3.122060 0.580405 2.772790 0.251551 0.658772 1.793608 0.395141 10.261608 -1.479024 -0.403308 0.244926 3.357081
1 57.04982 -8.591453 -0.853520 -0.840922 -2.587959 -1.628903 3.122060 0.580405 2.772790 0.251551 0.658772 1.793608 0.395141 10.261608 -1.479024 -0.403308 0.244926 3.357081
1 57.04982 -8.591453 -0.853520 -0.840922 -2.587959 -1.628903 3.122060 0.580405 2.772790 0.251551 0.658772 1.793608 0.395141 10.261608 -1.479024 -0.403308 0.244926 3.357081
1 51.769131 -8.602362 -0.878951 -0.878382 -2.588251 -1.655936 3.098129 0.619483 2.751537 0.224132 0.652840 1.809834 0.401974 10.287666 -1.484066 -0.395950 0.266351 3.385665
1 50.149288 -8.603188 -0.866425 -0.870826 -2.577912 -1.648238 3.100604 0.625408 2.758408 0.210671 0.662113 1.799925 0.416355 10.261848 -1.481581 -0.415368 0.277217 3.398577
1 48.447558 -8.608643 -0.870688 -0.863083 -2.586924 -1.636415 3.095423 0.652075 2.703505 0.202151 0.655122 1.774134 0.443072 10.270908 -1.471476 -0.394265 0.294817 3.402506
1 49.73468 -8.585761 -0.862114 -0.845962 -2.597983 -1.614937 3.092259 0.673619 2.719059 0.202114 0.686094 1.784964 0.396297 10.270713 -1.442673 -0.398536 0.261559 3.398928
1 49.73468 -8.585761 -0.862114 -0.845962 -2.597983 -1.614937 3.092259 0.673619 2.719059 0.202114 0.686094 1.784964 0.396297 10.270713 -1.442673 -0.398536 0.261559 3.398928
1 45.154568 -8.554413 -0.810381 -0.859697 -2.572230 -1.587627 3.065574 0.681072 2.699575 0.180663 0.676385 1.768765 0.389989 10.262689 -1.455641 -0.392922 0.281211 3.429835
1 45.154568 -8.554413 -0.810381 -0.859697 -2.572230 -1.587627 3.065574 0.681072 2.699575 0.180663 0.676385 1.768765 0.389989 10.262689 -1.455641 -0.392922 0.281211 3.429835
1 45.154568 -8.554413 -0.810381 -0.859697 -2.572230 -1.587627 3.065574 0.681072 2.699575 0.180663 0.676385 1.768765 0.389989 10.262689 -1.455641 -0.392922 0.281211 3.429835
1 45.154568 -8.554413 -0.810381 -0.859697 -2.572230 -1.587627 3.065574 0.681072 2.699575 0.180663 0.676385 1.768765 0.389989 10.262689 -1.455641 -0.392922 0.281211 3.429835
1 45.154568 -8.554413 -0.810381 -0.859697 -2.572230 -1.587627 3.065574 0.681072 2.699575 0.180663 0.676385 1.768765 0.389989 10.262689 -1.455641 -0.392922 0.281211 3.429835
1 45.154568 -8.554413 -0.810381 -0.859697 -2.572230 -1.587627 3.065574 0.681072 2.699575 0.180663 0.676385 1.768765 0.389989 10.262689 -1.455641 -0.392922 0.281211 3.429835
1 45.154568 -8.554413 -0.810381 -0.859697 -2.572230 -1.587627 3.065574 0.681072 2.699575 0.180663 0.676385 1.768765 0.389989 10.262689 -1.455641 -0.392922 0.281211 3.429835
1 45.154568 -8.554413 -0.810381 -0.859697 -2.572230 -1.587627 3.065574 0.681072 2.699575 0.180663 0.676385 1.768765 0.389989 10.262689 -1.455641 -0.392922 0.281211 3.429835
1 45.154568 -8.554413 -0.810381 -0.859697 -2.572230 -1.587627 3.065574 0.681072 2.699575 0.180663 0.676385 1.768765 0.389989 10.262689 -1.455641 -0.392922 0.281211 3.429835
1 45.154568 -8.554413 -0.810381 -0.859697 -2.572230 -1.587627 3.065574 0.681072 2.699575 0.180663 0.676385 1.768765 0.389989 10.262689 -1.455641 -0.392922 0.281211 3.429835
1 45.154568 -8.554413 -0.810381 -0.859697 -2.572230 -1.587627 3.065574 0.681072 2.699575 0.180663 0.676385 1.768765 0.389989 10.262689 -1.455641 -0.392922 0.281211 3.429835
1 45.154568 -8.554413 -0.810381 -0.859697 -2.572230 -1.587627 3.065574 0.681072 2.699575 0.180663 0.676385 1.768765 0.389989 10.262689 -1.455641 -0.392922 0.281211 3.429835
1 45.154568 -8.554413 -0.810381 -0.859697 -2.572230 -1.587627 3.065574 0.681072 2.699575 0.180663 0.676385 1.768765 0.389989 10.262689 -1.455641 -0.392922 0.281211 3.429835
1 45.154568 -8.554413 -0.810381 -0.859697 -2.572230 -1.587627 3.065574 0.681072 2.699575 0.180663 0.676385 1.768765 0.389989 10.262689 -1.455641 -0.392922 0.281211 3.429835
1 45.154568 -8.554413 -0.810381 -0.859697 -2.572230 -1.587627 3.065574 0.681072 2.699575 0.180663 0.676385 1.768765 0.389989 10.262689 -1.455641 -0.392922 0.281211 3.429835
1 45.154568 -8.554413 -0.810381 -0.859697 -2.572230 -1.587627 3.065574 0.681072 2.699575 0.180663 0.676385 1.768765 0.389989 10.262689 -1.455641 -0.392922 0.281211 3.429835
1 45.154568 -8.554413 -0.810381 -0.859697 -2.572230 -1.587627 3.065574 0.681072 2.699575 0.180663 0.676385 1.768765 0.389989 10.262689 -1.455641 -0.392922 0.281211 3.429835
1 45.154568 -8.554413 -0.810381 -0.859697 -2.572230 -1.587627 3.065574 0.681072 2.699575 0.180663 0.676385 1.768765 0.389989 10.262689 -1.455641 -0.392922 0.281211 3.429835
1 45.154568 -8.554413 -0.810381 -0.859697 -2.572230 -1.587627 3.065574 0.681072 2.699575 0.180663 0.676385 1.768765 0.389989 10.262689 -1.455641 -0.392922 0.281211 3.429835
1 45.427012 -8.550259 -0.822930 -0.876528 -2.555549 -1.517196 3.036416 0.712903 2.716620 0.159020 0.677292 1.786590 0.372586 10.292542 -1.465363 -0.373912 0.284335 3.435105
1 45.427012 -8.550259 -0.822930 -0.876528 -2.555549 -1.517196 3.036416 0.712903 2.716620 0.159020 0.677292 1.786590 0.372586 10.292542 -1.465363 -0.373912 0.284335 3.435105
1 45.427012 -8.550259 -0.822930 -0.876528 -2.555549 -1.517196 3.036416 0.712903 2.716620 0.159020 0.677292 1.786590 0.372586 10.292542 -1.465363 -0.373912 0.284335 3.435105
1 45.427012 -8.550259 -0.822930 -0.876528 -2.555549 -1.517196 3.036416 0.712903 2.716620 0.159020 0.677292 1.786590 0.372586 10.292542 -1.465363 -0.373912 0.284335 3.435105
1 45.427012 -8.550259 -0.822930 -0.876528 -2.555549 -1.517196 3.036416 0.712903 2.716620 0.159020 0.677292 1.786590 0.372586 10.292542 -1.465363 -0.373912 0.284335 3.435105
1 45.427012 -8.550259 -0.822930 -0.876528 -2.555549 -1.517196 3.036416 0.712903 2.716620 0.159020 0.677292 1.786590 0.372586 10.292542 -1.465363 -0.373912 0.284335 3.435105
1 45.201839 -8.513141 -0.820189 -0.825656 -2.564476 -1.531101 3.066342 0.710218 2.717703 0.127473 0.653601 1.757892 0.367306 10.305771 -1.468844 -0.348962 0.330562 3.425973
1 45.201839 -8.513141 -0.820189 -0.825656 -2.564476 -1.531101 3.066342 0.710218 2.717703 0.127473 0.653601 1.757892 0.367306 10.305771 -1.468844 -0.348962 0.330562 3.425973
1 45.217004 -8.520480 -0.816589 -0.838769 -2.547140 -1.562646 3.072396 0.705453 2.725534 0.103368 0.633788 1.751974 0.374856 10.320911 -1.470579 -0.328024 0.375837 3.424794
1 45.091853 -8.496905 -0.800529 -0.811520 -2.561912 -1.575602 3.074044 0.735366 2.723934 0.081177 0.613782 1.767841 0.351906 10.283830 -1.435668 -0.351143 0.337398 3.454339
1 45.091853 -8.496905 -0.800529 -0.811520 -2.561912 -1.575602 3.074044 0.735366 2.723934 0.081177 0.613782 1.767841 0.351906 10.283830 -1.435668 -0.351143 0.337398 3.454339
1 45.091853 -8.496905 -0.800529 -0.811520 -2.561912 -1.575602 3.074044 0.735366 2.723934 0.081177 0.613782 1.767841 0.351906 10.283830 -1.435668 -0.351143 0.337398 3.454339
1 45.091853 -8.496905 -0.800529 -0.811520 -2.561912 -1.575602 3.074044 0.735366 2.723934 0.081177 0.613782 1.767841 0.351906 10.283830 -1.435668 -0.351143 0.337398 3.454339
1 45.091853 -8.496905 -0.800529 -0.811520 -2.561912 -1.575602 3.074044 0.735366 2.723934 0.081177 0.613782 1.767841 0.351906 10.283830 -1.435668 -0.351143 0.337398 3.454339
1 45.091853 -8.496905 -0.800529 -0.811520 -2.561912 -1.575602 3.074044 0.735366 2.723934 0.081177 0.613782 1.767841 0.351906 10.283830 -1.435668 -0.351143 0.337398 3.454339
1 43.887761 -8.529674 -0.821280 -0.835298 -2.556709 -1.588679 3.063659 0.785979 2.718982 0.070896 0.619403 1.800079 0.369141 10.291232 -1.439968 -0.361347 0.339802 3.456371
1 43.887761 -8.529674 -0.821280 -0.835298 -2.556709 -1.588679 3.063659 0.785979 2.718982 0.070896 0.619403 1.800079 0.369141 10.291232 -1.439968 -0.361347 0.339802 3.456371
1 43.887761 -8.529674 -0.821280 -0.835298 -2.556709 -1.588679 3.063659 0.785979 2.718982 0.070896 0.619403 1.800079 0.369141 10.291232 -1.439968 -0.361347 0.339802 3.456371
1 43.887761 -8.529674 -0.821280 -0.835298 -2.556709 -1.588679 3.063659 0.785979 2.718982 0.070896 0.619403 1.800079 0.369141 10.291232 -1.439968 -0.361347 0.339802 3.456371
1 43.887761 -8.529674 -0.821280 -0.835298 -2.556709 -1.588679 3.063659 0.785979 2.718982 0.070896 0.619403 1.800079 0.369141 10.291232 -1.439968 -0.361347 0.339802 3.456371
1 43.887761 -8.529674 -0.821280 -0.835298 -2.556709 -1.588679 3.063659 0.785979 2.718982 0.070896 0.619403 1.800079 0.369141 10.291232 -1.439968 -0.361347 0.339802 3.456371
1 43.887761 -8.529674 -0.821280 -0.835298 -2.556709 -1.588679 3.063659 0.785979 2.718982 0.070896 0.619403 1.800079 0.369141 10.291232 -1.439968 -0.361347 0.339802 3.456371
1 43.887761 -8.529674 -0.821280 -0.835298 -2.556709 -1.588679 3.063659 0.785979 2.718982 0.070896 0.619403 1.800079 0.369141 10.291232 -1.439968 -0.361347 0.339802 3.456371
1 43.887761 -8.529674 -0.821280 -0.835298 -2.556709 -1.588679 3.063659 0.785979 2.718982 0.070896 0.619403 1.800079 0.369141 10.291232 -1.439968 -0.361347 0.339802 3.456371
1 43.887761 -8.529674 -0.821280 -0.835298 -2.556709 -1.588679 3.063659 0.785979 2.718982 0.070896 0.619403 1.800079 0.369141 10.291232 -1.439968 -0.361347 0.339802 3.456371
1 43.887761 -8.529674 -0.821280 -0.835298 -2.556709 -1.588679 3.063659 0.785979 2.718982 0.070896 0.619403 1.800079 0.369141 10.291232 -1.439968 -0.361347 0.339802 3.456371
1 43.887761 -8.529674 -0.821280 -0.835298 -2.556709 -1.588679 3.063659 0.785979 2.718982 0.070896 0.619403 1.800079 0.369141 10.291232 -1.439968 -0.361347 0.339802 3.456371
1 43.887761 -8.529674 -0.821280 -0.835298 -2.556709 -1.588679 3.063659 0.785979 2.718982 0.070896 0.619403 1.800079 0.369141 10.291232 -1.439968 -0.361347 0.339802 3.456371
1 43.887761 -8.529674 -0.821280 -0.835298 -2.556709 -1.588679 3.063659 0.785979 2.718982 0.070896 0.619403 1.800079 0.369141 10.291232 -1.439968 -0.361347 0.339802 3.456371
1 43.887761 -8.529674 -0.821280 -0.835298 -2.556709 -1.588679 3.063659 0.785979 2.718982 0.070896 0.619403 1.800079 0.369141 10.291232 -1.439968 -0.361347 0.339802 3.456371
1 43.887761 -8.529674 -0.821280 -0.835298 -2.556709 -1.588679 3.063659 0.785979 2.718982 0.070896 0.619403 1.800079 0.369141 10.291232 -1.439968 -0.361347 0.339802 3.456371
1 43.887761 -8.529674 -0.821280 -0.835298 -2.556709 -1.588679 3.063659 0.785979 2.718982 0.070896 0.619403 1.800079 0.369141 10.291232 -1.439968 -0.361347 0.339802 3.456371
1 43.887761 -8.529674 -0.821280 -0.835298 -2.556709 -1.588679 3.063659 0.785979 2.718982 0.070896 0.619403 1.800079 0.369141 10.291232 -1.439968 -0.361347 0.339802 3.456371
1 43.887761 -8.529674 -0.821280 -0.835298 -2.556709 -1.588679 3.063659 0.785979 2.718982 0.070896 0.619403 1.800079 0.369141 10.291232 -1.439968 -0.361347 0.339802 3.456371
1 43.887761 -8.529674 -0.821280 -0.835298 -2.556709 -1.588679 3.063659 0.785979 2.718982 0.070896 0.619403 1.800079 0.369141 10.291232 -1.439968 -0.361347 0.339802 3.456371
1 43.887761 -8.529674 -0.821280 -0.835298 -2.556709 -1.588679 3.063659 0.785979 2.718982 0.070896 0.619403 1.800079 0.369141 10.291232 -1.439968 -0.361347 0.339802 3.456371
1 43.887761 -8.529674 -0.821280 -0.835298 -2.556709 -1.588679 3.063659 0.785979 2.718982 0.070896 0.619403 1.800079 0.369141 10.291232 -1.439968 -0.361347 0.339802 3.456371
1 43.887761 -8.529674 -0.821280 -0.835298 -2.556709 -1.588679 3.063659 0.785979 2.718982 0.070896 0.619403 1.800079 0.369141 10.291232 -1.439968 -0.361347 0.339802 3.456371
1 43.887761 -8.529674 -0.821280 -0.835298 -2.556709 -1.588679 3.063659 0.785979 2.718982 0.070896 0.619403 1.800079 0.369141 10.291232 -1.439968 -0.361347 0.339802 3.456371
1 43.887761 -8.529674 -0.821280 -0.835298 -2.556709 -1.588679 3.063659 0.785979 2.718982 0.070896 0.619403 1.800079 0.369141 10.291232 -1.439968 -0.361347 0.339802 3.456371
1 43.887761 -8.529674 -0.821280 -0.835298 -2.556709 -1.588679 3.063659 0.785979 2.718982 0.070896 0.619403 1.800079 0.369141 10.291232 -1.439968 -0.361347 0.339802 3.456371
1 43.887761 -8.529674 -0.821280 -0.835298 -2.556709 -1.588679 3.063659 0.785979 2.718982 0.070896 0.619403 1.800079 0.369141 10.291232 -1.439968 -0.361347 0.339802 3.456371
1 43.887761 -8.529674 -0.821280 -0.835298 -2.556709 -1.588679 3.063659 0.785979 2.718982 0.070896 0.619403 1.800079 0.369141 10.291232 -1.439968 -0.361347 0.339802 3.456371
1 43.887761 -8.529674 -0.821280 -0.835298 -2.556709 -1.588679 3.063659 0.785979 2.718982 0.070896 0.619403 1.800079 0.369141 10.291232 -1.439968 -0.361347 0.339802 3.456371
1 43.887761 -8.529674 -0.821280 -0.835298 -2.556709 -1.588679 3.063659 0.785979 2.718982 0.070896 0.619403 1.800079 0.369141 10.291232 -1.439968 -0.361347 0.339802 3.456371
1 43.887761 -8.529674 -0.821280 -0.835298 -2.556709 -1.588679 3.063659 0.785979 2.718982 0.070896 0.619403 1.800079 0.369141 10.291232 -1.439968 -0.361347 0.339802 3.456371
1 43.887761 -8.529674 -0.821280 -0.835298 -2.556709 -1.588679 3.063659 0.785979 2.718982 0.070896 0.619403 1.800079 0.369141 10.291232 -1.439968 -0.361347 0.339802 3.456371
1 43.887761 -8.529674 -0.821280 -0.835298 -2.556709 -1.588679 3.063659 0.785979 2.718982 0.070896 0.619403 1.800079 0.369141 10.291232 -1.439968 -0.361347 0.339802 3.456371
1 43.887761 -8.529674 -0.821280 -0.835298 -2.556709 -1.588679 3.063659 0.785979 2.718982 0.070896 0.619403 1.800079 0.369141 10.291232 -1.439968 -0.361347 0.339802 3.456371
1 43.887761 -8.529674 -0.821280 -0.835298 -2.556709 -1.588679 3.063659 0.785979 2.718982 0.070896 0.619403 1.800079 0.369141 10.291232 -1.439968 -0.361347 0.339802 3.456371
1 43.887761 -8.529674 -0.821280 -0.835298 -2.556709 -1.588679 3.063659 0.785979 2.718982 0.070896 0.619403 1.800079 0.369141 10.291232 -1.439968 -0.361347 0.339802 3.456371
1 43.887761 -8.529674 -0.821280 -0.835298 -2.556709 -1.588679 3.063659 0.785979 2.718982 0.070896 0.619403 1.800079 0.369141 10.291232 -1.439968 -0.361347 0.339802 3.456371
1 43.887761 -8.529674 -0.821280 -0.835298 -2.556709 -1.588679 3.063659 0.785979 2.718982 0.070896 0.619403 1.800079 0.369141 10.291232 -1.439968 -0.361347 0.339802 3.456371
1 43.887761 -8.529674 -0.821280 -0.835298 -2.556709 -1.588679 3.063659 0.785979 2.718982 0.070896 0.619403 1.800079 0.369141 10.291232 -1.439968 -0.361347 0.339802 3.456371
1 43.887761 -8.529674 -0.821280 -0.835298 -2.556709 -1.588679 3.063659 0.785979 2.718982 0.070896 0.619403 1.800079 0.369141 10.291232 -1.439968 -0.361347 0.339802 3.456371
1 43.887761 -8.529674 -0.821280 -0.835298 -2.556709 -1.588679 3.063659 0.785979 2.718982 0.070896 0.619403 1.800079 0.369141 10.291232 -1.439968 -0.361347 0.339802 3.456371
1 43.887761 -8.529674 -0.821280 -0.835298 -2.556709 -1.588679 3.063659 0.785979 2.718982 0.070896 0.619403 1.800079 0.369141 10.291232 -1.439968 -0.361347 0.339802 3.456371
1 43.887761 -8.529674 -0.821280 -0.835298 -2.556709 -1.588679 3.063659 0.785979 2.718982 0.070896 0.619403 1.800079 0.369141 10.291232 -1.439968 -0.361347 0.339802 3.456371
1 43.887761 -8.529674 -0.821280 -0.835298 -2.556709 -1.588679 3.063659 0.785979 2.718982 0.070896 0.619403 1.800079 0.369141 10.291232 -1.439968 -0.361347 0.339802 3.456371
1 43.887761 -8.529674 -0.821280 -0.835298 -2.556709 -1.588679 3.063659 0.785979 2.718982 0.070896 0.619403 1.800079 0.369141 10.291232 -1.439968 -0.361347 0.339802 3.456371
1 43.887761 -8.529674 -0.821280 -0.835298 -2.556709 -1.588679 3.063659 0.785979 2.718982 0.070896 0.619403 1.800079 0.369141 10.291232 -1.439968 -0.361347 0.339802 3.456371
1 43.887761 -8.529674 -0.821280 -0.835298 -2.556709 -1.588679 3.063659 0.785979 2.718982 0.070896 0.619403 1.800079 0.369141 10.291232 -1.439968 -0.361347 0.339802 3.456371
1 43.887761 -8.529674 -0.821280 -0.835298 -2.556709 -1.588679 3.063659 0.785979 2.718982 0.070896 0.619403 1.800079 0.369141 10.291232 -1.439968 -0.361347 0.339802 3.456371
1 44.823054 -8.541805 -0.800943 -0.827115 -2.578574 -1.588034 3.052745 0.775942 2.716890 0.107987 0.648435 1.795131 0.386404 10.289756 -1.434120 -0.371197 0.340263 3.493001
1 45.181578 -8.578482 -0.807120 -0.841010 -2.611494 -1.601026 3.054248 0.794154 2.714552 0.115403 0.654148 1.824229 0.420838 10.275305 -1.431232 -0.313519 0.323106 3.473145
1 45.181578 -8.578482 -0.807120 -0.841010 -2.611494 -1.601026 3.054248 0.794154 2.714552 0.115403 0.654148 1.824229 0.420838 10.275305 -1.431232 -0.313519 0.323106 3.473145
1 45.181578 -8.578482 -0.807120 -0.841010 -2.611494 -1.601026 3.054248 0.794154 2.714552 0.115403 0.654148 1.824229 0.420838 10.275305 -1.431232 -0.313519 0.323106 3.473145
1 44.754416 -8.573538 -0.793771 -0.843152 -2.588103 -1.624514 3.036674 0.779367 2.715826 0.129813 0.674225 1.799249 0.444489 10.282365 -1.460353 -0.299912 0.319032 3.464718
1 44.754416 -8.573538 -0.793771 -0.843152 -2.588103 -1.624514 3.036674 0.779367 2.715826 0.129813 0.674225 1.799249 0.444489 10.282365 -1.460353 -0.299912 0.319032 3.464718
1 44.754416 -8.573538 -0.793771 -0.843152 -2.588103 -1.624514 3.036674 0.779367 2.715826 0.129813 0.674225 1.799249 0.444489 10.282365 -1.460353 -0.299912 0.319032 3.464718
1 45.32495 -8.552823 -0.768347 -0.873059 -2.584358 -1.623493 3.021901 0.746744 2.683471 0.134720 0.673052 1.813286 0.454202 10.271889 -1.456441 -0.263996 0.324460 3.491402
1 45.32495 -8.552823 -0.768347 -0.873059 -2.584358 -1.623493 3.021901 0.746744 2.683471 0.134720 0.673052 1.813286 0.454202 10.271889 -1.456441 -0.263996 0.324460 3.491402
1 45.32495 -8.552823 -0.768347 -0.873059 -2.584358 -1.623493 3.021901 0.746744 2.683471 0.134720 0.673052 1.813286 0.454202 10.271889 -1.456441 -0.263996 0.324460 3.491402
1 45.32495 -8.552823 -0.768347 -0.873059 -2.584358 -1.623493 3.021901 0.746744 2.683471 0.134720 0.673052 1.813286 0.454202 10.271889 -1.456441 -0.263996 0.324460 3.491402
1 44.520166 -8.542903 -0.755229 -0.894289 -2.616736 -1.621890 3.052990 0.736778 2.690497 0.117892 0.694518 1.803392 0.420405 10.286256 -1.461483 -0.268553 0.303483 3.497228
1 44.520166 -8.542903 -0.755229 -0.894289 -2.616736 -1.621890 3.052990 0.736778 2.690497 0.117892 0.694518 1.803392 0.420405 10.286256 -1.461483 -0.268553 0.303483 3.497228
1 44.520166 -8.542903 -0.755229 -0.894289 -2.616736 -1.621890 3.052990 0.736778 2.690497 0.117892 0.694518 1.803392 0.420405 10.286256 -1.461483 -0.268553 0.303483 3.497228
1 44.520166 -8.542903 -0.755229 -0.894289 -2.616736 -1.621890 3.052990 0.736778 2.690497 0.117892 0.694518 1.803392 0.420405 10.286256 -1.461483 -0.268553 0.303483 3.497228
1 44.520166 -8.542903 -0.755229 -0.894289 -2.616736 -1.621890 3.052990 0.736778 2.690497 0.117892 0.694518 1.803392 0.420405 10.286256 -1.461483 -0.268553 0.303483 3.497228
1 44.520166 -8.542903 -0.755229 -0.894289 -2.616736 -1.621890 3.052990 0.736778 2.690497 0.117892 0.694518 1.803392 0.420405 10.286256 -1.461483 -0.268553 0.303483 3.497228
1 44.520166 -8.542903 -0.755229 -0.894289 -2.616736 -1.621890 3.052990 0.736778 2.690497 0.117892 0.694518 1.803392 0.420405 10.286256 -1.461483 -0.268553 0.303483 3.497228
1 44.924006 -8.518373 -0.732855 -0.912871 -2.583777 -1.596382 3.047838 0.735281 2.675689 0.120855 0.724188 1.788630 0.394437 10.260488 -1.444137 -0.277547 0.302705 3.483624
1 44.6742 -8.497041 -0.729510 -0.881548 -2.559518 -1.591977 3.059260 0.695702 2.694558 0.100357 0.742460 1.763009 0.412484 10.260543 -1.485470 -0.267996 0.290698 3.506172
1 44.6742 -8.497041 -0.729510 -0.881548 -2.559518 -1.591977 3.059260 0.695702 2.694558 0.100357 0.742460 1.763009 0.412484 10.260543 -1.485470 -0.267996 0.290698 3.506172
1 44.6742 -8.497041 -0.729510 -0.881548 -2.559518 -1.591977 3.059260 0.695702 2.694558 0.100357 0.742460 1.763009 0.412484 10.260543 -1.485470 -0.267996 0.290698 3.506172
1 44.6742 -8.497041 -0.729510 -0.881548 -2.559518 -1.591977 3.059260 0.695702 2.694558 0.100357 0.742460 1.763009 0.412484 10.260543 -1.485470 -0.267996 0.290698 3.506172
1 44.6742 -8.497041 -0.729510 -0.881548 -2.559518 -1.591977 3.059260 0.695702 2.694558 0.100357 0.742460 1.763009 0.412484 10.260543 -1.485470 -0.267996 0.290698 3.506172
1 44.6742 -8.497041 -0.729510 -0.881548 -2.559518 -1.591977 3.059260 0.695702 2.694558 0.100357 0.742460 1.763009 0.412484 10.260543 -1.485470 -0.267996 0.290698 3.506172
1 44.6742 -8.497041 -0.729510 -0.881548 -2.559518 -1.591977 3.059260 0.695702 2.694558 0.100357 0.742460 1.763009 0.412484 10.260543 -1.485470 -0.267996 0.290698 3.506172
1 44.6742 -8.497041 -0.729510 -0.881548 -2.559518 -1.591977 3.059260 0.695702 2.694558 0.100357 0.742460 1.763009 0.412484 10.260543 -1.485470 -0.267996 0.290698 3.506172
1 44.6742 -8.497041 -0.729510 -0.881548 -2.559518 -1.591977 3.059260 0.695702 2.694558 0.100357 0.742460 1.763009 0.412484 10.260543 -1.485470 -0.267996 0.290698 3.506172
1 44.6742 -8.497041 -0.729510 -0.881548 -2.559518 -1.591977 3.059260 0.695702 2.694558 0.100357 0.742460 1.763009 0.412484 10.260543 -1.485470 -0.267996 0.290698 3.506172
1 44.6742 -8.497041 -0.729510 -0.881548 -2.559518 -1.591977 3.059260 0.695702 2.694558 0.100357 0.742460 1.763009 0.412484 10.260543 -1.485470 -0.267996 0.290698 3.506172
1 44.6742 -8.497041 -0.729510 -0.881548 -2.559518 -1.591977 3.059260 0.695702 2.694558 0.100357 0.742460 1.763009 0.412484 10.260543 -1.485470 -0.267996 0.290698 3.506172
1 44.6742 -8.497041 -0.729510 -0.881548 -2.559518 -1.591977 3.059260 0.695702 2.694558 0.100357 0.742460 1.763009 0.412484 10.260543 -1.485470 -0.267996 0.290698 3.506172
1 44.6742 -8.497041 -0.729510 -0.881548 -2.559518 -1.591977 3.059260 0.695702 2.694558 0.100357 0.742460 1.763009 0.412484 10.260543 -1.485470 -0.267996 0.290698 3.506172
1 44.6742 -8.497041 -0.729510 -0.881548 -2.559518 -1.591977 3.059260 0.695702 2.694558 0.100357 0.742460 1.763009 0.412484 10.260543 -1.485470 -0.267996 0.290698 3.506172
1 44.6742 -8.497041 -0.729510 -0.881548 -2.559518 -1.591977 3.059260 0.695702 2.694558 0.100357 0.742460 1.763009 0.412484 10.260543 -1.485470 -0.267996 0.290698 3.506172
1 44.6742 -8.497041 -0.729510 -0.881548 -2.559518 -1.591977 3.059260 0.695702 2.694558 0.100357 0.742460 1.763009 0.412484 10.260543 -1.485470 -0.267996 0.290698 3.506172
1 44.6742 -8.497041 -0.729510 -0.881548 -2.559518 -1.591977 3.059260 0.695702 2.694558 0.100357 0.742460 1.763009 0.412484 10.260543 -1.485470 -0.267996 0.290698 3.506172
1 44.6742 -8.497041 -0.729510 -0.881548 -2.559518 -1.591977 3.059260 0.695702 2.694558 0.100357 0.742460 1.763009 0.412484 10.260543 -1.485470 -0.267996 0.290698 3.506172
1 44.6742 -8.497041 -0.729510 -0.881548 -2.559518 -1.591977 3.059260 0.695702 2.694558 0.100357 0.742460 1.763009 0.412484 10.260543 -1.485470 -0.267996 0.290698 3.506172
1 44.6742 -8.497041 -0.729510 -0.881548 -2.559518 -1.591977 3.059260 0.695702 2.694558 0.100357 0.742460 1.763009 0.412484 10.260543 -1.485470 -0.267996 0.290698 3.506172
1 44.6742 -8.497041 -0.729510 -0.881548 -2.559518 -1.591977 3.059260 0.695702 2.694558 0.100357 0.742460 1.763009 0.412484 10.260543 -1.485470 -0.267996 0.290698 3.506172
1 44.6742 -8.497041 -0.729510 -0.881548 -2.559518 -1.591977 3.059260 0.695702 2.694558 0.100357 0.742460 1.763009 0.412484 10.260543 -1.485470 -0.267996 0.290698 3.506172
1 44.6742 -8.497041 -0.729510 -0.881548 -2.559518 -1.591977 3.059260 0.695702 2.694558 0.100357 0.742460 1.763009 0.412484 10.260543 -1.485470 -0.267996 0.290698 3.506172
1 44.6742 -8.497041 -0.729510 -0.881548 -2.559518 -1.591977 3.059260 0.695702 2.694558 0.100357 0.742460 1.763009 0.412484 10.260543 -1.485470 -0.267996 0.290698 3.506172
1 44.6742 -8.497041 -0.729510 -0.881548 -2.559518 -1.591977 3.059260 0.695702 2.694558 0.100357 0.742460 1.763009 0.412484 10.260543 -1.485470 -0.267996 0.290698 3.506172
1 44.6742 -8.497041 -0.729510 -0.881548 -2.559518 -1.591977 3.059260 0.695702 2.694558 0.100357 0.742460 1.763009 0.412484 10.260543 -1.485470 -0.267996 0.290698 3.506172
1 44.6742 -8.497041 -0.729510 -0.881548 -2.559518 -1.591977 3.059260 0.695702 2.694558 0.100357 0.742460 1.763009 0.412484 10.260543 -1.485470 -0.267996 0.290698 3.506172
1 44.6742 -8.497041 -0.729510 -0.881548 -2.559518 -1.591977 3.059260 0.695702 2.694558 0.100357 0.742460 1.763009 0.412484 10.260543 -1.485470 -0.267996 0.290698 3.506172
1 44.6742 -8.497041 -0.729510 -0.881548 -2.559518 -1.591977 3.059260 0.695702 2.694558 0.100357 0.742460 1.763009 0.412484 10.260543 -1.485470 -0.267996 0.290698 3.506172
1 44.6742 -8.497041 -0.729510 -0.881548 -2.559518 -1.591977 3.059260 0.695702 2.694558 0.100357 0.742460 1.763009 0.412484 10.260543 -1.485470 -0.267996 0.290698 3.506172
1 44.6742 -8.497041 -0.729510 -0.881548 -2.559518 -1.591977 3.059260 0.695702 2.694558 0.100357 0.742460 1.763009 0.412484 10.260543 -1.485470 -0.267996 0.290698 3.506172
1 44.6742 -8.497041 -0.729510 -0.881548 -2.559518 -1.591977 3.059260 0.695702 2.694558 0.100357 0.742460 1.763009 0.412484 10.260543 -1.485470 -0.267996 0.290698 3.506172
1 44.6742 -8.497041 -0.729510 -0.881548 -2.559518 -1.591977 3.059260 0.695702 2.694558 0.100357 0.742460 1.763009 0.412484 10.260543 -1.485470 -0.267996 0.290698 3.506172
1 44.6742 -8.497041 -0.729510 -0.881548 -2.559518 -1.591977 3.059260 0.695702 2.694558 0.100357 0.742460 1.763009 0.412484 10.260543 -1.485470 -0.267996 0.290698 3.506172
1 44.172027 -8.498435 -0.761390 -0.870037 -2.556634 -1.599570 3.085565 0.702953 2.716252 0.107059 0.762657 1.762965 0.433773 10.285748 -1.495224 -0.283045 0.272631 3.512862
1 44.172027 -8.498435 -0.761390 -0.870037 -2.556634 -1.599570 3.085565 0.702953 2.716252 0.107059 0.762657 1.762965 0.433773 10.285748 -1.495224 -0.283045 0.272631 3.512862
1 44.172027 -8.498435 -0.761390 -0.870037 -2.556634 -1.599570 3.085565 0.702953 2.716252 0.107059 0.762657 1.762965 0.433773 10.285748 -1.495224 -0.283045 0.272631 3.512862
1 44.172027 -8.498435 -0.761390 -0.870037 -2.556634 -1.599570 3.085565 0.702953 2.716252 0.107059 0.762657 1.762965 0.433773 10.285748 -1.495224 -0.283045 0.272631 3.512862
1 44.172027 -8.498435 -0.761390 -0.870037 -2.556634 -1.599570 3.085565 0.702953 2.716252 0.107059 0.762657 1.762965 0.433773 10.285748 -1.495224 -0.283045 0.272631 3.512862
1 44.172027 -8.498435 -0.761390 -0.870037 -2.556634 -1.599570 3.085565 0.702953 2.716252 0.107059 0.762657 1.762965 0.433773 10.285748 -1.495224 -0.283045 0.272631 3.512862
1 44.172027 -8.498435 -0.761390 -0.870037 -2.556634 -1.599570 3.085565 0.702953 2.716252 0.107059 0.762657 1.762965 0.433773 10.285748 -1.495224 -0.283045 0.272631 3.512862
1 44.172027 -8.498435 -0.761390 -0.870037 -2.556634 -1.599570 3.085565 0.702953 2.716252 0.107059 0.762657 1.762965 0.433773 10.285748 -1.495224 -0.283045 0.272631 3.512862
1 44.172027 -8.498435 -0.761390 -0.870037 -2.556634 -1.599570 3.085565 0.702953 2.716252 0.107059 0.762657 1.762965 0.433773 10.285748 -1.495224 -0.283045 0.272631 3.512862
1 44.172027 -8.498435 -0.761390 -0.870037 -2.556634 -1.599570 3.085565 0.702953 2.716252 0.107059 0.762657 1.762965 0.433773 10.285748 -1.495224 -0.283045 0.272631 3.512862
1 44.172027 -8.498435 -0.761390 -0.870037 -2.556634 -1.599570 3.085565 0.702953 2.716252 0.107059 0.762657 1.762965 0.433773 10.285748 -1.495224 -0.283045 0.272631 3.512862
1 44.172027 -8.498435 -0.761390 -0.870037 -2.556634 -1.599570 3.085565 0.702953 2.716252 0.107059 0.762657 1.762965 0.433773 10.285748 -1.495224 -0.283045 0.272631 3.512862
1 44.172027 -8.498435 -0.761390 -0.870037 -2.556634 -1.599570 3.085565 0.702953 2.716252 0.107059 0.762657 1.762965 0.433773 10.285748 -1.495224 -0.283045 0.272631 3.512862
1 44.172027 -8.498435 -0.761390 -0.870037 -2.556634 -1.599570 3.085565 0.702953 2.716252 0.107059 0.762657 1.762965 0.433773 10.285748 -1.495224 -0.283045 0.272631 3.512862
1 43.883964 -8.477226 -0.784041 -0.892013 -2.550313 -1.628755 3.086936 0.684865 2.708712 0.136730 0.763108 1.726870 0.425951 10.291437 -1.486203 -0.291383 0.289377 3.531516
1 43.883964 -8.477226 -0.784041 -0.892013 -2.550313 -1.628755 3.086936 0.684865 2.708712 0.136730 0.763108 1.726870 0.425951 10.291437 -1.486203 -0.291383 0.289377 3.531516
1 43.883964 -8.477226 -0.784041 -0.892013 -2.550313 -1.628755 3.086936 0.684865 2.708712 0.136730 0.763108 1.726870 0.425951 10.291437 -1.486203 -0.291383 0.289377 3.531516
1 43.883964 -8.477226 -0.784041 -0.892013 -2.550313 -1.628755 3.086936 0.684865 2.708712 0.136730 0.763108 1.726870 0.425951 10.291437 -1.486203 -0.291383 0.289377 3.531516
1 43.883964 -8.477226 -0.784041 -0.892013 -2.550313 -1.628755 3.086936 0.684865 2.708712 0.136730 0.763108 1.726870 0.425951 10.291437 -1.486203 -0.291383 0.289377 3.531516
1 43.883964 -8.477226 -0.784041 -0.892013 -2.550313 -1.628755 3.086936 0.684865 2.708712 0.136730 0.763108 1.726870 0.425951 10.291437 -1.486203 -0.291383 0.289377 3.531516
1 43.883964 -8.477226 -0.784041 -0.892013 -2.550313 -1.628755 3.086936 0.684865 2.708712 0.136730 0.763108 1.726870 0.425951 10.291437 -1.486203 -0.291383 0.289377 3.531516
1 43.883964 -8.477226 -0.784041 -0.892013 -2.550313 -1.628755 3.086936 0.684865 2.708712 0.136730 0.763108 1.726870 0.425951 10.291437 -1.486203 -0.291383 0.289377 3.531516
1 43.883964 -8.477226 -0.784041 -0.892013 -2.550313 -1.628755 3.086936 0.684865 2.708712 0.136730 0.763108 1.726870 0.425951 10.291437 -1.486203 -0.291383 0.289377 3.531516
1 43.883964 -8.477226 -0.784041 -0.892013 -2.550313 -1.628755 3.086936 0.684865 2.708712 0.136730 0.763108 1.726870 0.425951 10.291437 -1.486203 -0.291383 0.289377 3.531516
1 43.883964 -8.477226 -0.784041 -0.892013 -2.550313 -1.628755 3.086936 0.684865 2.708712 0.136730 0.763108 1.726870 0.425951 10.291437 -1.486203 -0.291383 0.289377 3.531516
1 43.883964 -8.477226 -0.784041 -0.892013 -2.550313 -1.628755 3.086936 0.684865 2.708712 0.136730 0.763108 1.726870 0.425951 10.291437 -1.486203 -0.291383 0.289377 3.531516
1 43.883964 -8.477226 -0.784041 -0.892013 -2.550313 -1.628755 3.086936 0.684865 2.708712 0.136730 0.763108 1.726870 0.425951 10.291437 -1.486203 -0.291383 0.289377 3.531516
1 43.883964 -8.477226 -0.784041 -0.892013 -2.550313 -1.628755 3.086936 0.684865 2.708712 0.136730 0.763108 1.726870 0.425951 10.291437 -1.486203 -0.291383 0.289377 3.531516
1 43.883964 -8.477226 -0.784041 -0.892013 -2.550313 -1.628755 3.086936 0.684865 2.708712 0.136730 0.763108 1.726870 0.425951 10.291437 -1.486203 -0.291383 0.289377 3.531516
1 43.883964 -8.477226 -0.784041 -0.892013 -2.550313 -1.628755 3.086936 0.684865 2.708712 0.136730 0.763108 1.726870 0.425951 10.291437 -1.486203 -0.291383 0.289377 3.531516
1 43.883964 -8.477226 -0.784041 -0.892013 -2.550313 -1.628755 3.086936 0.684865 2.708712 0.136730 0.763108 1.726870 0.425951 10.291437 -1.486203 -0.291383 0.289377 3.531516
1 43.883964 -8.477226 -0.784041 -0.892013 -2.550313 -1.628755 3.086936 0.684865 2.708712 0.136730 0.763108 1.726870 0.425951 10.291437 -1.486203 -0.291383 0.289377 3.531516
1 43.883964 -8.477226 -0.784041 -0.892013 -2.550313 -1.628755 3.086936 0.684865 2.708712 0.136730 0.763108 1.726870 0.425951 10.291437 -1.486203 -0.291383 0.289377 3.531516
1 42.372068 -8.495336 -0.749538 -0.909287 -2.535470 -1.627697 3.071364 0.692173 2.722852 0.142741 0.762893 1.708808 0.425251 10.281950 -1.518783 -0.268728 0.249773 3.523236
1 42.372068 -8.495336 -0.749538 -0.909287 -2.535470 -1.627697 3.071364 0.692173 2.722852 0.142741 0.762893 1.708808 0.425251 10.281950 -1.518783 -0.268728 0.249773 3.523236
1 42.372068 -8.495336 -0.749538 -0.909287 -2.535470 -1.627697 3.071364 0.692173 2.722852 0.142741 0.762893 1.708808 0.425251 10.281950 -1.518783 -0.268728 0.249773 3.523236
1 42.518606 -8.502777 -0.735586 -0.909251 -2.543002 -1.654445 3.055364 0.709333 2.737473 0.113708 0.746647 1.712759 0.411026 10.294055 -1.528096 -0.280307 0.247419 3.515689
1 42.518606 -8.502777 -0.735586 -0.909251 -2.543002 -1.654445 3.055364 0.709333 2.737473 0.113708 0.746647 1.712759 0.411026 10.294055 -1.528096 -0.280307 0.247419 3.515689
1 42.518606 -8.502777 -0.735586 -0.909251 -2.543002 -1.654445 3.055364 0.709333 2.737473 0.113708 0.746647 1.712759 0.411026 10.294055 -1.528096 -0.280307 0.247419 3.515689
1 42.518606 -8.502777 -0.735586 -0.909251 -2.543002 -1.654445 3.055364 0.709333 2.737473 0.113708 0.746647 1.712759 0.411026 10.294055 -1.528096 -0.280307 0.247419 3.515689
1 42.518606 -8.502777 -0.735586 -0.909251 -2.543002 -1.654445 3.055364 0.709333 2.737473 0.113708 0.746647 1.712759 0.411026 10.294055 -1.528096 -0.280307 0.247419 3.515689
1 42.518606 -8.502777 -0.735586 -0.909251 -2.543002 -1.654445 3.055364 0.709333 2.737473 0.113708 0.746647 1.712759 0.411026 10.294055 -1.528096 -0.280307 0.247419 3.515689
1 42.518606 -8.502777 -0.735586 -0.909251 -2.543002 -1.654445 3.055364 0.709333 2.737473 0.113708 0.746647 1.712759 0.411026 10.294055 -1.528096 -0.280307 0.247419 3.515689
1 42.518606 -8.502777 -0.735586 -0.909251 -2.543002 -1.654445 3.055364 0.709333 2.737473 0.113708 0.746647 1.712759 0.411026 10.294055 -1.528096 -0.280307 0.247419 3.515689
1 42.518606 -8.502777 -0.735586 -0.909251 -2.543002 -1.654445 3.055364 0.709333 2.737473 0.113708 0.746647 1.712759 0.411026 10.294055 -1.528096 -0.280307 0.247419 3.515689
1 42.518606 -8.502777 -0.735586 -0.909251 -2.543002 -1.654445 3.055364 0.709333 2.737473 0.113708 0.746647 1.712759 0.411026 10.294055 -1.528096 -0.280307 0.247419 3.515689
1 42.518606 -8.502777 -0.735586 -0.909251 -2.543002 -1.654445 3.055364 0.709333 2.737473 0.113708 0.746647 1.712759 0.411026 10.294055 -1.528096 -0.280307 0.247419 3.515689
1 42.518606 -8.502777 -0.735586 -0.909251 -2.543002 -1.654445 3.055364 0.709333 2.737473 0.113708 0.746647 1.712759 0.411026 10.294055 -1.528096 -0.280307 0.247419 3.515689
1 42.518606 -8.502777 -0.735586 -0.909251 -2.543002 -1.654445 3.055364 0.709333 2.737473 0.113708 0.746647 1.712759 0.411026 10.294055 -1.528096 -0.280307 0.247419 3.515689
1 42.518606 -8.502777 -0.735586 -0.909251 -2.543002 -1.654445 3.055364 0.709333 2.737473 0.113708 0.746647 1.712759 0.411026 10.294055 -1.528096 -0.280307 0.247419 3.515689
1 42.518606 -8.502777 -0.735586 -0.909251 -2.543002 -1.654445 3.055364 0.709333 2.737473 0.113708 0.746647 1.712759 0.411026 10.294055 -1.528096 -0.280307 0.247419 3.515689
1 42.518606 -8.502777 -0.735586 -0.909251 -2.543002 -1.654445 3.055364 0.709333 2.737473 0.113708 0.746647 1.712759 0.411026 10.294055 -1.528096 -0.280307 0.247419 3.515689
1 42.518606 -8.502777 -0.735586 -0.909251 -2.543002 -1.654445 3.055364 0.709333 2.737473 0.113708 0.746647 1.712759 0.411026 10.294055 -1.528096 -0.280307 0.247419 3.515689
1 42.518606 -8.502777 -0.735586 -0.909251 -2.543002 -1.654445 3.055364 0.709333 2.737473 0.113708 0.746647 1.712759 0.411026 10.294055 -1.528096 -0.280307 0.247419 3.515689
1 42.518606 -8.502777 -0.735586 -0.909251 -2.543002 -1.654445 3.055364 0.709333 2.737473 0.113708 0.746647 1.712759 0.411026 10.294055 -1.528096 -0.280307 0.247419 3.515689
1 42.518606 -8.502777 -0.735586 -0.909251 -2.543002 -1.654445 3.055364 0.709333 2.737473 0.113708 0.746647 1.712759 0.411026 10.294055 -1.528096 -0.280307 0.247419 3.515689
1 42.518606 -8.502777 -0.735586 -0.909251 -2.543002 -1.654445 3.055364 0.709333 2.737473 0.113708 0.746647 1.712759 0.411026 10.294055 -1.528096 -0.280307 0.247419 3.515689
1 42.518606 -8.502777 -0.735586 -0.909251 -2.543002 -1.654445 3.055364 0.709333 2.737473 0.113708 0.746647 1.712759 0.411026 10.294055 -1.528096 -0.280307 0.247419 3.515689
1 42.518606 -8.502777 -0.735586 -0.909251 -2.543002 -1.654445 3.055364 0.709333 2.737473 0.113708 0.746647 1.712759 0.411026 10.294055 -1.528096 -0.280307 0.247419 3.515689
1 42.518606 -8.502777 -0.735586 -0.909251 -2.543002 -1.654445 3.055364 0.709333 2.737473 0.113708 0.746647 1.712759 0.411026 10.294055 -1.528096 -0.280307 0.247419 3.515689
1 42.518606 -8.502777 -0.735586 -0.909251 -2.543002 -1.654445 3.055364 0.709333 2.737473 0.113708 0.746647 1.712759 0.411026 10.294055 -1.528096 -0.280307 0.247419 3.515689
1 42.518606 -8.502777 -0.735586 -0.909251 -2.543002 -1.654445 3.055364 0.709333 2.737473 0.113708 0.746647 1.712759 0.411026 10.294055 -1.528096 -0.280307 0.247419 3.515689
1 42.518606 -8.502777 -0.735586 -0.909251 -2.543002 -1.654445 3.055364 0.709333 2.737473 0.113708 0.746647 1.712759 0.411026 10.294055 -1.528096 -0.280307 0.247419 3.515689
1 42.518606 -8.502777 -0.735586 -0.909251 -2.543002 -1.654445 3.055364 0.709333 2.737473 0.113708 0.746647 1.712759 0.411026 10.294055 -1.528096 -0.280307 0.247419 3.515689
1 42.518606 -8.502777 -0.735586 -0.909251 -2.543002 -1.654445 3.055364 0.709333 2.737473 0.113708 0.746647 1.712759 0.411026 10.294055 -1.528096 -0.280307 0.247419 3.515689
1 42.518606 -8.502777 -0.735586 -0.909251 -2.543002 -1.654445 3.055364 0.709333 2.737473 0.113708 0.746647 1.712759 0.411026 10.294055 -1.528096 -0.280307 0.247419 3.515689
1 42.518606 -8.502777 -0.735586 -0.909251 -2.543002 -1.654445 3.055364 0.709333 2.737473 0.113708 0.746647 1.712759 0.411026 10.294055 -1.528096 -0.280307 0.247419 3.515689
1 42.518606 -8.502777 -0.735586 -0.909251 -2.543002 -1.654445 3.055364 0.709333 2.737473 0.113708 0.746647 1.712759 0.411026 10.294055 -1.528096 -0.280307 0.247419 3.515689
1 42.518606 -8.502777 -0.735586 -0.909251 -2.543002 -1.654445 3.055364 0.709333 2.737473 0.113708 0.746647 1.712759 0.411026 10.294055 -1.528096 -0.280307 0.247419 3.515689
1 42.518606 -8.502777 -0.735586 -0.909251 -2.543002 -1.654445 3.055364 0.709333 2.737473 0.113708 0.746647 1.712759 0.411026 10.294055 -1.528096 -0.280307 0.247419 3.515689
1 42.518606 -8.502777 -0.735586 -0.909251 -2.543002 -1.654445 3.055364 0.709333 2.737473 0.113708 0.746647 1.712759 0.411026 10.294055 -1.528096 -0.280307 0.247419 3.515689
1 42.518606 -8.502777 -0.735586 -0.909251 -2.543002 -1.654445 3.055364 0.709333 2.737473 0.113708 0.746647 1.712759 0.411026 10.294055 -1.528096 -0.280307 0.247419 3.515689
1 42.518606 -8.502777 -0.735586 -0.909251 -2.543002 -1.654445 3.055364 0.709333 2.737473 0.113708 0.746647 1.712759 0.411026 10.294055 -1.528096 -0.280307 0.247419 3.515689
1 42.518606 -8.502777 -0.735586 -0.909251 -2.543002 -1.654445 3.055364 0.709333 2.737473 0.113708 0.746647 1.712759 0.411026 10.294055 -1.528096 -0.280307 0.247419 3.515689
1 42.518606 -8.502777 -0.735586 -0.909251 -2.543002 -1.654445 3.055364 0.709333 2.737473 0.113708 0.746647 1.712759 0.411026 10.294055 -1.528096 -0.280307 0.247419 3.515689
1 42.518606 -8.502777 -0.735586 -0.909251 -2.543002 -1.654445 3.055364 0.709333 2.737473 0.113708 0.746647 1.712759 0.411026 10.294055 -1.528096 -0.280307 0.247419 3.515689
