1 inf -8.538319 -0.963554 -0.217653 -2.265606 -1.438258 3.448404 0.262178 2.477453 0.214790 0.533110 2.290220 0.103504 10.344736 -0.278967 0.268373 3.598977
1 287.21419 -8.518014 -0.916168 -0.217266 -2.269364 -1.457636 3.431921 0.280632 2.480897 0.210589 0.559878 2.264605 0.111013 10.347785 -0.268367 0.246021 3.587089
1 287.21419 -8.518014 -0.916168 -0.217266 -2.269364 -1.457636 3.431921 0.280632 2.480897 0.210589 0.559878 2.264605 0.111013 10.347785 -0.268367 0.246021 3.587089
1 287.21419 -8.518014 -0.916168 -0.217266 -2.269364 -1.457636 3.431921 0.280632 2.480897 0.210589 0.559878 2.264605 0.111013 10.347785 -0.268367 0.246021 3.587089
1 287.21419 -8.518014 -0.916168 -0.217266 -2.269364 -1.457636 3.431921 0.280632 2.480897 0.210589 0.559878 2.264605 0.111013 10.347785 -0.268367 0.246021 3.587089
1 287.21419 -8.518014 -0.916168 -0.217266 -2.269364 -1.457636 3.431921 0.280632 2.480897 0.210589 0.559878 2.264605 0.111013 10.347785 -0.268367 0.246021 3.587089
1 287.21419 -8.518014 -0.916168 -0.217266 -2.269364 -1.457636 3.431921 0.280632 2.480897 0.210589 0.559878 2.264605 0.111013 10.347785 -0.268367 0.246021 3.587089
1 287.21419 -8.518014 -0.916168 -0.217266 -2.269364 -1.457636 3.431921 0.280632 2.480897 0.210589 0.559878 2.264605 0.111013 10.347785 -0.268367 0.246021 3.587089
1 287.21419 -8.518014 -0.916168 -0.217266 -2.269364 -1.457636 3.431921 0.280632 2.480897 0.210589 0.559878 2.264605 0.111013 10.347785 -0.268367 0.246021 3.587089
1 287.21419 -8.518014 -0.916168 -0.217266 -2.269364 -1.457636 3.431921 0.280632 2.480897 0.210589 0.559878 2.264605 0.111013 10.347785 -0.268367 0.246021 3.587089
1 287.21419 -8.518014 -0.916168 -0.217266 -2.269364 -1.457636 3.431921 0.280632 2.480897 0.210589 0.559878 2.264605 0.111013 10.347785 -0.268367 0.246021 3.587089
1 287.21419 -8.518014 -0.916168 -0.217266 -2.269364 -1.457636 3.431921 0.280632 2.480897 0.210589 0.559878 2.264605 0.111013 10.347785 -0.268367 0.246021 3.587089
1 285.85731 -8.496605 -0.924110 -0.197783 -2.279120 -1.449144 3.433419 0.288792 2.482679 0.214047 0.565473 2.279831 0.120590 10.334362 -0.303346 0.290577 3.543267
1 285.85731 -8.496605 -0.924110 -0.197783 -2.279120 -1.449144 3.433419 0.288792 2.482679 0.214047 0.565473 2.279831 0.120590 10.334362 -0.303346 0.290577 3.543267
1 285.85731 -8.496605 -0.924110 -0.197783 -2.279120 -1.449144 3.433419 0.288792 2.482679 0.214047 0.565473 2.279831 0.120590 10.334362 -0.303346 0.290577 3.543267
1 285.85731 -8.496605 -0.924110 -0.197783 -2.279120 -1.449144 3.433419 0.288792 2.482679 0.214047 0.565473 2.279831 0.120590 10.334362 -0.303346 0.290577 3.543267
1 285.85731 -8.496605 -0.924110 -0.197783 -2.279120 -1.449144 3.433419 0.288792 2.482679 0.214047 0.565473 2.279831 0.120590 10.334362 -0.303346 0.290577 3.543267
1 285.85731 -8.496605 -0.924110 -0.197783 -2.279120 -1.449144 3.433419 0.288792 2.482679 0.214047 0.565473 2.279831 0.120590 10.334362 -0.303346 0.290577 3.543267
1 281.10876 -8.533484 -0.944594 -0.206122 -2.264140 -1.467030 3.455432 0.271541 2.479991 0.221412 0.571424 2.289007 0.149481 10.345292 -0.298634 0.284845 3.527531
1 264.24592 -8.550448 -0.970259 -0.194299 -2.291963 -1.476819 3.463110 0.245283 2.478328 0.230826 0.573391 2.293271 0.139151 10.327781 -0.299560 0.266814 3.475699
1 264.24592 -8.550448 -0.970259 -0.194299 -2.291963 -1.476819 3.463110 0.245283 2.478328 0.230826 0.573391 2.293271 0.139151 10.327781 -0.299560 0.266814 3.475699
1 264.24592 -8.550448 -0.970259 -0.194299 -2.291963 -1.476819 3.463110 0.245283 2.478328 0.230826 0.573391 2.293271 0.139151 10.327781 -0.299560 0.266814 3.475699
1 264.24592 -8.550448 -0.970259 -0.194299 -2.291963 -1.476819 3.463110 0.245283 2.478328 0.230826 0.573391 2.293271 0.139151 10.327781 -0.299560 0.266814 3.475699
1 264.24592 -8.550448 -0.970259 -0.194299 -2.291963 -1.476819 3.463110 0.245283 2.478328 0.230826 0.573391 2.293271 0.139151 10.327781 -0.299560 0.266814 3.475699
1 264.24592 -8.550448 -0.970259 -0.194299 -2.291963 -1.476819 3.463110 0.245283 2.478328 0.230826 0.573391 2.293271 0.139151 10.327781 -0.299560 0.266814 3.475699
1 264.24592 -8.550448 -0.970259 -0.194299 -2.291963 -1.476819 3.463110 0.245283 2.478328 0.230826 0.573391 2.293271 0.139151 10.327781 -0.299560 0.266814 3.475699
1 264.24592 -8.550448 -0.970259 -0.194299 -2.291963 -1.476819 3.463110 0.245283 2.478328 0.230826 0.573391 2.293271 0.139151 10.327781 -0.299560 0.266814 3.475699
1 264.24592 -8.550448 -0.970259 -0.194299 -2.291963 -1.476819 3.463110 0.245283 2.478328 0.230826 0.573391 2.293271 0.139151 10.327781 -0.299560 0.266814 3.475699
1 264.24592 -8.550448 -0.970259 -0.194299 -2.291963 -1.476819 3.463110 0.245283 2.478328 0.230826 0.573391 2.293271 0.139151 10.327781 -0.299560 0.266814 3.475699
1 264.24592 -8.550448 -0.970259 -0.194299 -2.291963 -1.476819 3.463110 0.245283 2.478328 0.230826 0.573391 2.293271 0.139151 10.327781 -0.299560 0.266814 3.475699
1 264.24592 -8.550448 -0.970259 -0.194299 -2.291963 -1.476819 3.463110 0.245283 2.478328 0.230826 0.573391 2.293271 0.139151 10.327781 -0.299560 0.266814 3.475699
1 264.24592 -8.550448 -0.970259 -0.194299 -2.291963 -1.476819 3.463110 0.245283 2.478328 0.230826 0.573391 2.293271 0.139151 10.327781 -0.299560 0.266814 3.475699
1 264.24592 -8.550448 -0.970259 -0.194299 -2.291963 -1.476819 3.463110 0.245283 2.478328 0.230826 0.573391 2.293271 0.139151 10.327781 -0.299560 0.266814 3.475699
1 264.24592 -8.550448 -0.970259 -0.194299 -2.291963 -1.476819 3.463110 0.245283 2.478328 0.230826 0.573391 2.293271 0.139151 10.327781 -0.299560 0.266814 3.475699
1 264.24592 -8.550448 -0.970259 -0.194299 -2.291963 -1.476819 3.463110 0.245283 2.478328 0.230826 0.573391 2.293271 0.139151 10.327781 -0.299560 0.266814 3.475699
1 264.24592 -8.550448 -0.970259 -0.194299 -2.291963 -1.476819 3.463110 0.245283 2.478328 0.230826 0.573391 2.293271 0.139151 10.327781 -0.299560 0.266814 3.475699
1 264.24592 -8.550448 -0.970259 -0.194299 -2.291963 -1.476819 3.463110 0.245283 2.478328 0.230826 0.573391 2.293271 0.139151 10.327781 -0.299560 0.266814 3.475699
1 264.24592 -8.550448 -0.970259 -0.194299 -2.291963 -1.476819 3.463110 0.245283 2.478328 0.230826 0.573391 2.293271 0.139151 10.327781 -0.299560 0.266814 3.475699
1 264.24592 -8.550448 -0.970259 -0.194299 -2.291963 -1.476819 3.463110 0.245283 2.478328 0.230826 0.573391 2.293271 0.139151 10.327781 -0.299560 0.266814 3.475699
1 264.24592 -8.550448 -0.970259 -0.194299 -2.291963 -1.476819 3.463110 0.245283 2.478328 0.230826 0.573391 2.293271 0.139151 10.327781 -0.299560 0.266814 3.475699
1 264.24592 -8.550448 -0.970259 -0.194299 -2.291963 -1.476819 3.463110 0.245283 2.478328 0.230826 0.573391 2.293271 0.139151 10.327781 -0.299560 0.266814 3.475699
1 264.24592 -8.550448 -0.970259 -0.194299 -2.291963 -1.476819 3.463110 0.245283 2.478328 0.230826 0.573391 2.293271 0.139151 10.327781 -0.299560 0.266814 3.475699
1 264.24592 -8.550448 -0.970259 -0.194299 -2.291963 -1.476819 3.463110 0.245283 2.478328 0.230826 0.573391 2.293271 0.139151 10.327781 -0.299560 0.266814 3.475699
1 260.9624 -8.515909 -0.980147 -0.184682 -2.282894 -1.471340 3.457523 0.265916 2.452996 0.225131 0.581190 2.268875 0.162921 10.349539 -0.315878 0.249960 3.485957
1 260.9624 -8.515909 -0.980147 -0.184682 -2.282894 -1.471340 3.457523 0.265916 2.452996 0.225131 0.581190 2.268875 0.162921 10.349539 -0.315878 0.249960 3.485957
1 260.9624 -8.515909 -0.980147 -0.184682 -2.282894 -1.471340 3.457523 0.265916 2.452996 0.225131 0.581190 2.268875 0.162921 10.349539 -0.315878 0.249960 3.485957
1 260.9624 -8.515909 -0.980147 -0.184682 -2.282894 -1.471340 3.457523 0.265916 2.452996 0.225131 0.581190 2.268875 0.162921 10.349539 -0.315878 0.249960 3.485957
1 260.9624 -8.515909 -0.980147 -0.184682 -2.282894 -1.471340 3.457523 0.265916 2.452996 0.225131 0.581190 2.268875 0.162921 10.349539 -0.315878 0.249960 3.485957
1 260.9624 -8.515909 -0.980147 -0.184682 -2.282894 -1.471340 3.457523 0.265916 2.452996 0.225131 0.581190 2.268875 0.162921 10.349539 -0.315878 0.249960 3.485957
1 260.9624 -8.515909 -0.980147 -0.184682 -2.282894 -1.471340 3.457523 0.265916 2.452996 0.225131 0.581190 2.268875 0.162921 10.349539 -0.315878 0.249960 3.485957
1 260.9624 -8.515909 -0.980147 -0.184682 -2.282894 -1.471340 3.457523 0.265916 2.452996 0.225131 0.581190 2.268875 0.162921 10.349539 -0.315878 0.249960 3.485957
1 260.9624 -8.515909 -0.980147 -0.184682 -2.282894 -1.471340 3.457523 0.265916 2.452996 0.225131 0.581190 2.268875 0.162921 10.349539 -0.315878 0.249960 3.485957
