1 inf -8.707999 -0.981519 -0.266705 -2.260579 -1.442505 3.417766 0.192913 2.562440 0.188706 0.559488 2.306213 0.167629 10.447861 -0.261587 0.162311 3.687047
1 inf -8.717147 -0.959944 -0.262630 -2.256638 -1.416049 3.440589 0.207080 2.557602 0.205995 0.584066 2.329697 0.151096 10.435411 -0.285800 0.158491 3.700575
1 inf -8.711107 -0.933911 -0.246939 -2.281495 -1.430419 3.440465 0.213737 2.552885 0.226699 0.619000 2.334339 0.128634 10.431272 -0.285974 0.169833 3.724359
1 inf -8.697447 -0.921436 -0.223125 -2.272798 -1.403899 3.428645 0.236899 2.553509 0.234430 0.630349 2.320705 0.100233 10.461188 -0.277169 0.188669 3.688221
1 inf -8.706891 -0.918391 -0.218468 -2.295567 -1.415524 3.425773 0.239655 2.609346 0.252277 0.622835 2.318484 0.116544 10.438785 -0.284578 0.165326 3.703508
1 inf -8.704967 -0.930072 -0.207480 -2.317869 -1.409064 3.440462 0.236715 2.628153 0.223992 0.640661 2.363585 0.134998 10.432621 -0.283491 0.142274 3.698061
1 inf -8.697969 -0.924797 -0.217095 -2.326108 -1.429077 3.454275 0.253617 2.616278 0.231883 0.630935 2.332655 0.150769 10.465949 -0.264289 0.128532 3.683883
1 inf -8.696134 -0.917682 -0.228937 -2.323064 -1.422958 3.457195 0.283871 2.618444 0.222560 0.622289 2.349240 0.170171 10.456783 -0.279346 0.107678 3.685099
1 inf -8.693379 -0.929956 -0.210996 -2.331533 -1.421661 3.427115 0.309899 2.610243 0.255362 0.630110 2.341194 0.161636 10.486693 -0.273310 0.153599 3.706117
1 inf -8.703821 -0.953361 -0.212379 -2.324762 -1.417874 3.436116 0.332425 2.596797 0.245988 0.614625 2.339277 0.143758 10.498073 -0.287588 0.175733 3.747358
1 inf -8.700872 -0.974508 -0.225872 -2.343045 -1.387649 3.427062 0.329570 2.603334 0.213495 0.603714 2.295400 0.106676 10.484815 -0.318823 0.191050 3.758802
1 inf -8.738445 -0.966531 -0.208844 -2.376689 -1.403714 3.440734 0.344559 2.591424 0.180828 0.594767 2.255322 0.130083 10.493674 -0.321791 0.188695 3.742050
1 inf -8.725267 -0.948512 -0.198247 -2.391123 -1.387948 3.425137 0.330081 2.589669 0.174165 0.573620 2.272963 0.145303 10.485480 -0.340028 0.200410 3.728104
1 inf -8.728603 -0.942773 -0.188903 -2.371458 -1.426070 3.406351 0.376494 2.579363 0.156215 0.619014 2.255234 0.166713 10.484150 -0.362555 0.203631 3.681987
1 inf -8.702415 -0.922438 -0.154357 -2.369848 -1.441061 3.401469 0.359949 2.638761 0.151318 0.619233 2.235730 0.151874 10.493234 -0.402212 0.203700 3.665284
1 inf -8.705115 -0.925813 -0.185093 -2.347416 -1.465159 3.375675 0.404576 2.631012 0.144133 0.607630 2.237555 0.168414 10.496329 -0.409219 0.186290 3.691800
1 inf -8.677485 -0.914713 -0.173567 -2.313335 -1.509683 3.357730 0.397459 2.609858 0.156223 0.605660 2.209429 0.145406 10.508020 -0.405768 0.187057 3.699494
1 inf -8.664793 -0.902209 -0.150661 -2.323003 -1.500759 3.348443 0.426813 2.603747 0.155322 0.609564 2.260888 0.126648 10.533670 -0.390798 0.215398 3.729239
1 inf -8.648145 -0.914241 -0.141514 -2.277551 -1.516850 3.339459 0.452483 2.560570 0.170001 0.634579 2.250270 0.122319 10.508909 -0.410412 0.231627 3.681934
1 inf -8.626492 -0.918893 -0.141809 -2.288148 -1.520984 3.319941 0.460829 2.547651 0.122102 0.617377 2.287027 0.127983 10.510551 -0.387268 0.251916 3.665035
1 inf -8.618572 -0.928109 -0.106697 -2.278203 -1.510246 3.330558 0.443453 2.512605 0.116092 0.614935 2.262920 0.154172 10.513796 -0.367360 0.215709 3.665598
1 inf -8.636558 -0.948995 -0.142532 -2.295765 -1.493743 3.313924 0.473199 2.528366 0.137303 0.615280 2.287410 0.162084 10.496553 -0.355192 0.211941 3.642042
1 inf -8.643168 -0.946565 -0.151577 -2.324854 -1.507685 3.337624 0.497994 2.512499 0.154280 0.614425 2.281856 0.176740 10.474012 -0.348303 0.193537 3.655845
1 inf -8.629890 -0.886659 -0.143255 -2.287067 -1.480626 3.338529 0.488737 2.499436 0.158958 0.636747 2.278788 0.201566 10.495929 -0.343493 0.179691 3.657557
1 inf -8.626114 -0.847741 -0.153752 -2.277774 -1.490593 3.331487 0.499819 2.478371 0.141397 0.606959 2.255443 0.184015 10.490679 -0.347972 0.163281 3.683044
1 inf -8.600248 -0.848621 -0.154100 -2.259006 -1.453948 3.316002 0.483492 2.476900 0.144311 0.609681 2.248835 0.167508 10.486759 -0.356645 0.175971 3.664302
1 inf -8.575511 -0.847903 -0.128396 -2.242832 -1.430968 3.333593 0.474203 2.468446 0.145465 0.586201 2.261486 0.164080 10.513949 -0.382569 0.196747 3.656317
1 126.21278 -8.593279 -0.858489 -0.119010 -2.256201 -1.459724 3.355883 0.463198 2.482733 0.164815 0.560419 2.252955 0.173539 10.505707 -0.376180 0.163108 3.671732
1 126.21278 -8.593279 -0.858489 -0.119010 -2.256201 -1.459724 3.355883 0.463198 2.482733 0.164815 0.560419 2.252955 0.173539 10.505707 -0.376180 0.163108 3.671732
1 116.04633 -8.560687 -0.850487 -0.120535 -2.271379 -1.470955 3.362448 0.460410 2.491060 0.156179 0.535425 2.237796 0.162259 10.485799 -0.371720 0.182816 3.698474
1 116.04633 -8.560687 -0.850487 -0.120535 -2.271379 -1.470955 3.362448 0.460410 2.491060 0.156179 0.535425 2.237796 0.162259 10.485799 -0.371720 0.182816 3.698474
1 116.04633 -8.560687 -0.850487 -0.120535 -2.271379 -1.470955 3.362448 0.460410 2.491060 0.156179 0.535425 2.237796 0.162259 10.485799 -0.371720 0.182816 3.698474
1 116.04633 -8.560687 -0.850487 -0.120535 -2.271379 -1.470955 3.362448 0.460410 2.491060 0.156179 0.535425 2.237796 0.162259 10.485799 -0.371720 0.182816 3.698474
1 116.04633 -8.560687 -0.850487 -0.120535 -2.271379 -1.470955 3.362448 0.460410 2.491060 0.156179 0.535425 2.237796 0.162259 10.485799 -0.371720 0.182816 3.698474
1 116.04633 -8.560687 -0.850487 -0.120535 -2.271379 -1.470955 3.362448 0.460410 2.491060 0.156179 0.535425 2.237796 0.162259 10.485799 -0.371720 0.182816 3.698474
1 117.43436 -8.570963 -0.840635 -0.086467 -2.263963 -1.477540 3.329370 0.425809 2.490479 0.158319 0.523333 2.268543 0.168692 10.440286 -0.400967 0.180142 3.682086
1 117.43436 -8.570963 -0.840635 -0.086467 -2.263963 -1.477540 3.329370 0.425809 2.490479 0.158319 0.523333 2.268543 0.168692 10.440286 -0.400967 0.180142 3.682086
1 117.43436 -8.570963 -0.840635 -0.086467 -2.263963 -1.477540 3.329370 0.425809 2.490479 0.158319 0.523333 2.268543 0.168692 10.440286 -0.400967 0.180142 3.682086
1 117.43436 -8.570963 -0.840635 -0.086467 -2.263963 -1.477540 3.329370 0.425809 2.490479 0.158319 0.523333 2.268543 0.168692 10.440286 -0.400967 0.180142 3.682086
1 117.73904 -8.605214 -0.853347 -0.109616 -2.264623 -1.474526 3.312443 0.413375 2.486260 0.190597 0.510348 2.255253 0.162138 10.414675 -0.386059 0.204106 3.710493
1 117.73904 -8.605214 -0.853347 -0.109616 -2.264623 -1.474526 3.312443 0.413375 2.486260 0.190597 0.510348 2.255253 0.162138 10.414675 -0.386059 0.204106 3.710493
1 114.38807 -8.619979 -0.870374 -0.074409 -2.275476 -1.487822 3.300741 0.439319 2.479917 0.196588 0.478427 2.278889 0.159331 10.388662 -0.397636 0.234080 3.705043
1 114.38807 -8.619979 -0.870374 -0.074409 -2.275476 -1.487822 3.300741 0.439319 2.479917 0.196588 0.478427 2.278889 0.159331 10.388662 -0.397636 0.234080 3.705043
1 112.09104 -8.590148 -0.846211 -0.066685 -2.299095 -1.509650 3.328995 0.447516 2.444254 0.208980 0.468399 2.302695 0.140623 10.392342 -0.428328 0.230584 3.752010
1 112.09104 -8.590148 -0.846211 -0.066685 -2.299095 -1.509650 3.328995 0.447516 2.444254 0.208980 0.468399 2.302695 0.140623 10.392342 -0.428328 0.230584 3.752010
1 105.73281 -8.574413 -0.848222 -0.109508 -2.301305 -1.503761 3.350655 0.477525 2.392927 0.239320 0.467033 2.342988 0.130005 10.374899 -0.404143 0.247680 3.783266
1 104.82532 -8.546031 -0.819515 -0.132263 -2.319015 -1.538769 3.342162 0.494817 2.380730 0.225136 0.460877 2.341227 0.087837 10.395111 -0.446433 0.223075 3.797409
1 104.82532 -8.546031 -0.819515 -0.132263 -2.319015 -1.538769 3.342162 0.494817 2.380730 0.225136 0.460877 2.341227 0.087837 10.395111 -0.446433 0.223075 3.797409
1 104.82532 -8.546031 -0.819515 -0.132263 -2.319015 -1.538769 3.342162 0.494817 2.380730 0.225136 0.460877 2.341227 0.087837 10.395111 -0.446433 0.223075 3.797409
1 101.40683 -8.546792 -0.825775 -0.172569 -2.312122 -1.560439 3.358407 0.534671 2.376928 0.263665 0.485246 2.343930 0.083059 10.382085 -0.462009 0.200114 3.834704
1 101.40683 -8.546792 -0.825775 -0.172569 -2.312122 -1.560439 3.358407 0.534671 2.376928 0.263665 0.485246 2.343930 0.083059 10.382085 -0.462009 0.200114 3.834704
1 100.61853 -8.582768 -0.814657 -0.162755 -2.287771 -1.585257 3.353976 0.536807 2.368092 0.295645 0.473043 2.327405 0.094871 10.347137 -0.471254 0.226442 3.821967
1 100.61853 -8.582768 -0.814657 -0.162755 -2.287771 -1.585257 3.353976 0.536807 2.368092 0.295645 0.473043 2.327405 0.094871 10.347137 -0.471254 0.226442 3.821967
1 100.61853 -8.582768 -0.814657 -0.162755 -2.287771 -1.585257 3.353976 0.536807 2.368092 0.295645 0.473043 2.327405 0.094871 10.347137 -0.471254 0.226442 3.821967
1 100.61853 -8.582768 -0.814657 -0.162755 -2.287771 -1.585257 3.353976 0.536807 2.368092 0.295645 0.473043 2.327405 0.094871 10.347137 -0.471254 0.226442 3.821967
1 100.61853 -8.582768 -0.814657 -0.162755 -2.287771 -1.585257 3.353976 0.536807 2.368092 0.295645 0.473043 2.327405 0.094871 10.347137 -0.471254 0.226442 3.821967
1 100.61853 -8.582768 -0.814657 -0.162755 -2.287771 -1.585257 3.353976 0.536807 2.368092 0.295645 0.473043 2.327405 0.094871 10.347137 -0.471254 0.226442 3.821967
1 100.61853 -8.582768 -0.814657 -0.162755 -2.287771 -1.585257 3.353976 0.536807 2.368092 0.295645 0.473043 2.327405 0.094871 10.347137 -0.471254 0.226442 3.821967
1 100.61853 -8.582768 -0.814657 -0.162755 -2.287771 -1.585257 3.353976 0.536807 2.368092 0.295645 0.473043 2.327405 0.094871 10.347137 -0.471254 0.226442 3.821967
1 100.61853 -8.582768 -0.814657 -0.162755 -2.287771 -1.585257 3.353976 0.536807 2.368092 0.295645 0.473043 2.327405 0.094871 10.347137 -0.471254 0.226442 3.821967
1 100.61853 -8.582768 -0.814657 -0.162755 -2.287771 -1.585257 3.353976 0.536807 2.368092 0.295645 0.473043 2.327405 0.094871 10.347137 -0.471254 0.226442 3.821967
1 100.61853 -8.582768 -0.814657 -0.162755 -2.287771 -1.585257 3.353976 0.536807 2.368092 0.295645 0.473043 2.327405 0.094871 10.347137 -0.471254 0.226442 3.821967
1 100.61853 -8.582768 -0.814657 -0.162755 -2.287771 -1.585257 3.353976 0.536807 2.368092 0.295645 0.473043 2.327405 0.094871 10.347137 -0.471254 0.226442 3.821967
1 100.61853 -8.582768 -0.814657 -0.162755 -2.287771 -1.585257 3.353976 0.536807 2.368092 0.295645 0.473043 2.327405 0.094871 10.347137 -0.471254 0.226442 3.821967
1 100.61853 -8.582768 -0.814657 -0.162755 -2.287771 -1.585257 3.353976 0.536807 2.368092 0.295645 0.473043 2.327405 0.094871 10.347137 -0.471254 0.226442 3.821967
1 99.01758 -8.570775 -0.802540 -0.174620 -2.265714 -1.544638 3.382671 0.502410 2.363098 0.316765 0.491581 2.309748 0.103948 10.341053 -0.457631 0.252875 3.790462
1 99.651173 -8.563825 -0.795183 -0.171525 -2.273076 -1.536028 3.382320 0.464556 2.372741 0.329603 0.475481 2.338121 0.104034 10.343112 -0.466072 0.276140 3.785428
1 99.651173 -8.563825 -0.795183 -0.171525 -2.273076 -1.536028 3.382320 0.464556 2.372741 0.329603 0.475481 2.338121 0.104034 10.343112 -0.466072 0.276140 3.785428
1 99.651173 -8.563825 -0.795183 -0.171525 -2.273076 -1.536028 3.382320 0.464556 2.372741 0.329603 0.475481 2.338121 0.104034 10.343112 -0.466072 0.276140 3.785428
1 99.651173 -8.563825 -0.795183 -0.171525 -2.273076 -1.536028 3.382320 0.464556 2.372741 0.329603 0.475481 2.338121 0.104034 10.343112 -0.466072 0.276140 3.785428
1 99.651173 -8.563825 -0.795183 -0.171525 -2.273076 -1.536028 3.382320 0.464556 2.372741 0.329603 0.475481 2.338121 0.104034 10.343112 -0.466072 0.276140 3.785428
1 99.651173 -8.563825 -0.795183 -0.171525 -2.273076 -1.536028 3.382320 0.464556 2.372741 0.329603 0.475481 2.338121 0.104034 10.343112 -0.466072 0.276140 3.785428
1 99.488497 -8.589421 -0.825486 -0.155036 -2.303262 -1.552512 3.384502 0.435743 2.364189 0.308269 0.493062 2.356474 0.091773 10.354580 -0.444875 0.294235 3.788290
1 99.034452 -8.576773 -0.832107 -0.134258 -2.302533 -1.546058 3.385951 0.456077 2.345194 0.309248 0.510374 2.344798 0.079237 10.349330 -0.424418 0.276454 3.738532
1 99.034452 -8.576773 -0.832107 -0.134258 -2.302533 -1.546058 3.385951 0.456077 2.345194 0.309248 0.510374 2.344798 0.079237 10.349330 -0.424418 0.276454 3.738532
1 98.004779 -8.568452 -0.796072 -0.174210 -2.314744 -1.534365 3.377203 0.468166 2.339422 0.312129 0.532834 2.332665 0.088071 10.337951 -0.421525 0.277548 3.745064
1 98.004779 -8.568452 -0.796072 -0.174210 -2.314744 -1.534365 3.377203 0.468166 2.339422 0.312129 0.532834 2.332665 0.088071 10.337951 -0.421525 0.277548 3.745064
1 98.004779 -8.568452 -0.796072 -0.174210 -2.314744 -1.534365 3.377203 0.468166 2.339422 0.312129 0.532834 2.332665 0.088071 10.337951 -0.421525 0.277548 3.745064
1 98.644881 -8.573854 -0.793511 -0.143345 -2.295589 -1.516060 3.418943 0.511612 2.350757 0.352133 0.503398 2.360786 0.070603 10.334308 -0.404331 0.280896 3.748396
1 98.644881 -8.573854 -0.793511 -0.143345 -2.295589 -1.516060 3.418943 0.511612 2.350757 0.352133 0.503398 2.360786 0.070603 10.334308 -0.404331 0.280896 3.748396
1 98.644881 -8.573854 -0.793511 -0.143345 -2.295589 -1.516060 3.418943 0.511612 2.350757 0.352133 0.503398 2.360786 0.070603 10.334308 -0.404331 0.280896 3.748396
1 98.644881 -8.573854 -0.793511 -0.143345 -2.295589 -1.516060 3.418943 0.511612 2.350757 0.352133 0.503398 2.360786 0.070603 10.334308 -0.404331 0.280896 3.748396
1 98.644881 -8.573854 -0.793511 -0.143345 -2.295589 -1.516060 3.418943 0.511612 2.350757 0.352133 0.503398 2.360786 0.070603 10.334308 -0.404331 0.280896 3.748396
1 97.691931 -8.603456 -0.798817 -0.102280 -2.336945 -1.518197 3.431064 0.503568 2.328971 0.329432 0.519504 2.330295 0.061161 10.324711 -0.384507 0.297792 3.757705
1 97.691931 -8.603456 -0.798817 -0.102280 -2.336945 -1.518197 3.431064 0.503568 2.328971 0.329432 0.519504 2.330295 0.061161 10.324711 -0.384507 0.297792 3.757705
1 97.691931 -8.603456 -0.798817 -0.102280 -2.336945 -1.518197 3.431064 0.503568 2.328971 0.329432 0.519504 2.330295 0.061161 10.324711 -0.384507 0.297792 3.757705
1 97.981118 -8.615162 -0.773463 -0.103524 -2.334806 -1.534460 3.440369 0.539547 2.349703 0.308210 0.525824 2.361070 0.099737 10.302709 -0.356274 0.281710 3.751070
1 97.981118 -8.615162 -0.773463 -0.103524 -2.334806 -1.534460 3.440369 0.539547 2.349703 0.308210 0.525824 2.361070 0.099737 10.302709 -0.356274 0.281710 3.751070
1 98.280242 -8.632985 -0.754243 -0.091792 -2.337495 -1.536642 3.428764 0.557961 2.359498 0.304455 0.527114 2.351367 0.084801 10.285241 -0.359033 0.264353 3.767432
1 96.766075 -8.617018 -0.767494 -0.109894 -2.357920 -1.539902 3.411144 0.557261 2.357178 0.264143 0.534368 2.384408 0.100046 10.259373 -0.349097 0.244148 3.753225
1 96.766075 -8.617018 -0.767494 -0.109894 -2.357920 -1.539902 3.411144 0.557261 2.357178 0.264143 0.534368 2.384408 0.100046 10.259373 -0.349097 0.244148 3.753225
1 98.572673 -8.617708 -0.764756 -0.123606 -2.319164 -1.534852 3.406669 0.590982 2.381872 0.276051 0.534712 2.392863 0.136223 10.272441 -0.350107 0.239918 3.772212
1 98.572673 -8.617708 -0.764756 -0.123606 -2.319164 -1.534852 3.406669 0.590982 2.381872 0.276051 0.534712 2.392863 0.136223 10.272441 -0.350107 0.239918 3.772212
1 98.572673 -8.617708 -0.764756 -0.123606 -2.319164 -1.534852 3.406669 0.590982 2.381872 0.276051 0.534712 2.392863 0.136223 10.272441 -0.350107 0.239918 3.772212
1 95.752355 -8.575231 -0.742631 -0.115296 -2.331417 -1.553756 3.399188 0.579226 2.394631 0.271371 0.520934 2.423081 0.137967 10.282743 -0.356336 0.228625 3.761250
1 95.752355 -8.575231 -0.742631 -0.115296 -2.331417 -1.553756 3.399188 0.579226 2.394631 0.271371 0.520934 2.423081 0.137967 10.282743 -0.356336 0.228625 3.761250
1 95.607542 -8.577683 -0.732522 -0.142485 -2.408476 -1.572261 3.375903 0.529011 2.412632 0.302822 0.507739 2.449067 0.163215 10.260876 -0.384667 0.239735 3.772999
1 95.607542 -8.577683 -0.732522 -0.142485 -2.408476 -1.572261 3.375903 0.529011 2.412632 0.302822 0.507739 2.449067 0.163215 10.260876 -0.384667 0.239735 3.772999
1 95.607542 -8.577683 -0.732522 -0.142485 -2.408476 -1.572261 3.375903 0.529011 2.412632 0.302822 0.507739 2.449067 0.163215 10.260876 -0.384667 0.239735 3.772999
1 95.607542 -8.577683 -0.732522 -0.142485 -2.408476 -1.572261 3.375903 0.529011 2.412632 0.302822 0.507739 2.449067 0.163215 10.260876 -0.384667 0.239735 3.772999
1 95.29891 -8.542601 -0.762501 -0.116267 -2.434124 -1.550606 3.385109 0.498518 2.396405 0.297853 0.495691 2.481420 0.176094 10.268028 -0.398257 0.267874 3.731916
1 95.29891 -8.542601 -0.762501 -0.116267 -2.434124 -1.550606 3.385109 0.498518 2.396405 0.297853 0.495691 2.481420 0.176094 10.268028 -0.398257 0.267874 3.731916
1 94.30194 -8.517471 -0.749099 -0.138175 -2.399927 -1.529969 3.385647 0.482050 2.425651 0.287060 0.473360 2.481714 0.192808 10.287896 -0.427471 0.269992 3.685375
1 94.30194 -8.517471 -0.749099 -0.138175 -2.399927 -1.529969 3.385647 0.482050 2.425651 0.287060 0.473360 2.481714 0.192808 10.287896 -0.427471 0.269992 3.685375
1 94.30194 -8.517471 -0.749099 -0.138175 -2.399927 -1.529969 3.385647 0.482050 2.425651 0.287060 0.473360 2.481714 0.192808 10.287896 -0.427471 0.269992 3.685375
1 92.460064 -8.512681 -0.778249 -0.124423 -2.386994 -1.520231 3.380418 0.483826 2.433450 0.287131 0.484325 2.508498 0.225442 10.244297 -0.419132 0.246796 3.659437
1 92.460064 -8.512681 -0.778249 -0.124423 -2.386994 -1.520231 3.380418 0.483826 2.433450 0.287131 0.484325 2.508498 0.225442 10.244297 -0.419132 0.246796 3.659437
1 91.80384 -8.522796 -0.778680 -0.125519 -2.381038 -1.474384 3.370188 0.453935 2.415229 0.265530 0.456792 2.528674 0.200167 10.199173 -0.444531 0.229688 3.690696
1 91.80384 -8.522796 -0.778680 -0.125519 -2.381038 -1.474384 3.370188 0.453935 2.415229 0.265530 0.456792 2.528674 0.200167 10.199173 -0.444531 0.229688 3.690696
1 91.80384 -8.522796 -0.778680 -0.125519 -2.381038 -1.474384 3.370188 0.453935 2.415229 0.265530 0.456792 2.528674 0.200167 10.199173 -0.444531 0.229688 3.690696
