1 inf -8.572368 -0.960284 -0.195351 -2.310973 -1.453573 3.467687 0.282588 2.530208 0.246083 0.499064 2.324095 0.113577 10.367346 -0.350486 0.252929 3.596263
1 inf -8.539945 -0.957918 -0.164747 -2.326033 -1.452373 3.411750 0.299828 2.527551 0.249950 0.495260 2.326568 0.119370 10.356879 -0.378288 0.268750 3.569563
1 inf -8.518461 -0.983180 -0.151919 -2.354031 -1.435606 3.404607 0.265883 2.513393 0.251653 0.484127 2.309384 0.115883 10.351132 -0.359382 0.285467 3.561843
1 inf -8.487929 -0.982981 -0.143535 -2.360769 -1.410355 3.406528 0.302068 2.513092 0.273985 0.494441 2.299443 0.139271 10.374989 -0.349016 0.305408 3.549039
1 inf -8.494471 -0.968836 -0.156645 -2.322645 -1.406529 3.417054 0.298720 2.499844 0.287147 0.484095 2.315960 0.119933 10.350123 -0.346225 0.337110 3.536274
1 inf -8.504481 -0.952915 -0.140089 -2.352753 -1.418297 3.406751 0.286627 2.546675 0.274429 0.485614 2.344861 0.147701 10.315335 -0.301757 0.299116 3.567987
1 inf -8.522080 -0.953535 -0.161922 -2.343370 -1.407134 3.419595 0.303792 2.582905 0.260958 0.508256 2.321277 0.148305 10.331335 -0.262636 0.292860 3.584693
1 inf -8.513352 -0.963189 -0.160012 -2.359916 -1.453706 3.429936 0.253319 2.572014 0.238789 0.480848 2.344604 0.146502 10.297641 -0.290287 0.315327 3.588945
1 inf -8.538098 -0.998143 -0.136670 -2.366696 -1.485409 3.409053 0.269104 2.580196 0.262515 0.512845 2.330181 0.173005 10.310372 -0.264572 0.346721 3.561610
1 inf -8.526716 -0.991767 -0.099907 -2.372168 -1.482195 3.431210 0.285849 2.580426 0.269817 0.521200 2.358099 0.180368 10.318538 -0.247838 0.341106 3.526128
1 inf -8.509382 -0.989596 -0.052434 -2.385616 -1.493259 3.456003 0.273534 2.573495 0.277985 0.533212 2.349237 0.157770 10.292428 -0.230752 0.321528 3.532690
1 inf -8.518941 -0.987622 -0.013820 -2.415009 -1.469156 3.462840 0.253313 2.602885 0.289713 0.546183 2.340508 0.143557 10.293906 -0.272755 0.309713 3.512475
1 inf -8.489021 -0.995559 0.006083 -2.421345 -1.505387 3.458490 0.245370 2.611452 0.284210 0.547774 2.361691 0.137695 10.285464 -0.287504 0.300340 3.488455
1 inf -8.498196 -0.995589 -0.012457 -2.426319 -1.508022 3.453310 0.241422 2.597265 0.268319 0.547019 2.329016 0.160555 10.266099 -0.272967 0.331622 3.455511
1 inf -8.482239 -0.962469 -0.006074 -2.379287 -1.477630 3.425636 0.212132 2.614424 0.303369 0.553335 2.331468 0.163147 10.238233 -0.296071 0.323816 3.473767
1 inf -8.456528 -0.960878 -0.003025 -2.349930 -1.505342 3.445651 0.243081 2.594220 0.315202 0.582792 2.317115 0.163601 10.234791 -0.308414 0.327658 3.453363
1 inf -8.470356 -0.964931 -0.011555 -2.388487 -1.490865 3.417415 0.262378 2.564080 0.321211 0.612033 2.343737 0.161052 10.196469 -0.276509 0.344136 3.443164
1 inf -8.478678 -0.987353 0.025406 -2.395475 -1.478483 3.414282 0.277765 2.606502 0.340127 0.548544 2.370282 0.182541 10.222753 -0.341383 0.320228 3.437920
1 inf -8.477130 -0.974273 0.024982 -2.405827 -1.428912 3.436638 0.299507 2.598234 0.342210 0.571257 2.379893 0.163480 10.238365 -0.355438 0.306267 3.435137
1 inf -8.470259 -0.963786 0.028610 -2.381568 -1.418071 3.399069 0.295845 2.581881 0.350374 0.562238 2.418872 0.155038 10.234980 -0.341926 0.331867 3.388462
1 inf -8.472667 -0.942253 0.035639 -2.392251 -1.392400 3.448385 0.295650 2.611540 0.363487 0.574793 2.425333 0.157253 10.267165 -0.329323 0.319740 3.404028
1 inf -8.486785 -0.919410 0.032883 -2.373240 -1.391648 3.442508 0.252987 2.623748 0.364156 0.542282 2.416146 0.178030 10.230097 -0.361561 0.295571 3.401086
1 inf -8.471943 -0.933992 0.063037 -2.341941 -1.401041 3.391745 0.255537 2.646591 0.369413 0.540806 2.422078 0.182485 10.226317 -0.315713 0.313805 3.386129
1 inf -8.507286 -0.918627 0.080261 -2.366413 -1.422716 3.409266 0.270913 2.678668 0.407077 0.523766 2.425024 0.159151 10.230344 -0.356124 0.317151 3.386718
1 inf -8.485312 -0.920238 0.087265 -2.383061 -1.409359 3.388198 0.284490 2.675850 0.422061 0.560281 2.411890 0.157922 10.246212 -0.342189 0.342646 3.397996
1 inf -8.517034 -0.931003 0.083203 -2.404060 -1.409347 3.392535 0.280123 2.715565 0.389007 0.577771 2.422505 0.164982 10.253578 -0.337837 0.312400 3.405310
1 inf -8.536828 -0.936950 0.092822 -2.429752 -1.406429 3.399220 0.260461 2.704514 0.358331 0.606945 2.424008 0.167673 10.239390 -0.294438 0.307327 3.431669
1 inf -8.515059 -0.931932 0.065198 -2.414116 -1.364795 3.390032 0.239399 2.681605 0.386978 0.644261 2.413165 0.171143 10.258012 -0.305332 0.330369 3.419130
1 inf -8.508791 -0.945361 0.068633 -2.415830 -1.338848 3.397530 0.272633 2.680044 0.403392 0.626226 2.411873 0.191224 10.262827 -0.298550 0.329448 3.401066
1 inf -8.508079 -0.976557 0.047125 -2.398087 -1.345171 3.420589 0.260748 2.708672 0.401380 0.577638 2.429633 0.189234 10.289606 -0.296106 0.328043 3.398230
1 inf -8.544980 -0.953186 0.037289 -2.405142 -1.388645 3.423054 0.308765 2.725486 0.420680 0.610968 2.452838 0.176805 10.276060 -0.293971 0.323388 3.406751
1 inf -8.501524 -0.946447 0.063983 -2.421710 -1.424666 3.452263 0.323541 2.752064 0.456042 0.655154 2.461486 0.231767 10.249449 -0.262294 0.315963 3.419744
1 inf -8.480422 -0.969141 0.094454 -2.429016 -1.454664 3.428424 0.333923 2.739689 0.486162 0.692778 2.467794 0.228219 10.235129 -0.249961 0.301222 3.422092
1 inf -8.482125 -0.973295 0.104836 -2.433985 -1.439329 3.443234 0.302500 2.748130 0.455399 0.705576 2.417598 0.227481 10.208934 -0.270002 0.310245 3.439252
1 inf -8.479344 -0.952558 0.096207 -2.414560 -1.431132 3.470719 0.321004 2.754712 0.477792 0.660686 2.433327 0.228596 10.165941 -0.241463 0.319752 3.429833
1 inf -8.467283 -0.938789 0.109265 -2.436214 -1.456289 3.454510 0.349212 2.769276 0.396240 0.656310 2.435013 0.237670 10.157135 -0.227819 0.292304 3.456355
1 inf -8.468920 -0.914415 0.102482 -2.444951 -1.445372 3.446291 0.324793 2.776524 0.420150 0.640080 2.470442 0.206295 10.145681 -0.200911 0.300524 3.463328
1 inf -8.454420 -0.934767 0.141109 -2.432098 -1.451710 3.421459 0.310351 2.761060 0.412371 0.636671 2.454633 0.168761 10.149550 -0.205059 0.298981 3.472103
1 inf -8.488309 -0.930235 0.145592 -2.447801 -1.433353 3.437587 0.321681 2.753925 0.405125 0.646388 2.439784 0.196592 10.143613 -0.183927 0.293888 3.453957
1 inf -8.486146 -0.931965 0.127751 -2.498617 -1.412548 3.474446 0.334089 2.751591 0.419539 0.612097 2.440379 0.166094 10.147377 -0.145296 0.306071 3.388008
1 inf -8.481450 -0.953391 0.137037 -2.471640 -1.469703 3.426839 0.385947 2.781010 0.438586 0.618388 2.440417 0.150105 10.170103 -0.178069 0.291832 3.373753
1 inf -8.489205 -0.934298 0.134321 -2.466544 -1.447671 3.397308 0.366584 2.808588 0.395596 0.659884 2.444008 0.125812 10.139354 -0.194473 0.290900 3.353309
1 inf -8.476299 -0.954835 0.130738 -2.437981 -1.451840 3.378214 0.385956 2.802667 0.377282 0.662779 2.407683 0.115621 10.113017 -0.173594 0.259006 3.339289
1 inf -8.463970 -0.972370 0.080705 -2.409798 -1.453220 3.344512 0.429438 2.771109 0.360745 0.673513 2.385294 0.153177 10.110520 -0.195745 0.262184 3.326650
1 inf -8.436206 -0.990957 0.070445 -2.379984 -1.454723 3.326690 0.420125 2.796886 0.376903 0.635750 2.403772 0.171979 10.108803 -0.198198 0.287993 3.311496
1 inf -8.444528 -0.953996 0.063457 -2.367602 -1.457856 3.342077 0.462547 2.815802 0.313414 0.662295 2.425261 0.198263 10.043929 -0.222106 0.282749 3.304160
1 inf -8.450292 -0.954098 0.078054 -2.362691 -1.443828 3.351586 0.450485 2.803506 0.285763 0.655809 2.413844 0.182634 10.051415 -0.236902 0.276094 3.268952
1 inf -8.455908 -0.979602 0.078511 -2.340232 -1.417312 3.379276 0.448651 2.806616 0.286275 0.659027 2.380913 0.153293 10.092036 -0.242017 0.288765 3.256754
1 inf -8.442882 -0.985178 0.091473 -2.343911 -1.405287 3.368320 0.468919 2.816879 0.276282 0.629022 2.361181 0.164554 10.100917 -0.271115 0.286775 3.263008
1 inf -8.427087 -0.972609 0.132059 -2.350259 -1.404081 3.398935 0.503062 2.831856 0.263723 0.583311 2.346109 0.155771 10.092363 -0.257545 0.271265 3.278834
1 inf -8.403326 -0.990101 0.133528 -2.344495 -1.381183 3.399794 0.500276 2.802470 0.282952 0.565485 2.338920 0.167562 10.118489 -0.258729 0.264939 3.257863
1 inf -8.412497 -0.953515 0.180725 -2.372109 -1.363772 3.428217 0.485989 2.791146 0.272038 0.554293 2.372054 0.196668 10.121487 -0.226873 0.255653 3.246977
1 inf -8.429307 -0.964329 0.175131 -2.359009 -1.339155 3.423718 0.472769 2.795341 0.280166 0.556223 2.385565 0.161811 10.120640 -0.278783 0.289968 3.275786
1 inf -8.405076 -0.941296 0.207832 -2.364715 -1.328178 3.424655 0.443216 2.833823 0.261211 0.558600 2.416118 0.159796 10.131754 -0.268843 0.285134 3.239738
1 inf -8.407193 -0.994741 0.197121 -2.410973 -1.314108 3.445578 0.408826 2.854920 0.290131 0.516681 2.446562 0.125908 10.107920 -0.242405 0.321429 3.258722
1 inf -8.409986 -0.986411 0.187160 -2.433937 -1.301193 3.469489 0.422208 2.872884 0.270429 0.489289 2.436189 0.156936 10.153885 -0.252244 0.336470 3.313625
1 inf -8.423203 -0.965170 0.197355 -2.445835 -1.313183 3.460491 0.408277 2.897433 0.267221 0.510337 2.425772 0.154757 10.167911 -0.227419 0.328453 3.321465
1 inf -8.400956 -0.965435 0.208379 -2.466847 -1.302709 3.470247 0.399963 2.924353 0.258922 0.487612 2.453705 0.174995 10.139949 -0.233201 0.312456 3.369599
1 inf -8.380514 -0.957363 0.228558 -2.439015 -1.310295 3.469646 0.402054 2.936484 0.270410 0.492687 2.456747 0.208971 10.165883 -0.245286 0.312634 3.356143
1 inf -8.392798 -0.964948 0.222461 -2.442984 -1.255394 3.475396 0.380161 2.924395 0.267413 0.485523 2.484290 0.209827 10.173411 -0.247423 0.313626 3.358943
1 inf -8.425452 -0.964149 0.250061 -2.458632 -1.294103 3.474052 0.373824 2.922299 0.272746 0.479835 2.474696 0.218609 10.154516 -0.284294 0.315168 3.355359
1 inf -8.403028 -0.993840 0.212402 -2.445810 -1.323374 3.450800 0.336614 2.961198 0.272191 0.463279 2.476576 0.191541 10.152127 -0.279832 0.321743 3.301796
1 inf -8.376771 -0.969258 0.225531 -2.401787 -1.303392 3.450211 0.323324 2.913854 0.277560 0.444970 2.486490 0.223381 10.136958 -0.302543 0.358305 3.318381
1 inf -8.381392 -0.950687 0.225524 -2.418699 -1.274088 3.453585 0.299997 2.925325 0.279001 0.413348 2.496383 0.244305 10.143268 -0.300549 0.355581 3.345366
1 inf -8.391138 -0.968070 0.223741 -2.445406 -1.284086 3.449353 0.306486 2.925197 0.302161 0.399869 2.465689 0.248830 10.154723 -0.289341 0.373496 3.343892
1 inf -8.403001 -0.958063 0.250016 -2.498330 -1.304022 3.458001 0.312530 2.929777 0.296901 0.407838 2.446270 0.209725 10.150555 -0.301132 0.394868 3.390816
1 inf -8.396105 -0.925926 0.238014 -2.493967 -1.325525 3.460065 0.291441 2.964379 0.335082 0.395161 2.407255 0.212613 10.152289 -0.305651 0.412870 3.405426
1 inf -8.373915 -0.954944 0.243028 -2.496428 -1.336467 3.427432 0.264908 2.988033 0.355294 0.400762 2.445487 0.200909 10.149068 -0.268936 0.412874 3.420266
1 inf -8.368889 -0.970129 0.237493 -2.512994 -1.324583 3.388821 0.238198 2.966127 0.361708 0.377485 2.480884 0.211238 10.145231 -0.270072 0.461680 3.409212
1 inf -8.383851 -0.954106 0.244137 -2.513723 -1.291462 3.400268 0.206376 2.949985 0.356387 0.353537 2.523951 0.193219 10.115863 -0.288773 0.474694 3.434339
1 inf -8.383824 -0.925097 0.245297 -2.510401 -1.311602 3.386950 0.162180 2.948580 0.353620 0.347574 2.513088 0.195079 10.106163 -0.310061 0.476521 3.423763
1 inf -8.394892 -0.908146 0.234807 -2.542540 -1.329041 3.394483 0.179269 2.966948 0.348191 0.312428 2.512167 0.158969 10.098190 -0.324583 0.456385 3.397507
1 inf -8.428418 -0.909448 0.255588 -2.539620 -1.317716 3.418418 0.146872 2.946278 0.349387 0.347774 2.493748 0.141727 10.105351 -0.309929 0.473869 3.391645
1 inf -8.425782 -0.911363 0.258197 -2.517836 -1.329236 3.406803 0.153943 2.910457 0.353939 0.366540 2.484393 0.129253 10.097252 -0.303044 0.475952 3.431677
