1 inf -8.675263 -0.953134 -0.280332 -2.226348 -1.371122 3.373749 0.175657 2.556837 0.201830 0.610053 2.300925 0.197655 10.412679 -0.297073 0.194907 3.697905
1 inf -8.663151 -0.941259 -0.266019 -2.212488 -1.363797 3.355379 0.169175 2.552362 0.220955 0.614403 2.338701 0.178343 10.425083 -0.286029 0.198416 3.665724
1 inf -8.685160 -0.955076 -0.275826 -2.214140 -1.347963 3.361532 0.161581 2.545216 0.159297 0.600833 2.370084 0.181962 10.437831 -0.269927 0.172742 3.687333
1 inf -8.728306 -0.965361 -0.313101 -2.230237 -1.348999 3.352986 0.168680 2.547699 0.167093 0.611392 2.359602 0.195615 10.443734 -0.247506 0.137544 3.690712
1 inf -8.722042 -0.949011 -0.333384 -2.234394 -1.330029 3.377734 0.154367 2.529461 0.159495 0.574932 2.343456 0.224330 10.458174 -0.210216 0.132325 3.639946
1 inf -8.715772 -0.972138 -0.373434 -2.230538 -1.324862 3.369083 0.121862 2.542910 0.195313 0.605714 2.355005 0.260957 10.456322 -0.183178 0.135779 3.626823
1 inf -8.730820 -0.943035 -0.421882 -2.226631 -1.340556 3.331968 0.119321 2.570239 0.178531 0.578827 2.316352 0.271892 10.448852 -0.173243 0.126268 3.652478
1 inf -8.705461 -0.915881 -0.424035 -2.156504 -1.349778 3.321421 0.109096 2.594706 0.170944 0.583655 2.331838 0.304842 10.422845 -0.184933 0.101631 3.627410
1 inf -8.718036 -0.928631 -0.407837 -2.147770 -1.353047 3.362492 0.100936 2.586389 0.138813 0.602344 2.330101 0.264371 10.413153 -0.211857 0.100808 3.650739
1 inf -8.728400 -0.940945 -0.383741 -2.165643 -1.360677 3.347771 0.091300 2.583631 0.184451 0.630036 2.329870 0.266186 10.450268 -0.198477 0.101256 3.642665
1 inf -8.708618 -0.942647 -0.385790 -2.186804 -1.368246 3.318268 0.091340 2.602037 0.165287 0.647459 2.328488 0.240777 10.440837 -0.211239 0.121727 3.667721
1 inf -8.710968 -0.930409 -0.363094 -2.160441 -1.413969 3.333291 0.095904 2.598131 0.131737 0.665819 2.319031 0.226910 10.448584 -0.211725 0.099707 3.694300
1 inf -8.682203 -0.898835 -0.375111 -2.139972 -1.422728 3.364992 0.131674 2.599660 0.135417 0.663203 2.316823 0.238868 10.458333 -0.214308 0.079673 3.713287
1 inf -8.705910 -0.950937 -0.394529 -2.106047 -1.440569 3.402470 0.104000 2.605694 0.142690 0.678259 2.323859 0.262867 10.440416 -0.235939 0.102219 3.711702
1 inf -8.672543 -0.966231 -0.415971 -2.086395 -1.451273 3.398963 0.095600 2.592445 0.119588 0.664530 2.324334 0.308093 10.423218 -0.263991 0.078781 3.715230
1 inf -8.666770 -0.943051 -0.405002 -2.085774 -1.460734 3.383189 0.078421 2.566912 0.108974 0.665113 2.320590 0.331885 10.390638 -0.229680 0.096323 3.687325
1 inf -8.666494 -0.949329 -0.374692 -2.104970 -1.471358 3.373312 0.076702 2.556215 0.096520 0.715146 2.341733 0.319706 10.352666 -0.253149 0.079535 3.697805
1 inf -8.643677 -0.915210 -0.359421 -2.078466 -1.479105 3.315777 0.081524 2.534416 0.089335 0.757226 2.328852 0.326732 10.352885 -0.235867 0.106286 3.675386
1 inf -8.665597 -0.907723 -0.386097 -2.057384 -1.473687 3.306992 0.078526 2.543794 0.089239 0.690415 2.331761 0.358326 10.356117 -0.239688 0.113181 3.617182
1 inf -8.682230 -0.885259 -0.408901 -2.106605 -1.485702 3.325775 0.086776 2.529218 0.092088 0.741410 2.318629 0.361253 10.375907 -0.269723 0.137543 3.590565
1 inf -8.659318 -0.906844 -0.395627 -2.052387 -1.490910 3.305785 0.070686 2.512349 0.080468 0.748146 2.321971 0.358793 10.413014 -0.230096 0.149866 3.561727
1 inf -8.644585 -0.895351 -0.363782 -2.071432 -1.497304 3.275395 0.050444 2.539455 0.078364 0.734701 2.303982 0.368638 10.432910 -0.223917 0.113112 3.553139
1 inf -8.642918 -0.870577 -0.360393 -2.076248 -1.494215 3.340048 0.017985 2.514988 0.022148 0.760295 2.313883 0.357748 10.439015 -0.224833 0.103191 3.524771
1 inf -8.635693 -0.848853 -0.374626 -2.111173 -1.537847 3.316483 0.001572 2.502669 0.021269 0.732310 2.326936 0.350213 10.440576 -0.251626 0.104926 3.539582
1 inf -8.632392 -0.839183 -0.369060 -2.093877 -1.544554 3.326569 0.017622 2.492089 -0.004424 0.746485 2.323170 0.334357 10.422768 -0.275572 0.135231 3.555460
1 274.9415 -8.615619 -0.827174 -0.377672 -2.079854 -1.503431 3.312732 -0.026537 2.490832 0.019173 0.754722 2.314381 0.378807 10.378457 -0.299212 0.133248 3.582628
1 274.9415 -8.615619 -0.827174 -0.377672 -2.079854 -1.503431 3.312732 -0.026537 2.490832 0.019173 0.754722 2.314381 0.378807 10.378457 -0.299212 0.133248 3.582628
1 268.1511 -8.595608 -0.820472 -0.342542 -2.082048 -1.500283 3.303336 -0.032850 2.485946 0.031525 0.784198 2.361657 0.389671 10.377242 -0.282386 0.145645 3.578703
1 268.1511 -8.595608 -0.820472 -0.342542 -2.082048 -1.500283 3.303336 -0.032850 2.485946 0.031525 0.784198 2.361657 0.389671 10.377242 -0.282386 0.145645 3.578703
1 260.31533 -8.592079 -0.826001 -0.385804 -2.109644 -1.492424 3.308249 -0.007200 2.439730 0.050726 0.759093 2.371499 0.418504 10.430077 -0.267506 0.147882 3.576475
1 260.31533 -8.592079 -0.826001 -0.385804 -2.109644 -1.492424 3.308249 -0.007200 2.439730 0.050726 0.759093 2.371499 0.418504 10.430077 -0.267506 0.147882 3.576475
1 259.92084 -8.563262 -0.775681 -0.422273 -2.102416 -1.505438 3.294607 -0.007580 2.442698 0.042810 0.776737 2.379143 0.429400 10.454602 -0.253566 0.146222 3.539334
1 224.43307 -8.550713 -0.773972 -0.443671 -2.148235 -1.506163 3.259849 0.016378 2.484115 0.065792 0.837496 2.399342 0.409856 10.451759 -0.270657 0.159144 3.536905
1 224.43307 -8.550713 -0.773972 -0.443671 -2.148235 -1.506163 3.259849 0.016378 2.484115 0.065792 0.837496 2.399342 0.409856 10.451759 -0.270657 0.159144 3.536905
1 224.67099 -8.612868 -0.765582 -0.465916 -2.136871 -1.508198 3.258202 0.042644 2.462958 0.079708 0.844561 2.400697 0.408430 10.451992 -0.254058 0.153129 3.553535
1 208.04537 -8.603401 -0.744893 -0.456769 -2.134214 -1.466395 3.260805 0.023839 2.529991 0.084844 0.850378 2.426685 0.437738 10.441080 -0.270803 0.148070 3.553147
1 208.04537 -8.603401 -0.744893 -0.456769 -2.134214 -1.466395 3.260805 0.023839 2.529991 0.084844 0.850378 2.426685 0.437738 10.441080 -0.270803 0.148070 3.553147
1 207.66075 -8.600823 -0.695765 -0.441572 -2.134473 -1.489222 3.262834 0.018851 2.520535 0.084578 0.856040 2.412894 0.441397 10.418628 -0.240351 0.095863 3.556195
1 186.73081 -8.574066 -0.697287 -0.458124 -2.164109 -1.488091 3.227868 0.034967 2.538965 0.106585 0.870513 2.450590 0.433168 10.430681 -0.238320 0.101832 3.567678
1 186.73081 -8.574066 -0.697287 -0.458124 -2.164109 -1.488091 3.227868 0.034967 2.538965 0.106585 0.870513 2.450590 0.433168 10.430681 -0.238320 0.101832 3.567678
1 185.61822 -8.614554 -0.695245 -0.458760 -2.153896 -1.479418 3.238124 0.042464 2.530994 0.114631 0.878662 2.412725 0.422516 10.400490 -0.252193 0.108855 3.593855
1 185.61822 -8.614554 -0.695245 -0.458760 -2.153896 -1.479418 3.238124 0.042464 2.530994 0.114631 0.878662 2.412725 0.422516 10.400490 -0.252193 0.108855 3.593855
1 185.61822 -8.614554 -0.695245 -0.458760 -2.153896 -1.479418 3.238124 0.042464 2.530994 0.114631 0.878662 2.412725 0.422516 10.400490 -0.252193 0.108855 3.593855
1 185.61822 -8.614554 -0.695245 -0.458760 -2.153896 -1.479418 3.238124 0.042464 2.530994 0.114631 0.878662 2.412725 0.422516 10.400490 -0.252193 0.108855 3.593855
1 177.97407 -8.624546 -0.697941 -0.451255 -2.151070 -1.500754 3.245754 0.054962 2.540638 0.120547 0.881985 2.390852 0.413188 10.404096 -0.259840 0.128822 3.594505
1 172.79713 -8.620544 -0.691361 -0.454195 -2.140242 -1.510236 3.237582 0.091986 2.520489 0.119479 0.860636 2.373043 0.384361 10.388229 -0.269659 0.108958 3.617220
1 172.79713 -8.620544 -0.691361 -0.454195 -2.140242 -1.510236 3.237582 0.091986 2.520489 0.119479 0.860636 2.373043 0.384361 10.388229 -0.269659 0.108958 3.617220
1 157.42598 -8.605652 -0.666940 -0.497843 -2.137250 -1.481159 3.229301 0.087459 2.545995 0.154167 0.884690 2.414372 0.351294 10.362127 -0.257842 0.121680 3.655535
1 145.20373 -8.615271 -0.668292 -0.494075 -2.162762 -1.489618 3.238579 0.176430 2.521918 0.161951 0.907904 2.444128 0.381435 10.370748 -0.241488 0.107147 3.664611
1 144.60147 -8.598498 -0.656283 -0.502687 -2.148739 -1.448495 3.224742 0.132271 2.520661 0.185548 0.916141 2.435339 0.425885 10.326437 -0.265128 0.105164 3.691779
1 144.60147 -8.598498 -0.656283 -0.502687 -2.148739 -1.448495 3.224742 0.132271 2.520661 0.185548 0.916141 2.435339 0.425885 10.326437 -0.265128 0.105164 3.691779
1 144.60147 -8.598498 -0.656283 -0.502687 -2.148739 -1.448495 3.224742 0.132271 2.520661 0.185548 0.916141 2.435339 0.425885 10.326437 -0.265128 0.105164 3.691779
1 134.40603 -8.617773 -0.664794 -0.529991 -2.159411 -1.435608 3.234647 0.127630 2.576360 0.206488 0.904173 2.452777 0.396326 10.329912 -0.294806 0.082548 3.669312
1 134.40603 -8.617773 -0.664794 -0.529991 -2.159411 -1.435608 3.234647 0.127630 2.576360 0.206488 0.904173 2.452777 0.396326 10.329912 -0.294806 0.082548 3.669312
1 134.40603 -8.617773 -0.664794 -0.529991 -2.159411 -1.435608 3.234647 0.127630 2.576360 0.206488 0.904173 2.452777 0.396326 10.329912 -0.294806 0.082548 3.669312
1 130.52646 -8.586371 -0.657872 -0.529851 -2.162664 -1.466653 3.231087 0.156425 2.596367 0.187797 0.924876 2.476943 0.399566 10.328973 -0.260744 0.106004 3.669471
1 130.52646 -8.586371 -0.657872 -0.529851 -2.162664 -1.466653 3.231087 0.156425 2.596367 0.187797 0.924876 2.476943 0.399566 10.328973 -0.260744 0.106004 3.669471
1 130.60913 -8.580498 -0.687978 -0.538990 -2.144013 -1.435028 3.268985 0.164172 2.608153 0.183876 0.917793 2.519850 0.360789 10.348641 -0.261810 0.146499 3.665193
1 129.64994 -8.557420 -0.709828 -0.558790 -2.157026 -1.410110 3.287808 0.145133 2.602488 0.172764 0.920519 2.576197 0.352938 10.338599 -0.252136 0.153978 3.666476
1 117.4114 -8.542921 -0.738712 -0.587821 -2.106649 -1.418707 3.344073 0.153814 2.605868 0.183101 0.914517 2.587495 0.343693 10.338966 -0.288984 0.188541 3.635924
1 117.4114 -8.542921 -0.738712 -0.587821 -2.106649 -1.418707 3.344073 0.153814 2.605868 0.183101 0.914517 2.587495 0.343693 10.338966 -0.288984 0.188541 3.635924
1 116.22703 -8.545228 -0.760655 -0.583765 -2.102933 -1.419403 3.364450 0.177926 2.638316 0.179759 0.840329 2.571135 0.331324 10.321465 -0.299682 0.191794 3.628403
1 116.22703 -8.545228 -0.760655 -0.583765 -2.102933 -1.419403 3.364450 0.177926 2.638316 0.179759 0.840329 2.571135 0.331324 10.321465 -0.299682 0.191794 3.628403
1 116.22703 -8.545228 -0.760655 -0.583765 -2.102933 -1.419403 3.364450 0.177926 2.638316 0.179759 0.840329 2.571135 0.331324 10.321465 -0.299682 0.191794 3.628403
1 116.22703 -8.545228 -0.760655 -0.583765 -2.102933 -1.419403 3.364450 0.177926 2.638316 0.179759 0.840329 2.571135 0.331324 10.321465 -0.299682 0.191794 3.628403
1 116.22703 -8.545228 -0.760655 -0.583765 -2.102933 -1.419403 3.364450 0.177926 2.638316 0.179759 0.840329 2.571135 0.331324 10.321465 -0.299682 0.191794 3.628403
1 116.22703 -8.545228 -0.760655 -0.583765 -2.102933 -1.419403 3.364450 0.177926 2.638316 0.179759 0.840329 2.571135 0.331324 10.321465 -0.299682 0.191794 3.628403
1 111.13015 -8.543379 -0.768526 -0.574707 -2.134609 -1.449358 3.370180 0.203142 2.645079 0.175584 0.859947 2.579466 0.320488 10.306307 -0.279407 0.195150 3.607820
1 111.13015 -8.543379 -0.768526 -0.574707 -2.134609 -1.449358 3.370180 0.203142 2.645079 0.175584 0.859947 2.579466 0.320488 10.306307 -0.279407 0.195150 3.607820
1 108.34259 -8.553302 -0.796335 -0.580175 -2.140762 -1.458560 3.375069 0.234481 2.647828 0.173953 0.837723 2.556245 0.294922 10.305153 -0.282002 0.216115 3.666437
1 108.09162 -8.532461 -0.806144 -0.588914 -2.177957 -1.428768 3.371696 0.230143 2.646277 0.150644 0.875798 2.530178 0.303541 10.330744 -0.255416 0.269245 3.642807
1 108.09162 -8.532461 -0.806144 -0.588914 -2.177957 -1.428768 3.371696 0.230143 2.646277 0.150644 0.875798 2.530178 0.303541 10.330744 -0.255416 0.269245 3.642807
1 108.09162 -8.532461 -0.806144 -0.588914 -2.177957 -1.428768 3.371696 0.230143 2.646277 0.150644 0.875798 2.530178 0.303541 10.330744 -0.255416 0.269245 3.642807
1 108.09162 -8.532461 -0.806144 -0.588914 -2.177957 -1.428768 3.371696 0.230143 2.646277 0.150644 0.875798 2.530178 0.303541 10.330744 -0.255416 0.269245 3.642807
1 108.09162 -8.532461 -0.806144 -0.588914 -2.177957 -1.428768 3.371696 0.230143 2.646277 0.150644 0.875798 2.530178 0.303541 10.330744 -0.255416 0.269245 3.642807
1 108.09162 -8.532461 -0.806144 -0.588914 -2.177957 -1.428768 3.371696 0.230143 2.646277 0.150644 0.875798 2.530178 0.303541 10.330744 -0.255416 0.269245 3.642807
1 108.09162 -8.532461 -0.806144 -0.588914 -2.177957 -1.428768 3.371696 0.230143 2.646277 0.150644 0.875798 2.530178 0.303541 10.330744 -0.255416 0.269245 3.642807
1 108.09162 -8.532461 -0.806144 -0.588914 -2.177957 -1.428768 3.371696 0.230143 2.646277 0.150644 0.875798 2.530178 0.303541 10.330744 -0.255416 0.269245 3.642807
1 108.09162 -8.532461 -0.806144 -0.588914 -2.177957 -1.428768 3.371696 0.230143 2.646277 0.150644 0.875798 2.530178 0.303541 10.330744 -0.255416 0.269245 3.642807
1 106.88036 -8.558059 -0.790315 -0.571678 -2.212299 -1.406411 3.406627 0.229737 2.670934 0.172860 0.893719 2.564495 0.328620 10.336171 -0.267305 0.242773 3.643252
1 106.88036 -8.558059 -0.790315 -0.571678 -2.212299 -1.406411 3.406627 0.229737 2.670934 0.172860 0.893719 2.564495 0.328620 10.336171 -0.267305 0.242773 3.643252
1 104.37534 -8.500151 -0.803862 -0.568937 -2.210566 -1.437021 3.402632 0.254657 2.699891 0.133820 0.925944 2.529553 0.317644 10.348990 -0.217479 0.254929 3.621178
1 104.37534 -8.500151 -0.803862 -0.568937 -2.210566 -1.437021 3.402632 0.254657 2.699891 0.133820 0.925944 2.529553 0.317644 10.348990 -0.217479 0.254929 3.621178
1 104.37534 -8.500151 -0.803862 -0.568937 -2.210566 -1.437021 3.402632 0.254657 2.699891 0.133820 0.925944 2.529553 0.317644 10.348990 -0.217479 0.254929 3.621178
1 104.37534 -8.500151 -0.803862 -0.568937 -2.210566 -1.437021 3.402632 0.254657 2.699891 0.133820 0.925944 2.529553 0.317644 10.348990 -0.217479 0.254929 3.621178
1 104.37534 -8.500151 -0.803862 -0.568937 -2.210566 -1.437021 3.402632 0.254657 2.699891 0.133820 0.925944 2.529553 0.317644 10.348990 -0.217479 0.254929 3.621178
1 104.37534 -8.500151 -0.803862 -0.568937 -2.210566 -1.437021 3.402632 0.254657 2.699891 0.133820 0.925944 2.529553 0.317644 10.348990 -0.217479 0.254929 3.621178
1 104.37534 -8.500151 -0.803862 -0.568937 -2.210566 -1.437021 3.402632 0.254657 2.699891 0.133820 0.925944 2.529553 0.317644 10.348990 -0.217479 0.254929 3.621178
1 104.31695 -8.485007 -0.786489 -0.552824 -2.226051 -1.467490 3.433558 0.218886 2.692774 0.117909 0.927516 2.550460 0.307070 10.343046 -0.248732 0.230771 3.630454
1 104.31695 -8.485007 -0.786489 -0.552824 -2.226051 -1.467490 3.433558 0.218886 2.692774 0.117909 0.927516 2.550460 0.307070 10.343046 -0.248732 0.230771 3.630454
1 101.07745 -8.445364 -0.765557 -0.554877 -2.264200 -1.482108 3.391096 0.216211 2.727205 0.117301 0.911401 2.550766 0.308623 10.349772 -0.260445 0.214139 3.615790
1 101.07745 -8.445364 -0.765557 -0.554877 -2.264200 -1.482108 3.391096 0.216211 2.727205 0.117301 0.911401 2.550766 0.308623 10.349772 -0.260445 0.214139 3.615790
1 101.07745 -8.445364 -0.765557 -0.554877 -2.264200 -1.482108 3.391096 0.216211 2.727205 0.117301 0.911401 2.550766 0.308623 10.349772 -0.260445 0.214139 3.615790
1 98.65362 -8.435770 -0.763503 -0.560096 -2.255545 -1.512674 3.389843 0.239598 2.749987 0.127722 0.942171 2.516642 0.339322 10.341401 -0.270676 0.267028 3.663308
1 98.65362 -8.435770 -0.763503 -0.560096 -2.255545 -1.512674 3.389843 0.239598 2.749987 0.127722 0.942171 2.516642 0.339322 10.341401 -0.270676 0.267028 3.663308
1 98.65362 -8.435770 -0.763503 -0.560096 -2.255545 -1.512674 3.389843 0.239598 2.749987 0.127722 0.942171 2.516642 0.339322 10.341401 -0.270676 0.267028 3.663308
1 99.2065 -8.421701 -0.790614 -0.567260 -2.270889 -1.529729 3.387960 0.228106 2.740422 0.086434 0.935406 2.515611 0.374733 10.318136 -0.280060 0.267740 3.638808
1 97.3136 -8.420266 -0.794907 -0.572079 -2.303367 -1.528845 3.375623 0.201247 2.740894 0.110403 0.890937 2.534484 0.339307 10.302321 -0.264521 0.293426 3.636015
1 97.006445 -8.403773 -0.812764 -0.553247 -2.320122 -1.527908 3.393575 0.191001 2.752092 0.108186 0.879688 2.547337 0.336080 10.308471 -0.259275 0.308464 3.647012
1 97.006445 -8.403773 -0.812764 -0.553247 -2.320122 -1.527908 3.393575 0.191001 2.752092 0.108186 0.879688 2.547337 0.336080 10.308471 -0.259275 0.308464 3.647012
1 97.006445 -8.403773 -0.812764 -0.553247 -2.320122 -1.527908 3.393575 0.191001 2.752092 0.108186 0.879688 2.547337 0.336080 10.308471 -0.259275 0.308464 3.647012
1 97.006445 -8.403773 -0.812764 -0.553247 -2.320122 -1.527908 3.393575 0.191001 2.752092 0.108186 0.879688 2.547337 0.336080 10.308471 -0.259275 0.308464 3.647012
1 97.006445 -8.403773 -0.812764 -0.553247 -2.320122 -1.527908 3.393575 0.191001 2.752092 0.108186 0.879688 2.547337 0.336080 10.308471 -0.259275 0.308464 3.647012
