1 279.23602 -8.555445 -0.985941 -0.203900 -2.325932 -1.471511 3.459145 0.253840 2.456459 0.242852 0.583510 2.309584 0.145768 10.339369 -0.298715 0.274155 3.581491
1 275.94614 -8.578568 -0.976835 -0.199162 -2.295144 -1.462440 3.465089 0.248381 2.459844 0.235907 0.596269 2.320401 0.164034 10.294819 -0.290653 0.262528 3.589788
1 275.94614 -8.578568 -0.976835 -0.199162 -2.295144 -1.462440 3.465089 0.248381 2.459844 0.235907 0.596269 2.320401 0.164034 10.294819 -0.290653 0.262528 3.589788
1 275.94614 -8.578568 -0.976835 -0.199162 -2.295144 -1.462440 3.465089 0.248381 2.459844 0.235907 0.596269 2.320401 0.164034 10.294819 -0.290653 0.262528 3.589788
1 275.94614 -8.578568 -0.976835 -0.199162 -2.295144 -1.462440 3.465089 0.248381 2.459844 0.235907 0.596269 2.320401 0.164034 10.294819 -0.290653 0.262528 3.589788
1 275.94614 -8.578568 -0.976835 -0.199162 -2.295144 -1.462440 3.465089 0.248381 2.459844 0.235907 0.596269 2.320401 0.164034 10.294819 -0.290653 0.262528 3.589788
1 275.94614 -8.578568 -0.976835 -0.199162 -2.295144 -1.462440 3.465089 0.248381 2.459844 0.235907 0.596269 2.320401 0.164034 10.294819 -0.290653 0.262528 3.589788
1 275.94614 -8.578568 -0.976835 -0.199162 -2.295144 -1.462440 3.465089 0.248381 2.459844 0.235907 0.596269 2.320401 0.164034 10.294819 -0.290653 0.262528 3.589788
1 275.94614 -8.578568 -0.976835 -0.199162 -2.295144 -1.462440 3.465089 0.248381 2.459844 0.235907 0.596269 2.320401 0.164034 10.294819 -0.290653 0.262528 3.589788
1 275.94614 -8.578568 -0.976835 -0.199162 -2.295144 -1.462440 3.465089 0.248381 2.459844 0.235907 0.596269 2.320401 0.164034 10.294819 -0.290653 0.262528 3.589788
1 275.94614 -8.578568 -0.976835 -0.199162 -2.295144 -1.462440 3.465089 0.248381 2.459844 0.235907 0.596269 2.320401 0.164034 10.294819 -0.290653 0.262528 3.589788
1 275.94614 -8.578568 -0.976835 -0.199162 -2.295144 -1.462440 3.465089 0.248381 2.459844 0.235907 0.596269 2.320401 0.164034 10.294819 -0.290653 0.262528 3.589788
1 275.94614 -8.578568 -0.976835 -0.199162 -2.295144 -1.462440 3.465089 0.248381 2.459844 0.235907 0.596269 2.320401 0.164034 10.294819 -0.290653 0.262528 3.589788
1 275.94614 -8.578568 -0.976835 -0.199162 -2.295144 -1.462440 3.465089 0.248381 2.459844 0.235907 0.596269 2.320401 0.164034 10.294819 -0.290653 0.262528 3.589788
1 275.94614 -8.578568 -0.976835 -0.199162 -2.295144 -1.462440 3.465089 0.248381 2.459844 0.235907 0.596269 2.320401 0.164034 10.294819 -0.290653 0.262528 3.589788
1 275.94614 -8.578568 -0.976835 -0.199162 -2.295144 -1.462440 3.465089 0.248381 2.459844 0.235907 0.596269 2.320401 0.164034 10.294819 -0.290653 0.262528 3.589788
1 275.94614 -8.578568 -0.976835 -0.199162 -2.295144 -1.462440 3.465089 0.248381 2.459844 0.235907 0.596269 2.320401 0.164034 10.294819 -0.290653 0.262528 3.589788
1 275.94614 -8.578568 -0.976835 -0.199162 -2.295144 -1.462440 3.465089 0.248381 2.459844 0.235907 0.596269 2.320401 0.164034 10.294819 -0.290653 0.262528 3.589788
1 275.94614 -8.578568 -0.976835 -0.199162 -2.295144 -1.462440 3.465089 0.248381 2.459844 0.235907 0.596269 2.320401 0.164034 10.294819 -0.290653 0.262528 3.589788
1 275.94614 -8.578568 -0.976835 -0.199162 -2.295144 -1.462440 3.465089 0.248381 2.459844 0.235907 0.596269 2.320401 0.164034 10.294819 -0.290653 0.262528 3.589788
1 275.94614 -8.578568 -0.976835 -0.199162 -2.295144 -1.462440 3.465089 0.248381 2.459844 0.235907 0.596269 2.320401 0.164034 10.294819 -0.290653 0.262528 3.589788
1 275.94614 -8.578568 -0.976835 -0.199162 -2.295144 -1.462440 3.465089 0.248381 2.459844 0.235907 0.596269 2.320401 0.164034 10.294819 -0.290653 0.262528 3.589788
1 275.94614 -8.578568 -0.976835 -0.199162 -2.295144 -1.462440 3.465089 0.248381 2.459844 0.235907 0.596269 2.320401 0.164034 10.294819 -0.290653 0.262528 3.589788
1 275.94614 -8.578568 -0.976835 -0.199162 -2.295144 -1.462440 3.465089 0.248381 2.459844 0.235907 0.596269 2.320401 0.164034 10.294819 -0.290653 0.262528 3.589788
1 275.94614 -8.578568 -0.976835 -0.199162 -2.295144 -1.462440 3.465089 0.248381 2.459844 0.235907 0.596269 2.320401 0.164034 10.294819 -0.290653 0.262528 3.589788
1 275.94614 -8.578568 -0.976835 -0.199162 -2.295144 -1.462440 3.465089 0.248381 2.459844 0.235907 0.596269 2.320401 0.164034 10.294819 -0.290653 0.262528 3.589788
1 275.94614 -8.578568 -0.976835 -0.199162 -2.295144 -1.462440 3.465089 0.248381 2.459844 0.235907 0.596269 2.320401 0.164034 10.294819 -0.290653 0.262528 3.589788
1 275.94614 -8.578568 -0.976835 -0.199162 -2.295144 -1.462440 3.465089 0.248381 2.459844 0.235907 0.596269 2.320401 0.164034 10.294819 -0.290653 0.262528 3.589788
1 275.94614 -8.578568 -0.976835 -0.199162 -2.295144 -1.462440 3.465089 0.248381 2.459844 0.235907 0.596269 2.320401 0.164034 10.294819 -0.290653 0.262528 3.589788
1 275.94614 -8.578568 -0.976835 -0.199162 -2.295144 -1.462440 3.465089 0.248381 2.459844 0.235907 0.596269 2.320401 0.164034 10.294819 -0.290653 0.262528 3.589788
1 275.94614 -8.578568 -0.976835 -0.199162 -2.295144 -1.462440 3.465089 0.248381 2.459844 0.235907 0.596269 2.320401 0.164034 10.294819 -0.290653 0.262528 3.589788
1 275.94614 -8.578568 -0.976835 -0.199162 -2.295144 -1.462440 3.465089 0.248381 2.459844 0.235907 0.596269 2.320401 0.164034 10.294819 -0.290653 0.262528 3.589788
1 275.94614 -8.578568 -0.976835 -0.199162 -2.295144 -1.462440 3.465089 0.248381 2.459844 0.235907 0.596269 2.320401 0.164034 10.294819 -0.290653 0.262528 3.589788
1 275.94614 -8.578568 -0.976835 -0.199162 -2.295144 -1.462440 3.465089 0.248381 2.459844 0.235907 0.596269 2.320401 0.164034 10.294819 -0.290653 0.262528 3.589788
1 275.94614 -8.578568 -0.976835 -0.199162 -2.295144 -1.462440 3.465089 0.248381 2.459844 0.235907 0.596269 2.320401 0.164034 10.294819 -0.290653 0.262528 3.589788
1 275.94614 -8.578568 -0.976835 -0.199162 -2.295144 -1.462440 3.465089 0.248381 2.459844 0.235907 0.596269 2.320401 0.164034 10.294819 -0.290653 0.262528 3.589788
1 275.94614 -8.578568 -0.976835 -0.199162 -2.295144 -1.462440 3.465089 0.248381 2.459844 0.235907 0.596269 2.320401 0.164034 10.294819 -0.290653 0.262528 3.589788
1 275.94614 -8.578568 -0.976835 -0.199162 -2.295144 -1.462440 3.465089 0.248381 2.459844 0.235907 0.596269 2.320401 0.164034 10.294819 -0.290653 0.262528 3.589788
1 275.94614 -8.578568 -0.976835 -0.199162 -2.295144 -1.462440 3.465089 0.248381 2.459844 0.235907 0.596269 2.320401 0.164034 10.294819 -0.290653 0.262528 3.589788
1 275.94614 -8.578568 -0.976835 -0.199162 -2.295144 -1.462440 3.465089 0.248381 2.459844 0.235907 0.596269 2.320401 0.164034 10.294819 -0.290653 0.262528 3.589788
1 275.94614 -8.578568 -0.976835 -0.199162 -2.295144 -1.462440 3.465089 0.248381 2.459844 0.235907 0.596269 2.320401 0.164034 10.294819 -0.290653 0.262528 3.589788
1 275.94614 -8.578568 -0.976835 -0.199162 -2.295144 -1.462440 3.465089 0.248381 2.459844 0.235907 0.596269 2.320401 0.164034 10.294819 -0.290653 0.262528 3.589788
1 275.94614 -8.578568 -0.976835 -0.199162 -2.295144 -1.462440 3.465089 0.248381 2.459844 0.235907 0.596269 2.320401 0.164034 10.294819 -0.290653 0.262528 3.589788
1 275.94614 -8.578568 -0.976835 -0.199162 -2.295144 -1.462440 3.465089 0.248381 2.459844 0.235907 0.596269 2.320401 0.164034 10.294819 -0.290653 0.262528 3.589788
1 275.94614 -8.578568 -0.976835 -0.199162 -2.295144 -1.462440 3.465089 0.248381 2.459844 0.235907 0.596269 2.320401 0.164034 10.294819 -0.290653 0.262528 3.589788
1 275.94614 -8.578568 -0.976835 -0.199162 -2.295144 -1.462440 3.465089 0.248381 2.459844 0.235907 0.596269 2.320401 0.164034 10.294819 -0.290653 0.262528 3.589788
1 275.94614 -8.578568 -0.976835 -0.199162 -2.295144 -1.462440 3.465089 0.248381 2.459844 0.235907 0.596269 2.320401 0.164034 10.294819 -0.290653 0.262528 3.589788
1 275.94614 -8.578568 -0.976835 -0.199162 -2.295144 -1.462440 3.465089 0.248381 2.459844 0.235907 0.596269 2.320401 0.164034 10.294819 -0.290653 0.262528 3.589788
1 275.94614 -8.578568 -0.976835 -0.199162 -2.295144 -1.462440 3.465089 0.248381 2.459844 0.235907 0.596269 2.320401 0.164034 10.294819 -0.290653 0.262528 3.589788
1 275.94614 -8.578568 -0.976835 -0.199162 -2.295144 -1.462440 3.465089 0.248381 2.459844 0.235907 0.596269 2.320401 0.164034 10.294819 -0.290653 0.262528 3.589788
