1 inf -8.706698 -0.984882 -0.295059 -2.260589 -1.408368 3.406654 0.149859 2.585715 0.211378 0.639489 2.298968 0.155594 10.488946 -0.267487 0.218435 3.650224
1 inf -8.721456 -0.987355 -0.297489 -2.283270 -1.442510 3.414775 0.183299 2.623589 0.240079 0.642474 2.313859 0.150383 10.505586 -0.287658 0.200898 3.629623
1 inf -8.689801 -0.979086 -0.290758 -2.246632 -1.408528 3.408145 0.168011 2.618807 0.200137 0.640995 2.309251 0.151322 10.493385 -0.264362 0.193296 3.602148
1 inf -8.711370 -0.960635 -0.261281 -2.227917 -1.426550 3.407402 0.145992 2.591604 0.232120 0.643347 2.303015 0.120013 10.515827 -0.280172 0.188203 3.547449
1 inf -8.735408 -0.973635 -0.286465 -2.204733 -1.433823 3.449738 0.137453 2.583666 0.260874 0.655272 2.301995 0.146392 10.475921 -0.231029 0.189217 3.607574
1 inf -8.699497 -0.987462 -0.298838 -2.236314 -1.413934 3.426525 0.147495 2.604262 0.273397 0.648967 2.300393 0.116046 10.457536 -0.244508 0.218328 3.604181
1 inf -8.692670 -0.983622 -0.307744 -2.201601 -1.429462 3.442664 0.167976 2.617423 0.269965 0.665523 2.313791 0.157705 10.469899 -0.230841 0.234057 3.634489
1 inf -8.701548 -0.922389 -0.319476 -2.193691 -1.436941 3.408412 0.161919 2.623491 0.262780 0.707399 2.296052 0.176629 10.459113 -0.218951 0.247364 3.658260
1 inf -8.698333 -0.908007 -0.336271 -2.220028 -1.462173 3.432824 0.129308 2.653261 0.263147 0.720058 2.285963 0.187655 10.473433 -0.280636 0.255483 3.656873
1 inf -8.741463 -0.905940 -0.290498 -2.258310 -1.460659 3.451939 0.143441 2.648830 0.254756 0.684027 2.302819 0.187356 10.441571 -0.279195 0.271152 3.672837
1 inf -8.746662 -0.954924 -0.291661 -2.211344 -1.466920 3.455784 0.082478 2.632033 0.271272 0.693404 2.324606 0.194699 10.450597 -0.272226 0.225245 3.646491
1 inf -8.702640 -0.951518 -0.290425 -2.246293 -1.480835 3.449577 0.093264 2.599556 0.270579 0.721658 2.310234 0.164526 10.450033 -0.284647 0.218181 3.625929
1 inf -8.759001 -0.945888 -0.298077 -2.234694 -1.463793 3.391049 0.110085 2.615770 0.306015 0.698751 2.277080 0.164787 10.459790 -0.292876 0.196337 3.633475
1 inf -8.747561 -0.904775 -0.296781 -2.245147 -1.451706 3.371368 0.159022 2.605769 0.340537 0.712504 2.249566 0.235458 10.449028 -0.288521 0.182679 3.634555
1 inf -8.760894 -0.896305 -0.289423 -2.261028 -1.431505 3.388579 0.175693 2.602485 0.354611 0.705212 2.255073 0.237290 10.493102 -0.314973 0.196206 3.649707
1 inf -8.760919 -0.894537 -0.276279 -2.271651 -1.442055 3.391236 0.161525 2.620460 0.384716 0.710083 2.268907 0.209146 10.494538 -0.344022 0.199205 3.628595
1 inf -8.776781 -0.924973 -0.235147 -2.266796 -1.475593 3.367920 0.181914 2.645983 0.404974 0.738376 2.278149 0.177656 10.482848 -0.347411 0.197826 3.618480
1 inf -8.758034 -0.929749 -0.215699 -2.284378 -1.480290 3.374893 0.166465 2.637154 0.410016 0.748272 2.255088 0.210152 10.496776 -0.329229 0.222135 3.604193
1 inf -8.761377 -0.901999 -0.222914 -2.303522 -1.520866 3.372063 0.163473 2.644308 0.392800 0.767534 2.234438 0.163266 10.486086 -0.351305 0.220480 3.599674
1 inf -8.785602 -0.898796 -0.233155 -2.287663 -1.538852 3.402257 0.164631 2.621497 0.409751 0.719257 2.277124 0.194980 10.489524 -0.298992 0.203940 3.610145
1 inf -8.767695 -0.901246 -0.244598 -2.281764 -1.526767 3.401328 0.162203 2.639759 0.430441 0.732823 2.280212 0.168654 10.484714 -0.285164 0.231567 3.654451
1 inf -8.767906 -0.907946 -0.236429 -2.252886 -1.521059 3.399000 0.173588 2.608798 0.413941 0.778526 2.260235 0.156501 10.499903 -0.327650 0.247635 3.664978
1 inf -8.795382 -0.909500 -0.285574 -2.248442 -1.543602 3.379104 0.170152 2.651248 0.400491 0.784757 2.254497 0.126517 10.515275 -0.340186 0.258440 3.671103
1 inf -8.798547 -0.926895 -0.263513 -2.272854 -1.541186 3.329844 0.157623 2.662653 0.389111 0.808192 2.248247 0.127140 10.494959 -0.363928 0.295302 3.646175
1 inf -8.770996 -0.909180 -0.252414 -2.298001 -1.553406 3.318269 0.186101 2.678543 0.392018 0.805367 2.237989 0.106859 10.478656 -0.356938 0.281586 3.617579
1 inf -8.791140 -0.928449 -0.272477 -2.296158 -1.520497 3.328696 0.214428 2.708706 0.401203 0.819613 2.210284 0.102042 10.444696 -0.342616 0.232145 3.572757
1 inf -8.756897 -0.946847 -0.246667 -2.356845 -1.480784 3.306659 0.233261 2.712775 0.382669 0.805832 2.180727 0.104621 10.428993 -0.342259 0.277772 3.545887
1 inf -8.776851 -0.958946 -0.266612 -2.345594 -1.459968 3.293728 0.222482 2.746274 0.406938 0.784652 2.167442 0.110981 10.396029 -0.347371 0.227797 3.548436
1 157.91527 -8.791298 -0.976949 -0.281010 -2.360950 -1.464800 3.302106 0.162208 2.773512 0.447982 0.829892 2.148612 0.109045 10.426148 -0.336529 0.243818 3.533356
1 157.91527 -8.791298 -0.976949 -0.281010 -2.360950 -1.464800 3.302106 0.162208 2.773512 0.447982 0.829892 2.148612 0.109045 10.426148 -0.336529 0.243818 3.533356
1 157.91527 -8.791298 -0.976949 -0.281010 -2.360950 -1.464800 3.302106 0.162208 2.773512 0.447982 0.829892 2.148612 0.109045 10.426148 -0.336529 0.243818 3.533356
1 157.91527 -8.791298 -0.976949 -0.281010 -2.360950 -1.464800 3.302106 0.162208 2.773512 0.447982 0.829892 2.148612 0.109045 10.426148 -0.336529 0.243818 3.533356
1 157.91527 -8.791298 -0.976949 -0.281010 -2.360950 -1.464800 3.302106 0.162208 2.773512 0.447982 0.829892 2.148612 0.109045 10.426148 -0.336529 0.243818 3.533356
1 157.76664 -8.784874 -0.991125 -0.296236 -2.365524 -1.495817 3.289236 0.137761 2.765477 0.482308 0.825455 2.110907 0.115333 10.455714 -0.352185 0.221350 3.529369
1 157.76664 -8.784874 -0.991125 -0.296236 -2.365524 -1.495817 3.289236 0.137761 2.765477 0.482308 0.825455 2.110907 0.115333 10.455714 -0.352185 0.221350 3.529369
1 157.76664 -8.784874 -0.991125 -0.296236 -2.365524 -1.495817 3.289236 0.137761 2.765477 0.482308 0.825455 2.110907 0.115333 10.455714 -0.352185 0.221350 3.529369
1 157.76664 -8.784874 -0.991125 -0.296236 -2.365524 -1.495817 3.289236 0.137761 2.765477 0.482308 0.825455 2.110907 0.115333 10.455714 -0.352185 0.221350 3.529369
1 154.58308 -8.812890 -0.980841 -0.324306 -2.386872 -1.495920 3.304546 0.131257 2.763646 0.446997 0.873293 2.110209 0.073527 10.428554 -0.345622 0.269180 3.532482
1 152.67863 -8.811122 -0.935010 -0.310452 -2.410746 -1.515118 3.309790 0.137797 2.775524 0.442797 0.865517 2.099820 0.080229 10.391691 -0.308859 0.269546 3.551515
1 152.67863 -8.811122 -0.935010 -0.310452 -2.410746 -1.515118 3.309790 0.137797 2.775524 0.442797 0.865517 2.099820 0.080229 10.391691 -0.308859 0.269546 3.551515
1 153.39081 -8.785420 -0.919763 -0.315245 -2.413548 -1.519967 3.321629 0.155463 2.763435 0.457949 0.858516 2.112772 0.069442 10.409529 -0.282223 0.267117 3.572064
1 153.39081 -8.785420 -0.919763 -0.315245 -2.413548 -1.519967 3.321629 0.155463 2.763435 0.457949 0.858516 2.112772 0.069442 10.409529 -0.282223 0.267117 3.572064
1 153.39081 -8.785420 -0.919763 -0.315245 -2.413548 -1.519967 3.321629 0.155463 2.763435 0.457949 0.858516 2.112772 0.069442 10.409529 -0.282223 0.267117 3.572064
1 153.39081 -8.785420 -0.919763 -0.315245 -2.413548 -1.519967 3.321629 0.155463 2.763435 0.457949 0.858516 2.112772 0.069442 10.409529 -0.282223 0.267117 3.572064
1 153.39081 -8.785420 -0.919763 -0.315245 -2.413548 -1.519967 3.321629 0.155463 2.763435 0.457949 0.858516 2.112772 0.069442 10.409529 -0.282223 0.267117 3.572064
1 150.70137 -8.808199 -0.944634 -0.309563 -2.414578 -1.532908 3.342488 0.162112 2.781479 0.476064 0.868775 2.105521 0.081335 10.402176 -0.259129 0.227058 3.593614
1 150.70137 -8.808199 -0.944634 -0.309563 -2.414578 -1.532908 3.342488 0.162112 2.781479 0.476064 0.868775 2.105521 0.081335 10.402176 -0.259129 0.227058 3.593614
1 151.02756 -8.818052 -0.907683 -0.319075 -2.432844 -1.559716 3.330968 0.185890 2.751447 0.468753 0.880665 2.075742 0.053317 10.407812 -0.269280 0.236443 3.595399
1 133.6991 -8.808992 -0.906108 -0.267988 -2.425178 -1.568290 3.358803 0.174812 2.709877 0.428158 0.884519 2.074290 0.063899 10.419694 -0.322581 0.243150 3.612778
1 120.30825 -8.790680 -0.924549 -0.239013 -2.409459 -1.590420 3.398446 0.153634 2.697590 0.388284 0.854121 2.054938 0.086667 10.378743 -0.320954 0.248122 3.617528
1 119.63174 -8.804928 -0.921761 -0.223061 -2.421135 -1.625013 3.432142 0.155348 2.728954 0.340346 0.837826 2.112995 0.114480 10.379786 -0.306982 0.232356 3.580242
1 116.86481 -8.802838 -0.910527 -0.247810 -2.469156 -1.634476 3.437152 0.201153 2.733713 0.336169 0.842837 2.153806 0.118692 10.386225 -0.297176 0.219210 3.601141
1 116.3897 -8.822113 -0.919440 -0.238212 -2.445120 -1.644412 3.450387 0.198646 2.745980 0.313906 0.845174 2.150783 0.097963 10.349890 -0.330837 0.219150 3.605596
1 114.70445 -8.814673 -0.938778 -0.229080 -2.456552 -1.660844 3.446999 0.210211 2.754166 0.316532 0.838919 2.147718 0.129331 10.341596 -0.355032 0.206122 3.592531
1 113.25374 -8.833773 -0.972266 -0.202423 -2.444952 -1.654590 3.440033 0.228236 2.764901 0.298463 0.845190 2.128806 0.167909 10.326112 -0.345268 0.224527 3.571660
1 113.25374 -8.833773 -0.972266 -0.202423 -2.444952 -1.654590 3.440033 0.228236 2.764901 0.298463 0.845190 2.128806 0.167909 10.326112 -0.345268 0.224527 3.571660
1 113.25374 -8.833773 -0.972266 -0.202423 -2.444952 -1.654590 3.440033 0.228236 2.764901 0.298463 0.845190 2.128806 0.167909 10.326112 -0.345268 0.224527 3.571660
1 111.69141 -8.807532 -0.985109 -0.199557 -2.431595 -1.645305 3.430327 0.228689 2.772955 0.307450 0.854164 2.127763 0.206278 10.332371 -0.317863 0.240184 3.559582
1 111.69141 -8.807532 -0.985109 -0.199557 -2.431595 -1.645305 3.430327 0.228689 2.772955 0.307450 0.854164 2.127763 0.206278 10.332371 -0.317863 0.240184 3.559582
1 111.69141 -8.807532 -0.985109 -0.199557 -2.431595 -1.645305 3.430327 0.228689 2.772955 0.307450 0.854164 2.127763 0.206278 10.332371 -0.317863 0.240184 3.559582
1 111.69141 -8.807532 -0.985109 -0.199557 -2.431595 -1.645305 3.430327 0.228689 2.772955 0.307450 0.854164 2.127763 0.206278 10.332371 -0.317863 0.240184 3.559582
1 111.69141 -8.807532 -0.985109 -0.199557 -2.431595 -1.645305 3.430327 0.228689 2.772955 0.307450 0.854164 2.127763 0.206278 10.332371 -0.317863 0.240184 3.559582
1 110.50275 -8.778789 -0.987031 -0.196001 -2.450375 -1.609707 3.450891 0.237784 2.783788 0.275732 0.868865 2.160970 0.249499 10.338680 -0.340947 0.206637 3.537344
1 110.50275 -8.778789 -0.987031 -0.196001 -2.450375 -1.609707 3.450891 0.237784 2.783788 0.275732 0.868865 2.160970 0.249499 10.338680 -0.340947 0.206637 3.537344
1 107.0359 -8.780498 -0.990808 -0.185724 -2.439087 -1.632398 3.447484 0.265901 2.745129 0.295366 0.883643 2.151699 0.304388 10.306991 -0.367614 0.236118 3.494562
1 107.0359 -8.780498 -0.990808 -0.185724 -2.439087 -1.632398 3.447484 0.265901 2.745129 0.295366 0.883643 2.151699 0.304388 10.306991 -0.367614 0.236118 3.494562
1 107.0359 -8.780498 -0.990808 -0.185724 -2.439087 -1.632398 3.447484 0.265901 2.745129 0.295366 0.883643 2.151699 0.304388 10.306991 -0.367614 0.236118 3.494562
1 107.0359 -8.780498 -0.990808 -0.185724 -2.439087 -1.632398 3.447484 0.265901 2.745129 0.295366 0.883643 2.151699 0.304388 10.306991 -0.367614 0.236118 3.494562
1 107.0359 -8.780498 -0.990808 -0.185724 -2.439087 -1.632398 3.447484 0.265901 2.745129 0.295366 0.883643 2.151699 0.304388 10.306991 -0.367614 0.236118 3.494562
1 107.0359 -8.780498 -0.990808 -0.185724 -2.439087 -1.632398 3.447484 0.265901 2.745129 0.295366 0.883643 2.151699 0.304388 10.306991 -0.367614 0.236118 3.494562
1 105.60644 -8.772310 -0.995954 -0.184650 -2.467146 -1.634370 3.440737 0.263720 2.731502 0.310720 0.829698 2.144476 0.328827 10.285014 -0.341239 0.250478 3.498119
1 105.60644 -8.772310 -0.995954 -0.184650 -2.467146 -1.634370 3.440737 0.263720 2.731502 0.310720 0.829698 2.144476 0.328827 10.285014 -0.341239 0.250478 3.498119
1 105.60644 -8.772310 -0.995954 -0.184650 -2.467146 -1.634370 3.440737 0.263720 2.731502 0.310720 0.829698 2.144476 0.328827 10.285014 -0.341239 0.250478 3.498119
1 105.60644 -8.772310 -0.995954 -0.184650 -2.467146 -1.634370 3.440737 0.263720 2.731502 0.310720 0.829698 2.144476 0.328827 10.285014 -0.341239 0.250478 3.498119
1 105.60644 -8.772310 -0.995954 -0.184650 -2.467146 -1.634370 3.440737 0.263720 2.731502 0.310720 0.829698 2.144476 0.328827 10.285014 -0.341239 0.250478 3.498119
1 105.60644 -8.772310 -0.995954 -0.184650 -2.467146 -1.634370 3.440737 0.263720 2.731502 0.310720 0.829698 2.144476 0.328827 10.285014 -0.341239 0.250478 3.498119
1 103.47042 -8.761970 -0.975919 -0.213769 -2.471518 -1.650355 3.439026 0.279113 2.723541 0.296025 0.805160 2.186948 0.317993 10.267713 -0.351533 0.268683 3.503874
1 102.0724 -8.735561 -0.963161 -0.238996 -2.457582 -1.621601 3.446559 0.298337 2.695441 0.293623 0.796646 2.202762 0.312871 10.234055 -0.358002 0.302839 3.548653
1 102.0724 -8.735561 -0.963161 -0.238996 -2.457582 -1.621601 3.446559 0.298337 2.695441 0.293623 0.796646 2.202762 0.312871 10.234055 -0.358002 0.302839 3.548653
1 102.0724 -8.735561 -0.963161 -0.238996 -2.457582 -1.621601 3.446559 0.298337 2.695441 0.293623 0.796646 2.202762 0.312871 10.234055 -0.358002 0.302839 3.548653
1 102.0724 -8.735561 -0.963161 -0.238996 -2.457582 -1.621601 3.446559 0.298337 2.695441 0.293623 0.796646 2.202762 0.312871 10.234055 -0.358002 0.302839 3.548653
1 99.339386 -8.737655 -0.969148 -0.227883 -2.471411 -1.612980 3.447395 0.316628 2.698833 0.270800 0.801703 2.189945 0.311746 10.190847 -0.338114 0.279935 3.584289
1 99.339386 -8.737655 -0.969148 -0.227883 -2.471411 -1.612980 3.447395 0.316628 2.698833 0.270800 0.801703 2.189945 0.311746 10.190847 -0.338114 0.279935 3.584289
1 98.87368 -8.750319 -0.986523 -0.206547 -2.484528 -1.585234 3.476674 0.313558 2.732945 0.264673 0.809385 2.160977 0.314993 10.169456 -0.352849 0.274807 3.591842
1 98.87368 -8.750319 -0.986523 -0.206547 -2.484528 -1.585234 3.476674 0.313558 2.732945 0.264673 0.809385 2.160977 0.314993 10.169456 -0.352849 0.274807 3.591842
1 97.782113 -8.763156 -0.966584 -0.213153 -2.451192 -1.581137 3.475814 0.320771 2.723604 0.258244 0.829671 2.190619 0.315432 10.164530 -0.313483 0.271610 3.566904
1 97.782113 -8.763156 -0.966584 -0.213153 -2.451192 -1.581137 3.475814 0.320771 2.723604 0.258244 0.829671 2.190619 0.315432 10.164530 -0.313483 0.271610 3.566904
1 97.782113 -8.763156 -0.966584 -0.213153 -2.451192 -1.581137 3.475814 0.320771 2.723604 0.258244 0.829671 2.190619 0.315432 10.164530 -0.313483 0.271610 3.566904
1 97.782113 -8.763156 -0.966584 -0.213153 -2.451192 -1.581137 3.475814 0.320771 2.723604 0.258244 0.829671 2.190619 0.315432 10.164530 -0.313483 0.271610 3.566904
1 97.782113 -8.763156 -0.966584 -0.213153 -2.451192 -1.581137 3.475814 0.320771 2.723604 0.258244 0.829671 2.190619 0.315432 10.164530 -0.313483 0.271610 3.566904
1 97.782113 -8.763156 -0.966584 -0.213153 -2.451192 -1.581137 3.475814 0.320771 2.723604 0.258244 0.829671 2.190619 0.315432 10.164530 -0.313483 0.271610 3.566904
1 97.782113 -8.763156 -0.966584 -0.213153 -2.451192 -1.581137 3.475814 0.320771 2.723604 0.258244 0.829671 2.190619 0.315432 10.164530 -0.313483 0.271610 3.566904
1 97.782113 -8.763156 -0.966584 -0.213153 -2.451192 -1.581137 3.475814 0.320771 2.723604 0.258244 0.829671 2.190619 0.315432 10.164530 -0.313483 0.271610 3.566904
1 97.782113 -8.763156 -0.966584 -0.213153 -2.451192 -1.581137 3.475814 0.320771 2.723604 0.258244 0.829671 2.190619 0.315432 10.164530 -0.313483 0.271610 3.566904
1 97.782113 -8.763156 -0.966584 -0.213153 -2.451192 -1.581137 3.475814 0.320771 2.723604 0.258244 0.829671 2.190619 0.315432 10.164530 -0.313483 0.271610 3.566904
1 97.787167 -8.757363 -0.981862 -0.253509 -2.441200 -1.601930 3.465699 0.331501 2.715410 0.229157 0.841208 2.197299 0.309309 10.161879 -0.325124 0.261215 3.562329
1 98.46834 -8.762352 -0.963099 -0.251693 -2.443734 -1.587269 3.472974 0.355178 2.704388 0.259802 0.881699 2.171727 0.315985 10.137080 -0.338912 0.288665 3.572650
1 98.46834 -8.762352 -0.963099 -0.251693 -2.443734 -1.587269 3.472974 0.355178 2.704388 0.259802 0.881699 2.171727 0.315985 10.137080 -0.338912 0.288665 3.572650
1 98.46834 -8.762352 -0.963099 -0.251693 -2.443734 -1.587269 3.472974 0.355178 2.704388 0.259802 0.881699 2.171727 0.315985 10.137080 -0.338912 0.288665 3.572650
1 98.46834 -8.762352 -0.963099 -0.251693 -2.443734 -1.587269 3.472974 0.355178 2.704388 0.259802 0.881699 2.171727 0.315985 10.137080 -0.338912 0.288665 3.572650
1 98.46834 -8.762352 -0.963099 -0.251693 -2.443734 -1.587269 3.472974 0.355178 2.704388 0.259802 0.881699 2.171727 0.315985 10.137080 -0.338912 0.288665 3.572650
1 98.46834 -8.762352 -0.963099 -0.251693 -2.443734 -1.587269 3.472974 0.355178 2.704388 0.259802 0.881699 2.171727 0.315985 10.137080 -0.338912 0.288665 3.572650
1 96.639891 -8.753195 -0.996822 -0.283397 -2.468763 -1.576330 3.441031 0.359418 2.698840 0.243178 0.855433 2.156076 0.316167 10.136262 -0.358334 0.287987 3.575409
1 96.639891 -8.753195 -0.996822 -0.283397 -2.468763 -1.576330 3.441031 0.359418 2.698840 0.243178 0.855433 2.156076 0.316167 10.136262 -0.358334 0.287987 3.575409
1 96.639891 -8.753195 -0.996822 -0.283397 -2.468763 -1.576330 3.441031 0.359418 2.698840 0.243178 0.855433 2.156076 0.316167 10.136262 -0.358334 0.287987 3.575409
1 96.639891 -8.753195 -0.996822 -0.283397 -2.468763 -1.576330 3.441031 0.359418 2.698840 0.243178 0.855433 2.156076 0.316167 10.136262 -0.358334 0.287987 3.575409
1 96.639891 -8.753195 -0.996822 -0.283397 -2.468763 -1.576330 3.441031 0.359418 2.698840 0.243178 0.855433 2.156076 0.316167 10.136262 -0.358334 0.287987 3.575409
1 96.639891 -8.753195 -0.996822 -0.283397 -2.468763 -1.576330 3.441031 0.359418 2.698840 0.243178 0.855433 2.156076 0.316167 10.136262 -0.358334 0.287987 3.575409
1 96.639891 -8.753195 -0.996822 -0.283397 -2.468763 -1.576330 3.441031 0.359418 2.698840 0.243178 0.855433 2.156076 0.316167 10.136262 -0.358334 0.287987 3.575409
1 94.317482 -8.785306 -0.956521 -0.283999 -2.476676 -1.550443 3.419250 0.331458 2.688859 0.241336 0.822481 2.153434 0.275835 10.104205 -0.380060 0.305714 3.597384
1 94.317482 -8.785306 -0.956521 -0.283999 -2.476676 -1.550443 3.419250 0.331458 2.688859 0.241336 0.822481 2.153434 0.275835 10.104205 -0.380060 0.305714 3.597384
1 94.317482 -8.785306 -0.956521 -0.283999 -2.476676 -1.550443 3.419250 0.331458 2.688859 0.241336 0.822481 2.153434 0.275835 10.104205 -0.380060 0.305714 3.597384
1 94.317482 -8.785306 -0.956521 -0.283999 -2.476676 -1.550443 3.419250 0.331458 2.688859 0.241336 0.822481 2.153434 0.275835 10.104205 -0.380060 0.305714 3.597384
1 94.317482 -8.785306 -0.956521 -0.283999 -2.476676 -1.550443 3.419250 0.331458 2.688859 0.241336 0.822481 2.153434 0.275835 10.104205 -0.380060 0.305714 3.597384
1 94.317482 -8.785306 -0.956521 -0.283999 -2.476676 -1.550443 3.419250 0.331458 2.688859 0.241336 0.822481 2.153434 0.275835 10.104205 -0.380060 0.305714 3.597384
