1 inf -9.192983 -0.377568 0.187059 -2.182427 -1.272574 3.263461 0.402662 2.172953 -0.055477 0.258902 2.438153 -0.350321 10.142378 -0.397716 -0.936616 0.176127 3.055572
1 inf -9.205130 -0.381189 0.200477 -2.190755 -1.267121 3.224698 0.384778 2.167870 -0.061370 0.226904 2.458949 -0.332708 10.120423 -0.431022 -0.938114 0.177523 3.079377
1 inf -9.197849 -0.362793 0.210317 -2.218399 -1.236815 3.170531 0.388408 2.171555 -0.067960 0.219568 2.470243 -0.329207 10.094761 -0.418643 -0.944665 0.175034 3.099683
1 inf -9.185134 -0.371435 0.201527 -2.173811 -1.212696 3.177153 0.380066 2.171466 -0.093983 0.200826 2.485546 -0.306588 10.089367 -0.433486 -0.907713 0.178360 3.111839
1 inf -9.188774 -0.354611 0.212640 -2.182918 -1.276898 3.176765 0.361940 2.150762 -0.098234 0.194846 2.528584 -0.318541 10.108558 -0.476436 -0.917082 0.226193 3.135187
1 inf -9.162176 -0.328912 0.212519 -2.185104 -1.298907 3.187600 0.357168 2.116626 -0.112872 0.168199 2.536916 -0.344834 10.077999 -0.510370 -0.935069 0.204520 3.156253
1 inf -9.144489 -0.351173 0.236795 -2.193402 -1.308853 3.207808 0.364061 2.105360 -0.124327 0.143468 2.523036 -0.351530 10.078346 -0.502347 -0.914412 0.181854 3.179191
1 inf -9.147479 -0.346051 0.205664 -2.204053 -1.278413 3.189154 0.346148 2.125455 -0.108715 0.111645 2.516394 -0.372990 10.056098 -0.520534 -0.893817 0.171213 3.142896
1 inf -9.121127 -0.343424 0.200388 -2.179586 -1.279098 3.168559 0.347096 2.116973 -0.080476 0.122739 2.484470 -0.381610 10.053711 -0.498117 -0.902593 0.187960 3.134756
1 inf -9.113330 -0.347818 0.205416 -2.172565 -1.271264 3.163696 0.346405 2.115318 -0.120522 0.085772 2.479159 -0.404888 10.038447 -0.493899 -0.862485 0.191625 3.119578
1 inf -9.051470 -0.347996 0.220095 -2.173307 -1.280736 3.165031 0.303925 2.117980 -0.157927 0.091669 2.493422 -0.420747 10.038081 -0.486672 -0.905617 0.237148 3.153120
1 inf -9.077541 -0.353642 0.200595 -2.186723 -1.222297 3.152792 0.334713 2.117688 -0.157248 0.091356 2.551843 -0.434166 10.028737 -0.459661 -0.909240 0.250102 3.155841
1 inf -9.079600 -0.367556 0.212620 -2.155808 -1.252733 3.137021 0.322450 2.091996 -0.169130 0.076671 2.534593 -0.426091 10.041350 -0.436183 -0.903745 0.244812 3.134323
1 inf -9.076518 -0.371896 0.183344 -2.192498 -1.270174 3.154234 0.319917 2.080258 -0.142609 0.087612 2.524554 -0.403027 10.055057 -0.411114 -0.873407 0.270912 3.127543
1 inf -9.062247 -0.373543 0.225862 -2.196336 -1.305457 3.161900 0.345708 2.133107 -0.111005 0.081572 2.500670 -0.387349 10.060077 -0.410257 -0.865950 0.267896 3.107897
1 inf -9.054814 -0.379952 0.214085 -2.191863 -1.306124 3.146089 0.322804 2.134659 -0.085096 0.117470 2.505078 -0.381394 10.078045 -0.409280 -0.880112 0.248133 3.130256
1 inf -9.072003 -0.359284 0.222607 -2.154954 -1.280106 3.178847 0.321285 2.127496 -0.100382 0.160216 2.503324 -0.380495 10.080134 -0.419178 -0.871888 0.237052 3.141713
1 inf -9.095143 -0.338039 0.230450 -2.159141 -1.267639 3.222490 0.314061 2.097954 -0.058914 0.164127 2.486810 -0.335843 10.086281 -0.413169 -0.887683 0.201955 3.103855
1 inf -9.134344 -0.277682 0.229699 -2.177275 -1.256751 3.243320 0.351512 2.101343 -0.061832 0.166273 2.456669 -0.361226 10.077197 -0.418403 -0.891079 0.168441 3.077792
1 inf -9.132349 -0.280054 0.234591 -2.174128 -1.279464 3.223190 0.316668 2.080697 -0.005584 0.159960 2.486518 -0.368789 10.065171 -0.415187 -0.851187 0.162677 3.049649
1 inf -9.148486 -0.298219 0.208624 -2.156574 -1.263732 3.233500 0.313021 2.089221 -0.024594 0.178351 2.459859 -0.373859 10.081169 -0.450866 -0.898511 0.172796 3.028934
1 inf -9.118358 -0.360983 0.203660 -2.178033 -1.263630 3.219673 0.301565 2.117092 0.001637 0.143465 2.466822 -0.408482 10.084527 -0.463662 -0.919799 0.156877 3.019239
1 inf -9.126679 -0.333615 0.203339 -2.204295 -1.267648 3.238418 0.300040 2.130536 -0.004281 0.173389 2.472397 -0.384090 10.062292 -0.450715 -0.951664 0.115621 3.029861
1 inf -9.105565 -0.321583 0.230219 -2.178756 -1.244476 3.214649 0.249837 2.174144 0.047301 0.228562 2.492761 -0.403561 10.087849 -0.437168 -0.934771 0.114819 3.001640
1 inf -9.128812 -0.295538 0.197499 -2.178616 -1.260015 3.222786 0.256531 2.180873 0.026940 0.197508 2.549274 -0.435543 10.087886 -0.448445 -0.957809 0.086964 2.989404
1 inf -9.155000 -0.312726 0.201505 -2.206132 -1.294071 3.228967 0.252725 2.157774 0.042875 0.181411 2.564691 -0.438391 10.054012 -0.399077 -0.948953 0.076726 2.962325
1 inf -9.139965 -0.265243 0.184681 -2.176609 -1.311493 3.241565 0.198641 2.162347 0.054355 0.157602 2.537086 -0.436055 10.061389 -0.383408 -0.986356 0.094853 2.989699
1 inf -9.137826 -0.274836 0.204900 -2.167307 -1.315513 3.274295 0.210677 2.126397 0.004685 0.164953 2.564195 -0.414046 10.081660 -0.383432 -0.972124 0.133702 2.987913
1 inf -9.132017 -0.289127 0.177752 -2.166820 -1.336182 3.280734 0.198742 2.138343 0.041250 0.171369 2.530912 -0.418998 10.123105 -0.386438 -0.998104 0.138493 3.003324
1 inf -9.142966 -0.270800 0.175865 -2.170728 -1.298640 3.262612 0.215715 2.147718 0.038445 0.192223 2.523429 -0.410004 10.132284 -0.420492 -1.005103 0.160922 3.029192
1 inf -9.105092 -0.300355 0.176294 -2.164115 -1.284280 3.234540 0.199490 2.153383 0.024612 0.188961 2.529868 -0.411155 10.126528 -0.472432 -1.013954 0.164506 3.045873
1 inf -9.114390 -0.312462 0.174979 -2.157164 -1.255143 3.203923 0.241129 2.140231 0.030937 0.180649 2.531215 -0.427939 10.155850 -0.484084 -0.979818 0.210321 3.074643
1 inf -9.134845 -0.326806 0.165057 -2.168376 -1.234344 3.176874 0.269668 2.155667 0.012667 0.186452 2.573087 -0.423056 10.164547 -0.480454 -0.982802 0.173484 3.112083
1 inf -9.112502 -0.323919 0.161404 -2.163643 -1.225667 3.164591 0.266752 2.093245 0.018556 0.166785 2.558274 -0.388406 10.206546 -0.480961 -0.967734 0.161604 3.080170
1 inf -9.117435 -0.332576 0.159595 -2.132675 -1.223397 3.154825 0.212637 2.056256 -0.029501 0.147543 2.562368 -0.367727 10.221452 -0.471637 -0.980920 0.153989 3.060782
1 inf -9.139446 -0.362618 0.153844 -2.171093 -1.192460 3.163672 0.211805 2.032620 -0.038876 0.153774 2.558837 -0.339073 10.194110 -0.500934 -0.992928 0.134415 3.084451
1 inf -9.144370 -0.354423 0.158983 -2.180934 -1.179914 3.168652 0.219840 2.028217 -0.035717 0.119436 2.556617 -0.355229 10.226900 -0.499128 -1.032907 0.130019 3.092625
1 inf -9.143546 -0.329274 0.197492 -2.170011 -1.178410 3.174558 0.198830 2.040863 -0.007143 0.114807 2.560018 -0.375418 10.255835 -0.540748 -1.048116 0.148707 3.098694
1 inf -9.183154 -0.334381 0.242462 -2.166903 -1.156592 3.180830 0.169066 2.073692 0.006564 0.124414 2.562845 -0.381566 10.265189 -0.512333 -1.016753 0.161702 3.098612
1 inf -9.177740 -0.350649 0.252412 -2.208743 -1.170999 3.172979 0.197261 2.047158 0.003863 0.094590 2.534822 -0.379387 10.286142 -0.513723 -1.032840 0.158659 3.088108
1 inf -9.177168 -0.370501 0.231752 -2.248331 -1.161511 3.166729 0.196148 2.025886 -0.032035 0.096406 2.536779 -0.379351 10.329680 -0.500443 -0.989527 0.135483 3.039623
1 inf -9.165488 -0.367704 0.220800 -2.254696 -1.154980 3.141080 0.161690 2.016693 -0.025865 0.081264 2.520098 -0.418900 10.365450 -0.481344 -0.983469 0.128693 3.046344
1 inf -9.177618 -0.373652 0.227200 -2.251497 -1.141618 3.164955 0.179304 2.014922 -0.047473 0.098642 2.537678 -0.401895 10.363479 -0.503932 -0.979237 0.116382 3.059037
1 inf -9.203905 -0.339324 0.210863 -2.233367 -1.145773 3.173392 0.184713 1.981070 -0.074086 0.086376 2.528419 -0.339927 10.372158 -0.544854 -0.969563 0.106695 3.004596
1 inf -9.158435 -0.329494 0.169989 -2.224985 -1.147188 3.198660 0.145846 1.987121 -0.061674 0.099318 2.488247 -0.387854 10.377487 -0.542968 -0.928344 0.117407 3.013028
1 inf -9.145762 -0.355396 0.134583 -2.204448 -1.139462 3.191164 0.151426 1.989417 -0.072428 0.101243 2.539898 -0.405336 10.434337 -0.532566 -0.934820 0.139470 3.010897
1 inf -9.103588 -0.344341 0.124974 -2.228257 -1.146602 3.190236 0.180962 1.991600 -0.098804 0.088281 2.512089 -0.395901 10.445311 -0.532079 -0.916393 0.134985 3.009000
1 inf -9.097265 -0.351996 0.113855 -2.244628 -1.147608 3.173715 0.186938 2.001951 -0.089343 0.120883 2.518597 -0.415057 10.405761 -0.495785 -0.923950 0.143009 3.025060
1 inf -9.072098 -0.341171 0.093396 -2.279859 -1.114737 3.142715 0.193008 1.990110 -0.087776 0.129766 2.489997 -0.410140 10.403304 -0.523344 -0.943192 0.167932 3.025505
1 inf -9.028441 -0.361309 0.107971 -2.284133 -1.120395 3.152574 0.209023 1.951189 -0.063888 0.134712 2.469057 -0.411685 10.416778 -0.526930 -0.948106 0.153607 3.037087
1 inf -9.039242 -0.319840 0.120216 -2.277013 -1.128845 3.156266 0.174627 1.911772 -0.077055 0.138118 2.462911 -0.413691 10.399288 -0.531097 -0.954324 0.164858 3.041715
1 inf -9.035499 -0.322110 0.068466 -2.311573 -1.134098 3.143480 0.192381 1.936782 -0.074340 0.117192 2.463792 -0.417846 10.403254 -0.567728 -0.929288 0.158956 3.064319
1 inf -9.042455 -0.315370 0.078872 -2.272289 -1.138398 3.151545 0.175485 1.930946 -0.053730 0.099065 2.446856 -0.445107 10.423789 -0.581927 -0.952811 0.151734 3.063854
1 inf -9.029343 -0.298335 0.118567 -2.286460 -1.143019 3.160757 0.190816 1.885627 -0.089902 0.068916 2.471246 -0.444528 10.409332 -0.592494 -0.943373 0.172697 3.057739
1 inf -9.038325 -0.322274 0.092882 -2.274859 -1.147411 3.133551 0.182197 1.886038 -0.079450 0.053238 2.491380 -0.441524 10.408063 -0.601949 -0.928601 0.167855 3.054442
1 inf -9.011951 -0.326156 0.111713 -2.248902 -1.135877 3.175489 0.160702 1.886549 -0.071563 0.078397 2.479613 -0.421103 10.396455 -0.578937 -0.915429 0.171676 3.045143
1 inf -9.045388 -0.298147 0.127764 -2.253415 -1.145345 3.171431 0.157732 1.882643 -0.113750 0.105574 2.487760 -0.432960 10.433177 -0.550263 -0.932350 0.163307 3.021972
1 inf -9.067386 -0.293949 0.117280 -2.232860 -1.166950 3.189564 0.140932 1.836002 -0.156084 0.101840 2.484409 -0.432522 10.442717 -0.543810 -0.946672 0.182492 3.021792
1 inf -9.076171 -0.273962 0.113073 -2.214757 -1.170860 3.243629 0.140019 1.854623 -0.158799 0.100675 2.448645 -0.399053 10.476175 -0.520279 -0.931625 0.180402 2.998568
1 inf -9.061629 -0.264991 0.110748 -2.210072 -1.185781 3.239072 0.123170 1.883547 -0.161813 0.091247 2.457988 -0.370524 10.484470 -0.555528 -0.934719 0.180668 2.966334
1 inf -9.056327 -0.287222 0.075017 -2.201573 -1.183113 3.262329 0.113101 1.836004 -0.132349 0.097468 2.494522 -0.381006 10.500301 -0.556911 -0.899214 0.170849 2.975225
1 inf -9.053091 -0.270090 0.098732 -2.200059 -1.244641 3.218592 0.136972 1.841881 -0.155431 0.122790 2.466150 -0.389845 10.515691 -0.574218 -0.870942 0.161318 2.993850
1 inf -9.052034 -0.288599 0.168371 -2.197051 -1.254553 3.213571 0.130158 1.844463 -0.167230 0.098014 2.465293 -0.410274 10.502683 -0.550609 -0.860074 0.214020 2.987639
1 inf -9.029149 -0.323004 0.169542 -2.218208 -1.233303 3.185078 0.178146 1.830412 -0.152924 0.121668 2.479757 -0.416420 10.516824 -0.557739 -0.850761 0.252672 3.008302
1 inf -9.014417 -0.331998 0.149677 -2.231315 -1.197343 3.146386 0.155187 1.837635 -0.167581 0.120550 2.479794 -0.409466 10.480076 -0.573369 -0.826434 0.224005 2.990383
1 inf -9.015613 -0.293044 0.128125 -2.253396 -1.176417 3.138590 0.206374 1.844396 -0.153711 0.104086 2.488705 -0.387247 10.509187 -0.569342 -0.830366 0.203744 2.995727
1 inf -8.962664 -0.300874 0.107025 -2.264552 -1.156677 3.132555 0.199417 1.874403 -0.175275 0.097292 2.498139 -0.425967 10.523628 -0.575809 -0.819690 0.217665 3.019877
1 inf -8.943085 -0.315630 0.090111 -2.247663 -1.154925 3.173450 0.140307 1.848738 -0.168241 0.122187 2.511640 -0.425168 10.546746 -0.563723 -0.812420 0.195085 3.024478
1 inf -8.955909 -0.316080 0.105155 -2.254882 -1.202815 3.196618 0.116502 1.792616 -0.165299 0.105172 2.494313 -0.433756 10.523822 -0.602364 -0.794171 0.189196 3.026829
1 inf -8.907218 -0.310282 0.104769 -2.254176 -1.223838 3.205791 0.115593 1.797566 -0.109886 0.074293 2.493309 -0.457124 10.544970 -0.607391 -0.804604 0.200588 3.033681
1 inf -8.927018 -0.313012 0.086770 -2.260262 -1.258336 3.213352 0.080018 1.824304 -0.127696 0.104382 2.504633 -0.467589 10.540741 -0.600479 -0.791213 0.210289 3.048022
1 inf -8.932555 -0.322080 0.055572 -2.251555 -1.210528 3.242379 0.081668 1.835253 -0.127486 0.118788 2.483642 -0.502618 10.526825 -0.615149 -0.803070 0.180492 3.015194
1 inf -8.960002 -0.291765 0.075305 -2.255458 -1.233296 3.295007 0.081966 1.830862 -0.116506 0.131073 2.470350 -0.512019 10.563905 -0.550027 -0.822400 0.160914 2.956801
1 inf -8.961363 -0.302011 0.056263 -2.247293 -1.255340 3.259052 0.058867 1.853045 -0.109604 0.124704 2.482595 -0.464270 10.577566 -0.576189 -0.863718 0.190067 2.959836
1 inf -8.931267 -0.344857 0.047406 -2.250145 -1.246595 3.278278 0.015985 1.862052 -0.117585 0.124692 2.452516 -0.431555 10.577719 -0.551951 -0.846573 0.196838 2.972336
1 inf -8.912375 -0.341992 0.065827 -2.233089 -1.242865 3.311834 0.026360 1.865990 -0.087273 0.115501 2.443021 -0.423270 10.581845 -0.508044 -0.857102 0.231178 2.971628
1 inf -8.905711 -0.355434 0.114832 -2.232513 -1.225133 3.358315 0.024528 1.880830 -0.078820 0.128945 2.407980 -0.457877 10.590931 -0.536380 -0.879497 0.260517 2.947997
1 inf -8.953198 -0.332032 0.114346 -2.231758 -1.203304 3.338351 0.011048 1.891101 -0.121103 0.120634 2.431090 -0.441900 10.609767 -0.503307 -0.872380 0.269800 2.898438
1 inf -8.949444 -0.346741 0.122602 -2.227277 -1.196468 3.300436 0.035581 1.895865 -0.131835 0.160754 2.426479 -0.452092 10.602491 -0.522760 -0.876145 0.278705 2.916828
1 inf -8.931879 -0.379922 0.120783 -2.258498 -1.215713 3.313529 -0.022679 1.865683 -0.128803 0.138692 2.442102 -0.416898 10.631948 -0.539615 -0.890391 0.260954 2.904536
1 inf -8.918011 -0.410034 0.138208 -2.262276 -1.192881 3.315308 -0.018301 1.883283 -0.175638 0.143471 2.445576 -0.399079 10.647729 -0.542500 -0.885694 0.272032 2.891247
1 inf -8.908122 -0.408431 0.150875 -2.278590 -1.192272 3.311680 -0.037352 1.863331 -0.161625 0.157316 2.426399 -0.390710 10.635800 -0.532853 -0.881415 0.267090 2.878801
1 inf -8.891656 -0.410017 0.140728 -2.285485 -1.197275 3.324153 -0.064516 1.851300 -0.181040 0.141970 2.350944 -0.377002 10.639209 -0.519844 -0.870499 0.224461 2.857916
1 inf -8.900332 -0.378613 0.167835 -2.302779 -1.171114 3.351183 -0.091659 1.853528 -0.175612 0.168065 2.347204 -0.364207 10.586970 -0.514812 -0.851298 0.248035 2.856156
1 inf -8.879839 -0.377559 0.152405 -2.269013 -1.136372 3.370156 -0.117799 1.865316 -0.185256 0.163585 2.393310 -0.364308 10.585614 -0.510450 -0.837572 0.226373 2.855509
1 inf -8.864351 -0.368599 0.146209 -2.279859 -1.164274 3.397461 -0.106558 1.824469 -0.173206 0.127378 2.417044 -0.406431 10.562247 -0.463755 -0.889206 0.200592 2.854723
1 inf -8.861996 -0.361460 0.146977 -2.284818 -1.192291 3.398101 -0.113612 1.835254 -0.159145 0.201214 2.417753 -0.438247 10.591319 -0.435881 -0.921317 0.207158 2.871668
1 inf -8.857941 -0.325037 0.135854 -2.276443 -1.185563 3.407544 -0.083727 1.839264 -0.181695 0.196574 2.414726 -0.474987 10.622289 -0.442601 -0.922050 0.188245 2.873036
1 inf -8.869049 -0.353311 0.133027 -2.300633 -1.182592 3.357776 -0.081689 1.848527 -0.148352 0.216638 2.427316 -0.514994 10.598729 -0.442691 -0.903809 0.168436 2.890273
1 inf -8.841862 -0.320337 0.129295 -2.306844 -1.220005 3.352362 -0.112375 1.837353 -0.137382 0.214205 2.401162 -0.509776 10.594330 -0.435994 -0.863048 0.164880 2.921762
1 inf -8.836018 -0.290048 0.130248 -2.301508 -1.219934 3.342444 -0.156091 1.829165 -0.171295 0.213927 2.398610 -0.491216 10.590249 -0.429699 -0.853377 0.148145 2.922641
1 inf -8.828220 -0.307345 0.142067 -2.293062 -1.196642 3.371241 -0.190430 1.819719 -0.172528 0.205649 2.425094 -0.491666 10.572476 -0.409577 -0.833000 0.158067 2.888928
1 inf -8.829673 -0.296986 0.145783 -2.245852 -1.211730 3.384448 -0.167664 1.798315 -0.167721 0.209838 2.436551 -0.449505 10.599155 -0.438433 -0.806258 0.163048 2.902859
1 inf -8.824920 -0.303130 0.090443 -2.246535 -1.213161 3.334382 -0.169493 1.808481 -0.150569 0.202082 2.442712 -0.454483 10.604602 -0.440982 -0.801246 0.167428 2.900826
1 inf -8.825142 -0.316204 0.081951 -2.248704 -1.207136 3.307795 -0.157233 1.817149 -0.184140 0.212882 2.442243 -0.468536 10.603908 -0.410551 -0.819543 0.183469 2.920275
1 inf -8.813174 -0.315093 0.085345 -2.274006 -1.239334 3.345952 -0.132376 1.815478 -0.203254 0.211169 2.446682 -0.483596 10.617919 -0.402981 -0.862318 0.151794 2.920087
1 inf -8.811996 -0.314266 0.112109 -2.260176 -1.207893 3.366713 -0.128208 1.821686 -0.227936 0.184393 2.428698 -0.477111 10.643817 -0.415947 -0.830026 0.137430 2.917209
1 inf -8.842583 -0.289858 0.135739 -2.259996 -1.189875 3.377857 -0.113887 1.786234 -0.241104 0.207488 2.481117 -0.473218 10.649636 -0.442909 -0.799036 0.133202 2.944107
1 inf -8.856429 -0.316474 0.161162 -2.312524 -1.173761 3.410781 -0.099818 1.795655 -0.237683 0.211274 2.467405 -0.438367 10.672559 -0.421942 -0.808751 0.126505 2.951055
1 inf -8.840393 -0.296339 0.174497 -2.332062 -1.172551 3.444811 -0.070858 1.791969 -0.226418 0.201943 2.481062 -0.438912 10.705603 -0.412018 -0.783580 0.127572 2.915066
1 inf -8.846437 -0.286876 0.164673 -2.298871 -1.122959 3.448710 -0.056795 1.777458 -0.229801 0.231333 2.467351 -0.435678 10.699757 -0.418067 -0.803849 0.159576 2.907380
1 inf -8.845575 -0.307765 0.139157 -2.301166 -1.134109 3.462214 -0.078737 1.752399 -0.234337 0.209675 2.471793 -0.446689 10.699124 -0.392058 -0.787828 0.138798 2.841052
1 inf -8.801645 -0.296561 0.160364 -2.274909 -1.131534 3.448476 -0.038352 1.752643 -0.189566 0.183880 2.451638 -0.466598 10.683707 -0.374030 -0.772107 0.099845 2.859203
1 inf -8.824028 -0.268947 0.139903 -2.282999 -1.163826 3.457945 -0.033341 1.744874 -0.190054 0.185593 2.457119 -0.466942 10.666972 -0.365577 -0.806956 0.120340 2.853984
1 inf -8.803246 -0.237657 0.143281 -2.303654 -1.129700 3.454589 -0.056749 1.748927 -0.218154 0.176301 2.471469 -0.477638 10.693324 -0.399885 -0.818062 0.098316 2.822039
1 inf -8.808505 -0.248777 0.136388 -2.269207 -1.174845 3.431605 -0.032083 1.748897 -0.193032 0.179670 2.499452 -0.512054 10.694347 -0.396744 -0.805653 0.105126 2.819134
1 inf -8.820751 -0.255702 0.134973 -2.251762 -1.184087 3.441062 -0.006023 1.739184 -0.187104 0.222202 2.494920 -0.496031 10.690201 -0.384172 -0.799083 0.073304 2.803199
1 inf -8.817151 -0.239262 0.106711 -2.279684 -1.227814 3.437290 -0.044086 1.719001 -0.193119 0.178968 2.518226 -0.509624 10.679594 -0.394883 -0.798299 0.058668 2.804455
1 inf -8.800270 -0.302997 0.106395 -2.284579 -1.233081 3.422148 -0.078061 1.733059 -0.217189 0.183869 2.503025 -0.524759 10.671069 -0.379121 -0.810672 0.060621 2.810436
1 inf -8.834064 -0.315938 0.091647 -2.268788 -1.246800 3.420496 -0.087629 1.675429 -0.241403 0.158763 2.495390 -0.496831 10.669309 -0.392070 -0.820345 0.084453 2.823955
1 inf -8.825471 -0.367963 0.099834 -2.271632 -1.272355 3.446955 -0.082554 1.684852 -0.231493 0.162452 2.487522 -0.514489 10.676022 -0.431550 -0.833668 0.057030 2.826369
1 inf -8.814755 -0.377870 0.105984 -2.280996 -1.289287 3.443759 -0.068313 1.689124 -0.241162 0.194719 2.511798 -0.491964 10.656148 -0.433315 -0.829684 0.083137 2.819443
1 inf -8.804986 -0.390461 0.087895 -2.300264 -1.297965 3.442316 -0.073952 1.662337 -0.272344 0.194374 2.503963 -0.521269 10.653646 -0.400822 -0.799480 0.069730 2.785616
1 inf -8.764518 -0.424986 0.088518 -2.322124 -1.324314 3.471176 -0.058477 1.650557 -0.265732 0.185087 2.475428 -0.530660 10.640679 -0.398249 -0.805604 0.107687 2.738548
1 inf -8.755993 -0.435383 0.066019 -2.314108 -1.298868 3.463367 -0.064669 1.639980 -0.257306 0.218772 2.462520 -0.565541 10.682021 -0.413679 -0.817108 0.117344 2.750283
1 inf -8.739066 -0.426649 0.078193 -2.311598 -1.286100 3.452016 -0.075491 1.658590 -0.301792 0.197823 2.445731 -0.604730 10.671857 -0.406790 -0.780407 0.063891 2.736482
1 inf -8.762688 -0.418783 0.093251 -2.303624 -1.233834 3.455877 -0.088899 1.601975 -0.276273 0.194043 2.443654 -0.623033 10.653538 -0.416852 -0.759736 0.069965 2.731679
1 inf -8.787833 -0.382400 0.074608 -2.342653 -1.179406 3.439928 -0.070949 1.617771 -0.275713 0.192904 2.429391 -0.624778 10.608938 -0.436721 -0.751988 0.039297 2.714632
1 inf -8.787084 -0.383456 0.103075 -2.333005 -1.153619 3.450335 -0.061057 1.588291 -0.279702 0.179105 2.461019 -0.637829 10.622129 -0.442270 -0.753845 0.027388 2.721378
1 inf -8.767169 -0.375410 0.115917 -2.373992 -1.139171 3.473226 -0.039093 1.599775 -0.270941 0.203884 2.483743 -0.605686 10.642590 -0.441186 -0.759969 -0.002571 2.678595
1 inf -8.770701 -0.388498 0.143116 -2.349219 -1.116489 3.465074 -0.046107 1.566200 -0.288224 0.198951 2.471583 -0.597375 10.654247 -0.441935 -0.779850 -0.017542 2.713381
1 inf -8.743048 -0.371813 0.149814 -2.320493 -1.099616 3.474188 -0.029732 1.551394 -0.326645 0.117871 2.515765 -0.560831 10.681704 -0.422030 -0.788981 -0.033164 2.717269
1 inf -8.726400 -0.363933 0.117758 -2.333881 -1.105016 3.433609 -0.023532 1.506481 -0.334976 0.095034 2.525961 -0.580271 10.664845 -0.411791 -0.783056 -0.051219 2.688318
1 inf -8.758541 -0.371153 0.139647 -2.347338 -1.131199 3.430026 -0.001304 1.518473 -0.350407 0.120270 2.521887 -0.585662 10.681694 -0.372709 -0.794627 -0.027714 2.672721
1 inf -8.775792 -0.382992 0.158161 -2.335212 -1.139209 3.431082 -0.020357 1.547514 -0.323784 0.137948 2.517625 -0.582370 10.683846 -0.367924 -0.771388 -0.022225 2.663639
1 inf -8.759582 -0.385883 0.140827 -2.351465 -1.128111 3.461040 -0.017783 1.544123 -0.323291 0.142271 2.532387 -0.571445 10.696704 -0.353973 -0.730480 -0.020893 2.693888
1 inf -8.769448 -0.375243 0.157126 -2.347325 -1.144827 3.458899 -0.019582 1.497738 -0.346708 0.109067 2.538448 -0.570962 10.679902 -0.379265 -0.730069 -0.014544 2.697408
1 inf -8.791686 -0.362689 0.180020 -2.313281 -1.136304 3.448414 -0.025280 1.497620 -0.317749 0.133314 2.533133 -0.581121 10.699212 -0.383551 -0.714800 -0.000931 2.674798
1 inf -8.767811 -0.342524 0.199318 -2.313035 -1.129987 3.412084 -0.033082 1.477145 -0.336452 0.134373 2.544886 -0.594915 10.711358 -0.399715 -0.705447 0.002417 2.708158
1 inf -8.791059 -0.349800 0.173730 -2.280819 -1.133322 3.422568 -0.033091 1.432893 -0.361231 0.132184 2.515936 -0.592220 10.701424 -0.391648 -0.717141 -0.020466 2.692740
1 inf -8.775795 -0.340628 0.186537 -2.275880 -1.105883 3.428970 -0.029727 1.396329 -0.344727 0.139973 2.490948 -0.592881 10.707272 -0.395725 -0.736181 0.013674 2.697219
1 inf -8.747738 -0.324202 0.166681 -2.292983 -1.102921 3.432537 -0.010156 1.417617 -0.326707 0.145410 2.520668 -0.604640 10.735707 -0.408363 -0.742327 -0.000499 2.693385
1 inf -8.748343 -0.345876 0.199330 -2.254810 -1.091236 3.432033 0.027249 1.435162 -0.333840 0.160725 2.536995 -0.606197 10.758400 -0.470007 -0.728185 -0.018359 2.701267
1 inf -8.764529 -0.331214 0.193708 -2.243020 -1.106397 3.420221 0.026319 1.445626 -0.284932 0.171480 2.516551 -0.554938 10.761318 -0.456588 -0.736609 -0.012670 2.686256
1 inf -8.772154 -0.361184 0.208696 -2.222345 -1.126021 3.389545 0.062097 1.454615 -0.260758 0.164654 2.525033 -0.549497 10.818962 -0.461990 -0.722907 -0.007113 2.689739
1 inf -8.779604 -0.334719 0.203371 -2.183875 -1.129822 3.359791 0.069279 1.447805 -0.271865 0.175020 2.549829 -0.541853 10.810466 -0.448490 -0.751120 -0.007134 2.670701
1 inf -8.762310 -0.320316 0.229998 -2.212511 -1.107753 3.363004 0.072965 1.464993 -0.258132 0.179908 2.573661 -0.539597 10.804017 -0.468550 -0.753640 0.008740 2.683060
1 inf -8.766900 -0.308720 0.210916 -2.201811 -1.111416 3.375408 0.072333 1.486419 -0.263192 0.157956 2.549051 -0.543666 10.806370 -0.457877 -0.745638 0.006915 2.720832
1 inf -8.775677 -0.322674 0.196828 -2.215551 -1.103517 3.373785 0.078147 1.490465 -0.269418 0.166129 2.571341 -0.543510 10.795352 -0.475901 -0.794713 0.040193 2.741719
1 inf -8.778281 -0.330862 0.179361 -2.210891 -1.107695 3.358251 0.059170 1.518392 -0.269881 0.178535 2.596629 -0.561523 10.752212 -0.444561 -0.832419 -0.002343 2.755723
1 inf -8.786861 -0.312974 0.207438 -2.207715 -1.119113 3.310544 0.065604 1.480148 -0.269694 0.165803 2.608480 -0.561609 10.765079 -0.462165 -0.819501 -0.021954 2.773603
1 inf -8.790960 -0.338210 0.257439 -2.226309 -1.079165 3.342596 0.042196 1.481474 -0.317614 0.147094 2.607516 -0.588165 10.753707 -0.451198 -0.829217 -0.030409 2.774602
1 inf -8.819750 -0.366401 0.254569 -2.163572 -1.078942 3.362959 0.013644 1.481233 -0.308638 0.163182 2.622375 -0.575837 10.755320 -0.454687 -0.839541 -0.017844 2.796084
1 inf -8.826097 -0.393703 0.260018 -2.148902 -1.051080 3.362081 0.013778 1.480245 -0.316876 0.139494 2.633118 -0.590888 10.760762 -0.465914 -0.844077 -0.013601 2.821260
1 inf -8.826110 -0.397534 0.258591 -2.120941 -1.023928 3.383270 -0.005496 1.487444 -0.299859 0.138632 2.646705 -0.577992 10.724675 -0.454364 -0.872708 -0.013405 2.823817
1 inf -8.809939 -0.371463 0.288677 -2.085387 -1.010654 3.347447 -0.005908 1.488152 -0.320366 0.154488 2.604725 -0.536914 10.716607 -0.498594 -0.880216 -0.018968 2.858431
1 inf -8.835814 -0.368873 0.269258 -2.081985 -1.000316 3.368404 -0.010567 1.481560 -0.307436 0.145278 2.645184 -0.520413 10.719623 -0.531037 -0.819811 -0.049924 2.842671
1 inf -8.802227 -0.356062 0.292001 -2.022650 -1.047067 3.372280 0.020475 1.432198 -0.282383 0.168546 2.667231 -0.502254 10.714035 -0.499130 -0.835232 -0.063998 2.864143
1 inf -8.773336 -0.352822 0.285602 -1.996965 -1.079637 3.383496 0.018356 1.444929 -0.241813 0.122753 2.608663 -0.511650 10.699477 -0.492970 -0.809879 -0.067213 2.854187
1 inf -8.770949 -0.368166 0.280455 -2.004067 -1.097380 3.351835 -0.013637 1.459322 -0.249629 0.081253 2.577696 -0.524468 10.728886 -0.496942 -0.804535 -0.069499 2.828395
1 inf -8.748581 -0.360434 0.290115 -1.997068 -1.121353 3.335391 -0.008718 1.466579 -0.260504 0.087958 2.593916 -0.522891 10.746803 -0.523514 -0.810205 -0.054161 2.840007
1 inf -8.752676 -0.319153 0.267448 -1.991066 -1.099683 3.315972 0.002550 1.453821 -0.262128 0.061523 2.630825 -0.525996 10.732591 -0.526337 -0.819069 -0.064265 2.812811
1 inf -8.748993 -0.336948 0.279001 -1.998166 -1.095364 3.332748 0.019286 1.465758 -0.201446 0.052110 2.648851 -0.498574 10.711743 -0.512324 -0.793604 -0.086733 2.831957
1 inf -8.740327 -0.316602 0.278446 -2.041834 -1.106425 3.314080 0.030744 1.419428 -0.224841 0.087997 2.602184 -0.497774 10.725612 -0.525119 -0.783223 -0.048870 2.875864
1 inf -8.750578 -0.324113 0.299109 -2.025647 -1.097880 3.320129 0.069647 1.428608 -0.239368 0.071660 2.592777 -0.501851 10.707336 -0.517400 -0.813507 -0.037452 2.868591
1 inf -8.735328 -0.314014 0.296854 -2.039898 -1.077812 3.364275 0.056375 1.422574 -0.239141 0.107326 2.594499 -0.495310 10.703973 -0.526109 -0.784907 -0.073254 2.876500
1 inf -8.732883 -0.329617 0.282688 -2.075785 -1.139928 3.334586 0.092938 1.390316 -0.214761 0.089990 2.577330 -0.477941 10.733963 -0.533195 -0.778459 -0.088246 2.880767
1 inf -8.743698 -0.352441 0.280154 -2.090088 -1.159097 3.355474 0.097148 1.403342 -0.212633 0.051767 2.603933 -0.489547 10.726743 -0.523068 -0.777158 -0.114563 2.888140
1 inf -8.726356 -0.360062 0.277651 -2.072785 -1.100555 3.349506 0.114178 1.409915 -0.179831 0.026034 2.608273 -0.468684 10.710676 -0.559609 -0.739547 -0.112754 2.887674
1 inf -8.708791 -0.393243 0.275832 -2.104006 -1.119800 3.362599 0.055918 1.379733 -0.176799 0.003972 2.623896 -0.433490 10.740133 -0.576464 -0.753793 -0.130505 2.875382
1 inf -8.708976 -0.366855 0.262580 -2.132169 -1.125165 3.372428 0.058758 1.364096 -0.173746 -0.026747 2.620687 -0.431953 10.708874 -0.523093 -0.756825 -0.143454 2.894764
1 inf -8.752780 -0.369859 0.241100 -2.144173 -1.115856 3.368591 0.072911 1.366536 -0.156108 -0.050432 2.640440 -0.406134 10.687747 -0.489716 -0.750595 -0.152818 2.937785
1 inf -8.716744 -0.383598 0.252828 -2.103008 -1.128970 3.354021 0.084075 1.392210 -0.144765 -0.052304 2.627815 -0.443855 10.694793 -0.469818 -0.753237 -0.141012 2.951907
1 inf -8.681029 -0.377980 0.233992 -2.094061 -1.065288 3.355100 0.067575 1.402933 -0.128025 -0.068441 2.633783 -0.452520 10.701086 -0.518392 -0.775455 -0.168079 2.997127
1 inf -8.710855 -0.381607 0.230120 -2.154966 -1.081117 3.326953 0.067810 1.415698 -0.134505 -0.048402 2.627361 -0.484481 10.717313 -0.545221 -0.785602 -0.187739 3.007794
1 inf -8.724069 -0.384772 0.197684 -2.148591 -1.108675 3.331779 0.089705 1.412105 -0.172993 -0.036896 2.608139 -0.497325 10.725492 -0.542564 -0.749778 -0.204116 3.013293
1 inf -8.717535 -0.373474 0.170992 -2.121150 -1.102791 3.340343 0.067382 1.393528 -0.234837 -0.037409 2.636409 -0.536772 10.733705 -0.535022 -0.739174 -0.167929 2.983739
1 inf -8.763128 -0.393601 0.180196 -2.095112 -1.093742 3.361532 0.046979 1.405764 -0.219834 -0.073871 2.658391 -0.504917 10.719893 -0.507142 -0.749574 -0.161391 2.956895
1 inf -8.770585 -0.413617 0.203958 -2.138361 -1.071596 3.370887 0.049329 1.420192 -0.223191 -0.077150 2.617114 -0.447492 10.758740 -0.494281 -0.738125 -0.183019 2.954883
1 inf -8.760273 -0.390368 0.230293 -2.155256 -1.081621 3.387930 0.005133 1.413760 -0.237796 -0.095825 2.583914 -0.507927 10.742923 -0.494455 -0.752359 -0.180708 2.956404
1 inf -8.788646 -0.373311 0.254943 -2.157651 -1.078586 3.375030 -0.007282 1.393198 -0.228568 -0.082460 2.537188 -0.513444 10.742077 -0.501427 -0.745231 -0.169911 2.945339
1 inf -8.788936 -0.359452 0.286002 -2.183013 -1.075239 3.353193 -0.006776 1.408833 -0.253892 -0.046131 2.545511 -0.527607 10.726600 -0.496762 -0.769302 -0.138469 2.927264
1 inf -8.755682 -0.332069 0.297195 -2.193457 -1.071055 3.369946 0.015429 1.371413 -0.263298 -0.057649 2.529841 -0.524513 10.747918 -0.470704 -0.738635 -0.099240 2.904563
1 inf -8.735823 -0.321250 0.261729 -2.163631 -1.077552 3.364036 0.001609 1.393768 -0.254134 -0.040132 2.530244 -0.507010 10.768558 -0.474067 -0.783172 -0.099480 2.932188
1 inf -8.706676 -0.310580 0.234410 -2.158014 -1.101849 3.372066 -0.002105 1.422084 -0.238716 -0.045275 2.524785 -0.489947 10.778619 -0.451692 -0.824006 -0.106253 2.919954
1 inf -8.726674 -0.273726 0.226692 -2.181653 -1.095121 3.375542 0.006187 1.412557 -0.237481 -0.067532 2.475687 -0.479122 10.768480 -0.460213 -0.859735 -0.101128 2.929200
1 inf -8.728590 -0.309489 0.217340 -2.141741 -1.097762 3.378613 0.022470 1.446754 -0.225149 -0.079797 2.466536 -0.486313 10.803726 -0.397539 -0.860965 -0.147534 2.945999
1 inf -8.707245 -0.305915 0.238069 -2.104441 -1.100884 3.387394 0.056089 1.433755 -0.271145 -0.107657 2.480650 -0.444407 10.774064 -0.380460 -0.899990 -0.168455 2.964664
1 inf -8.737129 -0.283211 0.250150 -2.110277 -1.072573 3.368797 0.072772 1.421907 -0.302310 -0.077524 2.486717 -0.409217 10.745931 -0.366201 -0.895272 -0.195467 2.966031
1 inf -8.706549 -0.279730 0.255442 -2.105274 -1.072912 3.374988 0.056200 1.449914 -0.286081 -0.080826 2.493709 -0.423632 10.731584 -0.387399 -0.900227 -0.233518 2.938151
1 inf -8.731119 -0.276730 0.246238 -2.124930 -1.058968 3.383598 0.029563 1.440176 -0.277895 -0.079203 2.486097 -0.418030 10.755420 -0.414586 -0.878263 -0.218144 2.908025
1 inf -8.722401 -0.304890 0.204481 -2.159546 -1.024055 3.409237 0.060882 1.444322 -0.285716 -0.094572 2.465075 -0.394579 10.801881 -0.444201 -0.897596 -0.246830 2.897417
1 inf -8.715426 -0.315760 0.226199 -2.128068 -1.021494 3.422344 0.061998 1.435559 -0.267016 -0.111309 2.461477 -0.415855 10.857781 -0.421305 -0.909193 -0.290768 2.927023
1 inf -8.731820 -0.283933 0.274393 -2.108670 -1.015915 3.429655 0.082944 1.414857 -0.280468 -0.142966 2.472124 -0.395580 10.880349 -0.432961 -0.941882 -0.269358 2.921225
1 inf -8.726683 -0.292078 0.289826 -2.131112 -1.040139 3.443680 0.076949 1.414567 -0.311451 -0.139627 2.445647 -0.395126 10.852097 -0.418636 -0.934781 -0.215312 2.910499
1 inf -8.732306 -0.305466 0.280405 -2.132864 -1.006720 3.442354 0.081830 1.447521 -0.261019 -0.150526 2.429440 -0.405826 10.841290 -0.398532 -0.938910 -0.210497 2.951121
1 inf -8.745512 -0.315498 0.300516 -2.111937 -1.002220 3.420298 0.094878 1.419709 -0.286264 -0.148104 2.395270 -0.405817 10.848618 -0.364326 -0.906480 -0.229924 2.957878
1 inf -8.771795 -0.329415 0.288077 -2.134265 -1.014851 3.442643 0.071129 1.400565 -0.244450 -0.146347 2.403646 -0.397754 10.870012 -0.355104 -0.912640 -0.226238 2.917963
1 inf -8.762484 -0.339904 0.261557 -2.138598 -1.015089 3.473561 0.082861 1.391351 -0.280020 -0.108125 2.429020 -0.422928 10.876940 -0.375085 -0.889620 -0.191624 2.860024
1 inf -8.770795 -0.332099 0.262271 -2.128008 -1.023007 3.462156 0.041913 1.437530 -0.280750 -0.070326 2.446163 -0.403675 10.894052 -0.385419 -0.873757 -0.178279 2.850166
1 inf -8.765788 -0.283469 0.278483 -2.128225 -1.006978 3.476886 0.036369 1.462207 -0.302262 -0.084836 2.439337 -0.415208 10.932790 -0.389951 -0.875664 -0.172712 2.828504
1 inf -8.754228 -0.269256 0.265962 -2.148542 -1.009630 3.475667 0.064833 1.464163 -0.290483 -0.094021 2.465646 -0.447892 10.896758 -0.359207 -0.871085 -0.181140 2.864128
1 inf -8.725313 -0.249698 0.273503 -2.131409 -1.006519 3.472398 0.053767 1.466617 -0.295131 -0.088621 2.479709 -0.445105 10.884567 -0.312308 -0.808174 -0.188427 2.872068
1 inf -8.691696 -0.305197 0.249689 -2.104740 -1.006406 3.455162 0.089055 1.473598 -0.296620 -0.065677 2.475635 -0.454618 10.889176 -0.293977 -0.797536 -0.183350 2.880142
1 inf -8.726606 -0.316452 0.235245 -2.134969 -1.007115 3.471508 0.090199 1.463330 -0.342169 -0.060303 2.489546 -0.454989 10.898359 -0.302806 -0.771472 -0.168043 2.905045
1 inf -8.749888 -0.329740 0.233752 -2.147314 -1.007435 3.460979 0.099943 1.456746 -0.331056 -0.052046 2.465313 -0.459877 10.952068 -0.309199 -0.833053 -0.216710 2.889141
1 inf -8.774866 -0.342849 0.236623 -2.171078 -1.029454 3.446232 0.093224 1.458441 -0.288569 -0.053067 2.481643 -0.491799 10.939458 -0.309922 -0.849873 -0.173850 2.891470
1 inf -8.795371 -0.350647 0.199598 -2.158521 -1.057580 3.461519 0.127807 1.456691 -0.282121 -0.077279 2.481810 -0.468136 10.905465 -0.316187 -0.855586 -0.158667 2.937632
1 inf -8.776034 -0.314922 0.201132 -2.206365 -1.049881 3.472755 0.132390 1.445068 -0.247471 -0.036709 2.466863 -0.488302 10.892898 -0.317928 -0.858030 -0.167746 2.924552
1 inf -8.759419 -0.326144 0.190634 -2.224516 -1.059970 3.474802 0.128667 1.454973 -0.232827 -0.051913 2.424910 -0.476693 10.900138 -0.356072 -0.873926 -0.171312 2.916902
1 inf -8.750421 -0.326977 0.176481 -2.269536 -1.021402 3.474508 0.166750 1.473943 -0.223198 -0.056805 2.406600 -0.462927 10.917088 -0.332658 -0.896118 -0.184958 2.893447
1 inf -8.756854 -0.304253 0.149753 -2.323208 -1.026446 3.461834 0.150423 1.458805 -0.203779 -0.083184 2.411638 -0.472595 10.892666 -0.325150 -0.872461 -0.158819 2.912673
1 inf -8.761795 -0.317982 0.152947 -2.329804 -1.039136 3.462560 0.141212 1.429879 -0.239636 -0.058550 2.424244 -0.465962 10.918798 -0.269402 -0.847162 -0.149318 2.928549
1 inf -8.801532 -0.328565 0.147938 -2.314980 -1.034160 3.403574 0.133656 1.413156 -0.257325 -0.045197 2.409744 -0.454709 10.878885 -0.265125 -0.839575 -0.135464 2.916118
1 inf -8.809381 -0.338239 0.121747 -2.310928 -1.024003 3.439460 0.152468 1.399765 -0.271892 -0.038408 2.428023 -0.457647 10.863260 -0.259195 -0.850231 -0.140047 2.939192
1 inf -8.815471 -0.342768 0.122282 -2.297594 -1.023211 3.434173 0.165068 1.389778 -0.258399 -0.013272 2.400330 -0.477292 10.847825 -0.245003 -0.829869 -0.138216 2.971079
1 inf -8.814445 -0.403864 0.106705 -2.258137 -1.006973 3.425963 0.154348 1.397708 -0.264172 0.025156 2.399728 -0.464273 10.853649 -0.198841 -0.823184 -0.172414 2.981760
1 inf -8.807434 -0.373419 0.106518 -2.293034 -1.017750 3.426038 0.139685 1.414786 -0.259621 0.004545 2.426227 -0.466515 10.908418 -0.177199 -0.856286 -0.170634 2.979964
1 inf -8.809651 -0.353130 0.096370 -2.289228 -1.030287 3.419729 0.112834 1.397437 -0.273388 -0.028736 2.419913 -0.449071 10.923737 -0.173636 -0.847136 -0.195131 3.008063
1 inf -8.776135 -0.322630 0.078736 -2.319348 -1.044646 3.374401 0.082845 1.393760 -0.349170 -0.039542 2.425882 -0.433626 10.936599 -0.155512 -0.843373 -0.167757 2.982416
1 inf -8.749472 -0.282170 0.099365 -2.277936 -1.071033 3.364467 0.067497 1.376085 -0.387633 -0.042033 2.410732 -0.441698 10.929120 -0.124146 -0.859296 -0.170218 3.012900
1 inf -8.728963 -0.247940 0.070394 -2.287590 -1.085483 3.394657 0.101569 1.360929 -0.364892 -0.015154 2.403134 -0.441742 10.919045 -0.141534 -0.813618 -0.180894 3.027586
1 inf -8.747937 -0.268531 0.080063 -2.320669 -1.100342 3.373798 0.085733 1.359543 -0.321659 -0.032674 2.412690 -0.422721 10.930681 -0.139925 -0.837433 -0.185031 3.012610
1 inf -8.722578 -0.275704 0.060114 -2.326066 -1.091341 3.377262 0.097053 1.392993 -0.347906 -0.043848 2.409854 -0.452390 10.964525 -0.146830 -0.829522 -0.195675 3.029198
1 inf -8.752786 -0.271961 0.061817 -2.390383 -1.060041 3.346365 0.129946 1.372529 -0.318856 -0.078698 2.431275 -0.461485 10.978732 -0.152045 -0.849348 -0.220575 3.063445
1 inf -8.756741 -0.301653 0.083326 -2.360748 -1.075416 3.333916 0.120384 1.346730 -0.334231 -0.078920 2.415097 -0.451762 10.958886 -0.143237 -0.863341 -0.245245 3.040554
1 inf -8.753615 -0.341336 0.100470 -2.373921 -1.090157 3.324441 0.151084 1.333568 -0.296612 -0.057383 2.378779 -0.431028 10.965622 -0.119841 -0.896893 -0.240342 3.023180
1 inf -8.737772 -0.360283 0.120803 -2.361930 -1.065575 3.317937 0.148161 1.376889 -0.298696 -0.063307 2.378429 -0.441401 10.966600 -0.094088 -0.852305 -0.224577 3.038413
1 inf -8.723144 -0.341158 0.102909 -2.349613 -1.049165 3.318867 0.107974 1.377410 -0.269835 -0.049535 2.358034 -0.443972 10.910085 -0.073826 -0.875029 -0.215215 3.055126
1 inf -8.695513 -0.335328 0.118314 -2.324665 -1.032244 3.314343 0.090832 1.365157 -0.275522 -0.038334 2.320544 -0.446074 10.918910 -0.087268 -0.855678 -0.194154 3.044510
1 inf -8.743381 -0.368926 0.123893 -2.359921 -1.039997 3.307629 0.100658 1.358865 -0.264227 -0.012144 2.292456 -0.413368 10.932079 -0.094212 -0.871248 -0.220119 3.072959
1 inf -8.708473 -0.399978 0.111937 -2.385732 -1.038692 3.292639 0.109651 1.385177 -0.261651 -0.000352 2.304525 -0.440212 10.923164 -0.072581 -0.859637 -0.265092 3.059340
1 inf -8.714836 -0.373665 0.063175 -2.398940 -1.074276 3.307110 0.126823 1.402466 -0.246365 -0.021935 2.316175 -0.476393 10.899399 -0.061350 -0.883523 -0.272546 3.047153
1 inf -8.695259 -0.368755 0.006498 -2.408738 -1.102270 3.319976 0.128188 1.417013 -0.238059 -0.017151 2.311139 -0.485258 10.894206 -0.108927 -0.863782 -0.274631 3.058177
1 inf -8.719249 -0.345199 -0.013329 -2.422913 -1.115640 3.255739 0.179455 1.404770 -0.223040 -0.030510 2.289501 -0.499077 10.876372 -0.134817 -0.842123 -0.286265 3.068766
1 inf -8.695449 -0.383648 0.005304 -2.408804 -1.090871 3.239307 0.161052 1.434215 -0.207768 0.004807 2.303428 -0.502045 10.841904 -0.117708 -0.834270 -0.246009 3.091189
1 inf -8.701615 -0.391739 -0.029944 -2.459796 -1.093531 3.241081 0.168364 1.447178 -0.206769 0.004986 2.292633 -0.527086 10.818608 -0.145393 -0.852520 -0.262062 3.094783
1 inf -8.683694 -0.385646 -0.029269 -2.440187 -1.017701 3.233333 0.153039 1.438406 -0.218029 -0.008040 2.253039 -0.539601 10.809162 -0.101420 -0.860221 -0.247028 3.112708
1 inf -8.684060 -0.378819 -0.050532 -2.434035 -1.028680 3.211868 0.148620 1.415618 -0.214599 -0.023778 2.254188 -0.561253 10.836137 -0.135325 -0.854021 -0.227227 3.112022
1 inf -8.693303 -0.398065 -0.023436 -2.432314 -1.054910 3.209024 0.139839 1.453282 -0.214222 -0.040602 2.267099 -0.571032 10.849856 -0.159323 -0.851191 -0.248824 3.100495
1 inf -8.662491 -0.383802 -0.052188 -2.444842 -1.063144 3.216285 0.134221 1.412988 -0.206150 -0.101937 2.293880 -0.541635 10.862833 -0.191921 -0.847691 -0.232170 3.087770
1 inf -8.652164 -0.375431 -0.062982 -2.481575 -1.067184 3.200504 0.122880 1.431615 -0.228758 -0.076681 2.302908 -0.573236 10.893346 -0.178306 -0.887335 -0.235867 3.098840
1 inf -8.627322 -0.370573 -0.037138 -2.472159 -1.087784 3.182057 0.141212 1.436666 -0.204321 -0.064378 2.314159 -0.584473 10.912782 -0.212331 -0.898486 -0.177607 3.094169
1 inf -8.607989 -0.412652 0.000327 -2.496163 -1.105686 3.163679 0.147456 1.442664 -0.238831 -0.044477 2.318593 -0.561304 10.920718 -0.214603 -0.903598 -0.172218 3.066369
1 inf -8.593296 -0.385393 -0.021000 -2.489625 -1.076915 3.134989 0.136925 1.487460 -0.244396 -0.046228 2.334254 -0.618923 10.922508 -0.248909 -0.901315 -0.179769 3.096017
1 inf -8.580732 -0.376057 -0.043135 -2.460802 -1.077262 3.141464 0.140796 1.464816 -0.254234 -0.012485 2.320799 -0.618535 10.905816 -0.223574 -0.917065 -0.191205 3.065173
1 inf -8.608718 -0.382457 -0.035617 -2.505556 -1.096480 3.143649 0.123365 1.428418 -0.213770 0.010938 2.354945 -0.612183 10.874128 -0.213575 -0.884162 -0.195588 3.073464
1 inf -8.609390 -0.377360 -0.022433 -2.494337 -1.099359 3.143863 0.123234 1.405731 -0.212887 0.048237 2.381976 -0.596977 10.843365 -0.199038 -0.913825 -0.198558 3.038904
1 inf -8.643288 -0.360084 0.009817 -2.508394 -1.113173 3.139392 0.123674 1.389050 -0.209799 0.038034 2.426521 -0.564064 10.841056 -0.182647 -0.899752 -0.181723 3.065222
1 inf -8.647601 -0.385933 -0.018963 -2.505329 -1.147655 3.125037 0.106289 1.406799 -0.232387 0.036044 2.468632 -0.576424 10.854720 -0.202253 -0.907030 -0.190767 3.100359
1 inf -8.654087 -0.399988 0.003224 -2.475618 -1.165082 3.098960 0.142988 1.376174 -0.242677 0.050516 2.470312 -0.560150 10.853094 -0.193627 -0.860978 -0.203025 3.106422
1 inf -8.669286 -0.387535 -0.036020 -2.488791 -1.150740 3.078571 0.108926 1.409878 -0.268714 0.069017 2.443406 -0.535811 10.846569 -0.155140 -0.889111 -0.207812 3.123762
1 inf -8.673463 -0.409551 -0.016506 -2.474466 -1.170907 3.063927 0.118477 1.383777 -0.264256 0.064297 2.415382 -0.547410 10.844495 -0.139624 -0.893760 -0.218008 3.151637
1 inf -8.694563 -0.401921 -0.024426 -2.485826 -1.182187 3.076504 0.116510 1.394921 -0.256956 0.054426 2.433640 -0.557027 10.848241 -0.127362 -0.906281 -0.242753 3.169346
1 inf -8.724321 -0.418237 -0.029348 -2.497919 -1.189367 3.127340 0.093587 1.390584 -0.242082 0.033859 2.479525 -0.574475 10.851925 -0.106779 -0.920080 -0.219269 3.184768
1 inf -8.706756 -0.451418 -0.031167 -2.529140 -1.208612 3.140433 0.035327 1.360402 -0.239050 0.011797 2.495148 -0.539281 10.881382 -0.123634 -0.934326 -0.237020 3.172476
1 inf -8.711024 -0.449118 -0.037341 -2.523324 -1.202476 3.143720 0.029370 1.365091 -0.304779 0.032166 2.538163 -0.571516 10.859666 -0.111425 -0.943373 -0.216029 3.203295
1 inf -8.697574 -0.450406 -0.055766 -2.517554 -1.191616 3.121061 0.021990 1.411069 -0.335291 0.037513 2.568584 -0.514042 10.837770 -0.137225 -0.899317 -0.229629 3.192862
1 inf -8.670254 -0.435842 -0.057554 -2.529261 -1.205541 3.136742 0.016809 1.411010 -0.305125 0.040834 2.612586 -0.513844 10.837122 -0.150216 -0.922970 -0.202891 3.191536
1 inf -8.687389 -0.456220 -0.077400 -2.541846 -1.178658 3.109961 0.019141 1.418574 -0.346945 0.010071 2.592156 -0.540052 10.807829 -0.157044 -0.959146 -0.195777 3.194457
1 inf -8.661705 -0.468702 -0.071488 -2.538590 -1.139959 3.093324 0.071411 1.402671 -0.361084 0.027080 2.557211 -0.525672 10.782149 -0.184963 -0.969962 -0.185878 3.216691
1 inf -8.630397 -0.466268 -0.062745 -2.507862 -1.116132 3.116199 0.051949 1.401852 -0.387137 0.038042 2.566033 -0.493952 10.828688 -0.189228 -1.006031 -0.215564 3.188335
1 inf -8.627898 -0.479425 -0.080496 -2.535881 -1.140008 3.102980 0.084308 1.425271 -0.375769 0.056429 2.535299 -0.501032 10.805379 -0.186071 -0.981953 -0.186475 3.167334
1 inf -8.614461 -0.452763 -0.095929 -2.523028 -1.124233 3.084144 0.108654 1.418971 -0.389597 0.057672 2.553397 -0.524805 10.807254 -0.175358 -1.007825 -0.199354 3.138160
1 inf -8.618159 -0.472049 -0.081258 -2.482482 -1.083508 3.108093 0.107135 1.459097 -0.402562 0.076424 2.536823 -0.539311 10.807098 -0.182729 -1.017606 -0.158247 3.142129
1 inf -8.663695 -0.483727 -0.057141 -2.517904 -1.102260 3.098133 0.139854 1.430377 -0.431927 0.085449 2.528561 -0.552673 10.851587 -0.199766 -1.018160 -0.151072 3.141320
1 inf -8.645433 -0.471118 -0.094082 -2.501202 -1.122481 3.061467 0.144256 1.425992 -0.437447 0.119886 2.549285 -0.556580 10.881263 -0.207022 -0.977144 -0.163787 3.174137
1 inf -8.640319 -0.453839 -0.093224 -2.493777 -1.157037 3.068777 0.128205 1.408554 -0.409260 0.097806 2.547894 -0.587635 10.894024 -0.217060 -0.979796 -0.155806 3.163919
1 inf -8.664679 -0.449432 -0.106166 -2.461223 -1.160955 3.058715 0.167118 1.368888 -0.441198 0.124868 2.546478 -0.573785 10.895340 -0.206485 -0.979760 -0.113694 3.159313
1 inf -8.639784 -0.459169 -0.104428 -2.488277 -1.167253 3.085103 0.151994 1.361409 -0.448588 0.139700 2.528377 -0.611592 10.921471 -0.203291 -0.966331 -0.127252 3.172712
1 inf -8.627400 -0.466360 -0.141148 -2.473294 -1.171337 3.092746 0.164841 1.374745 -0.447100 0.131375 2.557357 -0.612122 10.927936 -0.184536 -0.953800 -0.133816 3.149748
1 inf -8.611865 -0.439350 -0.141145 -2.486935 -1.207551 3.102753 0.155464 1.330955 -0.415424 0.131604 2.563798 -0.634785 10.951390 -0.151642 -0.955034 -0.108184 3.149169
1 inf -8.620883 -0.406766 -0.132318 -2.478709 -1.221615 3.095797 0.142925 1.336154 -0.457683 0.088192 2.558984 -0.638759 10.951634 -0.114190 -0.956758 -0.106784 3.119685
1 inf -8.615071 -0.438736 -0.161652 -2.463401 -1.221912 3.113349 0.142789 1.335805 -0.462707 0.097282 2.563165 -0.605244 10.896087 -0.150827 -0.969237 -0.111887 3.112181
1 inf -8.658058 -0.475015 -0.189719 -2.465376 -1.210901 3.097018 0.168654 1.340230 -0.480122 0.084471 2.539257 -0.595051 10.905608 -0.145060 -0.963598 -0.115303 3.108264
1 inf -8.636700 -0.447003 -0.208729 -2.512329 -1.216235 3.071346 0.170390 1.306863 -0.504062 0.116991 2.544197 -0.590576 10.872170 -0.162010 -0.998184 -0.096829 3.088935
1 inf -8.647938 -0.473184 -0.191074 -2.514793 -1.165464 3.054249 0.168794 1.311020 -0.500928 0.143156 2.577234 -0.591918 10.874718 -0.159211 -1.038628 -0.082474 3.072606
1 inf -8.665521 -0.473983 -0.180129 -2.503052 -1.199916 3.026457 0.164470 1.336143 -0.480766 0.115043 2.599506 -0.594110 10.879523 -0.165863 -1.028628 -0.077954 3.057742
1 inf -8.629337 -0.482635 -0.209312 -2.492681 -1.147012 3.032314 0.153305 1.360724 -0.492533 0.108990 2.643401 -0.594842 10.840997 -0.186097 -1.015729 -0.074047 3.055673
1 inf -8.655443 -0.509229 -0.209980 -2.510639 -1.149495 3.005448 0.166919 1.360977 -0.460565 0.102119 2.621249 -0.574527 10.825003 -0.179479 -1.009361 -0.045785 3.024233
1 inf -8.676981 -0.499154 -0.215849 -2.525981 -1.152784 2.981741 0.159598 1.308618 -0.425338 0.120561 2.629727 -0.595307 10.838035 -0.177466 -1.024256 -0.047788 3.034171
1 inf -8.670567 -0.469543 -0.199327 -2.528248 -1.157714 2.933094 0.178465 1.329476 -0.418431 0.090687 2.649668 -0.606613 10.863027 -0.194157 -0.999242 -0.046432 3.041585
1 inf -8.682763 -0.467741 -0.194479 -2.522383 -1.118765 2.911260 0.159671 1.368608 -0.436326 0.078070 2.594592 -0.624695 10.855991 -0.207062 -0.957190 -0.052368 3.051965
1 inf -8.692140 -0.456387 -0.197086 -2.530484 -1.164151 2.909386 0.149218 1.365383 -0.416673 0.085848 2.576397 -0.620474 10.865353 -0.230210 -0.985425 -0.061989 3.053878
1 inf -8.677504 -0.463863 -0.217770 -2.551470 -1.183770 2.914316 0.103284 1.372708 -0.426890 0.092725 2.554106 -0.657324 10.851331 -0.226640 -0.973176 -0.085340 3.040554
1 inf -8.657097 -0.481277 -0.205740 -2.577512 -1.158073 2.934884 0.044386 1.365341 -0.424712 0.140961 2.568805 -0.657935 10.855252 -0.212140 -0.969163 -0.085108 3.024819
1 inf -8.663313 -0.459369 -0.203525 -2.570794 -1.140632 2.919586 0.012813 1.383122 -0.444261 0.134004 2.582846 -0.707000 10.844537 -0.218393 -0.959972 -0.080078 3.048946
1 inf -8.660988 -0.483415 -0.261020 -2.570091 -1.104386 2.916512 -0.034164 1.374120 -0.499200 0.123063 2.566926 -0.723144 10.859808 -0.190110 -0.969702 -0.088673 3.042280
1 inf -8.646162 -0.504825 -0.283689 -2.563849 -1.097887 2.937045 -0.027237 1.352244 -0.515811 0.116139 2.578375 -0.725283 10.861515 -0.209582 -0.972196 -0.123631 3.076993
1 inf -8.647762 -0.520609 -0.288061 -2.584654 -1.122676 2.942525 -0.003071 1.341717 -0.526232 0.098447 2.556981 -0.725884 10.864527 -0.215186 -1.024319 -0.139525 3.084003
1 inf -8.644545 -0.503601 -0.269328 -2.620734 -1.120150 2.950403 -0.003541 1.305562 -0.546183 0.053225 2.550471 -0.731982 10.898034 -0.212422 -1.045803 -0.124269 3.102859
1 inf -8.629871 -0.511941 -0.236408 -2.629576 -1.138275 2.971209 -0.001346 1.309587 -0.528514 0.040686 2.516003 -0.754105 10.867369 -0.226591 -1.020696 -0.077629 3.072185
1 inf -8.672263 -0.536999 -0.234346 -2.615714 -1.154075 2.943982 -0.000034 1.329904 -0.516262 0.032110 2.525215 -0.780493 10.887834 -0.189436 -1.009610 -0.103459 3.088488
1 inf -8.686686 -0.525197 -0.233302 -2.611270 -1.154211 2.985206 0.015576 1.334005 -0.534723 0.034405 2.494709 -0.742361 10.895119 -0.190614 -1.016260 -0.100596 3.072083
1 inf -8.673988 -0.527195 -0.182223 -2.606226 -1.149326 2.994098 0.031386 1.348797 -0.534072 0.057909 2.496198 -0.763858 10.902488 -0.204055 -1.003824 -0.070837 3.112685
1 inf -8.707604 -0.507292 -0.195902 -2.601684 -1.163605 2.969353 0.010621 1.325704 -0.538049 0.058708 2.507963 -0.739869 10.893784 -0.197400 -1.018289 -0.058501 3.117346
1 inf -8.708718 -0.501865 -0.213696 -2.544771 -1.149702 2.964866 0.073963 1.340022 -0.558108 0.026223 2.496995 -0.731029 10.907517 -0.197114 -1.009709 -0.117472 3.071209
1 inf -8.668692 -0.474783 -0.204591 -2.553019 -1.148588 2.996973 0.069272 1.342980 -0.497611 0.023057 2.469660 -0.703864 10.916919 -0.160961 -1.040636 -0.122751 3.057619
1 inf -8.696776 -0.492723 -0.209155 -2.552389 -1.156573 2.999849 0.037505 1.290163 -0.489039 0.015714 2.432584 -0.654107 10.934796 -0.174343 -1.021712 -0.086230 3.053699
1 inf -8.675343 -0.517482 -0.225715 -2.582836 -1.147848 3.011845 0.037019 1.258161 -0.479847 0.030522 2.431142 -0.634330 10.923193 -0.168227 -1.057272 -0.093746 3.033605
1 inf -8.663372 -0.503202 -0.199679 -2.596200 -1.158412 3.009580 0.051175 1.218503 -0.467204 0.047009 2.418396 -0.624121 10.955747 -0.202083 -1.059165 -0.094921 3.051588
1 inf -8.675169 -0.496786 -0.235426 -2.565929 -1.179930 3.023062 0.054124 1.214660 -0.456461 0.066573 2.397240 -0.611394 10.968806 -0.197672 -1.017093 -0.125550 3.056826
1 inf -8.681531 -0.469883 -0.236424 -2.556770 -1.167181 2.946804 0.043615 1.200161 -0.436204 0.032214 2.407624 -0.587844 10.950602 -0.184306 -1.021990 -0.107078 3.083731
1 inf -8.725076 -0.502375 -0.243150 -2.577829 -1.158329 2.936351 0.039507 1.190475 -0.403046 0.012424 2.412122 -0.592865 10.957703 -0.184501 -1.046043 -0.100363 3.077582
1 inf -8.746566 -0.502241 -0.290384 -2.560206 -1.105589 2.941663 0.034222 1.194734 -0.356481 0.022989 2.409824 -0.611436 10.959273 -0.178172 -1.006645 -0.085182 3.071491
1 inf -8.695430 -0.528067 -0.305502 -2.557993 -1.100363 2.913700 0.024512 1.197787 -0.356759 0.045854 2.394963 -0.648495 10.937566 -0.196686 -1.017268 -0.055583 3.084991
1 inf -8.707065 -0.514507 -0.298670 -2.519787 -1.105517 2.882988 -0.018581 1.198518 -0.354234 0.054892 2.417166 -0.630930 10.914592 -0.136559 -1.041257 -0.081903 3.069371
1 inf -8.698460 -0.515780 -0.271374 -2.531288 -1.125578 2.871677 -0.013977 1.196805 -0.375281 0.078457 2.461864 -0.627989 10.896853 -0.137467 -1.063249 -0.073257 3.036356
1 inf -8.674866 -0.473278 -0.262142 -2.520656 -1.123302 2.880679 -0.002050 1.192188 -0.381864 0.055128 2.477728 -0.613977 10.904857 -0.143811 -1.046360 -0.090887 3.051518
1 inf -8.693084 -0.450147 -0.257691 -2.530464 -1.117336 2.925530 0.003636 1.186237 -0.390652 0.058834 2.505982 -0.629159 10.896014 -0.149555 -1.016452 -0.071396 3.062054
1 inf -8.675277 -0.425604 -0.275639 -2.535563 -1.150463 2.932762 -0.012478 1.149125 -0.430854 0.060966 2.536246 -0.613597 10.899766 -0.135192 -1.003744 -0.055949 3.032306
1 inf -8.643673 -0.458728 -0.272708 -2.511486 -1.153837 2.940606 -0.040846 1.161434 -0.440729 0.084470 2.537101 -0.631920 10.877596 -0.116415 -0.987511 -0.043324 3.037269
1 inf -8.651896 -0.473177 -0.266407 -2.527831 -1.131368 2.938376 -0.044982 1.157092 -0.422217 0.083369 2.521532 -0.634100 10.880064 -0.135234 -0.993476 -0.055010 3.008448
1 inf -8.613755 -0.483986 -0.262238 -2.511173 -1.162026 2.944083 -0.042251 1.178980 -0.385940 0.105716 2.505212 -0.639761 10.886017 -0.168065 -0.990076 -0.087144 2.990300
1 inf -8.646666 -0.523270 -0.270277 -2.518705 -1.146118 2.926842 -0.057709 1.209581 -0.409868 0.114353 2.524307 -0.657836 10.871689 -0.153837 -1.008117 -0.104142 2.966582
1 inf -8.627473 -0.491535 -0.312216 -2.507423 -1.113465 2.931418 -0.027971 1.245235 -0.388249 0.120585 2.515521 -0.660093 10.918257 -0.140065 -0.991556 -0.118784 2.945092
1 inf -8.656297 -0.520758 -0.320279 -2.507029 -1.111722 2.942497 -0.038902 1.242625 -0.380357 0.091891 2.535798 -0.689298 10.935103 -0.087030 -1.004080 -0.090153 2.952202
1 inf -8.653918 -0.535344 -0.309339 -2.488322 -1.077613 2.944880 -0.045007 1.224988 -0.388877 0.082961 2.516504 -0.705184 10.905917 -0.092668 -0.975495 -0.082841 2.939881
1 inf -8.662270 -0.561997 -0.285540 -2.500046 -1.073243 2.961749 -0.067780 1.271062 -0.383954 0.065866 2.496250 -0.673205 10.905576 -0.114630 -0.938399 -0.078887 2.898596
1 inf -8.657970 -0.558785 -0.289190 -2.488836 -1.058751 2.967637 -0.065412 1.310767 -0.396927 -0.004924 2.495506 -0.678572 10.926085 -0.118187 -0.914180 -0.077598 2.911130
1 inf -8.654519 -0.561379 -0.301598 -2.499618 -1.087577 2.994444 -0.068881 1.285906 -0.390602 0.009947 2.466257 -0.674702 10.969349 -0.110185 -0.916258 -0.089972 2.902621
1 inf -8.608946 -0.549056 -0.317784 -2.490974 -1.108612 2.950882 -0.100734 1.294419 -0.380049 0.035380 2.482408 -0.696234 10.961254 -0.101973 -0.940980 -0.096084 2.905316
1 inf -8.618615 -0.528157 -0.358240 -2.468131 -1.117520 2.949627 -0.118402 1.297450 -0.369661 0.011088 2.455787 -0.716015 10.961155 -0.094442 -0.947056 -0.060858 2.897405
1 inf -8.619400 -0.554316 -0.365007 -2.476382 -1.129538 2.954416 -0.139799 1.323127 -0.428373 0.042120 2.451594 -0.730017 10.978671 -0.081357 -0.965090 -0.057174 2.928352
1 inf -8.610690 -0.546311 -0.334440 -2.456275 -1.147347 2.963905 -0.120428 1.301448 -0.442420 0.027653 2.494776 -0.749276 10.945546 -0.073826 -1.018307 -0.040987 2.896525
1 inf -8.619124 -0.559104 -0.301810 -2.447303 -1.131146 2.941905 -0.124817 1.287068 -0.464118 0.021371 2.476675 -0.727676 10.936371 -0.102399 -0.991895 -0.048324 2.870456
1 inf -8.605978 -0.548036 -0.312010 -2.454344 -1.112309 2.919859 -0.148934 1.324666 -0.479775 0.030107 2.498897 -0.727573 10.923188 -0.114362 -1.014929 -0.060086 2.872599
1 inf -8.587916 -0.546682 -0.290462 -2.471178 -1.081938 2.941997 -0.173390 1.316469 -0.496337 0.037185 2.475453 -0.739066 10.942417 -0.114357 -1.041000 -0.080963 2.904252
1 inf -8.600332 -0.540582 -0.278568 -2.447844 -1.100432 2.968850 -0.190922 1.318488 -0.506437 0.056831 2.458583 -0.711659 10.946980 -0.113977 -1.053203 -0.088134 2.895833
1 inf -8.604934 -0.537972 -0.246609 -2.441917 -1.104527 2.963255 -0.172897 1.348812 -0.522431 0.042128 2.430057 -0.704531 10.969790 -0.151945 -1.060886 -0.106115 2.868110
1 inf -8.644845 -0.535838 -0.246519 -2.425711 -1.098584 2.988189 -0.156358 1.348384 -0.526226 0.060070 2.444303 -0.736256 11.000541 -0.119036 -1.097303 -0.081696 2.896580
1 inf -8.640692 -0.560169 -0.257248 -2.434266 -1.097337 2.980892 -0.143529 1.323000 -0.511871 0.035862 2.506475 -0.762089 10.980592 -0.147011 -1.134216 -0.082272 2.935104
1 inf -8.635334 -0.587794 -0.280152 -2.431633 -1.148632 2.964701 -0.159936 1.322296 -0.481750 0.048635 2.489899 -0.768817 10.988027 -0.119283 -1.169194 -0.058894 2.915125
1 inf -8.643388 -0.610192 -0.270265 -2.412340 -1.150042 2.988969 -0.190381 1.320487 -0.480642 0.076164 2.508638 -0.764902 10.990944 -0.100261 -1.133118 -0.053602 2.966755
1 inf -8.648495 -0.641336 -0.239558 -2.372571 -1.116256 2.975026 -0.193935 1.314349 -0.476942 0.082332 2.510034 -0.787064 10.969325 -0.110921 -1.140113 -0.049317 2.991989
1 inf -8.650632 -0.635486 -0.210565 -2.387039 -1.137229 3.005485 -0.183973 1.340273 -0.454055 0.076182 2.520054 -0.790276 10.986016 -0.127284 -1.156781 -0.081906 2.999657
1 inf -8.655036 -0.643147 -0.246381 -2.367685 -1.148427 3.045336 -0.158956 1.340223 -0.462942 0.143022 2.547039 -0.758577 10.970404 -0.122730 -1.162771 -0.074457 3.018509
1 inf -8.646319 -0.654758 -0.234833 -2.346045 -1.124446 3.025186 -0.151452 1.367746 -0.443824 0.157154 2.569190 -0.764195 10.978774 -0.132142 -1.167226 -0.070802 3.000406
1 inf -8.617742 -0.651134 -0.218576 -2.332807 -1.113356 3.023266 -0.164214 1.365660 -0.456772 0.159725 2.566415 -0.775015 11.000451 -0.096083 -1.144507 -0.099365 2.999673
1 inf -8.618662 -0.602119 -0.240052 -2.290358 -1.115553 3.029932 -0.174030 1.371768 -0.424370 0.210606 2.582360 -0.775539 10.965564 -0.083881 -1.118999 -0.120873 3.014589
