1 inf -8.696246 -0.929371 -0.251312 -2.248269 -1.444955 3.403265 0.246014 2.544738 0.176842 0.618682 2.301791 0.176159 10.470117 -0.323985 0.214199 3.674998
1 inf -8.699653 -0.912541 -0.210624 -2.225688 -1.438048 3.403739 0.211803 2.522075 0.159015 0.590486 2.305439 0.189662 10.500494 -0.335246 0.261652 3.631696
1 inf -8.674457 -0.935874 -0.230830 -2.247664 -1.436300 3.397895 0.234998 2.521537 0.174448 0.568424 2.309986 0.173628 10.490301 -0.330594 0.229674 3.680656
1 inf -8.637294 -0.872060 -0.217569 -2.273710 -1.411444 3.406471 0.203716 2.493851 0.170942 0.603913 2.335488 0.166727 10.503877 -0.327667 0.194265 3.692040
1 inf -8.650412 -0.872163 -0.171398 -2.256247 -1.390023 3.360240 0.234306 2.514267 0.147155 0.599560 2.343473 0.161850 10.537818 -0.334187 0.203419 3.676619
1 inf -8.644525 -0.852187 -0.196820 -2.276508 -1.419432 3.363034 0.185546 2.515947 0.114922 0.610543 2.358340 0.204163 10.528920 -0.386741 0.205715 3.696600
1 inf -8.662937 -0.848913 -0.192075 -2.305715 -1.403498 3.351839 0.155899 2.540888 0.109635 0.644280 2.366801 0.200597 10.541811 -0.378454 0.226294 3.689348
1 inf -8.711028 -0.843901 -0.221049 -2.281365 -1.362351 3.360422 0.132216 2.566284 0.107076 0.635281 2.340304 0.164567 10.519220 -0.379150 0.228903 3.668406
1 inf -8.687021 -0.858947 -0.284852 -2.280621 -1.338596 3.359152 0.131245 2.591886 0.101291 0.595006 2.312507 0.128767 10.517990 -0.380769 0.239443 3.674912
1 inf -8.714880 -0.852286 -0.313143 -2.276385 -1.349756 3.374676 0.158300 2.600164 0.095202 0.600557 2.287315 0.150239 10.479462 -0.389838 0.285935 3.686274
1 inf -8.711379 -0.836181 -0.286194 -2.265785 -1.338848 3.411152 0.141810 2.591033 0.056727 0.601969 2.259796 0.152694 10.452227 -0.424392 0.306354 3.683634
1 inf -8.692733 -0.851055 -0.255067 -2.246644 -1.349127 3.404637 0.153551 2.582746 0.061484 0.580194 2.265519 0.165243 10.437165 -0.438424 0.321004 3.711884
1 inf -8.707940 -0.845697 -0.276643 -2.284174 -1.382466 3.409724 0.160583 2.559837 0.055571 0.536454 2.252905 0.165209 10.454880 -0.434131 0.286329 3.685177
1 inf -8.708405 -0.847559 -0.268410 -2.273263 -1.416630 3.420943 0.142258 2.591950 0.058890 0.531758 2.270464 0.144378 10.457094 -0.404167 0.276337 3.704901
1 inf -8.723952 -0.844346 -0.263145 -2.314383 -1.423103 3.374299 0.151777 2.571145 0.052365 0.571339 2.282448 0.156854 10.473446 -0.395137 0.287167 3.702783
1 inf -8.716912 -0.861763 -0.275882 -2.285147 -1.413810 3.382986 0.123917 2.542086 0.046557 0.566065 2.253382 0.199473 10.516713 -0.365528 0.296745 3.694967
1 inf -8.712186 -0.858533 -0.252666 -2.291004 -1.409281 3.404484 0.117141 2.508347 0.062739 0.580438 2.264433 0.194699 10.496975 -0.367806 0.276816 3.748499
1 inf -8.698097 -0.890716 -0.222259 -2.249953 -1.395953 3.392719 0.137156 2.551724 0.062251 0.582497 2.286183 0.211215 10.490018 -0.405696 0.268121 3.774431
1 inf -8.688085 -0.920076 -0.273565 -2.275289 -1.390306 3.374855 0.118340 2.550168 0.044268 0.545920 2.270899 0.226976 10.463454 -0.433601 0.241434 3.769477
1 inf -8.689234 -0.927000 -0.260019 -2.232913 -1.378024 3.364938 0.132133 2.522837 0.053671 0.553258 2.267705 0.230068 10.451731 -0.475514 0.198338 3.752835
1 inf -8.682243 -0.919255 -0.292914 -2.227991 -1.360059 3.362514 0.104329 2.554076 0.054598 0.583044 2.258818 0.232041 10.474245 -0.470836 0.188013 3.728712
1 inf -8.705477 -0.897418 -0.300407 -2.245309 -1.326224 3.396039 0.129530 2.536385 0.077645 0.559433 2.243714 0.239884 10.477392 -0.492602 0.175435 3.756766
1 inf -8.690210 -0.888576 -0.311756 -2.215961 -1.306157 3.399659 0.131115 2.530546 0.062810 0.552457 2.227385 0.213639 10.501753 -0.468739 0.154809 3.743121
1 inf -8.687733 -0.877291 -0.302775 -2.230299 -1.312362 3.382300 0.106347 2.556780 0.044342 0.569134 2.235164 0.217898 10.475462 -0.475315 0.143629 3.743845
1 188.67098 -8.692729 -0.846701 -0.275763 -2.234024 -1.351884 3.392995 0.138838 2.555699 0.053598 0.593870 2.235114 0.235240 10.479816 -0.526618 0.163491 3.750018
1 162.75956 -8.662502 -0.855332 -0.288872 -2.231551 -1.341718 3.413407 0.141403 2.589654 0.077541 0.573619 2.250970 0.246152 10.437308 -0.562498 0.144343 3.758668
1 162.75956 -8.662502 -0.855332 -0.288872 -2.231551 -1.341718 3.413407 0.141403 2.589654 0.077541 0.573619 2.250970 0.246152 10.437308 -0.562498 0.144343 3.758668
1 162.75956 -8.662502 -0.855332 -0.288872 -2.231551 -1.341718 3.413407 0.141403 2.589654 0.077541 0.573619 2.250970 0.246152 10.437308 -0.562498 0.144343 3.758668
1 162.75956 -8.662502 -0.855332 -0.288872 -2.231551 -1.341718 3.413407 0.141403 2.589654 0.077541 0.573619 2.250970 0.246152 10.437308 -0.562498 0.144343 3.758668
1 162.75956 -8.662502 -0.855332 -0.288872 -2.231551 -1.341718 3.413407 0.141403 2.589654 0.077541 0.573619 2.250970 0.246152 10.437308 -0.562498 0.144343 3.758668
1 162.75956 -8.662502 -0.855332 -0.288872 -2.231551 -1.341718 3.413407 0.141403 2.589654 0.077541 0.573619 2.250970 0.246152 10.437308 -0.562498 0.144343 3.758668
1 162.75956 -8.662502 -0.855332 -0.288872 -2.231551 -1.341718 3.413407 0.141403 2.589654 0.077541 0.573619 2.250970 0.246152 10.437308 -0.562498 0.144343 3.758668
1 162.75956 -8.662502 -0.855332 -0.288872 -2.231551 -1.341718 3.413407 0.141403 2.589654 0.077541 0.573619 2.250970 0.246152 10.437308 -0.562498 0.144343 3.758668
1 160.60057 -8.694576 -0.840663 -0.252563 -2.237427 -1.345600 3.416038 0.105960 2.617695 0.093209 0.567747 2.245009 0.248767 10.435072 -0.555700 0.168974 3.737284
1 155.52983 -8.703889 -0.830297 -0.262352 -2.245294 -1.332908 3.442517 0.111883 2.608981 0.111749 0.538095 2.248694 0.257304 10.454828 -0.559791 0.171894 3.760531
1 155.52983 -8.703889 -0.830297 -0.262352 -2.245294 -1.332908 3.442517 0.111883 2.608981 0.111749 0.538095 2.248694 0.257304 10.454828 -0.559791 0.171894 3.760531
1 150.11235 -8.702533 -0.831136 -0.288522 -2.228478 -1.332576 3.424631 0.106254 2.599935 0.145497 0.546223 2.247115 0.262841 10.449772 -0.536187 0.203545 3.760989
1 150.11235 -8.702533 -0.831136 -0.288522 -2.228478 -1.332576 3.424631 0.106254 2.599935 0.145497 0.546223 2.247115 0.262841 10.449772 -0.536187 0.203545 3.760989
1 145.57395 -8.696836 -0.843651 -0.279518 -2.210986 -1.335177 3.413287 0.104717 2.581616 0.173019 0.561168 2.268776 0.272856 10.469026 -0.549681 0.215291 3.736936
1 134.09881 -8.710896 -0.865183 -0.287833 -2.185195 -1.371876 3.381902 0.143951 2.630485 0.185141 0.543524 2.249881 0.295887 10.466260 -0.545777 0.189858 3.700954
1 134.09881 -8.710896 -0.865183 -0.287833 -2.185195 -1.371876 3.381902 0.143951 2.630485 0.185141 0.543524 2.249881 0.295887 10.466260 -0.545777 0.189858 3.700954
1 133.76266 -8.676296 -0.820950 -0.297519 -2.160030 -1.318839 3.389476 0.166875 2.616969 0.192011 0.563921 2.231643 0.321460 10.446565 -0.518856 0.151594 3.714240
1 133.76266 -8.676296 -0.820950 -0.297519 -2.160030 -1.318839 3.389476 0.166875 2.616969 0.192011 0.563921 2.231643 0.321460 10.446565 -0.518856 0.151594 3.714240
1 133.76266 -8.676296 -0.820950 -0.297519 -2.160030 -1.318839 3.389476 0.166875 2.616969 0.192011 0.563921 2.231643 0.321460 10.446565 -0.518856 0.151594 3.714240
1 133.76266 -8.676296 -0.820950 -0.297519 -2.160030 -1.318839 3.389476 0.166875 2.616969 0.192011 0.563921 2.231643 0.321460 10.446565 -0.518856 0.151594 3.714240
1 131.12501 -8.700234 -0.835484 -0.278218 -2.198055 -1.299789 3.395386 0.176628 2.625908 0.180521 0.567821 2.238832 0.335592 10.414143 -0.542627 0.159208 3.744954
1 126.81223 -8.708482 -0.850426 -0.270876 -2.162890 -1.290177 3.430315 0.205838 2.638281 0.195744 0.582551 2.247968 0.325025 10.409878 -0.502206 0.185830 3.741045
1 126.59015 -8.720748 -0.817541 -0.290827 -2.162009 -1.287933 3.461172 0.178715 2.656362 0.222712 0.550107 2.248218 0.345986 10.399036 -0.529214 0.154256 3.750243
1 126.59015 -8.720748 -0.817541 -0.290827 -2.162009 -1.287933 3.461172 0.178715 2.656362 0.222712 0.550107 2.248218 0.345986 10.399036 -0.529214 0.154256 3.750243
1 121.13028 -8.725744 -0.786951 -0.263815 -2.165734 -1.327455 3.471867 0.211206 2.655281 0.231968 0.574843 2.248168 0.363328 10.403390 -0.580517 0.174118 3.756416
1 117.19518 -8.676624 -0.800409 -0.226081 -2.188320 -1.343374 3.454290 0.187303 2.671810 0.222181 0.569396 2.253618 0.380551 10.375898 -0.589765 0.175257 3.755467
1 117.19518 -8.676624 -0.800409 -0.226081 -2.188320 -1.343374 3.454290 0.187303 2.671810 0.222181 0.569396 2.253618 0.380551 10.375898 -0.589765 0.175257 3.755467
1 117.19518 -8.676624 -0.800409 -0.226081 -2.188320 -1.343374 3.454290 0.187303 2.671810 0.222181 0.569396 2.253618 0.380551 10.375898 -0.589765 0.175257 3.755467
1 117.19518 -8.676624 -0.800409 -0.226081 -2.188320 -1.343374 3.454290 0.187303 2.671810 0.222181 0.569396 2.253618 0.380551 10.375898 -0.589765 0.175257 3.755467
1 117.20647 -8.683527 -0.814773 -0.245204 -2.189943 -1.374570 3.423455 0.204164 2.659821 0.215274 0.604112 2.235720 0.394660 10.389050 -0.598627 0.211273 3.765235
1 117.20647 -8.683527 -0.814773 -0.245204 -2.189943 -1.374570 3.423455 0.204164 2.659821 0.215274 0.604112 2.235720 0.394660 10.389050 -0.598627 0.211273 3.765235
1 117.20647 -8.683527 -0.814773 -0.245204 -2.189943 -1.374570 3.423455 0.204164 2.659821 0.215274 0.604112 2.235720 0.394660 10.389050 -0.598627 0.211273 3.765235
1 117.20647 -8.683527 -0.814773 -0.245204 -2.189943 -1.374570 3.423455 0.204164 2.659821 0.215274 0.604112 2.235720 0.394660 10.389050 -0.598627 0.211273 3.765235
1 117.20647 -8.683527 -0.814773 -0.245204 -2.189943 -1.374570 3.423455 0.204164 2.659821 0.215274 0.604112 2.235720 0.394660 10.389050 -0.598627 0.211273 3.765235
1 117.20647 -8.683527 -0.814773 -0.245204 -2.189943 -1.374570 3.423455 0.204164 2.659821 0.215274 0.604112 2.235720 0.394660 10.389050 -0.598627 0.211273 3.765235
1 113.28709 -8.681585 -0.853599 -0.269859 -2.203473 -1.402817 3.468048 0.205881 2.639598 0.223882 0.619150 2.228237 0.364329 10.385463 -0.574017 0.222207 3.755146
1 113.28709 -8.681585 -0.853599 -0.269859 -2.203473 -1.402817 3.468048 0.205881 2.639598 0.223882 0.619150 2.228237 0.364329 10.385463 -0.574017 0.222207 3.755146
1 112.90798 -8.687078 -0.812787 -0.300120 -2.211076 -1.372938 3.439329 0.218457 2.679829 0.218073 0.657607 2.178478 0.376662 10.354530 -0.585288 0.250783 3.771540
1 109.98573 -8.696582 -0.819328 -0.295153 -2.202223 -1.386474 3.451877 0.226633 2.666277 0.209349 0.660901 2.150347 0.368810 10.319765 -0.579835 0.253478 3.806057
1 109.98573 -8.696582 -0.819328 -0.295153 -2.202223 -1.386474 3.451877 0.226633 2.666277 0.209349 0.660901 2.150347 0.368810 10.319765 -0.579835 0.253478 3.806057
1 108.77716 -8.681013 -0.801488 -0.283257 -2.184997 -1.441893 3.448703 0.229659 2.654483 0.235869 0.662836 2.170549 0.354791 10.323237 -0.595319 0.237865 3.812365
1 108.77716 -8.681013 -0.801488 -0.283257 -2.184997 -1.441893 3.448703 0.229659 2.654483 0.235869 0.662836 2.170549 0.354791 10.323237 -0.595319 0.237865 3.812365
1 108.77716 -8.681013 -0.801488 -0.283257 -2.184997 -1.441893 3.448703 0.229659 2.654483 0.235869 0.662836 2.170549 0.354791 10.323237 -0.595319 0.237865 3.812365
1 108.77716 -8.681013 -0.801488 -0.283257 -2.184997 -1.441893 3.448703 0.229659 2.654483 0.235869 0.662836 2.170549 0.354791 10.323237 -0.595319 0.237865 3.812365
1 108.77716 -8.681013 -0.801488 -0.283257 -2.184997 -1.441893 3.448703 0.229659 2.654483 0.235869 0.662836 2.170549 0.354791 10.323237 -0.595319 0.237865 3.812365
1 108.77716 -8.681013 -0.801488 -0.283257 -2.184997 -1.441893 3.448703 0.229659 2.654483 0.235869 0.662836 2.170549 0.354791 10.323237 -0.595319 0.237865 3.812365
1 108.77716 -8.681013 -0.801488 -0.283257 -2.184997 -1.441893 3.448703 0.229659 2.654483 0.235869 0.662836 2.170549 0.354791 10.323237 -0.595319 0.237865 3.812365
1 108.77716 -8.681013 -0.801488 -0.283257 -2.184997 -1.441893 3.448703 0.229659 2.654483 0.235869 0.662836 2.170549 0.354791 10.323237 -0.595319 0.237865 3.812365
1 108.77716 -8.681013 -0.801488 -0.283257 -2.184997 -1.441893 3.448703 0.229659 2.654483 0.235869 0.662836 2.170549 0.354791 10.323237 -0.595319 0.237865 3.812365
1 108.77716 -8.681013 -0.801488 -0.283257 -2.184997 -1.441893 3.448703 0.229659 2.654483 0.235869 0.662836 2.170549 0.354791 10.323237 -0.595319 0.237865 3.812365
1 108.77716 -8.681013 -0.801488 -0.283257 -2.184997 -1.441893 3.448703 0.229659 2.654483 0.235869 0.662836 2.170549 0.354791 10.323237 -0.595319 0.237865 3.812365
1 107.07123 -8.686009 -0.770898 -0.256245 -2.188722 -1.481415 3.459398 0.262150 2.653402 0.245125 0.687572 2.170499 0.372133 10.327591 -0.646622 0.257727 3.818538
1 107.28963 -8.706350 -0.784168 -0.263842 -2.185544 -1.495086 3.450411 0.285049 2.639218 0.257715 0.693413 2.194942 0.409781 10.304005 -0.657580 0.240545 3.790485
1 104.89482 -8.703265 -0.787108 -0.274957 -2.188981 -1.474838 3.474636 0.264402 2.651384 0.229381 0.670140 2.193434 0.366532 10.289747 -0.694138 0.234892 3.787410
1 104.89482 -8.703265 -0.787108 -0.274957 -2.188981 -1.474838 3.474636 0.264402 2.651384 0.229381 0.670140 2.193434 0.366532 10.289747 -0.694138 0.234892 3.787410
1 104.89482 -8.703265 -0.787108 -0.274957 -2.188981 -1.474838 3.474636 0.264402 2.651384 0.229381 0.670140 2.193434 0.366532 10.289747 -0.694138 0.234892 3.787410
1 104.89482 -8.703265 -0.787108 -0.274957 -2.188981 -1.474838 3.474636 0.264402 2.651384 0.229381 0.670140 2.193434 0.366532 10.289747 -0.694138 0.234892 3.787410
1 103.34824 -8.666578 -0.807384 -0.275745 -2.204924 -1.474530 3.457694 0.233104 2.633941 0.243067 0.699264 2.183026 0.371331 10.304069 -0.663124 0.258075 3.752606
1 103.34824 -8.666578 -0.807384 -0.275745 -2.204924 -1.474530 3.457694 0.233104 2.633941 0.243067 0.699264 2.183026 0.371331 10.304069 -0.663124 0.258075 3.752606
1 103.30313 -8.682783 -0.783421 -0.276061 -2.212560 -1.486278 3.449753 0.263883 2.628135 0.227821 0.678791 2.156181 0.384865 10.301521 -0.635213 0.261539 3.738614
1 103.30313 -8.682783 -0.783421 -0.276061 -2.212560 -1.486278 3.449753 0.263883 2.628135 0.227821 0.678791 2.156181 0.384865 10.301521 -0.635213 0.261539 3.738614
1 103.30313 -8.682783 -0.783421 -0.276061 -2.212560 -1.486278 3.449753 0.263883 2.628135 0.227821 0.678791 2.156181 0.384865 10.301521 -0.635213 0.261539 3.738614
1 103.30313 -8.682783 -0.783421 -0.276061 -2.212560 -1.486278 3.449753 0.263883 2.628135 0.227821 0.678791 2.156181 0.384865 10.301521 -0.635213 0.261539 3.738614
1 103.30313 -8.682783 -0.783421 -0.276061 -2.212560 -1.486278 3.449753 0.263883 2.628135 0.227821 0.678791 2.156181 0.384865 10.301521 -0.635213 0.261539 3.738614
1 103.30313 -8.682783 -0.783421 -0.276061 -2.212560 -1.486278 3.449753 0.263883 2.628135 0.227821 0.678791 2.156181 0.384865 10.301521 -0.635213 0.261539 3.738614
1 101.28232 -8.650018 -0.789779 -0.292459 -2.253863 -1.525704 3.465558 0.265016 2.650806 0.190976 0.678824 2.127665 0.376320 10.307923 -0.596489 0.261637 3.745238
1 101.28232 -8.650018 -0.789779 -0.292459 -2.253863 -1.525704 3.465558 0.265016 2.650806 0.190976 0.678824 2.127665 0.376320 10.307923 -0.596489 0.261637 3.745238
1 100.59674 -8.648855 -0.806772 -0.292200 -2.284008 -1.518902 3.466738 0.306890 2.642129 0.197289 0.672321 2.114900 0.401330 10.342177 -0.565065 0.249786 3.712547
1 100.59674 -8.648855 -0.806772 -0.292200 -2.284008 -1.518902 3.466738 0.306890 2.642129 0.197289 0.672321 2.114900 0.401330 10.342177 -0.565065 0.249786 3.712547
1 99.153836 -8.641655 -0.802044 -0.243727 -2.309507 -1.520428 3.476985 0.298776 2.626484 0.214551 0.673392 2.120602 0.383401 10.314586 -0.578745 0.285840 3.694974
1 99.153836 -8.641655 -0.802044 -0.243727 -2.309507 -1.520428 3.476985 0.298776 2.626484 0.214551 0.673392 2.120602 0.383401 10.314586 -0.578745 0.285840 3.694974
1 99.153836 -8.641655 -0.802044 -0.243727 -2.309507 -1.520428 3.476985 0.298776 2.626484 0.214551 0.673392 2.120602 0.383401 10.314586 -0.578745 0.285840 3.694974
1 99.153836 -8.641655 -0.802044 -0.243727 -2.309507 -1.520428 3.476985 0.298776 2.626484 0.214551 0.673392 2.120602 0.383401 10.314586 -0.578745 0.285840 3.694974
1 99.153836 -8.641655 -0.802044 -0.243727 -2.309507 -1.520428 3.476985 0.298776 2.626484 0.214551 0.673392 2.120602 0.383401 10.314586 -0.578745 0.285840 3.694974
1 98.744384 -8.606056 -0.794141 -0.213545 -2.317453 -1.541859 3.459246 0.270218 2.576528 0.214315 0.656057 2.140395 0.404339 10.288350 -0.589800 0.266704 3.718802
1 98.744384 -8.606056 -0.794141 -0.213545 -2.317453 -1.541859 3.459246 0.270218 2.576528 0.214315 0.656057 2.140395 0.404339 10.288350 -0.589800 0.266704 3.718802
1 96.297998 -8.551114 -0.795876 -0.179528 -2.337574 -1.518488 3.476865 0.308940 2.565486 0.237325 0.625655 2.151786 0.438661 10.270109 -0.563949 0.288494 3.715696
1 94.977269 -8.542756 -0.798920 -0.177549 -2.311066 -1.528434 3.472786 0.326302 2.557887 0.260892 0.633985 2.177080 0.424491 10.256935 -0.574927 0.276148 3.719731
