1 inf -9.583699 -0.860293 -0.541556 -2.183155 -1.222352 3.190732 -0.401539 2.948222 0.083135 0.384935 2.346484 0.008968 10.337663 -0.108532 -0.607331 -0.416392 3.884368
1 inf -9.613737 -0.838051 -0.573805 -2.196291 -1.217683 3.182872 -0.362739 2.898487 0.079136 0.396667 2.332363 0.015050 10.350802 -0.095740 -0.591848 -0.463648 3.870035
1 inf -9.597973 -0.844524 -0.588010 -2.199932 -1.197603 3.171840 -0.327172 2.926086 0.046816 0.402080 2.349271 0.022158 10.312846 -0.078471 -0.621203 -0.472744 3.879546
1 inf -9.586714 -0.859212 -0.582511 -2.255511 -1.181908 3.145926 -0.344245 2.934546 0.048759 0.369130 2.351036 0.024766 10.280989 -0.071139 -0.632812 -0.470526 3.923810
1 inf -9.592776 -0.885401 -0.605093 -2.212564 -1.203927 3.102967 -0.344571 2.918801 0.074460 0.382704 2.340168 0.019038 10.288502 -0.132577 -0.581086 -0.474595 3.949807
1 inf -9.571826 -0.897371 -0.656024 -2.201560 -1.229561 3.121890 -0.379560 2.919362 0.075007 0.334589 2.314044 0.019448 10.287635 -0.104703 -0.560537 -0.503306 3.927963
1 inf -9.558981 -0.899805 -0.640668 -2.185765 -1.242609 3.082334 -0.378708 2.918695 0.075040 0.342134 2.311090 0.001817 10.277325 -0.123710 -0.585814 -0.499564 3.953203
1 inf -9.581870 -0.926933 -0.630287 -2.200966 -1.259044 3.089985 -0.378660 2.901565 0.048496 0.318784 2.301457 -0.033979 10.280689 -0.146935 -0.576917 -0.476545 3.947822
1 inf -9.602434 -0.952524 -0.608938 -2.161428 -1.253146 3.090287 -0.368149 2.881921 0.073280 0.299087 2.312138 -0.014947 10.289444 -0.128371 -0.590219 -0.476522 3.943846
1 inf -9.594219 -0.937382 -0.594967 -2.114120 -1.241994 3.055362 -0.392987 2.893796 0.074778 0.304109 2.312429 -0.023617 10.307475 -0.152663 -0.587303 -0.444377 3.963716
1 inf -9.590998 -0.984910 -0.604609 -2.133030 -1.248517 3.043407 -0.398841 2.848100 0.098433 0.317219 2.286264 -0.057939 10.305897 -0.117966 -0.570060 -0.461670 3.948364
1 inf -9.560466 -0.968320 -0.603472 -2.136439 -1.238910 3.067556 -0.346040 2.823658 0.072177 0.324820 2.294834 -0.033876 10.315854 -0.150889 -0.542934 -0.454616 3.931785
1 inf -9.554371 -0.949829 -0.642570 -2.126200 -1.191120 3.086228 -0.311576 2.848132 0.032216 0.324454 2.290793 -0.013817 10.315598 -0.166193 -0.561416 -0.450139 3.903289
1 inf -9.550487 -0.957807 -0.672677 -2.084035 -1.233545 3.042793 -0.288343 2.845043 0.017404 0.341021 2.308126 -0.012138 10.308087 -0.185451 -0.563910 -0.466564 3.901144
1 inf -9.554952 -0.970554 -0.679371 -2.106669 -1.219181 3.027838 -0.279303 2.854906 0.007048 0.329680 2.306204 -0.029887 10.296062 -0.160641 -0.571373 -0.461115 3.916468
1 inf -9.569181 -0.961313 -0.650356 -2.043129 -1.211783 3.070413 -0.253139 2.846107 0.007145 0.318642 2.323506 -0.056146 10.300350 -0.160896 -0.564021 -0.471353 3.957728
1 inf -9.596270 -0.969862 -0.646484 -2.037626 -1.212348 3.085659 -0.244020 2.862382 -0.035768 0.335387 2.373099 -0.038774 10.294612 -0.174358 -0.550511 -0.458156 3.943018
1 inf -9.613121 -0.982006 -0.644451 -2.066329 -1.250851 3.100292 -0.258428 2.873291 -0.028750 0.320134 2.378993 -0.039593 10.326731 -0.195952 -0.516001 -0.414466 3.921469
1 inf -9.610350 -0.990436 -0.664020 -2.073044 -1.254299 3.093941 -0.253337 2.858771 -0.020649 0.309220 2.363441 -0.062069 10.352451 -0.201170 -0.527832 -0.437082 3.933206
1 inf -9.605969 -0.979831 -0.673858 -2.076922 -1.225122 3.098796 -0.238517 2.865252 -0.003375 0.340176 2.369436 -0.107067 10.356217 -0.224999 -0.523701 -0.454955 3.937138
1 inf -9.582452 -0.981298 -0.678622 -2.092756 -1.225739 3.112180 -0.201006 2.842238 -0.046101 0.350523 2.360687 -0.108412 10.296511 -0.200026 -0.504786 -0.446962 3.903949
1 inf -9.560248 -0.990818 -0.701036 -2.113547 -1.241083 3.049106 -0.193239 2.814700 -0.053647 0.365186 2.377440 -0.151157 10.348434 -0.211674 -0.499516 -0.427290 3.922897
1 inf -9.527463 -0.981409 -0.728047 -2.153026 -1.239948 3.051932 -0.192874 2.835551 -0.056908 0.334575 2.383469 -0.149815 10.328812 -0.188952 -0.511857 -0.450737 3.882187
1 inf -9.547183 -0.970487 -0.713739 -2.173974 -1.263208 3.032347 -0.178775 2.840557 -0.062073 0.328163 2.369209 -0.174738 10.331476 -0.207667 -0.528211 -0.465095 3.873823
1 inf -9.555300 -0.983450 -0.699524 -2.181615 -1.283573 3.002818 -0.191862 2.841095 -0.070239 0.317360 2.372604 -0.175737 10.351658 -0.212650 -0.491659 -0.477014 3.871475
1 inf -9.588742 -0.979393 -0.697192 -2.170715 -1.304392 2.990661 -0.191988 2.810094 -0.077920 0.355970 2.380070 -0.177225 10.344176 -0.217165 -0.478899 -0.475142 3.859285
1 inf -9.603858 -0.964366 -0.715486 -2.167580 -1.321293 2.990994 -0.205192 2.810588 -0.041882 0.363374 2.344834 -0.168153 10.376694 -0.250844 -0.473156 -0.411994 3.873338
1 inf -9.624756 -0.960357 -0.686048 -2.186922 -1.301705 2.988637 -0.229888 2.805675 -0.042319 0.374310 2.400545 -0.148820 10.425431 -0.282494 -0.475339 -0.404016 3.890819
1 inf -9.629238 -0.973793 -0.673648 -2.191088 -1.297545 2.987322 -0.224101 2.766899 -0.009641 0.404607 2.410631 -0.149241 10.387318 -0.228767 -0.421334 -0.379646 3.909025
1 inf -9.625389 -0.965926 -0.652155 -2.200780 -1.328040 2.956433 -0.218730 2.794625 -0.011476 0.436663 2.384562 -0.178768 10.361223 -0.201975 -0.420784 -0.389356 3.912382
1 inf -9.614852 -0.990286 -0.599304 -2.200168 -1.358538 2.931774 -0.218580 2.755628 0.021928 0.437863 2.360795 -0.180705 10.334856 -0.178216 -0.417445 -0.384318 3.915793
1 inf -9.613673 -0.960605 -0.605746 -2.167131 -1.335541 2.913544 -0.204541 2.740542 0.035359 0.479804 2.322550 -0.177107 10.303580 -0.185314 -0.385330 -0.357592 3.898766
1 inf -9.560564 -0.945191 -0.613532 -2.159219 -1.347851 2.881890 -0.233662 2.728745 0.000394 0.492012 2.342427 -0.186952 10.315663 -0.213419 -0.375675 -0.331080 3.895409
1 inf -9.488941 -0.940540 -0.600301 -2.161165 -1.359063 2.888789 -0.235539 2.739877 0.053617 0.490261 2.365691 -0.191216 10.325209 -0.224105 -0.398874 -0.309450 3.918921
1 inf -9.501871 -0.963292 -0.600941 -2.180350 -1.390707 2.928412 -0.158903 2.750929 0.051761 0.480838 2.392766 -0.175545 10.306855 -0.202647 -0.377958 -0.301568 3.910189
1 inf -9.488240 -0.963749 -0.618984 -2.195349 -1.400765 2.933222 -0.177315 2.775403 0.020695 0.480627 2.445714 -0.168098 10.313783 -0.222594 -0.346579 -0.289875 3.908270
1 inf -9.464504 -0.957199 -0.590877 -2.188212 -1.360786 2.941187 -0.178084 2.770414 0.048437 0.486841 2.416407 -0.155635 10.261415 -0.251728 -0.328288 -0.311583 3.920155
1 inf -9.463646 -0.953324 -0.604322 -2.206457 -1.347493 2.966867 -0.198262 2.760487 0.066282 0.489398 2.394219 -0.160016 10.253219 -0.267608 -0.365875 -0.282386 3.888803
1 inf -9.469731 -0.964255 -0.608649 -2.203869 -1.339575 2.990778 -0.226850 2.771440 0.028765 0.457469 2.389841 -0.134554 10.248864 -0.255473 -0.342098 -0.319670 3.914302
1 inf -9.460748 -0.956642 -0.614663 -2.210867 -1.376880 2.975594 -0.207531 2.785183 0.005314 0.419566 2.397107 -0.136884 10.249398 -0.280524 -0.354244 -0.338197 3.907751
1 inf -9.449732 -0.984224 -0.611601 -2.222842 -1.377980 2.967034 -0.186731 2.765683 -0.055596 0.408621 2.389412 -0.127023 10.228397 -0.257591 -0.346575 -0.341964 3.871876
1 inf -9.466573 -0.999583 -0.591189 -2.219957 -1.402393 2.962088 -0.168615 2.764781 -0.068651 0.418409 2.378449 -0.143752 10.219026 -0.221364 -0.369451 -0.342978 3.865132
1 inf -9.471150 -0.988356 -0.602889 -2.210511 -1.394514 2.985848 -0.188771 2.742622 -0.104467 0.407092 2.386355 -0.164596 10.231471 -0.236529 -0.382659 -0.354885 3.835046
1 inf -9.460914 -0.983413 -0.623960 -2.208733 -1.368798 2.965437 -0.206838 2.723947 -0.098746 0.370557 2.429173 -0.150160 10.192844 -0.234428 -0.369673 -0.400690 3.802329
1 inf -9.412691 -0.986807 -0.622376 -2.221354 -1.379999 2.984996 -0.235342 2.706050 -0.079356 0.367458 2.415803 -0.136001 10.215095 -0.282290 -0.367704 -0.414232 3.782992
1 inf -9.386980 -0.981078 -0.566033 -2.214050 -1.382523 2.975619 -0.272112 2.705934 -0.057217 0.344741 2.392236 -0.127930 10.207810 -0.306602 -0.379985 -0.401075 3.752390
1 inf -9.355481 -0.977503 -0.579543 -2.188506 -1.383001 2.950477 -0.278003 2.715827 -0.073091 0.302118 2.433213 -0.135997 10.207250 -0.337299 -0.362149 -0.381729 3.762478
1 inf -9.322696 -0.992078 -0.608895 -2.179097 -1.410012 2.910998 -0.276868 2.718653 -0.072726 0.322969 2.429952 -0.166608 10.213279 -0.335957 -0.381771 -0.359007 3.750137
1 inf -9.310197 -0.987402 -0.627614 -2.193476 -1.439712 2.923521 -0.291781 2.739797 -0.076266 0.345221 2.430595 -0.174202 10.216389 -0.329074 -0.369318 -0.329854 3.715062
1 inf -9.297806 -0.956419 -0.698685 -2.217880 -1.467508 2.941466 -0.250123 2.721422 -0.056776 0.347863 2.409243 -0.197863 10.195654 -0.316966 -0.378168 -0.348869 3.706131
1 inf -9.247399 -0.954968 -0.722201 -2.211389 -1.483719 2.911353 -0.277088 2.673623 -0.111422 0.316687 2.399205 -0.233562 10.134373 -0.331287 -0.366476 -0.366897 3.751976
1 inf -9.240503 -0.928291 -0.708352 -2.223305 -1.501090 2.913569 -0.258471 2.646847 -0.113955 0.268705 2.422627 -0.233051 10.105374 -0.343090 -0.389079 -0.393609 3.717470
1 inf -9.226293 -0.955474 -0.694489 -2.204943 -1.486822 2.925781 -0.232025 2.630595 -0.122558 0.241808 2.438803 -0.235739 10.081115 -0.381853 -0.388759 -0.366453 3.696003
1 inf -9.244595 -0.982943 -0.691638 -2.218465 -1.464742 2.874056 -0.232983 2.655777 -0.131692 0.259335 2.449281 -0.210790 10.075882 -0.380259 -0.386725 -0.362293 3.711000
1 inf -9.231810 -0.964217 -0.696540 -2.208076 -1.454642 2.870523 -0.258670 2.664363 -0.178979 0.298932 2.416870 -0.210792 10.054670 -0.394530 -0.395291 -0.342040 3.707325
1 inf -9.249017 -0.952229 -0.706677 -2.201600 -1.448778 2.878301 -0.257132 2.665899 -0.195585 0.256167 2.377631 -0.235166 10.065136 -0.409768 -0.438535 -0.383985 3.699885
1 inf -9.253756 -0.948941 -0.661726 -2.199581 -1.446518 2.832686 -0.275773 2.632498 -0.163277 0.249044 2.379984 -0.226534 10.060654 -0.436221 -0.414891 -0.367406 3.712021
1 inf -9.280737 -0.951788 -0.665344 -2.217861 -1.440279 2.843634 -0.272918 2.654877 -0.127234 0.252570 2.401033 -0.235562 10.037277 -0.456177 -0.383154 -0.339982 3.697739
1 inf -9.344161 -0.965816 -0.659158 -2.204904 -1.423067 2.834693 -0.280198 2.632613 -0.119353 0.227641 2.376916 -0.230258 10.026927 -0.454462 -0.378605 -0.337759 3.706890
1 inf -9.319386 -0.984189 -0.629928 -2.210252 -1.415098 2.831256 -0.328633 2.623789 -0.092569 0.256820 2.343706 -0.229990 10.043569 -0.466625 -0.351608 -0.334753 3.704379
1 inf -9.289651 -0.959027 -0.627594 -2.205165 -1.410418 2.864419 -0.363912 2.597595 -0.104975 0.239959 2.311402 -0.232798 10.040998 -0.474537 -0.358217 -0.328364 3.734294
1 inf -9.236399 -0.940171 -0.549543 -2.225282 -1.431114 2.900881 -0.351256 2.592662 -0.152661 0.272678 2.310361 -0.239931 10.061598 -0.504929 -0.396676 -0.308971 3.733770
1 inf -9.241534 -0.954651 -0.555099 -2.220482 -1.430563 2.877880 -0.360590 2.600403 -0.140871 0.265219 2.317572 -0.243201 10.069121 -0.485600 -0.408076 -0.332762 3.767433
1 inf -9.224324 -0.968244 -0.566714 -2.194863 -1.452862 2.902265 -0.367058 2.629521 -0.123763 0.270936 2.344344 -0.232144 10.063747 -0.480273 -0.403619 -0.332301 3.776684
1 inf -9.225601 -0.954535 -0.544851 -2.173833 -1.453805 2.890972 -0.360072 2.599785 -0.154414 0.258191 2.360700 -0.211531 10.054975 -0.477644 -0.395418 -0.315380 3.750071
1 inf -9.213730 -0.925022 -0.554487 -2.154366 -1.465017 2.889415 -0.369100 2.610443 -0.153423 0.246776 2.377139 -0.228636 10.081962 -0.453992 -0.358437 -0.337890 3.754828
1 inf -9.197466 -0.939497 -0.568414 -2.155882 -1.479581 2.863737 -0.383126 2.600641 -0.173222 0.281728 2.399188 -0.250751 10.100724 -0.446417 -0.328715 -0.326536 3.759013
1 inf -9.197322 -0.979842 -0.586269 -2.147388 -1.490823 2.881469 -0.357232 2.597936 -0.162662 0.248681 2.387707 -0.258180 10.101239 -0.424656 -0.312574 -0.306438 3.716810
1 inf -9.246037 -0.962895 -0.563252 -2.132298 -1.474652 2.884361 -0.361805 2.597235 -0.109700 0.251307 2.410329 -0.232897 10.121428 -0.423411 -0.321510 -0.302459 3.726905
1 inf -9.279475 -0.989806 -0.569009 -2.142427 -1.480201 2.879796 -0.332675 2.618378 -0.087023 0.217563 2.426752 -0.218620 10.109741 -0.424409 -0.341972 -0.336280 3.719371
1 inf -9.246690 -0.980397 -0.596020 -2.181906 -1.479066 2.882622 -0.332310 2.639229 -0.090284 0.186952 2.432781 -0.217278 10.090119 -0.401687 -0.354313 -0.359727 3.678661
1 inf -9.258623 -0.999576 -0.592662 -2.152856 -1.494908 2.859373 -0.336644 2.634537 -0.100591 0.213176 2.452729 -0.198281 10.157301 -0.404161 -0.314039 -0.365804 3.685952
1 inf -9.296131 -0.978282 -0.609757 -2.175170 -1.493330 2.816885 -0.341600 2.644468 -0.106431 0.227590 2.443999 -0.187227 10.144189 -0.416389 -0.320185 -0.341408 3.706360
1 inf -9.300515 -0.982122 -0.603329 -2.193589 -1.499148 2.839185 -0.324027 2.647360 -0.124182 0.228364 2.454620 -0.169057 10.158470 -0.436794 -0.315094 -0.355827 3.687642
1 inf -9.330481 -0.979944 -0.597302 -2.210336 -1.516331 2.848626 -0.332042 2.632280 -0.150964 0.203396 2.440974 -0.194583 10.130624 -0.461815 -0.306678 -0.336626 3.654630
1 inf -9.345933 -0.968796 -0.607020 -2.205757 -1.502399 2.853843 -0.303089 2.607444 -0.166888 0.192285 2.435848 -0.183282 10.134509 -0.475265 -0.306664 -0.357102 3.656183
1 inf -9.338824 -0.966467 -0.606891 -2.174846 -1.495981 2.843408 -0.325935 2.636354 -0.125087 0.201990 2.402385 -0.167721 10.154392 -0.457631 -0.306472 -0.347130 3.645123
1 inf -9.345670 -0.962494 -0.570028 -2.122068 -1.497029 2.846940 -0.304915 2.633741 -0.096967 0.217284 2.411991 -0.161481 10.199822 -0.441331 -0.305281 -0.352492 3.633051
1 inf -9.315293 -0.974269 -0.603383 -2.096318 -1.495424 2.802695 -0.260266 2.629856 -0.077725 0.200032 2.419438 -0.151001 10.204081 -0.456361 -0.292153 -0.340329 3.661345
1 inf -9.312578 -0.984408 -0.570662 -2.089845 -1.483390 2.833418 -0.214861 2.635145 -0.071931 0.155643 2.462286 -0.122960 10.215868 -0.455449 -0.341510 -0.356679 3.647050
1 inf -9.316918 -0.988031 -0.563360 -2.072693 -1.463600 2.792980 -0.179851 2.619021 -0.039701 0.183859 2.427748 -0.125647 10.223345 -0.441533 -0.379414 -0.350158 3.663298
1 inf -9.363404 -0.947497 -0.549130 -2.096740 -1.470268 2.782560 -0.187789 2.604392 -0.016714 0.191683 2.450658 -0.142552 10.181897 -0.446113 -0.378853 -0.377757 3.702052
1 inf -9.382994 -0.969539 -0.571063 -2.133870 -1.482118 2.785126 -0.187197 2.608921 -0.011547 0.183349 2.442531 -0.168294 10.166321 -0.466384 -0.407482 -0.369844 3.667682
1 inf -9.363918 -0.981586 -0.585400 -2.164689 -1.480106 2.759355 -0.170783 2.627954 -0.021143 0.212251 2.444807 -0.141995 10.169041 -0.425642 -0.395867 -0.415185 3.672456
1 inf -9.402059 -0.981632 -0.632571 -2.152566 -1.500702 2.735932 -0.118387 2.618851 -0.053312 0.198681 2.445565 -0.177037 10.174141 -0.411623 -0.400246 -0.407945 3.649529
1 inf -9.412671 -0.985543 -0.634291 -2.153578 -1.512554 2.720938 -0.119797 2.636512 -0.027079 0.207603 2.400622 -0.194368 10.170714 -0.482855 -0.428536 -0.447975 3.623510
1 inf -9.414161 -0.977463 -0.639690 -2.152121 -1.549731 2.716167 -0.103856 2.635295 -0.013033 0.218467 2.399610 -0.209384 10.164700 -0.483002 -0.428454 -0.432721 3.628887
1 inf -9.419697 -0.933753 -0.661852 -2.113244 -1.565821 2.681333 -0.109386 2.622057 0.018646 0.212329 2.395170 -0.212948 10.157265 -0.471954 -0.430210 -0.424807 3.609428
1 inf -9.437784 -0.958538 -0.681363 -2.120794 -1.596978 2.679170 -0.128320 2.587713 0.004722 0.218792 2.411802 -0.213001 10.128280 -0.512280 -0.437497 -0.420512 3.621474
1 inf -9.481364 -0.922524 -0.698349 -2.113599 -1.601215 2.662769 -0.148201 2.610073 -0.008542 0.255163 2.376406 -0.207602 10.107441 -0.479199 -0.441316 -0.451165 3.606829
1 inf -9.469792 -0.944690 -0.699749 -2.102369 -1.605529 2.677062 -0.151616 2.615837 -0.016879 0.254882 2.362739 -0.226894 10.091046 -0.473212 -0.470382 -0.439119 3.647450
1 inf -9.463716 -0.922795 -0.736097 -2.105114 -1.642214 2.663421 -0.120439 2.632134 0.021434 0.279566 2.369860 -0.251619 10.084047 -0.458635 -0.474970 -0.416219 3.639015
1 inf -9.496898 -0.917216 -0.718156 -2.110646 -1.581407 2.705466 -0.065054 2.626530 0.042962 0.280574 2.364049 -0.234229 10.097237 -0.439355 -0.458886 -0.395758 3.656616
1 inf -9.514402 -0.927360 -0.717360 -2.128205 -1.573102 2.708537 -0.051562 2.635640 0.028233 0.263396 2.362385 -0.239992 10.063850 -0.439665 -0.433438 -0.407107 3.685370
1 inf -9.519431 -0.930843 -0.722567 -2.141019 -1.568030 2.714289 -0.063753 2.643788 0.053918 0.260105 2.381168 -0.241917 10.078201 -0.442180 -0.441406 -0.423692 3.709136
1 inf -9.486646 -0.945418 -0.751919 -2.131610 -1.595041 2.674810 -0.062618 2.646614 0.054283 0.280956 2.377907 -0.272528 10.084230 -0.440838 -0.461028 -0.400970 3.696795
1 inf -9.500168 -0.913927 -0.785959 -2.133374 -1.612312 2.682562 -0.039659 2.628372 0.033474 0.305983 2.431750 -0.299543 10.068164 -0.429615 -0.450730 -0.386614 3.726063
1 inf -9.476861 -0.914005 -0.777941 -2.149156 -1.623855 2.727530 -0.058660 2.629034 -0.006306 0.308562 2.435628 -0.282969 10.090229 -0.430180 -0.419556 -0.380528 3.730164
1 inf -9.491741 -0.908949 -0.814990 -2.150044 -1.655344 2.787034 -0.054464 2.566060 -0.049651 0.312428 2.445257 -0.303433 10.117374 -0.435800 -0.412008 -0.391314 3.717691
1 inf -9.494532 -0.908686 -0.828589 -2.140713 -1.631208 2.803572 -0.072009 2.533362 -0.071399 0.307151 2.423852 -0.306892 10.132562 -0.431750 -0.377418 -0.397282 3.726955
1 inf -9.484933 -0.939734 -0.868693 -2.126089 -1.608409 2.805689 -0.049489 2.475153 -0.061082 0.308570 2.422345 -0.312240 10.122626 -0.433124 -0.408594 -0.384097 3.775385
1 inf -9.492665 -0.957303 -0.868766 -2.106366 -1.582224 2.810597 -0.062802 2.437762 -0.058396 0.302471 2.425027 -0.308992 10.088269 -0.415473 -0.398531 -0.359637 3.769847
1 inf -9.475789 -0.982854 -0.851091 -2.132560 -1.542824 2.844304 -0.015166 2.454266 -0.069462 0.288424 2.441893 -0.316315 10.107680 -0.404557 -0.412993 -0.324840 3.752138
1 inf -9.525261 -0.978480 -0.812921 -2.137028 -1.554205 2.834066 -0.029896 2.456043 -0.051764 0.282355 2.429705 -0.304443 10.116325 -0.423542 -0.445770 -0.301894 3.756931
1 inf -9.512812 -0.987348 -0.820538 -2.137070 -1.527911 2.820995 -0.027038 2.452951 -0.039575 0.260505 2.416880 -0.263273 10.087011 -0.378089 -0.415433 -0.307125 3.727404
1 inf -9.550238 -0.991277 -0.807685 -2.130851 -1.542243 2.839360 -0.006322 2.446986 -0.077992 0.267617 2.440242 -0.291887 10.066979 -0.395037 -0.389015 -0.300486 3.710354
1 inf -9.600142 -0.986242 -0.813939 -2.135830 -1.514827 2.872955 0.040352 2.444707 -0.064136 0.285986 2.431140 -0.329367 10.039182 -0.365492 -0.400781 -0.329502 3.691104
1 inf -9.575962 -0.977914 -0.811963 -2.131573 -1.513569 2.866424 0.022792 2.466793 -0.068719 0.275270 2.447278 -0.329600 10.063484 -0.376425 -0.421485 -0.324303 3.704263
1 inf -9.559841 -0.968899 -0.817214 -2.155083 -1.501768 2.850279 0.034804 2.475911 -0.062578 0.252945 2.463995 -0.344897 10.074100 -0.339858 -0.419033 -0.321983 3.710945
1 inf -9.540552 -0.969052 -0.773459 -2.156269 -1.532974 2.857448 0.006170 2.481842 -0.081000 0.268076 2.491984 -0.315598 10.121500 -0.352416 -0.415621 -0.319649 3.728470
1 inf -9.536350 -0.945088 -0.784953 -2.135374 -1.480599 2.882959 0.039125 2.489493 -0.035603 0.272970 2.524160 -0.293681 10.147915 -0.347543 -0.409085 -0.330780 3.735523
1 inf -9.550846 -0.932429 -0.759692 -2.138084 -1.454804 2.861747 0.058663 2.433607 -0.021343 0.303203 2.524403 -0.339022 10.154965 -0.334355 -0.435929 -0.310142 3.762829
1 inf -9.531257 -0.938708 -0.783047 -2.111723 -1.454351 2.899387 0.055508 2.418185 -0.043512 0.297182 2.508204 -0.335498 10.170381 -0.307576 -0.475943 -0.291143 3.747955
1 inf -9.575246 -0.943826 -0.769836 -2.107011 -1.457978 2.870764 0.036718 2.461990 -0.022990 0.304888 2.538321 -0.320726 10.219402 -0.338591 -0.465149 -0.308716 3.701196
1 inf -9.572094 -0.925403 -0.817240 -2.075916 -1.440644 2.855276 0.028911 2.473917 -0.011323 0.339070 2.518579 -0.341049 10.222343 -0.342941 -0.473972 -0.265433 3.692776
1 inf -9.589010 -0.900290 -0.818217 -2.096324 -1.417752 2.880387 0.007029 2.463190 -0.007426 0.349043 2.491912 -0.340590 10.235830 -0.364782 -0.462777 -0.301292 3.685609
1 inf -9.585188 -0.856545 -0.824965 -2.095976 -1.411546 2.882465 0.003654 2.477733 0.044760 0.345847 2.540059 -0.354232 10.259267 -0.371869 -0.454288 -0.357170 3.676916
1 inf -9.600334 -0.889819 -0.841756 -2.102277 -1.387739 2.846890 0.043248 2.512055 0.053006 0.344092 2.544695 -0.347515 10.259152 -0.363000 -0.467125 -0.356067 3.689356
1 inf -9.585396 -0.907036 -0.809219 -2.085249 -1.400297 2.812473 0.051199 2.511589 0.058154 0.336334 2.526323 -0.351493 10.269924 -0.382451 -0.478575 -0.337818 3.698713
1 inf -9.552611 -0.921611 -0.838571 -2.075840 -1.427308 2.772994 0.052334 2.514415 0.058519 0.357185 2.523062 -0.382104 10.275953 -0.381109 -0.498197 -0.315096 3.686372
1 inf -9.555699 -0.903649 -0.850650 -2.090237 -1.380724 2.767562 0.032476 2.544494 0.086664 0.350001 2.574015 -0.360821 10.259893 -0.399608 -0.523942 -0.322369 3.661397
1 inf -9.564885 -0.894635 -0.871855 -2.110144 -1.383695 2.773635 0.042747 2.535119 0.100518 0.321162 2.586589 -0.346916 10.226876 -0.388941 -0.551656 -0.338057 3.655854
1 inf -9.567550 -0.873353 -0.846288 -2.119408 -1.369944 2.773887 0.029428 2.505875 0.113276 0.333076 2.630129 -0.326732 10.246303 -0.363150 -0.554307 -0.371349 3.668678
1 inf -9.564645 -0.876315 -0.853736 -2.137027 -1.374358 2.742468 0.062708 2.496397 0.078837 0.373229 2.651851 -0.311089 10.239467 -0.360621 -0.572299 -0.352530 3.686731
1 inf -9.562339 -0.853470 -0.858155 -2.138855 -1.364146 2.724095 0.056633 2.496351 0.063865 0.339068 2.638442 -0.338898 10.223816 -0.381755 -0.603414 -0.362733 3.726526
1 inf -9.570775 -0.861265 -0.858194 -2.065098 -1.330763 2.714249 0.054746 2.495072 0.059787 0.328149 2.663543 -0.361570 10.203492 -0.347816 -0.601848 -0.373765 3.714016
1 inf -9.540696 -0.849898 -0.868407 -2.050607 -1.358134 2.727437 0.014636 2.513551 0.083218 0.281715 2.636464 -0.366922 10.248348 -0.314041 -0.565276 -0.394292 3.691890
1 inf -9.556642 -0.867117 -0.878228 -2.062659 -1.358012 2.727360 -0.001871 2.459236 0.123060 0.308761 2.623453 -0.361897 10.246335 -0.308999 -0.536723 -0.408917 3.657242
1 inf -9.578754 -0.883649 -0.922306 -2.052066 -1.326482 2.744579 0.006705 2.473414 0.134318 0.320662 2.570056 -0.387309 10.265928 -0.302067 -0.512457 -0.387024 3.645742
1 inf -9.601578 -0.860906 -0.954214 -2.065274 -1.345213 2.720462 -0.011092 2.499003 0.141791 0.320082 2.572396 -0.416765 10.260859 -0.307589 -0.517537 -0.369418 3.651792
1 inf -9.632306 -0.883237 -0.943964 -2.087594 -1.334217 2.704546 -0.002918 2.506833 0.165205 0.293426 2.596838 -0.409215 10.286503 -0.327950 -0.475158 -0.366619 3.659023
1 inf -9.630380 -0.901000 -0.939165 -2.088007 -1.345855 2.714835 -0.025326 2.497329 0.162499 0.289848 2.589553 -0.399490 10.262687 -0.366619 -0.474343 -0.327040 3.638587
1 inf -9.610962 -0.927094 -0.934675 -2.066438 -1.388443 2.714789 -0.040857 2.494133 0.167159 0.298251 2.577845 -0.409783 10.235156 -0.378191 -0.509149 -0.351079 3.649717
1 inf -9.594363 -0.913518 -0.932313 -2.075740 -1.392534 2.738345 -0.070671 2.523230 0.189453 0.285297 2.579523 -0.371872 10.241331 -0.384374 -0.543687 -0.352311 3.658770
1 inf -9.593232 -0.893290 -0.953248 -2.056139 -1.411421 2.718518 -0.084536 2.524697 0.213404 0.254347 2.623139 -0.365767 10.222377 -0.366309 -0.546059 -0.333713 3.640063
1 inf -9.581847 -0.884553 -0.923887 -2.022169 -1.413410 2.716965 -0.074002 2.540446 0.209212 0.218805 2.626126 -0.363408 10.207332 -0.331554 -0.544886 -0.349224 3.639228
1 inf -9.549062 -0.899128 -0.953239 -2.012760 -1.440421 2.677486 -0.072867 2.543272 0.209577 0.239656 2.622865 -0.394019 10.213361 -0.330212 -0.564508 -0.326502 3.626887
1 inf -9.564656 -0.866347 -0.950164 -1.989354 -1.411100 2.696183 -0.071114 2.563930 0.223890 0.257105 2.590815 -0.373892 10.227332 -0.351265 -0.575702 -0.308439 3.591058
1 inf -9.566828 -0.822793 -0.922301 -1.995331 -1.384227 2.679056 -0.085566 2.601691 0.227265 0.247880 2.587249 -0.379002 10.234814 -0.344408 -0.571949 -0.285584 3.635534
1 inf -9.572021 -0.823492 -0.937598 -1.964420 -1.383839 2.697655 -0.082233 2.575292 0.208514 0.249206 2.597834 -0.373532 10.216905 -0.369651 -0.576293 -0.250307 3.626101
1 inf -9.575816 -0.808908 -0.923978 -1.976941 -1.368121 2.699492 -0.078733 2.541046 0.235799 0.224715 2.605393 -0.379458 10.250033 -0.319236 -0.585458 -0.236797 3.647845
1 inf -9.563090 -0.798115 -0.900429 -1.971927 -1.353359 2.736667 -0.137000 2.539753 0.223867 0.220610 2.587215 -0.385813 10.251675 -0.335540 -0.564064 -0.214861 3.611959
1 inf -9.573350 -0.788459 -0.925454 -1.920074 -1.371420 2.727325 -0.130127 2.554129 0.225891 0.228790 2.587469 -0.382190 10.286836 -0.351166 -0.528743 -0.218962 3.616223
1 inf -9.545577 -0.780625 -0.915700 -1.881886 -1.348618 2.666931 -0.086579 2.536644 0.211712 0.240017 2.587210 -0.367524 10.310089 -0.343651 -0.507403 -0.245041 3.608366
1 inf -9.539815 -0.822973 -0.911897 -1.844947 -1.366583 2.684208 -0.112803 2.567695 0.196410 0.270442 2.591029 -0.383521 10.330081 -0.330780 -0.469757 -0.227179 3.634456
1 inf -9.546688 -0.778847 -0.942010 -1.848830 -1.403200 2.659005 -0.139677 2.561739 0.173846 0.243718 2.587812 -0.389237 10.305530 -0.349023 -0.485223 -0.181801 3.618212
1 inf -9.517076 -0.802966 -0.903283 -1.904384 -1.368960 2.665885 -0.171600 2.573180 0.156397 0.227390 2.583825 -0.390410 10.313058 -0.365815 -0.477635 -0.192352 3.621173
1 inf -9.538980 -0.785845 -0.883347 -1.929666 -1.363770 2.633844 -0.185143 2.571504 0.162384 0.202467 2.616064 -0.399042 10.325821 -0.389319 -0.429330 -0.195178 3.613993
1 inf -9.569233 -0.795635 -0.885020 -1.929095 -1.341751 2.630362 -0.178684 2.572857 0.144402 0.187633 2.673528 -0.447461 10.330129 -0.367718 -0.411904 -0.213292 3.603940
1 inf -9.545233 -0.800959 -0.865541 -1.920122 -1.329627 2.610291 -0.192459 2.569537 0.181844 0.202984 2.672337 -0.441458 10.334783 -0.376531 -0.399477 -0.203735 3.612159
1 inf -9.568252 -0.767657 -0.892784 -1.921823 -1.347918 2.609959 -0.201760 2.553701 0.192141 0.168246 2.696419 -0.462771 10.325218 -0.392105 -0.428733 -0.214639 3.604706
1 inf -9.544250 -0.748956 -0.914872 -1.886037 -1.353178 2.621151 -0.204243 2.583903 0.171527 0.168029 2.702039 -0.485293 10.322403 -0.365164 -0.418584 -0.244575 3.574949
1 inf -9.548947 -0.732207 -0.837914 -1.900860 -1.376524 2.609255 -0.234178 2.626280 0.123978 0.176546 2.686715 -0.456654 10.300625 -0.360601 -0.431564 -0.221527 3.558628
1 inf -9.567593 -0.719643 -0.814547 -1.890727 -1.389558 2.570835 -0.226962 2.662495 0.115555 0.178052 2.668398 -0.468657 10.277961 -0.320242 -0.437453 -0.190971 3.537191
1 inf -9.538200 -0.690490 -0.808327 -1.883202 -1.399632 2.530561 -0.207854 2.660017 0.154140 0.171831 2.682570 -0.492148 10.312759 -0.354812 -0.448871 -0.185913 3.543932
1 inf -9.546661 -0.653376 -0.833315 -1.871090 -1.350476 2.526589 -0.189644 2.636853 0.143388 0.183099 2.671734 -0.507742 10.312859 -0.402891 -0.452893 -0.209519 3.541834
1 inf -9.555714 -0.651305 -0.843531 -1.878360 -1.320523 2.506452 -0.196118 2.644341 0.119678 0.201101 2.657216 -0.515889 10.308810 -0.449316 -0.427708 -0.265678 3.531478
1 inf -9.547768 -0.653315 -0.862338 -1.880974 -1.351162 2.484825 -0.207105 2.636856 0.116317 0.201479 2.664388 -0.573224 10.365056 -0.473096 -0.389560 -0.251235 3.531301
1 inf -9.538259 -0.593264 -0.832699 -1.843070 -1.376950 2.477670 -0.200727 2.701445 0.140781 0.199469 2.647575 -0.557365 10.355553 -0.440751 -0.375307 -0.260437 3.524104
1 inf -9.569728 -0.591026 -0.848805 -1.850034 -1.357559 2.512936 -0.183446 2.701756 0.157120 0.214363 2.647905 -0.574658 10.363259 -0.431595 -0.369508 -0.220066 3.597158
1 inf -9.563496 -0.602470 -0.843584 -1.830588 -1.341733 2.513949 -0.190286 2.725149 0.202955 0.206765 2.681523 -0.551504 10.365722 -0.416511 -0.376542 -0.235085 3.610372
1 inf -9.530711 -0.617045 -0.872936 -1.821179 -1.368744 2.474470 -0.189151 2.727975 0.203320 0.227616 2.678262 -0.582115 10.371751 -0.415169 -0.396164 -0.212363 3.598031
1 inf -9.478399 -0.603725 -0.837049 -1.838117 -1.337018 2.472420 -0.203146 2.748043 0.211553 0.217696 2.674583 -0.572742 10.383841 -0.375892 -0.394228 -0.207874 3.587193
1 inf -9.454662 -0.593521 -0.806074 -1.796140 -1.351242 2.484968 -0.196454 2.726620 0.222843 0.212876 2.678938 -0.586525 10.346320 -0.368450 -0.380707 -0.214236 3.592374
1 inf -9.455573 -0.567324 -0.815721 -1.809034 -1.336817 2.459617 -0.233746 2.734247 0.246549 0.200502 2.727132 -0.583060 10.352150 -0.352752 -0.381761 -0.242606 3.635199
1 inf -9.447534 -0.541160 -0.837733 -1.825387 -1.352926 2.442783 -0.280946 2.715392 0.268775 0.189523 2.761713 -0.609167 10.358755 -0.394052 -0.362918 -0.227680 3.662823
1 inf -9.478363 -0.560248 -0.817247 -1.833350 -1.341435 2.424187 -0.282634 2.699170 0.300625 0.206631 2.790480 -0.622339 10.397793 -0.415100 -0.377888 -0.221024 3.637222
1 inf -9.493668 -0.535482 -0.804395 -1.815555 -1.340014 2.429700 -0.292114 2.711191 0.269181 0.216923 2.798845 -0.625958 10.414588 -0.418513 -0.395651 -0.221206 3.650499
1 inf -9.492841 -0.537930 -0.826601 -1.820250 -1.349718 2.437140 -0.271586 2.701126 0.289197 0.190430 2.812360 -0.616979 10.412294 -0.428758 -0.412376 -0.176712 3.631333
1 inf -9.482388 -0.554144 -0.816698 -1.825026 -1.344683 2.463576 -0.265181 2.700927 0.304812 0.209764 2.815369 -0.637866 10.399394 -0.455353 -0.417112 -0.166211 3.657189
1 inf -9.457559 -0.544323 -0.833140 -1.853070 -1.361031 2.483531 -0.282758 2.726054 0.310803 0.200502 2.833744 -0.628723 10.401344 -0.434932 -0.407502 -0.129816 3.693905
1 inf -9.432550 -0.525039 -0.848301 -1.870075 -1.398480 2.441863 -0.313063 2.750322 0.315254 0.169390 2.868298 -0.636534 10.362489 -0.447292 -0.399529 -0.130345 3.682946
1 inf -9.421275 -0.560284 -0.866057 -1.845575 -1.406882 2.454577 -0.337380 2.741261 0.348256 0.177117 2.888893 -0.658666 10.347784 -0.472242 -0.408607 -0.138455 3.682719
1 inf -9.440260 -0.582436 -0.853778 -1.853286 -1.445156 2.433209 -0.335145 2.737560 0.368106 0.190713 2.900543 -0.648105 10.376368 -0.470545 -0.410802 -0.148741 3.653496
1 inf -9.470902 -0.572781 -0.817676 -1.846398 -1.449301 2.428942 -0.361240 2.727656 0.366658 0.209255 2.914787 -0.669686 10.375971 -0.465845 -0.444088 -0.156345 3.643302
1 inf -9.447952 -0.557460 -0.839660 -1.799213 -1.442321 2.440704 -0.379649 2.729539 0.369333 0.187750 2.942333 -0.659154 10.360982 -0.492489 -0.430981 -0.175546 3.686124
1 inf -9.460102 -0.551279 -0.841557 -1.801498 -1.445258 2.438773 -0.365241 2.722077 0.374353 0.165502 2.919693 -0.666792 10.339459 -0.523335 -0.476619 -0.204049 3.711901
1 inf -9.447857 -0.589634 -0.802229 -1.817832 -1.419919 2.406945 -0.369464 2.710933 0.363183 0.189632 2.908879 -0.737266 10.344259 -0.526021 -0.444604 -0.186359 3.671546
1 inf -9.433093 -0.604448 -0.830297 -1.792817 -1.406367 2.358398 -0.382281 2.731355 0.391265 0.207229 2.939069 -0.763300 10.365328 -0.513984 -0.430460 -0.178534 3.689808
1 inf -9.425160 -0.595685 -0.834611 -1.789176 -1.408196 2.374897 -0.383778 2.702991 0.391702 0.191473 2.944031 -0.749769 10.394367 -0.499601 -0.453760 -0.197442 3.709225
1 inf -9.437132 -0.607964 -0.843121 -1.765765 -1.376637 2.368533 -0.406586 2.729995 0.409367 0.187745 2.958266 -0.727830 10.361940 -0.523566 -0.468153 -0.209024 3.698714
1 inf -9.398934 -0.617814 -0.841838 -1.723357 -1.360663 2.322215 -0.413723 2.752255 0.415500 0.218215 2.953999 -0.721601 10.330426 -0.507443 -0.488578 -0.229705 3.720239
1 inf -9.331419 -0.625235 -0.816720 -1.711672 -1.349907 2.300521 -0.412175 2.785713 0.410033 0.267524 2.948383 -0.687846 10.309459 -0.491943 -0.476082 -0.193002 3.721037
1 inf -9.337389 -0.626610 -0.817975 -1.664428 -1.319918 2.298785 -0.419761 2.778771 0.384628 0.295912 2.970136 -0.684095 10.313055 -0.495216 -0.492926 -0.194529 3.745282
1 inf -9.334370 -0.629880 -0.791487 -1.638118 -1.303292 2.311958 -0.429384 2.779425 0.398643 0.256987 2.987759 -0.709961 10.329779 -0.448652 -0.512992 -0.188790 3.726122
1 inf -9.377131 -0.621624 -0.776973 -1.646759 -1.320623 2.312563 -0.397104 2.812980 0.417823 0.270381 2.969102 -0.740835 10.332079 -0.467155 -0.473224 -0.179943 3.694809
1 inf -9.410195 -0.630147 -0.801585 -1.644454 -1.315089 2.327070 -0.369529 2.802208 0.411668 0.277849 2.980449 -0.747453 10.353964 -0.450486 -0.467229 -0.195443 3.719449
1 inf -9.402888 -0.620568 -0.770333 -1.620367 -1.339607 2.327006 -0.344539 2.794529 0.416221 0.272215 2.933106 -0.747127 10.359773 -0.410419 -0.444319 -0.163550 3.756294
1 inf -9.370103 -0.635143 -0.799685 -1.610958 -1.366618 2.287527 -0.343404 2.797355 0.416586 0.293066 2.929845 -0.777738 10.365802 -0.409077 -0.463941 -0.140828 3.743953
1 inf -9.352615 -0.665505 -0.847137 -1.618046 -1.378304 2.295154 -0.351474 2.767204 0.456915 0.302929 2.919229 -0.815635 10.373060 -0.408261 -0.503578 -0.136163 3.759463
1 inf -9.342042 -0.676102 -0.881901 -1.608082 -1.389718 2.282463 -0.376189 2.765843 0.482535 0.287462 2.912625 -0.803024 10.398569 -0.406908 -0.505954 -0.099536 3.783979
1 inf -9.347048 -0.711102 -0.887197 -1.586963 -1.384657 2.276047 -0.402975 2.769712 0.472654 0.295853 2.888926 -0.801670 10.382303 -0.430370 -0.478735 -0.115373 3.793822
1 inf -9.325723 -0.754409 -0.876351 -1.572429 -1.379710 2.291421 -0.390379 2.780664 0.494797 0.306133 2.881944 -0.825864 10.404492 -0.430746 -0.483088 -0.090637 3.777164
1 inf -9.294001 -0.741854 -0.876082 -1.577576 -1.378723 2.270376 -0.394053 2.810574 0.505309 0.281836 2.922022 -0.827793 10.395939 -0.424534 -0.451690 -0.142992 3.798561
