1 inf -7.970608 -0.392792 0.244038 -2.293702 -1.828255 3.447502 0.681477 2.416314 -0.671494 0.306257 2.842072 -0.025473 10.723913 -0.649009 -0.683603 0.451270 4.167907
1 inf -7.995113 -0.371805 0.247362 -2.308031 -1.864114 3.466094 0.688556 2.431487 -0.672338 0.300771 2.846907 -0.035378 10.711134 -0.657511 -0.705088 0.436605 4.172680
1 inf -7.999930 -0.360801 0.252897 -2.254954 -1.832721 3.463332 0.695947 2.423766 -0.652522 0.277516 2.843257 -0.022192 10.691386 -0.616244 -0.691172 0.467831 4.197583
1 inf -7.996450 -0.377125 0.284565 -2.242462 -1.849659 3.422508 0.676108 2.398743 -0.662836 0.281748 2.853598 -0.048688 10.673518 -0.619181 -0.673502 0.446326 4.199445
1 inf -7.980151 -0.318656 0.265454 -2.241050 -1.843948 3.404054 0.683499 2.376627 -0.647347 0.297465 2.809989 -0.037820 10.671205 -0.598338 -0.674727 0.467751 4.245488
1 inf -7.997385 -0.303296 0.235071 -2.241274 -1.820522 3.420371 0.666445 2.402880 -0.682841 0.279368 2.839974 -0.051525 10.667239 -0.599244 -0.662044 0.473080 4.266640
1 inf -8.025170 -0.324636 0.274160 -2.242785 -1.814481 3.404902 0.655653 2.414467 -0.682495 0.287297 2.849511 -0.051295 10.670690 -0.599250 -0.665539 0.474289 4.239415
1 inf -8.010645 -0.287358 0.253791 -2.248420 -1.846485 3.384922 0.677390 2.406297 -0.679069 0.279838 2.827092 -0.033928 10.668411 -0.603791 -0.662331 0.511998 4.238045
1 inf -7.969654 -0.299731 0.249578 -2.255051 -1.830579 3.409346 0.697862 2.406661 -0.672330 0.281359 2.838783 -0.032307 10.664414 -0.615535 -0.677561 0.505778 4.240344
1 inf -7.980267 -0.296405 0.214355 -2.232280 -1.816511 3.406927 0.684831 2.393608 -0.666969 0.269061 2.818815 -0.058962 10.656995 -0.667278 -0.657311 0.509482 4.274394
1 inf -7.999217 -0.305357 0.209314 -2.228624 -1.821330 3.408016 0.674939 2.388675 -0.682362 0.275774 2.854302 -0.067380 10.674884 -0.662663 -0.681015 0.491211 4.260294
1 inf -8.024370 -0.314931 0.202551 -2.262859 -1.827462 3.420058 0.692513 2.383287 -0.632556 0.247319 2.855199 -0.055375 10.676963 -0.701331 -0.678538 0.478797 4.238397
1 inf -7.985657 -0.311006 0.201529 -2.262263 -1.853113 3.401689 0.717284 2.371051 -0.651078 0.249736 2.882345 -0.033295 10.628516 -0.714153 -0.688980 0.473427 4.259823
1 inf -8.010210 -0.255984 0.192500 -2.256024 -1.863720 3.401147 0.694573 2.377505 -0.649130 0.230059 2.895975 -0.011749 10.612872 -0.701113 -0.673472 0.470943 4.293054
1 inf -8.042919 -0.234051 0.162321 -2.235120 -1.846580 3.376646 0.707157 2.350784 -0.646256 0.212614 2.899251 -0.014049 10.619853 -0.678820 -0.731736 0.436581 4.284773
1 inf -8.020146 -0.228477 0.166804 -2.236972 -1.870427 3.393125 0.709860 2.337332 -0.648232 0.183793 2.922912 -0.027471 10.623327 -0.665415 -0.766664 0.474016 4.246358
1 inf -8.030937 -0.201951 0.176526 -2.256554 -1.868976 3.405685 0.714039 2.344593 -0.633274 0.156660 2.951021 -0.034687 10.633548 -0.650183 -0.773338 0.453053 4.245957
1 inf -8.019180 -0.181194 0.191836 -2.237293 -1.837505 3.394312 0.729335 2.357687 -0.620393 0.163973 2.915428 -0.031036 10.594610 -0.639722 -0.812515 0.495191 4.238970
1 inf -8.059630 -0.177501 0.243070 -2.249109 -1.848806 3.366109 0.765578 2.382819 -0.610676 0.167505 2.905995 -0.052064 10.558759 -0.645638 -0.819191 0.493059 4.239423
1 inf -8.063864 -0.185232 0.242992 -2.284705 -1.866742 3.360638 0.792172 2.361769 -0.650370 0.175715 2.923354 -0.056073 10.570221 -0.631007 -0.794469 0.492083 4.229202
1 inf -8.104332 -0.184040 0.253213 -2.281574 -1.882628 3.410774 0.809288 2.348802 -0.639758 0.189401 2.919315 -0.049257 10.559860 -0.607487 -0.821641 0.489213 4.214217
1 inf -8.119528 -0.218905 0.240829 -2.277783 -1.867823 3.414396 0.833644 2.360826 -0.645467 0.213060 2.938111 -0.004735 10.580011 -0.596197 -0.828866 0.506950 4.205356
1 inf -8.081925 -0.208449 0.230906 -2.277838 -1.877903 3.403534 0.844697 2.337344 -0.621641 0.255587 2.938050 -0.006191 10.562427 -0.602239 -0.826370 0.497864 4.205920
1 inf -8.055999 -0.169890 0.232111 -2.303749 -1.887441 3.411913 0.817273 2.340679 -0.623501 0.260095 2.948026 -0.007433 10.550732 -0.609586 -0.841951 0.547215 4.232115
1 inf -8.091532 -0.208215 0.225843 -2.271467 -1.874628 3.422607 0.801139 2.337277 -0.631201 0.281421 2.896678 -0.019836 10.536118 -0.614320 -0.843075 0.548396 4.231762
1 inf -8.074438 -0.225952 0.214281 -2.263457 -1.886336 3.429493 0.797439 2.318639 -0.604557 0.272985 2.900372 -0.039140 10.564872 -0.617729 -0.784917 0.580693 4.208295
1 inf -8.083581 -0.221832 0.248034 -2.280326 -1.894522 3.410629 0.771437 2.324797 -0.602603 0.262444 2.942106 -0.034425 10.546399 -0.620609 -0.801325 0.578564 4.222123
1 inf -8.071786 -0.241106 0.207770 -2.274774 -1.907385 3.400935 0.779832 2.329365 -0.589760 0.266777 2.933225 -0.039206 10.512295 -0.618179 -0.830938 0.594622 4.232534
1 inf -8.085611 -0.257597 0.271936 -2.275873 -1.884525 3.413867 0.782012 2.317451 -0.594935 0.275291 2.934761 -0.054187 10.524917 -0.611600 -0.833952 0.592331 4.254061
1 inf -8.088244 -0.246360 0.249115 -2.273114 -1.877443 3.441636 0.770829 2.328702 -0.629929 0.307245 2.921397 -0.065752 10.518828 -0.629941 -0.825090 0.600409 4.242836
1 inf -8.097763 -0.244352 0.209393 -2.284336 -1.894796 3.435944 0.766093 2.340868 -0.631237 0.284212 2.889367 -0.054999 10.534935 -0.644167 -0.807698 0.575779 4.246467
1 inf -8.123001 -0.239386 0.183112 -2.255606 -1.913438 3.396486 0.730136 2.327299 -0.629193 0.311686 2.880009 -0.035378 10.519195 -0.640759 -0.811997 0.552553 4.219330
1 inf -8.124425 -0.273069 0.144553 -2.244885 -1.914372 3.404685 0.730007 2.299941 -0.641663 0.322845 2.888270 -0.063624 10.533712 -0.643115 -0.832954 0.591042 4.218971
1 inf -8.135594 -0.269129 0.181049 -2.281229 -1.923087 3.375688 0.733078 2.312490 -0.641765 0.315623 2.890710 -0.075977 10.538281 -0.638883 -0.822436 0.575607 4.219330
1 inf -8.142885 -0.255346 0.143744 -2.317972 -1.985187 3.381338 0.752924 2.325913 -0.678393 0.312620 2.890932 -0.072874 10.530376 -0.660624 -0.801595 0.607204 4.227043
1 inf -8.132653 -0.261047 0.144258 -2.317655 -1.972592 3.373471 0.729856 2.280370 -0.678823 0.327964 2.894471 -0.098844 10.530129 -0.702069 -0.754013 0.598082 4.219557
1 inf -8.110023 -0.255943 0.158812 -2.287546 -1.978645 3.381324 0.741218 2.291807 -0.648504 0.339278 2.898165 -0.098521 10.534816 -0.693084 -0.759417 0.604803 4.199231
1 inf -8.133557 -0.215783 0.123993 -2.284188 -1.979271 3.379832 0.740488 2.247315 -0.659030 0.342467 2.885435 -0.078242 10.540844 -0.735312 -0.726454 0.602115 4.183896
1 inf -8.127969 -0.220963 0.132737 -2.280703 -1.980563 3.371938 0.715058 2.290028 -0.675099 0.338900 2.874505 -0.080738 10.534143 -0.716782 -0.718909 0.612634 4.160051
1 inf -8.118528 -0.232056 0.146902 -2.295704 -1.957192 3.370591 0.714553 2.260948 -0.665316 0.342267 2.880435 -0.083229 10.532700 -0.728415 -0.743096 0.635427 4.184785
1 inf -8.130486 -0.237302 0.145223 -2.305944 -1.915992 3.359433 0.726952 2.263932 -0.688192 0.327624 2.883453 -0.099300 10.516783 -0.742427 -0.724033 0.636488 4.183984
1 inf -8.114955 -0.195568 0.133043 -2.321356 -1.913338 3.362164 0.702683 2.271272 -0.665475 0.328162 2.868272 -0.065068 10.533284 -0.756161 -0.733251 0.626710 4.146373
1 inf -8.096939 -0.214318 0.136691 -2.312080 -1.868416 3.340049 0.695548 2.295860 -0.653989 0.296659 2.883119 -0.086344 10.527080 -0.779142 -0.681705 0.600437 4.138935
1 inf -8.084578 -0.213125 0.135641 -2.320657 -1.853024 3.325106 0.678699 2.314270 -0.652644 0.288452 2.879004 -0.103282 10.471638 -0.758671 -0.690169 0.636501 4.127446
1 inf -8.081664 -0.216606 0.142674 -2.314137 -1.850950 3.272824 0.662094 2.301379 -0.667411 0.257834 2.855310 -0.092872 10.473301 -0.765268 -0.688887 0.632846 4.130615
1 inf -8.083616 -0.224291 0.121967 -2.335173 -1.845003 3.252265 0.687917 2.326943 -0.663583 0.237950 2.915847 -0.105542 10.457566 -0.791390 -0.692409 0.605940 4.127536
1 inf -8.089258 -0.189687 0.123733 -2.347559 -1.822161 3.250116 0.672691 2.362516 -0.623958 0.227479 2.925464 -0.071383 10.477369 -0.766031 -0.730174 0.618493 4.117280
1 inf -8.073599 -0.169732 0.117598 -2.338974 -1.845963 3.241643 0.671853 2.357155 -0.682252 0.214164 2.946037 -0.077246 10.479807 -0.749028 -0.754961 0.618822 4.145029
1 inf -8.101119 -0.190115 0.122899 -2.312834 -1.882368 3.268926 0.656492 2.376990 -0.628593 0.239342 2.940134 -0.078573 10.447949 -0.713492 -0.744182 0.589443 4.174718
1 inf -8.108423 -0.175064 0.118797 -2.299611 -1.857100 3.290993 0.670246 2.347561 -0.608260 0.203030 2.969261 -0.090097 10.490549 -0.720085 -0.755880 0.557742 4.128381
1 inf -8.098011 -0.155378 0.121133 -2.318466 -1.886179 3.299433 0.657732 2.348343 -0.561148 0.213445 2.938338 -0.083586 10.501874 -0.711476 -0.759986 0.533114 4.131625
1 inf -8.114303 -0.188343 0.117462 -2.322033 -1.905798 3.289024 0.608265 2.337440 -0.549788 0.218894 2.919662 -0.076550 10.511375 -0.714118 -0.753597 0.500281 4.100694
1 inf -8.121323 -0.161792 0.108808 -2.326354 -1.888812 3.306301 0.615617 2.313064 -0.573102 0.193330 2.917498 -0.057356 10.510527 -0.714917 -0.779698 0.544282 4.072128
1 inf -8.120977 -0.172857 0.054516 -2.299610 -1.901843 3.306426 0.590477 2.293346 -0.573157 0.212630 2.902770 -0.044986 10.479442 -0.704599 -0.776011 0.566642 4.040374
1 inf -8.102425 -0.200888 0.069255 -2.265483 -1.869031 3.355261 0.620983 2.270967 -0.571361 0.218578 2.880786 -0.053490 10.461393 -0.729589 -0.767143 0.527399 4.036123
1 inf -8.127412 -0.160120 0.108641 -2.281980 -1.878828 3.382548 0.614436 2.274667 -0.561045 0.246708 2.870888 -0.034197 10.485308 -0.724154 -0.740010 0.511938 4.051627
1 inf -8.124024 -0.123365 0.104691 -2.255152 -1.894691 3.379705 0.600471 2.263805 -0.556717 0.209576 2.870922 -0.014233 10.485968 -0.728742 -0.731922 0.508125 4.043304
1 inf -8.129608 -0.134675 0.157350 -2.267501 -1.859329 3.396775 0.605197 2.286798 -0.552694 0.249074 2.809067 -0.013011 10.463383 -0.723311 -0.745637 0.470688 4.057644
1 inf -8.121139 -0.101878 0.133343 -2.229098 -1.872092 3.353138 0.608885 2.301778 -0.568565 0.294663 2.812485 0.016402 10.488741 -0.732786 -0.719727 0.459175 4.073921
1 inf -8.103146 -0.065340 0.128329 -2.253332 -1.885179 3.314629 0.613183 2.315751 -0.600404 0.254143 2.786030 0.004781 10.466516 -0.724328 -0.714177 0.462527 4.095619
1 inf -8.085381 -0.057831 0.128890 -2.263457 -1.884425 3.323067 0.631679 2.284452 -0.605461 0.246670 2.715979 0.016660 10.504108 -0.710257 -0.688235 0.444239 4.110289
1 inf -8.024532 -0.074808 0.098283 -2.279948 -1.845612 3.315094 0.678858 2.279257 -0.602953 0.238562 2.746987 0.002209 10.516393 -0.694808 -0.686395 0.442740 4.151752
1 inf -8.052927 -0.079067 0.108189 -2.285830 -1.845060 3.309520 0.655178 2.263597 -0.611847 0.219508 2.760094 0.014144 10.503468 -0.689826 -0.708396 0.442028 4.170625
1 inf -8.039823 -0.042526 0.101948 -2.304487 -1.808743 3.298416 0.661222 2.238146 -0.630255 0.226390 2.757931 0.032453 10.506552 -0.720265 -0.709214 0.427660 4.145589
1 inf -8.025239 -0.023679 0.100438 -2.325764 -1.814523 3.310645 0.656348 2.239889 -0.627288 0.228645 2.728648 0.038197 10.478701 -0.734783 -0.715545 0.424575 4.156161
1 inf -7.965374 -0.049229 0.129970 -2.314505 -1.815306 3.293404 0.642951 2.238847 -0.613670 0.231430 2.729131 0.047655 10.505358 -0.769225 -0.722366 0.452636 4.179234
1 inf -7.952027 -0.073390 0.141486 -2.323668 -1.825177 3.282084 0.632497 2.286418 -0.585429 0.249751 2.743614 0.025029 10.510375 -0.731583 -0.753098 0.440603 4.196221
1 inf -7.946798 -0.107261 0.174688 -2.344432 -1.849734 3.265591 0.675078 2.301057 -0.551671 0.259038 2.741467 0.004404 10.529278 -0.768605 -0.758344 0.425242 4.188000
1 inf -7.937888 -0.116894 0.138601 -2.364484 -1.854262 3.244011 0.631696 2.332328 -0.537279 0.231035 2.720759 0.009990 10.531821 -0.788427 -0.733172 0.439480 4.192290
1 inf -7.933163 -0.165166 0.134573 -2.364987 -1.841678 3.265411 0.634137 2.319669 -0.540431 0.250353 2.727617 0.023403 10.574378 -0.791379 -0.694073 0.429239 4.195241
1 inf -7.914152 -0.146245 0.187422 -2.416620 -1.847402 3.227410 0.605141 2.296369 -0.507638 0.260976 2.722437 0.028248 10.588104 -0.729358 -0.698667 0.385843 4.202911
1 inf -7.912290 -0.146804 0.194681 -2.426761 -1.892719 3.215037 0.614113 2.316556 -0.486174 0.281528 2.764307 0.005480 10.606949 -0.742519 -0.671993 0.409406 4.209391
1 inf -7.940463 -0.125381 0.192542 -2.403112 -1.900453 3.242035 0.587052 2.353620 -0.504147 0.286121 2.732473 0.044776 10.628067 -0.771802 -0.672357 0.443838 4.208908
1 inf -7.937958 -0.189041 0.163946 -2.389521 -1.918359 3.231108 0.580039 2.323533 -0.516406 0.261958 2.742309 0.040302 10.618577 -0.778966 -0.676629 0.457548 4.212727
1 inf -7.985533 -0.184376 0.172520 -2.420711 -1.930881 3.246862 0.589238 2.325493 -0.466836 0.211327 2.751105 0.021252 10.597918 -0.758610 -0.677673 0.446194 4.194537
1 inf -7.971365 -0.163274 0.206341 -2.436952 -1.919790 3.261227 0.608772 2.362672 -0.448822 0.244702 2.742937 0.018707 10.608150 -0.776468 -0.681526 0.453609 4.193273
1 inf -7.958819 -0.158333 0.194499 -2.429101 -1.942996 3.284080 0.589332 2.364901 -0.495247 0.207315 2.730680 -0.012791 10.615524 -0.739203 -0.679420 0.425710 4.161796
1 inf -7.929135 -0.143938 0.226929 -2.450326 -1.907760 3.294016 0.591357 2.344262 -0.515122 0.218102 2.733328 -0.061197 10.589516 -0.746051 -0.677370 0.395463 4.146149
1 inf -7.940198 -0.147894 0.258790 -2.473215 -1.918023 3.287499 0.565088 2.342931 -0.515702 0.216160 2.771838 -0.069009 10.553338 -0.720141 -0.705819 0.395196 4.158879
1 inf -7.934932 -0.153786 0.247085 -2.473905 -1.946068 3.265004 0.554213 2.356867 -0.517862 0.196680 2.741701 -0.058868 10.531171 -0.733008 -0.707403 0.408192 4.165993
1 inf -7.918943 -0.167906 0.251961 -2.454452 -1.916849 3.255140 0.557377 2.323466 -0.527724 0.175358 2.751686 -0.072514 10.503070 -0.751357 -0.727691 0.410478 4.180802
1 inf -7.889112 -0.185827 0.240539 -2.439189 -1.967245 3.240250 0.560476 2.330810 -0.524245 0.167803 2.759491 -0.047864 10.494184 -0.771950 -0.756692 0.402216 4.174814
1 inf -7.875616 -0.160498 0.271607 -2.421526 -1.947998 3.223974 0.559287 2.318398 -0.528891 0.170986 2.750714 -0.057181 10.492091 -0.789612 -0.787666 0.419777 4.196516
1 inf -7.836954 -0.161029 0.255741 -2.426539 -1.989053 3.182704 0.544532 2.334775 -0.525804 0.169145 2.737200 -0.052530 10.492590 -0.799766 -0.797870 0.439357 4.197256
1 inf -7.808836 -0.210067 0.284678 -2.423696 -1.988068 3.189489 0.539687 2.336393 -0.522847 0.202098 2.783414 -0.051586 10.520826 -0.834256 -0.831867 0.455863 4.215409
1 inf -7.808372 -0.237659 0.265408 -2.395565 -1.979597 3.253968 0.520273 2.345619 -0.526435 0.185632 2.771372 -0.058503 10.501680 -0.800039 -0.815228 0.400877 4.259177
1 inf -7.853721 -0.282246 0.256702 -2.425350 -1.977341 3.287862 0.548872 2.301094 -0.535193 0.203343 2.792009 -0.094393 10.503839 -0.825838 -0.793859 0.433054 4.258443
1 inf -7.850257 -0.269798 0.263235 -2.433931 -1.965173 3.303599 0.522927 2.287152 -0.555056 0.217174 2.767983 -0.073179 10.552323 -0.828758 -0.781194 0.437910 4.248809
1 inf -7.832990 -0.250914 0.279314 -2.423998 -1.938082 3.289873 0.464663 2.311781 -0.556802 0.231867 2.765280 -0.076663 10.545366 -0.816239 -0.792373 0.418585 4.222388
1 inf -7.819592 -0.274415 0.267315 -2.464291 -1.926877 3.266523 0.456165 2.298464 -0.566649 0.232956 2.773358 -0.068641 10.533723 -0.805151 -0.815116 0.444220 4.196348
1 inf -7.789495 -0.264942 0.282962 -2.444765 -1.914209 3.256364 0.463636 2.306870 -0.587418 0.249973 2.796484 -0.082893 10.544930 -0.793715 -0.851533 0.454969 4.166701
1 inf -7.771928 -0.245714 0.268885 -2.447874 -1.888412 3.225878 0.475227 2.310772 -0.608568 0.241831 2.815915 -0.057139 10.587872 -0.810592 -0.819995 0.512616 4.164432
1 inf -7.811438 -0.213709 0.284948 -2.432039 -1.922733 3.221655 0.454248 2.316374 -0.638649 0.229042 2.795638 -0.051524 10.583768 -0.755826 -0.816646 0.511595 4.143688
1 inf -7.840876 -0.201275 0.297398 -2.423681 -1.916449 3.269022 0.467154 2.303935 -0.646120 0.219680 2.782831 -0.031708 10.558450 -0.806893 -0.800357 0.540321 4.146474
1 inf -7.853058 -0.203847 0.294799 -2.446347 -1.924852 3.284338 0.435021 2.292247 -0.672541 0.216367 2.752409 -0.067063 10.566511 -0.830158 -0.808124 0.544266 4.170299
1 inf -7.839205 -0.194660 0.296954 -2.441760 -1.901154 3.300563 0.441701 2.290262 -0.670123 0.227672 2.723177 -0.038992 10.575556 -0.805501 -0.804704 0.541269 4.140913
1 inf -7.835801 -0.207758 0.271248 -2.450034 -1.933088 3.310316 0.478983 2.262763 -0.692464 0.240016 2.755021 -0.041634 10.574244 -0.796040 -0.799497 0.548302 4.142844
1 inf -7.835214 -0.153275 0.263413 -2.455232 -1.970614 3.291965 0.502211 2.262598 -0.690200 0.243797 2.783978 -0.037614 10.600808 -0.773769 -0.805374 0.531968 4.132669
1 inf -7.829500 -0.147221 0.249384 -2.461956 -1.966054 3.289755 0.498815 2.276441 -0.719001 0.266938 2.807472 -0.044193 10.589223 -0.713701 -0.842456 0.539045 4.167727
1 inf -7.834281 -0.142022 0.258214 -2.490841 -1.969286 3.270972 0.497858 2.277368 -0.708900 0.269604 2.802389 -0.043629 10.584718 -0.719470 -0.816505 0.524607 4.113867
1 inf -7.828415 -0.137657 0.239604 -2.459714 -1.957650 3.260473 0.468161 2.214432 -0.670973 0.239400 2.784612 -0.048425 10.567229 -0.743421 -0.814090 0.530617 4.134905
1 inf -7.838314 -0.176094 0.262214 -2.479064 -1.959920 3.257693 0.502104 2.209925 -0.672269 0.204960 2.725870 -0.072667 10.576197 -0.740158 -0.801939 0.484045 4.142487
1 inf -7.891582 -0.167597 0.294780 -2.470184 -1.983829 3.259905 0.508792 2.208881 -0.637529 0.232884 2.742597 -0.062991 10.543372 -0.775872 -0.816380 0.462447 4.143049
1 inf -7.846681 -0.178186 0.300640 -2.460093 -1.976981 3.265373 0.506407 2.218542 -0.625020 0.272702 2.763246 -0.050051 10.493238 -0.786963 -0.779880 0.484919 4.145910
1 inf -7.845617 -0.168219 0.253650 -2.458213 -1.982342 3.283827 0.559913 2.233722 -0.630839 0.289883 2.747594 -0.078552 10.501501 -0.752102 -0.768470 0.485663 4.145335
1 inf -7.837163 -0.163581 0.220129 -2.451474 -1.990791 3.289644 0.574060 2.196804 -0.605195 0.307769 2.750065 -0.080970 10.480622 -0.740498 -0.734766 0.464989 4.157194
1 inf -7.827440 -0.164269 0.213171 -2.423537 -1.974997 3.309368 0.572357 2.199091 -0.610393 0.275280 2.781705 -0.039790 10.484425 -0.706585 -0.702449 0.462615 4.198333
1 inf -7.830756 -0.157731 0.203584 -2.416043 -1.959561 3.304873 0.563790 2.205208 -0.646246 0.275748 2.798362 -0.055996 10.496665 -0.697719 -0.690240 0.469274 4.215642
1 inf -7.837340 -0.152536 0.217984 -2.409235 -1.949970 3.312068 0.573312 2.212085 -0.624203 0.297500 2.851142 -0.035103 10.492397 -0.677840 -0.714012 0.464985 4.237338
1 inf -7.826015 -0.156869 0.221277 -2.392721 -1.954623 3.305942 0.567642 2.214992 -0.598450 0.289635 2.844592 -0.047674 10.479393 -0.662265 -0.726429 0.453515 4.221020
1 inf -7.829621 -0.137912 0.242503 -2.362482 -1.967040 3.294042 0.582838 2.193758 -0.628396 0.279179 2.795160 -0.045807 10.515903 -0.647353 -0.747448 0.457574 4.197051
1 inf -7.797877 -0.089356 0.239020 -2.362254 -1.937118 3.303002 0.574431 2.170816 -0.637746 0.272979 2.812476 -0.037954 10.521492 -0.652190 -0.762281 0.434161 4.147489
1 inf -7.801113 -0.083153 0.244444 -2.373722 -1.945989 3.307594 0.558984 2.196891 -0.632607 0.270506 2.822581 -0.030351 10.508668 -0.675423 -0.778958 0.451870 4.119449
1 inf -7.818447 -0.110177 0.226433 -2.360735 -1.962569 3.285650 0.594432 2.203294 -0.640392 0.267389 2.847621 0.006404 10.488904 -0.687107 -0.755676 0.448139 4.090677
1 inf -7.808697 -0.093117 0.252532 -2.358404 -1.976223 3.320951 0.585020 2.148523 -0.645323 0.272039 2.881736 0.000445 10.493020 -0.686551 -0.728397 0.429736 4.085719
1 inf -7.818374 -0.084764 0.261758 -2.347216 -1.994205 3.319756 0.601470 2.127424 -0.662928 0.285006 2.881974 -0.014207 10.520861 -0.652032 -0.715094 0.462661 4.104921
1 inf -7.810163 -0.128472 0.282609 -2.337395 -1.972561 3.340755 0.606555 2.128925 -0.678939 0.255363 2.886378 -0.002336 10.505627 -0.633951 -0.720654 0.477679 4.075728
1 inf -7.793533 -0.133470 0.241044 -2.335667 -1.989389 3.312085 0.604423 2.153290 -0.685873 0.270961 2.874800 0.032834 10.513895 -0.653086 -0.731668 0.504339 4.067309
1 inf -7.838971 -0.160938 0.224745 -2.326184 -1.989039 3.321540 0.562273 2.168180 -0.697715 0.257646 2.915773 0.020780 10.531730 -0.639288 -0.725489 0.520470 4.073856
1 inf -7.819924 -0.185051 0.194819 -2.277429 -1.973235 3.303703 0.555870 2.174064 -0.681655 0.261836 2.898385 0.016173 10.503456 -0.639238 -0.743535 0.536136 4.111016
1 inf -7.862183 -0.165808 0.168293 -2.289972 -1.950935 3.284841 0.557179 2.149601 -0.665779 0.259282 2.881135 -0.020307 10.524536 -0.625114 -0.743086 0.532517 4.106166
1 inf -7.883210 -0.171357 0.165936 -2.289006 -1.933513 3.243239 0.568382 2.179159 -0.669926 0.267812 2.868639 -0.022912 10.518283 -0.593619 -0.770150 0.531418 4.112731
1 inf -7.852771 -0.191820 0.170469 -2.304407 -1.960940 3.237704 0.575912 2.175630 -0.661500 0.265095 2.824930 -0.033089 10.511364 -0.582447 -0.776450 0.535537 4.109919
1 inf -7.862318 -0.180985 0.148365 -2.277314 -1.964126 3.250240 0.591830 2.169247 -0.649487 0.216268 2.801954 -0.066436 10.502089 -0.598056 -0.783609 0.499629 4.146800
1 inf -7.872368 -0.207110 0.119585 -2.292654 -1.965441 3.254807 0.592606 2.144958 -0.646015 0.241581 2.805105 -0.036364 10.523931 -0.567679 -0.775014 0.483254 4.093886
1 inf -7.865643 -0.197238 0.135062 -2.289449 -1.986097 3.290487 0.610089 2.145542 -0.628629 0.259536 2.790590 -0.044300 10.528820 -0.580126 -0.786037 0.439889 4.115048
1 inf -7.863320 -0.203220 0.159613 -2.302126 -1.977506 3.304596 0.596188 2.160759 -0.606767 0.256101 2.747609 -0.028647 10.546387 -0.597987 -0.760637 0.427697 4.140854
1 inf -7.856544 -0.186654 0.215465 -2.304139 -1.967149 3.276979 0.592122 2.174265 -0.605011 0.274601 2.750230 -0.007267 10.581106 -0.608771 -0.748227 0.444585 4.168522
1 inf -7.888000 -0.177384 0.213476 -2.319947 -1.977622 3.245910 0.616220 2.197866 -0.582098 0.300073 2.741686 0.024334 10.553902 -0.612246 -0.702696 0.466193 4.183128
1 inf -7.879476 -0.177510 0.175759 -2.353215 -1.957675 3.247247 0.638831 2.181843 -0.589309 0.238354 2.736178 0.002564 10.570391 -0.621086 -0.733447 0.488091 4.169059
1 inf -7.912297 -0.145784 0.172034 -2.373063 -1.976078 3.238179 0.644782 2.157931 -0.583836 0.270172 2.730310 0.034632 10.591748 -0.590708 -0.726694 0.496372 4.176681
1 inf -7.962848 -0.130400 0.141164 -2.347773 -1.946145 3.207703 0.639545 2.166700 -0.608361 0.274474 2.724607 0.035559 10.593146 -0.614544 -0.727384 0.478300 4.209489
1 inf -7.960837 -0.129945 0.136910 -2.365580 -1.958539 3.188137 0.640320 2.215613 -0.609222 0.283998 2.736556 0.012131 10.607141 -0.632901 -0.703872 0.500083 4.189167
1 inf -7.961787 -0.156902 0.132817 -2.383239 -1.968349 3.175308 0.606095 2.217831 -0.603198 0.266280 2.690558 0.031334 10.611545 -0.654240 -0.709891 0.505131 4.177251
1 inf -7.957342 -0.136104 0.125737 -2.389606 -1.953003 3.178699 0.653809 2.218770 -0.584226 0.249617 2.662586 0.042936 10.598876 -0.651179 -0.773691 0.457230 4.168784
1 inf -7.986803 -0.156503 0.112874 -2.376014 -1.962442 3.194082 0.642764 2.219267 -0.567767 0.232363 2.653601 0.010616 10.583051 -0.645886 -0.771509 0.451593 4.166894
1 inf -7.946224 -0.139465 0.094838 -2.382520 -1.922045 3.198051 0.657831 2.220406 -0.561423 0.222925 2.656825 0.025333 10.512878 -0.650665 -0.770326 0.445108 4.126797
1 inf -7.945967 -0.156999 0.104504 -2.392569 -1.876081 3.243163 0.679790 2.216957 -0.571400 0.240097 2.643532 0.015466 10.456756 -0.653868 -0.795932 0.450005 4.115272
1 inf -7.952423 -0.155874 0.117134 -2.378181 -1.894525 3.253075 0.681790 2.199548 -0.560394 0.204131 2.675715 0.036392 10.448252 -0.638115 -0.756321 0.455109 4.136399
1 inf -7.951426 -0.186791 0.108644 -2.385431 -1.917432 3.233928 0.668073 2.196739 -0.563783 0.167643 2.700777 0.053118 10.475046 -0.659633 -0.775397 0.472986 4.143231
1 inf -7.931275 -0.183450 0.125797 -2.404736 -1.911012 3.231310 0.649455 2.187030 -0.560963 0.174174 2.714899 0.056647 10.500291 -0.622796 -0.771122 0.444400 4.160915
1 inf -7.921168 -0.162522 0.142336 -2.420679 -1.850839 3.252428 0.622211 2.183403 -0.535402 0.163755 2.693656 0.021054 10.519510 -0.629127 -0.794346 0.442870 4.152157
1 inf -7.908291 -0.182307 0.126394 -2.427318 -1.827671 3.207853 0.630972 2.165771 -0.571635 0.150517 2.678514 0.014084 10.509783 -0.618718 -0.784773 0.444690 4.124376
1 inf -7.881172 -0.167297 0.123280 -2.413159 -1.805218 3.194058 0.603968 2.200113 -0.637633 0.157220 2.697902 0.015889 10.490734 -0.618413 -0.751604 0.457315 4.106553
1 inf -7.882806 -0.192316 0.086139 -2.411001 -1.796643 3.206528 0.648924 2.203514 -0.661230 0.157555 2.702602 0.039288 10.531778 -0.598045 -0.763895 0.431092 4.120031
1 inf -7.852635 -0.162722 0.060303 -2.421081 -1.783360 3.220246 0.677952 2.172397 -0.691284 0.168468 2.714145 0.049266 10.546937 -0.579682 -0.790915 0.445082 4.154969
1 inf -7.907458 -0.147238 0.096994 -2.420278 -1.795577 3.277694 0.672167 2.195414 -0.682336 0.150866 2.732472 0.043786 10.551399 -0.570158 -0.810050 0.433338 4.143773
1 inf -7.864574 -0.136240 0.058025 -2.437989 -1.808165 3.272355 0.662017 2.160568 -0.689175 0.151205 2.701423 0.041009 10.548589 -0.587255 -0.794187 0.399695 4.130699
1 inf -7.860103 -0.149474 0.056391 -2.478713 -1.805598 3.279062 0.676527 2.141999 -0.662647 0.181275 2.697390 0.051169 10.578541 -0.632796 -0.791102 0.374483 4.125468
1 inf -7.871592 -0.137559 0.034196 -2.500775 -1.830491 3.238157 0.670931 2.144072 -0.659157 0.174662 2.697595 0.044916 10.596425 -0.646965 -0.816733 0.354280 4.135192
1 inf -7.885887 -0.114658 0.019811 -2.487117 -1.822497 3.229291 0.660193 2.165111 -0.659256 0.176875 2.693697 0.036378 10.545568 -0.694243 -0.794467 0.354248 4.149562
1 inf -7.885328 -0.100032 0.007120 -2.509946 -1.859007 3.211000 0.690701 2.186626 -0.636104 0.173688 2.669323 0.007654 10.495350 -0.679658 -0.767135 0.357737 4.151544
1 inf -7.892915 -0.083062 0.023145 -2.480132 -1.844430 3.207665 0.674847 2.226914 -0.624713 0.188510 2.696152 0.020886 10.486639 -0.656648 -0.776265 0.333438 4.138265
1 inf -7.908833 -0.099773 0.052323 -2.475297 -1.832281 3.207696 0.643705 2.235316 -0.603952 0.192396 2.718071 0.017857 10.467014 -0.651733 -0.750837 0.309930 4.134113
1 inf -7.878692 -0.078465 0.057599 -2.498538 -1.808617 3.200138 0.601595 2.239988 -0.579938 0.200800 2.738269 -0.014520 10.492796 -0.665545 -0.770688 0.298129 4.155775
1 inf -7.908735 -0.065576 0.040055 -2.488173 -1.841169 3.171279 0.591829 2.255486 -0.587648 0.206052 2.741027 -0.011441 10.459351 -0.678321 -0.759080 0.294418 4.179681
1 inf -7.911333 -0.081096 0.020190 -2.456387 -1.842161 3.139560 0.565374 2.276620 -0.656355 0.237737 2.730803 -0.005124 10.476687 -0.662069 -0.756720 0.287203 4.148825
1 inf -7.942384 -0.098726 -0.009336 -2.444424 -1.851092 3.157147 0.555633 2.301669 -0.605356 0.223097 2.734608 -0.019893 10.474179 -0.638956 -0.761983 0.275474 4.132318
1 inf -7.962681 -0.130294 -0.019103 -2.455225 -1.850517 3.131402 0.541597 2.329426 -0.622794 0.210012 2.768527 0.026738 10.489361 -0.654912 -0.741531 0.271467 4.125171
1 inf -7.951871 -0.125795 -0.044200 -2.466337 -1.820382 3.132078 0.546630 2.356917 -0.642816 0.220336 2.776676 0.044477 10.498519 -0.648725 -0.739910 0.272438 4.148403
1 inf -7.964819 -0.144692 -0.061714 -2.429840 -1.836011 3.125756 0.553768 2.348200 -0.616021 0.223840 2.750684 0.007243 10.519380 -0.636609 -0.741328 0.276375 4.163013
1 inf -7.986336 -0.140979 -0.060906 -2.403146 -1.790104 3.112369 0.543393 2.379640 -0.601761 0.287437 2.779707 0.007158 10.499580 -0.632095 -0.736809 0.276037 4.175862
1 inf -7.959412 -0.091323 -0.058194 -2.396538 -1.788426 3.141161 0.557898 2.388170 -0.594968 0.262477 2.796551 0.049538 10.534130 -0.636457 -0.745682 0.290835 4.180580
1 inf -7.963237 -0.055714 -0.069191 -2.393230 -1.838450 3.141413 0.542059 2.348482 -0.581778 0.259114 2.798567 0.036654 10.503894 -0.618042 -0.752552 0.289753 4.192898
1 inf -7.966017 -0.080476 -0.097916 -2.401373 -1.839658 3.123826 0.526197 2.349375 -0.587203 0.312035 2.803823 0.022799 10.506910 -0.602044 -0.765868 0.320970 4.187386
1 inf -7.952521 -0.055147 -0.066848 -2.383710 -1.820411 3.107550 0.525008 2.336963 -0.591849 0.315218 2.795046 0.013482 10.504817 -0.619706 -0.796842 0.338531 4.209088
1 inf -7.936661 -0.041817 -0.069668 -2.388815 -1.829773 3.120963 0.560307 2.349146 -0.581301 0.289120 2.796290 0.010926 10.483590 -0.610294 -0.794504 0.347024 4.246447
1 inf -7.911173 -0.037902 -0.069567 -2.400701 -1.819362 3.118855 0.566531 2.378010 -0.582483 0.285369 2.826865 0.036317 10.476392 -0.618117 -0.780808 0.341156 4.254351
1 inf -7.909203 -0.028537 -0.082770 -2.399928 -1.815445 3.121739 0.604878 2.341977 -0.569614 0.297262 2.798166 0.026679 10.461210 -0.610501 -0.825122 0.297072 4.250882
1 inf -7.904958 -0.028520 -0.066855 -2.404045 -1.836672 3.102024 0.572506 2.355898 -0.553065 0.291176 2.818746 0.053344 10.429879 -0.610181 -0.827775 0.283414 4.207402
1 inf -7.886817 -0.052929 -0.053421 -2.409663 -1.832247 3.066282 0.549796 2.325544 -0.590990 0.307209 2.823611 0.050999 10.387926 -0.628942 -0.827563 0.295774 4.189968
1 inf -7.903694 -0.024828 -0.080991 -2.433198 -1.871922 3.122296 0.512426 2.349879 -0.590292 0.326367 2.850202 0.058745 10.378655 -0.609285 -0.817657 0.277234 4.184222
1 inf -7.940066 -0.028215 -0.102031 -2.430054 -1.854211 3.107789 0.508772 2.357437 -0.582015 0.341310 2.830982 0.079070 10.370690 -0.556990 -0.792225 0.254216 4.169903
1 inf -7.971274 -0.038034 -0.085123 -2.436860 -1.860546 3.117267 0.528063 2.351387 -0.582166 0.345804 2.784180 0.070073 10.376174 -0.566899 -0.778302 0.262938 4.147661
1 inf -7.960228 -0.054218 -0.126701 -2.476868 -1.869266 3.110358 0.509511 2.343702 -0.546835 0.325019 2.808194 0.078414 10.354803 -0.533280 -0.778928 0.307969 4.139789
1 inf -7.950851 -0.076163 -0.116496 -2.462436 -1.842789 3.085119 0.507210 2.321281 -0.557418 0.331754 2.819124 0.085268 10.364682 -0.504224 -0.796419 0.302580 4.165404
1 inf -7.955965 -0.068625 -0.161199 -2.462250 -1.832012 3.073897 0.539472 2.346284 -0.515553 0.314589 2.867016 0.105329 10.328256 -0.509846 -0.822793 0.277313 4.154325
1 inf -7.955756 -0.104612 -0.187587 -2.469232 -1.875234 3.077263 0.545919 2.338988 -0.503191 0.301749 2.844915 0.077721 10.335713 -0.579779 -0.798393 0.280826 4.164487
1 inf -7.969606 -0.101872 -0.218822 -2.483286 -1.887815 3.034826 0.533684 2.336097 -0.481604 0.310797 2.885821 0.068517 10.367724 -0.614928 -0.800596 0.257056 4.173387
1 inf -7.988556 -0.086660 -0.231995 -2.483999 -1.883240 3.037101 0.505237 2.307307 -0.469370 0.336045 2.877265 0.051204 10.376987 -0.587391 -0.777421 0.227235 4.133804
1 inf -7.987846 -0.053120 -0.280345 -2.508598 -1.897323 3.014266 0.474585 2.307545 -0.481737 0.322489 2.872570 0.084547 10.401263 -0.612898 -0.765431 0.189569 4.126698
1 inf -7.990974 -0.058490 -0.282801 -2.535504 -1.888304 3.010393 0.452413 2.294109 -0.475887 0.335055 2.865582 0.063062 10.396247 -0.642612 -0.794896 0.205815 4.127092
1 inf -7.982249 -0.104185 -0.268543 -2.506845 -1.932051 2.978852 0.466067 2.334057 -0.457025 0.294933 2.852146 0.055818 10.408045 -0.623320 -0.784686 0.227642 4.146064
1 inf -8.004025 -0.105847 -0.268042 -2.503846 -1.918550 3.002591 0.512670 2.348830 -0.449320 0.264834 2.853732 0.054509 10.416443 -0.632022 -0.741371 0.225173 4.136699
1 inf -8.020541 -0.077917 -0.252300 -2.536539 -1.916727 2.985806 0.520701 2.362877 -0.456225 0.223976 2.886164 0.064174 10.410487 -0.646812 -0.776458 0.243790 4.128258
1 inf -8.023149 -0.090490 -0.244062 -2.532050 -1.940274 3.019527 0.506208 2.354158 -0.495892 0.201530 2.855805 0.064751 10.432717 -0.639120 -0.779280 0.241398 4.083638
1 inf -8.061029 -0.090532 -0.237728 -2.484469 -1.914698 3.016237 0.486397 2.337091 -0.508521 0.229273 2.842149 0.054167 10.476356 -0.679375 -0.750244 0.217992 4.090448
1 inf -8.070150 -0.060820 -0.227972 -2.464549 -1.910610 3.008746 0.489508 2.334607 -0.534569 0.245190 2.829973 0.076218 10.503271 -0.626160 -0.747955 0.189680 4.128779
1 inf -8.087985 -0.063754 -0.236404 -2.469313 -1.906974 3.000921 0.470826 2.339615 -0.525502 0.236093 2.874835 0.062988 10.487701 -0.625039 -0.679719 0.198929 4.130133
1 inf -8.074954 -0.047108 -0.244670 -2.486492 -1.914518 2.988654 0.479862 2.347339 -0.499805 0.260790 2.901891 0.055217 10.496243 -0.614002 -0.652915 0.214864 4.085805
1 inf -8.039908 -0.074307 -0.250549 -2.488068 -1.937513 2.981299 0.480715 2.349690 -0.480999 0.261478 2.883962 0.037318 10.520668 -0.595477 -0.617976 0.201644 4.072596
1 inf -8.028950 -0.084492 -0.257659 -2.464396 -1.911631 2.968175 0.482560 2.308645 -0.464058 0.264622 2.898880 0.035353 10.531088 -0.630795 -0.600309 0.207002 4.087317
1 inf -8.060931 -0.083899 -0.230511 -2.473350 -1.904488 2.931711 0.472547 2.309456 -0.443275 0.244212 2.893818 0.033943 10.532257 -0.652341 -0.602468 0.212053 4.096546
1 inf -8.075689 -0.096908 -0.245408 -2.498821 -1.923576 2.923411 0.438686 2.327178 -0.413264 0.240008 2.907697 0.000702 10.550515 -0.683854 -0.588026 0.217178 4.083488
1 inf -8.085935 -0.071183 -0.211176 -2.478278 -1.913321 2.911573 0.403730 2.348053 -0.424725 0.212857 2.880085 0.010327 10.531828 -0.712048 -0.588165 0.189994 4.101260
1 inf -8.060859 -0.071479 -0.169785 -2.480817 -1.895691 2.929976 0.410448 2.384602 -0.437336 0.226214 2.920768 0.029699 10.582422 -0.722861 -0.562081 0.181018 4.113256
1 inf -8.082540 -0.056578 -0.175779 -2.533311 -1.904575 2.982505 0.404274 2.378520 -0.421286 0.200363 2.915000 0.033718 10.577722 -0.722826 -0.603635 0.185224 4.122021
1 inf -8.095067 -0.035522 -0.203236 -2.534610 -1.937945 2.972314 0.410986 2.371721 -0.405423 0.202054 2.894467 0.045043 10.599523 -0.709454 -0.549846 0.212800 4.136846
1 inf -8.091573 -0.046569 -0.206004 -2.512188 -1.936950 2.961537 0.430115 2.391407 -0.406620 0.169021 2.896888 0.053019 10.564533 -0.690074 -0.553993 0.233821 4.133057
1 inf -8.032162 -0.025420 -0.192580 -2.496170 -1.904952 2.939251 0.410895 2.385125 -0.354739 0.107378 2.899543 0.048188 10.567334 -0.672139 -0.512609 0.252871 4.115409
1 inf -8.013772 -0.008328 -0.223073 -2.513456 -1.908469 2.944250 0.375681 2.371667 -0.401110 0.115946 2.922033 0.065683 10.557282 -0.649389 -0.505445 0.240939 4.128111
1 inf -8.032194 -0.023762 -0.227187 -2.560927 -1.904682 2.919166 0.379392 2.381659 -0.404978 0.080730 2.938151 0.087212 10.544494 -0.645264 -0.510183 0.222054 4.143679
1 inf -8.025986 -0.007732 -0.224251 -2.546647 -1.915711 2.869245 0.424076 2.380499 -0.376036 0.082839 2.912983 0.055803 10.550492 -0.626316 -0.540175 0.238977 4.164619
1 inf -8.057102 -0.009308 -0.239665 -2.538563 -1.921071 2.865126 0.417863 2.404157 -0.347486 0.078085 2.918841 0.065061 10.562883 -0.655419 -0.490355 0.237096 4.144504
1 inf -8.055918 -0.027375 -0.222845 -2.528690 -1.911170 2.911719 0.378484 2.430920 -0.355131 0.081708 2.929907 0.052998 10.534487 -0.652093 -0.503787 0.240296 4.156021
1 inf -8.055401 -0.010707 -0.218521 -2.529468 -1.904212 2.914507 0.370225 2.425139 -0.392209 0.084194 2.936287 0.078134 10.602665 -0.664309 -0.527126 0.230354 4.165738
1 inf -8.071938 -0.007644 -0.236765 -2.519419 -1.926208 2.913044 0.363274 2.441894 -0.407776 0.106635 2.937163 0.064250 10.572214 -0.682358 -0.519998 0.231849 4.210665
1 inf -8.077051 -0.008710 -0.210336 -2.522912 -1.933282 2.919809 0.361227 2.450461 -0.406027 0.100699 2.891715 0.053775 10.574468 -0.696318 -0.493569 0.217883 4.205362
1 inf -8.036377 -0.012158 -0.190600 -2.548398 -1.967127 2.938152 0.370223 2.467755 -0.419192 0.105578 2.904732 0.062020 10.555869 -0.678545 -0.475041 0.200551 4.216803
1 inf -8.024312 -0.076892 -0.225917 -2.553921 -1.917083 2.898899 0.371920 2.449139 -0.429966 0.112346 2.888916 0.059264 10.591452 -0.693210 -0.457899 0.214205 4.240241
1 inf -8.036919 -0.066562 -0.199101 -2.521872 -1.925052 2.858008 0.372756 2.516246 -0.413740 0.118807 2.887161 0.069907 10.595166 -0.675648 -0.468467 0.217327 4.274572
1 inf -8.055717 -0.062849 -0.186711 -2.548548 -1.956261 2.869111 0.367498 2.516724 -0.428724 0.138524 2.911716 0.057551 10.582811 -0.666790 -0.451215 0.223147 4.275693
1 inf -8.038418 -0.038093 -0.204249 -2.566975 -1.980912 2.874234 0.365059 2.525625 -0.476834 0.144908 2.885484 0.025196 10.622264 -0.661037 -0.472682 0.241556 4.270041
1 inf -8.006796 -0.046691 -0.147525 -2.574469 -1.983863 2.859994 0.395054 2.547114 -0.466157 0.153060 2.912977 0.012545 10.625623 -0.625830 -0.435533 0.224136 4.284496
1 inf -7.979281 -0.050351 -0.122240 -2.565414 -1.992372 2.834778 0.378834 2.507064 -0.490588 0.154357 2.905158 0.012976 10.621836 -0.623054 -0.414524 0.255512 4.256674
1 inf -7.982107 -0.028556 -0.148333 -2.552759 -1.970297 2.830949 0.387943 2.460820 -0.478689 0.087474 2.903009 0.017400 10.649617 -0.619156 -0.412554 0.278008 4.230227
1 inf -8.020065 -0.002960 -0.127502 -2.545662 -1.942874 2.833461 0.402287 2.456130 -0.423129 0.105536 2.861405 -0.017320 10.653686 -0.609612 -0.429474 0.272885 4.224464
1 inf -8.011991 -0.019237 -0.138977 -2.580736 -1.930370 2.802306 0.395233 2.455485 -0.433411 0.062892 2.867111 -0.016442 10.649811 -0.624068 -0.393460 0.261890 4.211615
1 inf -8.027006 -0.043366 -0.119638 -2.627938 -1.925433 2.784838 0.360655 2.455603 -0.427873 0.087696 2.837040 0.015365 10.610847 -0.620213 -0.392579 0.273059 4.186020
1 inf -8.041253 -0.017514 -0.138638 -2.626509 -1.880425 2.765405 0.373073 2.457611 -0.445916 0.095328 2.878178 -0.008750 10.559525 -0.587174 -0.423873 0.316676 4.217710
1 inf -8.061478 -0.024146 -0.115798 -2.561155 -1.856770 2.725590 0.350977 2.453108 -0.469330 0.089898 2.876989 0.005860 10.585720 -0.635036 -0.417137 0.325406 4.194865
1 inf -8.056903 -0.015684 -0.158487 -2.601407 -1.859681 2.748815 0.344352 2.475923 -0.474011 0.089403 2.863535 0.015399 10.577793 -0.626222 -0.402824 0.336838 4.171762
1 inf -8.072033 -0.043516 -0.163774 -2.572886 -1.853853 2.756150 0.333420 2.432484 -0.487608 0.091985 2.860883 0.024450 10.579389 -0.627535 -0.397896 0.303029 4.152926
1 inf -8.091445 -0.043456 -0.141385 -2.626958 -1.859150 2.745665 0.324254 2.436386 -0.500457 0.104131 2.876413 -0.000593 10.613169 -0.621363 -0.392655 0.292579 4.126697
1 inf -8.083612 -0.036971 -0.191378 -2.611059 -1.846023 2.773261 0.334776 2.410244 -0.496701 0.081287 2.895678 0.004942 10.603147 -0.613589 -0.436358 0.314483 4.138399
1 inf -8.086357 -0.051112 -0.183278 -2.612553 -1.869162 2.770781 0.343633 2.430395 -0.488125 0.079481 2.925258 0.054870 10.626335 -0.622743 -0.412355 0.320549 4.123267
1 inf -8.128818 -0.047269 -0.178958 -2.602666 -1.913621 2.761260 0.348540 2.450929 -0.540186 0.078091 2.948434 0.048411 10.620296 -0.600549 -0.383469 0.281374 4.106902
1 inf -8.133836 -0.057832 -0.138708 -2.581507 -1.966057 2.775629 0.363994 2.481225 -0.535403 0.095010 2.974176 0.040616 10.690109 -0.638012 -0.380824 0.279145 4.079395
1 inf -8.136872 -0.060156 -0.109750 -2.578310 -1.956634 2.763440 0.363766 2.482473 -0.483147 0.083624 2.987565 0.042231 10.673975 -0.633887 -0.361629 0.276242 4.066257
1 inf -8.127808 -0.035898 -0.108548 -2.559063 -1.946839 2.724903 0.381366 2.492763 -0.477141 0.089660 2.967011 0.065966 10.663398 -0.611138 -0.394164 0.268701 4.090289
1 inf -8.103078 -0.022949 -0.118393 -2.573059 -1.989508 2.726899 0.399957 2.489385 -0.456334 0.063599 2.941846 0.027712 10.662330 -0.631696 -0.375880 0.288057 4.070066
1 inf -8.069942 -0.016423 -0.096635 -2.575909 -1.977483 2.701733 0.409736 2.514805 -0.464187 0.066351 2.954988 0.041960 10.630862 -0.626554 -0.396609 0.291365 4.105076
1 inf -8.090979 -0.012906 -0.104870 -2.534742 -1.951253 2.676481 0.416693 2.526401 -0.463723 0.098426 2.953062 0.028378 10.620760 -0.597104 -0.379931 0.305126 4.149608
1 296.38329 -8.108307 -0.009456 -0.098814 -2.510131 -1.916347 2.694951 0.413724 2.545551 -0.460667 0.097305 2.927637 -0.001514 10.615080 -0.624124 -0.385378 0.241814 4.147321
1 296.38329 -8.108307 -0.009456 -0.098814 -2.510131 -1.916347 2.694951 0.413724 2.545551 -0.460667 0.097305 2.927637 -0.001514 10.615080 -0.624124 -0.385378 0.241814 4.147321
1 290.24638 -8.090752 -0.030012 -0.093773 -2.535258 -1.896325 2.700699 0.412610 2.611510 -0.466756 0.082863 2.909734 -0.012136 10.605250 -0.617870 -0.389646 0.259379 4.168555
1 290.24638 -8.090752 -0.030012 -0.093773 -2.535258 -1.896325 2.700699 0.412610 2.611510 -0.466756 0.082863 2.909734 -0.012136 10.605250 -0.617870 -0.389646 0.259379 4.168555
1 236.5098 -8.076947 -0.015421 -0.079879 -2.535880 -1.868321 2.705514 0.458152 2.643924 -0.456162 0.120752 2.947925 -0.021031 10.553675 -0.631291 -0.360820 0.265968 4.191836
1 236.5098 -8.076947 -0.015421 -0.079879 -2.535880 -1.868321 2.705514 0.458152 2.643924 -0.456162 0.120752 2.947925 -0.021031 10.553675 -0.631291 -0.360820 0.265968 4.191836
1 236.5098 -8.076947 -0.015421 -0.079879 -2.535880 -1.868321 2.705514 0.458152 2.643924 -0.456162 0.120752 2.947925 -0.021031 10.553675 -0.631291 -0.360820 0.265968 4.191836
1 209.78027 -8.070763 -0.030775 -0.064232 -2.514546 -1.864894 2.715870 0.484672 2.667653 -0.421119 0.111395 2.896489 -0.016530 10.560492 -0.633763 -0.359346 0.284667 4.193791
1 199.753 -8.100156 -0.018741 -0.068287 -2.531109 -1.839654 2.719147 0.478125 2.652240 -0.352850 0.109186 2.869502 -0.021776 10.574324 -0.568612 -0.359806 0.338176 4.215252
1 199.753 -8.100156 -0.018741 -0.068287 -2.531109 -1.839654 2.719147 0.478125 2.652240 -0.352850 0.109186 2.869502 -0.021776 10.574324 -0.568612 -0.359806 0.338176 4.215252
1 199.753 -8.100156 -0.018741 -0.068287 -2.531109 -1.839654 2.719147 0.478125 2.652240 -0.352850 0.109186 2.869502 -0.021776 10.574324 -0.568612 -0.359806 0.338176 4.215252
1 182.88425 -8.095462 -0.030781 -0.029016 -2.533227 -1.840868 2.742929 0.482815 2.662902 -0.338960 0.126439 2.816967 -0.029688 10.541308 -0.556115 -0.349417 0.302587 4.209595
1 182.88425 -8.095462 -0.030781 -0.029016 -2.533227 -1.840868 2.742929 0.482815 2.662902 -0.338960 0.126439 2.816967 -0.029688 10.541308 -0.556115 -0.349417 0.302587 4.209595
1 180.64108 -8.095922 -0.016513 -0.001038 -2.535642 -1.830661 2.770494 0.486169 2.678088 -0.308634 0.130862 2.829977 -0.024600 10.553455 -0.570171 -0.385066 0.316420 4.212535
1 180.64108 -8.095922 -0.016513 -0.001038 -2.535642 -1.830661 2.770494 0.486169 2.678088 -0.308634 0.130862 2.829977 -0.024600 10.553455 -0.570171 -0.385066 0.316420 4.212535
1 173.2962 -8.134535 -0.008531 0.019176 -2.539878 -1.834673 2.770778 0.533728 2.682880 -0.323085 0.156049 2.884078 -0.068202 10.560659 -0.547138 -0.423588 0.352982 4.230481
1 173.2962 -8.134535 -0.008531 0.019176 -2.539878 -1.834673 2.770778 0.533728 2.682880 -0.323085 0.156049 2.884078 -0.068202 10.560659 -0.547138 -0.423588 0.352982 4.230481
1 173.2962 -8.134535 -0.008531 0.019176 -2.539878 -1.834673 2.770778 0.533728 2.682880 -0.323085 0.156049 2.884078 -0.068202 10.560659 -0.547138 -0.423588 0.352982 4.230481
1 170.45061 -8.148170 -0.024970 0.040958 -2.538711 -1.836324 2.763451 0.547550 2.683997 -0.332271 0.170551 2.885165 -0.052877 10.561109 -0.525247 -0.457154 0.363188 4.245753
1 170.45061 -8.148170 -0.024970 0.040958 -2.538711 -1.836324 2.763451 0.547550 2.683997 -0.332271 0.170551 2.885165 -0.052877 10.561109 -0.525247 -0.457154 0.363188 4.245753
1 170.45061 -8.148170 -0.024970 0.040958 -2.538711 -1.836324 2.763451 0.547550 2.683997 -0.332271 0.170551 2.885165 -0.052877 10.561109 -0.525247 -0.457154 0.363188 4.245753
1 159.93251 -8.163628 -0.041023 0.019095 -2.554159 -1.837470 2.781451 0.565853 2.684834 -0.331458 0.123955 2.887134 -0.052217 10.572847 -0.537318 -0.456047 0.339888 4.270415
1 158.6002 -8.146571 -0.044063 0.037097 -2.524024 -1.869097 2.775104 0.543284 2.700921 -0.327471 0.145858 2.893461 0.002737 10.595637 -0.543014 -0.471301 0.292692 4.296060
1 157.47475 -8.176156 -0.039461 0.031754 -2.529544 -1.862574 2.792216 0.532224 2.723951 -0.335677 0.140291 2.871632 0.028903 10.604861 -0.562146 -0.490420 0.243649 4.297603
1 145.67996 -8.165811 -0.051262 0.065042 -2.487606 -1.863287 2.782830 0.567529 2.734110 -0.337166 0.125504 2.859544 0.013184 10.605345 -0.577172 -0.507861 0.224702 4.307453
1 139.64887 -8.168554 -0.059516 0.070477 -2.500007 -1.861921 2.768734 0.582506 2.697258 -0.320345 0.107725 2.830107 0.020632 10.622644 -0.588695 -0.496938 0.228628 4.292901
1 134.12292 -8.200430 -0.100876 0.032485 -2.511810 -1.830007 2.737634 0.580470 2.703449 -0.321156 0.102418 2.826243 0.008465 10.614577 -0.605889 -0.459391 0.215961 4.269659
1 126.15553 -8.171885 -0.109394 0.071945 -2.526535 -1.844387 2.728443 0.564239 2.736825 -0.286557 0.072681 2.847613 -0.014529 10.620900 -0.632931 -0.477504 0.200723 4.267360
1 121.4313 -8.167165 -0.127874 0.109305 -2.553269 -1.854211 2.751987 0.583813 2.756785 -0.297433 0.047355 2.855351 -0.004186 10.609129 -0.623950 -0.475161 0.212538 4.238951
1 121.4313 -8.167165 -0.127874 0.109305 -2.553269 -1.854211 2.751987 0.583813 2.756785 -0.297433 0.047355 2.855351 -0.004186 10.609129 -0.623950 -0.475161 0.212538 4.238951
1 114.80876 -8.145546 -0.141408 0.086762 -2.597759 -1.831475 2.750515 0.613778 2.747185 -0.286233 0.026106 2.840064 -0.037236 10.597516 -0.549490 -0.446671 0.213424 4.227370
1 110.69446 -8.135095 -0.153129 0.093574 -2.572685 -1.827183 2.764887 0.606272 2.770969 -0.270567 0.048722 2.887519 -0.048565 10.603649 -0.528476 -0.478015 0.238292 4.273626
1 92.241185 -8.156345 -0.147180 0.095052 -2.543547 -1.834392 2.783427 0.573684 2.779714 -0.224979 0.041372 2.933862 -0.051703 10.565910 -0.510564 -0.503270 0.215942 4.271640
1 70.462728 -8.134944 -0.108665 0.114250 -2.524384 -1.846963 2.748696 0.555418 2.808756 -0.152406 0.036616 2.960651 -0.053743 10.543830 -0.527979 -0.496139 0.238729 4.279360
1 68.074271 -8.135719 -0.061442 0.128152 -2.511270 -1.830713 2.746251 0.561713 2.792677 -0.127068 0.018082 2.974489 -0.046260 10.556546 -0.526272 -0.545722 0.235240 4.286551
1 68.074271 -8.135719 -0.061442 0.128152 -2.511270 -1.830713 2.746251 0.561713 2.792677 -0.127068 0.018082 2.974489 -0.046260 10.556546 -0.526272 -0.545722 0.235240 4.286551
1 68.074271 -8.135719 -0.061442 0.128152 -2.511270 -1.830713 2.746251 0.561713 2.792677 -0.127068 0.018082 2.974489 -0.046260 10.556546 -0.526272 -0.545722 0.235240 4.286551
1 68.074271 -8.135719 -0.061442 0.128152 -2.511270 -1.830713 2.746251 0.561713 2.792677 -0.127068 0.018082 2.974489 -0.046260 10.556546 -0.526272 -0.545722 0.235240 4.286551
1 60.799684 -8.119882 -0.067071 0.086563 -2.496027 -1.828074 2.736863 0.541331 2.836755 -0.114775 0.015896 2.955337 -0.064083 10.526547 -0.545028 -0.528902 0.235582 4.260906
1 55.624902 -8.105243 -0.052619 0.098804 -2.522870 -1.818935 2.707241 0.532132 2.858961 -0.117796 0.035546 2.981251 -0.080222 10.499119 -0.524433 -0.536679 0.231469 4.286945
1 55.624902 -8.105243 -0.052619 0.098804 -2.522870 -1.818935 2.707241 0.532132 2.858961 -0.117796 0.035546 2.981251 -0.080222 10.499119 -0.524433 -0.536679 0.231469 4.286945
1 55.624902 -8.105243 -0.052619 0.098804 -2.522870 -1.818935 2.707241 0.532132 2.858961 -0.117796 0.035546 2.981251 -0.080222 10.499119 -0.524433 -0.536679 0.231469 4.286945
1 55.624902 -8.105243 -0.052619 0.098804 -2.522870 -1.818935 2.707241 0.532132 2.858961 -0.117796 0.035546 2.981251 -0.080222 10.499119 -0.524433 -0.536679 0.231469 4.286945
1 55.624902 -8.105243 -0.052619 0.098804 -2.522870 -1.818935 2.707241 0.532132 2.858961 -0.117796 0.035546 2.981251 -0.080222 10.499119 -0.524433 -0.536679 0.231469 4.286945
1 55.624902 -8.105243 -0.052619 0.098804 -2.522870 -1.818935 2.707241 0.532132 2.858961 -0.117796 0.035546 2.981251 -0.080222 10.499119 -0.524433 -0.536679 0.231469 4.286945
1 55.624902 -8.105243 -0.052619 0.098804 -2.522870 -1.818935 2.707241 0.532132 2.858961 -0.117796 0.035546 2.981251 -0.080222 10.499119 -0.524433 -0.536679 0.231469 4.286945
1 55.624902 -8.105243 -0.052619 0.098804 -2.522870 -1.818935 2.707241 0.532132 2.858961 -0.117796 0.035546 2.981251 -0.080222 10.499119 -0.524433 -0.536679 0.231469 4.286945
1 55.624902 -8.105243 -0.052619 0.098804 -2.522870 -1.818935 2.707241 0.532132 2.858961 -0.117796 0.035546 2.981251 -0.080222 10.499119 -0.524433 -0.536679 0.231469 4.286945
1 55.624902 -8.105243 -0.052619 0.098804 -2.522870 -1.818935 2.707241 0.532132 2.858961 -0.117796 0.035546 2.981251 -0.080222 10.499119 -0.524433 -0.536679 0.231469 4.286945
1 55.624902 -8.105243 -0.052619 0.098804 -2.522870 -1.818935 2.707241 0.532132 2.858961 -0.117796 0.035546 2.981251 -0.080222 10.499119 -0.524433 -0.536679 0.231469 4.286945
1 55.293671 -8.120051 -0.056599 0.120574 -2.549091 -1.799856 2.709257 0.537993 2.886342 -0.104759 0.028863 2.976602 -0.086866 10.489856 -0.521439 -0.538461 0.254681 4.294524
1 55.293671 -8.120051 -0.056599 0.120574 -2.549091 -1.799856 2.709257 0.537993 2.886342 -0.104759 0.028863 2.976602 -0.086866 10.489856 -0.521439 -0.538461 0.254681 4.294524
1 55.293671 -8.120051 -0.056599 0.120574 -2.549091 -1.799856 2.709257 0.537993 2.886342 -0.104759 0.028863 2.976602 -0.086866 10.489856 -0.521439 -0.538461 0.254681 4.294524
1 55.293671 -8.120051 -0.056599 0.120574 -2.549091 -1.799856 2.709257 0.537993 2.886342 -0.104759 0.028863 2.976602 -0.086866 10.489856 -0.521439 -0.538461 0.254681 4.294524
1 56.986411 -8.109900 -0.031550 0.104533 -2.575905 -1.797524 2.711597 0.524515 2.837315 -0.078271 0.058892 2.998738 -0.071370 10.472133 -0.528243 -0.547465 0.278331 4.291647
1 54.716224 -8.147794 -0.006139 0.110702 -2.590370 -1.777819 2.731195 0.544332 2.871222 -0.101601 0.034850 2.987128 -0.079077 10.473654 -0.568440 -0.546711 0.293094 4.257774
1 54.716224 -8.147794 -0.006139 0.110702 -2.590370 -1.777819 2.731195 0.544332 2.871222 -0.101601 0.034850 2.987128 -0.079077 10.473654 -0.568440 -0.546711 0.293094 4.257774
1 53.250608 -8.156956 -0.012351 0.113728 -2.584133 -1.784893 2.732860 0.522692 2.909379 -0.131176 0.039385 2.968345 -0.069202 10.449182 -0.559469 -0.563090 0.287325 4.260243
1 53.250608 -8.156956 -0.012351 0.113728 -2.584133 -1.784893 2.732860 0.522692 2.909379 -0.131176 0.039385 2.968345 -0.069202 10.449182 -0.559469 -0.563090 0.287325 4.260243
1 51.235434 -8.136228 -0.033923 0.114653 -2.612968 -1.744976 2.718053 0.505147 2.917757 -0.138864 0.089642 2.933325 -0.091374 10.398723 -0.593507 -0.570602 0.270579 4.285879
1 51.047108 -8.132977 -0.018425 0.143679 -2.614621 -1.742329 2.718827 0.469135 2.941320 -0.121218 0.112352 2.930244 -0.081900 10.379732 -0.587138 -0.551135 0.231386 4.280829
1 51.047108 -8.132977 -0.018425 0.143679 -2.614621 -1.742329 2.718827 0.469135 2.941320 -0.121218 0.112352 2.930244 -0.081900 10.379732 -0.587138 -0.551135 0.231386 4.280829
1 51.047108 -8.132977 -0.018425 0.143679 -2.614621 -1.742329 2.718827 0.469135 2.941320 -0.121218 0.112352 2.930244 -0.081900 10.379732 -0.587138 -0.551135 0.231386 4.280829
1 51.047108 -8.132977 -0.018425 0.143679 -2.614621 -1.742329 2.718827 0.469135 2.941320 -0.121218 0.112352 2.930244 -0.081900 10.379732 -0.587138 -0.551135 0.231386 4.280829
1 47.948075 -8.143040 -0.038090 0.154290 -2.598283 -1.718023 2.709190 0.508544 2.930975 -0.095332 0.088020 2.938376 -0.096838 10.346583 -0.584282 -0.533519 0.237427 4.294005
1 46.07423 -8.098922 -0.027482 0.130389 -2.616445 -1.663717 2.710780 0.515935 2.923810 -0.101036 0.097948 2.955657 -0.103871 10.316359 -0.512231 -0.549830 0.262062 4.264434
1 46.07423 -8.098922 -0.027482 0.130389 -2.616445 -1.663717 2.710780 0.515935 2.923810 -0.101036 0.097948 2.955657 -0.103871 10.316359 -0.512231 -0.549830 0.262062 4.264434
1 44.118264 -8.115750 -0.030859 0.122239 -2.605867 -1.679736 2.719298 0.500452 2.941813 -0.105443 0.088416 2.943105 -0.140914 10.312004 -0.514467 -0.587031 0.300041 4.281003
1 44.118264 -8.115750 -0.030859 0.122239 -2.605867 -1.679736 2.719298 0.500452 2.941813 -0.105443 0.088416 2.943105 -0.140914 10.312004 -0.514467 -0.587031 0.300041 4.281003
1 44.118264 -8.115750 -0.030859 0.122239 -2.605867 -1.679736 2.719298 0.500452 2.941813 -0.105443 0.088416 2.943105 -0.140914 10.312004 -0.514467 -0.587031 0.300041 4.281003
1 44.118264 -8.115750 -0.030859 0.122239 -2.605867 -1.679736 2.719298 0.500452 2.941813 -0.105443 0.088416 2.943105 -0.140914 10.312004 -0.514467 -0.587031 0.300041 4.281003
1 44.118264 -8.115750 -0.030859 0.122239 -2.605867 -1.679736 2.719298 0.500452 2.941813 -0.105443 0.088416 2.943105 -0.140914 10.312004 -0.514467 -0.587031 0.300041 4.281003
1 44.118264 -8.115750 -0.030859 0.122239 -2.605867 -1.679736 2.719298 0.500452 2.941813 -0.105443 0.088416 2.943105 -0.140914 10.312004 -0.514467 -0.587031 0.300041 4.281003
1 44.118264 -8.115750 -0.030859 0.122239 -2.605867 -1.679736 2.719298 0.500452 2.941813 -0.105443 0.088416 2.943105 -0.140914 10.312004 -0.514467 -0.587031 0.300041 4.281003
1 44.118264 -8.115750 -0.030859 0.122239 -2.605867 -1.679736 2.719298 0.500452 2.941813 -0.105443 0.088416 2.943105 -0.140914 10.312004 -0.514467 -0.587031 0.300041 4.281003
1 44.118264 -8.115750 -0.030859 0.122239 -2.605867 -1.679736 2.719298 0.500452 2.941813 -0.105443 0.088416 2.943105 -0.140914 10.312004 -0.514467 -0.587031 0.300041 4.281003
1 44.118264 -8.115750 -0.030859 0.122239 -2.605867 -1.679736 2.719298 0.500452 2.941813 -0.105443 0.088416 2.943105 -0.140914 10.312004 -0.514467 -0.587031 0.300041 4.281003
1 44.118264 -8.115750 -0.030859 0.122239 -2.605867 -1.679736 2.719298 0.500452 2.941813 -0.105443 0.088416 2.943105 -0.140914 10.312004 -0.514467 -0.587031 0.300041 4.281003
1 44.118264 -8.115750 -0.030859 0.122239 -2.605867 -1.679736 2.719298 0.500452 2.941813 -0.105443 0.088416 2.943105 -0.140914 10.312004 -0.514467 -0.587031 0.300041 4.281003
1 44.118264 -8.115750 -0.030859 0.122239 -2.605867 -1.679736 2.719298 0.500452 2.941813 -0.105443 0.088416 2.943105 -0.140914 10.312004 -0.514467 -0.587031 0.300041 4.281003
1 44.118264 -8.115750 -0.030859 0.122239 -2.605867 -1.679736 2.719298 0.500452 2.941813 -0.105443 0.088416 2.943105 -0.140914 10.312004 -0.514467 -0.587031 0.300041 4.281003
1 44.118264 -8.115750 -0.030859 0.122239 -2.605867 -1.679736 2.719298 0.500452 2.941813 -0.105443 0.088416 2.943105 -0.140914 10.312004 -0.514467 -0.587031 0.300041 4.281003
1 44.118264 -8.115750 -0.030859 0.122239 -2.605867 -1.679736 2.719298 0.500452 2.941813 -0.105443 0.088416 2.943105 -0.140914 10.312004 -0.514467 -0.587031 0.300041 4.281003
1 44.118264 -8.115750 -0.030859 0.122239 -2.605867 -1.679736 2.719298 0.500452 2.941813 -0.105443 0.088416 2.943105 -0.140914 10.312004 -0.514467 -0.587031 0.300041 4.281003
1 44.118264 -8.115750 -0.030859 0.122239 -2.605867 -1.679736 2.719298 0.500452 2.941813 -0.105443 0.088416 2.943105 -0.140914 10.312004 -0.514467 -0.587031 0.300041 4.281003
1 44.118264 -8.115750 -0.030859 0.122239 -2.605867 -1.679736 2.719298 0.500452 2.941813 -0.105443 0.088416 2.943105 -0.140914 10.312004 -0.514467 -0.587031 0.300041 4.281003
1 44.118264 -8.115750 -0.030859 0.122239 -2.605867 -1.679736 2.719298 0.500452 2.941813 -0.105443 0.088416 2.943105 -0.140914 10.312004 -0.514467 -0.587031 0.300041 4.281003
1 44.118264 -8.115750 -0.030859 0.122239 -2.605867 -1.679736 2.719298 0.500452 2.941813 -0.105443 0.088416 2.943105 -0.140914 10.312004 -0.514467 -0.587031 0.300041 4.281003
1 44.118264 -8.115750 -0.030859 0.122239 -2.605867 -1.679736 2.719298 0.500452 2.941813 -0.105443 0.088416 2.943105 -0.140914 10.312004 -0.514467 -0.587031 0.300041 4.281003
1 44.118264 -8.115750 -0.030859 0.122239 -2.605867 -1.679736 2.719298 0.500452 2.941813 -0.105443 0.088416 2.943105 -0.140914 10.312004 -0.514467 -0.587031 0.300041 4.281003
1 44.118264 -8.115750 -0.030859 0.122239 -2.605867 -1.679736 2.719298 0.500452 2.941813 -0.105443 0.088416 2.943105 -0.140914 10.312004 -0.514467 -0.587031 0.300041 4.281003
1 44.118264 -8.115750 -0.030859 0.122239 -2.605867 -1.679736 2.719298 0.500452 2.941813 -0.105443 0.088416 2.943105 -0.140914 10.312004 -0.514467 -0.587031 0.300041 4.281003
1 44.118264 -8.115750 -0.030859 0.122239 -2.605867 -1.679736 2.719298 0.500452 2.941813 -0.105443 0.088416 2.943105 -0.140914 10.312004 -0.514467 -0.587031 0.300041 4.281003
1 44.118264 -8.115750 -0.030859 0.122239 -2.605867 -1.679736 2.719298 0.500452 2.941813 -0.105443 0.088416 2.943105 -0.140914 10.312004 -0.514467 -0.587031 0.300041 4.281003
1 44.118264 -8.115750 -0.030859 0.122239 -2.605867 -1.679736 2.719298 0.500452 2.941813 -0.105443 0.088416 2.943105 -0.140914 10.312004 -0.514467 -0.587031 0.300041 4.281003
1 44.118264 -8.115750 -0.030859 0.122239 -2.605867 -1.679736 2.719298 0.500452 2.941813 -0.105443 0.088416 2.943105 -0.140914 10.312004 -0.514467 -0.587031 0.300041 4.281003
1 44.118264 -8.115750 -0.030859 0.122239 -2.605867 -1.679736 2.719298 0.500452 2.941813 -0.105443 0.088416 2.943105 -0.140914 10.312004 -0.514467 -0.587031 0.300041 4.281003
1 44.118264 -8.115750 -0.030859 0.122239 -2.605867 -1.679736 2.719298 0.500452 2.941813 -0.105443 0.088416 2.943105 -0.140914 10.312004 -0.514467 -0.587031 0.300041 4.281003
1 44.118264 -8.115750 -0.030859 0.122239 -2.605867 -1.679736 2.719298 0.500452 2.941813 -0.105443 0.088416 2.943105 -0.140914 10.312004 -0.514467 -0.587031 0.300041 4.281003
1 44.118264 -8.115750 -0.030859 0.122239 -2.605867 -1.679736 2.719298 0.500452 2.941813 -0.105443 0.088416 2.943105 -0.140914 10.312004 -0.514467 -0.587031 0.300041 4.281003
1 44.118264 -8.115750 -0.030859 0.122239 -2.605867 -1.679736 2.719298 0.500452 2.941813 -0.105443 0.088416 2.943105 -0.140914 10.312004 -0.514467 -0.587031 0.300041 4.281003
1 44.118264 -8.115750 -0.030859 0.122239 -2.605867 -1.679736 2.719298 0.500452 2.941813 -0.105443 0.088416 2.943105 -0.140914 10.312004 -0.514467 -0.587031 0.300041 4.281003
1 44.118264 -8.115750 -0.030859 0.122239 -2.605867 -1.679736 2.719298 0.500452 2.941813 -0.105443 0.088416 2.943105 -0.140914 10.312004 -0.514467 -0.587031 0.300041 4.281003
1 44.118264 -8.115750 -0.030859 0.122239 -2.605867 -1.679736 2.719298 0.500452 2.941813 -0.105443 0.088416 2.943105 -0.140914 10.312004 -0.514467 -0.587031 0.300041 4.281003
1 44.118264 -8.115750 -0.030859 0.122239 -2.605867 -1.679736 2.719298 0.500452 2.941813 -0.105443 0.088416 2.943105 -0.140914 10.312004 -0.514467 -0.587031 0.300041 4.281003
1 44.118264 -8.115750 -0.030859 0.122239 -2.605867 -1.679736 2.719298 0.500452 2.941813 -0.105443 0.088416 2.943105 -0.140914 10.312004 -0.514467 -0.587031 0.300041 4.281003
1 44.118264 -8.115750 -0.030859 0.122239 -2.605867 -1.679736 2.719298 0.500452 2.941813 -0.105443 0.088416 2.943105 -0.140914 10.312004 -0.514467 -0.587031 0.300041 4.281003
