1 inf -8.295941 -0.655808 0.122277 -2.345867 -1.529657 3.035312 -0.366753 2.533029 0.277334 0.621363 2.735765 -0.502599 10.181941 -1.158772 -0.241967 0.068003 3.693197
1 inf -8.295286 -0.658605 0.139625 -2.352064 -1.496752 3.011120 -0.332421 2.523275 0.274876 0.594206 2.736235 -0.504648 10.166587 -1.132882 -0.211937 0.107634 3.700372
1 inf -8.246137 -0.641045 0.104412 -2.357299 -1.536458 3.015464 -0.365774 2.502186 0.253946 0.629822 2.746112 -0.520310 10.177099 -1.110097 -0.230748 0.166078 3.701410
1 inf -8.262512 -0.637671 0.132610 -2.374513 -1.546200 3.015957 -0.359600 2.499829 0.246164 0.645393 2.719994 -0.533026 10.147604 -1.118576 -0.218741 0.177845 3.713305
1 inf -8.265494 -0.597351 0.120904 -2.350025 -1.551068 3.037468 -0.365684 2.528656 0.207708 0.652378 2.737298 -0.525478 10.145601 -1.148733 -0.234228 0.195102 3.718067
1 inf -8.276596 -0.574932 0.106711 -2.388019 -1.529254 3.040478 -0.393300 2.519340 0.227780 0.651056 2.746132 -0.504739 10.166077 -1.125931 -0.226234 0.193874 3.708367
1 inf -8.302935 -0.575078 0.098537 -2.411413 -1.528451 3.026272 -0.372201 2.482568 0.249462 0.649157 2.715485 -0.519596 10.160161 -1.118686 -0.179876 0.203897 3.743939
1 inf -8.270196 -0.573171 0.103391 -2.407333 -1.544797 3.027127 -0.346876 2.477199 0.252434 0.620457 2.713214 -0.487519 10.201623 -1.146765 -0.185244 0.217968 3.753642
1 inf -8.267933 -0.542634 0.103626 -2.429366 -1.507800 3.040773 -0.332517 2.526099 0.260946 0.578856 2.650576 -0.507432 10.199409 -1.103516 -0.146218 0.224459 3.766058
1 inf -8.254630 -0.520376 0.078825 -2.477054 -1.488811 3.014995 -0.369229 2.556838 0.268968 0.571902 2.603045 -0.494729 10.179101 -1.111757 -0.148446 0.207658 3.789839
1 inf -8.261706 -0.536905 0.085157 -2.510610 -1.466606 3.019256 -0.362708 2.555567 0.281912 0.571663 2.612573 -0.511920 10.231315 -1.133738 -0.152504 0.159525 3.764112
1 inf -8.257318 -0.565794 0.078140 -2.512523 -1.500310 3.013466 -0.369144 2.559020 0.250250 0.574780 2.590900 -0.519446 10.213980 -1.124893 -0.181349 0.140561 3.759413
1 inf -8.266433 -0.545264 0.076663 -2.494866 -1.479670 3.007063 -0.377619 2.534684 0.292630 0.573979 2.601845 -0.525706 10.216815 -1.140293 -0.202984 0.090450 3.754470
1 inf -8.278687 -0.558375 0.062120 -2.505847 -1.483652 3.002528 -0.399798 2.543312 0.296845 0.583642 2.596921 -0.531634 10.184402 -1.171727 -0.230134 0.138794 3.788938
1 inf -8.309700 -0.541251 0.059033 -2.504744 -1.437859 2.988006 -0.375881 2.586983 0.296790 0.577407 2.609654 -0.527620 10.196960 -1.160249 -0.197120 0.155121 3.761979
1 inf -8.294593 -0.539846 0.036098 -2.521736 -1.444570 2.962083 -0.330202 2.589169 0.289965 0.574670 2.625315 -0.512021 10.201657 -1.156192 -0.222150 0.171462 3.795064
1 inf -8.274938 -0.538321 0.027777 -2.532621 -1.423989 2.961355 -0.304836 2.578703 0.276003 0.579318 2.668247 -0.486621 10.209427 -1.144183 -0.242170 0.212594 3.786149
1 inf -8.282265 -0.529120 0.014102 -2.529202 -1.446364 2.990982 -0.317541 2.580893 0.299310 0.597262 2.645556 -0.528839 10.190661 -1.147807 -0.226238 0.194397 3.770387
1 inf -8.260194 -0.523720 0.046043 -2.516122 -1.442955 3.022319 -0.304824 2.573897 0.334223 0.601417 2.645525 -0.515890 10.194020 -1.115444 -0.240600 0.237675 3.817386
1 inf -8.253525 -0.541100 0.041686 -2.549195 -1.441677 3.070663 -0.316753 2.587876 0.332972 0.639735 2.592245 -0.516607 10.185392 -1.112588 -0.266520 0.241140 3.816761
1 inf -8.253263 -0.531945 0.065755 -2.601717 -1.467568 3.042638 -0.299849 2.586919 0.304618 0.664250 2.585528 -0.569697 10.183010 -1.077373 -0.278852 0.234081 3.824723
1 inf -8.275050 -0.509208 0.038859 -2.587185 -1.473273 3.035318 -0.305802 2.578920 0.300285 0.687294 2.570708 -0.583397 10.144594 -1.072548 -0.246988 0.243918 3.795262
1 inf -8.257488 -0.480440 0.025298 -2.591855 -1.459390 3.076737 -0.290256 2.591966 0.280999 0.691754 2.564268 -0.560779 10.121465 -1.048131 -0.216582 0.211838 3.804686
1 inf -8.251490 -0.517738 -0.008226 -2.585336 -1.445540 3.091280 -0.322994 2.557974 0.263178 0.722487 2.538348 -0.543697 10.135180 -1.054782 -0.184739 0.220255 3.813315
1 inf -8.224904 -0.529305 0.005434 -2.577719 -1.464393 3.088444 -0.328326 2.563157 0.245609 0.721617 2.532882 -0.511675 10.136000 -1.049789 -0.159914 0.212971 3.754419
1 inf -8.232017 -0.526259 0.019252 -2.569205 -1.457776 3.085079 -0.327649 2.559226 0.236585 0.698904 2.539366 -0.531639 10.126648 -1.056080 -0.180468 0.214146 3.786900
1 inf -8.250360 -0.519303 0.020219 -2.598217 -1.470209 3.052350 -0.348082 2.540704 0.258545 0.717351 2.555093 -0.529582 10.129538 -1.047233 -0.210599 0.192007 3.798949
1 inf -8.247586 -0.477276 0.006025 -2.610921 -1.497731 3.020576 -0.356697 2.541631 0.224408 0.685278 2.575859 -0.537011 10.097116 -1.022560 -0.186220 0.248181 3.812618
1 inf -8.257879 -0.479482 0.011964 -2.611865 -1.495769 3.030203 -0.422211 2.549418 0.232039 0.651720 2.547478 -0.555316 10.065531 -1.037343 -0.199232 0.254462 3.804593
1 inf -8.249840 -0.506845 0.030393 -2.577196 -1.469550 3.033774 -0.449466 2.552459 0.242017 0.676508 2.507810 -0.549454 10.069746 -1.059544 -0.201126 0.245918 3.768965
1 inf -8.217114 -0.539149 0.068325 -2.592498 -1.511834 3.054158 -0.450711 2.563139 0.258583 0.654973 2.502950 -0.531150 10.091436 -1.078392 -0.206169 0.260593 3.765709
1 inf -8.237935 -0.535757 0.074398 -2.599155 -1.511532 3.085858 -0.461531 2.545608 0.283125 0.648911 2.548197 -0.540126 10.132100 -1.073489 -0.224120 0.295800 3.784765
1 inf -8.232450 -0.490193 0.075303 -2.549555 -1.554989 3.065919 -0.464834 2.562724 0.289332 0.626338 2.541723 -0.454944 10.154244 -1.100536 -0.230418 0.280763 3.764114
1 inf -8.220928 -0.488990 0.087879 -2.564732 -1.565864 3.051261 -0.502235 2.541684 0.259441 0.683687 2.550035 -0.461731 10.154505 -1.079989 -0.264911 0.333024 3.761949
1 inf -8.190442 -0.464387 0.087234 -2.597854 -1.560466 3.069661 -0.508591 2.525838 0.258543 0.681219 2.539662 -0.465141 10.167869 -1.068092 -0.235583 0.365896 3.756687
1 inf -8.173971 -0.463324 0.114546 -2.617348 -1.569287 3.105362 -0.470493 2.530803 0.244971 0.705424 2.533345 -0.471902 10.172568 -1.054148 -0.205398 0.392619 3.740069
1 inf -8.174080 -0.449149 0.135384 -2.590773 -1.599868 3.136567 -0.501073 2.519151 0.230959 0.676791 2.505148 -0.427801 10.192546 -1.038653 -0.218364 0.419843 3.744931
1 inf -8.179628 -0.431995 0.147669 -2.618423 -1.593796 3.100088 -0.541093 2.542117 0.276536 0.664143 2.517517 -0.431777 10.193457 -1.048683 -0.205434 0.459895 3.715409
1 inf -8.165173 -0.417678 0.157254 -2.621265 -1.566730 3.076747 -0.539273 2.552825 0.258399 0.632258 2.501727 -0.415926 10.228867 -1.046975 -0.167779 0.481465 3.720571
1 inf -8.187407 -0.442414 0.144665 -2.607833 -1.533170 3.061416 -0.554501 2.566863 0.262318 0.659556 2.502773 -0.458667 10.236936 -1.033248 -0.179090 0.480526 3.712221
1 inf -8.202934 -0.410187 0.115947 -2.625472 -1.531571 3.050713 -0.582841 2.561311 0.268633 0.686500 2.503061 -0.500762 10.268692 -1.026288 -0.170331 0.452697 3.725740
1 inf -8.217763 -0.435550 0.121161 -2.621286 -1.568962 3.043705 -0.572133 2.588970 0.271690 0.689406 2.514991 -0.500354 10.263662 -1.023346 -0.165539 0.431012 3.748925
1 inf -8.201760 -0.405615 0.159103 -2.590862 -1.553756 3.043914 -0.546831 2.561765 0.255029 0.716375 2.518766 -0.510393 10.295455 -1.046267 -0.167636 0.417313 3.805740
1 inf -8.165362 -0.350031 0.159899 -2.633779 -1.584559 3.054944 -0.531937 2.551384 0.252780 0.730439 2.522171 -0.507636 10.288061 -1.022370 -0.185618 0.425932 3.801351
1 inf -8.158101 -0.347397 0.208122 -2.618179 -1.606911 3.020428 -0.533849 2.558947 0.263383 0.736730 2.526925 -0.523256 10.298321 -1.029529 -0.163177 0.435465 3.791778
1 inf -8.194553 -0.382920 0.212928 -2.607400 -1.607424 3.012734 -0.556779 2.531979 0.277984 0.712761 2.523980 -0.519290 10.316759 -1.046233 -0.167155 0.436731 3.801047
1 inf -8.182741 -0.398643 0.240392 -2.625597 -1.606779 3.014845 -0.517778 2.568936 0.279647 0.708719 2.549259 -0.510405 10.327207 -1.051897 -0.175993 0.423028 3.796846
1 inf -8.139413 -0.423872 0.231771 -2.645748 -1.605881 3.012654 -0.498798 2.543390 0.232444 0.739105 2.556792 -0.506361 10.301531 -1.031319 -0.210760 0.446837 3.820315
1 inf -8.146526 -0.420826 0.245589 -2.637234 -1.599264 3.009289 -0.498121 2.539459 0.223420 0.716392 2.563276 -0.526325 10.292179 -1.037610 -0.231314 0.448012 3.852796
1 inf -8.154482 -0.462438 0.257159 -2.620487 -1.625059 3.034905 -0.489089 2.567731 0.181242 0.717928 2.586397 -0.545646 10.305022 -1.008542 -0.211809 0.427053 3.867461
1 inf -8.177947 -0.456059 0.282134 -2.611808 -1.641439 3.019563 -0.495857 2.599412 0.176473 0.720376 2.570328 -0.513745 10.299020 -1.019175 -0.174207 0.408075 3.890151
1 inf -8.172292 -0.442591 0.248537 -2.649527 -1.678826 3.042762 -0.490349 2.590373 0.177986 0.704935 2.538176 -0.514319 10.283711 -1.044508 -0.187541 0.408408 3.907903
1 inf -8.138148 -0.424977 0.265937 -2.666646 -1.720639 3.022048 -0.484434 2.602442 0.152234 0.665910 2.546215 -0.487876 10.302206 -0.990473 -0.174611 0.407041 3.929657
1 inf -8.169542 -0.455722 0.274480 -2.647449 -1.716466 2.993080 -0.488945 2.561275 0.158153 0.621922 2.546688 -0.474258 10.325542 -0.981595 -0.191594 0.397185 3.949855
1 inf -8.124758 -0.465622 0.256335 -2.642537 -1.715936 2.994279 -0.441974 2.553668 0.181824 0.619755 2.550906 -0.485977 10.344078 -0.991225 -0.182398 0.375772 3.927217
1 inf -8.117027 -0.467236 0.253564 -2.642148 -1.703772 3.005350 -0.434772 2.543371 0.172392 0.639867 2.559879 -0.492365 10.353604 -1.021043 -0.189772 0.372749 3.888102
1 inf -8.109543 -0.453453 0.261054 -2.643196 -1.709946 2.988361 -0.443732 2.587135 0.184197 0.648658 2.559856 -0.472204 10.324758 -0.998964 -0.208175 0.376318 3.884858
1 inf -8.108473 -0.450289 0.267949 -2.629471 -1.714063 2.927180 -0.447089 2.601350 0.200706 0.643186 2.549191 -0.435110 10.288140 -1.002768 -0.167046 0.384316 3.872611
1 inf -8.106684 -0.468536 0.254127 -2.629188 -1.725906 2.930741 -0.475929 2.612150 0.207128 0.660682 2.571450 -0.404253 10.317275 -0.998248 -0.190856 0.342017 3.854678
1 inf -8.085157 -0.475186 0.221846 -2.608767 -1.716343 2.929689 -0.491119 2.586123 0.224184 0.720916 2.573659 -0.395479 10.342649 -0.979365 -0.201392 0.367022 3.839702
1 inf -8.079168 -0.439950 0.197151 -2.625030 -1.723210 2.959777 -0.489723 2.599745 0.264593 0.745379 2.545045 -0.430035 10.377499 -0.933496 -0.200524 0.342751 3.823713
1 inf -8.093427 -0.452130 0.215179 -2.626705 -1.731937 2.971260 -0.530160 2.634532 0.272355 0.793456 2.571715 -0.450278 10.347997 -0.880214 -0.246027 0.322705 3.820456
1 inf -8.117799 -0.462280 0.213585 -2.645547 -1.738479 2.986277 -0.466412 2.641386 0.254115 0.782095 2.556384 -0.486599 10.340492 -0.879392 -0.275308 0.301493 3.816230
1 inf -8.136264 -0.420421 0.189889 -2.608547 -1.747769 2.945409 -0.444720 2.658888 0.258457 0.825622 2.520802 -0.511342 10.334548 -0.929009 -0.265069 0.300718 3.787869
1 inf -8.123949 -0.432791 0.200619 -2.609352 -1.769087 2.933077 -0.420732 2.636106 0.248638 0.808844 2.499234 -0.505707 10.327946 -0.958723 -0.251423 0.289450 3.783476
1 inf -8.087485 -0.437335 0.220420 -2.581204 -1.752818 2.923619 -0.351815 2.647932 0.276613 0.765154 2.505053 -0.488006 10.323368 -0.966790 -0.239308 0.265663 3.785858
1 inf -8.079889 -0.423409 0.254281 -2.575228 -1.762049 2.924770 -0.370159 2.668862 0.290213 0.772408 2.528598 -0.491028 10.319432 -0.974956 -0.243465 0.264156 3.780813
1 inf -8.091640 -0.401266 0.278722 -2.572309 -1.748748 2.914425 -0.372385 2.657220 0.276799 0.769370 2.524237 -0.488952 10.310449 -0.942236 -0.241382 0.288741 3.743734
1 inf -8.093388 -0.414243 0.268076 -2.588965 -1.744622 2.904053 -0.379209 2.636866 0.283523 0.760257 2.542850 -0.503332 10.278652 -0.938570 -0.240866 0.307021 3.750123
1 inf -8.076821 -0.406660 0.264731 -2.587247 -1.709797 2.916309 -0.371934 2.630191 0.268512 0.737137 2.517957 -0.514679 10.276906 -0.954709 -0.235133 0.324898 3.745812
1 inf -8.055861 -0.385455 0.278921 -2.612075 -1.677651 2.953364 -0.399604 2.630188 0.260876 0.729186 2.543555 -0.485181 10.317366 -0.936722 -0.224702 0.348177 3.732914
1 inf -8.053912 -0.396559 0.264229 -2.639023 -1.661934 2.991664 -0.414469 2.611128 0.230557 0.719168 2.594957 -0.465700 10.340358 -0.942701 -0.235540 0.342671 3.750885
1 inf -8.061025 -0.393513 0.278047 -2.630509 -1.655317 2.988299 -0.413792 2.607197 0.221533 0.696455 2.601441 -0.485664 10.331006 -0.948992 -0.256094 0.343846 3.783366
1 inf -8.068009 -0.409603 0.276604 -2.629882 -1.657724 2.964081 -0.397414 2.619751 0.217086 0.692039 2.630787 -0.486299 10.321733 -0.968160 -0.255712 0.328003 3.769130
1 inf -8.068672 -0.411967 0.273199 -2.652252 -1.651802 2.953453 -0.428335 2.656124 0.225877 0.731230 2.609230 -0.487377 10.340798 -0.946243 -0.239372 0.292439 3.743672
1 inf -8.083375 -0.424300 0.239114 -2.667249 -1.640189 2.951275 -0.439765 2.652447 0.236592 0.735659 2.595774 -0.491579 10.382304 -0.883935 -0.219380 0.302541 3.746238
1 inf -8.064594 -0.451472 0.261899 -2.647290 -1.651350 2.946975 -0.410914 2.653027 0.264317 0.711348 2.576250 -0.484324 10.357968 -0.876999 -0.232917 0.298385 3.770465
1 inf -8.057066 -0.452416 0.267493 -2.627528 -1.606266 2.935849 -0.433520 2.627748 0.279503 0.728579 2.567946 -0.458389 10.314396 -0.879796 -0.211613 0.290336 3.789968
1 300.72949 -8.081938 -0.461052 0.264727 -2.637198 -1.550236 2.894965 -0.430185 2.652975 0.267778 0.765680 2.573409 -0.425314 10.332480 -0.848543 -0.212990 0.283221 3.808350
1 300.72949 -8.081938 -0.461052 0.264727 -2.637198 -1.550236 2.894965 -0.430185 2.652975 0.267778 0.765680 2.573409 -0.425314 10.332480 -0.848543 -0.212990 0.283221 3.808350
1 300.72949 -8.081938 -0.461052 0.264727 -2.637198 -1.550236 2.894965 -0.430185 2.652975 0.267778 0.765680 2.573409 -0.425314 10.332480 -0.848543 -0.212990 0.283221 3.808350
1 300.72949 -8.081938 -0.461052 0.264727 -2.637198 -1.550236 2.894965 -0.430185 2.652975 0.267778 0.765680 2.573409 -0.425314 10.332480 -0.848543 -0.212990 0.283221 3.808350
1 289.20236 -8.078089 -0.479738 0.229825 -2.645777 -1.575994 2.919683 -0.416119 2.646504 0.264252 0.782301 2.582856 -0.415993 10.326363 -0.850887 -0.223073 0.266811 3.824767
1 289.20236 -8.078089 -0.479738 0.229825 -2.645777 -1.575994 2.919683 -0.416119 2.646504 0.264252 0.782301 2.582856 -0.415993 10.326363 -0.850887 -0.223073 0.266811 3.824767
1 289.20236 -8.078089 -0.479738 0.229825 -2.645777 -1.575994 2.919683 -0.416119 2.646504 0.264252 0.782301 2.582856 -0.415993 10.326363 -0.850887 -0.223073 0.266811 3.824767
1 289.20236 -8.078089 -0.479738 0.229825 -2.645777 -1.575994 2.919683 -0.416119 2.646504 0.264252 0.782301 2.582856 -0.415993 10.326363 -0.850887 -0.223073 0.266811 3.824767
1 289.20236 -8.078089 -0.479738 0.229825 -2.645777 -1.575994 2.919683 -0.416119 2.646504 0.264252 0.782301 2.582856 -0.415993 10.326363 -0.850887 -0.223073 0.266811 3.824767
1 289.20236 -8.078089 -0.479738 0.229825 -2.645777 -1.575994 2.919683 -0.416119 2.646504 0.264252 0.782301 2.582856 -0.415993 10.326363 -0.850887 -0.223073 0.266811 3.824767
1 289.20236 -8.078089 -0.479738 0.229825 -2.645777 -1.575994 2.919683 -0.416119 2.646504 0.264252 0.782301 2.582856 -0.415993 10.326363 -0.850887 -0.223073 0.266811 3.824767
1 289.20236 -8.078089 -0.479738 0.229825 -2.645777 -1.575994 2.919683 -0.416119 2.646504 0.264252 0.782301 2.582856 -0.415993 10.326363 -0.850887 -0.223073 0.266811 3.824767
1 289.20236 -8.078089 -0.479738 0.229825 -2.645777 -1.575994 2.919683 -0.416119 2.646504 0.264252 0.782301 2.582856 -0.415993 10.326363 -0.850887 -0.223073 0.266811 3.824767
1 289.20236 -8.078089 -0.479738 0.229825 -2.645777 -1.575994 2.919683 -0.416119 2.646504 0.264252 0.782301 2.582856 -0.415993 10.326363 -0.850887 -0.223073 0.266811 3.824767
1 289.20236 -8.078089 -0.479738 0.229825 -2.645777 -1.575994 2.919683 -0.416119 2.646504 0.264252 0.782301 2.582856 -0.415993 10.326363 -0.850887 -0.223073 0.266811 3.824767
1 289.20236 -8.078089 -0.479738 0.229825 -2.645777 -1.575994 2.919683 -0.416119 2.646504 0.264252 0.782301 2.582856 -0.415993 10.326363 -0.850887 -0.223073 0.266811 3.824767
1 289.20236 -8.078089 -0.479738 0.229825 -2.645777 -1.575994 2.919683 -0.416119 2.646504 0.264252 0.782301 2.582856 -0.415993 10.326363 -0.850887 -0.223073 0.266811 3.824767
1 289.20236 -8.078089 -0.479738 0.229825 -2.645777 -1.575994 2.919683 -0.416119 2.646504 0.264252 0.782301 2.582856 -0.415993 10.326363 -0.850887 -0.223073 0.266811 3.824767
1 289.20236 -8.078089 -0.479738 0.229825 -2.645777 -1.575994 2.919683 -0.416119 2.646504 0.264252 0.782301 2.582856 -0.415993 10.326363 -0.850887 -0.223073 0.266811 3.824767
1 289.20236 -8.078089 -0.479738 0.229825 -2.645777 -1.575994 2.919683 -0.416119 2.646504 0.264252 0.782301 2.582856 -0.415993 10.326363 -0.850887 -0.223073 0.266811 3.824767
1 289.20236 -8.078089 -0.479738 0.229825 -2.645777 -1.575994 2.919683 -0.416119 2.646504 0.264252 0.782301 2.582856 -0.415993 10.326363 -0.850887 -0.223073 0.266811 3.824767
1 289.20236 -8.078089 -0.479738 0.229825 -2.645777 -1.575994 2.919683 -0.416119 2.646504 0.264252 0.782301 2.582856 -0.415993 10.326363 -0.850887 -0.223073 0.266811 3.824767
1 289.20236 -8.078089 -0.479738 0.229825 -2.645777 -1.575994 2.919683 -0.416119 2.646504 0.264252 0.782301 2.582856 -0.415993 10.326363 -0.850887 -0.223073 0.266811 3.824767
1 289.20236 -8.078089 -0.479738 0.229825 -2.645777 -1.575994 2.919683 -0.416119 2.646504 0.264252 0.782301 2.582856 -0.415993 10.326363 -0.850887 -0.223073 0.266811 3.824767
1 289.20236 -8.078089 -0.479738 0.229825 -2.645777 -1.575994 2.919683 -0.416119 2.646504 0.264252 0.782301 2.582856 -0.415993 10.326363 -0.850887 -0.223073 0.266811 3.824767
1 289.20236 -8.078089 -0.479738 0.229825 -2.645777 -1.575994 2.919683 -0.416119 2.646504 0.264252 0.782301 2.582856 -0.415993 10.326363 -0.850887 -0.223073 0.266811 3.824767
1 289.20236 -8.078089 -0.479738 0.229825 -2.645777 -1.575994 2.919683 -0.416119 2.646504 0.264252 0.782301 2.582856 -0.415993 10.326363 -0.850887 -0.223073 0.266811 3.824767
1 289.20236 -8.078089 -0.479738 0.229825 -2.645777 -1.575994 2.919683 -0.416119 2.646504 0.264252 0.782301 2.582856 -0.415993 10.326363 -0.850887 -0.223073 0.266811 3.824767
1 289.20236 -8.078089 -0.479738 0.229825 -2.645777 -1.575994 2.919683 -0.416119 2.646504 0.264252 0.782301 2.582856 -0.415993 10.326363 -0.850887 -0.223073 0.266811 3.824767
1 289.20236 -8.078089 -0.479738 0.229825 -2.645777 -1.575994 2.919683 -0.416119 2.646504 0.264252 0.782301 2.582856 -0.415993 10.326363 -0.850887 -0.223073 0.266811 3.824767
1 289.20236 -8.078089 -0.479738 0.229825 -2.645777 -1.575994 2.919683 -0.416119 2.646504 0.264252 0.782301 2.582856 -0.415993 10.326363 -0.850887 -0.223073 0.266811 3.824767
1 289.20236 -8.078089 -0.479738 0.229825 -2.645777 -1.575994 2.919683 -0.416119 2.646504 0.264252 0.782301 2.582856 -0.415993 10.326363 -0.850887 -0.223073 0.266811 3.824767
1 288.38536 -8.073141 -0.448757 0.230145 -2.619973 -1.568424 2.902081 -0.441898 2.663564 0.251949 0.748457 2.556096 -0.417005 10.327645 -0.850900 -0.234237 0.253015 3.840044
1 288.38536 -8.073141 -0.448757 0.230145 -2.619973 -1.568424 2.902081 -0.441898 2.663564 0.251949 0.748457 2.556096 -0.417005 10.327645 -0.850900 -0.234237 0.253015 3.840044
1 288.38536 -8.073141 -0.448757 0.230145 -2.619973 -1.568424 2.902081 -0.441898 2.663564 0.251949 0.748457 2.556096 -0.417005 10.327645 -0.850900 -0.234237 0.253015 3.840044
1 288.38536 -8.073141 -0.448757 0.230145 -2.619973 -1.568424 2.902081 -0.441898 2.663564 0.251949 0.748457 2.556096 -0.417005 10.327645 -0.850900 -0.234237 0.253015 3.840044
1 288.38536 -8.073141 -0.448757 0.230145 -2.619973 -1.568424 2.902081 -0.441898 2.663564 0.251949 0.748457 2.556096 -0.417005 10.327645 -0.850900 -0.234237 0.253015 3.840044
1 288.38536 -8.073141 -0.448757 0.230145 -2.619973 -1.568424 2.902081 -0.441898 2.663564 0.251949 0.748457 2.556096 -0.417005 10.327645 -0.850900 -0.234237 0.253015 3.840044
1 288.38536 -8.073141 -0.448757 0.230145 -2.619973 -1.568424 2.902081 -0.441898 2.663564 0.251949 0.748457 2.556096 -0.417005 10.327645 -0.850900 -0.234237 0.253015 3.840044
1 288.38536 -8.073141 -0.448757 0.230145 -2.619973 -1.568424 2.902081 -0.441898 2.663564 0.251949 0.748457 2.556096 -0.417005 10.327645 -0.850900 -0.234237 0.253015 3.840044
1 288.38536 -8.073141 -0.448757 0.230145 -2.619973 -1.568424 2.902081 -0.441898 2.663564 0.251949 0.748457 2.556096 -0.417005 10.327645 -0.850900 -0.234237 0.253015 3.840044
1 288.38536 -8.073141 -0.448757 0.230145 -2.619973 -1.568424 2.902081 -0.441898 2.663564 0.251949 0.748457 2.556096 -0.417005 10.327645 -0.850900 -0.234237 0.253015 3.840044
1 288.38536 -8.073141 -0.448757 0.230145 -2.619973 -1.568424 2.902081 -0.441898 2.663564 0.251949 0.748457 2.556096 -0.417005 10.327645 -0.850900 -0.234237 0.253015 3.840044
1 288.38536 -8.073141 -0.448757 0.230145 -2.619973 -1.568424 2.902081 -0.441898 2.663564 0.251949 0.748457 2.556096 -0.417005 10.327645 -0.850900 -0.234237 0.253015 3.840044
1 288.38536 -8.073141 -0.448757 0.230145 -2.619973 -1.568424 2.902081 -0.441898 2.663564 0.251949 0.748457 2.556096 -0.417005 10.327645 -0.850900 -0.234237 0.253015 3.840044
1 288.38536 -8.073141 -0.448757 0.230145 -2.619973 -1.568424 2.902081 -0.441898 2.663564 0.251949 0.748457 2.556096 -0.417005 10.327645 -0.850900 -0.234237 0.253015 3.840044
1 286.92014 -8.036367 -0.418736 0.229983 -2.635294 -1.575654 2.876520 -0.401674 2.673246 0.246368 0.742761 2.564956 -0.428027 10.344578 -0.849337 -0.270707 0.232454 3.835037
1 286.92014 -8.036367 -0.418736 0.229983 -2.635294 -1.575654 2.876520 -0.401674 2.673246 0.246368 0.742761 2.564956 -0.428027 10.344578 -0.849337 -0.270707 0.232454 3.835037
1 286.92014 -8.036367 -0.418736 0.229983 -2.635294 -1.575654 2.876520 -0.401674 2.673246 0.246368 0.742761 2.564956 -0.428027 10.344578 -0.849337 -0.270707 0.232454 3.835037
1 286.92014 -8.036367 -0.418736 0.229983 -2.635294 -1.575654 2.876520 -0.401674 2.673246 0.246368 0.742761 2.564956 -0.428027 10.344578 -0.849337 -0.270707 0.232454 3.835037
1 286.92014 -8.036367 -0.418736 0.229983 -2.635294 -1.575654 2.876520 -0.401674 2.673246 0.246368 0.742761 2.564956 -0.428027 10.344578 -0.849337 -0.270707 0.232454 3.835037
1 286.92014 -8.036367 -0.418736 0.229983 -2.635294 -1.575654 2.876520 -0.401674 2.673246 0.246368 0.742761 2.564956 -0.428027 10.344578 -0.849337 -0.270707 0.232454 3.835037
1 286.92014 -8.036367 -0.418736 0.229983 -2.635294 -1.575654 2.876520 -0.401674 2.673246 0.246368 0.742761 2.564956 -0.428027 10.344578 -0.849337 -0.270707 0.232454 3.835037
1 286.92014 -8.036367 -0.418736 0.229983 -2.635294 -1.575654 2.876520 -0.401674 2.673246 0.246368 0.742761 2.564956 -0.428027 10.344578 -0.849337 -0.270707 0.232454 3.835037
1 286.92014 -8.036367 -0.418736 0.229983 -2.635294 -1.575654 2.876520 -0.401674 2.673246 0.246368 0.742761 2.564956 -0.428027 10.344578 -0.849337 -0.270707 0.232454 3.835037
1 286.92014 -8.036367 -0.418736 0.229983 -2.635294 -1.575654 2.876520 -0.401674 2.673246 0.246368 0.742761 2.564956 -0.428027 10.344578 -0.849337 -0.270707 0.232454 3.835037
1 286.92014 -8.036367 -0.418736 0.229983 -2.635294 -1.575654 2.876520 -0.401674 2.673246 0.246368 0.742761 2.564956 -0.428027 10.344578 -0.849337 -0.270707 0.232454 3.835037
1 286.92014 -8.036367 -0.418736 0.229983 -2.635294 -1.575654 2.876520 -0.401674 2.673246 0.246368 0.742761 2.564956 -0.428027 10.344578 -0.849337 -0.270707 0.232454 3.835037
1 286.92014 -8.036367 -0.418736 0.229983 -2.635294 -1.575654 2.876520 -0.401674 2.673246 0.246368 0.742761 2.564956 -0.428027 10.344578 -0.849337 -0.270707 0.232454 3.835037
1 286.92014 -8.036367 -0.418736 0.229983 -2.635294 -1.575654 2.876520 -0.401674 2.673246 0.246368 0.742761 2.564956 -0.428027 10.344578 -0.849337 -0.270707 0.232454 3.835037
1 286.92014 -8.036367 -0.418736 0.229983 -2.635294 -1.575654 2.876520 -0.401674 2.673246 0.246368 0.742761 2.564956 -0.428027 10.344578 -0.849337 -0.270707 0.232454 3.835037
1 286.92014 -8.036367 -0.418736 0.229983 -2.635294 -1.575654 2.876520 -0.401674 2.673246 0.246368 0.742761 2.564956 -0.428027 10.344578 -0.849337 -0.270707 0.232454 3.835037
1 286.92014 -8.036367 -0.418736 0.229983 -2.635294 -1.575654 2.876520 -0.401674 2.673246 0.246368 0.742761 2.564956 -0.428027 10.344578 -0.849337 -0.270707 0.232454 3.835037
1 286.92014 -8.036367 -0.418736 0.229983 -2.635294 -1.575654 2.876520 -0.401674 2.673246 0.246368 0.742761 2.564956 -0.428027 10.344578 -0.849337 -0.270707 0.232454 3.835037
1 286.92014 -8.036367 -0.418736 0.229983 -2.635294 -1.575654 2.876520 -0.401674 2.673246 0.246368 0.742761 2.564956 -0.428027 10.344578 -0.849337 -0.270707 0.232454 3.835037
1 286.92014 -8.036367 -0.418736 0.229983 -2.635294 -1.575654 2.876520 -0.401674 2.673246 0.246368 0.742761 2.564956 -0.428027 10.344578 -0.849337 -0.270707 0.232454 3.835037
1 286.92014 -8.036367 -0.418736 0.229983 -2.635294 -1.575654 2.876520 -0.401674 2.673246 0.246368 0.742761 2.564956 -0.428027 10.344578 -0.849337 -0.270707 0.232454 3.835037
1 286.92014 -8.036367 -0.418736 0.229983 -2.635294 -1.575654 2.876520 -0.401674 2.673246 0.246368 0.742761 2.564956 -0.428027 10.344578 -0.849337 -0.270707 0.232454 3.835037
1 286.92014 -8.036367 -0.418736 0.229983 -2.635294 -1.575654 2.876520 -0.401674 2.673246 0.246368 0.742761 2.564956 -0.428027 10.344578 -0.849337 -0.270707 0.232454 3.835037
1 286.92014 -8.036367 -0.418736 0.229983 -2.635294 -1.575654 2.876520 -0.401674 2.673246 0.246368 0.742761 2.564956 -0.428027 10.344578 -0.849337 -0.270707 0.232454 3.835037
1 286.92014 -8.036367 -0.418736 0.229983 -2.635294 -1.575654 2.876520 -0.401674 2.673246 0.246368 0.742761 2.564956 -0.428027 10.344578 -0.849337 -0.270707 0.232454 3.835037
1 286.92014 -8.036367 -0.418736 0.229983 -2.635294 -1.575654 2.876520 -0.401674 2.673246 0.246368 0.742761 2.564956 -0.428027 10.344578 -0.849337 -0.270707 0.232454 3.835037
1 286.92014 -8.036367 -0.418736 0.229983 -2.635294 -1.575654 2.876520 -0.401674 2.673246 0.246368 0.742761 2.564956 -0.428027 10.344578 -0.849337 -0.270707 0.232454 3.835037
1 286.92014 -8.036367 -0.418736 0.229983 -2.635294 -1.575654 2.876520 -0.401674 2.673246 0.246368 0.742761 2.564956 -0.428027 10.344578 -0.849337 -0.270707 0.232454 3.835037
1 286.92014 -8.036367 -0.418736 0.229983 -2.635294 -1.575654 2.876520 -0.401674 2.673246 0.246368 0.742761 2.564956 -0.428027 10.344578 -0.849337 -0.270707 0.232454 3.835037
1 286.92014 -8.036367 -0.418736 0.229983 -2.635294 -1.575654 2.876520 -0.401674 2.673246 0.246368 0.742761 2.564956 -0.428027 10.344578 -0.849337 -0.270707 0.232454 3.835037
1 286.92014 -8.036367 -0.418736 0.229983 -2.635294 -1.575654 2.876520 -0.401674 2.673246 0.246368 0.742761 2.564956 -0.428027 10.344578 -0.849337 -0.270707 0.232454 3.835037
1 286.92014 -8.036367 -0.418736 0.229983 -2.635294 -1.575654 2.876520 -0.401674 2.673246 0.246368 0.742761 2.564956 -0.428027 10.344578 -0.849337 -0.270707 0.232454 3.835037
1 282.96045 -8.056773 -0.448646 0.230942 -2.624986 -1.578343 2.894372 -0.343180 2.676237 0.208689 0.736617 2.557134 -0.460212 10.327877 -0.841698 -0.281236 0.230316 3.852712
1 282.96045 -8.056773 -0.448646 0.230942 -2.624986 -1.578343 2.894372 -0.343180 2.676237 0.208689 0.736617 2.557134 -0.460212 10.327877 -0.841698 -0.281236 0.230316 3.852712
1 282.96045 -8.056773 -0.448646 0.230942 -2.624986 -1.578343 2.894372 -0.343180 2.676237 0.208689 0.736617 2.557134 -0.460212 10.327877 -0.841698 -0.281236 0.230316 3.852712
1 282.96045 -8.056773 -0.448646 0.230942 -2.624986 -1.578343 2.894372 -0.343180 2.676237 0.208689 0.736617 2.557134 -0.460212 10.327877 -0.841698 -0.281236 0.230316 3.852712
1 282.96045 -8.056773 -0.448646 0.230942 -2.624986 -1.578343 2.894372 -0.343180 2.676237 0.208689 0.736617 2.557134 -0.460212 10.327877 -0.841698 -0.281236 0.230316 3.852712
1 282.96045 -8.056773 -0.448646 0.230942 -2.624986 -1.578343 2.894372 -0.343180 2.676237 0.208689 0.736617 2.557134 -0.460212 10.327877 -0.841698 -0.281236 0.230316 3.852712
1 282.96045 -8.056773 -0.448646 0.230942 -2.624986 -1.578343 2.894372 -0.343180 2.676237 0.208689 0.736617 2.557134 -0.460212 10.327877 -0.841698 -0.281236 0.230316 3.852712
1 282.96045 -8.056773 -0.448646 0.230942 -2.624986 -1.578343 2.894372 -0.343180 2.676237 0.208689 0.736617 2.557134 -0.460212 10.327877 -0.841698 -0.281236 0.230316 3.852712
1 282.96045 -8.056773 -0.448646 0.230942 -2.624986 -1.578343 2.894372 -0.343180 2.676237 0.208689 0.736617 2.557134 -0.460212 10.327877 -0.841698 -0.281236 0.230316 3.852712
1 282.96045 -8.056773 -0.448646 0.230942 -2.624986 -1.578343 2.894372 -0.343180 2.676237 0.208689 0.736617 2.557134 -0.460212 10.327877 -0.841698 -0.281236 0.230316 3.852712
1 282.96045 -8.056773 -0.448646 0.230942 -2.624986 -1.578343 2.894372 -0.343180 2.676237 0.208689 0.736617 2.557134 -0.460212 10.327877 -0.841698 -0.281236 0.230316 3.852712
1 282.96045 -8.056773 -0.448646 0.230942 -2.624986 -1.578343 2.894372 -0.343180 2.676237 0.208689 0.736617 2.557134 -0.460212 10.327877 -0.841698 -0.281236 0.230316 3.852712
1 282.96045 -8.056773 -0.448646 0.230942 -2.624986 -1.578343 2.894372 -0.343180 2.676237 0.208689 0.736617 2.557134 -0.460212 10.327877 -0.841698 -0.281236 0.230316 3.852712
1 282.96045 -8.056773 -0.448646 0.230942 -2.624986 -1.578343 2.894372 -0.343180 2.676237 0.208689 0.736617 2.557134 -0.460212 10.327877 -0.841698 -0.281236 0.230316 3.852712
1 282.96045 -8.056773 -0.448646 0.230942 -2.624986 -1.578343 2.894372 -0.343180 2.676237 0.208689 0.736617 2.557134 -0.460212 10.327877 -0.841698 -0.281236 0.230316 3.852712
1 282.96045 -8.056773 -0.448646 0.230942 -2.624986 -1.578343 2.894372 -0.343180 2.676237 0.208689 0.736617 2.557134 -0.460212 10.327877 -0.841698 -0.281236 0.230316 3.852712
1 282.96045 -8.056773 -0.448646 0.230942 -2.624986 -1.578343 2.894372 -0.343180 2.676237 0.208689 0.736617 2.557134 -0.460212 10.327877 -0.841698 -0.281236 0.230316 3.852712
1 282.96045 -8.056773 -0.448646 0.230942 -2.624986 -1.578343 2.894372 -0.343180 2.676237 0.208689 0.736617 2.557134 -0.460212 10.327877 -0.841698 -0.281236 0.230316 3.852712
1 282.96045 -8.056773 -0.448646 0.230942 -2.624986 -1.578343 2.894372 -0.343180 2.676237 0.208689 0.736617 2.557134 -0.460212 10.327877 -0.841698 -0.281236 0.230316 3.852712
1 282.96045 -8.056773 -0.448646 0.230942 -2.624986 -1.578343 2.894372 -0.343180 2.676237 0.208689 0.736617 2.557134 -0.460212 10.327877 -0.841698 -0.281236 0.230316 3.852712
1 282.96045 -8.056773 -0.448646 0.230942 -2.624986 -1.578343 2.894372 -0.343180 2.676237 0.208689 0.736617 2.557134 -0.460212 10.327877 -0.841698 -0.281236 0.230316 3.852712
1 282.96045 -8.056773 -0.448646 0.230942 -2.624986 -1.578343 2.894372 -0.343180 2.676237 0.208689 0.736617 2.557134 -0.460212 10.327877 -0.841698 -0.281236 0.230316 3.852712
1 282.96045 -8.056773 -0.448646 0.230942 -2.624986 -1.578343 2.894372 -0.343180 2.676237 0.208689 0.736617 2.557134 -0.460212 10.327877 -0.841698 -0.281236 0.230316 3.852712
1 281.62862 -8.072315 -0.496457 0.217883 -2.636332 -1.552597 2.878661 -0.347868 2.676339 0.216401 0.779044 2.567883 -0.475707 10.340207 -0.845520 -0.308120 0.224896 3.828055
1 281.62862 -8.072315 -0.496457 0.217883 -2.636332 -1.552597 2.878661 -0.347868 2.676339 0.216401 0.779044 2.567883 -0.475707 10.340207 -0.845520 -0.308120 0.224896 3.828055
1 281.62862 -8.072315 -0.496457 0.217883 -2.636332 -1.552597 2.878661 -0.347868 2.676339 0.216401 0.779044 2.567883 -0.475707 10.340207 -0.845520 -0.308120 0.224896 3.828055
1 281.62862 -8.072315 -0.496457 0.217883 -2.636332 -1.552597 2.878661 -0.347868 2.676339 0.216401 0.779044 2.567883 -0.475707 10.340207 -0.845520 -0.308120 0.224896 3.828055
1 281.62862 -8.072315 -0.496457 0.217883 -2.636332 -1.552597 2.878661 -0.347868 2.676339 0.216401 0.779044 2.567883 -0.475707 10.340207 -0.845520 -0.308120 0.224896 3.828055
1 281.62862 -8.072315 -0.496457 0.217883 -2.636332 -1.552597 2.878661 -0.347868 2.676339 0.216401 0.779044 2.567883 -0.475707 10.340207 -0.845520 -0.308120 0.224896 3.828055
1 281.62862 -8.072315 -0.496457 0.217883 -2.636332 -1.552597 2.878661 -0.347868 2.676339 0.216401 0.779044 2.567883 -0.475707 10.340207 -0.845520 -0.308120 0.224896 3.828055
1 281.62862 -8.072315 -0.496457 0.217883 -2.636332 -1.552597 2.878661 -0.347868 2.676339 0.216401 0.779044 2.567883 -0.475707 10.340207 -0.845520 -0.308120 0.224896 3.828055
1 281.62862 -8.072315 -0.496457 0.217883 -2.636332 -1.552597 2.878661 -0.347868 2.676339 0.216401 0.779044 2.567883 -0.475707 10.340207 -0.845520 -0.308120 0.224896 3.828055
1 281.62862 -8.072315 -0.496457 0.217883 -2.636332 -1.552597 2.878661 -0.347868 2.676339 0.216401 0.779044 2.567883 -0.475707 10.340207 -0.845520 -0.308120 0.224896 3.828055
1 281.62862 -8.072315 -0.496457 0.217883 -2.636332 -1.552597 2.878661 -0.347868 2.676339 0.216401 0.779044 2.567883 -0.475707 10.340207 -0.845520 -0.308120 0.224896 3.828055
1 281.62862 -8.072315 -0.496457 0.217883 -2.636332 -1.552597 2.878661 -0.347868 2.676339 0.216401 0.779044 2.567883 -0.475707 10.340207 -0.845520 -0.308120 0.224896 3.828055
1 281.62862 -8.072315 -0.496457 0.217883 -2.636332 -1.552597 2.878661 -0.347868 2.676339 0.216401 0.779044 2.567883 -0.475707 10.340207 -0.845520 -0.308120 0.224896 3.828055
1 281.62862 -8.072315 -0.496457 0.217883 -2.636332 -1.552597 2.878661 -0.347868 2.676339 0.216401 0.779044 2.567883 -0.475707 10.340207 -0.845520 -0.308120 0.224896 3.828055
1 280.86746 -8.041665 -0.471864 0.172704 -2.651748 -1.517128 2.862524 -0.310905 2.699181 0.185972 0.745909 2.562553 -0.468851 10.338864 -0.842891 -0.353083 0.226199 3.805515
1 280.86746 -8.041665 -0.471864 0.172704 -2.651748 -1.517128 2.862524 -0.310905 2.699181 0.185972 0.745909 2.562553 -0.468851 10.338864 -0.842891 -0.353083 0.226199 3.805515
1 280.86746 -8.041665 -0.471864 0.172704 -2.651748 -1.517128 2.862524 -0.310905 2.699181 0.185972 0.745909 2.562553 -0.468851 10.338864 -0.842891 -0.353083 0.226199 3.805515
1 280.86746 -8.041665 -0.471864 0.172704 -2.651748 -1.517128 2.862524 -0.310905 2.699181 0.185972 0.745909 2.562553 -0.468851 10.338864 -0.842891 -0.353083 0.226199 3.805515
