1 inf -8.615635 -0.757429 -0.978223 -1.543256 -1.361387 2.594287 0.354416 2.270964 0.330409 0.194009 2.658220 0.511652 10.120283 -1.687076 -0.218413 -0.422167 4.637306
1 inf -8.566452 -0.759489 -0.984650 -1.561558 -1.353494 2.610774 0.332708 2.273011 0.287775 0.208890 2.641969 0.529453 10.126206 -1.678578 -0.224381 -0.452849 4.663380
1 inf -8.563059 -0.739730 -0.988324 -1.584866 -1.367769 2.597134 0.348429 2.270553 0.311407 0.188049 2.643760 0.522559 10.124177 -1.676462 -0.202602 -0.463976 4.688358
1 inf -8.569156 -0.739854 -0.978456 -1.541924 -1.387032 2.586761 0.348641 2.245012 0.314069 0.200833 2.602131 0.481888 10.146070 -1.673555 -0.179403 -0.511298 4.673244
1 inf -8.597709 -0.770210 -0.992908 -1.501977 -1.387532 2.576030 0.380214 2.304010 0.281997 0.211573 2.565272 0.483375 10.165362 -1.680300 -0.198947 -0.506786 4.672262
1 inf -8.586905 -0.738224 -0.973948 -1.521348 -1.396691 2.579827 0.411513 2.277257 0.271296 0.202834 2.515673 0.449588 10.161691 -1.642989 -0.232721 -0.542985 4.697348
1 inf -8.621799 -0.729162 -0.959694 -1.521040 -1.406249 2.596275 0.401489 2.295654 0.253241 0.227118 2.508942 0.461789 10.126712 -1.661411 -0.225344 -0.528152 4.717131
1 inf -8.621392 -0.737504 -0.976329 -1.513711 -1.392440 2.648694 0.423681 2.307607 0.297494 0.227670 2.472435 0.454797 10.138251 -1.652248 -0.213717 -0.549718 4.692711
1 inf -8.586043 -0.738862 -0.988522 -1.517834 -1.396218 2.668409 0.413045 2.284444 0.271564 0.250894 2.458484 0.458540 10.174889 -1.647392 -0.211727 -0.569866 4.719059
1 inf -8.591755 -0.739081 -0.964383 -1.490974 -1.392535 2.687977 0.408333 2.306943 0.288151 0.261918 2.463781 0.484294 10.170351 -1.676391 -0.196255 -0.556069 4.725189
1 inf -8.589502 -0.747212 -0.950484 -1.487929 -1.400717 2.684181 0.414796 2.335109 0.286391 0.261109 2.484617 0.484069 10.172255 -1.650228 -0.225323 -0.499840 4.719433
1 inf -8.587928 -0.736370 -0.938476 -1.502684 -1.370649 2.701012 0.410783 2.338903 0.320498 0.262644 2.473092 0.477016 10.189441 -1.643140 -0.226491 -0.522216 4.736452
1 inf -8.631897 -0.690977 -0.979552 -1.475967 -1.378260 2.731937 0.417254 2.369989 0.320162 0.281912 2.451358 0.464557 10.211463 -1.628510 -0.251195 -0.483974 4.761651
1 inf -8.624748 -0.653487 -0.940875 -1.498932 -1.357774 2.740109 0.412199 2.376485 0.314393 0.273298 2.475375 0.486273 10.224226 -1.664489 -0.263817 -0.489900 4.788663
1 inf -8.651017 -0.643763 -0.928184 -1.488501 -1.337902 2.746714 0.448076 2.370589 0.335451 0.280725 2.456716 0.473933 10.231777 -1.664621 -0.270134 -0.477412 4.795925
1 inf -8.626940 -0.671487 -0.949121 -1.476038 -1.348564 2.777682 0.484780 2.340148 0.304600 0.268034 2.473905 0.480837 10.201757 -1.601346 -0.258076 -0.467819 4.810626
1 inf -8.644299 -0.631494 -0.983167 -1.472292 -1.360490 2.755076 0.472463 2.352976 0.283148 0.214318 2.444791 0.483144 10.202689 -1.559932 -0.247767 -0.489798 4.801390
1 inf -8.668601 -0.641063 -0.986862 -1.481352 -1.378505 2.740068 0.434908 2.332155 0.286685 0.206575 2.443575 0.476647 10.177228 -1.591598 -0.252254 -0.498893 4.796441
1 inf -8.670856 -0.658527 -0.985831 -1.480461 -1.354591 2.708314 0.420059 2.343389 0.264003 0.196677 2.474581 0.488556 10.202263 -1.569247 -0.258085 -0.462157 4.802580
1 inf -8.657614 -0.671275 -0.970653 -1.491409 -1.395293 2.697065 0.421020 2.343521 0.229101 0.190665 2.497546 0.531103 10.235949 -1.570499 -0.250611 -0.439719 4.754343
1 inf -8.622468 -0.670704 -0.971856 -1.515513 -1.338539 2.691628 0.407459 2.332722 0.205345 0.231269 2.484340 0.496706 10.261030 -1.608085 -0.276731 -0.413222 4.785674
1 inf -8.643929 -0.651679 -0.977876 -1.486384 -1.377489 2.674285 0.419174 2.314001 0.187017 0.256417 2.461882 0.503515 10.308530 -1.629482 -0.315299 -0.455196 4.773657
1 inf -8.619746 -0.634007 -0.988336 -1.467158 -1.378830 2.704163 0.401495 2.321759 0.204577 0.249882 2.468728 0.520915 10.290094 -1.648830 -0.339807 -0.484460 4.765265
1 inf -8.605504 -0.651243 -0.996533 -1.469981 -1.367563 2.707381 0.404316 2.321793 0.236518 0.260250 2.422527 0.512088 10.263872 -1.668661 -0.315713 -0.484333 4.772512
1 inf -8.593960 -0.649406 -0.990011 -1.451414 -1.354442 2.703629 0.388364 2.310869 0.236117 0.250369 2.428417 0.516210 10.235054 -1.668048 -0.343329 -0.499290 4.787119
1 inf -8.594897 -0.687525 -0.988953 -1.456993 -1.378265 2.705701 0.365645 2.307793 0.178692 0.258298 2.418219 0.495265 10.225812 -1.609822 -0.351768 -0.482668 4.777724
1 inf -8.591467 -0.689486 -0.987035 -1.433190 -1.357383 2.682438 0.369822 2.303808 0.183123 0.260506 2.423621 0.476856 10.213251 -1.609376 -0.318739 -0.506824 4.741961
1 inf -8.602822 -0.688410 -0.977700 -1.445319 -1.370519 2.634384 0.354580 2.293159 0.163057 0.244893 2.396287 0.482290 10.229301 -1.621894 -0.312744 -0.509579 4.766709
1 inf -8.569135 -0.675312 -0.979459 -1.440707 -1.420546 2.643665 0.360598 2.288120 0.167234 0.245946 2.423046 0.471282 10.216999 -1.615400 -0.317739 -0.504930 4.760850
1 inf -8.553062 -0.677278 -0.988607 -1.399733 -1.441242 2.661218 0.337804 2.243447 0.154272 0.267987 2.406880 0.454819 10.241740 -1.647900 -0.341207 -0.458734 4.741646
1 inf -8.524714 -0.675075 -0.939334 -1.348160 -1.461475 2.670573 0.315876 2.246096 0.156742 0.284904 2.397826 0.476700 10.219599 -1.628621 -0.361148 -0.471843 4.692117
1 inf -8.528050 -0.680627 -0.927708 -1.306891 -1.460533 2.708996 0.314796 2.223936 0.168720 0.288088 2.407893 0.495453 10.232878 -1.616256 -0.355698 -0.475913 4.713009
1 inf -8.499859 -0.673524 -0.909424 -1.286927 -1.483811 2.682896 0.317070 2.225261 0.140898 0.260238 2.392838 0.486875 10.272678 -1.617689 -0.352530 -0.471349 4.723849
1 inf -8.497004 -0.603970 -0.898378 -1.304375 -1.461906 2.675264 0.304122 2.217466 0.157332 0.255440 2.374325 0.479027 10.261950 -1.624130 -0.354918 -0.459375 4.686936
1 inf -8.497515 -0.595826 -0.920674 -1.276656 -1.441807 2.683917 0.294925 2.230825 0.165573 0.271399 2.386889 0.455818 10.235288 -1.643992 -0.363134 -0.471400 4.713573
1 inf -8.500817 -0.600328 -0.922531 -1.248912 -1.480535 2.646034 0.289649 2.249888 0.174017 0.269523 2.401267 0.445664 10.211649 -1.637502 -0.362560 -0.437778 4.720235
1 inf -8.506355 -0.600705 -0.906785 -1.258793 -1.486400 2.676621 0.302180 2.213228 0.197119 0.236027 2.377800 0.426394 10.211509 -1.631378 -0.352434 -0.477830 4.756757
1 inf -8.497823 -0.578261 -0.888788 -1.240074 -1.485909 2.639397 0.330388 2.241106 0.140298 0.233577 2.391166 0.441452 10.166107 -1.639888 -0.344495 -0.498613 4.750039
1 inf -8.423850 -0.547705 -0.902340 -1.224816 -1.456383 2.602940 0.333100 2.216296 0.151068 0.212897 2.393449 0.386126 10.143042 -1.651600 -0.353996 -0.503591 4.771711
1 inf -8.442838 -0.559754 -0.925931 -1.210218 -1.452535 2.616886 0.368199 2.228141 0.142710 0.199804 2.398798 0.400612 10.151295 -1.688645 -0.294344 -0.500057 4.769774
1 inf -8.438181 -0.546490 -0.908772 -1.168107 -1.442547 2.599026 0.366430 2.233917 0.145981 0.226677 2.383157 0.380524 10.150341 -1.718653 -0.267552 -0.516558 4.772794
1 inf -8.451958 -0.553850 -0.904557 -1.165040 -1.390555 2.610422 0.340736 2.217497 0.143647 0.187678 2.383110 0.392291 10.205813 -1.755561 -0.231633 -0.526743 4.788109
1 inf -8.425139 -0.529168 -0.875074 -1.165064 -1.379292 2.625028 0.314990 2.199397 0.129479 0.198243 2.396998 0.352640 10.188664 -1.770759 -0.222426 -0.515472 4.803621
1 inf -8.406751 -0.524528 -0.924392 -1.148752 -1.391923 2.655496 0.355198 2.228381 0.138034 0.193229 2.359410 0.336687 10.179982 -1.774511 -0.245631 -0.485793 4.810116
1 inf -8.370161 -0.492498 -0.942080 -1.117565 -1.451896 2.627876 0.331556 2.260818 0.189103 0.205531 2.345905 0.317746 10.206735 -1.780030 -0.222266 -0.454264 4.784375
1 inf -8.345226 -0.487307 -0.881376 -1.138272 -1.423280 2.614347 0.346419 2.299289 0.196395 0.201707 2.335273 0.340581 10.247419 -1.832479 -0.186905 -0.425921 4.775795
1 inf -8.356077 -0.507712 -0.863444 -1.140698 -1.398004 2.603782 0.382396 2.315383 0.214711 0.215260 2.385024 0.337338 10.256474 -1.815898 -0.187121 -0.395037 4.722683
1 inf -8.398649 -0.479930 -0.859641 -1.166317 -1.399686 2.606336 0.397706 2.316535 0.175417 0.207883 2.373160 0.298085 10.242910 -1.805411 -0.183127 -0.406955 4.734267
1 inf -8.395147 -0.454960 -0.882267 -1.164107 -1.381034 2.612096 0.400582 2.294806 0.146310 0.187429 2.355981 0.297947 10.231863 -1.821372 -0.167834 -0.395158 4.781137
1 inf -8.372370 -0.412932 -0.890046 -1.157634 -1.369158 2.625146 0.418392 2.294845 0.133297 0.205081 2.344847 0.305131 10.230144 -1.809655 -0.191149 -0.406510 4.791151
1 inf -8.379264 -0.394312 -0.883974 -1.179940 -1.367345 2.642997 0.394871 2.324436 0.161973 0.200706 2.318548 0.309306 10.235561 -1.764280 -0.205881 -0.418579 4.761376
1 inf -8.350074 -0.387784 -0.887306 -1.183167 -1.382331 2.680404 0.377284 2.287794 0.144861 0.189554 2.309167 0.312953 10.220939 -1.778147 -0.203778 -0.389011 4.775338
1 inf -8.339300 -0.367134 -0.910914 -1.195636 -1.368346 2.668204 0.391919 2.274526 0.112527 0.189844 2.287696 0.316508 10.243780 -1.778944 -0.219291 -0.397689 4.835590
1 inf -8.327074 -0.370768 -0.899330 -1.154981 -1.376362 2.652287 0.363038 2.287567 0.086383 0.204539 2.312556 0.293051 10.224027 -1.790950 -0.232891 -0.398749 4.850379
1 inf -8.306480 -0.357600 -0.842816 -1.135365 -1.379116 2.629192 0.343669 2.328878 0.073951 0.208776 2.312947 0.284399 10.180643 -1.761273 -0.226602 -0.362973 4.829823
1 inf -8.304032 -0.354520 -0.825390 -1.167782 -1.357306 2.610399 0.335666 2.327961 0.079145 0.221008 2.324754 0.255128 10.146130 -1.786467 -0.225068 -0.355760 4.843341
1 inf -8.304444 -0.357835 -0.826964 -1.157950 -1.360967 2.611106 0.327304 2.299260 0.117480 0.234878 2.306260 0.269683 10.165425 -1.773724 -0.203487 -0.328164 4.855844
1 inf -8.304806 -0.362324 -0.809917 -1.125591 -1.375351 2.628500 0.340144 2.304603 0.164657 0.279038 2.310473 0.298950 10.183901 -1.801143 -0.190578 -0.346565 4.835548
1 inf -8.309550 -0.344887 -0.808161 -1.099104 -1.412015 2.640199 0.319878 2.333219 0.177288 0.321010 2.311116 0.277004 10.197513 -1.810906 -0.168149 -0.326508 4.874574
1 inf -8.281202 -0.342684 -0.839028 -1.049831 -1.360442 2.619966 0.329233 2.311291 0.179937 0.323480 2.328033 0.267950 10.219394 -1.833047 -0.148870 -0.346449 4.861465
1 inf -8.295910 -0.350358 -0.822431 -1.051171 -1.341565 2.644185 0.355414 2.306603 0.167461 0.314225 2.313797 0.246196 10.242032 -1.854090 -0.132642 -0.351934 4.898254
1 inf -8.277687 -0.322101 -0.804515 -1.028416 -1.358628 2.636725 0.348898 2.307550 0.137204 0.312609 2.309001 0.274665 10.244727 -1.880317 -0.147540 -0.336220 4.921024
1 inf -8.286525 -0.306232 -0.782925 -1.033104 -1.340612 2.607808 0.344160 2.288492 0.133745 0.286955 2.282079 0.232808 10.247695 -1.878250 -0.157446 -0.327296 4.920429
1 inf -8.244308 -0.298138 -0.784275 -1.021188 -1.353284 2.642586 0.327788 2.271932 0.133460 0.282407 2.277288 0.224094 10.304418 -1.906212 -0.158047 -0.329015 4.948264
1 inf -8.248060 -0.282814 -0.794748 -1.047439 -1.349868 2.612415 0.368426 2.262596 0.151207 0.284897 2.263991 0.222302 10.288655 -1.950112 -0.164351 -0.292854 4.953823
1 inf -8.278249 -0.259003 -0.778546 -1.055972 -1.363804 2.603071 0.379611 2.266670 0.118900 0.257117 2.287202 0.236721 10.314364 -1.925133 -0.154754 -0.287766 4.993173
1 inf -8.287932 -0.257974 -0.785068 -1.057797 -1.336998 2.583179 0.352593 2.286213 0.076483 0.241246 2.283682 0.273517 10.297673 -1.935629 -0.139476 -0.280338 5.006770
1 inf -8.289753 -0.268680 -0.770386 -1.062988 -1.333492 2.569978 0.370586 2.258530 0.077521 0.272215 2.302836 0.257123 10.293055 -1.907849 -0.154544 -0.293034 5.024200
1 inf -8.270004 -0.265277 -0.740123 -1.048195 -1.331404 2.542845 0.353000 2.253972 0.067237 0.310882 2.247160 0.256187 10.281808 -1.912210 -0.159258 -0.301461 5.014947
1 inf -8.249288 -0.244913 -0.737868 -1.035249 -1.359337 2.521420 0.300408 2.229731 0.047195 0.296938 2.270664 0.239404 10.286020 -1.928944 -0.161955 -0.337960 5.021205
1 inf -8.266902 -0.224766 -0.721864 -1.052174 -1.320627 2.515069 0.309326 2.241426 0.035672 0.312262 2.267582 0.267435 10.278912 -1.896187 -0.168915 -0.351734 5.042561
1 inf -8.257902 -0.229065 -0.720836 -1.044921 -1.345595 2.526096 0.300261 2.250170 0.036665 0.329548 2.335088 0.250172 10.272318 -1.900584 -0.169260 -0.355641 5.052834
1 inf -8.270727 -0.197265 -0.731271 -1.055327 -1.354925 2.567365 0.283735 2.278951 0.033493 0.343052 2.340057 0.283142 10.234854 -1.870169 -0.180854 -0.333078 5.051873
1 inf -8.254849 -0.210537 -0.747312 -1.059542 -1.352709 2.543434 0.343759 2.280976 0.043806 0.336075 2.344794 0.293002 10.216307 -1.864964 -0.168835 -0.322361 5.044496
1 inf -8.266074 -0.212382 -0.728408 -1.124061 -1.327519 2.546882 0.336014 2.283994 0.039771 0.281217 2.352727 0.287038 10.179653 -1.868253 -0.163930 -0.325265 5.067533
1 inf -8.256543 -0.214842 -0.724404 -1.097236 -1.345368 2.519547 0.337774 2.257235 0.016164 0.262139 2.373002 0.256727 10.143585 -1.900735 -0.193144 -0.366014 5.046540
1 inf -8.274613 -0.205528 -0.749842 -1.106426 -1.347486 2.496731 0.333441 2.261981 -0.007394 0.234924 2.361130 0.269597 10.158386 -1.915827 -0.228261 -0.397694 5.035863
1 inf -8.276861 -0.207344 -0.741830 -1.070552 -1.337041 2.480673 0.347102 2.269692 -0.030102 0.218623 2.334023 0.271829 10.142240 -1.911061 -0.220048 -0.401540 5.033750
1 inf -8.295885 -0.190759 -0.739873 -1.093483 -1.361870 2.518405 0.358923 2.270425 -0.026507 0.249227 2.312505 0.298949 10.119619 -1.943659 -0.246047 -0.385710 5.028151
1 inf -8.301561 -0.183746 -0.735331 -1.106480 -1.377662 2.549618 0.330203 2.259953 -0.024841 0.246050 2.308225 0.318506 10.166133 -1.934163 -0.267126 -0.386525 5.024965
1 inf -8.313128 -0.204889 -0.728447 -1.112578 -1.327048 2.555553 0.318049 2.261616 -0.020560 0.239499 2.327969 0.321735 10.175789 -1.942110 -0.285710 -0.411166 5.029135
1 inf -8.314531 -0.195478 -0.730835 -1.092557 -1.325532 2.506204 0.289337 2.279934 -0.015722 0.231338 2.320519 0.307256 10.186876 -1.935056 -0.322413 -0.454097 5.049520
1 inf -8.329772 -0.181296 -0.730555 -1.099761 -1.353527 2.513807 0.319382 2.285649 -0.015297 0.213222 2.311758 0.303426 10.177440 -1.983315 -0.323700 -0.467223 5.041848
1 inf -8.296099 -0.184400 -0.755809 -1.112218 -1.383259 2.518729 0.305880 2.284850 -0.004609 0.224216 2.306771 0.256045 10.132771 -1.999787 -0.337950 -0.473476 5.013667
1 inf -8.322689 -0.186367 -0.762344 -1.112053 -1.376277 2.490708 0.300111 2.299720 0.002901 0.198511 2.306239 0.223201 10.093673 -2.007938 -0.336092 -0.458906 5.050461
1 inf -8.318036 -0.204357 -0.759474 -1.108645 -1.366729 2.472620 0.307501 2.294317 0.025296 0.183006 2.318606 0.236026 10.086359 -2.005754 -0.335025 -0.472441 5.075406
1 inf -8.326306 -0.191164 -0.797175 -1.079420 -1.390968 2.469054 0.318474 2.316258 0.001686 0.179565 2.324221 0.279159 10.074041 -1.996972 -0.304025 -0.504012 5.067846
1 inf -8.312667 -0.225858 -0.818491 -1.116240 -1.361591 2.439188 0.292252 2.325076 0.002165 0.207164 2.339133 0.306719 10.063536 -2.015987 -0.318253 -0.509981 5.064352
1 inf -8.284319 -0.223655 -0.849358 -1.066967 -1.310018 2.418955 0.301607 2.303148 0.004814 0.209634 2.356050 0.297665 10.085417 -2.038128 -0.298974 -0.529922 5.051243
1 inf -8.313396 -0.249946 -0.841104 -1.089804 -1.263649 2.423169 0.268265 2.273638 -0.013020 0.228267 2.341743 0.302262 10.055611 -2.028897 -0.336924 -0.485709 5.045223
1 inf -8.273698 -0.239167 -0.872294 -1.076363 -1.282000 2.429781 0.261385 2.284309 0.016260 0.180508 2.336730 0.324509 10.050636 -2.076295 -0.372365 -0.505897 5.054601
1 inf -8.294301 -0.256698 -0.890203 -1.064076 -1.262769 2.438528 0.269196 2.258518 0.026582 0.195030 2.392900 0.303064 10.057007 -2.070535 -0.383336 -0.509045 5.040409
1 inf -8.306137 -0.236832 -0.871532 -1.072965 -1.250111 2.424202 0.273882 2.260890 0.005761 0.187461 2.384212 0.275238 10.054927 -2.080518 -0.387917 -0.528899 5.024787
1 inf -8.303424 -0.228386 -0.870737 -1.079521 -1.252749 2.403560 0.286325 2.256334 0.009081 0.178211 2.343562 0.277148 10.062361 -2.138660 -0.396789 -0.531984 5.004919
1 inf -8.271716 -0.253457 -0.807591 -1.111627 -1.220636 2.412034 0.293858 2.279180 -0.005722 0.198863 2.322578 0.252722 10.054139 -2.140060 -0.411874 -0.516211 5.000534
1 inf -8.287835 -0.245800 -0.789729 -1.095211 -1.265313 2.401839 0.305114 2.289220 -0.062875 0.168889 2.293033 0.246393 10.051011 -2.144088 -0.416190 -0.502299 4.984936
1 inf -8.294897 -0.286582 -0.766655 -1.070061 -1.225289 2.414217 0.351007 2.292134 -0.026298 0.178904 2.343520 0.270037 10.030830 -2.141368 -0.385690 -0.484147 4.972736
1 inf -8.281609 -0.318558 -0.792881 -1.052246 -1.234241 2.411962 0.353610 2.296551 -0.020350 0.161087 2.359937 0.248753 9.944872 -2.143487 -0.372954 -0.484359 4.999152
1 inf -8.323062 -0.307076 -0.765094 -1.048168 -1.231327 2.373020 0.372225 2.254675 0.001395 0.152405 2.371104 0.245670 9.941634 -2.156697 -0.358934 -0.470136 5.001706
1 inf -8.307008 -0.340347 -0.763121 -1.054363 -1.233977 2.363317 0.354998 2.274036 0.021804 0.178081 2.370089 0.273436 9.954486 -2.222742 -0.361231 -0.489588 5.011442
1 inf -8.290947 -0.351067 -0.772314 -1.068518 -1.269297 2.390595 0.355496 2.281896 0.029570 0.225649 2.347918 0.235389 9.954578 -2.238701 -0.381764 -0.461200 5.052274
1 inf -8.304444 -0.370201 -0.780887 -1.114302 -1.268628 2.384943 0.355693 2.236514 0.009439 0.231369 2.315723 0.244627 9.965357 -2.249576 -0.401199 -0.490090 5.073687
1 inf -8.291791 -0.360094 -0.798616 -1.115981 -1.270621 2.380569 0.368256 2.275803 0.012345 0.266213 2.341996 0.255867 9.983451 -2.265003 -0.402653 -0.457974 5.092282
1 inf -8.316276 -0.331985 -0.795384 -1.135794 -1.247241 2.373991 0.378793 2.283279 -0.007742 0.282505 2.344829 0.280330 9.951100 -2.270142 -0.426854 -0.426383 5.099018
1 inf -8.300035 -0.314480 -0.790297 -1.169117 -1.252243 2.354920 0.388655 2.296987 -0.056567 0.256607 2.328069 0.239941 9.955861 -2.263310 -0.433112 -0.426494 5.101468
1 inf -8.319942 -0.333910 -0.793591 -1.201254 -1.250621 2.348748 0.416608 2.324316 -0.039211 0.266279 2.320780 0.239183 9.958171 -2.216379 -0.430577 -0.404453 5.080468
1 inf -8.303219 -0.338446 -0.747328 -1.187584 -1.277823 2.389779 0.413019 2.307190 -0.022755 0.263360 2.330687 0.228488 9.953914 -2.218192 -0.442385 -0.402103 5.085134
1 inf -8.319876 -0.295708 -0.725199 -1.127733 -1.309238 2.411548 0.431628 2.334250 -0.044350 0.209399 2.362981 0.231645 9.951528 -2.197652 -0.467544 -0.387665 5.099682
1 inf -8.321190 -0.312614 -0.750823 -1.154846 -1.290760 2.421349 0.465740 2.330475 -0.038526 0.199283 2.346930 0.208349 9.928371 -2.187595 -0.485629 -0.397646 5.104063
1 inf -8.293920 -0.291063 -0.736393 -1.140034 -1.303079 2.451746 0.474582 2.320855 -0.035582 0.178584 2.336901 0.214375 9.922380 -2.172095 -0.518262 -0.392109 5.071959
1 inf -8.301707 -0.293717 -0.763194 -1.157767 -1.318320 2.466733 0.489593 2.298418 -0.020302 0.199675 2.285842 0.167190 9.921557 -2.132347 -0.539647 -0.366755 5.107057
1 inf -8.252072 -0.296553 -0.774955 -1.132411 -1.300332 2.460280 0.494682 2.289241 -0.029292 0.238765 2.282556 0.192024 9.924322 -2.158291 -0.528129 -0.397976 5.165761
1 inf -8.225265 -0.300655 -0.772796 -1.135556 -1.301426 2.455479 0.475204 2.271130 -0.009897 0.261124 2.288423 0.187960 9.894370 -2.148736 -0.547904 -0.384662 5.171884
1 inf -8.218691 -0.315961 -0.753457 -1.151734 -1.239027 2.448165 0.470333 2.281211 -0.015499 0.257870 2.285375 0.180343 9.865758 -2.171244 -0.537497 -0.383036 5.184323
1 inf -8.195822 -0.283737 -0.750776 -1.151052 -1.255517 2.417667 0.485434 2.285126 0.017857 0.265631 2.273419 0.205813 9.867005 -2.157483 -0.501885 -0.366430 5.139150
1 inf -8.192598 -0.274640 -0.735093 -1.161182 -1.273970 2.413143 0.469376 2.260544 0.024013 0.280951 2.301284 0.249785 9.813066 -2.133968 -0.502972 -0.411605 5.126197
1 inf -8.164093 -0.308157 -0.728978 -1.137685 -1.264423 2.383595 0.475240 2.269091 0.010324 0.310799 2.328807 0.280379 9.845201 -2.134308 -0.492880 -0.394284 5.131704
1 inf -8.135745 -0.305954 -0.759845 -1.088412 -1.212850 2.363362 0.484595 2.247163 0.012973 0.313269 2.345724 0.271325 9.867082 -2.156449 -0.473601 -0.414225 5.118595
1 inf -8.157330 -0.276981 -0.764945 -1.119806 -1.230411 2.336150 0.488493 2.225291 0.048133 0.315247 2.339210 0.247473 9.892714 -2.164206 -0.485289 -0.350791 5.114291
1 inf -8.144204 -0.263060 -0.773833 -1.124748 -1.233214 2.325649 0.512805 2.237259 0.068315 0.291259 2.372585 0.248947 9.905801 -2.155887 -0.476051 -0.361153 5.150866
1 inf -8.143385 -0.229782 -0.770731 -1.142900 -1.225516 2.338763 0.491663 2.230520 0.054126 0.322015 2.388015 0.248160 9.906557 -2.159753 -0.486158 -0.357344 5.154786
1 inf -8.140388 -0.191912 -0.807866 -1.150866 -1.217502 2.346649 0.499241 2.258566 0.072615 0.307117 2.363868 0.272779 9.888896 -2.178881 -0.473125 -0.359458 5.134047
1 inf -8.148127 -0.209652 -0.805071 -1.151062 -1.242392 2.334038 0.480214 2.246082 0.103605 0.321750 2.354873 0.253586 9.889890 -2.196886 -0.492006 -0.367569 5.136733
1 inf -8.117715 -0.201653 -0.789643 -1.150109 -1.248669 2.303048 0.513827 2.250245 0.123804 0.293943 2.376927 0.296968 9.874714 -2.229653 -0.488752 -0.387726 5.112312
1 inf -8.112141 -0.226484 -0.785262 -1.151081 -1.281863 2.307908 0.492108 2.225680 0.116837 0.333469 2.387188 0.292921 9.871655 -2.254983 -0.481591 -0.397153 5.122924
1 inf -8.109962 -0.205208 -0.775035 -1.121607 -1.280036 2.293953 0.484641 2.229345 0.097933 0.354788 2.337332 0.295719 9.893704 -2.247191 -0.457527 -0.435426 5.133205
1 inf -8.168418 -0.225752 -0.759080 -1.120290 -1.293448 2.305583 0.506506 2.227616 0.115015 0.339168 2.304745 0.267913 9.959055 -2.259223 -0.455951 -0.427765 5.111835
1 inf -8.190988 -0.227831 -0.770557 -1.118495 -1.327689 2.306803 0.464249 2.264036 0.118243 0.331969 2.301859 0.253399 9.974494 -2.295710 -0.437661 -0.449201 5.113636
1 inf -8.196879 -0.206522 -0.751666 -1.141314 -1.328728 2.316984 0.468163 2.271182 0.126119 0.323229 2.326378 0.271430 9.989576 -2.312362 -0.428054 -0.439683 5.076364
1 inf -8.220529 -0.228540 -0.736580 -1.172575 -1.342325 2.296904 0.472475 2.281606 0.138137 0.332818 2.349035 0.303713 9.992744 -2.313106 -0.400577 -0.451670 5.085074
1 inf -8.204197 -0.216793 -0.742623 -1.170573 -1.352415 2.312380 0.467692 2.254759 0.096954 0.388877 2.338453 0.313457 9.945904 -2.311433 -0.417336 -0.434539 5.089098
1 inf -8.173813 -0.204516 -0.731603 -1.208393 -1.347926 2.332809 0.478185 2.256638 0.088885 0.386499 2.365975 0.268012 9.942334 -2.304929 -0.421001 -0.435633 5.065075
1 inf -8.149654 -0.186185 -0.733569 -1.246911 -1.360079 2.306099 0.481408 2.254608 0.101173 0.410344 2.356657 0.257969 9.923827 -2.299295 -0.414885 -0.435305 5.069751
1 inf -8.169761 -0.207472 -0.766756 -1.205923 -1.347599 2.317709 0.485976 2.272359 0.106751 0.396039 2.389379 0.249564 9.906689 -2.315830 -0.407267 -0.458378 5.049080
1 inf -8.184507 -0.180831 -0.745771 -1.166101 -1.341395 2.311665 0.438336 2.311684 0.115817 0.368866 2.436778 0.275703 9.935942 -2.304595 -0.404652 -0.439311 5.078125
1 inf -8.187320 -0.132765 -0.791805 -1.178377 -1.301131 2.292090 0.398918 2.340310 0.126977 0.419882 2.418264 0.269212 9.935081 -2.339871 -0.419193 -0.448152 5.124133
1 inf -8.190626 -0.109479 -0.784354 -1.192462 -1.308577 2.261409 0.360937 2.360188 0.156720 0.401946 2.408904 0.274745 9.935396 -2.343702 -0.435570 -0.450516 5.144995
1 inf -8.208845 -0.148467 -0.779478 -1.199118 -1.270181 2.306636 0.359894 2.381405 0.169244 0.415997 2.439835 0.327339 9.896082 -2.326435 -0.428691 -0.430718 5.169514
1 inf -8.246532 -0.175774 -0.756445 -1.194898 -1.283368 2.276916 0.354936 2.392747 0.188917 0.398237 2.420445 0.338106 9.880221 -2.337197 -0.467139 -0.415679 5.221405
1 inf -8.219577 -0.146708 -0.794445 -1.228356 -1.297239 2.302816 0.368055 2.388176 0.212697 0.415247 2.379513 0.360537 9.840142 -2.295025 -0.444974 -0.359563 5.234759
1 inf -8.241039 -0.153781 -0.826323 -1.266955 -1.308277 2.321901 0.385847 2.421225 0.223385 0.417210 2.373564 0.337448 9.857906 -2.299291 -0.436755 -0.377171 5.198853
1 inf -8.237092 -0.149200 -0.786446 -1.277293 -1.336946 2.344500 0.383633 2.376693 0.227342 0.367979 2.395987 0.321508 9.846387 -2.292208 -0.456213 -0.395892 5.200721
1 inf -8.265453 -0.160808 -0.784763 -1.224159 -1.361710 2.361381 0.400213 2.367846 0.233031 0.400689 2.412408 0.307419 9.875319 -2.261033 -0.498999 -0.414456 5.228857
1 inf -8.268493 -0.206926 -0.762061 -1.215470 -1.357563 2.421868 0.426322 2.328561 0.245456 0.400318 2.415587 0.289585 9.862707 -2.275870 -0.509387 -0.397546 5.233465
1 inf -8.274792 -0.225186 -0.767939 -1.250897 -1.310885 2.414889 0.422381 2.334017 0.237303 0.371356 2.409006 0.264005 9.855700 -2.305047 -0.522565 -0.428347 5.285709
1 inf -8.305736 -0.197518 -0.759103 -1.293994 -1.315165 2.412886 0.428917 2.328096 0.220328 0.371808 2.381526 0.254942 9.840219 -2.314362 -0.524632 -0.421940 5.282958
1 inf -8.327606 -0.214172 -0.767769 -1.287739 -1.337690 2.379881 0.431709 2.327069 0.245593 0.370080 2.353597 0.303471 9.872415 -2.337877 -0.520487 -0.435629 5.259679
1 inf -8.299258 -0.211969 -0.798636 -1.238466 -1.286117 2.359648 0.441064 2.305141 0.248242 0.372550 2.370514 0.294417 9.894296 -2.360018 -0.501208 -0.455570 5.246570
1 inf -8.286539 -0.176116 -0.851931 -1.218048 -1.261560 2.362141 0.411000 2.298377 0.243904 0.374737 2.400518 0.237532 9.920678 -2.334086 -0.509655 -0.428370 5.252546
1 inf -8.329567 -0.152470 -0.860618 -1.226207 -1.243998 2.337918 0.429922 2.294628 0.236577 0.379037 2.404573 0.200469 9.923755 -2.312064 -0.516094 -0.410855 5.247308
1 inf -8.348169 -0.129729 -0.880967 -1.222280 -1.220192 2.354571 0.439399 2.282770 0.207308 0.387256 2.389510 0.172249 9.892646 -2.305035 -0.486476 -0.415292 5.259424
1 inf -8.339834 -0.145003 -0.881842 -1.246281 -1.240559 2.369872 0.414704 2.226070 0.221387 0.349439 2.373242 0.180256 9.918840 -2.286739 -0.461708 -0.432177 5.269060
1 inf -8.317932 -0.150481 -0.902025 -1.232608 -1.239203 2.351093 0.424826 2.274707 0.199841 0.341499 2.337715 0.194393 9.956803 -2.308718 -0.514398 -0.439143 5.272683
1 inf -8.307656 -0.133424 -0.920302 -1.227130 -1.214901 2.375605 0.420341 2.264876 0.180785 0.323762 2.336137 0.190965 9.961608 -2.300030 -0.507559 -0.409511 5.251404
1 inf -8.276036 -0.139485 -0.911812 -1.225260 -1.184097 2.369449 0.435222 2.286920 0.177943 0.323430 2.299691 0.166977 9.979246 -2.312377 -0.497017 -0.407035 5.269593
1 inf -8.223552 -0.142818 -0.888724 -1.200791 -1.192228 2.359569 0.450817 2.324040 0.149073 0.343088 2.324709 0.150408 9.973643 -2.296486 -0.518157 -0.426382 5.246703
1 inf -8.222356 -0.167438 -0.906015 -1.167332 -1.148668 2.385623 0.494800 2.325581 0.154754 0.324938 2.343124 0.170439 9.957483 -2.299826 -0.505830 -0.416590 5.275796
1 inf -8.179877 -0.158724 -0.884225 -1.190332 -1.129201 2.433146 0.459692 2.321432 0.165843 0.304571 2.358980 0.204379 9.934746 -2.272777 -0.500822 -0.410030 5.248490
1 inf -8.178490 -0.180210 -0.835754 -1.210638 -1.135899 2.442857 0.428971 2.349943 0.145122 0.340503 2.374212 0.197386 9.925504 -2.287163 -0.515876 -0.401349 5.252938
1 inf -8.163069 -0.144226 -0.836853 -1.226854 -1.132387 2.480297 0.450722 2.350009 0.130596 0.316143 2.395220 0.152131 9.960094 -2.295446 -0.488359 -0.390962 5.258554
1 inf -8.134703 -0.153429 -0.828352 -1.198022 -1.159977 2.454935 0.463579 2.347474 0.118876 0.301156 2.399088 0.130209 9.914369 -2.337286 -0.487006 -0.385387 5.297083
1 inf -8.106036 -0.127169 -0.824900 -1.232742 -1.128812 2.464364 0.477249 2.325848 0.149726 0.304535 2.380569 0.145710 9.900959 -2.359730 -0.505719 -0.371189 5.260610
1 inf -8.110597 -0.156178 -0.830706 -1.237248 -1.144690 2.506945 0.490540 2.307895 0.178270 0.317454 2.436335 0.137747 9.904948 -2.330289 -0.503285 -0.365953 5.259713
1 inf -8.128984 -0.184422 -0.803283 -1.221597 -1.123816 2.533522 0.505627 2.313694 0.159945 0.308652 2.428046 0.131234 9.950088 -2.326942 -0.484179 -0.358204 5.254484
1 inf -8.166949 -0.187816 -0.813960 -1.213594 -1.102180 2.526299 0.555072 2.284460 0.153117 0.301348 2.410190 0.132037 9.936090 -2.298131 -0.493735 -0.370349 5.248447
1 inf -8.174064 -0.202508 -0.825181 -1.207222 -1.087815 2.550467 0.543985 2.300346 0.140491 0.293964 2.390542 0.091963 9.921813 -2.302984 -0.530101 -0.387457 5.270501
1 inf -8.174559 -0.160275 -0.859443 -1.184080 -1.075834 2.563926 0.497988 2.285743 0.152881 0.289956 2.405358 0.080266 9.892351 -2.288643 -0.524046 -0.419664 5.247051
1 inf -8.146211 -0.158072 -0.890310 -1.134807 -1.024261 2.543693 0.507343 2.263815 0.155530 0.292426 2.422275 0.071212 9.914232 -2.310784 -0.504767 -0.439605 5.233942
1 inf -8.136848 -0.131604 -0.927401 -1.116542 -1.048543 2.561632 0.507978 2.257604 0.144821 0.286033 2.399474 0.065941 9.915432 -2.296924 -0.493254 -0.425246 5.216810
1 inf -8.132011 -0.136815 -0.928874 -1.153335 -1.086007 2.531656 0.523309 2.269613 0.167981 0.267919 2.452535 0.056088 9.943888 -2.286721 -0.494679 -0.409949 5.241276
1 inf -8.141653 -0.109932 -0.980064 -1.106800 -1.087736 2.518733 0.507985 2.291353 0.215906 0.318925 2.422811 0.094671 9.940182 -2.280244 -0.528419 -0.435005 5.288379
1 inf -8.165574 -0.116155 -0.979605 -1.076170 -1.073942 2.495430 0.453353 2.347530 0.205758 0.341655 2.437145 0.072777 9.907268 -2.291094 -0.514707 -0.412613 5.256704
1 inf -8.150152 -0.138859 -0.973698 -1.056769 -1.066285 2.538890 0.448235 2.350547 0.188043 0.302932 2.440182 0.067327 9.934788 -2.301337 -0.572052 -0.397929 5.256155
1 inf -8.164592 -0.177963 -0.963797 -1.012294 -1.084778 2.501086 0.426128 2.341128 0.177614 0.316437 2.439563 0.045304 9.931975 -2.315552 -0.585823 -0.461985 5.262585
1 inf -8.110467 -0.176500 -0.960619 -1.047485 -1.061613 2.513724 0.456579 2.357993 0.155823 0.349441 2.483779 0.065607 9.912987 -2.317947 -0.578343 -0.493203 5.244876
1 inf -8.120619 -0.172112 -0.955958 -1.035555 -1.091316 2.526543 0.423456 2.383753 0.167990 0.349184 2.451436 0.039882 9.921951 -2.295264 -0.573078 -0.479603 5.226939
1 inf -8.107135 -0.182864 -0.908629 -1.027989 -1.070505 2.515441 0.392330 2.347127 0.137321 0.334895 2.458140 0.044660 9.905566 -2.319616 -0.606320 -0.485818 5.223390
1 inf -8.081420 -0.188432 -0.879371 -1.019721 -1.094430 2.508125 0.422287 2.320081 0.111538 0.352787 2.477851 0.030152 9.949159 -2.331609 -0.612466 -0.479146 5.204034
1 inf -8.092489 -0.202988 -0.844688 -1.027296 -1.117186 2.493914 0.472112 2.306646 0.118598 0.363174 2.454325 0.071641 9.945190 -2.325211 -0.642641 -0.515907 5.175438
1 inf -8.111266 -0.193061 -0.825488 -1.009941 -1.125463 2.506129 0.463071 2.295183 0.088836 0.339504 2.450612 0.038961 9.949022 -2.349585 -0.642834 -0.502310 5.161935
1 inf -8.100678 -0.216310 -0.823004 -1.010927 -1.099437 2.541093 0.483858 2.310380 0.106496 0.331373 2.461358 0.082167 9.923786 -2.369307 -0.615504 -0.497293 5.164947
1 inf -8.120830 -0.238016 -0.806396 -1.013363 -1.095322 2.516578 0.486936 2.299949 0.115444 0.352001 2.470190 0.101175 9.919435 -2.392093 -0.624215 -0.505868 5.148955
1 inf -8.127002 -0.245038 -0.811807 -1.009703 -1.050831 2.467266 0.464084 2.307533 0.134824 0.346576 2.457643 0.157362 9.931268 -2.393934 -0.607405 -0.502410 5.162922
1 inf -8.112203 -0.229978 -0.795589 -1.002069 -1.038224 2.449243 0.484269 2.306553 0.104856 0.316037 2.421418 0.139503 9.931218 -2.387556 -0.604959 -0.523465 5.177317
1 inf -8.089738 -0.255441 -0.802687 -1.046031 -1.053817 2.469862 0.459189 2.283198 0.114109 0.322355 2.436248 0.122299 9.928106 -2.401793 -0.605607 -0.518188 5.184356
1 inf -8.053283 -0.264277 -0.822486 -1.039227 -1.059096 2.433916 0.463403 2.237402 0.132447 0.294200 2.453388 0.126181 9.872833 -2.431475 -0.586437 -0.499078 5.171494
1 inf -8.081467 -0.271677 -0.841820 -1.064403 -1.074661 2.425676 0.496089 2.249732 0.115199 0.284177 2.464272 0.146977 9.863908 -2.442586 -0.563780 -0.541929 5.169734
1 inf -8.045362 -0.289633 -0.822833 -1.058645 -1.068615 2.414488 0.483014 2.275799 0.102245 0.279972 2.455445 0.152256 9.883685 -2.419749 -0.534752 -0.560103 5.171070
1 inf -8.055184 -0.293795 -0.822542 -1.008355 -1.076527 2.408185 0.468478 2.251798 0.099408 0.281263 2.433234 0.108781 9.890230 -2.359241 -0.530247 -0.544874 5.170677
1 inf -8.082015 -0.274360 -0.793187 -1.023451 -1.058555 2.420528 0.465999 2.293763 0.116856 0.302919 2.431613 0.085466 9.903466 -2.347188 -0.509582 -0.520831 5.168628
1 inf -8.138146 -0.291836 -0.806553 -1.008752 -1.041829 2.414379 0.444652 2.327149 0.093776 0.319583 2.487492 0.053879 9.957430 -2.311961 -0.530733 -0.514392 5.136534
1 inf -8.147460 -0.305224 -0.840316 -1.034811 -1.052559 2.370433 0.449911 2.325354 0.093512 0.356088 2.487835 0.022819 9.948615 -2.326155 -0.533361 -0.484773 5.145177
1 inf -8.158785 -0.314846 -0.847238 -1.035762 -1.033720 2.335748 0.455222 2.321476 0.110222 0.362890 2.486878 0.026640 9.914407 -2.363304 -0.538218 -0.446156 5.162098
1 inf -8.152519 -0.321549 -0.832066 -1.028435 -1.041572 2.351482 0.449682 2.264789 0.117812 0.365682 2.493381 -0.003104 9.896659 -2.337631 -0.546954 -0.431783 5.144499
1 inf -8.133345 -0.321736 -0.835262 -1.030574 -1.041802 2.377041 0.459520 2.283252 0.145618 0.386194 2.460958 0.004605 9.873223 -2.365419 -0.593090 -0.456747 5.168713
1 inf -8.154406 -0.323226 -0.812161 -1.035673 -1.050887 2.364624 0.485789 2.303373 0.151087 0.365800 2.436323 0.014131 9.850221 -2.375761 -0.583773 -0.490244 5.175458
1 inf -8.136459 -0.340825 -0.819889 -1.031702 -1.037596 2.396957 0.521559 2.315530 0.162108 0.352001 2.452119 0.026623 9.906632 -2.359741 -0.571280 -0.469674 5.198602
1 inf -8.114540 -0.352120 -0.838831 -1.041626 -1.005414 2.389231 0.523281 2.311544 0.195175 0.361928 2.456534 0.028990 9.884954 -2.361843 -0.581336 -0.445083 5.138928
1 inf -8.086192 -0.349917 -0.869698 -1.061859 -1.027342 2.391880 0.525751 2.328461 0.186121 0.383809 2.434393 0.048269 9.865013 -2.374952 -0.630865 -0.432443 5.139254
1 inf -8.084227 -0.363755 -0.830478 -1.049937 -1.056430 2.397223 0.521665 2.303729 0.164707 0.406661 2.427138 0.037071 9.892617 -2.371958 -0.637140 -0.432948 5.117859
1 inf -8.086853 -0.343276 -0.841638 -1.022063 -1.034170 2.399869 0.501138 2.287529 0.163379 0.425596 2.451989 0.029701 9.910171 -2.388542 -0.618549 -0.445957 5.105957
1 inf -8.063235 -0.331183 -0.814257 -1.045760 -1.019613 2.408083 0.475135 2.299049 0.152844 0.396914 2.427948 0.036049 9.947633 -2.407329 -0.628471 -0.484804 5.088769
1 inf -8.055562 -0.282888 -0.813816 -1.011240 -1.056644 2.420811 0.493569 2.285826 0.169154 0.407385 2.468780 0.033215 9.968728 -2.427965 -0.578081 -0.455146 5.059361
1 inf -8.053971 -0.253624 -0.767600 -1.003586 -1.045963 2.405493 0.459584 2.280586 0.152536 0.410352 2.483569 0.046201 9.979680 -2.443890 -0.590699 -0.420157 5.067619
1 inf -8.041464 -0.279255 -0.768068 -1.047663 -1.043156 2.375785 0.473558 2.264600 0.127381 0.386569 2.500232 0.039934 9.967084 -2.486553 -0.552812 -0.444191 5.096447
1 inf -8.034498 -0.299858 -0.767825 -1.072668 -1.015594 2.332493 0.520569 2.266149 0.071849 0.368448 2.501795 0.065051 9.946394 -2.494784 -0.567425 -0.452985 5.095997
1 inf -8.037573 -0.280291 -0.729582 -1.090460 -1.019731 2.377392 0.507847 2.277413 0.070428 0.364610 2.440744 0.063389 9.950329 -2.502074 -0.560078 -0.436397 5.097411
1 inf -8.012912 -0.305781 -0.743877 -1.102557 -1.020231 2.395035 0.514946 2.290575 0.066690 0.382147 2.430041 0.066004 9.964090 -2.512237 -0.566083 -0.416171 5.061966
1 inf -7.990113 -0.302924 -0.714461 -1.072981 -1.048120 2.356006 0.513754 2.299707 0.087149 0.366712 2.436569 0.051585 9.989716 -2.534516 -0.562855 -0.460229 5.071710
1 inf -7.967178 -0.341913 -0.743184 -1.075518 -1.063757 2.365014 0.463207 2.271725 0.086116 0.342374 2.463036 0.037591 9.955626 -2.527438 -0.559546 -0.433228 5.068131
1 inf -7.995871 -0.356095 -0.743232 -1.076145 -1.067388 2.338183 0.462905 2.282180 0.080231 0.323456 2.484053 0.033601 9.921906 -2.481326 -0.538224 -0.431089 5.040463
1 inf -8.003394 -0.360485 -0.718218 -1.031028 -1.053238 2.334334 0.477716 2.269556 0.071241 0.301406 2.450280 0.029023 9.917909 -2.486406 -0.541924 -0.466183 5.076042
1 inf -8.017764 -0.334505 -0.735848 -1.035795 -1.084575 2.312518 0.491168 2.295274 0.060697 0.302890 2.462086 0.058900 9.901703 -2.476174 -0.567183 -0.477623 5.086669
1 inf -8.017272 -0.317758 -0.759642 -1.056523 -1.058395 2.315931 0.445769 2.331504 0.083691 0.314277 2.475000 0.066334 9.904054 -2.458990 -0.556592 -0.478515 5.085094
1 inf -7.999410 -0.283823 -0.750869 -1.029747 -1.031667 2.331691 0.452393 2.308033 0.054591 0.323155 2.493494 0.021639 9.912313 -2.448748 -0.558583 -0.487742 5.065363
1 inf -7.995911 -0.278716 -0.757244 -1.064945 -1.022594 2.335408 0.450821 2.333705 0.044515 0.296011 2.512890 0.021357 9.875545 -2.463516 -0.576511 -0.493785 5.052429
1 inf -7.994279 -0.234821 -0.745619 -1.073838 -1.038721 2.346767 0.416964 2.393285 0.079356 0.277999 2.551692 0.015598 9.870392 -2.451851 -0.574006 -0.494377 5.039091
1 inf -8.006989 -0.223455 -0.764560 -1.061888 -1.070373 2.358705 0.428251 2.424086 0.085305 0.318200 2.564061 0.020371 9.891436 -2.458913 -0.595452 -0.506220 5.040929
1 inf -7.995261 -0.214020 -0.736391 -1.066112 -1.066243 2.358106 0.398406 2.431025 0.091625 0.343417 2.560872 -0.020648 9.907668 -2.471755 -0.615392 -0.507542 5.036425
1 inf -8.023986 -0.187457 -0.738083 -1.065524 -1.043430 2.323414 0.432056 2.428003 0.119924 0.358886 2.562898 -0.000013 9.904008 -2.481095 -0.590358 -0.499788 5.021698
1 inf -8.016876 -0.201162 -0.725947 -1.019654 -1.041447 2.286812 0.409550 2.425238 0.150399 0.367441 2.568110 0.008038 9.928424 -2.441925 -0.598073 -0.518651 5.028194
1 inf -8.018502 -0.183501 -0.728031 -1.002303 -1.021178 2.281866 0.455100 2.430383 0.196069 0.304423 2.536585 -0.020471 9.928510 -2.452650 -0.551280 -0.522028 5.046383
1 inf -8.015219 -0.180202 -0.729150 -1.019093 -1.012966 2.264379 0.431729 2.426195 0.169078 0.309363 2.560437 0.002665 9.898631 -2.483674 -0.556247 -0.521191 5.014125
1 inf -8.021934 -0.156998 -0.705328 -1.008070 -1.038606 2.288670 0.447636 2.443894 0.138787 0.266552 2.550440 0.021140 9.931600 -2.483034 -0.524932 -0.573682 5.005284
1 inf -8.028990 -0.163678 -0.710569 -1.006453 -1.010920 2.304576 0.464947 2.430660 0.144383 0.237090 2.579525 0.017065 9.930346 -2.450166 -0.501876 -0.585557 5.026171
1 inf -8.055230 -0.142930 -0.702825 -1.008888 -1.033336 2.292607 0.474029 2.412130 0.180173 0.261976 2.582779 -0.028863 9.916403 -2.444649 -0.491300 -0.549201 5.041933
1 inf -8.078897 -0.175333 -0.740147 -1.004036 -1.032093 2.281575 0.473301 2.393531 0.167718 0.251770 2.593485 -0.068124 9.894857 -2.399952 -0.488950 -0.547176 5.021002
1 inf -8.106772 -0.175133 -0.744728 -1.001485 -1.011709 2.285128 0.464260 2.378179 0.110289 0.230860 2.613584 -0.078154 9.875941 -2.372439 -0.469365 -0.571612 5.045033
1 inf -8.078424 -0.172930 -0.775595 -1.021718 -1.002354 2.263200 0.466909 2.380649 0.127206 0.221806 2.635465 -0.100295 9.895220 -2.392380 -0.482474 -0.621141 5.057673
1 inf -8.051407 -0.137868 -0.767088 -1.011289 -1.004730 2.259375 0.438009 2.393419 0.084578 0.216610 2.643847 -0.080022 9.905546 -2.415224 -0.494551 -0.633004 5.094186
1 inf -8.047818 -0.115428 -0.786700 -1.019661 -1.023111 2.240247 0.429898 2.364438 0.076215 0.197550 2.641440 -0.109745 9.879166 -2.374010 -0.510841 -0.659110 5.091827
1 inf -8.074628 -0.092311 -0.776021 -1.065078 -1.032714 2.206916 0.383497 2.362699 0.074370 0.165111 2.612257 -0.087792 9.867123 -2.362583 -0.490422 -0.646882 5.099204
1 inf -8.079159 -0.074197 -0.793402 -1.064642 -1.045414 2.183809 0.402764 2.392613 0.053752 0.163501 2.588720 -0.069112 9.887759 -2.385986 -0.483541 -0.656268 5.090981
1 inf -8.102368 -0.107516 -0.780828 -1.077252 -1.009352 2.190017 0.388825 2.424428 0.060642 0.180814 2.629527 -0.082728 9.907607 -2.410828 -0.525618 -0.689868 5.091172
1 inf -8.124748 -0.096179 -0.795770 -1.104609 -1.022641 2.184664 0.386562 2.453835 0.053546 0.156397 2.646555 -0.094145 9.903185 -2.403507 -0.571338 -0.699051 5.106430
1 inf -8.144636 -0.101601 -0.814415 -1.108577 -1.016646 2.187622 0.392232 2.475215 0.059916 0.163304 2.648740 -0.077988 9.846740 -2.409663 -0.552314 -0.690544 5.082170
