1 138.97797 -8.707402 -0.962462 -0.253637 -2.255082 -1.426391 3.440100 0.220139 2.543212 0.169894 0.597180 2.280428 0.154758 10.446696 -0.765694 -0.301940 0.221731 3.648582
1 138.36071 -8.705972 -0.980041 -0.259192 -2.255186 -1.405375 3.430683 0.209664 2.558128 0.184623 0.608121 2.275905 0.142005 10.446205 -0.767163 -0.326328 0.239324 3.634225
1 138.36071 -8.705972 -0.980041 -0.259192 -2.255186 -1.405375 3.430683 0.209664 2.558128 0.184623 0.608121 2.275905 0.142005 10.446205 -0.767163 -0.326328 0.239324 3.634225
1 138.36071 -8.705972 -0.980041 -0.259192 -2.255186 -1.405375 3.430683 0.209664 2.558128 0.184623 0.608121 2.275905 0.142005 10.446205 -0.767163 -0.326328 0.239324 3.634225
1 138.36071 -8.705972 -0.980041 -0.259192 -2.255186 -1.405375 3.430683 0.209664 2.558128 0.184623 0.608121 2.275905 0.142005 10.446205 -0.767163 -0.326328 0.239324 3.634225
1 137.31236 -8.712653 -0.964826 -0.243010 -2.284789 -1.414074 3.414151 0.229777 2.539757 0.157840 0.598095 2.276766 0.141211 10.450979 -0.742050 -0.329551 0.235016 3.687088
1 137.31236 -8.712653 -0.964826 -0.243010 -2.284789 -1.414074 3.414151 0.229777 2.539757 0.157840 0.598095 2.276766 0.141211 10.450979 -0.742050 -0.329551 0.235016 3.687088
1 137.31236 -8.712653 -0.964826 -0.243010 -2.284789 -1.414074 3.414151 0.229777 2.539757 0.157840 0.598095 2.276766 0.141211 10.450979 -0.742050 -0.329551 0.235016 3.687088
1 137.31236 -8.712653 -0.964826 -0.243010 -2.284789 -1.414074 3.414151 0.229777 2.539757 0.157840 0.598095 2.276766 0.141211 10.450979 -0.742050 -0.329551 0.235016 3.687088
1 137.31236 -8.712653 -0.964826 -0.243010 -2.284789 -1.414074 3.414151 0.229777 2.539757 0.157840 0.598095 2.276766 0.141211 10.450979 -0.742050 -0.329551 0.235016 3.687088
1 137.31236 -8.712653 -0.964826 -0.243010 -2.284789 -1.414074 3.414151 0.229777 2.539757 0.157840 0.598095 2.276766 0.141211 10.450979 -0.742050 -0.329551 0.235016 3.687088
1 133.19626 -8.736668 -0.994145 -0.259680 -2.284194 -1.400638 3.421542 0.254344 2.540936 0.131725 0.627132 2.305781 0.145673 10.430100 -0.781627 -0.342875 0.247100 3.705305
1 133.19626 -8.736668 -0.994145 -0.259680 -2.284194 -1.400638 3.421542 0.254344 2.540936 0.131725 0.627132 2.305781 0.145673 10.430100 -0.781627 -0.342875 0.247100 3.705305
1 133.19626 -8.736668 -0.994145 -0.259680 -2.284194 -1.400638 3.421542 0.254344 2.540936 0.131725 0.627132 2.305781 0.145673 10.430100 -0.781627 -0.342875 0.247100 3.705305
1 133.19626 -8.736668 -0.994145 -0.259680 -2.284194 -1.400638 3.421542 0.254344 2.540936 0.131725 0.627132 2.305781 0.145673 10.430100 -0.781627 -0.342875 0.247100 3.705305
1 133.19626 -8.736668 -0.994145 -0.259680 -2.284194 -1.400638 3.421542 0.254344 2.540936 0.131725 0.627132 2.305781 0.145673 10.430100 -0.781627 -0.342875 0.247100 3.705305
1 133.19626 -8.736668 -0.994145 -0.259680 -2.284194 -1.400638 3.421542 0.254344 2.540936 0.131725 0.627132 2.305781 0.145673 10.430100 -0.781627 -0.342875 0.247100 3.705305
1 133.19626 -8.736668 -0.994145 -0.259680 -2.284194 -1.400638 3.421542 0.254344 2.540936 0.131725 0.627132 2.305781 0.145673 10.430100 -0.781627 -0.342875 0.247100 3.705305
1 133.19626 -8.736668 -0.994145 -0.259680 -2.284194 -1.400638 3.421542 0.254344 2.540936 0.131725 0.627132 2.305781 0.145673 10.430100 -0.781627 -0.342875 0.247100 3.705305
1 133.19626 -8.736668 -0.994145 -0.259680 -2.284194 -1.400638 3.421542 0.254344 2.540936 0.131725 0.627132 2.305781 0.145673 10.430100 -0.781627 -0.342875 0.247100 3.705305
1 133.27255 -8.757373 -0.991963 -0.230949 -2.285567 -1.419800 3.470805 0.266198 2.532168 0.125817 0.631355 2.279404 0.137867 10.423307 -0.812480 -0.366957 0.277827 3.688396
1 133.27255 -8.757373 -0.991963 -0.230949 -2.285567 -1.419800 3.470805 0.266198 2.532168 0.125817 0.631355 2.279404 0.137867 10.423307 -0.812480 -0.366957 0.277827 3.688396
1 133.27255 -8.757373 -0.991963 -0.230949 -2.285567 -1.419800 3.470805 0.266198 2.532168 0.125817 0.631355 2.279404 0.137867 10.423307 -0.812480 -0.366957 0.277827 3.688396
1 133.27255 -8.757373 -0.991963 -0.230949 -2.285567 -1.419800 3.470805 0.266198 2.532168 0.125817 0.631355 2.279404 0.137867 10.423307 -0.812480 -0.366957 0.277827 3.688396
1 133.27255 -8.757373 -0.991963 -0.230949 -2.285567 -1.419800 3.470805 0.266198 2.532168 0.125817 0.631355 2.279404 0.137867 10.423307 -0.812480 -0.366957 0.277827 3.688396
1 131.40933 -8.772178 -0.983834 -0.246133 -2.280546 -1.450339 3.464121 0.257314 2.533318 0.102936 0.634131 2.296631 0.140487 10.415737 -0.803233 -0.358349 0.286701 3.712572
1 131.40933 -8.772178 -0.983834 -0.246133 -2.280546 -1.450339 3.464121 0.257314 2.533318 0.102936 0.634131 2.296631 0.140487 10.415737 -0.803233 -0.358349 0.286701 3.712572
1 131.40933 -8.772178 -0.983834 -0.246133 -2.280546 -1.450339 3.464121 0.257314 2.533318 0.102936 0.634131 2.296631 0.140487 10.415737 -0.803233 -0.358349 0.286701 3.712572
1 131.40933 -8.772178 -0.983834 -0.246133 -2.280546 -1.450339 3.464121 0.257314 2.533318 0.102936 0.634131 2.296631 0.140487 10.415737 -0.803233 -0.358349 0.286701 3.712572
1 131.40933 -8.772178 -0.983834 -0.246133 -2.280546 -1.450339 3.464121 0.257314 2.533318 0.102936 0.634131 2.296631 0.140487 10.415737 -0.803233 -0.358349 0.286701 3.712572
1 131.40933 -8.772178 -0.983834 -0.246133 -2.280546 -1.450339 3.464121 0.257314 2.533318 0.102936 0.634131 2.296631 0.140487 10.415737 -0.803233 -0.358349 0.286701 3.712572
1 131.40933 -8.772178 -0.983834 -0.246133 -2.280546 -1.450339 3.464121 0.257314 2.533318 0.102936 0.634131 2.296631 0.140487 10.415737 -0.803233 -0.358349 0.286701 3.712572
1 131.40933 -8.772178 -0.983834 -0.246133 -2.280546 -1.450339 3.464121 0.257314 2.533318 0.102936 0.634131 2.296631 0.140487 10.415737 -0.803233 -0.358349 0.286701 3.712572
1 131.40933 -8.772178 -0.983834 -0.246133 -2.280546 -1.450339 3.464121 0.257314 2.533318 0.102936 0.634131 2.296631 0.140487 10.415737 -0.803233 -0.358349 0.286701 3.712572
1 131.40933 -8.772178 -0.983834 -0.246133 -2.280546 -1.450339 3.464121 0.257314 2.533318 0.102936 0.634131 2.296631 0.140487 10.415737 -0.803233 -0.358349 0.286701 3.712572
1 131.40933 -8.772178 -0.983834 -0.246133 -2.280546 -1.450339 3.464121 0.257314 2.533318 0.102936 0.634131 2.296631 0.140487 10.415737 -0.803233 -0.358349 0.286701 3.712572
1 131.40933 -8.772178 -0.983834 -0.246133 -2.280546 -1.450339 3.464121 0.257314 2.533318 0.102936 0.634131 2.296631 0.140487 10.415737 -0.803233 -0.358349 0.286701 3.712572
1 131.40933 -8.772178 -0.983834 -0.246133 -2.280546 -1.450339 3.464121 0.257314 2.533318 0.102936 0.634131 2.296631 0.140487 10.415737 -0.803233 -0.358349 0.286701 3.712572
1 131.40933 -8.772178 -0.983834 -0.246133 -2.280546 -1.450339 3.464121 0.257314 2.533318 0.102936 0.634131 2.296631 0.140487 10.415737 -0.803233 -0.358349 0.286701 3.712572
1 131.40933 -8.772178 -0.983834 -0.246133 -2.280546 -1.450339 3.464121 0.257314 2.533318 0.102936 0.634131 2.296631 0.140487 10.415737 -0.803233 -0.358349 0.286701 3.712572
1 131.40933 -8.772178 -0.983834 -0.246133 -2.280546 -1.450339 3.464121 0.257314 2.533318 0.102936 0.634131 2.296631 0.140487 10.415737 -0.803233 -0.358349 0.286701 3.712572
1 131.40933 -8.772178 -0.983834 -0.246133 -2.280546 -1.450339 3.464121 0.257314 2.533318 0.102936 0.634131 2.296631 0.140487 10.415737 -0.803233 -0.358349 0.286701 3.712572
1 131.40933 -8.772178 -0.983834 -0.246133 -2.280546 -1.450339 3.464121 0.257314 2.533318 0.102936 0.634131 2.296631 0.140487 10.415737 -0.803233 -0.358349 0.286701 3.712572
1 131.40933 -8.772178 -0.983834 -0.246133 -2.280546 -1.450339 3.464121 0.257314 2.533318 0.102936 0.634131 2.296631 0.140487 10.415737 -0.803233 -0.358349 0.286701 3.712572
1 131.40933 -8.772178 -0.983834 -0.246133 -2.280546 -1.450339 3.464121 0.257314 2.533318 0.102936 0.634131 2.296631 0.140487 10.415737 -0.803233 -0.358349 0.286701 3.712572
1 131.40933 -8.772178 -0.983834 -0.246133 -2.280546 -1.450339 3.464121 0.257314 2.533318 0.102936 0.634131 2.296631 0.140487 10.415737 -0.803233 -0.358349 0.286701 3.712572
1 131.40933 -8.772178 -0.983834 -0.246133 -2.280546 -1.450339 3.464121 0.257314 2.533318 0.102936 0.634131 2.296631 0.140487 10.415737 -0.803233 -0.358349 0.286701 3.712572
1 131.40933 -8.772178 -0.983834 -0.246133 -2.280546 -1.450339 3.464121 0.257314 2.533318 0.102936 0.634131 2.296631 0.140487 10.415737 -0.803233 -0.358349 0.286701 3.712572
1 131.40933 -8.772178 -0.983834 -0.246133 -2.280546 -1.450339 3.464121 0.257314 2.533318 0.102936 0.634131 2.296631 0.140487 10.415737 -0.803233 -0.358349 0.286701 3.712572
1 131.40933 -8.772178 -0.983834 -0.246133 -2.280546 -1.450339 3.464121 0.257314 2.533318 0.102936 0.634131 2.296631 0.140487 10.415737 -0.803233 -0.358349 0.286701 3.712572
1 131.40933 -8.772178 -0.983834 -0.246133 -2.280546 -1.450339 3.464121 0.257314 2.533318 0.102936 0.634131 2.296631 0.140487 10.415737 -0.803233 -0.358349 0.286701 3.712572
1 131.40933 -8.772178 -0.983834 -0.246133 -2.280546 -1.450339 3.464121 0.257314 2.533318 0.102936 0.634131 2.296631 0.140487 10.415737 -0.803233 -0.358349 0.286701 3.712572
1 131.40933 -8.772178 -0.983834 -0.246133 -2.280546 -1.450339 3.464121 0.257314 2.533318 0.102936 0.634131 2.296631 0.140487 10.415737 -0.803233 -0.358349 0.286701 3.712572
1 131.40933 -8.772178 -0.983834 -0.246133 -2.280546 -1.450339 3.464121 0.257314 2.533318 0.102936 0.634131 2.296631 0.140487 10.415737 -0.803233 -0.358349 0.286701 3.712572
1 131.40933 -8.772178 -0.983834 -0.246133 -2.280546 -1.450339 3.464121 0.257314 2.533318 0.102936 0.634131 2.296631 0.140487 10.415737 -0.803233 -0.358349 0.286701 3.712572
1 131.40933 -8.772178 -0.983834 -0.246133 -2.280546 -1.450339 3.464121 0.257314 2.533318 0.102936 0.634131 2.296631 0.140487 10.415737 -0.803233 -0.358349 0.286701 3.712572
1 131.40933 -8.772178 -0.983834 -0.246133 -2.280546 -1.450339 3.464121 0.257314 2.533318 0.102936 0.634131 2.296631 0.140487 10.415737 -0.803233 -0.358349 0.286701 3.712572
1 131.40933 -8.772178 -0.983834 -0.246133 -2.280546 -1.450339 3.464121 0.257314 2.533318 0.102936 0.634131 2.296631 0.140487 10.415737 -0.803233 -0.358349 0.286701 3.712572
1 131.40933 -8.772178 -0.983834 -0.246133 -2.280546 -1.450339 3.464121 0.257314 2.533318 0.102936 0.634131 2.296631 0.140487 10.415737 -0.803233 -0.358349 0.286701 3.712572
1 131.40933 -8.772178 -0.983834 -0.246133 -2.280546 -1.450339 3.464121 0.257314 2.533318 0.102936 0.634131 2.296631 0.140487 10.415737 -0.803233 -0.358349 0.286701 3.712572
1 131.40933 -8.772178 -0.983834 -0.246133 -2.280546 -1.450339 3.464121 0.257314 2.533318 0.102936 0.634131 2.296631 0.140487 10.415737 -0.803233 -0.358349 0.286701 3.712572
1 131.40933 -8.772178 -0.983834 -0.246133 -2.280546 -1.450339 3.464121 0.257314 2.533318 0.102936 0.634131 2.296631 0.140487 10.415737 -0.803233 -0.358349 0.286701 3.712572
1 131.40933 -8.772178 -0.983834 -0.246133 -2.280546 -1.450339 3.464121 0.257314 2.533318 0.102936 0.634131 2.296631 0.140487 10.415737 -0.803233 -0.358349 0.286701 3.712572
1 131.40933 -8.772178 -0.983834 -0.246133 -2.280546 -1.450339 3.464121 0.257314 2.533318 0.102936 0.634131 2.296631 0.140487 10.415737 -0.803233 -0.358349 0.286701 3.712572
1 131.40933 -8.772178 -0.983834 -0.246133 -2.280546 -1.450339 3.464121 0.257314 2.533318 0.102936 0.634131 2.296631 0.140487 10.415737 -0.803233 -0.358349 0.286701 3.712572
1 131.40933 -8.772178 -0.983834 -0.246133 -2.280546 -1.450339 3.464121 0.257314 2.533318 0.102936 0.634131 2.296631 0.140487 10.415737 -0.803233 -0.358349 0.286701 3.712572
1 131.40933 -8.772178 -0.983834 -0.246133 -2.280546 -1.450339 3.464121 0.257314 2.533318 0.102936 0.634131 2.296631 0.140487 10.415737 -0.803233 -0.358349 0.286701 3.712572
1 131.40933 -8.772178 -0.983834 -0.246133 -2.280546 -1.450339 3.464121 0.257314 2.533318 0.102936 0.634131 2.296631 0.140487 10.415737 -0.803233 -0.358349 0.286701 3.712572
1 131.40933 -8.772178 -0.983834 -0.246133 -2.280546 -1.450339 3.464121 0.257314 2.533318 0.102936 0.634131 2.296631 0.140487 10.415737 -0.803233 -0.358349 0.286701 3.712572
1 131.40933 -8.772178 -0.983834 -0.246133 -2.280546 -1.450339 3.464121 0.257314 2.533318 0.102936 0.634131 2.296631 0.140487 10.415737 -0.803233 -0.358349 0.286701 3.712572
1 131.40933 -8.772178 -0.983834 -0.246133 -2.280546 -1.450339 3.464121 0.257314 2.533318 0.102936 0.634131 2.296631 0.140487 10.415737 -0.803233 -0.358349 0.286701 3.712572
1 131.40933 -8.772178 -0.983834 -0.246133 -2.280546 -1.450339 3.464121 0.257314 2.533318 0.102936 0.634131 2.296631 0.140487 10.415737 -0.803233 -0.358349 0.286701 3.712572
1 131.40933 -8.772178 -0.983834 -0.246133 -2.280546 -1.450339 3.464121 0.257314 2.533318 0.102936 0.634131 2.296631 0.140487 10.415737 -0.803233 -0.358349 0.286701 3.712572
1 131.40933 -8.772178 -0.983834 -0.246133 -2.280546 -1.450339 3.464121 0.257314 2.533318 0.102936 0.634131 2.296631 0.140487 10.415737 -0.803233 -0.358349 0.286701 3.712572
1 131.40933 -8.772178 -0.983834 -0.246133 -2.280546 -1.450339 3.464121 0.257314 2.533318 0.102936 0.634131 2.296631 0.140487 10.415737 -0.803233 -0.358349 0.286701 3.712572
1 131.40933 -8.772178 -0.983834 -0.246133 -2.280546 -1.450339 3.464121 0.257314 2.533318 0.102936 0.634131 2.296631 0.140487 10.415737 -0.803233 -0.358349 0.286701 3.712572
1 131.40933 -8.772178 -0.983834 -0.246133 -2.280546 -1.450339 3.464121 0.257314 2.533318 0.102936 0.634131 2.296631 0.140487 10.415737 -0.803233 -0.358349 0.286701 3.712572
1 131.40933 -8.772178 -0.983834 -0.246133 -2.280546 -1.450339 3.464121 0.257314 2.533318 0.102936 0.634131 2.296631 0.140487 10.415737 -0.803233 -0.358349 0.286701 3.712572
1 131.40933 -8.772178 -0.983834 -0.246133 -2.280546 -1.450339 3.464121 0.257314 2.533318 0.102936 0.634131 2.296631 0.140487 10.415737 -0.803233 -0.358349 0.286701 3.712572
1 131.40933 -8.772178 -0.983834 -0.246133 -2.280546 -1.450339 3.464121 0.257314 2.533318 0.102936 0.634131 2.296631 0.140487 10.415737 -0.803233 -0.358349 0.286701 3.712572
1 131.40933 -8.772178 -0.983834 -0.246133 -2.280546 -1.450339 3.464121 0.257314 2.533318 0.102936 0.634131 2.296631 0.140487 10.415737 -0.803233 -0.358349 0.286701 3.712572
1 131.40933 -8.772178 -0.983834 -0.246133 -2.280546 -1.450339 3.464121 0.257314 2.533318 0.102936 0.634131 2.296631 0.140487 10.415737 -0.803233 -0.358349 0.286701 3.712572
1 131.40933 -8.772178 -0.983834 -0.246133 -2.280546 -1.450339 3.464121 0.257314 2.533318 0.102936 0.634131 2.296631 0.140487 10.415737 -0.803233 -0.358349 0.286701 3.712572
1 131.40933 -8.772178 -0.983834 -0.246133 -2.280546 -1.450339 3.464121 0.257314 2.533318 0.102936 0.634131 2.296631 0.140487 10.415737 -0.803233 -0.358349 0.286701 3.712572
1 131.40933 -8.772178 -0.983834 -0.246133 -2.280546 -1.450339 3.464121 0.257314 2.533318 0.102936 0.634131 2.296631 0.140487 10.415737 -0.803233 -0.358349 0.286701 3.712572
1 131.40933 -8.772178 -0.983834 -0.246133 -2.280546 -1.450339 3.464121 0.257314 2.533318 0.102936 0.634131 2.296631 0.140487 10.415737 -0.803233 -0.358349 0.286701 3.712572
1 131.40933 -8.772178 -0.983834 -0.246133 -2.280546 -1.450339 3.464121 0.257314 2.533318 0.102936 0.634131 2.296631 0.140487 10.415737 -0.803233 -0.358349 0.286701 3.712572
1 131.40933 -8.772178 -0.983834 -0.246133 -2.280546 -1.450339 3.464121 0.257314 2.533318 0.102936 0.634131 2.296631 0.140487 10.415737 -0.803233 -0.358349 0.286701 3.712572
1 131.40933 -8.772178 -0.983834 -0.246133 -2.280546 -1.450339 3.464121 0.257314 2.533318 0.102936 0.634131 2.296631 0.140487 10.415737 -0.803233 -0.358349 0.286701 3.712572
1 131.40933 -8.772178 -0.983834 -0.246133 -2.280546 -1.450339 3.464121 0.257314 2.533318 0.102936 0.634131 2.296631 0.140487 10.415737 -0.803233 -0.358349 0.286701 3.712572
1 131.40933 -8.772178 -0.983834 -0.246133 -2.280546 -1.450339 3.464121 0.257314 2.533318 0.102936 0.634131 2.296631 0.140487 10.415737 -0.803233 -0.358349 0.286701 3.712572
1 131.40933 -8.772178 -0.983834 -0.246133 -2.280546 -1.450339 3.464121 0.257314 2.533318 0.102936 0.634131 2.296631 0.140487 10.415737 -0.803233 -0.358349 0.286701 3.712572
1 131.40933 -8.772178 -0.983834 -0.246133 -2.280546 -1.450339 3.464121 0.257314 2.533318 0.102936 0.634131 2.296631 0.140487 10.415737 -0.803233 -0.358349 0.286701 3.712572
1 131.40933 -8.772178 -0.983834 -0.246133 -2.280546 -1.450339 3.464121 0.257314 2.533318 0.102936 0.634131 2.296631 0.140487 10.415737 -0.803233 -0.358349 0.286701 3.712572
1 131.40933 -8.772178 -0.983834 -0.246133 -2.280546 -1.450339 3.464121 0.257314 2.533318 0.102936 0.634131 2.296631 0.140487 10.415737 -0.803233 -0.358349 0.286701 3.712572
1 131.40933 -8.772178 -0.983834 -0.246133 -2.280546 -1.450339 3.464121 0.257314 2.533318 0.102936 0.634131 2.296631 0.140487 10.415737 -0.803233 -0.358349 0.286701 3.712572
1 131.40933 -8.772178 -0.983834 -0.246133 -2.280546 -1.450339 3.464121 0.257314 2.533318 0.102936 0.634131 2.296631 0.140487 10.415737 -0.803233 -0.358349 0.286701 3.712572
1 131.40933 -8.772178 -0.983834 -0.246133 -2.280546 -1.450339 3.464121 0.257314 2.533318 0.102936 0.634131 2.296631 0.140487 10.415737 -0.803233 -0.358349 0.286701 3.712572
1 131.40933 -8.772178 -0.983834 -0.246133 -2.280546 -1.450339 3.464121 0.257314 2.533318 0.102936 0.634131 2.296631 0.140487 10.415737 -0.803233 -0.358349 0.286701 3.712572
1 131.40933 -8.772178 -0.983834 -0.246133 -2.280546 -1.450339 3.464121 0.257314 2.533318 0.102936 0.634131 2.296631 0.140487 10.415737 -0.803233 -0.358349 0.286701 3.712572
1 131.40933 -8.772178 -0.983834 -0.246133 -2.280546 -1.450339 3.464121 0.257314 2.533318 0.102936 0.634131 2.296631 0.140487 10.415737 -0.803233 -0.358349 0.286701 3.712572
1 131.40933 -8.772178 -0.983834 -0.246133 -2.280546 -1.450339 3.464121 0.257314 2.533318 0.102936 0.634131 2.296631 0.140487 10.415737 -0.803233 -0.358349 0.286701 3.712572
1 131.40933 -8.772178 -0.983834 -0.246133 -2.280546 -1.450339 3.464121 0.257314 2.533318 0.102936 0.634131 2.296631 0.140487 10.415737 -0.803233 -0.358349 0.286701 3.712572
1 131.40933 -8.772178 -0.983834 -0.246133 -2.280546 -1.450339 3.464121 0.257314 2.533318 0.102936 0.634131 2.296631 0.140487 10.415737 -0.803233 -0.358349 0.286701 3.712572
1 131.40933 -8.772178 -0.983834 -0.246133 -2.280546 -1.450339 3.464121 0.257314 2.533318 0.102936 0.634131 2.296631 0.140487 10.415737 -0.803233 -0.358349 0.286701 3.712572
1 131.40933 -8.772178 -0.983834 -0.246133 -2.280546 -1.450339 3.464121 0.257314 2.533318 0.102936 0.634131 2.296631 0.140487 10.415737 -0.803233 -0.358349 0.286701 3.712572
1 131.40933 -8.772178 -0.983834 -0.246133 -2.280546 -1.450339 3.464121 0.257314 2.533318 0.102936 0.634131 2.296631 0.140487 10.415737 -0.803233 -0.358349 0.286701 3.712572
1 131.40933 -8.772178 -0.983834 -0.246133 -2.280546 -1.450339 3.464121 0.257314 2.533318 0.102936 0.634131 2.296631 0.140487 10.415737 -0.803233 -0.358349 0.286701 3.712572
1 131.40933 -8.772178 -0.983834 -0.246133 -2.280546 -1.450339 3.464121 0.257314 2.533318 0.102936 0.634131 2.296631 0.140487 10.415737 -0.803233 -0.358349 0.286701 3.712572
1 131.40933 -8.772178 -0.983834 -0.246133 -2.280546 -1.450339 3.464121 0.257314 2.533318 0.102936 0.634131 2.296631 0.140487 10.415737 -0.803233 -0.358349 0.286701 3.712572
1 131.40933 -8.772178 -0.983834 -0.246133 -2.280546 -1.450339 3.464121 0.257314 2.533318 0.102936 0.634131 2.296631 0.140487 10.415737 -0.803233 -0.358349 0.286701 3.712572
1 131.40933 -8.772178 -0.983834 -0.246133 -2.280546 -1.450339 3.464121 0.257314 2.533318 0.102936 0.634131 2.296631 0.140487 10.415737 -0.803233 -0.358349 0.286701 3.712572
1 131.40933 -8.772178 -0.983834 -0.246133 -2.280546 -1.450339 3.464121 0.257314 2.533318 0.102936 0.634131 2.296631 0.140487 10.415737 -0.803233 -0.358349 0.286701 3.712572
1 131.40933 -8.772178 -0.983834 -0.246133 -2.280546 -1.450339 3.464121 0.257314 2.533318 0.102936 0.634131 2.296631 0.140487 10.415737 -0.803233 -0.358349 0.286701 3.712572
1 131.40933 -8.772178 -0.983834 -0.246133 -2.280546 -1.450339 3.464121 0.257314 2.533318 0.102936 0.634131 2.296631 0.140487 10.415737 -0.803233 -0.358349 0.286701 3.712572
1 131.40933 -8.772178 -0.983834 -0.246133 -2.280546 -1.450339 3.464121 0.257314 2.533318 0.102936 0.634131 2.296631 0.140487 10.415737 -0.803233 -0.358349 0.286701 3.712572
1 131.40933 -8.772178 -0.983834 -0.246133 -2.280546 -1.450339 3.464121 0.257314 2.533318 0.102936 0.634131 2.296631 0.140487 10.415737 -0.803233 -0.358349 0.286701 3.712572
1 131.40933 -8.772178 -0.983834 -0.246133 -2.280546 -1.450339 3.464121 0.257314 2.533318 0.102936 0.634131 2.296631 0.140487 10.415737 -0.803233 -0.358349 0.286701 3.712572
1 131.40933 -8.772178 -0.983834 -0.246133 -2.280546 -1.450339 3.464121 0.257314 2.533318 0.102936 0.634131 2.296631 0.140487 10.415737 -0.803233 -0.358349 0.286701 3.712572
1 131.40933 -8.772178 -0.983834 -0.246133 -2.280546 -1.450339 3.464121 0.257314 2.533318 0.102936 0.634131 2.296631 0.140487 10.415737 -0.803233 -0.358349 0.286701 3.712572
1 131.40933 -8.772178 -0.983834 -0.246133 -2.280546 -1.450339 3.464121 0.257314 2.533318 0.102936 0.634131 2.296631 0.140487 10.415737 -0.803233 -0.358349 0.286701 3.712572
1 131.40933 -8.772178 -0.983834 -0.246133 -2.280546 -1.450339 3.464121 0.257314 2.533318 0.102936 0.634131 2.296631 0.140487 10.415737 -0.803233 -0.358349 0.286701 3.712572
1 131.40933 -8.772178 -0.983834 -0.246133 -2.280546 -1.450339 3.464121 0.257314 2.533318 0.102936 0.634131 2.296631 0.140487 10.415737 -0.803233 -0.358349 0.286701 3.712572
1 131.40933 -8.772178 -0.983834 -0.246133 -2.280546 -1.450339 3.464121 0.257314 2.533318 0.102936 0.634131 2.296631 0.140487 10.415737 -0.803233 -0.358349 0.286701 3.712572
1 131.40933 -8.772178 -0.983834 -0.246133 -2.280546 -1.450339 3.464121 0.257314 2.533318 0.102936 0.634131 2.296631 0.140487 10.415737 -0.803233 -0.358349 0.286701 3.712572
1 131.40933 -8.772178 -0.983834 -0.246133 -2.280546 -1.450339 3.464121 0.257314 2.533318 0.102936 0.634131 2.296631 0.140487 10.415737 -0.803233 -0.358349 0.286701 3.712572
1 131.40933 -8.772178 -0.983834 -0.246133 -2.280546 -1.450339 3.464121 0.257314 2.533318 0.102936 0.634131 2.296631 0.140487 10.415737 -0.803233 -0.358349 0.286701 3.712572
1 131.40933 -8.772178 -0.983834 -0.246133 -2.280546 -1.450339 3.464121 0.257314 2.533318 0.102936 0.634131 2.296631 0.140487 10.415737 -0.803233 -0.358349 0.286701 3.712572
1 131.40933 -8.772178 -0.983834 -0.246133 -2.280546 -1.450339 3.464121 0.257314 2.533318 0.102936 0.634131 2.296631 0.140487 10.415737 -0.803233 -0.358349 0.286701 3.712572
1 131.40933 -8.772178 -0.983834 -0.246133 -2.280546 -1.450339 3.464121 0.257314 2.533318 0.102936 0.634131 2.296631 0.140487 10.415737 -0.803233 -0.358349 0.286701 3.712572
1 131.40933 -8.772178 -0.983834 -0.246133 -2.280546 -1.450339 3.464121 0.257314 2.533318 0.102936 0.634131 2.296631 0.140487 10.415737 -0.803233 -0.358349 0.286701 3.712572
1 131.40933 -8.772178 -0.983834 -0.246133 -2.280546 -1.450339 3.464121 0.257314 2.533318 0.102936 0.634131 2.296631 0.140487 10.415737 -0.803233 -0.358349 0.286701 3.712572
1 131.40933 -8.772178 -0.983834 -0.246133 -2.280546 -1.450339 3.464121 0.257314 2.533318 0.102936 0.634131 2.296631 0.140487 10.415737 -0.803233 -0.358349 0.286701 3.712572
1 131.40933 -8.772178 -0.983834 -0.246133 -2.280546 -1.450339 3.464121 0.257314 2.533318 0.102936 0.634131 2.296631 0.140487 10.415737 -0.803233 -0.358349 0.286701 3.712572
1 131.40933 -8.772178 -0.983834 -0.246133 -2.280546 -1.450339 3.464121 0.257314 2.533318 0.102936 0.634131 2.296631 0.140487 10.415737 -0.803233 -0.358349 0.286701 3.712572
1 131.40933 -8.772178 -0.983834 -0.246133 -2.280546 -1.450339 3.464121 0.257314 2.533318 0.102936 0.634131 2.296631 0.140487 10.415737 -0.803233 -0.358349 0.286701 3.712572
1 131.40933 -8.772178 -0.983834 -0.246133 -2.280546 -1.450339 3.464121 0.257314 2.533318 0.102936 0.634131 2.296631 0.140487 10.415737 -0.803233 -0.358349 0.286701 3.712572
1 131.40933 -8.772178 -0.983834 -0.246133 -2.280546 -1.450339 3.464121 0.257314 2.533318 0.102936 0.634131 2.296631 0.140487 10.415737 -0.803233 -0.358349 0.286701 3.712572
1 131.40933 -8.772178 -0.983834 -0.246133 -2.280546 -1.450339 3.464121 0.257314 2.533318 0.102936 0.634131 2.296631 0.140487 10.415737 -0.803233 -0.358349 0.286701 3.712572
1 131.40933 -8.772178 -0.983834 -0.246133 -2.280546 -1.450339 3.464121 0.257314 2.533318 0.102936 0.634131 2.296631 0.140487 10.415737 -0.803233 -0.358349 0.286701 3.712572
1 131.40933 -8.772178 -0.983834 -0.246133 -2.280546 -1.450339 3.464121 0.257314 2.533318 0.102936 0.634131 2.296631 0.140487 10.415737 -0.803233 -0.358349 0.286701 3.712572
1 131.40933 -8.772178 -0.983834 -0.246133 -2.280546 -1.450339 3.464121 0.257314 2.533318 0.102936 0.634131 2.296631 0.140487 10.415737 -0.803233 -0.358349 0.286701 3.712572
1 131.40933 -8.772178 -0.983834 -0.246133 -2.280546 -1.450339 3.464121 0.257314 2.533318 0.102936 0.634131 2.296631 0.140487 10.415737 -0.803233 -0.358349 0.286701 3.712572
1 131.40933 -8.772178 -0.983834 -0.246133 -2.280546 -1.450339 3.464121 0.257314 2.533318 0.102936 0.634131 2.296631 0.140487 10.415737 -0.803233 -0.358349 0.286701 3.712572
1 131.40933 -8.772178 -0.983834 -0.246133 -2.280546 -1.450339 3.464121 0.257314 2.533318 0.102936 0.634131 2.296631 0.140487 10.415737 -0.803233 -0.358349 0.286701 3.712572
1 131.40933 -8.772178 -0.983834 -0.246133 -2.280546 -1.450339 3.464121 0.257314 2.533318 0.102936 0.634131 2.296631 0.140487 10.415737 -0.803233 -0.358349 0.286701 3.712572
1 131.40933 -8.772178 -0.983834 -0.246133 -2.280546 -1.450339 3.464121 0.257314 2.533318 0.102936 0.634131 2.296631 0.140487 10.415737 -0.803233 -0.358349 0.286701 3.712572
1 131.40933 -8.772178 -0.983834 -0.246133 -2.280546 -1.450339 3.464121 0.257314 2.533318 0.102936 0.634131 2.296631 0.140487 10.415737 -0.803233 -0.358349 0.286701 3.712572
1 131.40933 -8.772178 -0.983834 -0.246133 -2.280546 -1.450339 3.464121 0.257314 2.533318 0.102936 0.634131 2.296631 0.140487 10.415737 -0.803233 -0.358349 0.286701 3.712572
1 131.40933 -8.772178 -0.983834 -0.246133 -2.280546 -1.450339 3.464121 0.257314 2.533318 0.102936 0.634131 2.296631 0.140487 10.415737 -0.803233 -0.358349 0.286701 3.712572
1 131.40933 -8.772178 -0.983834 -0.246133 -2.280546 -1.450339 3.464121 0.257314 2.533318 0.102936 0.634131 2.296631 0.140487 10.415737 -0.803233 -0.358349 0.286701 3.712572
1 131.40933 -8.772178 -0.983834 -0.246133 -2.280546 -1.450339 3.464121 0.257314 2.533318 0.102936 0.634131 2.296631 0.140487 10.415737 -0.803233 -0.358349 0.286701 3.712572
1 131.40933 -8.772178 -0.983834 -0.246133 -2.280546 -1.450339 3.464121 0.257314 2.533318 0.102936 0.634131 2.296631 0.140487 10.415737 -0.803233 -0.358349 0.286701 3.712572
