1 inf -8.725083 -0.978035 -0.320641 -2.250865 -1.423303 3.373110 0.210361 2.555708 0.148189 0.616742 2.299791 0.187432 10.436728 -0.266586 0.244926 3.684389
1 inf -8.690078 -0.976691 -0.288122 -2.283660 -1.428521 3.388746 0.245510 2.579819 0.129721 0.638171 2.342698 0.162253 10.458657 -0.263463 0.253064 3.701780
1 inf -8.672030 -0.994071 -0.249727 -2.322126 -1.400160 3.372252 0.225971 2.610551 0.105877 0.635756 2.361189 0.153848 10.490662 -0.277734 0.235653 3.725992
1 inf -8.673683 -0.993027 -0.218712 -2.337599 -1.382689 3.341848 0.254662 2.608086 0.153043 0.641280 2.407766 0.151619 10.519524 -0.296688 0.227297 3.751223
1 inf -8.664827 -0.969681 -0.219370 -2.316411 -1.348936 3.366379 0.271249 2.592726 0.163734 0.632142 2.387799 0.147424 10.518023 -0.312103 0.275082 3.710904
1 inf -8.682678 -0.952664 -0.213440 -2.322372 -1.354317 3.353459 0.288605 2.606764 0.169775 0.608753 2.417359 0.165082 10.499063 -0.326018 0.269547 3.740677
1 inf -8.710356 -0.946938 -0.178493 -2.338042 -1.352354 3.325014 0.262021 2.573688 0.150341 0.626437 2.402497 0.207991 10.499134 -0.342896 0.276486 3.768295
1 inf -8.705679 -0.974443 -0.181857 -2.334989 -1.310293 3.290889 0.281222 2.539371 0.143117 0.644673 2.380996 0.179682 10.532744 -0.324617 0.265754 3.752827
1 inf -8.710486 -0.961041 -0.159132 -2.316995 -1.326785 3.271974 0.280887 2.571816 0.150733 0.661772 2.370533 0.185308 10.561343 -0.312722 0.268707 3.762974
1 inf -8.700145 -0.969849 -0.156728 -2.297749 -1.317616 3.280300 0.319849 2.576345 0.158474 0.693328 2.351748 0.184669 10.573127 -0.299393 0.304170 3.751981
1 inf -8.690886 -0.946318 -0.155556 -2.249965 -1.317713 3.288461 0.344594 2.584143 0.168120 0.740653 2.373279 0.182336 10.569103 -0.324275 0.267824 3.791518
1 inf -8.693333 -0.927614 -0.168351 -2.272811 -1.305607 3.305305 0.339922 2.561311 0.145360 0.750771 2.342011 0.177270 10.571168 -0.329368 0.275307 3.790331
1 inf -8.666472 -0.947070 -0.162546 -2.291472 -1.246064 3.293596 0.352756 2.567199 0.124099 0.733686 2.341461 0.128735 10.592253 -0.315800 0.265858 3.794989
1 inf -8.679012 -0.973508 -0.151324 -2.296240 -1.258847 3.269007 0.349967 2.593877 0.091478 0.748190 2.335132 0.128399 10.591754 -0.332996 0.279516 3.783096
1 inf -8.671226 -0.993805 -0.160548 -2.297120 -1.284224 3.228844 0.362203 2.606545 0.057477 0.750642 2.312028 0.126554 10.585016 -0.368041 0.264260 3.757404
1 inf -8.649974 -0.954527 -0.203069 -2.305600 -1.248343 3.227111 0.384698 2.625449 0.080152 0.740694 2.314694 0.121809 10.560075 -0.385690 0.284211 3.757588
1 inf -8.627284 -0.975368 -0.228657 -2.272982 -1.250745 3.245719 0.374605 2.596944 0.113065 0.735847 2.369273 0.120902 10.543625 -0.403154 0.312037 3.751798
1 inf -8.659287 -0.969384 -0.198018 -2.253890 -1.248211 3.252503 0.409114 2.612825 0.122959 0.761433 2.365104 0.088057 10.572499 -0.407807 0.307819 3.760985
1 inf -8.657979 -0.990726 -0.194954 -2.301721 -1.258752 3.256400 0.399206 2.615897 0.132059 0.800968 2.368039 0.106798 10.582611 -0.416143 0.278297 3.760422
1 inf -8.647139 -0.984041 -0.242141 -2.301712 -1.273090 3.287859 0.390496 2.592548 0.126638 0.842784 2.377256 0.098072 10.605648 -0.448796 0.293242 3.764775
1 inf -8.648382 -0.996919 -0.261994 -2.272538 -1.260951 3.286343 0.390760 2.578827 0.153249 0.864446 2.390552 0.084243 10.579369 -0.464673 0.283988 3.767510
1 inf -8.661287 -0.967091 -0.246955 -2.276011 -1.284291 3.259531 0.387822 2.593578 0.164679 0.875326 2.384291 0.104401 10.592498 -0.447838 0.267595 3.770534
1 inf -8.663450 -0.922143 -0.219414 -2.280127 -1.326591 3.249539 0.394450 2.580417 0.156923 0.878165 2.399135 0.133289 10.608543 -0.437766 0.289764 3.779656
1 inf -8.655699 -0.909479 -0.226623 -2.245828 -1.330254 3.270107 0.384503 2.550225 0.155261 0.884247 2.413752 0.109128 10.605508 -0.418611 0.286431 3.824355
1 inf -8.648083 -0.988839 -0.236993 -2.228643 -1.300603 3.267474 0.332871 2.563937 0.163929 0.875309 2.412754 0.090582 10.618953 -0.394305 0.329041 3.841671
1 inf -8.662689 -0.959841 -0.223824 -2.200208 -1.293969 3.258149 0.328474 2.526967 0.142903 0.896887 2.379265 0.094610 10.624905 -0.374191 0.292752 3.829905
1 173.83869 -8.696468 -0.975685 -0.262406 -2.198605 -1.305430 3.238318 0.333646 2.537943 0.115231 0.918784 2.368321 0.125031 10.603999 -0.365810 0.340530 3.839264
1 170.87494 -8.684732 -0.961612 -0.254235 -2.183909 -1.307412 3.213570 0.334392 2.517527 0.136353 0.924388 2.362764 0.130785 10.603111 -0.309032 0.347171 3.833129
1 170.87494 -8.684732 -0.961612 -0.254235 -2.183909 -1.307412 3.213570 0.334392 2.517527 0.136353 0.924388 2.362764 0.130785 10.603111 -0.309032 0.347171 3.833129
1 165.29313 -8.656367 -0.935833 -0.291408 -2.213271 -1.332865 3.199403 0.318762 2.494326 0.142097 0.918501 2.379251 0.129856 10.582470 -0.313716 0.370326 3.831463
1 165.29313 -8.656367 -0.935833 -0.291408 -2.213271 -1.332865 3.199403 0.318762 2.494326 0.142097 0.918501 2.379251 0.129856 10.582470 -0.313716 0.370326 3.831463
1 161.98769 -8.644629 -0.942246 -0.290953 -2.202222 -1.347547 3.236719 0.328826 2.502744 0.121615 0.899990 2.386390 0.110609 10.590722 -0.296577 0.375469 3.821293
1 155.84974 -8.616784 -0.982988 -0.277242 -2.207591 -1.367278 3.241451 0.361888 2.552363 0.108762 0.882647 2.389647 0.095274 10.608128 -0.318585 0.384701 3.849759
1 155.84974 -8.616784 -0.982988 -0.277242 -2.207591 -1.367278 3.241451 0.361888 2.552363 0.108762 0.882647 2.389647 0.095274 10.608128 -0.318585 0.384701 3.849759
1 155.84974 -8.616784 -0.982988 -0.277242 -2.207591 -1.367278 3.241451 0.361888 2.552363 0.108762 0.882647 2.389647 0.095274 10.608128 -0.318585 0.384701 3.849759
1 154.43139 -8.620432 -0.994781 -0.303376 -2.192538 -1.370819 3.252725 0.380542 2.520083 0.111439 0.870832 2.429162 0.106429 10.599411 -0.305584 0.409946 3.847000
1 148.66532 -8.641356 -0.944576 -0.292579 -2.193885 -1.395845 3.261418 0.394962 2.541095 0.101735 0.874442 2.426996 0.135852 10.557217 -0.301213 0.437953 3.843983
1 148.66532 -8.641356 -0.944576 -0.292579 -2.193885 -1.395845 3.261418 0.394962 2.541095 0.101735 0.874442 2.426996 0.135852 10.557217 -0.301213 0.437953 3.843983
1 148.66532 -8.641356 -0.944576 -0.292579 -2.193885 -1.395845 3.261418 0.394962 2.541095 0.101735 0.874442 2.426996 0.135852 10.557217 -0.301213 0.437953 3.843983
1 148.66532 -8.641356 -0.944576 -0.292579 -2.193885 -1.395845 3.261418 0.394962 2.541095 0.101735 0.874442 2.426996 0.135852 10.557217 -0.301213 0.437953 3.843983
1 148.66532 -8.641356 -0.944576 -0.292579 -2.193885 -1.395845 3.261418 0.394962 2.541095 0.101735 0.874442 2.426996 0.135852 10.557217 -0.301213 0.437953 3.843983
1 148.66532 -8.641356 -0.944576 -0.292579 -2.193885 -1.395845 3.261418 0.394962 2.541095 0.101735 0.874442 2.426996 0.135852 10.557217 -0.301213 0.437953 3.843983
1 148.66532 -8.641356 -0.944576 -0.292579 -2.193885 -1.395845 3.261418 0.394962 2.541095 0.101735 0.874442 2.426996 0.135852 10.557217 -0.301213 0.437953 3.843983
1 148.66532 -8.641356 -0.944576 -0.292579 -2.193885 -1.395845 3.261418 0.394962 2.541095 0.101735 0.874442 2.426996 0.135852 10.557217 -0.301213 0.437953 3.843983
1 148.66532 -8.641356 -0.944576 -0.292579 -2.193885 -1.395845 3.261418 0.394962 2.541095 0.101735 0.874442 2.426996 0.135852 10.557217 -0.301213 0.437953 3.843983
1 147.35796 -8.630737 -0.951583 -0.302209 -2.191539 -1.412192 3.248654 0.392080 2.548296 0.113760 0.888237 2.431865 0.136813 10.551968 -0.282389 0.445435 3.841078
1 146.67544 -8.635423 -0.927949 -0.339838 -2.172527 -1.372703 3.258384 0.390326 2.567455 0.132013 0.876445 2.421020 0.100556 10.557542 -0.296956 0.450605 3.862276
1 146.36917 -8.618537 -0.935851 -0.325102 -2.190754 -1.408988 3.268449 0.332787 2.573282 0.110504 0.847970 2.403720 0.096540 10.547215 -0.290297 0.426308 3.877618
1 146.36917 -8.618537 -0.935851 -0.325102 -2.190754 -1.408988 3.268449 0.332787 2.573282 0.110504 0.847970 2.403720 0.096540 10.547215 -0.290297 0.426308 3.877618
1 140.24966 -8.594604 -0.981984 -0.306704 -2.222088 -1.411422 3.250372 0.354432 2.577503 0.155890 0.873230 2.396396 0.064748 10.565555 -0.295720 0.421449 3.926191
1 140.24966 -8.594604 -0.981984 -0.306704 -2.222088 -1.411422 3.250372 0.354432 2.577503 0.155890 0.873230 2.396396 0.064748 10.565555 -0.295720 0.421449 3.926191
1 137.10823 -8.616281 -0.970443 -0.305665 -2.188694 -1.393353 3.276431 0.331824 2.579105 0.120702 0.882643 2.407513 0.089759 10.516328 -0.273332 0.440550 3.906594
1 137.10823 -8.616281 -0.970443 -0.305665 -2.188694 -1.393353 3.276431 0.331824 2.579105 0.120702 0.882643 2.407513 0.089759 10.516328 -0.273332 0.440550 3.906594
1 132.31128 -8.599428 -0.995247 -0.329873 -2.219776 -1.371091 3.286528 0.343018 2.607366 0.127759 0.846793 2.370195 0.097717 10.500367 -0.296078 0.455090 3.919033
1 132.31128 -8.599428 -0.995247 -0.329873 -2.219776 -1.371091 3.286528 0.343018 2.607366 0.127759 0.846793 2.370195 0.097717 10.500367 -0.296078 0.455090 3.919033
1 132.31128 -8.599428 -0.995247 -0.329873 -2.219776 -1.371091 3.286528 0.343018 2.607366 0.127759 0.846793 2.370195 0.097717 10.500367 -0.296078 0.455090 3.919033
1 132.31128 -8.599428 -0.995247 -0.329873 -2.219776 -1.371091 3.286528 0.343018 2.607366 0.127759 0.846793 2.370195 0.097717 10.500367 -0.296078 0.455090 3.919033
1 129.4186 -8.579326 -0.958499 -0.310343 -2.245296 -1.391834 3.282986 0.340393 2.621483 0.128006 0.826059 2.358993 0.062840 10.521919 -0.305639 0.454030 3.903897
1 129.4186 -8.579326 -0.958499 -0.310343 -2.245296 -1.391834 3.282986 0.340393 2.621483 0.128006 0.826059 2.358993 0.062840 10.521919 -0.305639 0.454030 3.903897
1 126.2061 -8.578156 -0.922291 -0.307659 -2.235912 -1.395233 3.328283 0.335566 2.624217 0.140992 0.839797 2.357262 0.077256 10.525070 -0.313589 0.437608 3.896089
1 125.87383 -8.560655 -0.890998 -0.261821 -2.258180 -1.371998 3.338001 0.325704 2.660845 0.141622 0.822909 2.372393 0.065273 10.523360 -0.334563 0.439572 3.877888
1 125.87383 -8.560655 -0.890998 -0.261821 -2.258180 -1.371998 3.338001 0.325704 2.660845 0.141622 0.822909 2.372393 0.065273 10.523360 -0.334563 0.439572 3.877888
1 125.87383 -8.560655 -0.890998 -0.261821 -2.258180 -1.371998 3.338001 0.325704 2.660845 0.141622 0.822909 2.372393 0.065273 10.523360 -0.334563 0.439572 3.877888
1 122.12737 -8.523046 -0.928256 -0.247184 -2.274294 -1.366249 3.339168 0.335904 2.646837 0.172611 0.822354 2.333527 0.082809 10.516923 -0.347652 0.473040 3.865371
1 122.12737 -8.523046 -0.928256 -0.247184 -2.274294 -1.366249 3.339168 0.335904 2.646837 0.172611 0.822354 2.333527 0.082809 10.516923 -0.347652 0.473040 3.865371
1 118.33925 -8.546118 -0.925617 -0.266442 -2.294824 -1.380737 3.353572 0.333455 2.609949 0.161799 0.853660 2.313070 0.059605 10.526860 -0.330553 0.490831 3.888674
1 114.3094 -8.550711 -0.890377 -0.254382 -2.308486 -1.409137 3.376983 0.317708 2.577838 0.175941 0.875428 2.295596 0.036525 10.504866 -0.309981 0.476043 3.891154
1 109.41223 -8.539245 -0.870503 -0.279393 -2.315874 -1.406623 3.391127 0.301950 2.565122 0.217733 0.873182 2.322534 0.014048 10.495368 -0.333178 0.478384 3.890367
1 109.41223 -8.539245 -0.870503 -0.279393 -2.315874 -1.406623 3.391127 0.301950 2.565122 0.217733 0.873182 2.322534 0.014048 10.495368 -0.333178 0.478384 3.890367
1 109.41223 -8.539245 -0.870503 -0.279393 -2.315874 -1.406623 3.391127 0.301950 2.565122 0.217733 0.873182 2.322534 0.014048 10.495368 -0.333178 0.478384 3.890367
1 109.41223 -8.539245 -0.870503 -0.279393 -2.315874 -1.406623 3.391127 0.301950 2.565122 0.217733 0.873182 2.322534 0.014048 10.495368 -0.333178 0.478384 3.890367
1 109.41223 -8.539245 -0.870503 -0.279393 -2.315874 -1.406623 3.391127 0.301950 2.565122 0.217733 0.873182 2.322534 0.014048 10.495368 -0.333178 0.478384 3.890367
1 109.41223 -8.539245 -0.870503 -0.279393 -2.315874 -1.406623 3.391127 0.301950 2.565122 0.217733 0.873182 2.322534 0.014048 10.495368 -0.333178 0.478384 3.890367
1 109.41223 -8.539245 -0.870503 -0.279393 -2.315874 -1.406623 3.391127 0.301950 2.565122 0.217733 0.873182 2.322534 0.014048 10.495368 -0.333178 0.478384 3.890367
1 108.67355 -8.524909 -0.856685 -0.303872 -2.327138 -1.365991 3.421932 0.302123 2.537224 0.253287 0.882703 2.330518 0.011817 10.508131 -0.340373 0.477756 3.846469
1 108.67355 -8.524909 -0.856685 -0.303872 -2.327138 -1.365991 3.421932 0.302123 2.537224 0.253287 0.882703 2.330518 0.011817 10.508131 -0.340373 0.477756 3.846469
1 108.44167 -8.477929 -0.883656 -0.296015 -2.326355 -1.389575 3.422896 0.291390 2.556270 0.226977 0.912091 2.346511 0.031164 10.511725 -0.340416 0.453983 3.847519
1 107.17348 -8.483924 -0.879938 -0.254366 -2.348306 -1.381257 3.430352 0.259174 2.564893 0.229610 0.951388 2.326893 0.028118 10.504987 -0.330421 0.462536 3.845751
1 107.17348 -8.483924 -0.879938 -0.254366 -2.348306 -1.381257 3.430352 0.259174 2.564893 0.229610 0.951388 2.326893 0.028118 10.504987 -0.330421 0.462536 3.845751
1 107.17348 -8.483924 -0.879938 -0.254366 -2.348306 -1.381257 3.430352 0.259174 2.564893 0.229610 0.951388 2.326893 0.028118 10.504987 -0.330421 0.462536 3.845751
1 107.28036 -8.505930 -0.860537 -0.251754 -2.356158 -1.386863 3.448125 0.260495 2.570504 0.197267 0.952296 2.324788 0.023278 10.477690 -0.346672 0.485956 3.809422
1 107.28036 -8.505930 -0.860537 -0.251754 -2.356158 -1.386863 3.448125 0.260495 2.570504 0.197267 0.952296 2.324788 0.023278 10.477690 -0.346672 0.485956 3.809422
1 107.28036 -8.505930 -0.860537 -0.251754 -2.356158 -1.386863 3.448125 0.260495 2.570504 0.197267 0.952296 2.324788 0.023278 10.477690 -0.346672 0.485956 3.809422
1 107.23966 -8.495916 -0.870293 -0.237469 -2.354064 -1.345060 3.403346 0.293328 2.601737 0.176275 0.927895 2.324337 0.027504 10.459049 -0.323203 0.489934 3.814553
1 106.95772 -8.501916 -0.896979 -0.253302 -2.379451 -1.388526 3.430796 0.294822 2.629544 0.173129 0.948126 2.365239 0.014401 10.479442 -0.310409 0.477583 3.843088
1 106.95772 -8.501916 -0.896979 -0.253302 -2.379451 -1.388526 3.430796 0.294822 2.629544 0.173129 0.948126 2.365239 0.014401 10.479442 -0.310409 0.477583 3.843088
1 106.95772 -8.501916 -0.896979 -0.253302 -2.379451 -1.388526 3.430796 0.294822 2.629544 0.173129 0.948126 2.365239 0.014401 10.479442 -0.310409 0.477583 3.843088
1 106.95772 -8.501916 -0.896979 -0.253302 -2.379451 -1.388526 3.430796 0.294822 2.629544 0.173129 0.948126 2.365239 0.014401 10.479442 -0.310409 0.477583 3.843088
1 106.95772 -8.501916 -0.896979 -0.253302 -2.379451 -1.388526 3.430796 0.294822 2.629544 0.173129 0.948126 2.365239 0.014401 10.479442 -0.310409 0.477583 3.843088
1 106.95772 -8.501916 -0.896979 -0.253302 -2.379451 -1.388526 3.430796 0.294822 2.629544 0.173129 0.948126 2.365239 0.014401 10.479442 -0.310409 0.477583 3.843088
1 106.55496 -8.518058 -0.923307 -0.220603 -2.420427 -1.406803 3.434760 0.328765 2.644791 0.165845 0.969409 2.387566 0.010164 10.463907 -0.282642 0.492607 3.873718
1 106.55496 -8.518058 -0.923307 -0.220603 -2.420427 -1.406803 3.434760 0.328765 2.644791 0.165845 0.969409 2.387566 0.010164 10.463907 -0.282642 0.492607 3.873718
1 106.55496 -8.518058 -0.923307 -0.220603 -2.420427 -1.406803 3.434760 0.328765 2.644791 0.165845 0.969409 2.387566 0.010164 10.463907 -0.282642 0.492607 3.873718
1 106.55496 -8.518058 -0.923307 -0.220603 -2.420427 -1.406803 3.434760 0.328765 2.644791 0.165845 0.969409 2.387566 0.010164 10.463907 -0.282642 0.492607 3.873718
1 105.67876 -8.490931 -0.921338 -0.199948 -2.400011 -1.427461 3.438656 0.310071 2.619945 0.167986 0.925290 2.379085 -0.000272 10.473615 -0.291648 0.504443 3.884444
1 105.67876 -8.490931 -0.921338 -0.199948 -2.400011 -1.427461 3.438656 0.310071 2.619945 0.167986 0.925290 2.379085 -0.000272 10.473615 -0.291648 0.504443 3.884444
1 105.67876 -8.490931 -0.921338 -0.199948 -2.400011 -1.427461 3.438656 0.310071 2.619945 0.167986 0.925290 2.379085 -0.000272 10.473615 -0.291648 0.504443 3.884444
1 104.33343 -8.492192 -0.907569 -0.184169 -2.423237 -1.412998 3.431797 0.297137 2.592103 0.208762 0.920605 2.399273 -0.009573 10.442724 -0.301173 0.488045 3.913117
1 104.24868 -8.493205 -0.927410 -0.176330 -2.438610 -1.405119 3.420101 0.309042 2.599927 0.239522 0.931827 2.371146 -0.002673 10.401756 -0.281559 0.463845 3.917562
1 104.24868 -8.493205 -0.927410 -0.176330 -2.438610 -1.405119 3.420101 0.309042 2.599927 0.239522 0.931827 2.371146 -0.002673 10.401756 -0.281559 0.463845 3.917562
1 104.24868 -8.493205 -0.927410 -0.176330 -2.438610 -1.405119 3.420101 0.309042 2.599927 0.239522 0.931827 2.371146 -0.002673 10.401756 -0.281559 0.463845 3.917562
