1 inf -8.715706 -0.401854 -0.318945 -1.373444 -1.050541 3.098512 0.366915 2.214737 0.124494 0.783681 1.592948 0.487752 10.115487 -0.400332 -0.557777 0.380684 3.356990
1 inf -8.721806 -0.393502 -0.326534 -1.387016 -1.021512 3.107160 0.369228 2.208508 0.131339 0.832484 1.606748 0.479816 10.106969 -0.404923 -0.547849 0.374004 3.325272
1 inf -8.722390 -0.412782 -0.312839 -1.400009 -1.020700 3.105400 0.345091 2.271945 0.132762 0.805535 1.578346 0.445795 10.126412 -0.391543 -0.560462 0.364112 3.296161
1 inf -8.731219 -0.422347 -0.306109 -1.361601 -1.004904 3.073487 0.351859 2.248071 0.124612 0.823571 1.602272 0.436533 10.121963 -0.380212 -0.584707 0.352676 3.280974
1 inf -8.729920 -0.427718 -0.305555 -1.360558 -1.010487 3.053478 0.353814 2.259750 0.107757 0.850421 1.597087 0.432130 10.166934 -0.412655 -0.526843 0.335949 3.273719
1 inf -8.693771 -0.433077 -0.300038 -1.367280 -1.012100 3.077152 0.393986 2.269154 0.097366 0.859182 1.590516 0.428894 10.175753 -0.420879 -0.555214 0.348228 3.254288
1 inf -8.668953 -0.400457 -0.318026 -1.373037 -1.027280 3.070186 0.395731 2.279612 0.091176 0.882735 1.585778 0.417303 10.171481 -0.426257 -0.555407 0.335610 3.259774
1 inf -8.686653 -0.425530 -0.311102 -1.396217 -1.065046 3.045214 0.387228 2.284701 0.044447 0.889148 1.608359 0.381844 10.165107 -0.441169 -0.567614 0.354041 3.247280
1 inf -8.709754 -0.386444 -0.303058 -1.383371 -1.076740 3.042694 0.387008 2.301571 0.022649 0.899593 1.598354 0.375155 10.186606 -0.467383 -0.556140 0.296684 3.266858
1 inf -8.725453 -0.408736 -0.333079 -1.406296 -1.108620 3.043711 0.350087 2.262271 -0.004025 0.928160 1.606073 0.373243 10.194406 -0.466151 -0.562579 0.317565 3.260202
1 inf -8.716728 -0.422782 -0.341629 -1.422106 -1.127978 3.075684 0.375716 2.221958 -0.009895 0.921642 1.564458 0.376122 10.148426 -0.444449 -0.557727 0.351012 3.264688
1 inf -8.714723 -0.418415 -0.339493 -1.411759 -1.121933 3.080012 0.396897 2.227573 -0.003486 0.968120 1.552161 0.361654 10.130152 -0.427631 -0.550862 0.343713 3.291706
1 inf -8.718358 -0.425483 -0.299939 -1.409496 -1.126653 3.127898 0.439426 2.237464 0.002086 0.965478 1.577095 0.347990 10.134694 -0.437515 -0.545875 0.345983 3.317172
1 inf -8.708720 -0.455598 -0.300754 -1.433303 -1.163731 3.165535 0.452586 2.235806 -0.001227 0.979987 1.583697 0.362666 10.099003 -0.455735 -0.580959 0.349267 3.345036
1 inf -8.758365 -0.506062 -0.319381 -1.443650 -1.182169 3.176060 0.470891 2.251278 0.071863 0.984889 1.552621 0.356946 10.101094 -0.459144 -0.529326 0.369755 3.318197
1 inf -8.735419 -0.489631 -0.358520 -1.411376 -1.160882 3.178040 0.475396 2.260904 0.054237 0.987046 1.546694 0.339980 10.092499 -0.423445 -0.480140 0.387370 3.318172
1 inf -8.719144 -0.529434 -0.344743 -1.434117 -1.171377 3.212501 0.498017 2.227005 0.048729 0.987579 1.548656 0.356593 10.084244 -0.397735 -0.478518 0.439048 3.324885
1 inf -8.743111 -0.538089 -0.309352 -1.448296 -1.169098 3.209682 0.524802 2.241859 0.047702 0.969473 1.551921 0.326891 10.079584 -0.382607 -0.467960 0.434257 3.299791
1 inf -8.690858 -0.539614 -0.310887 -1.430155 -1.191663 3.198773 0.519013 2.185379 0.080280 0.974156 1.495697 0.354761 10.076348 -0.423584 -0.464523 0.464707 3.296779
1 inf -8.719611 -0.550457 -0.333837 -1.455157 -1.184559 3.153972 0.511737 2.179154 0.058127 0.964158 1.502279 0.361492 10.056131 -0.406099 -0.465261 0.457033 3.303894
1 inf -8.737857 -0.552680 -0.340333 -1.448621 -1.119038 3.150298 0.528145 2.179036 0.058606 0.965770 1.484831 0.367012 10.083898 -0.411282 -0.464639 0.439261 3.349552
1 inf -8.750795 -0.546393 -0.324397 -1.431107 -1.135998 3.179504 0.511170 2.175029 0.086215 0.996924 1.468699 0.401994 10.083262 -0.389871 -0.438272 0.463504 3.373904
1 inf -8.776459 -0.553685 -0.309986 -1.492624 -1.162203 3.204938 0.535679 2.181447 0.072410 0.992613 1.428754 0.368723 10.074305 -0.419323 -0.481085 0.479389 3.360627
1 inf -8.792062 -0.557368 -0.349344 -1.490464 -1.142484 3.249975 0.492963 2.192682 0.104021 0.986701 1.425307 0.376508 10.063071 -0.417299 -0.479519 0.474676 3.394126
1 inf -8.788712 -0.561296 -0.343113 -1.531603 -1.100617 3.270611 0.519514 2.215548 0.125989 0.958471 1.455070 0.372821 10.107818 -0.396727 -0.435415 0.484365 3.368495
1 inf -8.802386 -0.575646 -0.335247 -1.517937 -1.080188 3.259589 0.495140 2.199010 0.121865 0.941518 1.472611 0.407802 10.099022 -0.379287 -0.454543 0.440783 3.356131
1 inf -8.815817 -0.581441 -0.328140 -1.515657 -1.093001 3.256865 0.514415 2.197685 0.126055 0.955325 1.503537 0.381099 10.127148 -0.399318 -0.420575 0.423307 3.352905
1 inf -8.790152 -0.563326 -0.367971 -1.508082 -1.080717 3.246217 0.519898 2.211266 0.144693 0.948512 1.487661 0.337906 10.134269 -0.431480 -0.469464 0.437562 3.354000
1 inf -8.830276 -0.551713 -0.327900 -1.511604 -1.065382 3.220243 0.487345 2.209857 0.129450 0.950049 1.460224 0.382026 10.177207 -0.423250 -0.459613 0.454100 3.326611
1 inf -8.839578 -0.531080 -0.335638 -1.496070 -1.071832 3.247113 0.504915 2.252615 0.161332 0.970111 1.462902 0.337109 10.197410 -0.404480 -0.481714 0.430247 3.324308
1 inf -8.840898 -0.549347 -0.319805 -1.498219 -1.061531 3.241014 0.493960 2.290276 0.110107 0.984731 1.488435 0.315573 10.165644 -0.417116 -0.473048 0.448528 3.348954
1 inf -8.815165 -0.550509 -0.292207 -1.492890 -1.050473 3.234469 0.497268 2.282776 0.103730 0.947587 1.478475 0.296967 10.189752 -0.442101 -0.472953 0.456216 3.335017
1 inf -8.810825 -0.552474 -0.271993 -1.495830 -1.014203 3.247279 0.526420 2.326387 0.080856 0.994538 1.499151 0.324617 10.179691 -0.451417 -0.458487 0.453073 3.360700
1 inf -8.834600 -0.557570 -0.258922 -1.501492 -1.012348 3.258087 0.541831 2.308080 0.087308 0.978871 1.528180 0.330664 10.151728 -0.429059 -0.444365 0.440716 3.378696
1 inf -8.807499 -0.604751 -0.286112 -1.517829 -1.014515 3.239925 0.536504 2.314179 0.116352 0.940392 1.536066 0.311711 10.152377 -0.446311 -0.457593 0.435198 3.361882
1 inf -8.756714 -0.618729 -0.283075 -1.487058 -1.001125 3.252309 0.556180 2.270799 0.121581 0.939594 1.567199 0.342299 10.140193 -0.422228 -0.422891 0.404461 3.328558
1 inf -8.724165 -0.609508 -0.281106 -1.485486 -1.013987 3.259588 0.566344 2.264689 0.147645 0.953156 1.547430 0.334342 10.138031 -0.408470 -0.463194 0.422999 3.345724
1 inf -8.719496 -0.652666 -0.254375 -1.495542 -1.042009 3.262647 0.576885 2.303371 0.154956 0.925859 1.520261 0.350248 10.130476 -0.348041 -0.452309 0.433911 3.350850
1 inf -8.725262 -0.624564 -0.246268 -1.484056 -1.074231 3.272500 0.595751 2.317118 0.106812 0.932595 1.520134 0.349657 10.131541 -0.357051 -0.475082 0.452263 3.354190
1 inf -8.727680 -0.639024 -0.231910 -1.490818 -1.063811 3.280210 0.606268 2.329927 0.073958 0.969633 1.526863 0.335858 10.120850 -0.317509 -0.516114 0.440349 3.329523
1 inf -8.733090 -0.680912 -0.238345 -1.503555 -1.060300 3.300209 0.617924 2.325774 0.104176 0.932910 1.535318 0.363674 10.100023 -0.334241 -0.490664 0.467539 3.332579
1 inf -8.754635 -0.641842 -0.234216 -1.521939 -1.072330 3.256928 0.630826 2.317446 0.087739 0.948485 1.550368 0.387078 10.078039 -0.346551 -0.474142 0.471884 3.349525
1 inf -8.769269 -0.642556 -0.235827 -1.502588 -1.090434 3.255151 0.589865 2.314948 0.110238 0.973681 1.546797 0.386830 10.075656 -0.311772 -0.466760 0.449120 3.368102
1 inf -8.792027 -0.658316 -0.223861 -1.484889 -1.061887 3.311972 0.590954 2.315646 0.112576 0.987559 1.540390 0.347617 10.085428 -0.347880 -0.465978 0.431609 3.386689
1 inf -8.790466 -0.652531 -0.240781 -1.483225 -1.049600 3.320780 0.609814 2.292858 0.093259 0.999519 1.554683 0.380069 10.088876 -0.354961 -0.468825 0.412077 3.370422
1 inf -8.776467 -0.652972 -0.174407 -1.514486 -1.049363 3.332558 0.595135 2.326919 0.130128 0.957507 1.558503 0.343541 10.090609 -0.346013 -0.476309 0.430829 3.339090
1 inf -8.792070 -0.656655 -0.213765 -1.512326 -1.029644 3.377595 0.552419 2.338154 0.161739 0.977406 1.580092 0.359031 10.117183 -0.351925 -0.479756 0.438614 3.327856
1 inf -8.826248 -0.638501 -0.221430 -1.490442 -1.018632 3.414577 0.537864 2.314826 0.165895 0.968264 1.601710 0.347335 10.105990 -0.378044 -0.474511 0.456768 3.330418
1 inf -8.842559 -0.642442 -0.260018 -1.492250 -1.027763 3.444027 0.529702 2.318847 0.151204 0.961970 1.612549 0.326111 10.097435 -0.371287 -0.507741 0.483348 3.304382
1 inf -8.849837 -0.612277 -0.284358 -1.520099 -1.042566 3.442019 0.514142 2.290863 0.137664 0.965346 1.635824 0.360197 10.138870 -0.404878 -0.517227 0.477571 3.291404
1 inf -8.872728 -0.608263 -0.265193 -1.522262 -1.049141 3.442236 0.486946 2.279709 0.123119 0.936878 1.637810 0.387159 10.143694 -0.333966 -0.536754 0.455749 3.305398
1 inf -8.846015 -0.571455 -0.287380 -1.500723 -1.046552 3.452430 0.492914 2.251485 0.117694 0.907376 1.686840 0.409670 10.141953 -0.370481 -0.530835 0.436537 3.260668
1 inf -8.896291 -0.544970 -0.329371 -1.499947 -1.020495 3.461138 0.480131 2.238068 0.093269 0.913996 1.680825 0.414588 10.110644 -0.369425 -0.522715 0.493402 3.248415
1 inf -8.952059 -0.550529 -0.372931 -1.476433 -1.047674 3.471479 0.482069 2.232782 0.126154 0.930045 1.635467 0.411955 10.125250 -0.360823 -0.539284 0.516372 3.250183
1 inf -8.955083 -0.555446 -0.408567 -1.407386 -1.028818 3.450904 0.490234 2.243338 0.082939 0.916838 1.675737 0.410221 10.110430 -0.347811 -0.542321 0.539035 3.268006
1 inf -8.966224 -0.548727 -0.410925 -1.401416 -1.049442 3.421904 0.479945 2.254860 0.070069 0.868371 1.677050 0.435661 10.059416 -0.307340 -0.555410 0.526839 3.238337
1 inf -8.967557 -0.554551 -0.455057 -1.419308 -1.016020 3.426344 0.519701 2.232048 0.040332 0.879776 1.725145 0.436710 10.043705 -0.311354 -0.535446 0.523756 3.291206
1 inf -8.966904 -0.545960 -0.463902 -1.420701 -1.010052 3.445246 0.524377 2.191679 0.076544 0.869004 1.745060 0.444081 10.049092 -0.310384 -0.548937 0.513665 3.290533
1 inf -9.000277 -0.552157 -0.468352 -1.399149 -1.029179 3.430384 0.514597 2.172537 0.091148 0.848852 1.770655 0.428763 10.043453 -0.300588 -0.563430 0.527511 3.267940
1 inf -9.021995 -0.514860 -0.461923 -1.367655 -1.027221 3.382454 0.513304 2.166423 0.064286 0.818620 1.746663 0.434904 10.062607 -0.283675 -0.546322 0.513915 3.246598
1 inf -9.008411 -0.549944 -0.474743 -1.370766 -1.060064 3.414428 0.519345 2.161337 0.048768 0.788384 1.749137 0.423999 10.104269 -0.242621 -0.526672 0.509837 3.233739
1 inf -8.980397 -0.523190 -0.480787 -1.388244 -1.068660 3.390811 0.501230 2.139786 0.069988 0.792140 1.781043 0.452432 10.105348 -0.234113 -0.581395 0.499664 3.242682
1 inf -8.942983 -0.523894 -0.459843 -1.392288 -1.096558 3.384325 0.487588 2.132362 0.064504 0.791129 1.802269 0.462687 10.136793 -0.255243 -0.597559 0.515610 3.236840
1 inf -8.951970 -0.530355 -0.464272 -1.402529 -1.069521 3.408335 0.476294 2.138339 0.079278 0.822114 1.817929 0.463324 10.145795 -0.218780 -0.602265 0.497200 3.253052
1 inf -8.950511 -0.546754 -0.457982 -1.352585 -1.057600 3.391080 0.517503 2.136754 0.013891 0.787237 1.819897 0.459592 10.126405 -0.179059 -0.615486 0.487134 3.262473
1 inf -8.935159 -0.537089 -0.469067 -1.357057 -1.076463 3.380076 0.538437 2.117359 0.000246 0.769681 1.849934 0.450377 10.114945 -0.201599 -0.640274 0.495586 3.268327
1 inf -8.940201 -0.541161 -0.434200 -1.321915 -1.063481 3.406238 0.566689 2.103396 -0.002765 0.782908 1.863583 0.423213 10.131975 -0.205753 -0.607044 0.463199 3.295394
1 inf -8.929878 -0.533751 -0.461419 -1.356495 -1.044409 3.412939 0.504375 2.070323 0.015234 0.794939 1.885392 0.415802 10.135190 -0.191256 -0.601522 0.476092 3.281279
1 inf -8.945481 -0.537434 -0.500777 -1.354335 -1.024690 3.457976 0.461659 2.081558 0.046845 0.814838 1.906981 0.431292 10.161764 -0.197168 -0.604969 0.483877 3.270045
1 inf -8.978570 -0.515406 -0.480937 -1.322067 -1.001254 3.416858 0.475469 2.048266 0.058394 0.797818 1.928284 0.448760 10.131523 -0.215023 -0.613563 0.520991 3.223479
1 inf -8.953253 -0.499213 -0.471489 -1.324094 -1.021594 3.404851 0.478080 2.083799 0.068333 0.797728 1.920538 0.429320 10.101930 -0.179478 -0.603369 0.519087 3.220621
1 inf -8.961862 -0.523147 -0.449903 -1.316585 -1.027832 3.416511 0.458316 2.052325 0.060798 0.829564 1.915830 0.446341 10.075230 -0.209659 -0.603405 0.531941 3.219509
1 inf -8.926421 -0.502497 -0.433633 -1.322152 -1.029488 3.373931 0.480175 2.041948 0.066029 0.842419 1.938597 0.457156 10.071370 -0.195896 -0.638992 0.533164 3.234912
1 inf -8.946043 -0.521598 -0.406769 -1.377393 -1.023464 3.381611 0.486016 2.024515 0.083497 0.857871 1.953147 0.463896 10.096862 -0.205551 -0.617497 0.552473 3.231529
1 inf -8.932370 -0.530420 -0.401978 -1.388215 -1.021102 3.364037 0.478002 1.996020 0.047828 0.855020 1.928592 0.499792 10.068470 -0.200637 -0.619520 0.562291 3.233281
1 inf -8.963870 -0.528340 -0.408707 -1.371793 -1.024146 3.379805 0.512538 2.005371 0.044606 0.868647 1.947302 0.500184 10.084304 -0.222601 -0.609924 0.518181 3.267063
1 inf -8.997808 -0.565533 -0.442180 -1.333649 -1.013890 3.392031 0.496286 1.988195 0.046061 0.884355 1.936532 0.540341 10.108572 -0.258907 -0.609442 0.539095 3.255841
1 inf -8.978895 -0.575035 -0.447673 -1.338956 -1.027668 3.368840 0.474445 1.978493 0.073070 0.894453 1.945439 0.518954 10.139562 -0.256332 -0.586198 0.521038 3.235876
1 inf -8.980778 -0.607483 -0.453755 -1.329074 -1.028683 3.347844 0.461742 1.950510 0.027704 0.903703 1.962781 0.521907 10.095497 -0.231968 -0.586435 0.512305 3.226614
1 inf -8.978319 -0.574008 -0.428738 -1.337641 -1.024681 3.387046 0.492320 1.953388 0.020870 0.898257 1.978544 0.530897 10.055280 -0.240985 -0.623560 0.519692 3.196879
1 inf -8.967888 -0.605141 -0.454129 -1.293068 -1.064069 3.379723 0.498587 1.955548 0.007711 0.915105 1.985213 0.555549 10.051717 -0.243751 -0.599827 0.518762 3.210366
1 inf -8.929721 -0.616020 -0.453218 -1.292142 -1.084073 3.387842 0.510109 1.943822 0.035576 0.892044 1.997151 0.579063 10.094167 -0.222647 -0.628342 0.517109 3.195642
1 inf -8.931260 -0.597678 -0.503431 -1.291465 -1.047473 3.396094 0.516366 1.892805 0.046822 0.889147 1.973451 0.628617 10.048603 -0.206156 -0.635012 0.530723 3.219295
1 inf -8.937430 -0.580006 -0.529511 -1.290122 -1.050093 3.367749 0.545877 1.887981 0.029656 0.916274 1.985703 0.647524 10.009029 -0.191269 -0.639029 0.545938 3.241519
1 inf -8.912416 -0.552029 -0.509810 -1.301663 -1.048715 3.360152 0.556852 1.871889 0.053415 0.947011 1.963939 0.663208 9.978653 -0.244366 -0.679277 0.549606 3.266520
1 inf -8.881807 -0.527550 -0.486875 -1.303180 -1.076206 3.303015 0.568683 1.912749 0.036708 0.955464 2.002535 0.639688 9.983099 -0.226303 -0.663538 0.550915 3.283943
1 inf -8.869748 -0.535515 -0.487966 -1.292354 -1.103304 3.297548 0.567265 1.913949 0.052023 0.922277 1.995170 0.626420 9.971311 -0.230319 -0.710731 0.576547 3.282967
1 inf -8.879263 -0.538070 -0.462599 -1.283205 -1.117839 3.318438 0.507437 1.938356 0.024659 0.939975 1.992828 0.588923 10.006996 -0.261944 -0.700755 0.575103 3.269258
1 inf -8.854792 -0.536549 -0.422302 -1.250601 -1.117297 3.306479 0.461482 1.877283 0.009661 0.960897 1.978142 0.580126 10.024867 -0.250716 -0.695420 0.584165 3.260876
1 inf -8.870395 -0.540232 -0.461660 -1.248441 -1.097578 3.351516 0.418766 1.888518 0.041272 0.980796 1.999731 0.595616 10.051441 -0.256628 -0.698867 0.591950 3.249642
1 inf -8.864381 -0.533323 -0.428731 -1.252737 -1.079714 3.369583 0.394485 1.890052 -0.003842 0.988985 1.969634 0.599833 10.064390 -0.267207 -0.660667 0.589440 3.235978
1 inf -8.847026 -0.542573 -0.458413 -1.241009 -1.110490 3.319498 0.413496 1.907481 -0.007591 0.967263 1.976175 0.602675 10.048540 -0.247857 -0.704015 0.531655 3.235882
1 inf -8.820917 -0.500754 -0.463999 -1.269290 -1.110395 3.291723 0.413258 1.875154 0.035029 0.983611 2.011797 0.543666 10.019586 -0.246318 -0.690668 0.494022 3.228097
1 inf -8.820998 -0.492208 -0.467753 -1.247740 -1.140025 3.302431 0.389487 1.824160 0.033719 0.956296 2.037554 0.534795 10.009421 -0.260239 -0.704298 0.511203 3.268049
1 inf -8.836174 -0.493300 -0.469115 -1.279417 -1.164868 3.334082 0.385566 1.819900 0.014217 0.942757 2.035387 0.527714 10.034360 -0.223963 -0.692703 0.480356 3.261360
1 inf -8.827160 -0.482053 -0.434829 -1.284800 -1.164069 3.335619 0.409528 1.805460 0.005827 0.987912 2.033532 0.488336 10.056063 -0.218781 -0.671575 0.467144 3.245577
1 inf -8.807027 -0.475508 -0.429746 -1.290586 -1.149222 3.347067 0.407780 1.817576 0.016408 0.964211 2.063000 0.525802 10.052052 -0.209338 -0.652469 0.480461 3.239681
1 inf -8.792948 -0.492362 -0.432793 -1.311995 -1.141586 3.330380 0.385216 1.804592 0.014698 0.938540 2.062479 0.515594 10.042743 -0.213357 -0.650224 0.468426 3.192817
1 inf -8.802343 -0.484576 -0.411767 -1.316679 -1.180934 3.300415 0.395327 1.802858 0.008906 0.968150 2.054168 0.512527 10.060776 -0.203311 -0.678492 0.453452 3.151287
1 inf -8.814730 -0.492787 -0.390978 -1.319971 -1.143273 3.318635 0.383322 1.793237 -0.011945 0.986604 2.050138 0.531389 10.112539 -0.217961 -0.689504 0.465123 3.142287
1 inf -8.792862 -0.511595 -0.388325 -1.317930 -1.154396 3.322241 0.355621 1.783126 -0.031502 0.946880 2.036761 0.518229 10.097981 -0.195302 -0.684843 0.478150 3.125364
1 inf -8.777873 -0.523604 -0.377419 -1.325564 -1.171036 3.335253 0.366749 1.815437 -0.019225 0.892584 2.037507 0.522313 10.118167 -0.177994 -0.660380 0.469560 3.102290
1 inf -8.789961 -0.518045 -0.361004 -1.351847 -1.194735 3.297599 0.365435 1.817477 -0.042147 0.871105 2.073726 0.538328 10.106408 -0.219720 -0.654286 0.447355 3.052340
1 inf -8.775067 -0.512740 -0.326594 -1.353198 -1.203670 3.260994 0.367843 1.808346 -0.066858 0.845791 2.100945 0.542458 10.096454 -0.205149 -0.649722 0.442562 3.054198
1 inf -8.736691 -0.499258 -0.305465 -1.382526 -1.180836 3.268035 0.379494 1.813833 -0.063561 0.852120 2.076761 0.530558 10.128589 -0.245592 -0.676474 0.414740 3.055024
1 inf -8.712346 -0.490538 -0.250182 -1.346368 -1.188852 3.261190 0.387055 1.799028 -0.055706 0.839121 2.107689 0.530051 10.160109 -0.232503 -0.676787 0.407911 3.071816
1 inf -8.688598 -0.513766 -0.231434 -1.323265 -1.187264 3.232587 0.395861 1.797629 -0.099407 0.865505 2.092273 0.517108 10.141825 -0.249128 -0.700565 0.393640 3.115146
1 inf -8.690204 -0.539075 -0.270668 -1.344299 -1.227399 3.232952 0.410814 1.807808 -0.105129 0.868508 2.083776 0.537230 10.112370 -0.226691 -0.681754 0.405827 3.156615
1 inf -8.660624 -0.515519 -0.253290 -1.388945 -1.218918 3.228864 0.420454 1.825892 -0.117746 0.888002 2.087583 0.516013 10.067786 -0.210224 -0.692269 0.398029 3.182375
1 inf -8.684281 -0.487679 -0.230279 -1.386232 -1.241271 3.216148 0.451854 1.834978 -0.110777 0.891568 2.083634 0.495785 10.057559 -0.216855 -0.675492 0.352990 3.206793
1 inf -8.699884 -0.491362 -0.269637 -1.384072 -1.221552 3.261185 0.409138 1.846213 -0.079166 0.911467 2.105223 0.511275 10.084133 -0.222767 -0.678939 0.360775 3.195559
1 inf -8.657309 -0.529292 -0.245868 -1.390427 -1.173007 3.294547 0.425697 1.797632 -0.098493 0.935377 2.081858 0.513549 10.080884 -0.217248 -0.672497 0.389076 3.204336
1 inf -8.646506 -0.522101 -0.251694 -1.408534 -1.191451 3.321117 0.465391 1.816760 -0.081559 0.928379 2.059601 0.518336 10.091862 -0.210047 -0.666139 0.394219 3.212870
1 inf -8.664986 -0.515437 -0.243746 -1.395817 -1.205322 3.360241 0.442351 1.845066 -0.073492 0.934447 2.043209 0.499563 10.120144 -0.221602 -0.668055 0.405054 3.187241
1 inf -8.656225 -0.526223 -0.253289 -1.429877 -1.228932 3.404324 0.461515 1.838198 -0.051648 0.922354 2.049184 0.498317 10.119025 -0.214185 -0.706831 0.393177 3.177843
1 inf -8.674230 -0.525327 -0.224757 -1.438228 -1.193532 3.403752 0.469261 1.852543 -0.027407 0.913789 2.087815 0.486970 10.127086 -0.225121 -0.693679 0.397060 3.173622
1 inf -8.658767 -0.537013 -0.256324 -1.434274 -1.197262 3.410715 0.424032 1.888641 -0.040661 0.909640 2.064650 0.512264 10.075230 -0.221451 -0.692204 0.390305 3.146597
1 inf -8.677721 -0.528507 -0.256027 -1.461505 -1.208245 3.419145 0.421582 1.865141 -0.046375 0.901628 2.079152 0.525201 10.108856 -0.251825 -0.704371 0.345537 3.146662
1 inf -8.730772 -0.541370 -0.269471 -1.479379 -1.200433 3.388266 0.443210 1.870685 -0.054257 0.898538 2.107864 0.494887 10.130752 -0.266268 -0.694433 0.381192 3.136784
1 inf -8.704344 -0.569939 -0.248152 -1.523553 -1.200977 3.364249 0.436240 1.900594 -0.048346 0.901104 2.103050 0.452947 10.163721 -0.299861 -0.721370 0.392982 3.127280
1 inf -8.752793 -0.546332 -0.231921 -1.550881 -1.216139 3.362521 0.441934 1.873545 -0.059127 0.919279 2.077446 0.461555 10.159790 -0.282969 -0.708294 0.436292 3.116935
1 inf -8.750614 -0.548552 -0.266335 -1.523128 -1.247445 3.361937 0.422168 1.844800 -0.054259 0.903846 2.080182 0.483331 10.159799 -0.282120 -0.696873 0.471166 3.110175
1 inf -8.723906 -0.540837 -0.261142 -1.542566 -1.268685 3.332376 0.428780 1.839705 -0.081520 0.910446 2.091234 0.486213 10.183388 -0.260911 -0.716811 0.461762 3.100315
1 inf -8.698505 -0.523591 -0.235635 -1.570389 -1.327553 3.336221 0.457605 1.861023 -0.091516 0.924158 2.080403 0.520169 10.217732 -0.325481 -0.749902 0.468069 3.099195
1 inf -8.714108 -0.527274 -0.274993 -1.568229 -1.307834 3.381258 0.414889 1.872258 -0.059905 0.944057 2.101992 0.535659 10.244306 -0.331393 -0.753349 0.475854 3.087961
1 inf -8.711051 -0.576199 -0.285766 -1.550099 -1.309206 3.358691 0.381653 1.824003 -0.048708 0.960683 2.117021 0.505812 10.224963 -0.348698 -0.771923 0.475885 3.088030
1 inf -8.702340 -0.554388 -0.305849 -1.559324 -1.310955 3.335022 0.334315 1.815514 -0.022155 0.980495 2.109953 0.558959 10.233055 -0.311248 -0.797873 0.489242 3.097242
1 inf -8.685338 -0.565673 -0.324016 -1.550954 -1.356850 3.336926 0.367328 1.828310 -0.060216 0.987107 2.145869 0.561505 10.206869 -0.280560 -0.799902 0.451701 3.079187
1 inf -8.720654 -0.535777 -0.339724 -1.561443 -1.375779 3.328746 0.365316 1.837573 -0.055586 0.947791 2.148549 0.573645 10.244091 -0.299404 -0.799668 0.469232 3.063932
1 inf -8.739581 -0.533644 -0.343269 -1.574297 -1.389521 3.313102 0.337961 1.868675 -0.064520 0.914132 2.135373 0.555571 10.274780 -0.292476 -0.774698 0.456706 3.037848
1 inf -8.771509 -0.503528 -0.318385 -1.580730 -1.350403 3.312045 0.326374 1.862152 -0.082211 0.932108 2.110479 0.576546 10.253269 -0.281553 -0.788446 0.416708 3.063575
1 inf -8.749074 -0.517452 -0.325944 -1.611757 -1.358636 3.319863 0.325521 1.902773 -0.070922 0.938538 2.117562 0.569772 10.259183 -0.332954 -0.778777 0.410677 3.076370
1 inf -8.723179 -0.515403 -0.324986 -1.619335 -1.377793 3.346374 0.325073 1.918421 -0.060114 0.945415 2.124388 0.562145 10.265589 -0.356952 -0.770115 0.396885 3.071000
1 inf -8.749413 -0.505546 -0.293684 -1.592508 -1.364163 3.358068 0.299887 1.952988 -0.069369 0.945415 2.144921 0.569772 10.268088 -0.324811 -0.802794 0.410708 3.049446
1 inf -8.752028 -0.517464 -0.271683 -1.596038 -1.364486 3.354266 0.333066 1.966706 -0.054007 0.912642 2.141409 0.584621 10.278524 -0.357522 -0.841898 0.377606 3.028147
1 inf -8.760632 -0.518934 -0.290864 -1.582202 -1.401126 3.344129 0.308661 1.957086 -0.026618 0.924982 2.130775 0.576969 10.288022 -0.344658 -0.815382 0.381367 3.014447
1 inf -8.759764 -0.520893 -0.284897 -1.602658 -1.415020 3.365181 0.312852 1.970156 -0.035030 0.936795 2.098871 0.551108 10.285569 -0.354333 -0.809390 0.368368 3.041699
1 inf -8.793386 -0.532234 -0.305118 -1.635442 -1.441799 3.382378 0.316985 1.953367 -0.026395 0.935080 2.102326 0.530988 10.304544 -0.379005 -0.813311 0.382975 3.064348
1 inf -8.806516 -0.525049 -0.283707 -1.625991 -1.458247 3.378486 0.337977 1.967923 -0.025487 0.930971 2.089419 0.547781 10.322460 -0.355554 -0.843374 0.383705 3.071828
1 inf -8.790714 -0.548756 -0.315604 -1.643911 -1.450092 3.366899 0.352772 1.993698 -0.037871 0.884952 2.085194 0.557048 10.291541 -0.361644 -0.837501 0.356786 3.054755
1 inf -8.801981 -0.560808 -0.324988 -1.645827 -1.461948 3.405636 0.365177 2.007765 -0.066308 0.917223 2.113400 0.548864 10.299211 -0.394464 -0.834956 0.368374 3.053048
1 inf -8.764100 -0.560176 -0.313116 -1.663283 -1.468389 3.408127 0.342678 1.967968 -0.037055 0.917465 2.127517 0.540607 10.300179 -0.387951 -0.832620 0.374717 3.061145
1 inf -8.753114 -0.519202 -0.286695 -1.677735 -1.470356 3.352131 0.322841 1.955191 -0.025539 0.915924 2.103821 0.505040 10.270916 -0.379036 -0.803639 0.384133 3.072050
1 inf -8.769539 -0.542960 -0.235853 -1.649570 -1.479901 3.331044 0.316483 1.974021 -0.048704 0.907554 2.112158 0.463400 10.265761 -0.387919 -0.787575 0.361575 3.080758
1 inf -8.772797 -0.505882 -0.232006 -1.656635 -1.477526 3.315948 0.301904 1.981404 -0.028974 0.917619 2.089213 0.458090 10.305861 -0.357077 -0.759065 0.368976 3.100949
1 inf -8.788400 -0.509565 -0.271364 -1.654475 -1.457807 3.360985 0.259188 1.992639 0.002637 0.937518 2.110802 0.473580 10.332435 -0.362989 -0.762512 0.376761 3.089715
1 inf -8.759136 -0.511864 -0.267635 -1.648236 -1.442501 3.332232 0.281779 2.001982 -0.012332 0.913392 2.124211 0.448363 10.355279 -0.389912 -0.759955 0.361379 3.088322
1 inf -8.759815 -0.502436 -0.222295 -1.648883 -1.402541 3.355939 0.264174 1.992666 -0.018719 0.933129 2.107143 0.450804 10.364206 -0.390125 -0.769297 0.397415 3.053918
1 inf -8.726234 -0.495899 -0.222951 -1.661930 -1.396811 3.362609 0.219919 1.966895 0.013760 0.967486 2.097280 0.487195 10.362432 -0.394993 -0.768076 0.427483 3.082787
1 inf -8.719024 -0.519830 -0.236702 -1.641328 -1.393998 3.387240 0.218491 1.945031 0.003463 0.966490 2.092693 0.497318 10.381682 -0.366558 -0.722351 0.412373 3.076691
1 inf -8.753892 -0.540424 -0.207478 -1.619675 -1.402768 3.370985 0.204215 1.964504 0.044429 0.987303 2.100902 0.520878 10.389447 -0.300852 -0.675747 0.431878 3.057629
1 inf -8.756682 -0.538028 -0.199858 -1.579274 -1.398374 3.344924 0.220923 1.983730 0.033841 0.973228 2.117348 0.550368 10.378780 -0.300773 -0.674984 0.442490 3.054918
1 inf -8.808952 -0.526619 -0.197888 -1.621014 -1.385811 3.297350 0.197616 2.041451 0.051404 0.940017 2.163012 0.555964 10.347031 -0.306937 -0.625211 0.439110 3.027010
1 inf -8.780411 -0.539731 -0.207938 -1.654551 -1.426562 3.249965 0.203278 2.068084 0.033330 0.945973 2.192573 0.533307 10.345478 -0.309459 -0.609388 0.471041 2.995295
1 inf -8.777718 -0.509677 -0.217745 -1.648544 -1.457310 3.233313 0.201271 2.076141 0.026230 0.944781 2.217651 0.532378 10.313519 -0.274927 -0.622423 0.460929 2.993461
1 inf -8.775591 -0.492029 -0.230779 -1.690045 -1.450033 3.243731 0.204181 2.072983 0.019268 0.932584 2.213809 0.518259 10.334816 -0.249219 -0.609958 0.482513 3.033027
1 inf -8.730435 -0.499339 -0.225955 -1.702004 -1.458487 3.237988 0.193548 2.036263 0.012723 0.896269 2.207096 0.518233 10.368648 -0.253640 -0.589220 0.507750 3.041657
1 inf -8.745719 -0.484248 -0.247966 -1.710378 -1.439983 3.221870 0.178247 2.069460 -0.027362 0.867672 2.181138 0.514281 10.383833 -0.223664 -0.597304 0.503266 3.036370
1 inf -8.769983 -0.480888 -0.226039 -1.706731 -1.439547 3.234834 0.172045 2.057940 -0.010611 0.885239 2.193691 0.500663 10.397628 -0.209026 -0.627995 0.524001 3.028575
1 inf -8.749507 -0.481584 -0.238246 -1.676123 -1.436695 3.227040 0.169779 2.074524 -0.012775 0.910372 2.143392 0.465357 10.387889 -0.219572 -0.622268 0.540925 3.001889
1 inf -8.770207 -0.508131 -0.216146 -1.707667 -1.418828 3.201579 0.197135 2.073938 -0.019779 0.903196 2.128238 0.463283 10.416982 -0.223455 -0.597279 0.520256 3.001429
1 inf -8.746788 -0.521639 -0.225709 -1.679971 -1.442315 3.225238 0.191327 2.042817 0.008640 0.917829 2.128965 0.462906 10.422082 -0.219073 -0.599591 0.549002 2.999738
1 inf -8.729308 -0.525504 -0.222631 -1.699921 -1.443342 3.237306 0.187354 2.028256 0.011000 0.940181 2.120288 0.475003 10.390554 -0.210855 -0.606523 0.538784 3.033873
1 inf -8.732186 -0.555318 -0.227355 -1.719976 -1.436164 3.263024 0.213567 2.008039 0.029319 0.921443 2.112104 0.500270 10.403967 -0.231507 -0.585137 0.512750 3.017827
1 inf -8.738114 -0.556770 -0.225174 -1.694855 -1.451141 3.276837 0.202342 2.013488 0.033655 0.939754 2.103578 0.470986 10.444983 -0.252180 -0.556241 0.505492 3.000706
1 inf -8.756391 -0.571421 -0.255171 -1.702389 -1.424502 3.313819 0.185291 2.040738 0.043983 0.971462 2.134395 0.455590 10.458893 -0.251991 -0.555870 0.525029 2.994763
1 inf -8.771994 -0.575104 -0.294529 -1.700229 -1.404783 3.358856 0.142575 2.051973 0.075594 0.991361 2.155984 0.471080 10.485467 -0.257903 -0.559317 0.532814 2.983529
1 inf -8.759704 -0.575250 -0.315534 -1.709400 -1.420949 3.354617 0.132489 2.043293 0.072584 0.997569 2.143759 0.483787 10.499876 -0.243643 -0.545557 0.502005 2.970695
1 inf -8.745636 -0.557393 -0.275160 -1.718034 -1.394474 3.358267 0.153421 2.039964 0.041759 0.982791 2.133062 0.519379 10.543816 -0.259164 -0.557876 0.507333 2.942770
1 inf -8.759213 -0.594037 -0.279364 -1.693647 -1.438518 3.374972 0.155357 2.039767 0.041777 0.993716 2.137327 0.511354 10.557599 -0.228927 -0.558692 0.476433 2.953564
1 inf -8.737877 -0.606104 -0.289312 -1.715862 -1.470712 3.406401 0.125777 2.022325 0.029707 0.985987 2.170711 0.542429 10.572201 -0.222862 -0.555170 0.461202 2.967307
