1 inf -8.472245 -0.706857 -0.121234 -2.579141 -1.136412 2.859144 0.015339 2.957750 -0.247059 0.720784 2.016535 -0.105031 10.276597 -0.581096 -0.249053 0.585613 3.724134
1 inf -8.443683 -0.717526 -0.162286 -2.581528 -1.127287 2.856405 0.015858 2.977850 -0.213125 0.690034 2.009112 -0.113032 10.299236 -0.612814 -0.224994 0.618220 3.688946
1 inf -8.451797 -0.699974 -0.153510 -2.571262 -1.092403 2.932777 0.006199 2.982014 -0.221244 0.699434 1.998029 -0.146368 10.313267 -0.588743 -0.254328 0.593541 3.701176
1 inf -8.465454 -0.689861 -0.163370 -2.576055 -1.070009 2.926124 -0.011888 2.970254 -0.191749 0.687565 2.030903 -0.129276 10.335671 -0.543283 -0.284682 0.609848 3.745078
1 inf -8.464624 -0.706572 -0.241119 -2.574571 -1.075457 2.937005 -0.016701 2.963502 -0.173744 0.682466 1.990819 -0.144634 10.318819 -0.531636 -0.280181 0.583986 3.732114
1 inf -8.467070 -0.680402 -0.241850 -2.573389 -1.089067 2.904116 -0.050199 2.956813 -0.188185 0.696643 2.006712 -0.176924 10.325687 -0.534963 -0.267089 0.581085 3.786217
1 inf -8.458560 -0.680596 -0.257527 -2.559488 -1.067427 2.912429 -0.024588 2.965632 -0.164368 0.696170 1.969375 -0.203964 10.311004 -0.582561 -0.288717 0.591479 3.787025
1 inf -8.447418 -0.699438 -0.257880 -2.603445 -1.091890 2.908928 -0.035089 2.945556 -0.172873 0.712691 1.954675 -0.228596 10.313818 -0.598196 -0.277216 0.602354 3.767959
1 inf -8.452111 -0.701150 -0.260833 -2.576385 -1.110934 2.905343 -0.042236 2.936516 -0.156072 0.685599 1.924613 -0.220912 10.330251 -0.597007 -0.275507 0.595996 3.766640
1 inf -8.475796 -0.668287 -0.228683 -2.585525 -1.100355 2.900147 -0.070092 2.958872 -0.154707 0.701257 1.940624 -0.213675 10.346863 -0.609896 -0.300022 0.587695 3.768984
1 inf -8.495331 -0.692953 -0.256392 -2.579014 -1.045138 2.873838 -0.047147 2.938090 -0.173676 0.692845 1.932796 -0.206635 10.352040 -0.638226 -0.296194 0.576917 3.804060
1 inf -8.465908 -0.716431 -0.254301 -2.561159 -1.064223 2.871233 -0.048307 2.930402 -0.174818 0.689925 1.914457 -0.187870 10.378471 -0.633408 -0.265751 0.577319 3.837023
1 276.13142 -8.473248 -0.723008 -0.223696 -2.565259 -1.073000 2.918723 -0.027516 2.960979 -0.153863 0.677729 1.913434 -0.140088 10.375827 -0.649308 -0.229725 0.541397 3.806218
1 276.13142 -8.473248 -0.723008 -0.223696 -2.565259 -1.073000 2.918723 -0.027516 2.960979 -0.153863 0.677729 1.913434 -0.140088 10.375827 -0.649308 -0.229725 0.541397 3.806218
1 244.66154 -8.458642 -0.660229 -0.217617 -2.574457 -1.072501 2.928398 -0.019634 2.950944 -0.133588 0.672153 1.921200 -0.174518 10.358019 -0.676226 -0.221901 0.537444 3.790977
1 244.66154 -8.458642 -0.660229 -0.217617 -2.574457 -1.072501 2.928398 -0.019634 2.950944 -0.133588 0.672153 1.921200 -0.174518 10.358019 -0.676226 -0.221901 0.537444 3.790977
1 244.66154 -8.458642 -0.660229 -0.217617 -2.574457 -1.072501 2.928398 -0.019634 2.950944 -0.133588 0.672153 1.921200 -0.174518 10.358019 -0.676226 -0.221901 0.537444 3.790977
1 244.66154 -8.458642 -0.660229 -0.217617 -2.574457 -1.072501 2.928398 -0.019634 2.950944 -0.133588 0.672153 1.921200 -0.174518 10.358019 -0.676226 -0.221901 0.537444 3.790977
1 208.32744 -8.462795 -0.646344 -0.221037 -2.582360 -1.086057 2.961383 -0.022597 2.937326 -0.110405 0.680708 1.917951 -0.172208 10.384938 -0.675564 -0.212469 0.551044 3.763350
1 197.34283 -8.475538 -0.656415 -0.245612 -2.587903 -1.073679 2.950750 -0.036999 2.940499 -0.096334 0.674740 1.970707 -0.181962 10.409476 -0.636029 -0.252614 0.549761 3.766049
1 158.41893 -8.477939 -0.659871 -0.232461 -2.574070 -1.106437 3.004291 -0.033064 2.948819 -0.068477 0.699689 1.943650 -0.177027 10.405696 -0.628192 -0.273172 0.548498 3.795777
1 158.41893 -8.477939 -0.659871 -0.232461 -2.574070 -1.106437 3.004291 -0.033064 2.948819 -0.068477 0.699689 1.943650 -0.177027 10.405696 -0.628192 -0.273172 0.548498 3.795777
1 130.78238 -8.471411 -0.677924 -0.211196 -2.558708 -1.134857 3.040977 0.024252 2.922384 -0.051068 0.636353 1.932789 -0.160450 10.384347 -0.611030 -0.276716 0.561332 3.797584
1 119.17415 -8.490312 -0.660595 -0.235730 -2.529735 -1.113097 3.032398 0.019699 2.921534 -0.033775 0.654078 1.896168 -0.173468 10.363960 -0.602595 -0.246323 0.572444 3.804720
1 103.19522 -8.497367 -0.664979 -0.236766 -2.545923 -1.158872 3.045562 -0.007906 2.925913 -0.009735 0.661905 1.924493 -0.180257 10.384525 -0.588445 -0.305427 0.594529 3.808598
1 103.19522 -8.497367 -0.664979 -0.236766 -2.545923 -1.158872 3.045562 -0.007906 2.925913 -0.009735 0.661905 1.924493 -0.180257 10.384525 -0.588445 -0.305427 0.594529 3.808598
1 103.19522 -8.497367 -0.664979 -0.236766 -2.545923 -1.158872 3.045562 -0.007906 2.925913 -0.009735 0.661905 1.924493 -0.180257 10.384525 -0.588445 -0.305427 0.594529 3.808598
1 101.80889 -8.525651 -0.644147 -0.240368 -2.526327 -1.139019 3.068945 -0.010328 2.935539 -0.014091 0.660832 1.960533 -0.209359 10.425619 -0.593057 -0.327073 0.578584 3.830879
1 101.80889 -8.525651 -0.644147 -0.240368 -2.526327 -1.139019 3.068945 -0.010328 2.935539 -0.014091 0.660832 1.960533 -0.209359 10.425619 -0.593057 -0.327073 0.578584 3.830879
1 95.057525 -8.545720 -0.640752 -0.214711 -2.532070 -1.138581 3.025664 -0.016000 2.960495 -0.007924 0.651939 1.964282 -0.210756 10.444710 -0.592561 -0.327684 0.624985 3.813720
1 69.059326 -8.537262 -0.649735 -0.207323 -2.532244 -1.112169 3.037226 0.016830 2.971721 0.002971 0.648194 1.977230 -0.170068 10.439061 -0.580667 -0.299993 0.603142 3.799468
1 63.009915 -8.562456 -0.654179 -0.229545 -2.522628 -1.099344 3.034953 0.013446 2.965188 0.023961 0.680792 1.976730 -0.154649 10.428182 -0.580221 -0.298216 0.588087 3.787259
1 62.033546 -8.576495 -0.634835 -0.231469 -2.528889 -1.046828 3.062980 0.035056 2.953345 0.022614 0.709696 2.011923 -0.163475 10.449342 -0.610132 -0.304458 0.576251 3.791907
1 62.033546 -8.576495 -0.634835 -0.231469 -2.528889 -1.046828 3.062980 0.035056 2.953345 0.022614 0.709696 2.011923 -0.163475 10.449342 -0.610132 -0.304458 0.576251 3.791907
1 62.033546 -8.576495 -0.634835 -0.231469 -2.528889 -1.046828 3.062980 0.035056 2.953345 0.022614 0.709696 2.011923 -0.163475 10.449342 -0.610132 -0.304458 0.576251 3.791907
1 54.948233 -8.552263 -0.631079 -0.211932 -2.540908 -1.034683 3.062613 0.022420 2.963905 0.041624 0.713534 2.012111 -0.160323 10.436517 -0.622851 -0.289585 0.589161 3.770742
1 54.948233 -8.552263 -0.631079 -0.211932 -2.540908 -1.034683 3.062613 0.022420 2.963905 0.041624 0.713534 2.012111 -0.160323 10.436517 -0.622851 -0.289585 0.589161 3.770742
1 50.997075 -8.550437 -0.606024 -0.200278 -2.554481 -1.016816 3.078013 0.031033 2.967931 0.074499 0.725876 2.016317 -0.133975 10.449403 -0.632021 -0.324069 0.544277 3.725704
1 49.69017 -8.525515 -0.580678 -0.175350 -2.529203 -1.029269 3.107816 0.048655 2.977823 0.054327 0.743542 2.023971 -0.104129 10.400521 -0.602335 -0.319933 0.540515 3.771558
1 49.69017 -8.525515 -0.580678 -0.175350 -2.529203 -1.029269 3.107816 0.048655 2.977823 0.054327 0.743542 2.023971 -0.104129 10.400521 -0.602335 -0.319933 0.540515 3.771558
1 49.69017 -8.525515 -0.580678 -0.175350 -2.529203 -1.029269 3.107816 0.048655 2.977823 0.054327 0.743542 2.023971 -0.104129 10.400521 -0.602335 -0.319933 0.540515 3.771558
1 49.301644 -8.493695 -0.535013 -0.197142 -2.534769 -1.033226 3.094863 0.088253 2.983332 0.061203 0.712173 2.040032 -0.106934 10.384989 -0.611427 -0.306798 0.545431 3.784580
1 49.301644 -8.493695 -0.535013 -0.197142 -2.534769 -1.033226 3.094863 0.088253 2.983332 0.061203 0.712173 2.040032 -0.106934 10.384989 -0.611427 -0.306798 0.545431 3.784580
1 49.301644 -8.493695 -0.535013 -0.197142 -2.534769 -1.033226 3.094863 0.088253 2.983332 0.061203 0.712173 2.040032 -0.106934 10.384989 -0.611427 -0.306798 0.545431 3.784580
1 48.860954 -8.523654 -0.536327 -0.186648 -2.489496 -1.034446 3.118724 0.118562 2.978045 0.054177 0.666026 2.047223 -0.074391 10.411570 -0.625577 -0.262500 0.545639 3.766983
1 48.567979 -8.529081 -0.566811 -0.204159 -2.484356 -1.061054 3.100990 0.100420 2.982497 0.050116 0.694027 2.056122 -0.075741 10.433353 -0.618977 -0.247711 0.554153 3.737467
1 48.567979 -8.529081 -0.566811 -0.204159 -2.484356 -1.061054 3.100990 0.100420 2.982497 0.050116 0.694027 2.056122 -0.075741 10.433353 -0.618977 -0.247711 0.554153 3.737467
1 48.567979 -8.529081 -0.566811 -0.204159 -2.484356 -1.061054 3.100990 0.100420 2.982497 0.050116 0.694027 2.056122 -0.075741 10.433353 -0.618977 -0.247711 0.554153 3.737467
1 48.567979 -8.529081 -0.566811 -0.204159 -2.484356 -1.061054 3.100990 0.100420 2.982497 0.050116 0.694027 2.056122 -0.075741 10.433353 -0.618977 -0.247711 0.554153 3.737467
1 48.567979 -8.529081 -0.566811 -0.204159 -2.484356 -1.061054 3.100990 0.100420 2.982497 0.050116 0.694027 2.056122 -0.075741 10.433353 -0.618977 -0.247711 0.554153 3.737467
1 48.567979 -8.529081 -0.566811 -0.204159 -2.484356 -1.061054 3.100990 0.100420 2.982497 0.050116 0.694027 2.056122 -0.075741 10.433353 -0.618977 -0.247711 0.554153 3.737467
1 48.567979 -8.529081 -0.566811 -0.204159 -2.484356 -1.061054 3.100990 0.100420 2.982497 0.050116 0.694027 2.056122 -0.075741 10.433353 -0.618977 -0.247711 0.554153 3.737467
1 48.719659 -8.516103 -0.532004 -0.220508 -2.520930 -1.036212 3.105880 0.119130 2.986143 0.059606 0.709199 2.061056 -0.067866 10.456076 -0.629701 -0.242111 0.569453 3.756816
1 48.719659 -8.516103 -0.532004 -0.220508 -2.520930 -1.036212 3.105880 0.119130 2.986143 0.059606 0.709199 2.061056 -0.067866 10.456076 -0.629701 -0.242111 0.569453 3.756816
1 48.719659 -8.516103 -0.532004 -0.220508 -2.520930 -1.036212 3.105880 0.119130 2.986143 0.059606 0.709199 2.061056 -0.067866 10.456076 -0.629701 -0.242111 0.569453 3.756816
1 48.719659 -8.516103 -0.532004 -0.220508 -2.520930 -1.036212 3.105880 0.119130 2.986143 0.059606 0.709199 2.061056 -0.067866 10.456076 -0.629701 -0.242111 0.569453 3.756816
1 48.719659 -8.516103 -0.532004 -0.220508 -2.520930 -1.036212 3.105880 0.119130 2.986143 0.059606 0.709199 2.061056 -0.067866 10.456076 -0.629701 -0.242111 0.569453 3.756816
1 48.719659 -8.516103 -0.532004 -0.220508 -2.520930 -1.036212 3.105880 0.119130 2.986143 0.059606 0.709199 2.061056 -0.067866 10.456076 -0.629701 -0.242111 0.569453 3.756816
1 48.654337 -8.514130 -0.510950 -0.242743 -2.540665 -1.052934 3.110208 0.100048 2.962386 0.055164 0.687574 2.070837 -0.032744 10.443127 -0.649304 -0.215007 0.539732 3.716285
1 48.654337 -8.514130 -0.510950 -0.242743 -2.540665 -1.052934 3.110208 0.100048 2.962386 0.055164 0.687574 2.070837 -0.032744 10.443127 -0.649304 -0.215007 0.539732 3.716285
1 48.654337 -8.514130 -0.510950 -0.242743 -2.540665 -1.052934 3.110208 0.100048 2.962386 0.055164 0.687574 2.070837 -0.032744 10.443127 -0.649304 -0.215007 0.539732 3.716285
1 48.654337 -8.514130 -0.510950 -0.242743 -2.540665 -1.052934 3.110208 0.100048 2.962386 0.055164 0.687574 2.070837 -0.032744 10.443127 -0.649304 -0.215007 0.539732 3.716285
1 48.654337 -8.514130 -0.510950 -0.242743 -2.540665 -1.052934 3.110208 0.100048 2.962386 0.055164 0.687574 2.070837 -0.032744 10.443127 -0.649304 -0.215007 0.539732 3.716285
1 47.811248 -8.510994 -0.512900 -0.256236 -2.522263 -1.073355 3.109246 0.105255 2.982599 0.041516 0.703949 2.080372 -0.006276 10.427615 -0.638413 -0.245392 0.537964 3.718588
1 47.811248 -8.510994 -0.512900 -0.256236 -2.522263 -1.073355 3.109246 0.105255 2.982599 0.041516 0.703949 2.080372 -0.006276 10.427615 -0.638413 -0.245392 0.537964 3.718588
1 47.811248 -8.510994 -0.512900 -0.256236 -2.522263 -1.073355 3.109246 0.105255 2.982599 0.041516 0.703949 2.080372 -0.006276 10.427615 -0.638413 -0.245392 0.537964 3.718588
1 47.811248 -8.510994 -0.512900 -0.256236 -2.522263 -1.073355 3.109246 0.105255 2.982599 0.041516 0.703949 2.080372 -0.006276 10.427615 -0.638413 -0.245392 0.537964 3.718588
1 47.811248 -8.510994 -0.512900 -0.256236 -2.522263 -1.073355 3.109246 0.105255 2.982599 0.041516 0.703949 2.080372 -0.006276 10.427615 -0.638413 -0.245392 0.537964 3.718588
1 47.811248 -8.510994 -0.512900 -0.256236 -2.522263 -1.073355 3.109246 0.105255 2.982599 0.041516 0.703949 2.080372 -0.006276 10.427615 -0.638413 -0.245392 0.537964 3.718588
1 46.660329 -8.501936 -0.517844 -0.250163 -2.517897 -1.077979 3.091932 0.110603 2.974990 0.062678 0.710606 2.066638 0.001557 10.430094 -0.604036 -0.272089 0.553887 3.724744
1 46.660329 -8.501936 -0.517844 -0.250163 -2.517897 -1.077979 3.091932 0.110603 2.974990 0.062678 0.710606 2.066638 0.001557 10.430094 -0.604036 -0.272089 0.553887 3.724744
1 46.660329 -8.501936 -0.517844 -0.250163 -2.517897 -1.077979 3.091932 0.110603 2.974990 0.062678 0.710606 2.066638 0.001557 10.430094 -0.604036 -0.272089 0.553887 3.724744
1 46.660329 -8.501936 -0.517844 -0.250163 -2.517897 -1.077979 3.091932 0.110603 2.974990 0.062678 0.710606 2.066638 0.001557 10.430094 -0.604036 -0.272089 0.553887 3.724744
1 46.660329 -8.501936 -0.517844 -0.250163 -2.517897 -1.077979 3.091932 0.110603 2.974990 0.062678 0.710606 2.066638 0.001557 10.430094 -0.604036 -0.272089 0.553887 3.724744
1 46.660329 -8.501936 -0.517844 -0.250163 -2.517897 -1.077979 3.091932 0.110603 2.974990 0.062678 0.710606 2.066638 0.001557 10.430094 -0.604036 -0.272089 0.553887 3.724744
1 46.660329 -8.501936 -0.517844 -0.250163 -2.517897 -1.077979 3.091932 0.110603 2.974990 0.062678 0.710606 2.066638 0.001557 10.430094 -0.604036 -0.272089 0.553887 3.724744
1 46.660329 -8.501936 -0.517844 -0.250163 -2.517897 -1.077979 3.091932 0.110603 2.974990 0.062678 0.710606 2.066638 0.001557 10.430094 -0.604036 -0.272089 0.553887 3.724744
1 46.660329 -8.501936 -0.517844 -0.250163 -2.517897 -1.077979 3.091932 0.110603 2.974990 0.062678 0.710606 2.066638 0.001557 10.430094 -0.604036 -0.272089 0.553887 3.724744
1 46.660329 -8.501936 -0.517844 -0.250163 -2.517897 -1.077979 3.091932 0.110603 2.974990 0.062678 0.710606 2.066638 0.001557 10.430094 -0.604036 -0.272089 0.553887 3.724744
1 46.660329 -8.501936 -0.517844 -0.250163 -2.517897 -1.077979 3.091932 0.110603 2.974990 0.062678 0.710606 2.066638 0.001557 10.430094 -0.604036 -0.272089 0.553887 3.724744
1 46.660329 -8.501936 -0.517844 -0.250163 -2.517897 -1.077979 3.091932 0.110603 2.974990 0.062678 0.710606 2.066638 0.001557 10.430094 -0.604036 -0.272089 0.553887 3.724744
1 46.660329 -8.501936 -0.517844 -0.250163 -2.517897 -1.077979 3.091932 0.110603 2.974990 0.062678 0.710606 2.066638 0.001557 10.430094 -0.604036 -0.272089 0.553887 3.724744
1 46.660329 -8.501936 -0.517844 -0.250163 -2.517897 -1.077979 3.091932 0.110603 2.974990 0.062678 0.710606 2.066638 0.001557 10.430094 -0.604036 -0.272089 0.553887 3.724744
1 46.660329 -8.501936 -0.517844 -0.250163 -2.517897 -1.077979 3.091932 0.110603 2.974990 0.062678 0.710606 2.066638 0.001557 10.430094 -0.604036 -0.272089 0.553887 3.724744
1 46.660329 -8.501936 -0.517844 -0.250163 -2.517897 -1.077979 3.091932 0.110603 2.974990 0.062678 0.710606 2.066638 0.001557 10.430094 -0.604036 -0.272089 0.553887 3.724744
1 46.660329 -8.501936 -0.517844 -0.250163 -2.517897 -1.077979 3.091932 0.110603 2.974990 0.062678 0.710606 2.066638 0.001557 10.430094 -0.604036 -0.272089 0.553887 3.724744
1 46.660329 -8.501936 -0.517844 -0.250163 -2.517897 -1.077979 3.091932 0.110603 2.974990 0.062678 0.710606 2.066638 0.001557 10.430094 -0.604036 -0.272089 0.553887 3.724744
1 46.660329 -8.501936 -0.517844 -0.250163 -2.517897 -1.077979 3.091932 0.110603 2.974990 0.062678 0.710606 2.066638 0.001557 10.430094 -0.604036 -0.272089 0.553887 3.724744
1 46.660329 -8.501936 -0.517844 -0.250163 -2.517897 -1.077979 3.091932 0.110603 2.974990 0.062678 0.710606 2.066638 0.001557 10.430094 -0.604036 -0.272089 0.553887 3.724744
1 46.660329 -8.501936 -0.517844 -0.250163 -2.517897 -1.077979 3.091932 0.110603 2.974990 0.062678 0.710606 2.066638 0.001557 10.430094 -0.604036 -0.272089 0.553887 3.724744
1 46.660329 -8.501936 -0.517844 -0.250163 -2.517897 -1.077979 3.091932 0.110603 2.974990 0.062678 0.710606 2.066638 0.001557 10.430094 -0.604036 -0.272089 0.553887 3.724744
1 46.660329 -8.501936 -0.517844 -0.250163 -2.517897 -1.077979 3.091932 0.110603 2.974990 0.062678 0.710606 2.066638 0.001557 10.430094 -0.604036 -0.272089 0.553887 3.724744
1 46.660329 -8.501936 -0.517844 -0.250163 -2.517897 -1.077979 3.091932 0.110603 2.974990 0.062678 0.710606 2.066638 0.001557 10.430094 -0.604036 -0.272089 0.553887 3.724744
1 46.660329 -8.501936 -0.517844 -0.250163 -2.517897 -1.077979 3.091932 0.110603 2.974990 0.062678 0.710606 2.066638 0.001557 10.430094 -0.604036 -0.272089 0.553887 3.724744
1 46.660329 -8.501936 -0.517844 -0.250163 -2.517897 -1.077979 3.091932 0.110603 2.974990 0.062678 0.710606 2.066638 0.001557 10.430094 -0.604036 -0.272089 0.553887 3.724744
1 46.660329 -8.501936 -0.517844 -0.250163 -2.517897 -1.077979 3.091932 0.110603 2.974990 0.062678 0.710606 2.066638 0.001557 10.430094 -0.604036 -0.272089 0.553887 3.724744
1 46.660329 -8.501936 -0.517844 -0.250163 -2.517897 -1.077979 3.091932 0.110603 2.974990 0.062678 0.710606 2.066638 0.001557 10.430094 -0.604036 -0.272089 0.553887 3.724744
1 46.660329 -8.501936 -0.517844 -0.250163 -2.517897 -1.077979 3.091932 0.110603 2.974990 0.062678 0.710606 2.066638 0.001557 10.430094 -0.604036 -0.272089 0.553887 3.724744
1 46.660329 -8.501936 -0.517844 -0.250163 -2.517897 -1.077979 3.091932 0.110603 2.974990 0.062678 0.710606 2.066638 0.001557 10.430094 -0.604036 -0.272089 0.553887 3.724744
1 46.660329 -8.501936 -0.517844 -0.250163 -2.517897 -1.077979 3.091932 0.110603 2.974990 0.062678 0.710606 2.066638 0.001557 10.430094 -0.604036 -0.272089 0.553887 3.724744
1 46.660329 -8.501936 -0.517844 -0.250163 -2.517897 -1.077979 3.091932 0.110603 2.974990 0.062678 0.710606 2.066638 0.001557 10.430094 -0.604036 -0.272089 0.553887 3.724744
1 46.660329 -8.501936 -0.517844 -0.250163 -2.517897 -1.077979 3.091932 0.110603 2.974990 0.062678 0.710606 2.066638 0.001557 10.430094 -0.604036 -0.272089 0.553887 3.724744
1 46.660329 -8.501936 -0.517844 -0.250163 -2.517897 -1.077979 3.091932 0.110603 2.974990 0.062678 0.710606 2.066638 0.001557 10.430094 -0.604036 -0.272089 0.553887 3.724744
1 46.660329 -8.501936 -0.517844 -0.250163 -2.517897 -1.077979 3.091932 0.110603 2.974990 0.062678 0.710606 2.066638 0.001557 10.430094 -0.604036 -0.272089 0.553887 3.724744
1 46.660329 -8.501936 -0.517844 -0.250163 -2.517897 -1.077979 3.091932 0.110603 2.974990 0.062678 0.710606 2.066638 0.001557 10.430094 -0.604036 -0.272089 0.553887 3.724744
1 46.660329 -8.501936 -0.517844 -0.250163 -2.517897 -1.077979 3.091932 0.110603 2.974990 0.062678 0.710606 2.066638 0.001557 10.430094 -0.604036 -0.272089 0.553887 3.724744
1 46.660329 -8.501936 -0.517844 -0.250163 -2.517897 -1.077979 3.091932 0.110603 2.974990 0.062678 0.710606 2.066638 0.001557 10.430094 -0.604036 -0.272089 0.553887 3.724744
1 46.660329 -8.501936 -0.517844 -0.250163 -2.517897 -1.077979 3.091932 0.110603 2.974990 0.062678 0.710606 2.066638 0.001557 10.430094 -0.604036 -0.272089 0.553887 3.724744
1 46.660329 -8.501936 -0.517844 -0.250163 -2.517897 -1.077979 3.091932 0.110603 2.974990 0.062678 0.710606 2.066638 0.001557 10.430094 -0.604036 -0.272089 0.553887 3.724744
1 46.660329 -8.501936 -0.517844 -0.250163 -2.517897 -1.077979 3.091932 0.110603 2.974990 0.062678 0.710606 2.066638 0.001557 10.430094 -0.604036 -0.272089 0.553887 3.724744
1 46.660329 -8.501936 -0.517844 -0.250163 -2.517897 -1.077979 3.091932 0.110603 2.974990 0.062678 0.710606 2.066638 0.001557 10.430094 -0.604036 -0.272089 0.553887 3.724744
1 46.660329 -8.501936 -0.517844 -0.250163 -2.517897 -1.077979 3.091932 0.110603 2.974990 0.062678 0.710606 2.066638 0.001557 10.430094 -0.604036 -0.272089 0.553887 3.724744
1 46.660329 -8.501936 -0.517844 -0.250163 -2.517897 -1.077979 3.091932 0.110603 2.974990 0.062678 0.710606 2.066638 0.001557 10.430094 -0.604036 -0.272089 0.553887 3.724744
1 46.660329 -8.501936 -0.517844 -0.250163 -2.517897 -1.077979 3.091932 0.110603 2.974990 0.062678 0.710606 2.066638 0.001557 10.430094 -0.604036 -0.272089 0.553887 3.724744
1 46.660329 -8.501936 -0.517844 -0.250163 -2.517897 -1.077979 3.091932 0.110603 2.974990 0.062678 0.710606 2.066638 0.001557 10.430094 -0.604036 -0.272089 0.553887 3.724744
1 46.660329 -8.501936 -0.517844 -0.250163 -2.517897 -1.077979 3.091932 0.110603 2.974990 0.062678 0.710606 2.066638 0.001557 10.430094 -0.604036 -0.272089 0.553887 3.724744
1 46.660329 -8.501936 -0.517844 -0.250163 -2.517897 -1.077979 3.091932 0.110603 2.974990 0.062678 0.710606 2.066638 0.001557 10.430094 -0.604036 -0.272089 0.553887 3.724744
1 46.660329 -8.501936 -0.517844 -0.250163 -2.517897 -1.077979 3.091932 0.110603 2.974990 0.062678 0.710606 2.066638 0.001557 10.430094 -0.604036 -0.272089 0.553887 3.724744
1 46.660329 -8.501936 -0.517844 -0.250163 -2.517897 -1.077979 3.091932 0.110603 2.974990 0.062678 0.710606 2.066638 0.001557 10.430094 -0.604036 -0.272089 0.553887 3.724744
1 46.660329 -8.501936 -0.517844 -0.250163 -2.517897 -1.077979 3.091932 0.110603 2.974990 0.062678 0.710606 2.066638 0.001557 10.430094 -0.604036 -0.272089 0.553887 3.724744
1 46.660329 -8.501936 -0.517844 -0.250163 -2.517897 -1.077979 3.091932 0.110603 2.974990 0.062678 0.710606 2.066638 0.001557 10.430094 -0.604036 -0.272089 0.553887 3.724744
1 46.660329 -8.501936 -0.517844 -0.250163 -2.517897 -1.077979 3.091932 0.110603 2.974990 0.062678 0.710606 2.066638 0.001557 10.430094 -0.604036 -0.272089 0.553887 3.724744
1 46.660329 -8.501936 -0.517844 -0.250163 -2.517897 -1.077979 3.091932 0.110603 2.974990 0.062678 0.710606 2.066638 0.001557 10.430094 -0.604036 -0.272089 0.553887 3.724744
1 46.660329 -8.501936 -0.517844 -0.250163 -2.517897 -1.077979 3.091932 0.110603 2.974990 0.062678 0.710606 2.066638 0.001557 10.430094 -0.604036 -0.272089 0.553887 3.724744
1 46.660329 -8.501936 -0.517844 -0.250163 -2.517897 -1.077979 3.091932 0.110603 2.974990 0.062678 0.710606 2.066638 0.001557 10.430094 -0.604036 -0.272089 0.553887 3.724744
1 46.660329 -8.501936 -0.517844 -0.250163 -2.517897 -1.077979 3.091932 0.110603 2.974990 0.062678 0.710606 2.066638 0.001557 10.430094 -0.604036 -0.272089 0.553887 3.724744
1 46.660329 -8.501936 -0.517844 -0.250163 -2.517897 -1.077979 3.091932 0.110603 2.974990 0.062678 0.710606 2.066638 0.001557 10.430094 -0.604036 -0.272089 0.553887 3.724744
1 46.660329 -8.501936 -0.517844 -0.250163 -2.517897 -1.077979 3.091932 0.110603 2.974990 0.062678 0.710606 2.066638 0.001557 10.430094 -0.604036 -0.272089 0.553887 3.724744
1 46.660329 -8.501936 -0.517844 -0.250163 -2.517897 -1.077979 3.091932 0.110603 2.974990 0.062678 0.710606 2.066638 0.001557 10.430094 -0.604036 -0.272089 0.553887 3.724744
1 46.660329 -8.501936 -0.517844 -0.250163 -2.517897 -1.077979 3.091932 0.110603 2.974990 0.062678 0.710606 2.066638 0.001557 10.430094 -0.604036 -0.272089 0.553887 3.724744
1 46.660329 -8.501936 -0.517844 -0.250163 -2.517897 -1.077979 3.091932 0.110603 2.974990 0.062678 0.710606 2.066638 0.001557 10.430094 -0.604036 -0.272089 0.553887 3.724744
1 46.660329 -8.501936 -0.517844 -0.250163 -2.517897 -1.077979 3.091932 0.110603 2.974990 0.062678 0.710606 2.066638 0.001557 10.430094 -0.604036 -0.272089 0.553887 3.724744
1 46.660329 -8.501936 -0.517844 -0.250163 -2.517897 -1.077979 3.091932 0.110603 2.974990 0.062678 0.710606 2.066638 0.001557 10.430094 -0.604036 -0.272089 0.553887 3.724744
1 46.660329 -8.501936 -0.517844 -0.250163 -2.517897 -1.077979 3.091932 0.110603 2.974990 0.062678 0.710606 2.066638 0.001557 10.430094 -0.604036 -0.272089 0.553887 3.724744
1 46.660329 -8.501936 -0.517844 -0.250163 -2.517897 -1.077979 3.091932 0.110603 2.974990 0.062678 0.710606 2.066638 0.001557 10.430094 -0.604036 -0.272089 0.553887 3.724744
1 46.660329 -8.501936 -0.517844 -0.250163 -2.517897 -1.077979 3.091932 0.110603 2.974990 0.062678 0.710606 2.066638 0.001557 10.430094 -0.604036 -0.272089 0.553887 3.724744
1 46.660329 -8.501936 -0.517844 -0.250163 -2.517897 -1.077979 3.091932 0.110603 2.974990 0.062678 0.710606 2.066638 0.001557 10.430094 -0.604036 -0.272089 0.553887 3.724744
1 46.660329 -8.501936 -0.517844 -0.250163 -2.517897 -1.077979 3.091932 0.110603 2.974990 0.062678 0.710606 2.066638 0.001557 10.430094 -0.604036 -0.272089 0.553887 3.724744
1 46.660329 -8.501936 -0.517844 -0.250163 -2.517897 -1.077979 3.091932 0.110603 2.974990 0.062678 0.710606 2.066638 0.001557 10.430094 -0.604036 -0.272089 0.553887 3.724744
1 46.660329 -8.501936 -0.517844 -0.250163 -2.517897 -1.077979 3.091932 0.110603 2.974990 0.062678 0.710606 2.066638 0.001557 10.430094 -0.604036 -0.272089 0.553887 3.724744
1 46.660329 -8.501936 -0.517844 -0.250163 -2.517897 -1.077979 3.091932 0.110603 2.974990 0.062678 0.710606 2.066638 0.001557 10.430094 -0.604036 -0.272089 0.553887 3.724744
1 46.660329 -8.501936 -0.517844 -0.250163 -2.517897 -1.077979 3.091932 0.110603 2.974990 0.062678 0.710606 2.066638 0.001557 10.430094 -0.604036 -0.272089 0.553887 3.724744
1 46.660329 -8.501936 -0.517844 -0.250163 -2.517897 -1.077979 3.091932 0.110603 2.974990 0.062678 0.710606 2.066638 0.001557 10.430094 -0.604036 -0.272089 0.553887 3.724744
1 46.660329 -8.501936 -0.517844 -0.250163 -2.517897 -1.077979 3.091932 0.110603 2.974990 0.062678 0.710606 2.066638 0.001557 10.430094 -0.604036 -0.272089 0.553887 3.724744
1 46.660329 -8.501936 -0.517844 -0.250163 -2.517897 -1.077979 3.091932 0.110603 2.974990 0.062678 0.710606 2.066638 0.001557 10.430094 -0.604036 -0.272089 0.553887 3.724744
1 46.660329 -8.501936 -0.517844 -0.250163 -2.517897 -1.077979 3.091932 0.110603 2.974990 0.062678 0.710606 2.066638 0.001557 10.430094 -0.604036 -0.272089 0.553887 3.724744
1 46.660329 -8.501936 -0.517844 -0.250163 -2.517897 -1.077979 3.091932 0.110603 2.974990 0.062678 0.710606 2.066638 0.001557 10.430094 -0.604036 -0.272089 0.553887 3.724744
1 46.660329 -8.501936 -0.517844 -0.250163 -2.517897 -1.077979 3.091932 0.110603 2.974990 0.062678 0.710606 2.066638 0.001557 10.430094 -0.604036 -0.272089 0.553887 3.724744
1 46.660329 -8.501936 -0.517844 -0.250163 -2.517897 -1.077979 3.091932 0.110603 2.974990 0.062678 0.710606 2.066638 0.001557 10.430094 -0.604036 -0.272089 0.553887 3.724744
1 46.660329 -8.501936 -0.517844 -0.250163 -2.517897 -1.077979 3.091932 0.110603 2.974990 0.062678 0.710606 2.066638 0.001557 10.430094 -0.604036 -0.272089 0.553887 3.724744
1 46.660329 -8.501936 -0.517844 -0.250163 -2.517897 -1.077979 3.091932 0.110603 2.974990 0.062678 0.710606 2.066638 0.001557 10.430094 -0.604036 -0.272089 0.553887 3.724744
1 46.660329 -8.501936 -0.517844 -0.250163 -2.517897 -1.077979 3.091932 0.110603 2.974990 0.062678 0.710606 2.066638 0.001557 10.430094 -0.604036 -0.272089 0.553887 3.724744
1 46.660329 -8.501936 -0.517844 -0.250163 -2.517897 -1.077979 3.091932 0.110603 2.974990 0.062678 0.710606 2.066638 0.001557 10.430094 -0.604036 -0.272089 0.553887 3.724744
1 46.660329 -8.501936 -0.517844 -0.250163 -2.517897 -1.077979 3.091932 0.110603 2.974990 0.062678 0.710606 2.066638 0.001557 10.430094 -0.604036 -0.272089 0.553887 3.724744
1 46.660329 -8.501936 -0.517844 -0.250163 -2.517897 -1.077979 3.091932 0.110603 2.974990 0.062678 0.710606 2.066638 0.001557 10.430094 -0.604036 -0.272089 0.553887 3.724744
1 46.660329 -8.501936 -0.517844 -0.250163 -2.517897 -1.077979 3.091932 0.110603 2.974990 0.062678 0.710606 2.066638 0.001557 10.430094 -0.604036 -0.272089 0.553887 3.724744
1 46.660329 -8.501936 -0.517844 -0.250163 -2.517897 -1.077979 3.091932 0.110603 2.974990 0.062678 0.710606 2.066638 0.001557 10.430094 -0.604036 -0.272089 0.553887 3.724744
1 46.660329 -8.501936 -0.517844 -0.250163 -2.517897 -1.077979 3.091932 0.110603 2.974990 0.062678 0.710606 2.066638 0.001557 10.430094 -0.604036 -0.272089 0.553887 3.724744
1 46.660329 -8.501936 -0.517844 -0.250163 -2.517897 -1.077979 3.091932 0.110603 2.974990 0.062678 0.710606 2.066638 0.001557 10.430094 -0.604036 -0.272089 0.553887 3.724744
1 46.660329 -8.501936 -0.517844 -0.250163 -2.517897 -1.077979 3.091932 0.110603 2.974990 0.062678 0.710606 2.066638 0.001557 10.430094 -0.604036 -0.272089 0.553887 3.724744
1 46.660329 -8.501936 -0.517844 -0.250163 -2.517897 -1.077979 3.091932 0.110603 2.974990 0.062678 0.710606 2.066638 0.001557 10.430094 -0.604036 -0.272089 0.553887 3.724744
1 46.660329 -8.501936 -0.517844 -0.250163 -2.517897 -1.077979 3.091932 0.110603 2.974990 0.062678 0.710606 2.066638 0.001557 10.430094 -0.604036 -0.272089 0.553887 3.724744
1 46.660329 -8.501936 -0.517844 -0.250163 -2.517897 -1.077979 3.091932 0.110603 2.974990 0.062678 0.710606 2.066638 0.001557 10.430094 -0.604036 -0.272089 0.553887 3.724744
1 46.660329 -8.501936 -0.517844 -0.250163 -2.517897 -1.077979 3.091932 0.110603 2.974990 0.062678 0.710606 2.066638 0.001557 10.430094 -0.604036 -0.272089 0.553887 3.724744
1 46.660329 -8.501936 -0.517844 -0.250163 -2.517897 -1.077979 3.091932 0.110603 2.974990 0.062678 0.710606 2.066638 0.001557 10.430094 -0.604036 -0.272089 0.553887 3.724744
1 46.660329 -8.501936 -0.517844 -0.250163 -2.517897 -1.077979 3.091932 0.110603 2.974990 0.062678 0.710606 2.066638 0.001557 10.430094 -0.604036 -0.272089 0.553887 3.724744
1 46.660329 -8.501936 -0.517844 -0.250163 -2.517897 -1.077979 3.091932 0.110603 2.974990 0.062678 0.710606 2.066638 0.001557 10.430094 -0.604036 -0.272089 0.553887 3.724744
1 46.660329 -8.501936 -0.517844 -0.250163 -2.517897 -1.077979 3.091932 0.110603 2.974990 0.062678 0.710606 2.066638 0.001557 10.430094 -0.604036 -0.272089 0.553887 3.724744
1 46.660329 -8.501936 -0.517844 -0.250163 -2.517897 -1.077979 3.091932 0.110603 2.974990 0.062678 0.710606 2.066638 0.001557 10.430094 -0.604036 -0.272089 0.553887 3.724744
1 46.660329 -8.501936 -0.517844 -0.250163 -2.517897 -1.077979 3.091932 0.110603 2.974990 0.062678 0.710606 2.066638 0.001557 10.430094 -0.604036 -0.272089 0.553887 3.724744
1 46.660329 -8.501936 -0.517844 -0.250163 -2.517897 -1.077979 3.091932 0.110603 2.974990 0.062678 0.710606 2.066638 0.001557 10.430094 -0.604036 -0.272089 0.553887 3.724744
1 46.660329 -8.501936 -0.517844 -0.250163 -2.517897 -1.077979 3.091932 0.110603 2.974990 0.062678 0.710606 2.066638 0.001557 10.430094 -0.604036 -0.272089 0.553887 3.724744
1 46.660329 -8.501936 -0.517844 -0.250163 -2.517897 -1.077979 3.091932 0.110603 2.974990 0.062678 0.710606 2.066638 0.001557 10.430094 -0.604036 -0.272089 0.553887 3.724744
1 46.660329 -8.501936 -0.517844 -0.250163 -2.517897 -1.077979 3.091932 0.110603 2.974990 0.062678 0.710606 2.066638 0.001557 10.430094 -0.604036 -0.272089 0.553887 3.724744
1 46.660329 -8.501936 -0.517844 -0.250163 -2.517897 -1.077979 3.091932 0.110603 2.974990 0.062678 0.710606 2.066638 0.001557 10.430094 -0.604036 -0.272089 0.553887 3.724744
1 46.660329 -8.501936 -0.517844 -0.250163 -2.517897 -1.077979 3.091932 0.110603 2.974990 0.062678 0.710606 2.066638 0.001557 10.430094 -0.604036 -0.272089 0.553887 3.724744
1 46.660329 -8.501936 -0.517844 -0.250163 -2.517897 -1.077979 3.091932 0.110603 2.974990 0.062678 0.710606 2.066638 0.001557 10.430094 -0.604036 -0.272089 0.553887 3.724744
1 46.660329 -8.501936 -0.517844 -0.250163 -2.517897 -1.077979 3.091932 0.110603 2.974990 0.062678 0.710606 2.066638 0.001557 10.430094 -0.604036 -0.272089 0.553887 3.724744
1 46.660329 -8.501936 -0.517844 -0.250163 -2.517897 -1.077979 3.091932 0.110603 2.974990 0.062678 0.710606 2.066638 0.001557 10.430094 -0.604036 -0.272089 0.553887 3.724744
1 46.660329 -8.501936 -0.517844 -0.250163 -2.517897 -1.077979 3.091932 0.110603 2.974990 0.062678 0.710606 2.066638 0.001557 10.430094 -0.604036 -0.272089 0.553887 3.724744
1 47.395402 -8.470469 -0.505705 -0.280523 -2.505725 -1.054846 3.090942 0.114685 2.988403 0.050534 0.673779 2.071693 0.015664 10.431328 -0.626302 -0.234257 0.536841 3.748596
1 47.395402 -8.470469 -0.505705 -0.280523 -2.505725 -1.054846 3.090942 0.114685 2.988403 0.050534 0.673779 2.071693 0.015664 10.431328 -0.626302 -0.234257 0.536841 3.748596
1 47.395402 -8.470469 -0.505705 -0.280523 -2.505725 -1.054846 3.090942 0.114685 2.988403 0.050534 0.673779 2.071693 0.015664 10.431328 -0.626302 -0.234257 0.536841 3.748596
1 47.395402 -8.470469 -0.505705 -0.280523 -2.505725 -1.054846 3.090942 0.114685 2.988403 0.050534 0.673779 2.071693 0.015664 10.431328 -0.626302 -0.234257 0.536841 3.748596
1 47.395402 -8.470469 -0.505705 -0.280523 -2.505725 -1.054846 3.090942 0.114685 2.988403 0.050534 0.673779 2.071693 0.015664 10.431328 -0.626302 -0.234257 0.536841 3.748596
1 47.395402 -8.470469 -0.505705 -0.280523 -2.505725 -1.054846 3.090942 0.114685 2.988403 0.050534 0.673779 2.071693 0.015664 10.431328 -0.626302 -0.234257 0.536841 3.748596
1 47.301388 -8.470517 -0.499955 -0.318041 -2.503225 -1.053057 3.125108 0.120637 2.962209 0.048079 0.692752 2.045780 -0.021488 10.415681 -0.630436 -0.216499 0.559260 3.735214
1 47.301388 -8.470517 -0.499955 -0.318041 -2.503225 -1.053057 3.125108 0.120637 2.962209 0.048079 0.692752 2.045780 -0.021488 10.415681 -0.630436 -0.216499 0.559260 3.735214
1 47.301388 -8.470517 -0.499955 -0.318041 -2.503225 -1.053057 3.125108 0.120637 2.962209 0.048079 0.692752 2.045780 -0.021488 10.415681 -0.630436 -0.216499 0.559260 3.735214
1 47.301388 -8.470517 -0.499955 -0.318041 -2.503225 -1.053057 3.125108 0.120637 2.962209 0.048079 0.692752 2.045780 -0.021488 10.415681 -0.630436 -0.216499 0.559260 3.735214
1 47.301388 -8.470517 -0.499955 -0.318041 -2.503225 -1.053057 3.125108 0.120637 2.962209 0.048079 0.692752 2.045780 -0.021488 10.415681 -0.630436 -0.216499 0.559260 3.735214
1 47.301388 -8.470517 -0.499955 -0.318041 -2.503225 -1.053057 3.125108 0.120637 2.962209 0.048079 0.692752 2.045780 -0.021488 10.415681 -0.630436 -0.216499 0.559260 3.735214
1 47.301388 -8.470517 -0.499955 -0.318041 -2.503225 -1.053057 3.125108 0.120637 2.962209 0.048079 0.692752 2.045780 -0.021488 10.415681 -0.630436 -0.216499 0.559260 3.735214
1 47.301388 -8.470517 -0.499955 -0.318041 -2.503225 -1.053057 3.125108 0.120637 2.962209 0.048079 0.692752 2.045780 -0.021488 10.415681 -0.630436 -0.216499 0.559260 3.735214
1 47.301388 -8.470517 -0.499955 -0.318041 -2.503225 -1.053057 3.125108 0.120637 2.962209 0.048079 0.692752 2.045780 -0.021488 10.415681 -0.630436 -0.216499 0.559260 3.735214
1 47.301388 -8.470517 -0.499955 -0.318041 -2.503225 -1.053057 3.125108 0.120637 2.962209 0.048079 0.692752 2.045780 -0.021488 10.415681 -0.630436 -0.216499 0.559260 3.735214
1 47.301388 -8.470517 -0.499955 -0.318041 -2.503225 -1.053057 3.125108 0.120637 2.962209 0.048079 0.692752 2.045780 -0.021488 10.415681 -0.630436 -0.216499 0.559260 3.735214
1 47.301388 -8.470517 -0.499955 -0.318041 -2.503225 -1.053057 3.125108 0.120637 2.962209 0.048079 0.692752 2.045780 -0.021488 10.415681 -0.630436 -0.216499 0.559260 3.735214
1 47.301388 -8.470517 -0.499955 -0.318041 -2.503225 -1.053057 3.125108 0.120637 2.962209 0.048079 0.692752 2.045780 -0.021488 10.415681 -0.630436 -0.216499 0.559260 3.735214
1 47.301388 -8.470517 -0.499955 -0.318041 -2.503225 -1.053057 3.125108 0.120637 2.962209 0.048079 0.692752 2.045780 -0.021488 10.415681 -0.630436 -0.216499 0.559260 3.735214
1 47.301388 -8.470517 -0.499955 -0.318041 -2.503225 -1.053057 3.125108 0.120637 2.962209 0.048079 0.692752 2.045780 -0.021488 10.415681 -0.630436 -0.216499 0.559260 3.735214
1 47.301388 -8.470517 -0.499955 -0.318041 -2.503225 -1.053057 3.125108 0.120637 2.962209 0.048079 0.692752 2.045780 -0.021488 10.415681 -0.630436 -0.216499 0.559260 3.735214
1 47.301388 -8.470517 -0.499955 -0.318041 -2.503225 -1.053057 3.125108 0.120637 2.962209 0.048079 0.692752 2.045780 -0.021488 10.415681 -0.630436 -0.216499 0.559260 3.735214
1 47.301388 -8.470517 -0.499955 -0.318041 -2.503225 -1.053057 3.125108 0.120637 2.962209 0.048079 0.692752 2.045780 -0.021488 10.415681 -0.630436 -0.216499 0.559260 3.735214
1 47.301388 -8.470517 -0.499955 -0.318041 -2.503225 -1.053057 3.125108 0.120637 2.962209 0.048079 0.692752 2.045780 -0.021488 10.415681 -0.630436 -0.216499 0.559260 3.735214
1 47.301388 -8.470517 -0.499955 -0.318041 -2.503225 -1.053057 3.125108 0.120637 2.962209 0.048079 0.692752 2.045780 -0.021488 10.415681 -0.630436 -0.216499 0.559260 3.735214
1 47.301388 -8.470517 -0.499955 -0.318041 -2.503225 -1.053057 3.125108 0.120637 2.962209 0.048079 0.692752 2.045780 -0.021488 10.415681 -0.630436 -0.216499 0.559260 3.735214
1 47.301388 -8.470517 -0.499955 -0.318041 -2.503225 -1.053057 3.125108 0.120637 2.962209 0.048079 0.692752 2.045780 -0.021488 10.415681 -0.630436 -0.216499 0.559260 3.735214
1 47.05157 -8.478055 -0.497541 -0.333109 -2.513539 -1.041619 3.130085 0.104302 2.994580 0.033031 0.672106 2.020348 -0.009970 10.385854 -0.638246 -0.169321 0.596679 3.751569
1 47.05157 -8.478055 -0.497541 -0.333109 -2.513539 -1.041619 3.130085 0.104302 2.994580 0.033031 0.672106 2.020348 -0.009970 10.385854 -0.638246 -0.169321 0.596679 3.751569
1 47.05157 -8.478055 -0.497541 -0.333109 -2.513539 -1.041619 3.130085 0.104302 2.994580 0.033031 0.672106 2.020348 -0.009970 10.385854 -0.638246 -0.169321 0.596679 3.751569
1 47.05157 -8.478055 -0.497541 -0.333109 -2.513539 -1.041619 3.130085 0.104302 2.994580 0.033031 0.672106 2.020348 -0.009970 10.385854 -0.638246 -0.169321 0.596679 3.751569
1 47.05157 -8.478055 -0.497541 -0.333109 -2.513539 -1.041619 3.130085 0.104302 2.994580 0.033031 0.672106 2.020348 -0.009970 10.385854 -0.638246 -0.169321 0.596679 3.751569
1 47.05157 -8.478055 -0.497541 -0.333109 -2.513539 -1.041619 3.130085 0.104302 2.994580 0.033031 0.672106 2.020348 -0.009970 10.385854 -0.638246 -0.169321 0.596679 3.751569
1 47.051019 -8.432704 -0.485475 -0.339334 -2.525071 -1.033570 3.128503 0.130008 2.996768 0.042506 0.676576 2.015037 -0.030051 10.472204 -0.659229 -0.159841 0.616260 3.736105
1 47.051019 -8.432704 -0.485475 -0.339334 -2.525071 -1.033570 3.128503 0.130008 2.996768 0.042506 0.676576 2.015037 -0.030051 10.472204 -0.659229 -0.159841 0.616260 3.736105
1 47.051019 -8.432704 -0.485475 -0.339334 -2.525071 -1.033570 3.128503 0.130008 2.996768 0.042506 0.676576 2.015037 -0.030051 10.472204 -0.659229 -0.159841 0.616260 3.736105
1 47.051019 -8.432704 -0.485475 -0.339334 -2.525071 -1.033570 3.128503 0.130008 2.996768 0.042506 0.676576 2.015037 -0.030051 10.472204 -0.659229 -0.159841 0.616260 3.736105
1 47.67586 -8.410261 -0.449407 -0.339871 -2.537065 -1.012686 3.138554 0.150008 2.996281 0.026444 0.653772 2.001207 -0.027077 10.434752 -0.694542 -0.172003 0.612054 3.734385
1 47.67586 -8.410261 -0.449407 -0.339871 -2.537065 -1.012686 3.138554 0.150008 2.996281 0.026444 0.653772 2.001207 -0.027077 10.434752 -0.694542 -0.172003 0.612054 3.734385
1 45.136521 -8.448199 -0.437628 -0.300210 -2.520948 -1.022599 3.165495 0.140514 2.969524 0.025946 0.656153 1.956086 -0.027389 10.467978 -0.699706 -0.151461 0.612331 3.719748
1 45.136521 -8.448199 -0.437628 -0.300210 -2.520948 -1.022599 3.165495 0.140514 2.969524 0.025946 0.656153 1.956086 -0.027389 10.467978 -0.699706 -0.151461 0.612331 3.719748
1 45.136521 -8.448199 -0.437628 -0.300210 -2.520948 -1.022599 3.165495 0.140514 2.969524 0.025946 0.656153 1.956086 -0.027389 10.467978 -0.699706 -0.151461 0.612331 3.719748
1 45.136521 -8.448199 -0.437628 -0.300210 -2.520948 -1.022599 3.165495 0.140514 2.969524 0.025946 0.656153 1.956086 -0.027389 10.467978 -0.699706 -0.151461 0.612331 3.719748
1 45.136521 -8.448199 -0.437628 -0.300210 -2.520948 -1.022599 3.165495 0.140514 2.969524 0.025946 0.656153 1.956086 -0.027389 10.467978 -0.699706 -0.151461 0.612331 3.719748
1 45.136521 -8.448199 -0.437628 -0.300210 -2.520948 -1.022599 3.165495 0.140514 2.969524 0.025946 0.656153 1.956086 -0.027389 10.467978 -0.699706 -0.151461 0.612331 3.719748
1 45.136521 -8.448199 -0.437628 -0.300210 -2.520948 -1.022599 3.165495 0.140514 2.969524 0.025946 0.656153 1.956086 -0.027389 10.467978 -0.699706 -0.151461 0.612331 3.719748
1 45.136521 -8.448199 -0.437628 -0.300210 -2.520948 -1.022599 3.165495 0.140514 2.969524 0.025946 0.656153 1.956086 -0.027389 10.467978 -0.699706 -0.151461 0.612331 3.719748
1 45.136521 -8.448199 -0.437628 -0.300210 -2.520948 -1.022599 3.165495 0.140514 2.969524 0.025946 0.656153 1.956086 -0.027389 10.467978 -0.699706 -0.151461 0.612331 3.719748
1 45.136521 -8.448199 -0.437628 -0.300210 -2.520948 -1.022599 3.165495 0.140514 2.969524 0.025946 0.656153 1.956086 -0.027389 10.467978 -0.699706 -0.151461 0.612331 3.719748
1 43.71365 -8.410994 -0.465498 -0.284874 -2.488659 -1.001855 3.128656 0.142291 2.965692 0.013458 0.642262 1.991302 -0.032683 10.478977 -0.673805 -0.137171 0.614895 3.723490
1 43.71365 -8.410994 -0.465498 -0.284874 -2.488659 -1.001855 3.128656 0.142291 2.965692 0.013458 0.642262 1.991302 -0.032683 10.478977 -0.673805 -0.137171 0.614895 3.723490
1 43.71365 -8.410994 -0.465498 -0.284874 -2.488659 -1.001855 3.128656 0.142291 2.965692 0.013458 0.642262 1.991302 -0.032683 10.478977 -0.673805 -0.137171 0.614895 3.723490
1 43.71365 -8.410994 -0.465498 -0.284874 -2.488659 -1.001855 3.128656 0.142291 2.965692 0.013458 0.642262 1.991302 -0.032683 10.478977 -0.673805 -0.137171 0.614895 3.723490
1 43.71365 -8.410994 -0.465498 -0.284874 -2.488659 -1.001855 3.128656 0.142291 2.965692 0.013458 0.642262 1.991302 -0.032683 10.478977 -0.673805 -0.137171 0.614895 3.723490
1 43.71365 -8.410994 -0.465498 -0.284874 -2.488659 -1.001855 3.128656 0.142291 2.965692 0.013458 0.642262 1.991302 -0.032683 10.478977 -0.673805 -0.137171 0.614895 3.723490
1 43.71365 -8.410994 -0.465498 -0.284874 -2.488659 -1.001855 3.128656 0.142291 2.965692 0.013458 0.642262 1.991302 -0.032683 10.478977 -0.673805 -0.137171 0.614895 3.723490
1 43.71365 -8.410994 -0.465498 -0.284874 -2.488659 -1.001855 3.128656 0.142291 2.965692 0.013458 0.642262 1.991302 -0.032683 10.478977 -0.673805 -0.137171 0.614895 3.723490
1 43.71365 -8.410994 -0.465498 -0.284874 -2.488659 -1.001855 3.128656 0.142291 2.965692 0.013458 0.642262 1.991302 -0.032683 10.478977 -0.673805 -0.137171 0.614895 3.723490
1 43.71365 -8.410994 -0.465498 -0.284874 -2.488659 -1.001855 3.128656 0.142291 2.965692 0.013458 0.642262 1.991302 -0.032683 10.478977 -0.673805 -0.137171 0.614895 3.723490
1 43.71365 -8.410994 -0.465498 -0.284874 -2.488659 -1.001855 3.128656 0.142291 2.965692 0.013458 0.642262 1.991302 -0.032683 10.478977 -0.673805 -0.137171 0.614895 3.723490
1 43.71365 -8.410994 -0.465498 -0.284874 -2.488659 -1.001855 3.128656 0.142291 2.965692 0.013458 0.642262 1.991302 -0.032683 10.478977 -0.673805 -0.137171 0.614895 3.723490
1 43.71365 -8.410994 -0.465498 -0.284874 -2.488659 -1.001855 3.128656 0.142291 2.965692 0.013458 0.642262 1.991302 -0.032683 10.478977 -0.673805 -0.137171 0.614895 3.723490
1 43.71365 -8.410994 -0.465498 -0.284874 -2.488659 -1.001855 3.128656 0.142291 2.965692 0.013458 0.642262 1.991302 -0.032683 10.478977 -0.673805 -0.137171 0.614895 3.723490
1 43.71365 -8.410994 -0.465498 -0.284874 -2.488659 -1.001855 3.128656 0.142291 2.965692 0.013458 0.642262 1.991302 -0.032683 10.478977 -0.673805 -0.137171 0.614895 3.723490
1 43.71365 -8.410994 -0.465498 -0.284874 -2.488659 -1.001855 3.128656 0.142291 2.965692 0.013458 0.642262 1.991302 -0.032683 10.478977 -0.673805 -0.137171 0.614895 3.723490
1 43.71365 -8.410994 -0.465498 -0.284874 -2.488659 -1.001855 3.128656 0.142291 2.965692 0.013458 0.642262 1.991302 -0.032683 10.478977 -0.673805 -0.137171 0.614895 3.723490
1 44.236714 -8.416407 -0.470052 -0.313443 -2.451389 -1.009989 3.151005 0.135326 2.966885 0.022966 0.652452 1.943781 -0.025054 10.474938 -0.676920 -0.142205 0.616162 3.711658
1 44.236714 -8.416407 -0.470052 -0.313443 -2.451389 -1.009989 3.151005 0.135326 2.966885 0.022966 0.652452 1.943781 -0.025054 10.474938 -0.676920 -0.142205 0.616162 3.711658
1 44.236714 -8.416407 -0.470052 -0.313443 -2.451389 -1.009989 3.151005 0.135326 2.966885 0.022966 0.652452 1.943781 -0.025054 10.474938 -0.676920 -0.142205 0.616162 3.711658
1 44.236714 -8.416407 -0.470052 -0.313443 -2.451389 -1.009989 3.151005 0.135326 2.966885 0.022966 0.652452 1.943781 -0.025054 10.474938 -0.676920 -0.142205 0.616162 3.711658
1 44.236714 -8.416407 -0.470052 -0.313443 -2.451389 -1.009989 3.151005 0.135326 2.966885 0.022966 0.652452 1.943781 -0.025054 10.474938 -0.676920 -0.142205 0.616162 3.711658
1 44.236714 -8.416407 -0.470052 -0.313443 -2.451389 -1.009989 3.151005 0.135326 2.966885 0.022966 0.652452 1.943781 -0.025054 10.474938 -0.676920 -0.142205 0.616162 3.711658
1 44.236714 -8.416407 -0.470052 -0.313443 -2.451389 -1.009989 3.151005 0.135326 2.966885 0.022966 0.652452 1.943781 -0.025054 10.474938 -0.676920 -0.142205 0.616162 3.711658
1 44.236714 -8.416407 -0.470052 -0.313443 -2.451389 -1.009989 3.151005 0.135326 2.966885 0.022966 0.652452 1.943781 -0.025054 10.474938 -0.676920 -0.142205 0.616162 3.711658
1 44.236714 -8.416407 -0.470052 -0.313443 -2.451389 -1.009989 3.151005 0.135326 2.966885 0.022966 0.652452 1.943781 -0.025054 10.474938 -0.676920 -0.142205 0.616162 3.711658
1 44.236714 -8.416407 -0.470052 -0.313443 -2.451389 -1.009989 3.151005 0.135326 2.966885 0.022966 0.652452 1.943781 -0.025054 10.474938 -0.676920 -0.142205 0.616162 3.711658
1 44.236714 -8.416407 -0.470052 -0.313443 -2.451389 -1.009989 3.151005 0.135326 2.966885 0.022966 0.652452 1.943781 -0.025054 10.474938 -0.676920 -0.142205 0.616162 3.711658
1 44.236714 -8.416407 -0.470052 -0.313443 -2.451389 -1.009989 3.151005 0.135326 2.966885 0.022966 0.652452 1.943781 -0.025054 10.474938 -0.676920 -0.142205 0.616162 3.711658
1 44.236714 -8.416407 -0.470052 -0.313443 -2.451389 -1.009989 3.151005 0.135326 2.966885 0.022966 0.652452 1.943781 -0.025054 10.474938 -0.676920 -0.142205 0.616162 3.711658
1 44.236714 -8.416407 -0.470052 -0.313443 -2.451389 -1.009989 3.151005 0.135326 2.966885 0.022966 0.652452 1.943781 -0.025054 10.474938 -0.676920 -0.142205 0.616162 3.711658
1 44.236714 -8.416407 -0.470052 -0.313443 -2.451389 -1.009989 3.151005 0.135326 2.966885 0.022966 0.652452 1.943781 -0.025054 10.474938 -0.676920 -0.142205 0.616162 3.711658
1 44.236714 -8.416407 -0.470052 -0.313443 -2.451389 -1.009989 3.151005 0.135326 2.966885 0.022966 0.652452 1.943781 -0.025054 10.474938 -0.676920 -0.142205 0.616162 3.711658
1 44.236714 -8.416407 -0.470052 -0.313443 -2.451389 -1.009989 3.151005 0.135326 2.966885 0.022966 0.652452 1.943781 -0.025054 10.474938 -0.676920 -0.142205 0.616162 3.711658
1 44.236714 -8.416407 -0.470052 -0.313443 -2.451389 -1.009989 3.151005 0.135326 2.966885 0.022966 0.652452 1.943781 -0.025054 10.474938 -0.676920 -0.142205 0.616162 3.711658
1 44.236714 -8.416407 -0.470052 -0.313443 -2.451389 -1.009989 3.151005 0.135326 2.966885 0.022966 0.652452 1.943781 -0.025054 10.474938 -0.676920 -0.142205 0.616162 3.711658
1 44.236714 -8.416407 -0.470052 -0.313443 -2.451389 -1.009989 3.151005 0.135326 2.966885 0.022966 0.652452 1.943781 -0.025054 10.474938 -0.676920 -0.142205 0.616162 3.711658
1 44.236714 -8.416407 -0.470052 -0.313443 -2.451389 -1.009989 3.151005 0.135326 2.966885 0.022966 0.652452 1.943781 -0.025054 10.474938 -0.676920 -0.142205 0.616162 3.711658
1 44.236714 -8.416407 -0.470052 -0.313443 -2.451389 -1.009989 3.151005 0.135326 2.966885 0.022966 0.652452 1.943781 -0.025054 10.474938 -0.676920 -0.142205 0.616162 3.711658
1 44.236714 -8.416407 -0.470052 -0.313443 -2.451389 -1.009989 3.151005 0.135326 2.966885 0.022966 0.652452 1.943781 -0.025054 10.474938 -0.676920 -0.142205 0.616162 3.711658
1 44.236714 -8.416407 -0.470052 -0.313443 -2.451389 -1.009989 3.151005 0.135326 2.966885 0.022966 0.652452 1.943781 -0.025054 10.474938 -0.676920 -0.142205 0.616162 3.711658
1 44.236714 -8.416407 -0.470052 -0.313443 -2.451389 -1.009989 3.151005 0.135326 2.966885 0.022966 0.652452 1.943781 -0.025054 10.474938 -0.676920 -0.142205 0.616162 3.711658
1 44.236714 -8.416407 -0.470052 -0.313443 -2.451389 -1.009989 3.151005 0.135326 2.966885 0.022966 0.652452 1.943781 -0.025054 10.474938 -0.676920 -0.142205 0.616162 3.711658
1 44.236714 -8.416407 -0.470052 -0.313443 -2.451389 -1.009989 3.151005 0.135326 2.966885 0.022966 0.652452 1.943781 -0.025054 10.474938 -0.676920 -0.142205 0.616162 3.711658
1 44.236714 -8.416407 -0.470052 -0.313443 -2.451389 -1.009989 3.151005 0.135326 2.966885 0.022966 0.652452 1.943781 -0.025054 10.474938 -0.676920 -0.142205 0.616162 3.711658
1 44.236714 -8.416407 -0.470052 -0.313443 -2.451389 -1.009989 3.151005 0.135326 2.966885 0.022966 0.652452 1.943781 -0.025054 10.474938 -0.676920 -0.142205 0.616162 3.711658
1 44.236714 -8.416407 -0.470052 -0.313443 -2.451389 -1.009989 3.151005 0.135326 2.966885 0.022966 0.652452 1.943781 -0.025054 10.474938 -0.676920 -0.142205 0.616162 3.711658
1 44.236714 -8.416407 -0.470052 -0.313443 -2.451389 -1.009989 3.151005 0.135326 2.966885 0.022966 0.652452 1.943781 -0.025054 10.474938 -0.676920 -0.142205 0.616162 3.711658
1 44.236714 -8.416407 -0.470052 -0.313443 -2.451389 -1.009989 3.151005 0.135326 2.966885 0.022966 0.652452 1.943781 -0.025054 10.474938 -0.676920 -0.142205 0.616162 3.711658
1 44.236714 -8.416407 -0.470052 -0.313443 -2.451389 -1.009989 3.151005 0.135326 2.966885 0.022966 0.652452 1.943781 -0.025054 10.474938 -0.676920 -0.142205 0.616162 3.711658
1 44.236714 -8.416407 -0.470052 -0.313443 -2.451389 -1.009989 3.151005 0.135326 2.966885 0.022966 0.652452 1.943781 -0.025054 10.474938 -0.676920 -0.142205 0.616162 3.711658
1 44.236714 -8.416407 -0.470052 -0.313443 -2.451389 -1.009989 3.151005 0.135326 2.966885 0.022966 0.652452 1.943781 -0.025054 10.474938 -0.676920 -0.142205 0.616162 3.711658
1 44.236714 -8.416407 -0.470052 -0.313443 -2.451389 -1.009989 3.151005 0.135326 2.966885 0.022966 0.652452 1.943781 -0.025054 10.474938 -0.676920 -0.142205 0.616162 3.711658
1 44.236714 -8.416407 -0.470052 -0.313443 -2.451389 -1.009989 3.151005 0.135326 2.966885 0.022966 0.652452 1.943781 -0.025054 10.474938 -0.676920 -0.142205 0.616162 3.711658
