1 307.34825 -8.552547 -0.938840 -0.243238 -2.283960 -1.456178 3.475414 0.292117 2.457014 0.221379 0.556336 2.295791 0.128935 10.327785 -0.293157 0.297812 3.589725
1 307.34825 -8.552547 -0.938840 -0.243238 -2.283960 -1.456178 3.475414 0.292117 2.457014 0.221379 0.556336 2.295791 0.128935 10.327785 -0.293157 0.297812 3.589725
1 284.19556 -8.559332 -0.962196 -0.211839 -2.325357 -1.463388 3.467990 0.309103 2.444182 0.229422 0.522499 2.290211 0.116913 10.365351 -0.266902 0.284231 3.582575
1 284.19556 -8.559332 -0.962196 -0.211839 -2.325357 -1.463388 3.467990 0.309103 2.444182 0.229422 0.522499 2.290211 0.116913 10.365351 -0.266902 0.284231 3.582575
1 284.19556 -8.559332 -0.962196 -0.211839 -2.325357 -1.463388 3.467990 0.309103 2.444182 0.229422 0.522499 2.290211 0.116913 10.365351 -0.266902 0.284231 3.582575
1 284.19556 -8.559332 -0.962196 -0.211839 -2.325357 -1.463388 3.467990 0.309103 2.444182 0.229422 0.522499 2.290211 0.116913 10.365351 -0.266902 0.284231 3.582575
1 284.19556 -8.559332 -0.962196 -0.211839 -2.325357 -1.463388 3.467990 0.309103 2.444182 0.229422 0.522499 2.290211 0.116913 10.365351 -0.266902 0.284231 3.582575
1 284.19556 -8.559332 -0.962196 -0.211839 -2.325357 -1.463388 3.467990 0.309103 2.444182 0.229422 0.522499 2.290211 0.116913 10.365351 -0.266902 0.284231 3.582575
1 284.19556 -8.559332 -0.962196 -0.211839 -2.325357 -1.463388 3.467990 0.309103 2.444182 0.229422 0.522499 2.290211 0.116913 10.365351 -0.266902 0.284231 3.582575
1 284.19556 -8.559332 -0.962196 -0.211839 -2.325357 -1.463388 3.467990 0.309103 2.444182 0.229422 0.522499 2.290211 0.116913 10.365351 -0.266902 0.284231 3.582575
1 284.19556 -8.559332 -0.962196 -0.211839 -2.325357 -1.463388 3.467990 0.309103 2.444182 0.229422 0.522499 2.290211 0.116913 10.365351 -0.266902 0.284231 3.582575
1 284.19556 -8.559332 -0.962196 -0.211839 -2.325357 -1.463388 3.467990 0.309103 2.444182 0.229422 0.522499 2.290211 0.116913 10.365351 -0.266902 0.284231 3.582575
1 284.19556 -8.559332 -0.962196 -0.211839 -2.325357 -1.463388 3.467990 0.309103 2.444182 0.229422 0.522499 2.290211 0.116913 10.365351 -0.266902 0.284231 3.582575
1 284.19556 -8.559332 -0.962196 -0.211839 -2.325357 -1.463388 3.467990 0.309103 2.444182 0.229422 0.522499 2.290211 0.116913 10.365351 -0.266902 0.284231 3.582575
1 284.19556 -8.559332 -0.962196 -0.211839 -2.325357 -1.463388 3.467990 0.309103 2.444182 0.229422 0.522499 2.290211 0.116913 10.365351 -0.266902 0.284231 3.582575
1 284.19556 -8.559332 -0.962196 -0.211839 -2.325357 -1.463388 3.467990 0.309103 2.444182 0.229422 0.522499 2.290211 0.116913 10.365351 -0.266902 0.284231 3.582575
1 284.19556 -8.559332 -0.962196 -0.211839 -2.325357 -1.463388 3.467990 0.309103 2.444182 0.229422 0.522499 2.290211 0.116913 10.365351 -0.266902 0.284231 3.582575
1 284.19556 -8.559332 -0.962196 -0.211839 -2.325357 -1.463388 3.467990 0.309103 2.444182 0.229422 0.522499 2.290211 0.116913 10.365351 -0.266902 0.284231 3.582575
1 284.19556 -8.559332 -0.962196 -0.211839 -2.325357 -1.463388 3.467990 0.309103 2.444182 0.229422 0.522499 2.290211 0.116913 10.365351 -0.266902 0.284231 3.582575
1 284.19556 -8.559332 -0.962196 -0.211839 -2.325357 -1.463388 3.467990 0.309103 2.444182 0.229422 0.522499 2.290211 0.116913 10.365351 -0.266902 0.284231 3.582575
1 284.19556 -8.559332 -0.962196 -0.211839 -2.325357 -1.463388 3.467990 0.309103 2.444182 0.229422 0.522499 2.290211 0.116913 10.365351 -0.266902 0.284231 3.582575
1 284.19556 -8.559332 -0.962196 -0.211839 -2.325357 -1.463388 3.467990 0.309103 2.444182 0.229422 0.522499 2.290211 0.116913 10.365351 -0.266902 0.284231 3.582575
1 284.19556 -8.559332 -0.962196 -0.211839 -2.325357 -1.463388 3.467990 0.309103 2.444182 0.229422 0.522499 2.290211 0.116913 10.365351 -0.266902 0.284231 3.582575
1 284.19556 -8.559332 -0.962196 -0.211839 -2.325357 -1.463388 3.467990 0.309103 2.444182 0.229422 0.522499 2.290211 0.116913 10.365351 -0.266902 0.284231 3.582575
1 284.19556 -8.559332 -0.962196 -0.211839 -2.325357 -1.463388 3.467990 0.309103 2.444182 0.229422 0.522499 2.290211 0.116913 10.365351 -0.266902 0.284231 3.582575
1 284.19556 -8.559332 -0.962196 -0.211839 -2.325357 -1.463388 3.467990 0.309103 2.444182 0.229422 0.522499 2.290211 0.116913 10.365351 -0.266902 0.284231 3.582575
1 284.19556 -8.559332 -0.962196 -0.211839 -2.325357 -1.463388 3.467990 0.309103 2.444182 0.229422 0.522499 2.290211 0.116913 10.365351 -0.266902 0.284231 3.582575
1 284.19556 -8.559332 -0.962196 -0.211839 -2.325357 -1.463388 3.467990 0.309103 2.444182 0.229422 0.522499 2.290211 0.116913 10.365351 -0.266902 0.284231 3.582575
1 284.19556 -8.559332 -0.962196 -0.211839 -2.325357 -1.463388 3.467990 0.309103 2.444182 0.229422 0.522499 2.290211 0.116913 10.365351 -0.266902 0.284231 3.582575
1 284.19556 -8.559332 -0.962196 -0.211839 -2.325357 -1.463388 3.467990 0.309103 2.444182 0.229422 0.522499 2.290211 0.116913 10.365351 -0.266902 0.284231 3.582575
1 284.19556 -8.559332 -0.962196 -0.211839 -2.325357 -1.463388 3.467990 0.309103 2.444182 0.229422 0.522499 2.290211 0.116913 10.365351 -0.266902 0.284231 3.582575
1 284.19556 -8.559332 -0.962196 -0.211839 -2.325357 -1.463388 3.467990 0.309103 2.444182 0.229422 0.522499 2.290211 0.116913 10.365351 -0.266902 0.284231 3.582575
1 284.19556 -8.559332 -0.962196 -0.211839 -2.325357 -1.463388 3.467990 0.309103 2.444182 0.229422 0.522499 2.290211 0.116913 10.365351 -0.266902 0.284231 3.582575
1 284.19556 -8.559332 -0.962196 -0.211839 -2.325357 -1.463388 3.467990 0.309103 2.444182 0.229422 0.522499 2.290211 0.116913 10.365351 -0.266902 0.284231 3.582575
1 284.19556 -8.559332 -0.962196 -0.211839 -2.325357 -1.463388 3.467990 0.309103 2.444182 0.229422 0.522499 2.290211 0.116913 10.365351 -0.266902 0.284231 3.582575
1 284.19556 -8.559332 -0.962196 -0.211839 -2.325357 -1.463388 3.467990 0.309103 2.444182 0.229422 0.522499 2.290211 0.116913 10.365351 -0.266902 0.284231 3.582575
1 284.19556 -8.559332 -0.962196 -0.211839 -2.325357 -1.463388 3.467990 0.309103 2.444182 0.229422 0.522499 2.290211 0.116913 10.365351 -0.266902 0.284231 3.582575
1 284.19556 -8.559332 -0.962196 -0.211839 -2.325357 -1.463388 3.467990 0.309103 2.444182 0.229422 0.522499 2.290211 0.116913 10.365351 -0.266902 0.284231 3.582575
1 284.19556 -8.559332 -0.962196 -0.211839 -2.325357 -1.463388 3.467990 0.309103 2.444182 0.229422 0.522499 2.290211 0.116913 10.365351 -0.266902 0.284231 3.582575
1 284.19556 -8.559332 -0.962196 -0.211839 -2.325357 -1.463388 3.467990 0.309103 2.444182 0.229422 0.522499 2.290211 0.116913 10.365351 -0.266902 0.284231 3.582575
1 284.19556 -8.559332 -0.962196 -0.211839 -2.325357 -1.463388 3.467990 0.309103 2.444182 0.229422 0.522499 2.290211 0.116913 10.365351 -0.266902 0.284231 3.582575
1 284.19556 -8.559332 -0.962196 -0.211839 -2.325357 -1.463388 3.467990 0.309103 2.444182 0.229422 0.522499 2.290211 0.116913 10.365351 -0.266902 0.284231 3.582575
1 284.19556 -8.559332 -0.962196 -0.211839 -2.325357 -1.463388 3.467990 0.309103 2.444182 0.229422 0.522499 2.290211 0.116913 10.365351 -0.266902 0.284231 3.582575
1 284.19556 -8.559332 -0.962196 -0.211839 -2.325357 -1.463388 3.467990 0.309103 2.444182 0.229422 0.522499 2.290211 0.116913 10.365351 -0.266902 0.284231 3.582575
1 284.19556 -8.559332 -0.962196 -0.211839 -2.325357 -1.463388 3.467990 0.309103 2.444182 0.229422 0.522499 2.290211 0.116913 10.365351 -0.266902 0.284231 3.582575
1 284.19556 -8.559332 -0.962196 -0.211839 -2.325357 -1.463388 3.467990 0.309103 2.444182 0.229422 0.522499 2.290211 0.116913 10.365351 -0.266902 0.284231 3.582575
1 284.19556 -8.559332 -0.962196 -0.211839 -2.325357 -1.463388 3.467990 0.309103 2.444182 0.229422 0.522499 2.290211 0.116913 10.365351 -0.266902 0.284231 3.582575
1 284.19556 -8.559332 -0.962196 -0.211839 -2.325357 -1.463388 3.467990 0.309103 2.444182 0.229422 0.522499 2.290211 0.116913 10.365351 -0.266902 0.284231 3.582575
1 284.19556 -8.559332 -0.962196 -0.211839 -2.325357 -1.463388 3.467990 0.309103 2.444182 0.229422 0.522499 2.290211 0.116913 10.365351 -0.266902 0.284231 3.582575
1 284.19556 -8.559332 -0.962196 -0.211839 -2.325357 -1.463388 3.467990 0.309103 2.444182 0.229422 0.522499 2.290211 0.116913 10.365351 -0.266902 0.284231 3.582575
1 284.19556 -8.559332 -0.962196 -0.211839 -2.325357 -1.463388 3.467990 0.309103 2.444182 0.229422 0.522499 2.290211 0.116913 10.365351 -0.266902 0.284231 3.582575
1 284.19556 -8.559332 -0.962196 -0.211839 -2.325357 -1.463388 3.467990 0.309103 2.444182 0.229422 0.522499 2.290211 0.116913 10.365351 -0.266902 0.284231 3.582575
1 284.19556 -8.559332 -0.962196 -0.211839 -2.325357 -1.463388 3.467990 0.309103 2.444182 0.229422 0.522499 2.290211 0.116913 10.365351 -0.266902 0.284231 3.582575
1 284.19556 -8.559332 -0.962196 -0.211839 -2.325357 -1.463388 3.467990 0.309103 2.444182 0.229422 0.522499 2.290211 0.116913 10.365351 -0.266902 0.284231 3.582575
1 284.19556 -8.559332 -0.962196 -0.211839 -2.325357 -1.463388 3.467990 0.309103 2.444182 0.229422 0.522499 2.290211 0.116913 10.365351 -0.266902 0.284231 3.582575
1 284.19556 -8.559332 -0.962196 -0.211839 -2.325357 -1.463388 3.467990 0.309103 2.444182 0.229422 0.522499 2.290211 0.116913 10.365351 -0.266902 0.284231 3.582575
1 284.19556 -8.559332 -0.962196 -0.211839 -2.325357 -1.463388 3.467990 0.309103 2.444182 0.229422 0.522499 2.290211 0.116913 10.365351 -0.266902 0.284231 3.582575
1 284.19556 -8.559332 -0.962196 -0.211839 -2.325357 -1.463388 3.467990 0.309103 2.444182 0.229422 0.522499 2.290211 0.116913 10.365351 -0.266902 0.284231 3.582575
1 284.19556 -8.559332 -0.962196 -0.211839 -2.325357 -1.463388 3.467990 0.309103 2.444182 0.229422 0.522499 2.290211 0.116913 10.365351 -0.266902 0.284231 3.582575
1 284.19556 -8.559332 -0.962196 -0.211839 -2.325357 -1.463388 3.467990 0.309103 2.444182 0.229422 0.522499 2.290211 0.116913 10.365351 -0.266902 0.284231 3.582575
1 284.19556 -8.559332 -0.962196 -0.211839 -2.325357 -1.463388 3.467990 0.309103 2.444182 0.229422 0.522499 2.290211 0.116913 10.365351 -0.266902 0.284231 3.582575
1 284.19556 -8.559332 -0.962196 -0.211839 -2.325357 -1.463388 3.467990 0.309103 2.444182 0.229422 0.522499 2.290211 0.116913 10.365351 -0.266902 0.284231 3.582575
1 284.19556 -8.559332 -0.962196 -0.211839 -2.325357 -1.463388 3.467990 0.309103 2.444182 0.229422 0.522499 2.290211 0.116913 10.365351 -0.266902 0.284231 3.582575
1 284.19556 -8.559332 -0.962196 -0.211839 -2.325357 -1.463388 3.467990 0.309103 2.444182 0.229422 0.522499 2.290211 0.116913 10.365351 -0.266902 0.284231 3.582575
1 284.19556 -8.559332 -0.962196 -0.211839 -2.325357 -1.463388 3.467990 0.309103 2.444182 0.229422 0.522499 2.290211 0.116913 10.365351 -0.266902 0.284231 3.582575
1 284.19556 -8.559332 -0.962196 -0.211839 -2.325357 -1.463388 3.467990 0.309103 2.444182 0.229422 0.522499 2.290211 0.116913 10.365351 -0.266902 0.284231 3.582575
1 284.19556 -8.559332 -0.962196 -0.211839 -2.325357 -1.463388 3.467990 0.309103 2.444182 0.229422 0.522499 2.290211 0.116913 10.365351 -0.266902 0.284231 3.582575
1 284.19556 -8.559332 -0.962196 -0.211839 -2.325357 -1.463388 3.467990 0.309103 2.444182 0.229422 0.522499 2.290211 0.116913 10.365351 -0.266902 0.284231 3.582575
