1 142.22552 -8.709829 -0.986123 -0.269565 -2.241160 -1.395646 3.421081 0.210880 2.556664 0.185292 0.616761 2.313032 0.170478 10.431914 -0.737666 -0.279477 0.211992 3.629248
1 142.22552 -8.709829 -0.986123 -0.269565 -2.241160 -1.395646 3.421081 0.210880 2.556664 0.185292 0.616761 2.313032 0.170478 10.431914 -0.737666 -0.279477 0.211992 3.629248
1 142.22552 -8.709829 -0.986123 -0.269565 -2.241160 -1.395646 3.421081 0.210880 2.556664 0.185292 0.616761 2.313032 0.170478 10.431914 -0.737666 -0.279477 0.211992 3.629248
1 142.22552 -8.709829 -0.986123 -0.269565 -2.241160 -1.395646 3.421081 0.210880 2.556664 0.185292 0.616761 2.313032 0.170478 10.431914 -0.737666 -0.279477 0.211992 3.629248
1 142.22552 -8.709829 -0.986123 -0.269565 -2.241160 -1.395646 3.421081 0.210880 2.556664 0.185292 0.616761 2.313032 0.170478 10.431914 -0.737666 -0.279477 0.211992 3.629248
1 142.22552 -8.709829 -0.986123 -0.269565 -2.241160 -1.395646 3.421081 0.210880 2.556664 0.185292 0.616761 2.313032 0.170478 10.431914 -0.737666 -0.279477 0.211992 3.629248
1 142.22552 -8.709829 -0.986123 -0.269565 -2.241160 -1.395646 3.421081 0.210880 2.556664 0.185292 0.616761 2.313032 0.170478 10.431914 -0.737666 -0.279477 0.211992 3.629248
1 142.22552 -8.709829 -0.986123 -0.269565 -2.241160 -1.395646 3.421081 0.210880 2.556664 0.185292 0.616761 2.313032 0.170478 10.431914 -0.737666 -0.279477 0.211992 3.629248
1 142.22552 -8.709829 -0.986123 -0.269565 -2.241160 -1.395646 3.421081 0.210880 2.556664 0.185292 0.616761 2.313032 0.170478 10.431914 -0.737666 -0.279477 0.211992 3.629248
1 137.54929 -8.708389 -0.981473 -0.250645 -2.255207 -1.352366 3.421995 0.218599 2.557114 0.158197 0.638150 2.314026 0.128973 10.457340 -0.738701 -0.265609 0.238816 3.606371
1 137.54929 -8.708389 -0.981473 -0.250645 -2.255207 -1.352366 3.421995 0.218599 2.557114 0.158197 0.638150 2.314026 0.128973 10.457340 -0.738701 -0.265609 0.238816 3.606371
1 137.54929 -8.708389 -0.981473 -0.250645 -2.255207 -1.352366 3.421995 0.218599 2.557114 0.158197 0.638150 2.314026 0.128973 10.457340 -0.738701 -0.265609 0.238816 3.606371
1 137.0771 -8.717903 -0.976034 -0.250453 -2.250177 -1.333107 3.412809 0.226095 2.571509 0.150043 0.657535 2.307518 0.129627 10.451981 -0.724147 -0.223726 0.219630 3.572863
1 137.0771 -8.717903 -0.976034 -0.250453 -2.250177 -1.333107 3.412809 0.226095 2.571509 0.150043 0.657535 2.307518 0.129627 10.451981 -0.724147 -0.223726 0.219630 3.572863
1 135.80596 -8.699700 -0.963807 -0.264171 -2.263058 -1.351269 3.429960 0.265031 2.544820 0.151939 0.672880 2.283415 0.141335 10.450598 -0.697568 -0.259484 0.202015 3.552874
1 135.80596 -8.699700 -0.963807 -0.264171 -2.263058 -1.351269 3.429960 0.265031 2.544820 0.151939 0.672880 2.283415 0.141335 10.450598 -0.697568 -0.259484 0.202015 3.552874
1 135.80596 -8.699700 -0.963807 -0.264171 -2.263058 -1.351269 3.429960 0.265031 2.544820 0.151939 0.672880 2.283415 0.141335 10.450598 -0.697568 -0.259484 0.202015 3.552874
1 135.80596 -8.699700 -0.963807 -0.264171 -2.263058 -1.351269 3.429960 0.265031 2.544820 0.151939 0.672880 2.283415 0.141335 10.450598 -0.697568 -0.259484 0.202015 3.552874
1 135.80596 -8.699700 -0.963807 -0.264171 -2.263058 -1.351269 3.429960 0.265031 2.544820 0.151939 0.672880 2.283415 0.141335 10.450598 -0.697568 -0.259484 0.202015 3.552874
1 135.80596 -8.699700 -0.963807 -0.264171 -2.263058 -1.351269 3.429960 0.265031 2.544820 0.151939 0.672880 2.283415 0.141335 10.450598 -0.697568 -0.259484 0.202015 3.552874
1 135.80596 -8.699700 -0.963807 -0.264171 -2.263058 -1.351269 3.429960 0.265031 2.544820 0.151939 0.672880 2.283415 0.141335 10.450598 -0.697568 -0.259484 0.202015 3.552874
1 135.80596 -8.699700 -0.963807 -0.264171 -2.263058 -1.351269 3.429960 0.265031 2.544820 0.151939 0.672880 2.283415 0.141335 10.450598 -0.697568 -0.259484 0.202015 3.552874
1 135.80596 -8.699700 -0.963807 -0.264171 -2.263058 -1.351269 3.429960 0.265031 2.544820 0.151939 0.672880 2.283415 0.141335 10.450598 -0.697568 -0.259484 0.202015 3.552874
1 135.80596 -8.699700 -0.963807 -0.264171 -2.263058 -1.351269 3.429960 0.265031 2.544820 0.151939 0.672880 2.283415 0.141335 10.450598 -0.697568 -0.259484 0.202015 3.552874
1 135.80596 -8.699700 -0.963807 -0.264171 -2.263058 -1.351269 3.429960 0.265031 2.544820 0.151939 0.672880 2.283415 0.141335 10.450598 -0.697568 -0.259484 0.202015 3.552874
1 135.80596 -8.699700 -0.963807 -0.264171 -2.263058 -1.351269 3.429960 0.265031 2.544820 0.151939 0.672880 2.283415 0.141335 10.450598 -0.697568 -0.259484 0.202015 3.552874
1 135.80596 -8.699700 -0.963807 -0.264171 -2.263058 -1.351269 3.429960 0.265031 2.544820 0.151939 0.672880 2.283415 0.141335 10.450598 -0.697568 -0.259484 0.202015 3.552874
1 135.80596 -8.699700 -0.963807 -0.264171 -2.263058 -1.351269 3.429960 0.265031 2.544820 0.151939 0.672880 2.283415 0.141335 10.450598 -0.697568 -0.259484 0.202015 3.552874
1 135.80596 -8.699700 -0.963807 -0.264171 -2.263058 -1.351269 3.429960 0.265031 2.544820 0.151939 0.672880 2.283415 0.141335 10.450598 -0.697568 -0.259484 0.202015 3.552874
1 135.80596 -8.699700 -0.963807 -0.264171 -2.263058 -1.351269 3.429960 0.265031 2.544820 0.151939 0.672880 2.283415 0.141335 10.450598 -0.697568 -0.259484 0.202015 3.552874
1 132.63484 -8.665902 -0.988688 -0.264248 -2.261218 -1.384743 3.388692 0.251213 2.571925 0.139795 0.665441 2.315150 0.123732 10.446985 -0.731555 -0.263803 0.236382 3.501434
1 132.63484 -8.665902 -0.988688 -0.264248 -2.261218 -1.384743 3.388692 0.251213 2.571925 0.139795 0.665441 2.315150 0.123732 10.446985 -0.731555 -0.263803 0.236382 3.501434
1 132.63484 -8.665902 -0.988688 -0.264248 -2.261218 -1.384743 3.388692 0.251213 2.571925 0.139795 0.665441 2.315150 0.123732 10.446985 -0.731555 -0.263803 0.236382 3.501434
1 132.63484 -8.665902 -0.988688 -0.264248 -2.261218 -1.384743 3.388692 0.251213 2.571925 0.139795 0.665441 2.315150 0.123732 10.446985 -0.731555 -0.263803 0.236382 3.501434
1 132.63484 -8.665902 -0.988688 -0.264248 -2.261218 -1.384743 3.388692 0.251213 2.571925 0.139795 0.665441 2.315150 0.123732 10.446985 -0.731555 -0.263803 0.236382 3.501434
1 132.63484 -8.665902 -0.988688 -0.264248 -2.261218 -1.384743 3.388692 0.251213 2.571925 0.139795 0.665441 2.315150 0.123732 10.446985 -0.731555 -0.263803 0.236382 3.501434
1 132.63484 -8.665902 -0.988688 -0.264248 -2.261218 -1.384743 3.388692 0.251213 2.571925 0.139795 0.665441 2.315150 0.123732 10.446985 -0.731555 -0.263803 0.236382 3.501434
1 132.63484 -8.665902 -0.988688 -0.264248 -2.261218 -1.384743 3.388692 0.251213 2.571925 0.139795 0.665441 2.315150 0.123732 10.446985 -0.731555 -0.263803 0.236382 3.501434
1 132.63484 -8.665902 -0.988688 -0.264248 -2.261218 -1.384743 3.388692 0.251213 2.571925 0.139795 0.665441 2.315150 0.123732 10.446985 -0.731555 -0.263803 0.236382 3.501434
1 132.63484 -8.665902 -0.988688 -0.264248 -2.261218 -1.384743 3.388692 0.251213 2.571925 0.139795 0.665441 2.315150 0.123732 10.446985 -0.731555 -0.263803 0.236382 3.501434
1 132.63484 -8.665902 -0.988688 -0.264248 -2.261218 -1.384743 3.388692 0.251213 2.571925 0.139795 0.665441 2.315150 0.123732 10.446985 -0.731555 -0.263803 0.236382 3.501434
1 132.63484 -8.665902 -0.988688 -0.264248 -2.261218 -1.384743 3.388692 0.251213 2.571925 0.139795 0.665441 2.315150 0.123732 10.446985 -0.731555 -0.263803 0.236382 3.501434
1 132.63484 -8.665902 -0.988688 -0.264248 -2.261218 -1.384743 3.388692 0.251213 2.571925 0.139795 0.665441 2.315150 0.123732 10.446985 -0.731555 -0.263803 0.236382 3.501434
1 132.63484 -8.665902 -0.988688 -0.264248 -2.261218 -1.384743 3.388692 0.251213 2.571925 0.139795 0.665441 2.315150 0.123732 10.446985 -0.731555 -0.263803 0.236382 3.501434
1 132.63484 -8.665902 -0.988688 -0.264248 -2.261218 -1.384743 3.388692 0.251213 2.571925 0.139795 0.665441 2.315150 0.123732 10.446985 -0.731555 -0.263803 0.236382 3.501434
1 132.63484 -8.665902 -0.988688 -0.264248 -2.261218 -1.384743 3.388692 0.251213 2.571925 0.139795 0.665441 2.315150 0.123732 10.446985 -0.731555 -0.263803 0.236382 3.501434
1 132.63484 -8.665902 -0.988688 -0.264248 -2.261218 -1.384743 3.388692 0.251213 2.571925 0.139795 0.665441 2.315150 0.123732 10.446985 -0.731555 -0.263803 0.236382 3.501434
1 132.63484 -8.665902 -0.988688 -0.264248 -2.261218 -1.384743 3.388692 0.251213 2.571925 0.139795 0.665441 2.315150 0.123732 10.446985 -0.731555 -0.263803 0.236382 3.501434
1 132.63484 -8.665902 -0.988688 -0.264248 -2.261218 -1.384743 3.388692 0.251213 2.571925 0.139795 0.665441 2.315150 0.123732 10.446985 -0.731555 -0.263803 0.236382 3.501434
1 132.63484 -8.665902 -0.988688 -0.264248 -2.261218 -1.384743 3.388692 0.251213 2.571925 0.139795 0.665441 2.315150 0.123732 10.446985 -0.731555 -0.263803 0.236382 3.501434
1 132.63484 -8.665902 -0.988688 -0.264248 -2.261218 -1.384743 3.388692 0.251213 2.571925 0.139795 0.665441 2.315150 0.123732 10.446985 -0.731555 -0.263803 0.236382 3.501434
1 132.63484 -8.665902 -0.988688 -0.264248 -2.261218 -1.384743 3.388692 0.251213 2.571925 0.139795 0.665441 2.315150 0.123732 10.446985 -0.731555 -0.263803 0.236382 3.501434
1 132.63484 -8.665902 -0.988688 -0.264248 -2.261218 -1.384743 3.388692 0.251213 2.571925 0.139795 0.665441 2.315150 0.123732 10.446985 -0.731555 -0.263803 0.236382 3.501434
1 132.63484 -8.665902 -0.988688 -0.264248 -2.261218 -1.384743 3.388692 0.251213 2.571925 0.139795 0.665441 2.315150 0.123732 10.446985 -0.731555 -0.263803 0.236382 3.501434
1 132.63484 -8.665902 -0.988688 -0.264248 -2.261218 -1.384743 3.388692 0.251213 2.571925 0.139795 0.665441 2.315150 0.123732 10.446985 -0.731555 -0.263803 0.236382 3.501434
1 132.63484 -8.665902 -0.988688 -0.264248 -2.261218 -1.384743 3.388692 0.251213 2.571925 0.139795 0.665441 2.315150 0.123732 10.446985 -0.731555 -0.263803 0.236382 3.501434
1 132.63484 -8.665902 -0.988688 -0.264248 -2.261218 -1.384743 3.388692 0.251213 2.571925 0.139795 0.665441 2.315150 0.123732 10.446985 -0.731555 -0.263803 0.236382 3.501434
1 132.63484 -8.665902 -0.988688 -0.264248 -2.261218 -1.384743 3.388692 0.251213 2.571925 0.139795 0.665441 2.315150 0.123732 10.446985 -0.731555 -0.263803 0.236382 3.501434
1 132.63484 -8.665902 -0.988688 -0.264248 -2.261218 -1.384743 3.388692 0.251213 2.571925 0.139795 0.665441 2.315150 0.123732 10.446985 -0.731555 -0.263803 0.236382 3.501434
1 132.63484 -8.665902 -0.988688 -0.264248 -2.261218 -1.384743 3.388692 0.251213 2.571925 0.139795 0.665441 2.315150 0.123732 10.446985 -0.731555 -0.263803 0.236382 3.501434
1 132.63484 -8.665902 -0.988688 -0.264248 -2.261218 -1.384743 3.388692 0.251213 2.571925 0.139795 0.665441 2.315150 0.123732 10.446985 -0.731555 -0.263803 0.236382 3.501434
1 132.63484 -8.665902 -0.988688 -0.264248 -2.261218 -1.384743 3.388692 0.251213 2.571925 0.139795 0.665441 2.315150 0.123732 10.446985 -0.731555 -0.263803 0.236382 3.501434
1 132.63484 -8.665902 -0.988688 -0.264248 -2.261218 -1.384743 3.388692 0.251213 2.571925 0.139795 0.665441 2.315150 0.123732 10.446985 -0.731555 -0.263803 0.236382 3.501434
1 132.63484 -8.665902 -0.988688 -0.264248 -2.261218 -1.384743 3.388692 0.251213 2.571925 0.139795 0.665441 2.315150 0.123732 10.446985 -0.731555 -0.263803 0.236382 3.501434
1 132.63484 -8.665902 -0.988688 -0.264248 -2.261218 -1.384743 3.388692 0.251213 2.571925 0.139795 0.665441 2.315150 0.123732 10.446985 -0.731555 -0.263803 0.236382 3.501434
1 132.63484 -8.665902 -0.988688 -0.264248 -2.261218 -1.384743 3.388692 0.251213 2.571925 0.139795 0.665441 2.315150 0.123732 10.446985 -0.731555 -0.263803 0.236382 3.501434
1 132.63484 -8.665902 -0.988688 -0.264248 -2.261218 -1.384743 3.388692 0.251213 2.571925 0.139795 0.665441 2.315150 0.123732 10.446985 -0.731555 -0.263803 0.236382 3.501434
1 132.63484 -8.665902 -0.988688 -0.264248 -2.261218 -1.384743 3.388692 0.251213 2.571925 0.139795 0.665441 2.315150 0.123732 10.446985 -0.731555 -0.263803 0.236382 3.501434
1 132.63484 -8.665902 -0.988688 -0.264248 -2.261218 -1.384743 3.388692 0.251213 2.571925 0.139795 0.665441 2.315150 0.123732 10.446985 -0.731555 -0.263803 0.236382 3.501434
1 132.63484 -8.665902 -0.988688 -0.264248 -2.261218 -1.384743 3.388692 0.251213 2.571925 0.139795 0.665441 2.315150 0.123732 10.446985 -0.731555 -0.263803 0.236382 3.501434
1 132.63484 -8.665902 -0.988688 -0.264248 -2.261218 -1.384743 3.388692 0.251213 2.571925 0.139795 0.665441 2.315150 0.123732 10.446985 -0.731555 -0.263803 0.236382 3.501434
1 132.63484 -8.665902 -0.988688 -0.264248 -2.261218 -1.384743 3.388692 0.251213 2.571925 0.139795 0.665441 2.315150 0.123732 10.446985 -0.731555 -0.263803 0.236382 3.501434
1 132.63484 -8.665902 -0.988688 -0.264248 -2.261218 -1.384743 3.388692 0.251213 2.571925 0.139795 0.665441 2.315150 0.123732 10.446985 -0.731555 -0.263803 0.236382 3.501434
1 132.63484 -8.665902 -0.988688 -0.264248 -2.261218 -1.384743 3.388692 0.251213 2.571925 0.139795 0.665441 2.315150 0.123732 10.446985 -0.731555 -0.263803 0.236382 3.501434
1 132.63484 -8.665902 -0.988688 -0.264248 -2.261218 -1.384743 3.388692 0.251213 2.571925 0.139795 0.665441 2.315150 0.123732 10.446985 -0.731555 -0.263803 0.236382 3.501434
1 132.63484 -8.665902 -0.988688 -0.264248 -2.261218 -1.384743 3.388692 0.251213 2.571925 0.139795 0.665441 2.315150 0.123732 10.446985 -0.731555 -0.263803 0.236382 3.501434
1 132.63484 -8.665902 -0.988688 -0.264248 -2.261218 -1.384743 3.388692 0.251213 2.571925 0.139795 0.665441 2.315150 0.123732 10.446985 -0.731555 -0.263803 0.236382 3.501434
1 132.63484 -8.665902 -0.988688 -0.264248 -2.261218 -1.384743 3.388692 0.251213 2.571925 0.139795 0.665441 2.315150 0.123732 10.446985 -0.731555 -0.263803 0.236382 3.501434
1 132.63484 -8.665902 -0.988688 -0.264248 -2.261218 -1.384743 3.388692 0.251213 2.571925 0.139795 0.665441 2.315150 0.123732 10.446985 -0.731555 -0.263803 0.236382 3.501434
1 132.63484 -8.665902 -0.988688 -0.264248 -2.261218 -1.384743 3.388692 0.251213 2.571925 0.139795 0.665441 2.315150 0.123732 10.446985 -0.731555 -0.263803 0.236382 3.501434
1 132.63484 -8.665902 -0.988688 -0.264248 -2.261218 -1.384743 3.388692 0.251213 2.571925 0.139795 0.665441 2.315150 0.123732 10.446985 -0.731555 -0.263803 0.236382 3.501434
1 132.63484 -8.665902 -0.988688 -0.264248 -2.261218 -1.384743 3.388692 0.251213 2.571925 0.139795 0.665441 2.315150 0.123732 10.446985 -0.731555 -0.263803 0.236382 3.501434
1 132.63484 -8.665902 -0.988688 -0.264248 -2.261218 -1.384743 3.388692 0.251213 2.571925 0.139795 0.665441 2.315150 0.123732 10.446985 -0.731555 -0.263803 0.236382 3.501434
1 132.63484 -8.665902 -0.988688 -0.264248 -2.261218 -1.384743 3.388692 0.251213 2.571925 0.139795 0.665441 2.315150 0.123732 10.446985 -0.731555 -0.263803 0.236382 3.501434
1 132.63484 -8.665902 -0.988688 -0.264248 -2.261218 -1.384743 3.388692 0.251213 2.571925 0.139795 0.665441 2.315150 0.123732 10.446985 -0.731555 -0.263803 0.236382 3.501434
1 132.63484 -8.665902 -0.988688 -0.264248 -2.261218 -1.384743 3.388692 0.251213 2.571925 0.139795 0.665441 2.315150 0.123732 10.446985 -0.731555 -0.263803 0.236382 3.501434
1 132.63484 -8.665902 -0.988688 -0.264248 -2.261218 -1.384743 3.388692 0.251213 2.571925 0.139795 0.665441 2.315150 0.123732 10.446985 -0.731555 -0.263803 0.236382 3.501434
1 132.63484 -8.665902 -0.988688 -0.264248 -2.261218 -1.384743 3.388692 0.251213 2.571925 0.139795 0.665441 2.315150 0.123732 10.446985 -0.731555 -0.263803 0.236382 3.501434
1 132.63484 -8.665902 -0.988688 -0.264248 -2.261218 -1.384743 3.388692 0.251213 2.571925 0.139795 0.665441 2.315150 0.123732 10.446985 -0.731555 -0.263803 0.236382 3.501434
1 132.63484 -8.665902 -0.988688 -0.264248 -2.261218 -1.384743 3.388692 0.251213 2.571925 0.139795 0.665441 2.315150 0.123732 10.446985 -0.731555 -0.263803 0.236382 3.501434
1 132.63484 -8.665902 -0.988688 -0.264248 -2.261218 -1.384743 3.388692 0.251213 2.571925 0.139795 0.665441 2.315150 0.123732 10.446985 -0.731555 -0.263803 0.236382 3.501434
1 132.63484 -8.665902 -0.988688 -0.264248 -2.261218 -1.384743 3.388692 0.251213 2.571925 0.139795 0.665441 2.315150 0.123732 10.446985 -0.731555 -0.263803 0.236382 3.501434
1 132.63484 -8.665902 -0.988688 -0.264248 -2.261218 -1.384743 3.388692 0.251213 2.571925 0.139795 0.665441 2.315150 0.123732 10.446985 -0.731555 -0.263803 0.236382 3.501434
1 132.63484 -8.665902 -0.988688 -0.264248 -2.261218 -1.384743 3.388692 0.251213 2.571925 0.139795 0.665441 2.315150 0.123732 10.446985 -0.731555 -0.263803 0.236382 3.501434
1 132.63484 -8.665902 -0.988688 -0.264248 -2.261218 -1.384743 3.388692 0.251213 2.571925 0.139795 0.665441 2.315150 0.123732 10.446985 -0.731555 -0.263803 0.236382 3.501434
1 132.63484 -8.665902 -0.988688 -0.264248 -2.261218 -1.384743 3.388692 0.251213 2.571925 0.139795 0.665441 2.315150 0.123732 10.446985 -0.731555 -0.263803 0.236382 3.501434
1 132.63484 -8.665902 -0.988688 -0.264248 -2.261218 -1.384743 3.388692 0.251213 2.571925 0.139795 0.665441 2.315150 0.123732 10.446985 -0.731555 -0.263803 0.236382 3.501434
1 132.63484 -8.665902 -0.988688 -0.264248 -2.261218 -1.384743 3.388692 0.251213 2.571925 0.139795 0.665441 2.315150 0.123732 10.446985 -0.731555 -0.263803 0.236382 3.501434
1 132.63484 -8.665902 -0.988688 -0.264248 -2.261218 -1.384743 3.388692 0.251213 2.571925 0.139795 0.665441 2.315150 0.123732 10.446985 -0.731555 -0.263803 0.236382 3.501434
1 132.63484 -8.665902 -0.988688 -0.264248 -2.261218 -1.384743 3.388692 0.251213 2.571925 0.139795 0.665441 2.315150 0.123732 10.446985 -0.731555 -0.263803 0.236382 3.501434
1 132.63484 -8.665902 -0.988688 -0.264248 -2.261218 -1.384743 3.388692 0.251213 2.571925 0.139795 0.665441 2.315150 0.123732 10.446985 -0.731555 -0.263803 0.236382 3.501434
1 132.63484 -8.665902 -0.988688 -0.264248 -2.261218 -1.384743 3.388692 0.251213 2.571925 0.139795 0.665441 2.315150 0.123732 10.446985 -0.731555 -0.263803 0.236382 3.501434
1 132.63484 -8.665902 -0.988688 -0.264248 -2.261218 -1.384743 3.388692 0.251213 2.571925 0.139795 0.665441 2.315150 0.123732 10.446985 -0.731555 -0.263803 0.236382 3.501434
1 132.63484 -8.665902 -0.988688 -0.264248 -2.261218 -1.384743 3.388692 0.251213 2.571925 0.139795 0.665441 2.315150 0.123732 10.446985 -0.731555 -0.263803 0.236382 3.501434
1 132.63484 -8.665902 -0.988688 -0.264248 -2.261218 -1.384743 3.388692 0.251213 2.571925 0.139795 0.665441 2.315150 0.123732 10.446985 -0.731555 -0.263803 0.236382 3.501434
1 132.63484 -8.665902 -0.988688 -0.264248 -2.261218 -1.384743 3.388692 0.251213 2.571925 0.139795 0.665441 2.315150 0.123732 10.446985 -0.731555 -0.263803 0.236382 3.501434
1 132.63484 -8.665902 -0.988688 -0.264248 -2.261218 -1.384743 3.388692 0.251213 2.571925 0.139795 0.665441 2.315150 0.123732 10.446985 -0.731555 -0.263803 0.236382 3.501434
1 132.63484 -8.665902 -0.988688 -0.264248 -2.261218 -1.384743 3.388692 0.251213 2.571925 0.139795 0.665441 2.315150 0.123732 10.446985 -0.731555 -0.263803 0.236382 3.501434
1 132.63484 -8.665902 -0.988688 -0.264248 -2.261218 -1.384743 3.388692 0.251213 2.571925 0.139795 0.665441 2.315150 0.123732 10.446985 -0.731555 -0.263803 0.236382 3.501434
1 132.63484 -8.665902 -0.988688 -0.264248 -2.261218 -1.384743 3.388692 0.251213 2.571925 0.139795 0.665441 2.315150 0.123732 10.446985 -0.731555 -0.263803 0.236382 3.501434
1 132.63484 -8.665902 -0.988688 -0.264248 -2.261218 -1.384743 3.388692 0.251213 2.571925 0.139795 0.665441 2.315150 0.123732 10.446985 -0.731555 -0.263803 0.236382 3.501434
1 132.63484 -8.665902 -0.988688 -0.264248 -2.261218 -1.384743 3.388692 0.251213 2.571925 0.139795 0.665441 2.315150 0.123732 10.446985 -0.731555 -0.263803 0.236382 3.501434
1 132.63484 -8.665902 -0.988688 -0.264248 -2.261218 -1.384743 3.388692 0.251213 2.571925 0.139795 0.665441 2.315150 0.123732 10.446985 -0.731555 -0.263803 0.236382 3.501434
1 132.63484 -8.665902 -0.988688 -0.264248 -2.261218 -1.384743 3.388692 0.251213 2.571925 0.139795 0.665441 2.315150 0.123732 10.446985 -0.731555 -0.263803 0.236382 3.501434
1 132.63484 -8.665902 -0.988688 -0.264248 -2.261218 -1.384743 3.388692 0.251213 2.571925 0.139795 0.665441 2.315150 0.123732 10.446985 -0.731555 -0.263803 0.236382 3.501434
1 132.63484 -8.665902 -0.988688 -0.264248 -2.261218 -1.384743 3.388692 0.251213 2.571925 0.139795 0.665441 2.315150 0.123732 10.446985 -0.731555 -0.263803 0.236382 3.501434
1 132.63484 -8.665902 -0.988688 -0.264248 -2.261218 -1.384743 3.388692 0.251213 2.571925 0.139795 0.665441 2.315150 0.123732 10.446985 -0.731555 -0.263803 0.236382 3.501434
1 132.63484 -8.665902 -0.988688 -0.264248 -2.261218 -1.384743 3.388692 0.251213 2.571925 0.139795 0.665441 2.315150 0.123732 10.446985 -0.731555 -0.263803 0.236382 3.501434
1 132.63484 -8.665902 -0.988688 -0.264248 -2.261218 -1.384743 3.388692 0.251213 2.571925 0.139795 0.665441 2.315150 0.123732 10.446985 -0.731555 -0.263803 0.236382 3.501434
1 132.63484 -8.665902 -0.988688 -0.264248 -2.261218 -1.384743 3.388692 0.251213 2.571925 0.139795 0.665441 2.315150 0.123732 10.446985 -0.731555 -0.263803 0.236382 3.501434
1 132.63484 -8.665902 -0.988688 -0.264248 -2.261218 -1.384743 3.388692 0.251213 2.571925 0.139795 0.665441 2.315150 0.123732 10.446985 -0.731555 -0.263803 0.236382 3.501434
1 132.63484 -8.665902 -0.988688 -0.264248 -2.261218 -1.384743 3.388692 0.251213 2.571925 0.139795 0.665441 2.315150 0.123732 10.446985 -0.731555 -0.263803 0.236382 3.501434
1 132.63484 -8.665902 -0.988688 -0.264248 -2.261218 -1.384743 3.388692 0.251213 2.571925 0.139795 0.665441 2.315150 0.123732 10.446985 -0.731555 -0.263803 0.236382 3.501434
1 132.63484 -8.665902 -0.988688 -0.264248 -2.261218 -1.384743 3.388692 0.251213 2.571925 0.139795 0.665441 2.315150 0.123732 10.446985 -0.731555 -0.263803 0.236382 3.501434
1 132.63484 -8.665902 -0.988688 -0.264248 -2.261218 -1.384743 3.388692 0.251213 2.571925 0.139795 0.665441 2.315150 0.123732 10.446985 -0.731555 -0.263803 0.236382 3.501434
1 132.63484 -8.665902 -0.988688 -0.264248 -2.261218 -1.384743 3.388692 0.251213 2.571925 0.139795 0.665441 2.315150 0.123732 10.446985 -0.731555 -0.263803 0.236382 3.501434
1 132.63484 -8.665902 -0.988688 -0.264248 -2.261218 -1.384743 3.388692 0.251213 2.571925 0.139795 0.665441 2.315150 0.123732 10.446985 -0.731555 -0.263803 0.236382 3.501434
1 132.63484 -8.665902 -0.988688 -0.264248 -2.261218 -1.384743 3.388692 0.251213 2.571925 0.139795 0.665441 2.315150 0.123732 10.446985 -0.731555 -0.263803 0.236382 3.501434
1 132.63484 -8.665902 -0.988688 -0.264248 -2.261218 -1.384743 3.388692 0.251213 2.571925 0.139795 0.665441 2.315150 0.123732 10.446985 -0.731555 -0.263803 0.236382 3.501434
1 132.63484 -8.665902 -0.988688 -0.264248 -2.261218 -1.384743 3.388692 0.251213 2.571925 0.139795 0.665441 2.315150 0.123732 10.446985 -0.731555 -0.263803 0.236382 3.501434
1 132.63484 -8.665902 -0.988688 -0.264248 -2.261218 -1.384743 3.388692 0.251213 2.571925 0.139795 0.665441 2.315150 0.123732 10.446985 -0.731555 -0.263803 0.236382 3.501434
1 132.63484 -8.665902 -0.988688 -0.264248 -2.261218 -1.384743 3.388692 0.251213 2.571925 0.139795 0.665441 2.315150 0.123732 10.446985 -0.731555 -0.263803 0.236382 3.501434
1 132.63484 -8.665902 -0.988688 -0.264248 -2.261218 -1.384743 3.388692 0.251213 2.571925 0.139795 0.665441 2.315150 0.123732 10.446985 -0.731555 -0.263803 0.236382 3.501434
1 132.63484 -8.665902 -0.988688 -0.264248 -2.261218 -1.384743 3.388692 0.251213 2.571925 0.139795 0.665441 2.315150 0.123732 10.446985 -0.731555 -0.263803 0.236382 3.501434
1 132.63484 -8.665902 -0.988688 -0.264248 -2.261218 -1.384743 3.388692 0.251213 2.571925 0.139795 0.665441 2.315150 0.123732 10.446985 -0.731555 -0.263803 0.236382 3.501434
1 132.63484 -8.665902 -0.988688 -0.264248 -2.261218 -1.384743 3.388692 0.251213 2.571925 0.139795 0.665441 2.315150 0.123732 10.446985 -0.731555 -0.263803 0.236382 3.501434
1 132.63484 -8.665902 -0.988688 -0.264248 -2.261218 -1.384743 3.388692 0.251213 2.571925 0.139795 0.665441 2.315150 0.123732 10.446985 -0.731555 -0.263803 0.236382 3.501434
1 132.63484 -8.665902 -0.988688 -0.264248 -2.261218 -1.384743 3.388692 0.251213 2.571925 0.139795 0.665441 2.315150 0.123732 10.446985 -0.731555 -0.263803 0.236382 3.501434
1 132.63484 -8.665902 -0.988688 -0.264248 -2.261218 -1.384743 3.388692 0.251213 2.571925 0.139795 0.665441 2.315150 0.123732 10.446985 -0.731555 -0.263803 0.236382 3.501434
1 132.63484 -8.665902 -0.988688 -0.264248 -2.261218 -1.384743 3.388692 0.251213 2.571925 0.139795 0.665441 2.315150 0.123732 10.446985 -0.731555 -0.263803 0.236382 3.501434
1 132.63484 -8.665902 -0.988688 -0.264248 -2.261218 -1.384743 3.388692 0.251213 2.571925 0.139795 0.665441 2.315150 0.123732 10.446985 -0.731555 -0.263803 0.236382 3.501434
1 132.63484 -8.665902 -0.988688 -0.264248 -2.261218 -1.384743 3.388692 0.251213 2.571925 0.139795 0.665441 2.315150 0.123732 10.446985 -0.731555 -0.263803 0.236382 3.501434
1 132.63484 -8.665902 -0.988688 -0.264248 -2.261218 -1.384743 3.388692 0.251213 2.571925 0.139795 0.665441 2.315150 0.123732 10.446985 -0.731555 -0.263803 0.236382 3.501434
1 132.63484 -8.665902 -0.988688 -0.264248 -2.261218 -1.384743 3.388692 0.251213 2.571925 0.139795 0.665441 2.315150 0.123732 10.446985 -0.731555 -0.263803 0.236382 3.501434
1 132.63484 -8.665902 -0.988688 -0.264248 -2.261218 -1.384743 3.388692 0.251213 2.571925 0.139795 0.665441 2.315150 0.123732 10.446985 -0.731555 -0.263803 0.236382 3.501434
1 132.63484 -8.665902 -0.988688 -0.264248 -2.261218 -1.384743 3.388692 0.251213 2.571925 0.139795 0.665441 2.315150 0.123732 10.446985 -0.731555 -0.263803 0.236382 3.501434
1 132.63484 -8.665902 -0.988688 -0.264248 -2.261218 -1.384743 3.388692 0.251213 2.571925 0.139795 0.665441 2.315150 0.123732 10.446985 -0.731555 -0.263803 0.236382 3.501434
1 132.63484 -8.665902 -0.988688 -0.264248 -2.261218 -1.384743 3.388692 0.251213 2.571925 0.139795 0.665441 2.315150 0.123732 10.446985 -0.731555 -0.263803 0.236382 3.501434
1 132.63484 -8.665902 -0.988688 -0.264248 -2.261218 -1.384743 3.388692 0.251213 2.571925 0.139795 0.665441 2.315150 0.123732 10.446985 -0.731555 -0.263803 0.236382 3.501434
1 132.63484 -8.665902 -0.988688 -0.264248 -2.261218 -1.384743 3.388692 0.251213 2.571925 0.139795 0.665441 2.315150 0.123732 10.446985 -0.731555 -0.263803 0.236382 3.501434
1 132.63484 -8.665902 -0.988688 -0.264248 -2.261218 -1.384743 3.388692 0.251213 2.571925 0.139795 0.665441 2.315150 0.123732 10.446985 -0.731555 -0.263803 0.236382 3.501434
1 132.63484 -8.665902 -0.988688 -0.264248 -2.261218 -1.384743 3.388692 0.251213 2.571925 0.139795 0.665441 2.315150 0.123732 10.446985 -0.731555 -0.263803 0.236382 3.501434
1 132.63484 -8.665902 -0.988688 -0.264248 -2.261218 -1.384743 3.388692 0.251213 2.571925 0.139795 0.665441 2.315150 0.123732 10.446985 -0.731555 -0.263803 0.236382 3.501434
1 132.63484 -8.665902 -0.988688 -0.264248 -2.261218 -1.384743 3.388692 0.251213 2.571925 0.139795 0.665441 2.315150 0.123732 10.446985 -0.731555 -0.263803 0.236382 3.501434
1 132.63484 -8.665902 -0.988688 -0.264248 -2.261218 -1.384743 3.388692 0.251213 2.571925 0.139795 0.665441 2.315150 0.123732 10.446985 -0.731555 -0.263803 0.236382 3.501434
1 132.63484 -8.665902 -0.988688 -0.264248 -2.261218 -1.384743 3.388692 0.251213 2.571925 0.139795 0.665441 2.315150 0.123732 10.446985 -0.731555 -0.263803 0.236382 3.501434
1 132.63484 -8.665902 -0.988688 -0.264248 -2.261218 -1.384743 3.388692 0.251213 2.571925 0.139795 0.665441 2.315150 0.123732 10.446985 -0.731555 -0.263803 0.236382 3.501434
1 132.63484 -8.665902 -0.988688 -0.264248 -2.261218 -1.384743 3.388692 0.251213 2.571925 0.139795 0.665441 2.315150 0.123732 10.446985 -0.731555 -0.263803 0.236382 3.501434
1 132.63484 -8.665902 -0.988688 -0.264248 -2.261218 -1.384743 3.388692 0.251213 2.571925 0.139795 0.665441 2.315150 0.123732 10.446985 -0.731555 -0.263803 0.236382 3.501434
1 132.63484 -8.665902 -0.988688 -0.264248 -2.261218 -1.384743 3.388692 0.251213 2.571925 0.139795 0.665441 2.315150 0.123732 10.446985 -0.731555 -0.263803 0.236382 3.501434
