1 inf -8.760518 -0.537378 -0.730489 -1.999483 -1.459486 2.677588 -0.091502 2.519530 -0.666625 0.536314 2.230907 0.529059 10.749560 -1.713870 -0.985736 0.228674 3.615578
1 inf -8.746505 -0.545727 -0.698474 -2.015964 -1.465155 2.695058 -0.087438 2.489518 -0.693090 0.509941 2.205581 0.526110 10.746277 -1.695223 -1.008996 0.238170 3.610600
1 inf -8.732043 -0.510803 -0.680729 -2.000201 -1.458048 2.725583 -0.074643 2.467273 -0.688989 0.521273 2.174639 0.525561 10.737193 -1.730130 -0.994732 0.244245 3.618564
1 inf -8.724967 -0.505627 -0.667531 -2.000788 -1.493332 2.762802 -0.140285 2.461631 -0.711079 0.460774 2.205760 0.523360 10.753729 -1.728592 -0.997672 0.244625 3.595445
1 inf -8.704213 -0.501379 -0.662265 -2.025561 -1.471907 2.775889 -0.115143 2.442655 -0.710467 0.461813 2.217611 0.544620 10.745184 -1.737366 -1.005065 0.257199 3.602714
1 inf -8.732581 -0.508235 -0.657569 -2.053692 -1.492617 2.785533 -0.104002 2.451205 -0.682694 0.481925 2.222222 0.516246 10.749575 -1.765952 -0.991698 0.270799 3.626343
1 inf -8.732016 -0.496663 -0.655573 -2.051088 -1.498588 2.782459 -0.164766 2.478957 -0.688347 0.477322 2.273121 0.511700 10.764499 -1.771498 -0.995990 0.324764 3.623735
1 inf -8.728246 -0.499901 -0.634363 -2.068633 -1.490037 2.782000 -0.154457 2.458114 -0.685374 0.435579 2.270473 0.504549 10.770652 -1.775202 -1.010751 0.347908 3.655504
1 inf -8.776619 -0.487886 -0.654652 -2.056060 -1.503189 2.778665 -0.110579 2.491392 -0.685935 0.448328 2.271046 0.516336 10.775252 -1.775466 -0.980427 0.377432 3.611894
1 inf -8.787285 -0.496229 -0.652572 -2.021651 -1.510959 2.794190 -0.135268 2.467501 -0.706263 0.460507 2.284665 0.512527 10.775496 -1.802977 -0.944530 0.346656 3.625199
1 inf -8.784818 -0.469371 -0.625373 -2.040808 -1.472136 2.781451 -0.104752 2.488856 -0.685474 0.404803 2.271786 0.526658 10.796698 -1.784414 -0.945879 0.339220 3.663630
1 inf -8.826830 -0.472641 -0.682005 -2.004697 -1.491178 2.792984 -0.108638 2.543115 -0.706919 0.375374 2.261050 0.499807 10.808549 -1.745774 -0.954389 0.368434 3.642800
1 inf -8.841663 -0.482062 -0.665909 -1.977791 -1.504324 2.792224 -0.096259 2.528334 -0.679926 0.385248 2.235055 0.463760 10.839109 -1.774419 -0.909955 0.373666 3.637247
1 inf -8.789899 -0.438443 -0.619954 -1.968444 -1.523964 2.811988 -0.093854 2.530931 -0.670360 0.399595 2.242026 0.479338 10.833250 -1.754591 -0.884842 0.359296 3.609783
1 inf -8.800776 -0.445034 -0.607885 -1.952312 -1.531193 2.834288 -0.130991 2.542617 -0.647617 0.429384 2.278123 0.496234 10.827509 -1.762075 -0.858896 0.349659 3.607288
1 inf -8.823865 -0.410929 -0.560593 -1.955620 -1.521450 2.822335 -0.114004 2.581938 -0.634809 0.415128 2.278849 0.476380 10.830829 -1.805805 -0.821342 0.326584 3.555150
1 inf -8.839592 -0.412475 -0.565299 -1.939911 -1.487945 2.833651 -0.099921 2.604857 -0.631032 0.428664 2.294051 0.468736 10.848829 -1.811042 -0.832914 0.317041 3.560684
1 inf -8.844666 -0.431546 -0.555496 -1.926780 -1.478228 2.830701 -0.084980 2.662234 -0.601914 0.433264 2.290226 0.454295 10.847517 -1.834328 -0.815314 0.340764 3.558060
1 inf -8.813125 -0.418843 -0.568073 -1.903604 -1.490847 2.876907 -0.056881 2.640733 -0.616813 0.438229 2.284304 0.450792 10.847348 -1.873306 -0.803785 0.363545 3.562597
1 inf -8.834680 -0.437900 -0.546917 -1.894518 -1.497159 2.856288 -0.058938 2.652484 -0.592461 0.454764 2.287793 0.417266 10.796988 -1.875381 -0.791052 0.368533 3.538707
1 inf -8.817085 -0.417596 -0.552784 -1.908072 -1.504216 2.861096 0.002416 2.691839 -0.572985 0.454673 2.305918 0.391045 10.805919 -1.856439 -0.772999 0.335310 3.539510
1 inf -8.853424 -0.415425 -0.554399 -1.879249 -1.511291 2.846183 0.031221 2.685705 -0.570183 0.454844 2.283114 0.392357 10.808035 -1.863204 -0.793922 0.329925 3.503663
1 inf -8.838203 -0.374590 -0.563704 -1.883025 -1.509415 2.804331 0.063094 2.656821 -0.531173 0.434549 2.254919 0.406261 10.808025 -1.857629 -0.762304 0.303481 3.506579
1 inf -8.796324 -0.346920 -0.532641 -1.908767 -1.517564 2.750533 0.064834 2.675838 -0.532567 0.435141 2.244217 0.453723 10.804483 -1.884122 -0.752306 0.318468 3.505376
1 inf -8.785290 -0.347527 -0.551715 -1.922063 -1.501266 2.786609 0.098657 2.692249 -0.519433 0.428100 2.240424 0.467348 10.800948 -1.917213 -0.768859 0.308058 3.500832
1 inf -8.771739 -0.335315 -0.534021 -1.915482 -1.498508 2.791243 0.072844 2.687693 -0.482815 0.411711 2.262506 0.489457 10.800547 -1.891350 -0.792386 0.267399 3.501331
1 inf -8.778613 -0.337533 -0.523208 -1.940080 -1.522545 2.809181 0.054464 2.703548 -0.426267 0.439438 2.276127 0.504957 10.837177 -1.876719 -0.739007 0.256964 3.498290
1 inf -8.754584 -0.351655 -0.499432 -1.949225 -1.518290 2.813523 0.017928 2.699973 -0.385117 0.428765 2.254584 0.524374 10.851052 -1.820754 -0.754540 0.275991 3.467256
1 inf -8.746694 -0.352815 -0.492565 -1.940423 -1.521244 2.791832 -0.005499 2.693042 -0.368484 0.465390 2.228853 0.514908 10.831098 -1.828072 -0.771714 0.261447 3.478240
1 inf -8.727965 -0.367001 -0.535303 -1.930078 -1.508988 2.810148 0.006284 2.674195 -0.355489 0.457812 2.223169 0.519534 10.830813 -1.806336 -0.743256 0.244285 3.463526
1 inf -8.714257 -0.387751 -0.546873 -1.958753 -1.522716 2.846680 -0.008013 2.682544 -0.354980 0.438436 2.202407 0.557359 10.831245 -1.803333 -0.738089 0.250440 3.479217
1 inf -8.724436 -0.382618 -0.562910 -1.929365 -1.522918 2.806449 0.016099 2.720300 -0.377289 0.459737 2.230388 0.499442 10.808116 -1.807844 -0.765565 0.266351 3.462179
1 inf -8.716290 -0.361319 -0.532662 -1.925010 -1.531787 2.809393 -0.010407 2.728996 -0.398804 0.462530 2.210167 0.509237 10.782560 -1.823496 -0.755310 0.240647 3.461650
1 inf -8.713342 -0.396541 -0.557306 -1.918551 -1.538459 2.812129 -0.021076 2.719100 -0.398451 0.466612 2.236982 0.517385 10.790065 -1.806667 -0.747887 0.211929 3.467503
1 inf -8.698718 -0.389957 -0.549070 -1.921787 -1.522402 2.806559 -0.017674 2.672492 -0.426816 0.491474 2.254744 0.479796 10.812413 -1.789716 -0.787254 0.203607 3.456608
1 inf -8.709070 -0.388409 -0.507448 -1.938051 -1.510069 2.787053 -0.006893 2.661558 -0.389071 0.483085 2.251561 0.421977 10.833522 -1.774110 -0.805128 0.197355 3.455567
1 inf -8.721071 -0.414827 -0.494310 -1.923842 -1.489696 2.789954 0.012333 2.665734 -0.384997 0.500454 2.226551 0.426945 10.830033 -1.778994 -0.775939 0.178359 3.462418
1 inf -8.754615 -0.378104 -0.555457 -1.935604 -1.527400 2.795355 0.014501 2.677242 -0.368618 0.456481 2.228718 0.391703 10.823292 -1.795510 -0.773021 0.198038 3.489699
1 inf -8.759273 -0.323780 -0.603467 -1.949444 -1.545549 2.781018 0.000073 2.664774 -0.367139 0.447906 2.209976 0.390201 10.790538 -1.813983 -0.788869 0.188926 3.506419
1 inf -8.735181 -0.318933 -0.603188 -1.941559 -1.537281 2.787343 0.058038 2.648574 -0.365056 0.441431 2.178322 0.388022 10.766111 -1.810273 -0.792496 0.216041 3.471080
1 inf -8.736981 -0.331548 -0.612540 -1.933605 -1.546583 2.782074 0.070739 2.669793 -0.398774 0.443489 2.125111 0.421145 10.762974 -1.798934 -0.818262 0.192399 3.478566
1 inf -8.733873 -0.366351 -0.615228 -1.913265 -1.530798 2.778797 0.066601 2.666795 -0.429071 0.429625 2.149204 0.416425 10.796104 -1.781963 -0.821400 0.212249 3.445800
1 inf -8.712936 -0.350421 -0.607895 -1.906606 -1.500987 2.777293 0.069046 2.708648 -0.460972 0.442903 2.133358 0.368455 10.790255 -1.780621 -0.823813 0.179897 3.434689
1 inf -8.693164 -0.338113 -0.606149 -1.862350 -1.501918 2.802843 0.083980 2.702974 -0.465424 0.407295 2.106115 0.380592 10.753067 -1.815738 -0.842690 0.166105 3.384371
1 inf -8.729503 -0.335942 -0.607764 -1.833527 -1.508993 2.787930 0.112785 2.696840 -0.462622 0.407466 2.083311 0.381904 10.755183 -1.822503 -0.863613 0.160720 3.348524
1 inf -8.725941 -0.337561 -0.596887 -1.830481 -1.532656 2.763149 0.119032 2.688822 -0.417919 0.398301 2.069048 0.360802 10.784900 -1.834633 -0.888809 0.184965 3.347884
1 inf -8.717054 -0.347734 -0.612851 -1.853564 -1.537978 2.770344 0.096303 2.713281 -0.417280 0.407920 2.069939 0.360598 10.733516 -1.832330 -0.883937 0.172559 3.361788
1 inf -8.687908 -0.329233 -0.623498 -1.834500 -1.547256 2.789122 0.093200 2.697245 -0.381101 0.430332 2.079537 0.379493 10.730668 -1.821404 -0.919065 0.191220 3.349828
1 inf -8.709305 -0.316994 -0.644243 -1.811982 -1.530126 2.800480 0.135499 2.697185 -0.398260 0.407600 2.110433 0.385644 10.735260 -1.777244 -0.908863 0.197429 3.326512
1 inf -8.747537 -0.325621 -0.653692 -1.847743 -1.560606 2.809587 0.144651 2.718887 -0.416659 0.385824 2.098875 0.380631 10.776691 -1.818645 -0.929662 0.221620 3.339000
1 inf -8.757340 -0.339342 -0.663465 -1.871896 -1.565915 2.790139 0.150473 2.708536 -0.405844 0.379361 2.118902 0.373163 10.776575 -1.799328 -0.984816 0.214461 3.356870
1 inf -8.766694 -0.362669 -0.648590 -1.851379 -1.568832 2.787262 0.131301 2.688625 -0.392515 0.360274 2.138204 0.435443 10.776634 -1.784991 -0.953448 0.207296 3.371292
1 inf -8.760852 -0.327975 -0.633956 -1.865806 -1.529721 2.770578 0.115777 2.651454 -0.418336 0.321770 2.144970 0.434673 10.783857 -1.850774 -0.966593 0.224477 3.330381
1 inf -8.781048 -0.317177 -0.599135 -1.883166 -1.569450 2.770139 0.126452 2.644451 -0.420993 0.345041 2.159298 0.403356 10.784219 -1.850927 -0.957732 0.192784 3.341082
1 inf -8.756788 -0.317040 -0.561283 -1.838971 -1.543041 2.780439 0.083663 2.689001 -0.417101 0.345675 2.141574 0.432160 10.780734 -1.852119 -0.967908 0.207889 3.378354
1 inf -8.753295 -0.281813 -0.536898 -1.827755 -1.556382 2.790939 0.122409 2.692942 -0.443114 0.341951 2.086008 0.401739 10.763686 -1.828599 -0.985649 0.226593 3.365913
1 inf -8.780405 -0.237450 -0.505920 -1.839460 -1.574557 2.789038 0.139904 2.665624 -0.432502 0.361034 2.100946 0.411758 10.771903 -1.828059 -1.005510 0.213829 3.360948
1 inf -8.778491 -0.196511 -0.540095 -1.808576 -1.594653 2.776825 0.116562 2.661870 -0.426183 0.366249 2.120416 0.392227 10.768914 -1.845446 -1.023483 0.191609 3.379951
1 inf -8.777947 -0.186882 -0.530890 -1.847533 -1.580110 2.776765 0.114295 2.688068 -0.444682 0.355202 2.127221 0.367392 10.778495 -1.844704 -1.065379 0.246917 3.354659
1 inf -8.758243 -0.170359 -0.538892 -1.862156 -1.584062 2.769528 0.112204 2.710994 -0.459732 0.359338 2.145643 0.384199 10.785737 -1.849883 -1.062009 0.276918 3.402340
1 inf -8.760088 -0.155223 -0.522483 -1.876566 -1.572869 2.772842 0.105518 2.685408 -0.472714 0.346636 2.161375 0.422059 10.815931 -1.835052 -1.048309 0.302429 3.391427
1 inf -8.799734 -0.173283 -0.525476 -1.876146 -1.571143 2.795531 0.085979 2.694125 -0.496057 0.373893 2.169073 0.407770 10.830285 -1.840562 -1.037616 0.263456 3.403104
1 inf -8.829666 -0.175552 -0.496674 -1.858027 -1.601158 2.785666 0.070495 2.711522 -0.480966 0.339772 2.155955 0.398078 10.818955 -1.890598 -1.039791 0.275144 3.440212
1 inf -8.835137 -0.153962 -0.482543 -1.854724 -1.597123 2.798370 0.078440 2.759635 -0.439125 0.316171 2.189530 0.407616 10.814259 -1.925711 -1.030093 0.295743 3.426481
1 inf -8.810356 -0.150497 -0.478247 -1.865688 -1.627567 2.810553 0.076725 2.769596 -0.422667 0.281619 2.224096 0.429983 10.831599 -1.939621 -1.006737 0.299841 3.429465
1 inf -8.814975 -0.139302 -0.477694 -1.862442 -1.603340 2.829917 0.073424 2.771368 -0.431150 0.327011 2.183288 0.424994 10.838215 -1.939234 -0.999009 0.266563 3.416760
1 inf -8.827632 -0.166484 -0.510748 -1.868484 -1.603356 2.817680 0.056251 2.771841 -0.422106 0.342748 2.152032 0.405905 10.824241 -1.944287 -0.993570 0.277511 3.389765
1 inf -8.863971 -0.164313 -0.512363 -1.839661 -1.610431 2.802767 0.085056 2.765707 -0.419304 0.342919 2.129228 0.407217 10.826357 -1.951052 -1.014493 0.272126 3.353918
1 inf -8.857640 -0.143630 -0.559159 -1.863957 -1.590639 2.831306 0.099392 2.795306 -0.402876 0.338465 2.157758 0.393297 10.853988 -1.974597 -0.994625 0.259688 3.353129
1 inf -8.875332 -0.155928 -0.548950 -1.860528 -1.568999 2.826567 0.133602 2.767845 -0.415062 0.339208 2.162213 0.424505 10.895400 -1.974999 -0.987174 0.236594 3.330408
1 inf -8.854393 -0.188476 -0.545685 -1.845497 -1.540623 2.842496 0.136255 2.792737 -0.373226 0.339393 2.128935 0.443394 10.875480 -1.934970 -0.960577 0.239313 3.310078
1 inf -8.828931 -0.216666 -0.531037 -1.796928 -1.556148 2.827250 0.151585 2.801957 -0.357802 0.351068 2.159229 0.416386 10.915171 -1.901468 -1.013664 0.214940 3.306196
1 inf -8.840060 -0.218829 -0.536371 -1.809550 -1.522840 2.797630 0.152553 2.823858 -0.352391 0.355980 2.164298 0.430393 10.910179 -1.927468 -1.005351 0.194994 3.311046
1 inf -8.847013 -0.193267 -0.526117 -1.816997 -1.524334 2.847653 0.162167 2.857663 -0.368788 0.322922 2.168067 0.445220 10.916845 -1.908340 -1.033783 0.180516 3.316778
1 inf -8.863547 -0.200920 -0.526645 -1.858501 -1.503580 2.857560 0.179780 2.879173 -0.367803 0.333816 2.150835 0.466078 10.939325 -1.943150 -1.014367 0.155784 3.327836
1 inf -8.892595 -0.217493 -0.531576 -1.848312 -1.516680 2.863610 0.192973 2.898509 -0.387868 0.331738 2.123053 0.458534 10.927048 -1.950352 -0.987987 0.163469 3.316835
1 inf -8.891776 -0.211453 -0.543420 -1.865079 -1.535058 2.864266 0.160979 2.906263 -0.391845 0.327622 2.114884 0.492576 10.924562 -1.929865 -1.006383 0.168949 3.299672
1 inf -8.882266 -0.256884 -0.556140 -1.833911 -1.565467 2.859250 0.183587 2.927822 -0.369558 0.340962 2.067641 0.529927 10.913621 -1.934934 -1.059882 0.172334 3.309278
1 inf -8.890741 -0.252382 -0.545570 -1.831845 -1.574778 2.857163 0.171863 2.923570 -0.373229 0.327443 2.092998 0.527888 10.918588 -1.941377 -1.053671 0.188174 3.296394
1 inf -8.908859 -0.237203 -0.573685 -1.855556 -1.557428 2.892815 0.163391 2.983458 -0.369364 0.300491 2.104658 0.553641 10.934664 -1.977659 -1.069880 0.193786 3.300530
1 inf -8.903896 -0.228225 -0.576609 -1.839200 -1.551520 2.879242 0.152127 2.961066 -0.380200 0.273244 2.144085 0.559050 10.921144 -1.976587 -1.087929 0.213193 3.333124
1 inf -8.902614 -0.216262 -0.573699 -1.863919 -1.518447 2.869033 0.149403 2.955253 -0.329644 0.266355 2.152397 0.570104 10.908020 -2.002762 -1.074127 0.178331 3.370403
1 inf -8.909204 -0.221505 -0.560915 -1.837808 -1.509333 2.878369 0.150921 2.936798 -0.299498 0.274877 2.167276 0.603822 10.884072 -1.986727 -1.052781 0.192866 3.416376
1 inf -8.936102 -0.231280 -0.547679 -1.832417 -1.505951 2.874039 0.190857 2.901066 -0.328413 0.287578 2.136256 0.606169 10.889701 -1.962813 -1.051335 0.173103 3.425823
1 inf -8.920420 -0.201398 -0.548301 -1.847713 -1.463194 2.867355 0.197046 2.935179 -0.307682 0.292684 2.143408 0.597326 10.872666 -1.968224 -1.042363 0.177111 3.440388
1 inf -8.879856 -0.228118 -0.566723 -1.862407 -1.438181 2.855979 0.187356 2.916436 -0.298746 0.316413 2.143886 0.625249 10.871339 -1.944119 -1.039278 0.185232 3.421405
1 inf -8.846600 -0.270208 -0.576643 -1.881410 -1.472996 2.859762 0.217628 2.923314 -0.300634 0.299754 2.155191 0.577952 10.834145 -1.945923 -1.052347 0.156172 3.399599
1 inf -8.846990 -0.274181 -0.525773 -1.905298 -1.459246 2.821696 0.215379 2.894420 -0.269949 0.296164 2.152640 0.608820 10.843084 -1.927265 -1.035392 0.147757 3.423415
1 inf -8.844754 -0.262129 -0.508232 -1.911159 -1.404268 2.847154 0.231860 2.885446 -0.288868 0.270131 2.110164 0.585912 10.864850 -1.949603 -1.036132 0.156409 3.438202
1 inf -8.856456 -0.263198 -0.510520 -1.903551 -1.442780 2.806840 0.286418 2.877367 -0.294090 0.271503 2.109541 0.592467 10.861602 -1.943256 -1.065548 0.157279 3.430855
1 inf -8.858273 -0.261496 -0.533690 -1.913704 -1.453406 2.823612 0.290494 2.895452 -0.279963 0.290813 2.067541 0.586189 10.926923 -1.942230 -1.067905 0.161044 3.427169
1 inf -8.894612 -0.259325 -0.535305 -1.884881 -1.460481 2.808699 0.319299 2.889318 -0.277161 0.290984 2.044737 0.587501 10.929039 -1.948995 -1.088828 0.155659 3.391322
1 inf -8.948019 -0.289473 -0.516640 -1.860428 -1.451265 2.761773 0.295421 2.911659 -0.236030 0.259398 2.065004 0.601809 10.906415 -1.922106 -1.087102 0.128813 3.435058
1 inf -8.954178 -0.300146 -0.588447 -1.855862 -1.475473 2.767820 0.285811 2.912992 -0.233383 0.270639 2.077565 0.659112 10.896290 -1.935488 -1.050184 0.102186 3.463501
1 inf -8.902736 -0.321096 -0.596600 -1.814784 -1.468395 2.773282 0.265181 2.912571 -0.234004 0.283494 2.069405 0.641651 10.897442 -1.872972 -1.045393 0.086092 3.495211
1 inf -8.894915 -0.320676 -0.609165 -1.832470 -1.438776 2.776526 0.275297 2.899227 -0.215178 0.282923 2.062875 0.629358 10.873750 -1.931658 -1.061564 0.079142 3.515668
1 inf -8.898597 -0.326540 -0.642309 -1.790717 -1.438706 2.782027 0.296730 2.925953 -0.197805 0.285730 2.091999 0.624505 10.873207 -1.917728 -1.056955 0.052949 3.508159
1 inf -8.888240 -0.332413 -0.698014 -1.793744 -1.439249 2.820689 0.275590 2.890159 -0.188251 0.249932 2.104002 0.632975 10.874371 -1.891061 -1.074623 0.048753 3.484162
1 inf -8.880131 -0.343322 -0.676462 -1.791737 -1.416560 2.805407 0.285043 2.893893 -0.154930 0.263489 2.068539 0.638524 10.842739 -1.873823 -1.087593 0.028573 3.495350
1 inf -8.892107 -0.353361 -0.653154 -1.837824 -1.393703 2.844150 0.308912 2.910551 -0.163859 0.271860 2.074647 0.649601 10.865696 -1.862814 -1.083056 0.035316 3.507395
1 inf -8.916450 -0.365843 -0.622563 -1.873668 -1.414104 2.845072 0.273837 2.881949 -0.179189 0.262758 2.059169 0.684275 10.864340 -1.882047 -1.125016 0.061911 3.505701
1 inf -8.896927 -0.384537 -0.606876 -1.897176 -1.425741 2.814253 0.282412 2.933961 -0.204604 0.315042 2.063670 0.696727 10.867406 -1.897214 -1.141435 0.043985 3.490713
1 inf -8.871573 -0.402935 -0.634120 -1.908813 -1.403272 2.799064 0.291013 2.945396 -0.186335 0.301551 2.045320 0.680876 10.878230 -1.911596 -1.163298 0.036857 3.460822
1 inf -8.875604 -0.416762 -0.605351 -1.934543 -1.411784 2.843626 0.290825 2.953095 -0.196072 0.306870 2.032955 0.674763 10.875786 -1.939537 -1.172141 0.005580 3.440977
1 inf -8.866280 -0.403800 -0.613194 -1.947523 -1.433859 2.849872 0.309223 2.963315 -0.216854 0.312593 2.040131 0.664380 10.888251 -1.965244 -1.156088 0.003682 3.426835
1 inf -8.864487 -0.409744 -0.598781 -1.948885 -1.396198 2.864002 0.293872 2.958671 -0.244794 0.306544 2.041139 0.650891 10.877805 -2.010070 -1.140618 -0.024198 3.391318
1 inf -8.894935 -0.398099 -0.623467 -1.927446 -1.354120 2.877244 0.298259 2.983803 -0.221496 0.309249 2.051053 0.630325 10.876974 -1.979067 -1.132508 -0.065677 3.382651
1 inf -8.898315 -0.383369 -0.626024 -1.956777 -1.375840 2.863347 0.300625 2.970618 -0.216994 0.292430 2.094268 0.665417 10.852606 -2.007901 -1.172796 -0.056418 3.385346
1 inf -8.900523 -0.412183 -0.620316 -1.946542 -1.405353 2.881657 0.304268 2.961437 -0.219504 0.299110 2.141160 0.661188 10.830351 -1.998697 -1.165101 -0.077312 3.386991
1 inf -8.872560 -0.440564 -0.579431 -1.976249 -1.381796 2.868740 0.300839 2.994323 -0.215905 0.318486 2.134801 0.690992 10.844876 -1.985050 -1.174907 -0.077476 3.377193
1 inf -8.897124 -0.419269 -0.575227 -1.953033 -1.379348 2.837777 0.276997 2.982306 -0.229184 0.316844 2.137022 0.653421 10.836645 -1.973056 -1.158909 -0.080359 3.366154
1 inf -8.896280 -0.496154 -0.594973 -1.970168 -1.404180 2.827188 0.295503 2.986101 -0.262220 0.303847 2.136016 0.687697 10.833313 -2.008643 -1.142483 -0.048261 3.395534
1 inf -8.870616 -0.471863 -0.617181 -1.967793 -1.422740 2.828663 0.273457 2.958746 -0.249799 0.275814 2.119592 0.692237 10.830901 -1.985627 -1.168840 -0.024673 3.337438
1 inf -8.871840 -0.507077 -0.595810 -1.948998 -1.463087 2.799399 0.290713 2.984653 -0.261704 0.267926 2.138872 0.683620 10.854353 -1.966152 -1.169530 -0.012833 3.329846
1 inf -8.892609 -0.477497 -0.576267 -1.952119 -1.464190 2.770112 0.305311 2.963472 -0.228346 0.240115 2.135914 0.679848 10.832796 -1.942821 -1.151342 -0.019287 3.291492
1 inf -8.874884 -0.504542 -0.558167 -1.958820 -1.454870 2.770131 0.316872 2.959052 -0.277955 0.263209 2.137022 0.695931 10.872004 -1.969274 -1.177512 0.008420 3.272252
1 inf -8.899175 -0.474829 -0.535209 -1.946492 -1.419565 2.785943 0.312317 2.934066 -0.291401 0.263368 2.167006 0.676803 10.879826 -1.972657 -1.183590 0.002780 3.252344
1 inf -8.935514 -0.472658 -0.536824 -1.917669 -1.426640 2.771030 0.341122 2.927932 -0.288599 0.263539 2.144202 0.678115 10.881942 -1.979422 -1.204513 -0.002605 3.216497
1 inf -8.918919 -0.437088 -0.525603 -1.888465 -1.420548 2.748984 0.279551 2.942175 -0.316789 0.274496 2.117779 0.657933 10.852472 -1.975555 -1.155879 0.011813 3.178955
1 inf -8.890193 -0.410830 -0.550131 -1.889543 -1.417391 2.753565 0.304908 2.922003 -0.315575 0.294216 2.141003 0.679346 10.839572 -1.979930 -1.169497 -0.006864 3.185058
1 inf -8.917166 -0.418342 -0.558777 -1.884835 -1.423369 2.777252 0.314592 2.928442 -0.303457 0.305144 2.141458 0.689449 10.822365 -1.966647 -1.186533 -0.017929 3.164741
1 inf -8.932506 -0.382022 -0.606157 -1.896259 -1.428889 2.781014 0.296832 2.918900 -0.300695 0.318660 2.119406 0.690094 10.811795 -1.967265 -1.215634 0.014430 3.136990
1 inf -8.892799 -0.376052 -0.568353 -1.905852 -1.423450 2.779592 0.297849 2.909995 -0.276479 0.299460 2.091476 0.649099 10.789293 -1.949870 -1.208337 0.026956 3.151284
1 inf -8.931256 -0.398515 -0.534519 -1.921272 -1.409360 2.797323 0.256931 2.924855 -0.285417 0.278493 2.061191 0.683033 10.789413 -1.987086 -1.191253 0.039150 3.132323
1 inf -8.941475 -0.392413 -0.568123 -1.936717 -1.428924 2.846532 0.271865 2.916613 -0.314486 0.302932 2.091159 0.678476 10.800964 -1.956580 -1.211882 0.013979 3.145150
1 inf -8.930284 -0.369342 -0.573300 -1.970258 -1.437661 2.843668 0.249668 2.906056 -0.318301 0.281421 2.103524 0.664469 10.796986 -1.950656 -1.211735 0.000611 3.129845
1 inf -8.877156 -0.350034 -0.560239 -1.985837 -1.450625 2.868800 0.272287 2.911025 -0.331551 0.293317 2.112346 0.657112 10.798222 -1.926042 -1.184294 0.013012 3.105774
1 inf -8.876331 -0.325452 -0.554840 -1.997542 -1.473614 2.846715 0.278569 2.900043 -0.281712 0.285850 2.126123 0.645575 10.836198 -1.938571 -1.185021 -0.002215 3.109386
1 inf -8.877466 -0.333438 -0.540004 -2.058996 -1.501094 2.824014 0.279866 2.861191 -0.284603 0.320589 2.120244 0.643129 10.804576 -1.913622 -1.184792 -0.029959 3.123429
1 inf -8.839756 -0.337526 -0.535179 -2.080765 -1.506705 2.819957 0.299369 2.883165 -0.270562 0.336911 2.110146 0.651411 10.838956 -1.893280 -1.213900 -0.037254 3.127834
1 inf -8.851949 -0.335192 -0.497308 -2.051871 -1.518472 2.827218 0.311529 2.886344 -0.273958 0.334984 2.102268 0.634658 10.841439 -1.857445 -1.207571 -0.028530 3.156108
1 inf -8.870226 -0.337570 -0.516346 -2.066992 -1.497129 2.825419 0.306126 2.901197 -0.308668 0.323043 2.092341 0.661606 10.810834 -1.869424 -1.222292 -0.033979 3.119621
1 inf -8.817080 -0.343407 -0.489975 -2.046064 -1.477323 2.842941 0.283466 2.901286 -0.286899 0.339819 2.091523 0.673965 10.804284 -1.855124 -1.227973 -0.002042 3.151797
1 inf -8.798982 -0.354851 -0.469316 -2.087107 -1.482129 2.861192 0.252082 2.899071 -0.308590 0.299429 2.115375 0.639451 10.795268 -1.863954 -1.206868 0.010498 3.167885
1 inf -8.835321 -0.352680 -0.470931 -2.058284 -1.489204 2.846279 0.280887 2.892937 -0.305788 0.299600 2.092571 0.640763 10.797384 -1.870719 -1.227791 0.005113 3.132038
1 inf -8.866537 -0.360021 -0.468409 -2.045042 -1.490912 2.833953 0.307615 2.899691 -0.312509 0.276075 2.088586 0.611129 10.810346 -1.873913 -1.189992 0.027588 3.137434
1 inf -8.859408 -0.367225 -0.486589 -2.018468 -1.495766 2.816835 0.362239 2.884364 -0.280389 0.244834 2.053046 0.627772 10.845268 -1.845299 -1.189656 0.054056 3.162824
1 inf -8.886499 -0.375685 -0.481868 -2.005149 -1.474478 2.852108 0.376021 2.905851 -0.295528 0.264698 2.070757 0.610652 10.889178 -1.859718 -1.188787 0.045108 3.136118
1 inf -8.894605 -0.359185 -0.476827 -1.992450 -1.505249 2.902228 0.367947 2.880373 -0.299480 0.215875 2.066381 0.614706 10.901396 -1.880996 -1.221510 0.035468 3.103146
1 inf -8.912731 -0.347565 -0.509196 -1.997593 -1.507097 2.938949 0.366991 2.875388 -0.329661 0.213797 2.020377 0.617196 10.933077 -1.894690 -1.218172 0.042702 3.106177
1 inf -8.939816 -0.346087 -0.460744 -1.971166 -1.470541 2.908207 0.392958 2.890573 -0.342794 0.224768 2.022675 0.615958 10.937258 -1.892790 -1.207231 0.005484 3.064751
1 inf -8.924502 -0.337584 -0.447161 -1.958814 -1.434732 2.917972 0.423124 2.902441 -0.361725 0.250865 2.040803 0.635145 10.961523 -1.868470 -1.205739 0.022242 3.041331
1 inf -8.896004 -0.353648 -0.441331 -2.004239 -1.418414 2.943914 0.427136 2.874232 -0.359124 0.250691 2.051902 0.666563 10.937854 -1.848733 -1.173897 0.006345 3.031416
1 inf -8.898490 -0.359599 -0.465855 -2.009445 -1.409275 2.893129 0.407766 2.811723 -0.395737 0.247644 2.033518 0.678154 10.942210 -1.859472 -1.133423 -0.005326 3.026467
1 inf -8.888331 -0.353236 -0.446452 -2.002199 -1.414012 2.936208 0.440709 2.830252 -0.390309 0.210750 2.037989 0.696501 10.918830 -1.894739 -1.137709 -0.037366 3.001002
1 inf -8.890815 -0.344248 -0.441737 -2.008830 -1.447151 2.925291 0.442759 2.822534 -0.367396 0.235642 2.029433 0.680622 10.894147 -1.910870 -1.187854 -0.043276 3.012850
1 inf -8.878896 -0.322728 -0.447793 -1.968349 -1.419522 2.919533 0.435079 2.843294 -0.349620 0.222754 2.029440 0.669145 10.881200 -1.866457 -1.207422 -0.012361 3.026489
1 inf -8.887868 -0.295238 -0.415103 -1.970966 -1.434211 2.922061 0.415556 2.855585 -0.335214 0.228346 2.044824 0.664375 10.880457 -1.886858 -1.216376 0.022375 3.020895
1 inf -8.889062 -0.296978 -0.422414 -1.937558 -1.443808 2.914454 0.436858 2.843459 -0.314406 0.258016 2.052888 0.665345 10.861281 -1.890650 -1.211726 -0.031142 3.058109
1 inf -8.884240 -0.266757 -0.439985 -1.942517 -1.428971 2.924744 0.411228 2.866233 -0.318264 0.255515 2.034777 0.602994 10.831486 -1.905968 -1.186583 -0.008099 3.047724
1 inf -8.898254 -0.273458 -0.445735 -1.942212 -1.452657 2.936674 0.394434 2.892526 -0.334237 0.259061 2.050064 0.591220 10.803434 -1.907578 -1.188558 0.013367 3.057964
1 inf -8.875264 -0.287033 -0.443546 -1.961077 -1.447384 3.004204 0.418137 2.870052 -0.325877 0.217924 2.062954 0.554243 10.836073 -1.906071 -1.215256 -0.008020 3.113620
1 inf -8.888249 -0.260040 -0.434381 -1.930023 -1.454098 3.015364 0.367346 2.836508 -0.306774 0.218122 2.083704 0.558475 10.857011 -1.923771 -1.169185 0.028694 3.115506
1 inf -8.872014 -0.267535 -0.416807 -1.929813 -1.444305 3.007791 0.329656 2.869793 -0.303834 0.204033 2.057810 0.533932 10.856486 -1.960787 -1.179586 0.019115 3.115778
1 inf -8.858143 -0.264957 -0.386495 -1.893084 -1.458248 2.996795 0.325550 2.867254 -0.267267 0.200314 2.033720 0.530441 10.840458 -1.930102 -1.181938 -0.010944 3.085028
1 inf -8.881755 -0.262639 -0.352655 -1.846145 -1.427125 2.990972 0.372933 2.902714 -0.249432 0.226250 2.004372 0.545760 10.838013 -1.925326 -1.165107 -0.014972 3.119519
1 inf -8.878972 -0.263958 -0.374818 -1.824680 -1.451840 2.979051 0.341511 2.894089 -0.252127 0.248967 2.021839 0.567488 10.807878 -1.933773 -1.152741 -0.005447 3.125678
1 inf -8.875422 -0.259097 -0.392727 -1.818217 -1.469252 2.941445 0.346513 2.856010 -0.284277 0.228191 2.008679 0.559617 10.821578 -1.928075 -1.123170 -0.013558 3.145592
1 inf -8.882858 -0.283820 -0.430105 -1.843040 -1.427258 2.945736 0.342242 2.873666 -0.293057 0.210246 2.011738 0.559459 10.812755 -1.922777 -1.120503 0.003255 3.163207
1 inf -8.875384 -0.259643 -0.418969 -1.872229 -1.426752 2.945009 0.325114 2.838281 -0.281989 0.213748 2.013192 0.546219 10.783920 -1.943117 -1.118305 -0.023232 3.175997
1 inf -8.911723 -0.257472 -0.420584 -1.843406 -1.433827 2.930096 0.353919 2.832147 -0.279187 0.213919 1.990388 0.547531 10.786036 -1.949882 -1.139228 -0.028617 3.140150
1 inf -8.967029 -0.247893 -0.422902 -1.834821 -1.448379 2.943513 0.337312 2.823966 -0.264044 0.197365 1.996739 0.550534 10.760665 -1.952959 -1.104938 -0.004385 3.122189
1 inf -8.930845 -0.270051 -0.417597 -1.810591 -1.470832 2.939262 0.334734 2.788091 -0.293979 0.207694 1.994139 0.511443 10.736553 -1.977622 -1.083312 0.003719 3.130489
1 inf -8.918607 -0.260815 -0.409362 -1.829766 -1.429968 2.922372 0.342863 2.796023 -0.276594 0.239632 1.982165 0.457675 10.720098 -1.962385 -1.069601 0.013131 3.137920
1 inf -8.942795 -0.257203 -0.400988 -1.847529 -1.425105 2.914617 0.339010 2.770783 -0.253799 0.279411 1.987444 0.436705 10.699000 -1.979367 -1.044214 0.021994 3.124363
1 inf -8.975707 -0.208927 -0.388930 -1.839368 -1.452699 2.890207 0.350821 2.745665 -0.255094 0.298453 1.984876 0.444713 10.653784 -1.946113 -1.058122 0.021348 3.117025
1 inf -8.965566 -0.165442 -0.412416 -1.782370 -1.441880 2.886240 0.314979 2.703095 -0.249198 0.300727 1.990417 0.444193 10.646143 -1.968598 -1.063535 -0.004102 3.134307
1 inf -8.969018 -0.189277 -0.389576 -1.789418 -1.443092 2.888243 0.334333 2.737169 -0.276064 0.329321 2.033894 0.437950 10.676380 -1.979950 -1.062072 0.011801 3.151588
1 inf -8.984123 -0.140058 -0.401074 -1.791568 -1.428506 2.850462 0.295559 2.713507 -0.228745 0.320602 2.022140 0.459063 10.682662 -1.972749 -1.045827 0.016576 3.119098
1 inf -8.957737 -0.152541 -0.419253 -1.797984 -1.424648 2.842206 0.265532 2.674391 -0.230320 0.325588 2.007893 0.447379 10.683258 -1.978638 -1.024123 0.043063 3.120951
1 inf -8.953360 -0.162537 -0.452375 -1.790702 -1.417325 2.903846 0.234733 2.672793 -0.201503 0.352626 1.983613 0.433605 10.696921 -1.972099 -1.038973 0.048606 3.113005
1 inf -8.972150 -0.127883 -0.456500 -1.803944 -1.414379 2.912672 0.221627 2.645391 -0.206191 0.324939 1.954061 0.446241 10.685769 -1.949411 -1.030796 0.042787 3.113930
1 inf -8.977873 -0.070256 -0.465306 -1.812997 -1.444707 2.908935 0.213016 2.670674 -0.190661 0.344798 1.942772 0.445123 10.692765 -1.958568 -1.012583 0.020844 3.106377
1 inf -9.005023 -0.134373 -0.437521 -1.817064 -1.452447 2.910623 0.225705 2.663561 -0.167341 0.320027 1.949752 0.426068 10.712363 -1.986181 -1.008763 0.063200 3.118779
1 inf -9.010194 -0.113451 -0.457985 -1.840055 -1.425046 2.902468 0.239910 2.715581 -0.176520 0.315264 1.984964 0.418041 10.693126 -1.975393 -1.026822 0.057659 3.103042
1 inf -8.992365 -0.137532 -0.462283 -1.804693 -1.404807 2.894468 0.268980 2.749308 -0.211540 0.280939 1.989587 0.411738 10.722358 -1.967458 -1.047632 0.077285 3.080958
1 inf -9.018859 -0.139238 -0.480461 -1.819965 -1.411744 2.933109 0.280762 2.735076 -0.183686 0.275807 1.992307 0.401902 10.726739 -1.959512 -1.056110 0.037144 3.077246
1 inf -9.028524 -0.164776 -0.503202 -1.768058 -1.433451 2.929571 0.323009 2.707921 -0.156279 0.248460 1.997397 0.419352 10.723518 -1.939703 -1.046728 0.010120 3.076702
1 inf -9.029616 -0.207625 -0.489566 -1.787483 -1.446516 2.913074 0.286454 2.717000 -0.159744 0.218181 2.013163 0.414371 10.744473 -1.961177 -1.055990 0.012767 3.072868
1 inf -9.037418 -0.214365 -0.517536 -1.800474 -1.444554 2.930178 0.273950 2.755369 -0.135731 0.234782 2.003494 0.393395 10.743428 -1.947454 -1.078818 -0.020297 3.041358
1 inf -9.053120 -0.279630 -0.472685 -1.788439 -1.480607 2.993841 0.270504 2.745748 -0.146587 0.211795 2.015802 0.401994 10.748551 -1.943229 -1.063968 -0.022465 3.030231
1 inf -9.054596 -0.298633 -0.461387 -1.778038 -1.469725 2.992990 0.263769 2.761520 -0.135478 0.191916 2.043958 0.423004 10.745746 -1.946920 -1.079103 -0.020040 3.037048
1 inf -9.082815 -0.312052 -0.425298 -1.768121 -1.488639 2.977459 0.262696 2.755307 -0.111382 0.200355 2.056816 0.423116 10.734866 -1.945468 -1.101322 -0.019636 3.028340
1 inf -9.055402 -0.333362 -0.444768 -1.746281 -1.463831 2.964958 0.252866 2.782969 -0.131697 0.199172 2.067997 0.382091 10.742255 -1.948891 -1.102885 0.032929 3.018070
1 inf -9.094567 -0.308449 -0.446632 -1.739992 -1.492450 2.937615 0.252557 2.758581 -0.153516 0.166999 2.066811 0.390323 10.751790 -1.942819 -1.136740 0.013054 3.040187
1 inf -9.130906 -0.306278 -0.448247 -1.711169 -1.499525 2.922702 0.281362 2.752447 -0.150714 0.167170 2.044007 0.391635 10.753906 -1.949584 -1.157663 0.007669 3.004340
1 inf -9.132834 -0.332306 -0.450710 -1.734913 -1.512458 2.875970 0.261780 2.730640 -0.144949 0.183501 2.023758 0.415761 10.767968 -1.953858 -1.144418 0.017924 3.016543
1 inf -9.149960 -0.328780 -0.455578 -1.733444 -1.536155 2.906482 0.216173 2.733982 -0.157187 0.207244 1.999880 0.395035 10.736017 -1.975238 -1.177067 0.040225 2.956062
1 inf -9.158193 -0.348874 -0.456476 -1.712608 -1.549470 2.889134 0.221147 2.700470 -0.133709 0.191702 1.999728 0.415475 10.776948 -1.966240 -1.176262 0.078797 2.962772
1 inf -9.124662 -0.347277 -0.421879 -1.714155 -1.583417 2.889717 0.211440 2.710561 -0.144728 0.231461 1.971035 0.426055 10.802830 -1.970695 -1.180315 0.081200 2.956523
1 inf -9.144093 -0.344804 -0.430281 -1.713668 -1.572444 2.831039 0.189884 2.721898 -0.161408 0.234395 1.949934 0.419557 10.811858 -1.979145 -1.175937 0.079779 2.957424
