1 inf -8.648430 -0.960258 -0.265013 -2.273833 -1.423965 3.412908 0.213970 2.545946 0.179129 0.620395 2.314024 0.187677 10.443905 -0.265875 0.193871 3.688822
1 inf -8.636113 -0.956978 -0.273447 -2.288385 -1.449882 3.425342 0.182686 2.526684 0.209561 0.628156 2.314055 0.167267 10.441412 -0.278611 0.200328 3.685977
1 inf -8.595986 -0.971374 -0.302288 -2.314166 -1.441913 3.440315 0.169100 2.521198 0.201480 0.609934 2.304483 0.154254 10.444777 -0.268035 0.149208 3.637795
1 inf -8.573686 -0.957792 -0.284580 -2.302706 -1.459073 3.432922 0.171104 2.479412 0.186880 0.626733 2.302122 0.131059 10.425651 -0.280153 0.150467 3.624660
1 inf -8.598734 -0.943050 -0.269901 -2.296750 -1.434539 3.443797 0.173240 2.514646 0.200301 0.644235 2.318352 0.138064 10.394348 -0.304545 0.127199 3.624798
1 inf -8.601846 -0.996536 -0.304374 -2.292899 -1.421545 3.447639 0.159026 2.597238 0.199661 0.657094 2.335578 0.171142 10.430257 -0.292890 0.124353 3.614700
1 inf -8.535585 -0.980817 -0.294773 -2.297470 -1.422015 3.464472 0.136253 2.612087 0.183052 0.629545 2.322452 0.141399 10.448157 -0.316280 0.102923 3.615941
1 inf -8.545055 -0.937073 -0.339691 -2.310924 -1.432652 3.461830 0.129844 2.605111 0.154892 0.626458 2.292718 0.140344 10.486651 -0.323641 0.103634 3.606732
1 inf -8.543635 -0.982980 -0.340212 -2.298391 -1.453038 3.454791 0.164995 2.588084 0.156642 0.647709 2.298795 0.146781 10.485076 -0.324553 0.086330 3.589098
1 inf -8.549551 -0.970912 -0.348289 -2.306180 -1.469018 3.468310 0.138742 2.568481 0.150937 0.626638 2.283026 0.152328 10.482999 -0.324461 0.140366 3.527822
1 inf -8.548723 -0.982547 -0.346502 -2.311074 -1.488331 3.441582 0.108802 2.611445 0.168457 0.603603 2.293152 0.157604 10.540277 -0.314723 0.111508 3.565787
1 inf -8.573624 -0.983728 -0.314692 -2.340977 -1.444475 3.411818 0.092557 2.625053 0.166313 0.636945 2.319994 0.201414 10.550432 -0.315915 0.143020 3.557898
1 inf -8.573640 -0.945528 -0.280928 -2.335505 -1.391844 3.410400 0.067705 2.620715 0.138003 0.567211 2.286215 0.184037 10.561137 -0.325656 0.130164 3.574106
1 inf -8.609585 -0.931294 -0.261004 -2.322466 -1.410121 3.413092 0.093862 2.654219 0.146305 0.573888 2.294119 0.171510 10.546684 -0.340114 0.140785 3.597968
1 inf -8.596896 -0.933288 -0.293072 -2.304537 -1.406830 3.396708 0.088754 2.667302 0.188816 0.611944 2.296622 0.167259 10.544979 -0.332561 0.176288 3.574534
1 inf -8.610049 -0.918604 -0.291293 -2.312366 -1.431623 3.407585 0.096668 2.624829 0.189416 0.585863 2.288761 0.154102 10.573993 -0.389706 0.159751 3.549751
1 inf -8.624820 -0.921366 -0.257537 -2.293032 -1.405728 3.400592 0.114350 2.622670 0.172566 0.580643 2.300361 0.119939 10.606739 -0.417483 0.133675 3.546306
1 inf -8.636172 -0.909379 -0.257365 -2.275155 -1.407073 3.411073 0.065646 2.634776 0.163568 0.578209 2.293658 0.122150 10.621493 -0.411004 0.169989 3.551726
1 inf -8.649544 -0.904695 -0.270352 -2.286465 -1.410922 3.422704 0.115511 2.623887 0.167676 0.604493 2.305156 0.145919 10.616240 -0.417037 0.162583 3.539318
1 inf -8.629700 -0.909502 -0.285916 -2.297012 -1.417513 3.430843 0.130363 2.640793 0.196007 0.605532 2.296435 0.111192 10.619010 -0.413995 0.152924 3.538386
1 inf -8.604322 -0.912425 -0.290207 -2.308636 -1.420511 3.471316 0.109381 2.645477 0.211354 0.610431 2.312672 0.092381 10.645271 -0.391896 0.126289 3.553198
1 inf -8.601952 -0.873583 -0.233756 -2.319935 -1.437032 3.476414 0.094320 2.634203 0.246498 0.594658 2.271989 0.106743 10.618104 -0.379567 0.120574 3.560662
1 inf -8.577325 -0.901508 -0.233468 -2.291190 -1.456807 3.459956 0.093925 2.641694 0.235891 0.578491 2.247610 0.095645 10.587584 -0.355238 0.103018 3.541453
1 inf -8.617573 -0.877766 -0.196841 -2.298136 -1.474446 3.419540 0.083978 2.623399 0.269788 0.580084 2.267991 0.084188 10.568984 -0.362515 0.089998 3.506611
1 inf -8.574563 -0.882876 -0.190945 -2.296262 -1.471855 3.413006 0.085668 2.611768 0.265384 0.584576 2.253101 0.113561 10.553239 -0.330219 0.096098 3.477655
1 inf -8.612479 -0.907224 -0.195023 -2.274060 -1.471819 3.415118 0.066513 2.649175 0.267218 0.561028 2.250406 0.108868 10.535906 -0.346701 0.101520 3.446594
1 inf -8.585806 -0.873694 -0.193436 -2.246437 -1.479869 3.413786 0.070301 2.658766 0.268256 0.534212 2.228924 0.109915 10.504222 -0.372843 0.079065 3.435130
1 113.65859 -8.538699 -0.871028 -0.174043 -2.272471 -1.496635 3.429462 0.077400 2.652204 0.277899 0.561635 2.226009 0.137800 10.485846 -0.359480 0.082833 3.459032
1 113.65859 -8.538699 -0.871028 -0.174043 -2.272471 -1.496635 3.429462 0.077400 2.652204 0.277899 0.561635 2.226009 0.137800 10.485846 -0.359480 0.082833 3.459032
1 110.095 -8.512758 -0.867316 -0.150881 -2.251336 -1.491148 3.458211 0.035128 2.618184 0.293637 0.530592 2.231237 0.127648 10.485606 -0.366292 0.089801 3.441102
1 110.095 -8.512758 -0.867316 -0.150881 -2.251336 -1.491148 3.458211 0.035128 2.618184 0.293637 0.530592 2.231237 0.127648 10.485606 -0.366292 0.089801 3.441102
1 109.93717 -8.532645 -0.840896 -0.164464 -2.230165 -1.481162 3.463984 0.057888 2.608128 0.259536 0.570617 2.214545 0.115983 10.502177 -0.347393 0.089308 3.418575
1 109.93717 -8.532645 -0.840896 -0.164464 -2.230165 -1.481162 3.463984 0.057888 2.608128 0.259536 0.570617 2.214545 0.115983 10.502177 -0.347393 0.089308 3.418575
1 109.93717 -8.532645 -0.840896 -0.164464 -2.230165 -1.481162 3.463984 0.057888 2.608128 0.259536 0.570617 2.214545 0.115983 10.502177 -0.347393 0.089308 3.418575
1 109.93717 -8.532645 -0.840896 -0.164464 -2.230165 -1.481162 3.463984 0.057888 2.608128 0.259536 0.570617 2.214545 0.115983 10.502177 -0.347393 0.089308 3.418575
1 109.91079 -8.508959 -0.838968 -0.170579 -2.280949 -1.488598 3.468243 0.072566 2.601152 0.302175 0.563996 2.212208 0.139639 10.476601 -0.337132 0.086069 3.427729
1 109.91079 -8.508959 -0.838968 -0.170579 -2.280949 -1.488598 3.468243 0.072566 2.601152 0.302175 0.563996 2.212208 0.139639 10.476601 -0.337132 0.086069 3.427729
1 109.91079 -8.508959 -0.838968 -0.170579 -2.280949 -1.488598 3.468243 0.072566 2.601152 0.302175 0.563996 2.212208 0.139639 10.476601 -0.337132 0.086069 3.427729
1 109.45455 -8.548684 -0.838804 -0.163589 -2.259096 -1.483092 3.444596 0.037290 2.626154 0.265470 0.568655 2.222864 0.153577 10.439321 -0.306464 0.079662 3.474937
1 106.52564 -8.532486 -0.865644 -0.143032 -2.273608 -1.476443 3.429058 0.017206 2.576747 0.247197 0.602338 2.233891 0.134656 10.412324 -0.304871 0.093022 3.465682
1 106.52564 -8.532486 -0.865644 -0.143032 -2.273608 -1.476443 3.429058 0.017206 2.576747 0.247197 0.602338 2.233891 0.134656 10.412324 -0.304871 0.093022 3.465682
1 106.52564 -8.532486 -0.865644 -0.143032 -2.273608 -1.476443 3.429058 0.017206 2.576747 0.247197 0.602338 2.233891 0.134656 10.412324 -0.304871 0.093022 3.465682
1 106.52564 -8.532486 -0.865644 -0.143032 -2.273608 -1.476443 3.429058 0.017206 2.576747 0.247197 0.602338 2.233891 0.134656 10.412324 -0.304871 0.093022 3.465682
1 106.52564 -8.532486 -0.865644 -0.143032 -2.273608 -1.476443 3.429058 0.017206 2.576747 0.247197 0.602338 2.233891 0.134656 10.412324 -0.304871 0.093022 3.465682
1 106.52564 -8.532486 -0.865644 -0.143032 -2.273608 -1.476443 3.429058 0.017206 2.576747 0.247197 0.602338 2.233891 0.134656 10.412324 -0.304871 0.093022 3.465682
1 106.52564 -8.532486 -0.865644 -0.143032 -2.273608 -1.476443 3.429058 0.017206 2.576747 0.247197 0.602338 2.233891 0.134656 10.412324 -0.304871 0.093022 3.465682
1 106.52564 -8.532486 -0.865644 -0.143032 -2.273608 -1.476443 3.429058 0.017206 2.576747 0.247197 0.602338 2.233891 0.134656 10.412324 -0.304871 0.093022 3.465682
1 106.52564 -8.532486 -0.865644 -0.143032 -2.273608 -1.476443 3.429058 0.017206 2.576747 0.247197 0.602338 2.233891 0.134656 10.412324 -0.304871 0.093022 3.465682
1 106.52564 -8.532486 -0.865644 -0.143032 -2.273608 -1.476443 3.429058 0.017206 2.576747 0.247197 0.602338 2.233891 0.134656 10.412324 -0.304871 0.093022 3.465682
1 106.52564 -8.532486 -0.865644 -0.143032 -2.273608 -1.476443 3.429058 0.017206 2.576747 0.247197 0.602338 2.233891 0.134656 10.412324 -0.304871 0.093022 3.465682
1 106.52564 -8.532486 -0.865644 -0.143032 -2.273608 -1.476443 3.429058 0.017206 2.576747 0.247197 0.602338 2.233891 0.134656 10.412324 -0.304871 0.093022 3.465682
1 104.72824 -8.524278 -0.856593 -0.151050 -2.314633 -1.502252 3.418109 0.031118 2.608965 0.256550 0.614260 2.235046 0.122234 10.433310 -0.336696 0.112036 3.458622
1 104.72824 -8.524278 -0.856593 -0.151050 -2.314633 -1.502252 3.418109 0.031118 2.608965 0.256550 0.614260 2.235046 0.122234 10.433310 -0.336696 0.112036 3.458622
1 104.06032 -8.492682 -0.867988 -0.126949 -2.344173 -1.468281 3.400709 0.048163 2.615766 0.252226 0.625842 2.241016 0.129884 10.445963 -0.360517 0.145606 3.456937
1 104.06032 -8.492682 -0.867988 -0.126949 -2.344173 -1.468281 3.400709 0.048163 2.615766 0.252226 0.625842 2.241016 0.129884 10.445963 -0.360517 0.145606 3.456937
1 104.06032 -8.492682 -0.867988 -0.126949 -2.344173 -1.468281 3.400709 0.048163 2.615766 0.252226 0.625842 2.241016 0.129884 10.445963 -0.360517 0.145606 3.456937
1 104.06032 -8.492682 -0.867988 -0.126949 -2.344173 -1.468281 3.400709 0.048163 2.615766 0.252226 0.625842 2.241016 0.129884 10.445963 -0.360517 0.145606 3.456937
1 102.92283 -8.515624 -0.838425 -0.136736 -2.371911 -1.468335 3.390843 0.025895 2.597638 0.260207 0.636668 2.211595 0.104502 10.441797 -0.353223 0.174197 3.456536
1 102.92283 -8.515624 -0.838425 -0.136736 -2.371911 -1.468335 3.390843 0.025895 2.597638 0.260207 0.636668 2.211595 0.104502 10.441797 -0.353223 0.174197 3.456536
1 102.92283 -8.515624 -0.838425 -0.136736 -2.371911 -1.468335 3.390843 0.025895 2.597638 0.260207 0.636668 2.211595 0.104502 10.441797 -0.353223 0.174197 3.456536
1 102.92283 -8.515624 -0.838425 -0.136736 -2.371911 -1.468335 3.390843 0.025895 2.597638 0.260207 0.636668 2.211595 0.104502 10.441797 -0.353223 0.174197 3.456536
1 102.92283 -8.515624 -0.838425 -0.136736 -2.371911 -1.468335 3.390843 0.025895 2.597638 0.260207 0.636668 2.211595 0.104502 10.441797 -0.353223 0.174197 3.456536
1 102.92283 -8.515624 -0.838425 -0.136736 -2.371911 -1.468335 3.390843 0.025895 2.597638 0.260207 0.636668 2.211595 0.104502 10.441797 -0.353223 0.174197 3.456536
1 102.92283 -8.515624 -0.838425 -0.136736 -2.371911 -1.468335 3.390843 0.025895 2.597638 0.260207 0.636668 2.211595 0.104502 10.441797 -0.353223 0.174197 3.456536
1 102.92283 -8.515624 -0.838425 -0.136736 -2.371911 -1.468335 3.390843 0.025895 2.597638 0.260207 0.636668 2.211595 0.104502 10.441797 -0.353223 0.174197 3.456536
1 102.95432 -8.539943 -0.808288 -0.123322 -2.379912 -1.492001 3.388299 0.034856 2.586566 0.278307 0.654486 2.228680 0.146609 10.443521 -0.335876 0.143079 3.457867
1 102.95432 -8.539943 -0.808288 -0.123322 -2.379912 -1.492001 3.388299 0.034856 2.586566 0.278307 0.654486 2.228680 0.146609 10.443521 -0.335876 0.143079 3.457867
1 102.95432 -8.539943 -0.808288 -0.123322 -2.379912 -1.492001 3.388299 0.034856 2.586566 0.278307 0.654486 2.228680 0.146609 10.443521 -0.335876 0.143079 3.457867
1 102.95432 -8.539943 -0.808288 -0.123322 -2.379912 -1.492001 3.388299 0.034856 2.586566 0.278307 0.654486 2.228680 0.146609 10.443521 -0.335876 0.143079 3.457867
1 102.95432 -8.539943 -0.808288 -0.123322 -2.379912 -1.492001 3.388299 0.034856 2.586566 0.278307 0.654486 2.228680 0.146609 10.443521 -0.335876 0.143079 3.457867
1 102.95432 -8.539943 -0.808288 -0.123322 -2.379912 -1.492001 3.388299 0.034856 2.586566 0.278307 0.654486 2.228680 0.146609 10.443521 -0.335876 0.143079 3.457867
1 102.95432 -8.539943 -0.808288 -0.123322 -2.379912 -1.492001 3.388299 0.034856 2.586566 0.278307 0.654486 2.228680 0.146609 10.443521 -0.335876 0.143079 3.457867
1 102.95432 -8.539943 -0.808288 -0.123322 -2.379912 -1.492001 3.388299 0.034856 2.586566 0.278307 0.654486 2.228680 0.146609 10.443521 -0.335876 0.143079 3.457867
1 102.95432 -8.539943 -0.808288 -0.123322 -2.379912 -1.492001 3.388299 0.034856 2.586566 0.278307 0.654486 2.228680 0.146609 10.443521 -0.335876 0.143079 3.457867
1 102.95432 -8.539943 -0.808288 -0.123322 -2.379912 -1.492001 3.388299 0.034856 2.586566 0.278307 0.654486 2.228680 0.146609 10.443521 -0.335876 0.143079 3.457867
1 102.95432 -8.539943 -0.808288 -0.123322 -2.379912 -1.492001 3.388299 0.034856 2.586566 0.278307 0.654486 2.228680 0.146609 10.443521 -0.335876 0.143079 3.457867
1 102.95432 -8.539943 -0.808288 -0.123322 -2.379912 -1.492001 3.388299 0.034856 2.586566 0.278307 0.654486 2.228680 0.146609 10.443521 -0.335876 0.143079 3.457867
1 102.95432 -8.539943 -0.808288 -0.123322 -2.379912 -1.492001 3.388299 0.034856 2.586566 0.278307 0.654486 2.228680 0.146609 10.443521 -0.335876 0.143079 3.457867
1 102.95432 -8.539943 -0.808288 -0.123322 -2.379912 -1.492001 3.388299 0.034856 2.586566 0.278307 0.654486 2.228680 0.146609 10.443521 -0.335876 0.143079 3.457867
1 102.95432 -8.539943 -0.808288 -0.123322 -2.379912 -1.492001 3.388299 0.034856 2.586566 0.278307 0.654486 2.228680 0.146609 10.443521 -0.335876 0.143079 3.457867
1 102.95432 -8.539943 -0.808288 -0.123322 -2.379912 -1.492001 3.388299 0.034856 2.586566 0.278307 0.654486 2.228680 0.146609 10.443521 -0.335876 0.143079 3.457867
1 102.95432 -8.539943 -0.808288 -0.123322 -2.379912 -1.492001 3.388299 0.034856 2.586566 0.278307 0.654486 2.228680 0.146609 10.443521 -0.335876 0.143079 3.457867
1 102.95432 -8.539943 -0.808288 -0.123322 -2.379912 -1.492001 3.388299 0.034856 2.586566 0.278307 0.654486 2.228680 0.146609 10.443521 -0.335876 0.143079 3.457867
1 102.95432 -8.539943 -0.808288 -0.123322 -2.379912 -1.492001 3.388299 0.034856 2.586566 0.278307 0.654486 2.228680 0.146609 10.443521 -0.335876 0.143079 3.457867
1 102.95432 -8.539943 -0.808288 -0.123322 -2.379912 -1.492001 3.388299 0.034856 2.586566 0.278307 0.654486 2.228680 0.146609 10.443521 -0.335876 0.143079 3.457867
1 102.95432 -8.539943 -0.808288 -0.123322 -2.379912 -1.492001 3.388299 0.034856 2.586566 0.278307 0.654486 2.228680 0.146609 10.443521 -0.335876 0.143079 3.457867
1 103.87677 -8.479585 -0.815753 -0.111611 -2.369025 -1.462464 3.375497 0.029761 2.552249 0.274202 0.640103 2.214797 0.134271 10.427876 -0.359443 0.158226 3.460821
1 103.87677 -8.479585 -0.815753 -0.111611 -2.369025 -1.462464 3.375497 0.029761 2.552249 0.274202 0.640103 2.214797 0.134271 10.427876 -0.359443 0.158226 3.460821
1 103.87677 -8.479585 -0.815753 -0.111611 -2.369025 -1.462464 3.375497 0.029761 2.552249 0.274202 0.640103 2.214797 0.134271 10.427876 -0.359443 0.158226 3.460821
1 103.87677 -8.479585 -0.815753 -0.111611 -2.369025 -1.462464 3.375497 0.029761 2.552249 0.274202 0.640103 2.214797 0.134271 10.427876 -0.359443 0.158226 3.460821
1 103.87677 -8.479585 -0.815753 -0.111611 -2.369025 -1.462464 3.375497 0.029761 2.552249 0.274202 0.640103 2.214797 0.134271 10.427876 -0.359443 0.158226 3.460821
1 103.87677 -8.479585 -0.815753 -0.111611 -2.369025 -1.462464 3.375497 0.029761 2.552249 0.274202 0.640103 2.214797 0.134271 10.427876 -0.359443 0.158226 3.460821
1 103.86486 -8.477805 -0.820091 -0.113336 -2.362810 -1.419280 3.405705 0.028342 2.556139 0.318667 0.621137 2.244585 0.130910 10.395091 -0.352040 0.177920 3.495589
1 103.86486 -8.477805 -0.820091 -0.113336 -2.362810 -1.419280 3.405705 0.028342 2.556139 0.318667 0.621137 2.244585 0.130910 10.395091 -0.352040 0.177920 3.495589
1 103.86486 -8.477805 -0.820091 -0.113336 -2.362810 -1.419280 3.405705 0.028342 2.556139 0.318667 0.621137 2.244585 0.130910 10.395091 -0.352040 0.177920 3.495589
1 101.59381 -8.458408 -0.822137 -0.119546 -2.372366 -1.470733 3.404900 0.015104 2.561007 0.334251 0.611972 2.245393 0.150990 10.352940 -0.338646 0.167998 3.521698
1 101.59381 -8.458408 -0.822137 -0.119546 -2.372366 -1.470733 3.404900 0.015104 2.561007 0.334251 0.611972 2.245393 0.150990 10.352940 -0.338646 0.167998 3.521698
1 101.90585 -8.444466 -0.843387 -0.143860 -2.360391 -1.511177 3.399317 0.032415 2.550982 0.346778 0.639118 2.245160 0.185423 10.370596 -0.302962 0.177423 3.526874
1 102.59152 -8.447043 -0.860081 -0.140322 -2.344613 -1.500967 3.428662 0.011433 2.569393 0.352634 0.622403 2.275296 0.192386 10.316251 -0.319046 0.193619 3.529508
1 98.177522 -8.441056 -0.876928 -0.130651 -2.306116 -1.499735 3.427284 0.009286 2.568383 0.350163 0.651081 2.256398 0.186653 10.313827 -0.321775 0.144073 3.538731
1 98.177522 -8.441056 -0.876928 -0.130651 -2.306116 -1.499735 3.427284 0.009286 2.568383 0.350163 0.651081 2.256398 0.186653 10.313827 -0.321775 0.144073 3.538731
1 97.012429 -8.449424 -0.879438 -0.103215 -2.289884 -1.499110 3.389996 -0.003193 2.532110 0.334384 0.628956 2.255119 0.183368 10.261597 -0.322184 0.143546 3.529170
1 97.216911 -8.442056 -0.898177 -0.095161 -2.235636 -1.492412 3.391624 0.016754 2.550742 0.325044 0.632301 2.277486 0.183586 10.300891 -0.320063 0.138406 3.543502
1 97.216911 -8.442056 -0.898177 -0.095161 -2.235636 -1.492412 3.391624 0.016754 2.550742 0.325044 0.632301 2.277486 0.183586 10.300891 -0.320063 0.138406 3.543502
1 97.216911 -8.442056 -0.898177 -0.095161 -2.235636 -1.492412 3.391624 0.016754 2.550742 0.325044 0.632301 2.277486 0.183586 10.300891 -0.320063 0.138406 3.543502
1 97.216911 -8.442056 -0.898177 -0.095161 -2.235636 -1.492412 3.391624 0.016754 2.550742 0.325044 0.632301 2.277486 0.183586 10.300891 -0.320063 0.138406 3.543502
1 97.216911 -8.442056 -0.898177 -0.095161 -2.235636 -1.492412 3.391624 0.016754 2.550742 0.325044 0.632301 2.277486 0.183586 10.300891 -0.320063 0.138406 3.543502
1 97.216911 -8.442056 -0.898177 -0.095161 -2.235636 -1.492412 3.391624 0.016754 2.550742 0.325044 0.632301 2.277486 0.183586 10.300891 -0.320063 0.138406 3.543502
1 97.216911 -8.442056 -0.898177 -0.095161 -2.235636 -1.492412 3.391624 0.016754 2.550742 0.325044 0.632301 2.277486 0.183586 10.300891 -0.320063 0.138406 3.543502
1 97.216911 -8.442056 -0.898177 -0.095161 -2.235636 -1.492412 3.391624 0.016754 2.550742 0.325044 0.632301 2.277486 0.183586 10.300891 -0.320063 0.138406 3.543502
