1 inf -9.044826 -0.893276 -0.168545 -3.019752 -1.134550 3.229418 -0.527204 2.550171 -0.116032 0.803718 2.819960 0.624346 10.804503 -1.276808 -0.003647 -0.570571 3.786068
1 inf -9.050016 -0.877232 -0.163436 -3.020899 -1.124125 3.221477 -0.567410 2.549953 -0.148800 0.823460 2.819870 0.590184 10.768615 -1.261723 -0.003975 -0.555307 3.778763
1 inf -9.050934 -0.877835 -0.153158 -3.072453 -1.099722 3.212722 -0.547251 2.545868 -0.177516 0.797606 2.834126 0.591656 10.784504 -1.252377 -0.030557 -0.598288 3.756585
1 inf -9.052510 -0.852963 -0.138354 -3.084907 -1.084164 3.220037 -0.509961 2.527700 -0.135094 0.789731 2.843858 0.628949 10.750693 -1.250729 -0.016740 -0.599155 3.812369
1 inf -9.081399 -0.873877 -0.155416 -3.112729 -1.070277 3.230581 -0.520110 2.513477 -0.121435 0.817533 2.893219 0.612507 10.785779 -1.285888 -0.043266 -0.609629 3.822839
1 inf -9.080138 -0.886254 -0.126905 -3.095098 -1.074538 3.205572 -0.552045 2.528672 -0.111768 0.823869 2.902152 0.591953 10.760606 -1.287149 -0.058678 -0.610930 3.804818
1 inf -9.040871 -0.872171 -0.135204 -3.087075 -1.036645 3.206677 -0.530946 2.510030 -0.115568 0.838807 2.884597 0.556838 10.767268 -1.277828 -0.044182 -0.595447 3.769402
1 inf -9.057798 -0.865227 -0.120873 -3.090089 -1.007401 3.185557 -0.516765 2.528116 -0.057935 0.832040 2.907815 0.571157 10.789493 -1.223156 -0.020721 -0.591514 3.722604
1 inf -9.048399 -0.900995 -0.128464 -3.104883 -1.035557 3.125422 -0.492018 2.540182 -0.070255 0.848381 2.931566 0.580490 10.738613 -1.234409 -0.017607 -0.608797 3.702262
1 inf -9.044136 -0.917602 -0.130023 -3.099338 -1.001634 3.113510 -0.488912 2.513331 -0.095629 0.840916 2.931635 0.591990 10.769409 -1.229375 -0.026763 -0.618074 3.731401
1 inf -9.083759 -0.904601 -0.151765 -3.118412 -1.029884 3.117198 -0.483404 2.496754 -0.104578 0.846107 2.948787 0.584140 10.767301 -1.234064 -0.035320 -0.650295 3.733435
1 inf -9.088983 -0.930209 -0.136870 -3.162924 -1.022631 3.122506 -0.510773 2.436836 -0.123704 0.826203 2.928463 0.585392 10.776952 -1.180472 -0.016571 -0.647555 3.765920
1 inf -9.098496 -0.940464 -0.142363 -3.193997 -1.040039 3.118360 -0.512134 2.413809 -0.135818 0.809713 2.933713 0.567983 10.764992 -1.150987 -0.008580 -0.710199 3.767668
1 inf -9.106393 -0.963018 -0.111623 -3.188034 -1.028111 3.122212 -0.497566 2.389772 -0.128874 0.806004 2.921417 0.539896 10.817790 -1.170969 -0.009536 -0.718080 3.767225
1 inf -9.134831 -0.954463 -0.125635 -3.167588 -1.051136 3.118565 -0.531461 2.396629 -0.144544 0.827097 2.883798 0.542548 10.782192 -1.174256 -0.007351 -0.702229 3.735772
1 inf -9.135138 -0.955443 -0.121176 -3.166127 -1.002232 3.167395 -0.518565 2.426466 -0.151460 0.853901 2.941980 0.532988 10.778348 -1.142562 -0.011826 -0.726110 3.738665
1 inf -9.088712 -0.979263 -0.108699 -3.156195 -1.003826 3.167303 -0.498374 2.394774 -0.176247 0.880382 2.957324 0.544486 10.799878 -1.133800 -0.034800 -0.709152 3.735246
1 inf -9.132693 -0.960683 -0.110802 -3.135496 -1.045992 3.183197 -0.484626 2.360846 -0.155772 0.886891 2.947571 0.539335 10.811247 -1.083770 -0.034050 -0.706105 3.749919
1 inf -9.117618 -0.938012 -0.109749 -3.153968 -1.019589 3.166438 -0.488851 2.391283 -0.148573 0.909275 2.960812 0.521601 10.819696 -1.079904 -0.009169 -0.696460 3.730111
1 inf -9.129649 -0.960660 -0.147703 -3.150008 -1.031778 3.176942 -0.522072 2.402603 -0.135526 0.955860 2.962613 0.491569 10.816150 -1.051922 -0.038838 -0.693418 3.700484
1 inf -9.118862 -0.937180 -0.140104 -3.161730 -1.045701 3.198742 -0.499070 2.399156 -0.175087 0.939619 2.962951 0.499074 10.827795 -1.071536 -0.027808 -0.682815 3.682463
1 inf -9.147828 -0.965648 -0.127228 -3.194600 -1.050271 3.209815 -0.520891 2.380340 -0.163626 0.950681 2.974332 0.517776 10.839197 -1.063500 -0.045947 -0.674240 3.701178
1 inf -9.125290 -0.978178 -0.109126 -3.170425 -1.044764 3.176429 -0.546846 2.371671 -0.143033 0.955275 2.958060 0.505977 10.835981 -1.058370 -0.035538 -0.689454 3.681948
1 inf -9.129314 -0.982528 -0.091757 -3.189497 -1.051849 3.178755 -0.559169 2.364304 -0.152141 0.937068 2.962780 0.522922 10.841947 -1.068678 -0.037482 -0.694120 3.687617
1 inf -9.123315 -0.979308 -0.056216 -3.211836 -1.071309 3.146339 -0.523189 2.400862 -0.178628 0.945901 2.971067 0.571230 10.820214 -1.024285 -0.024667 -0.685977 3.701926
1 inf -9.137555 -0.996715 -0.052039 -3.211786 -1.071042 3.166637 -0.507350 2.393181 -0.191947 0.936193 2.948126 0.559455 10.783723 -1.006562 -0.055345 -0.718764 3.739078
1 inf -9.151913 -0.977304 -0.049660 -3.210712 -1.051589 3.199540 -0.485474 2.397497 -0.173898 0.920489 2.929522 0.569436 10.790994 -0.990261 -0.097257 -0.710701 3.738074
1 inf -9.136450 -0.991953 -0.003450 -3.208432 -1.070835 3.183811 -0.474792 2.417913 -0.129339 0.965436 2.972718 0.556525 10.794678 -0.988742 -0.064378 -0.676372 3.731803
1 inf -9.115320 -0.997202 -0.021137 -3.215289 -1.066280 3.210586 -0.473839 2.399699 -0.128670 0.975693 2.978413 0.515053 10.781319 -0.988898 -0.022665 -0.675483 3.701237
1 inf -9.122234 -0.960203 -0.041926 -3.198445 -1.047248 3.185381 -0.488856 2.451657 -0.148418 0.990387 2.982635 0.497675 10.778229 -1.002176 -0.026190 -0.661060 3.712816
1 inf -9.135017 -0.948113 -0.073707 -3.195502 -1.020535 3.190029 -0.519307 2.481267 -0.130720 0.973337 2.960221 0.457921 10.721641 -0.995607 -0.024732 -0.697969 3.713484
1 inf -9.103531 -0.944053 -0.080231 -3.199162 -1.067140 3.205885 -0.510003 2.487619 -0.154548 0.958671 2.954484 0.428611 10.711603 -1.021955 -0.025261 -0.719259 3.727604
1 inf -9.108887 -0.938018 -0.114108 -3.249913 -1.096334 3.199004 -0.507418 2.474903 -0.139452 0.943045 2.952699 0.426368 10.701585 -0.984403 -0.028586 -0.712681 3.725589
1 inf -9.116637 -0.952816 -0.073036 -3.225827 -1.037815 3.173414 -0.525187 2.470822 -0.116742 0.923537 2.940131 0.455242 10.699369 -0.991495 -0.035172 -0.771786 3.734721
1 inf -9.105304 -0.974855 -0.071686 -3.207143 -1.012271 3.151462 -0.538858 2.480005 -0.110489 0.934058 2.930943 0.490084 10.675860 -1.020992 -0.044940 -0.776629 3.734419
1 inf -9.117222 -0.986212 -0.074962 -3.193452 -1.024259 3.120282 -0.531587 2.462659 -0.076043 0.920383 2.922814 0.472053 10.670396 -1.051778 -0.032843 -0.786184 3.717488
1 inf -9.100600 -0.970102 -0.090809 -3.199385 -1.001203 3.140358 -0.536842 2.505866 -0.083092 0.970041 2.919840 0.482166 10.646462 -1.056740 -0.048167 -0.766278 3.717265
1 inf -9.090337 -0.982373 -0.104592 -3.224841 -1.007089 3.122111 -0.561752 2.502103 -0.090312 0.993140 2.947119 0.483067 10.662723 -1.051494 -0.021714 -0.724041 3.716216
1 inf -9.092896 -0.996190 -0.087105 -3.216815 -1.030076 3.123048 -0.564624 2.503292 -0.067185 0.968538 2.942281 0.486246 10.667051 -1.015809 -0.044980 -0.727753 3.743946
1 inf -9.078443 -0.968437 -0.051682 -3.212671 -1.061591 3.090513 -0.613829 2.540122 -0.078530 0.975965 2.929509 0.491042 10.658197 -1.005611 -0.022711 -0.746564 3.726321
1 inf -9.067851 -0.974939 -0.055531 -3.231976 -1.055439 3.079021 -0.603509 2.520150 -0.069315 0.946572 2.944986 0.467139 10.670574 -0.977891 -0.020308 -0.735682 3.743178
1 inf -9.062080 -0.982942 -0.063336 -3.244322 -1.066235 3.097651 -0.543175 2.520583 -0.099579 0.934413 2.924237 0.469563 10.679719 -0.998964 -0.009885 -0.767917 3.739366
1 inf -9.088729 -0.997720 -0.072714 -3.236986 -1.068625 3.096613 -0.570320 2.486801 -0.092575 0.918509 2.902993 0.462081 10.675907 -0.969982 -0.033391 -0.749099 3.707981
1 inf -9.106515 -0.969806 -0.099547 -3.253663 -1.056425 3.088436 -0.569450 2.489294 -0.112616 0.943225 2.915621 0.481990 10.668224 -0.985481 -0.047430 -0.789031 3.718061
1 inf -9.077281 -0.944286 -0.087820 -3.250212 -1.072259 3.076111 -0.564206 2.507963 -0.110205 0.955877 2.886096 0.486878 10.671124 -0.969095 -0.066314 -0.793435 3.711058
1 inf -9.098832 -0.936012 -0.090144 -3.218831 -1.050395 3.068253 -0.573928 2.501007 -0.113110 0.981612 2.875772 0.459077 10.650415 -1.009230 -0.047778 -0.758713 3.706998
1 inf -9.106730 -0.970475 -0.083167 -3.246647 -1.047403 3.080486 -0.570263 2.473364 -0.085696 0.993397 2.873841 0.472057 10.656722 -1.026253 -0.035646 -0.777786 3.738540
1 inf -9.084093 -0.994199 -0.118108 -3.216451 -1.019852 3.115180 -0.587699 2.464066 -0.088129 0.987252 2.864143 0.517365 10.667625 -1.032082 -0.019976 -0.769285 3.764603
1 inf -9.042083 -0.968719 -0.073837 -3.198003 -1.050177 3.112132 -0.581813 2.490635 -0.070007 0.986996 2.850998 0.511957 10.677911 -1.045576 -0.035496 -0.751252 3.765716
1 inf -9.036084 -0.991489 -0.108102 -3.194783 -1.014636 3.089793 -0.601273 2.458219 -0.034027 0.960509 2.859831 0.520244 10.726219 -1.067309 -0.022681 -0.743109 3.780025
1 inf -9.012266 -0.987639 -0.110687 -3.212101 -1.016714 3.094323 -0.632178 2.477550 -0.043295 0.971055 2.872665 0.492731 10.729850 -1.092916 -0.059658 -0.758845 3.792598
1 inf -9.030432 -0.978995 -0.114706 -3.186152 -1.044613 3.106300 -0.632838 2.527377 -0.074968 0.976813 2.841733 0.491161 10.714847 -1.065162 -0.073772 -0.779311 3.818790
1 inf -8.996707 -0.964095 -0.059367 -3.162257 -1.028808 3.149148 -0.649379 2.553840 -0.045968 0.949091 2.811320 0.504818 10.725469 -1.097272 -0.035787 -0.758954 3.821897
1 inf -9.024388 -0.950118 -0.059185 -3.143447 -1.017055 3.159718 -0.669419 2.552076 -0.048298 0.954710 2.793902 0.517645 10.734345 -1.102423 -0.017552 -0.763781 3.835231
1 inf -9.021796 -0.983275 -0.054390 -3.171617 -1.040714 3.160024 -0.622403 2.546111 -0.026633 0.987683 2.815044 0.539979 10.737118 -1.144507 -0.052532 -0.779221 3.828825
1 inf -9.009031 -0.952636 -0.051882 -3.143890 -1.067629 3.170184 -0.602897 2.536716 -0.005500 0.969432 2.810032 0.555581 10.720344 -1.128654 -0.075616 -0.802102 3.815930
1 inf -9.026557 -0.966498 -0.061215 -3.145263 -1.049749 3.175409 -0.592766 2.538053 0.013282 0.947915 2.814418 0.533268 10.711734 -1.133058 -0.111042 -0.788820 3.836908
1 inf -9.055261 -0.963202 -0.071403 -3.122444 -1.083943 3.115729 -0.572531 2.523466 -0.007312 0.942600 2.811082 0.511159 10.727059 -1.137634 -0.114793 -0.794585 3.805523
1 inf -9.094945 -0.967281 -0.090933 -3.126246 -1.053307 3.117739 -0.568094 2.552224 0.008676 0.928349 2.809200 0.527019 10.754738 -1.133843 -0.088731 -0.838523 3.775488
1 inf -9.080852 -0.977124 -0.086368 -3.113366 -1.059085 3.135440 -0.553045 2.588895 0.021456 0.875255 2.764407 0.536906 10.732152 -1.141236 -0.111156 -0.821404 3.741720
1 inf -9.062032 -0.957596 -0.135964 -3.114039 -1.020966 3.167998 -0.575616 2.572583 0.025640 0.932444 2.736670 0.515594 10.765435 -1.176019 -0.121466 -0.788558 3.765618
1 inf -9.073659 -0.962566 -0.190295 -3.101075 -1.046027 3.160374 -0.586423 2.564784 0.049444 0.889798 2.741787 0.488551 10.742694 -1.157663 -0.126300 -0.759800 3.724297
1 inf -9.109788 -0.979953 -0.200089 -3.080616 -1.046143 3.140533 -0.557469 2.577324 0.061885 0.883065 2.781496 0.467910 10.760070 -1.149235 -0.132717 -0.746399 3.713112
1 inf -9.161651 -0.987473 -0.232032 -3.072483 -1.045764 3.154466 -0.566768 2.597301 0.049702 0.925497 2.771297 0.464659 10.733020 -1.159379 -0.074971 -0.773616 3.679521
1 inf -9.164601 -0.980296 -0.243682 -3.056928 -1.004993 3.129451 -0.556005 2.566758 0.037599 0.909950 2.756274 0.488829 10.769660 -1.206697 -0.062408 -0.796175 3.666381
1 inf -9.166352 -0.989885 -0.266366 -3.088520 -1.007915 3.125555 -0.569154 2.545134 0.069910 0.900422 2.753219 0.488334 10.750814 -1.198398 -0.063336 -0.794034 3.651851
1 inf -9.156723 -0.955973 -0.309211 -3.110450 -1.001083 3.099269 -0.520965 2.512833 0.051309 0.865532 2.723259 0.515637 10.732326 -1.212755 -0.093176 -0.768391 3.635616
1 inf -9.136380 -0.995552 -0.348813 -3.100388 -1.028724 3.082451 -0.478404 2.513107 0.033602 0.838490 2.703660 0.518996 10.769699 -1.184345 -0.089816 -0.803567 3.631342
1 inf -9.127165 -0.959187 -0.354171 -3.102163 -1.057753 3.080434 -0.502788 2.508979 0.054005 0.837718 2.720759 0.527735 10.765033 -1.171190 -0.066102 -0.768328 3.622181
1 inf -9.148632 -0.953087 -0.351040 -3.083550 -1.091203 3.120740 -0.477110 2.501161 0.058269 0.838900 2.691510 0.570415 10.770608 -1.142646 -0.075206 -0.725829 3.624489
1 inf -9.158604 -0.985770 -0.392554 -3.086811 -1.075466 3.122918 -0.489502 2.511058 0.011848 0.817098 2.702839 0.551973 10.747843 -1.136376 -0.076613 -0.741880 3.600222
1 inf -9.162196 -0.967540 -0.327506 -3.086029 -1.070632 3.118551 -0.437435 2.459747 0.037878 0.807691 2.676767 0.539788 10.754852 -1.131669 -0.067602 -0.749001 3.625602
1 inf -9.127257 -0.966694 -0.321217 -3.094494 -1.063484 3.094682 -0.423683 2.486952 0.025478 0.815682 2.650718 0.524240 10.750514 -1.173749 -0.048682 -0.755926 3.633902
1 inf -9.089819 -0.991446 -0.306668 -3.078605 -1.037488 3.118250 -0.450489 2.487458 0.025955 0.828283 2.643896 0.543673 10.808196 -1.192586 -0.027128 -0.758928 3.668701
1 inf -9.106237 -0.981824 -0.329915 -3.115041 -1.045705 3.104846 -0.422673 2.505669 0.032073 0.804695 2.644831 0.520343 10.849716 -1.164837 -0.018938 -0.732622 3.707693
1 inf -9.100238 -0.978604 -0.294374 -3.137380 -1.065165 3.072430 -0.386693 2.542227 0.005586 0.813528 2.653118 0.568651 10.827983 -1.120444 -0.006123 -0.724479 3.722002
1 inf -9.114229 -0.994925 -0.271577 -3.135856 -1.044113 3.055791 -0.395772 2.564643 -0.019251 0.792306 2.611018 0.579157 10.836161 -1.137815 -0.021493 -0.743032 3.703892
1 inf -9.109809 -0.998165 -0.281366 -3.141746 -1.004929 3.063768 -0.376876 2.549373 -0.029568 0.786272 2.605868 0.611554 10.855191 -1.137392 -0.050745 -0.738374 3.707241
1 inf -9.094584 -0.983336 -0.287288 -3.139271 -1.001866 3.054954 -0.372414 2.552089 -0.054073 0.807907 2.632023 0.601905 10.838544 -1.112468 -0.023108 -0.738484 3.732387
1 inf -9.126653 -0.994392 -0.276926 -3.149058 -1.020777 3.089071 -0.367096 2.562475 -0.031813 0.816009 2.616424 0.597418 10.791820 -1.105655 -0.037158 -0.745618 3.745654
1 inf -9.134208 -0.996881 -0.280634 -3.151018 -1.010070 3.097604 -0.384311 2.576670 -0.012603 0.839703 2.661159 0.602748 10.852297 -1.059855 -0.021630 -0.742326 3.681056
1 inf -9.147524 -0.990480 -0.281329 -3.171195 -1.020778 3.101769 -0.385907 2.549115 -0.003975 0.817777 2.643944 0.630901 10.840634 -1.067451 -0.026103 -0.785685 3.690363
1 inf -9.126472 -0.980765 -0.284590 -3.173469 -1.058995 3.109603 -0.360618 2.584892 0.010471 0.794597 2.651418 0.687863 10.812138 -1.023436 -0.058647 -0.782885 3.647506
1 inf -9.123015 -0.936333 -0.296759 -3.184766 -1.103410 3.096814 -0.331310 2.597000 0.021679 0.811315 2.638560 0.664664 10.834988 -1.054544 -0.035387 -0.809862 3.667661
1 inf -9.130474 -0.966179 -0.305110 -3.186489 -1.098030 3.107799 -0.309704 2.609976 0.013809 0.780008 2.635036 0.681102 10.850310 -1.060681 -0.016761 -0.790724 3.683468
1 inf -9.144856 -0.945052 -0.297147 -3.169886 -1.100599 3.126766 -0.265774 2.618945 0.036935 0.784358 2.633284 0.629553 10.850974 -1.062295 -0.035354 -0.781313 3.673095
1 inf -9.108232 -0.952803 -0.316216 -3.126192 -1.125576 3.157783 -0.270797 2.604726 0.046731 0.789046 2.637010 0.610833 10.851292 -1.070669 -0.032052 -0.810656 3.647183
1 inf -9.099694 -0.927027 -0.289957 -3.127014 -1.091759 3.181137 -0.318463 2.610550 0.030555 0.729195 2.592485 0.642902 10.859695 -1.055912 -0.025771 -0.775313 3.691490
1 inf -9.092796 -0.920916 -0.291957 -3.116538 -1.049489 3.130475 -0.311131 2.607648 0.025335 0.762226 2.567618 0.649645 10.866760 -1.032558 -0.025992 -0.789038 3.710598
1 inf -9.094381 -0.926344 -0.283201 -3.095784 -1.034571 3.139736 -0.303802 2.620307 0.058268 0.760684 2.573105 0.637786 10.849311 -0.983360 -0.037321 -0.792783 3.680788
1 inf -9.112948 -0.926738 -0.263090 -3.075007 -1.035389 3.125566 -0.295193 2.623399 0.036546 0.766001 2.569130 0.627645 10.875671 -0.988894 -0.029220 -0.793389 3.687702
1 inf -9.100219 -0.912536 -0.286024 -3.061874 -1.050783 3.081520 -0.309831 2.579748 0.058627 0.765021 2.578025 0.624254 10.843641 -0.963400 -0.075262 -0.824397 3.696605
1 inf -9.084993 -0.904887 -0.286331 -3.087349 -1.063188 3.077945 -0.299991 2.590052 0.070326 0.738128 2.566152 0.645619 10.854423 -0.967567 -0.054089 -0.800765 3.697660
1 inf -9.122005 -0.902715 -0.283691 -3.075218 -1.057821 3.081489 -0.255103 2.548430 0.079380 0.727076 2.585267 0.659708 10.865557 -1.001935 -0.056779 -0.815092 3.668230
1 inf -9.114781 -0.924075 -0.274224 -3.061913 -1.074033 3.086115 -0.249110 2.563087 0.097956 0.762835 2.595918 0.669694 10.897875 -1.019095 -0.032962 -0.814392 3.688741
1 inf -9.111512 -0.962153 -0.309475 -3.072269 -1.080850 3.142597 -0.255721 2.601887 0.070728 0.736535 2.627961 0.660545 10.914126 -1.036168 -0.021064 -0.803137 3.703682
1 inf -9.114598 -0.955409 -0.324784 -3.099409 -1.080912 3.138501 -0.247370 2.591022 0.054382 0.759112 2.638558 0.680433 10.914070 -1.031533 -0.065322 -0.803662 3.679099
1 inf -9.114901 -0.939095 -0.320896 -3.116913 -1.083687 3.135622 -0.241324 2.583104 0.061589 0.773848 2.616456 0.689320 10.893044 -1.081590 -0.076261 -0.815337 3.699590
1 inf -9.100356 -0.961067 -0.281155 -3.138831 -1.079711 3.105277 -0.202775 2.574967 0.056936 0.788967 2.613714 0.681044 10.910801 -1.058641 -0.079899 -0.831652 3.677163
1 inf -9.118825 -0.985111 -0.316769 -3.128567 -1.025017 3.114794 -0.193955 2.574328 0.075206 0.795937 2.604210 0.688060 10.942934 -1.052040 -0.092864 -0.811050 3.720787
1 inf -9.136392 -0.996566 -0.278175 -3.106324 -1.014940 3.118445 -0.206122 2.591197 0.076368 0.833387 2.594521 0.665722 10.947307 -1.049474 -0.129028 -0.819193 3.698692
1 inf -9.119756 -0.954829 -0.296494 -3.120289 -1.011047 3.126447 -0.172970 2.612587 0.049576 0.831247 2.610727 0.669514 10.935853 -1.046851 -0.154973 -0.794601 3.711401
1 inf -9.113757 -0.977599 -0.330759 -3.117069 -1.033386 3.106987 -0.205386 2.648567 0.086134 0.804760 2.619560 0.677801 10.984161 -1.068584 -0.110580 -0.781786 3.719544
1 inf -9.116927 -0.966037 -0.306682 -3.104377 -1.041281 3.110829 -0.206659 2.639668 0.094787 0.777293 2.625083 0.669269 10.979762 -1.082730 -0.133144 -0.785613 3.712677
1 inf -9.149220 -0.960321 -0.367364 -3.107874 -1.051605 3.106254 -0.178987 2.645349 0.085996 0.756870 2.631071 0.662250 10.950401 -1.078574 -0.130619 -0.778728 3.707534
1 inf -9.104470 -0.990334 -0.394319 -3.061854 -1.021911 3.128989 -0.183422 2.621295 0.067410 0.784764 2.630237 0.653510 10.956920 -1.083777 -0.121949 -0.776936 3.681140
1 inf -9.110696 -0.975017 -0.440498 -3.085132 -1.048274 3.114232 -0.249094 2.611259 0.044894 0.776702 2.630848 0.651819 10.953014 -1.090875 -0.105292 -0.801112 3.692892
1 inf -9.156338 -0.988701 -0.415142 -3.070407 -1.088893 3.132593 -0.271348 2.609726 0.035244 0.736185 2.617487 0.672667 10.925728 -1.098651 -0.099029 -0.818870 3.709236
1 inf -9.134227 -0.950043 -0.388492 -3.059456 -1.072435 3.127957 -0.277805 2.611833 0.057541 0.720245 2.613402 0.643833 10.901635 -1.118761 -0.065549 -0.787496 3.670564
1 inf -9.118612 -0.978084 -0.399183 -3.047331 -1.078262 3.125655 -0.317501 2.598184 0.106359 0.716294 2.607125 0.678091 10.877783 -1.110918 -0.060599 -0.765579 3.653667
1 inf -9.102592 -0.948993 -0.399199 -3.037719 -1.034335 3.091987 -0.291639 2.587880 0.108281 0.717263 2.617089 0.690972 10.940488 -1.135510 -0.063712 -0.738890 3.615473
1 inf -9.106224 -0.961894 -0.367504 -3.066657 -1.024437 3.051447 -0.262941 2.605477 0.112322 0.724321 2.599698 0.677297 10.956622 -1.137543 -0.058243 -0.766432 3.584340
1 inf -9.083320 -0.959953 -0.358370 -3.067937 -1.043429 3.082226 -0.282545 2.629371 0.108799 0.733142 2.616127 0.668120 10.950507 -1.143143 -0.081320 -0.777951 3.581598
1 inf -9.051371 -0.964033 -0.364672 -3.050118 -1.048111 3.069907 -0.282808 2.670772 0.099110 0.744186 2.646112 0.682559 10.938631 -1.128864 -0.126813 -0.805378 3.601910
1 inf -9.023026 -0.975196 -0.390082 -3.043596 -1.047612 3.092722 -0.254796 2.655488 0.086588 0.761402 2.640403 0.691399 10.946251 -1.124825 -0.173358 -0.798125 3.609986
1 inf -8.998855 -0.935527 -0.391664 -3.024481 -1.037126 3.071164 -0.270852 2.628009 0.077787 0.765972 2.651674 0.691401 10.946050 -1.165674 -0.179231 -0.775353 3.623418
1 inf -8.984484 -0.920882 -0.373439 -3.003105 -1.027886 3.053600 -0.258178 2.647743 0.085947 0.748273 2.666451 0.698561 10.988848 -1.144826 -0.158277 -0.752388 3.594256
1 inf -8.957946 -0.921661 -0.373768 -3.021520 -1.045334 3.078964 -0.258336 2.653935 0.063361 0.776642 2.660435 0.695524 11.003911 -1.128328 -0.148908 -0.744303 3.604408
1 inf -8.942159 -0.878155 -0.382790 -2.985398 -1.067350 3.114432 -0.244797 2.648112 0.064835 0.807359 2.658754 0.669158 10.994791 -1.141275 -0.165015 -0.728847 3.603254
1 inf -8.954669 -0.906605 -0.367910 -2.984832 -1.047500 3.133082 -0.237675 2.669650 0.065549 0.807450 2.649752 0.666009 10.981982 -1.141067 -0.168898 -0.767411 3.577552
1 inf -8.965901 -0.885295 -0.359092 -2.983153 -1.014455 3.140189 -0.218744 2.687071 0.030212 0.809073 2.632456 0.692072 10.975027 -1.175732 -0.203503 -0.802198 3.542862
1 inf -8.978588 -0.913286 -0.366229 -2.939107 -1.033139 3.124403 -0.224385 2.680253 0.070872 0.772958 2.635174 0.667783 10.938944 -1.161564 -0.211809 -0.842441 3.542931
1 inf -8.953972 -0.909189 -0.354541 -2.917620 -1.016924 3.124394 -0.234031 2.655672 0.093051 0.768491 2.623126 0.665531 10.908017 -1.211891 -0.193755 -0.868270 3.541504
1 inf -8.967205 -0.933411 -0.347814 -2.933327 -1.039788 3.102890 -0.206752 2.645982 0.127953 0.802035 2.624164 0.659618 10.928403 -1.246245 -0.167756 -0.827513 3.525706
1 inf -9.001222 -0.896302 -0.334881 -2.910027 -1.059186 3.130824 -0.227805 2.667977 0.111668 0.772995 2.619332 0.635375 10.902235 -1.225522 -0.166375 -0.820954 3.518714
1 inf -9.002926 -0.891094 -0.357564 -2.917092 -1.073789 3.087847 -0.263529 2.689968 0.108652 0.796426 2.653176 0.596525 10.916583 -1.234082 -0.212615 -0.810873 3.523864
1 inf -9.004009 -0.868671 -0.371703 -2.934184 -1.082421 3.100125 -0.238427 2.666209 0.106681 0.816180 2.623760 0.587394 10.924136 -1.213982 -0.235869 -0.812979 3.532045
1 inf -8.978476 -0.886391 -0.362814 -2.944538 -1.087071 3.092932 -0.240983 2.706625 0.111725 0.784572 2.642534 0.602306 10.900913 -1.247849 -0.219948 -0.803981 3.538699
1 inf -8.970768 -0.882113 -0.332361 -2.931716 -1.104294 3.097083 -0.243948 2.694872 0.121555 0.785334 2.625401 0.606277 10.926797 -1.263408 -0.199622 -0.842007 3.520901
1 inf -8.978535 -0.899731 -0.342624 -2.936665 -1.135501 3.074081 -0.244974 2.652650 0.094049 0.770505 2.596744 0.557780 10.933409 -1.273855 -0.213428 -0.790021 3.525375
1 inf -8.992558 -0.893028 -0.361060 -2.985375 -1.133751 3.101924 -0.238419 2.678972 0.116514 0.754912 2.613587 0.551547 10.917481 -1.303633 -0.196793 -0.780686 3.511517
1 inf -8.986559 -0.915798 -0.395325 -2.982155 -1.098210 3.079585 -0.257879 2.646556 0.152494 0.791470 2.587100 0.560380 10.925768 -1.255325 -0.218526 -0.736293 3.524332
1 inf -8.963551 -0.903126 -0.402099 -2.985812 -1.084441 3.119247 -0.288698 2.623029 0.164961 0.751621 2.557826 0.518286 10.883750 -1.253818 -0.221202 -0.737967 3.527701
1 inf -8.936160 -0.892829 -0.438120 -2.990836 -1.077074 3.083915 -0.298676 2.615858 0.175777 0.766390 2.568323 0.531107 10.904758 -1.302810 -0.230108 -0.737045 3.513123
1 inf -8.930739 -0.872437 -0.471917 -3.036321 -1.052799 3.086485 -0.302250 2.636321 0.199351 0.754522 2.565602 0.553723 10.926746 -1.293860 -0.246949 -0.712344 3.497932
1 inf -8.898605 -0.883256 -0.427801 -3.031292 -1.043805 3.104493 -0.333030 2.652741 0.208955 0.734255 2.545982 0.545158 10.914880 -1.296923 -0.243909 -0.726052 3.500781
1 inf -8.863864 -0.894941 -0.422111 -3.026506 -1.047384 3.091111 -0.394495 2.679389 0.206156 0.728920 2.477510 0.527221 10.924729 -1.305393 -0.255520 -0.759052 3.482121
1 inf -8.903844 -0.905248 -0.430341 -3.026008 -1.045734 3.047143 -0.418110 2.719261 0.211010 0.742503 2.511316 0.522285 10.910025 -1.267876 -0.260832 -0.751916 3.471435
1 inf -8.917278 -0.898335 -0.451507 -3.012508 -1.043305 3.054447 -0.442844 2.740617 0.226128 0.712274 2.508730 0.510472 10.893442 -1.293008 -0.265310 -0.760097 3.463993
1 inf -8.870011 -0.901872 -0.447176 -3.021854 -1.067459 3.047429 -0.447997 2.718882 0.223447 0.723776 2.498948 0.490861 10.854651 -1.278754 -0.263046 -0.764570 3.461298
1 inf -8.910140 -0.881873 -0.451761 -2.973958 -1.067214 3.061144 -0.438656 2.743358 0.237652 0.750828 2.519459 0.480070 10.832226 -1.313474 -0.255981 -0.772095 3.491339
1 inf -8.912623 -0.892617 -0.485212 -2.959589 -1.066787 3.033641 -0.404679 2.743222 0.224980 0.780350 2.516598 0.442219 10.837137 -1.306215 -0.249312 -0.789629 3.466254
1 inf -8.895614 -0.899738 -0.491027 -2.991520 -1.093095 3.003029 -0.376742 2.769845 0.229545 0.783070 2.531072 0.469866 10.835582 -1.311139 -0.229060 -0.828714 3.427040
1 inf -8.907118 -0.909509 -0.497361 -2.929698 -1.079209 3.008174 -0.393278 2.782088 0.236919 0.756806 2.552582 0.485003 10.812285 -1.301895 -0.250542 -0.843888 3.453253
1 inf -8.928774 -0.886334 -0.473977 -2.915756 -1.103861 3.014684 -0.396399 2.758576 0.230136 0.788283 2.525687 0.497090 10.793338 -1.306534 -0.294361 -0.871675 3.470565
1 inf -8.944178 -0.891534 -0.482184 -2.892902 -1.084032 2.984406 -0.348044 2.782930 0.232898 0.758180 2.539819 0.509758 10.827934 -1.334434 -0.351386 -0.878344 3.496644
1 inf -8.910050 -0.901905 -0.489946 -2.904380 -1.054982 2.994026 -0.330329 2.820116 0.249960 0.762400 2.532474 0.522444 10.846400 -1.337756 -0.345740 -0.874294 3.462771
1 inf -8.907858 -0.890454 -0.504075 -2.931814 -1.060524 2.987630 -0.347516 2.819021 0.213674 0.748689 2.524776 0.531375 10.803280 -1.303053 -0.331996 -0.852406 3.472081
1 inf -8.897804 -0.898753 -0.500271 -2.932779 -1.060364 2.964443 -0.328771 2.835577 0.210905 0.773089 2.530409 0.530642 10.770241 -1.317638 -0.371156 -0.855255 3.461769
1 inf -8.821920 -0.898845 -0.484324 -2.932838 -1.075708 2.957694 -0.336890 2.865356 0.240902 0.787889 2.579709 0.576306 10.752691 -1.305957 -0.359617 -0.879614 3.488805
1 inf -8.817216 -0.859514 -0.500003 -2.907779 -1.046313 2.976246 -0.359630 2.844607 0.234424 0.792666 2.588295 0.584035 10.763154 -1.307157 -0.362717 -0.893750 3.491345
1 inf -8.811217 -0.882284 -0.534268 -2.904559 -1.010772 2.953907 -0.379090 2.812191 0.270404 0.829224 2.561808 0.592868 10.771441 -1.258849 -0.384450 -0.849357 3.504160
1 inf -8.812301 -0.897504 -0.574496 -2.900662 -1.019251 2.970243 -0.367654 2.795721 0.256617 0.783026 2.546557 0.564492 10.747036 -1.219858 -0.360971 -0.854487 3.500410
1 inf -8.764583 -0.871459 -0.576521 -2.894603 -1.009320 2.953200 -0.364397 2.803371 0.250877 0.763303 2.569724 0.544754 10.727773 -1.216894 -0.364565 -0.936513 3.496379
1 inf -8.746341 -0.840043 -0.564744 -2.869129 -1.007123 2.960381 -0.381746 2.806952 0.252037 0.706157 2.537294 0.527159 10.730703 -1.214782 -0.382610 -0.927376 3.538983
1 inf -8.759613 -0.804322 -0.539331 -2.829404 -1.013149 2.953103 -0.371826 2.802979 0.233102 0.686693 2.545217 0.500882 10.704927 -1.235597 -0.395684 -0.940415 3.560101
1 inf -8.774452 -0.801779 -0.560640 -2.814752 -1.023440 2.938424 -0.362774 2.781354 0.212875 0.670313 2.560888 0.502022 10.685298 -1.264879 -0.372013 -0.939267 3.594330
1 inf -8.725217 -0.795090 -0.524704 -2.790417 -1.072909 2.945959 -0.371066 2.706563 0.219565 0.721210 2.549251 0.510699 10.656368 -1.239603 -0.341952 -0.939688 3.584518
1 inf -8.725331 -0.796085 -0.517386 -2.819634 -1.056745 2.948942 -0.395670 2.697583 0.224991 0.742825 2.518419 0.502955 10.669347 -1.239537 -0.357146 -0.952787 3.597549
1 inf -8.727654 -0.834365 -0.519193 -2.839100 -1.036349 2.963662 -0.371105 2.686742 0.211976 0.766848 2.523613 0.488513 10.726673 -1.225277 -0.360430 -0.930032 3.572473
1 inf -8.759325 -0.819577 -0.504207 -2.815536 -1.043735 2.984999 -0.353203 2.667256 0.174486 0.746150 2.493472 0.474914 10.738421 -1.225362 -0.353732 -0.940106 3.558114
1 inf -8.735535 -0.798272 -0.490955 -2.852957 -1.056066 2.996459 -0.421443 2.677578 0.190002 0.720222 2.490428 0.485353 10.724838 -1.198610 -0.343808 -0.931039 3.568473
1 inf -8.742269 -0.818050 -0.510405 -2.891840 -1.070041 3.028993 -0.363663 2.660266 0.198801 0.752011 2.546308 0.483050 10.728311 -1.181333 -0.330118 -0.926208 3.574263
1 inf -8.756798 -0.817662 -0.516148 -2.892787 -1.084134 3.004505 -0.368901 2.669402 0.161427 0.773333 2.574071 0.482627 10.751730 -1.168897 -0.350528 -0.919578 3.526747
1 inf -8.767809 -0.788273 -0.534001 -2.877436 -1.076517 2.978138 -0.362521 2.671404 0.134313 0.780685 2.547053 0.496576 10.759980 -1.166860 -0.364113 -0.929628 3.485249
1 inf -8.744350 -0.806168 -0.556382 -2.840401 -1.063541 2.982582 -0.401452 2.645069 0.165229 0.776942 2.547907 0.475379 10.749540 -1.166087 -0.352653 -0.963730 3.525452
1 inf -8.701180 -0.777698 -0.566157 -2.847093 -1.072950 3.020953 -0.416726 2.664734 0.177304 0.790353 2.544279 0.491392 10.753064 -1.168721 -0.334400 -0.969407 3.528422
1 inf -8.695972 -0.766366 -0.554874 -2.815718 -1.093050 3.005655 -0.427160 2.641999 0.202995 0.795027 2.517186 0.458684 10.745955 -1.172216 -0.340122 -0.937253 3.490865
1 inf -8.689641 -0.710186 -0.580770 -2.796045 -1.091271 2.986879 -0.397506 2.619138 0.205147 0.760311 2.506454 0.453835 10.745761 -1.171475 -0.350926 -0.971097 3.498225
1 inf -8.684322 -0.705827 -0.613701 -2.820015 -1.112713 2.988213 -0.388037 2.642762 0.208489 0.758841 2.517808 0.425285 10.734496 -1.208783 -0.349444 -0.954252 3.501754
1 inf -8.690485 -0.710169 -0.621049 -2.849176 -1.124225 2.985321 -0.345481 2.653994 0.229607 0.768287 2.497525 0.415229 10.746762 -1.193706 -0.369664 -0.924514 3.496410
1 inf -8.658247 -0.763440 -0.604665 -2.854378 -1.130312 3.009945 -0.355864 2.668571 0.232306 0.746465 2.494847 0.402151 10.702616 -1.197231 -0.347324 -0.921230 3.479539
1 inf -8.690921 -0.757353 -0.613118 -2.817003 -1.135859 3.019405 -0.354350 2.672653 0.252962 0.758830 2.463716 0.388221 10.731028 -1.203550 -0.340641 -0.958257 3.476781
1 inf -8.687424 -0.776970 -0.604882 -2.801687 -1.141535 2.949066 -0.319469 2.679629 0.270896 0.759924 2.450547 0.387875 10.735964 -1.202865 -0.316403 -0.917972 3.441321
1 inf -8.688947 -0.764538 -0.591991 -2.814886 -1.155027 2.958631 -0.321471 2.709164 0.265630 0.772189 2.478214 0.356597 10.751072 -1.187208 -0.348671 -0.937396 3.423899
1 inf -8.688304 -0.752098 -0.579791 -2.827713 -1.159107 2.946807 -0.307040 2.667813 0.228175 0.770669 2.464280 0.349241 10.765271 -1.175072 -0.342632 -0.967468 3.445570
1 inf -8.704482 -0.731475 -0.581877 -2.835889 -1.171694 2.933122 -0.353480 2.693812 0.217832 0.751595 2.443044 0.363424 10.782029 -1.146074 -0.338864 -0.974069 3.410631
1 inf -8.689806 -0.753464 -0.575600 -2.837110 -1.183393 2.932202 -0.370529 2.673157 0.212426 0.737609 2.456938 0.326239 10.773486 -1.136307 -0.332555 -0.946513 3.385066
1 inf -8.714345 -0.784651 -0.615165 -2.835644 -1.224887 2.945571 -0.359841 2.675352 0.273282 0.724793 2.459817 0.323411 10.785971 -1.166688 -0.331493 -0.986346 3.369976
1 inf -8.732367 -0.765233 -0.579246 -2.847286 -1.176303 2.980348 -0.366181 2.673740 0.268884 0.741265 2.437274 0.296043 10.788561 -1.137725 -0.381778 -0.971724 3.350901
1 inf -8.719455 -0.766131 -0.561218 -2.862526 -1.154487 2.975512 -0.360822 2.683187 0.281847 0.725805 2.434636 0.326597 10.789667 -1.132722 -0.427955 -0.955864 3.364083
1 inf -8.662947 -0.797601 -0.550716 -2.892228 -1.134281 2.975811 -0.351949 2.664251 0.264803 0.737083 2.418005 0.346475 10.779648 -1.130468 -0.391606 -0.921789 3.347724
1 inf -8.656948 -0.820371 -0.584981 -2.889008 -1.098740 2.953472 -0.371409 2.631835 0.300783 0.773641 2.391518 0.355308 10.787935 -1.082160 -0.413339 -0.877396 3.360539
1 inf -8.686011 -0.811514 -0.596494 -2.889503 -1.117897 2.942511 -0.369994 2.646963 0.290134 0.810450 2.365677 0.342482 10.803186 -1.080131 -0.378028 -0.890685 3.379587
1 inf -8.735497 -0.843687 -0.564675 -2.880446 -1.107447 2.980272 -0.386113 2.624255 0.286767 0.789355 2.382166 0.336030 10.839876 -1.099897 -0.381724 -0.882230 3.392146
1 inf -8.749928 -0.877858 -0.528618 -2.883597 -1.120179 2.987261 -0.373467 2.639048 0.276161 0.784539 2.351704 0.372229 10.865151 -1.087668 -0.388094 -0.872699 3.388504
1 inf -8.711344 -0.899891 -0.515043 -2.855361 -1.104474 2.967423 -0.335508 2.621561 0.264825 0.749756 2.362838 0.386750 10.867462 -1.120291 -0.390367 -0.893101 3.408453
1 inf -8.696973 -0.908187 -0.480236 -2.858045 -1.111727 3.010443 -0.282523 2.635373 0.252000 0.762339 2.354370 0.401150 10.834905 -1.121853 -0.390162 -0.891938 3.419770
1 inf -8.684287 -0.930284 -0.452963 -2.860871 -1.120581 2.985422 -0.286600 2.642978 0.261948 0.756312 2.353221 0.425322 10.775740 -1.151279 -0.373221 -0.896360 3.412544
1 inf -8.680812 -0.933629 -0.454508 -2.846492 -1.110903 2.956455 -0.290777 2.648297 0.277467 0.758963 2.360328 0.408665 10.736744 -1.131582 -0.337204 -0.909336 3.401704
1 inf -8.668447 -0.952112 -0.435221 -2.857719 -1.090696 2.977200 -0.285190 2.686202 0.257806 0.763368 2.409147 0.414592 10.742956 -1.121882 -0.343022 -0.932733 3.428751
1 inf -8.638575 -0.935499 -0.443590 -2.860239 -1.131588 3.015117 -0.293212 2.689839 0.280432 0.728747 2.422078 0.406549 10.721886 -1.113908 -0.342120 -0.915677 3.383670
1 inf -8.671890 -0.927197 -0.459699 -2.863563 -1.136708 3.013157 -0.296519 2.706222 0.307163 0.721269 2.424453 0.449937 10.760453 -1.081199 -0.377135 -0.945131 3.408952
1 inf -8.675256 -0.893137 -0.450491 -2.838868 -1.134683 3.036263 -0.265730 2.665176 0.309688 0.730733 2.451583 0.460911 10.760945 -1.095091 -0.381264 -0.921497 3.400068
1 inf -8.697364 -0.902762 -0.427318 -2.877666 -1.132271 3.027628 -0.285602 2.681686 0.340715 0.749303 2.457672 0.469276 10.778261 -1.120375 -0.360033 -0.909272 3.391664
1 inf -8.702280 -0.878465 -0.422762 -2.836758 -1.145833 3.010591 -0.296557 2.703100 0.348603 0.726107 2.442735 0.472440 10.784625 -1.100697 -0.394484 -0.935622 3.380414
1 inf -8.740829 -0.871008 -0.403014 -2.828266 -1.120583 3.018267 -0.267300 2.676923 0.369637 0.750565 2.449392 0.471739 10.758548 -1.110172 -0.381927 -0.900538 3.380162
1 inf -8.745106 -0.872352 -0.404802 -2.810753 -1.077175 3.024161 -0.246402 2.654891 0.350756 0.732833 2.438845 0.475294 10.783299 -1.113918 -0.391701 -0.928914 3.333833
1 inf -8.738484 -0.860743 -0.380020 -2.831469 -1.061563 3.039945 -0.242290 2.637896 0.328589 0.727495 2.421055 0.461353 10.771541 -1.151211 -0.378865 -0.941640 3.318885
1 inf -8.740917 -0.872107 -0.361540 -2.859819 -1.071835 3.013822 -0.243493 2.654373 0.320717 0.753837 2.416323 0.486420 10.761324 -1.138933 -0.371422 -0.917251 3.336403
1 inf -8.689308 -0.880765 -0.319640 -2.896075 -1.080644 3.015983 -0.223663 2.617680 0.346040 0.786307 2.437011 0.509687 10.746578 -1.128382 -0.357524 -0.899927 3.363867
1 inf -8.708833 -0.866427 -0.352110 -2.881919 -1.105934 2.989440 -0.237115 2.639004 0.337960 0.815338 2.413739 0.499458 10.760715 -1.089660 -0.358837 -0.933438 3.347834
1 inf -8.709837 -0.814187 -0.355585 -2.866050 -1.129580 2.969278 -0.238714 2.627555 0.319279 0.761860 2.384752 0.527189 10.816442 -1.074908 -0.351437 -0.911009 3.351919
1 inf -8.734430 -0.806598 -0.365739 -2.877991 -1.111932 2.965967 -0.238377 2.613376 0.291290 0.792616 2.371687 0.535888 10.819388 -1.121907 -0.334799 -0.917523 3.329346
1 inf -8.742742 -0.816088 -0.378908 -2.890323 -1.075544 2.970975 -0.249544 2.620667 0.305715 0.777142 2.374774 0.507782 10.797304 -1.110597 -0.338684 -0.923230 3.346282
1 inf -8.773708 -0.762311 -0.370992 -2.871381 -1.111639 2.950589 -0.219879 2.637218 0.299672 0.821803 2.357082 0.534051 10.801217 -1.114534 -0.356357 -0.940258 3.320806
1 inf -8.763713 -0.748701 -0.373412 -2.887047 -1.107904 2.941686 -0.214229 2.621543 0.322736 0.851456 2.366402 0.553767 10.793055 -1.118228 -0.345886 -0.963120 3.327752
1 inf -8.753522 -0.735415 -0.417727 -2.897158 -1.110561 2.947792 -0.214109 2.586799 0.280641 0.855228 2.372326 0.572081 10.783103 -1.103538 -0.343777 -0.953545 3.351482
1 inf -8.724509 -0.719738 -0.379675 -2.898446 -1.088304 2.955901 -0.221642 2.590689 0.258939 0.853626 2.416455 0.556692 10.723301 -1.075566 -0.295019 -0.973894 3.340588
1 inf -8.718510 -0.742508 -0.413940 -2.895226 -1.052763 2.933562 -0.241102 2.558273 0.294919 0.890184 2.389968 0.565525 10.731588 -1.027258 -0.316752 -0.929501 3.353403
1 inf -8.728470 -0.733870 -0.424718 -2.898156 -1.070873 2.914593 -0.219928 2.536353 0.284189 0.894763 2.369304 0.566742 10.735665 -1.009550 -0.341839 -0.943082 3.362072
1 inf -8.687083 -0.725584 -0.432286 -2.952447 -1.037963 2.936092 -0.214644 2.505001 0.279359 0.833808 2.352612 0.577482 10.703427 -1.016855 -0.345171 -0.874854 3.335789
1 inf -8.717451 -0.750690 -0.423498 -2.945016 -1.027417 2.919852 -0.176773 2.520524 0.335381 0.841572 2.365706 0.589525 10.703314 -1.046468 -0.305211 -0.872604 3.364841
1 inf -8.671579 -0.763862 -0.422457 -2.930300 -1.064897 2.899810 -0.208394 2.512358 0.318145 0.847935 2.350217 0.603108 10.669703 -1.059392 -0.300722 -0.847374 3.353827
1 inf -8.669363 -0.715090 -0.409187 -2.937755 -1.084966 2.866014 -0.245736 2.505941 0.277079 0.827511 2.347893 0.636186 10.673612 -1.074794 -0.290748 -0.821908 3.362601
1 inf -8.641685 -0.699384 -0.409681 -2.954910 -1.072541 2.872868 -0.229275 2.547926 0.250667 0.822280 2.339630 0.621646 10.663570 -1.050622 -0.301100 -0.822587 3.394934
1 inf -8.625961 -0.726138 -0.385740 -2.977954 -1.073286 2.868221 -0.265589 2.565094 0.266232 0.816986 2.354840 0.605465 10.693304 -1.032909 -0.289562 -0.837392 3.390876
