1 inf -7.801005 -0.674050 -0.027866 -2.131735 -1.809200 1.789569 -0.252901 2.269266 0.278708 0.558091 2.837147 -0.275988 10.331290 -0.825320 -0.503434 0.205244 2.769791
1 inf -7.770397 -0.679205 -0.063087 -2.140483 -1.778752 1.793522 -0.250936 2.252587 0.311332 0.543214 2.862485 -0.256462 10.300311 -0.830005 -0.497502 0.203817 2.757917
1 inf -7.783658 -0.705224 -0.059868 -2.139528 -1.776369 1.777824 -0.280250 2.243272 0.303147 0.495978 2.873980 -0.266611 10.314173 -0.843396 -0.468199 0.174747 2.735553
1 inf -7.810211 -0.666340 -0.087807 -2.112393 -1.766207 1.778212 -0.272916 2.221911 0.308299 0.522603 2.832425 -0.254391 10.326404 -0.861227 -0.467813 0.149013 2.762003
1 inf -7.803262 -0.647301 -0.103495 -2.136479 -1.731653 1.774433 -0.261556 2.237780 0.317480 0.521903 2.859316 -0.255071 10.335556 -0.863751 -0.465203 0.194094 2.790036
1 inf -7.830479 -0.668694 -0.083301 -2.153788 -1.715264 1.767391 -0.272671 2.232647 0.341853 0.555688 2.854787 -0.232872 10.339111 -0.892775 -0.482899 0.178443 2.806894
1 inf -7.866407 -0.683623 -0.055915 -2.181464 -1.716818 1.712132 -0.283397 2.232175 0.306645 0.523351 2.877340 -0.233674 10.329279 -0.880144 -0.506577 0.164691 2.808157
1 inf -7.868445 -0.683346 -0.075102 -2.177117 -1.711239 1.696691 -0.240497 2.220234 0.291452 0.490668 2.891010 -0.231907 10.325090 -0.878451 -0.524376 0.184462 2.814381
1 inf -7.887182 -0.671127 -0.104468 -2.164797 -1.706677 1.684739 -0.257597 2.213811 0.289970 0.462921 2.854474 -0.239192 10.355682 -0.878360 -0.518534 0.231403 2.797951
1 inf -7.892182 -0.666114 -0.130168 -2.187116 -1.722712 1.673329 -0.265436 2.213326 0.230599 0.479331 2.863136 -0.242592 10.369203 -0.874016 -0.472342 0.198647 2.803083
1 inf -7.857328 -0.649079 -0.164453 -2.221065 -1.745992 1.646982 -0.286934 2.199383 0.231467 0.476984 2.865279 -0.237146 10.374401 -0.862964 -0.443258 0.172403 2.832937
1 inf -7.853383 -0.637108 -0.185101 -2.229807 -1.716420 1.645254 -0.307571 2.186043 0.232307 0.426959 2.866835 -0.251666 10.374480 -0.867640 -0.411136 0.172213 2.794912
1 inf -7.858653 -0.628910 -0.166857 -2.235515 -1.739281 1.612803 -0.325426 2.222210 0.226778 0.420162 2.880179 -0.288209 10.386759 -0.913372 -0.414046 0.132697 2.801827
1 inf -7.864536 -0.613704 -0.188978 -2.222731 -1.748486 1.611509 -0.311389 2.217442 0.223574 0.440286 2.860110 -0.319438 10.362351 -0.912855 -0.416283 0.127004 2.795535
1 inf -7.914054 -0.617207 -0.199425 -2.198085 -1.749238 1.624667 -0.329788 2.203704 0.214777 0.454424 2.853464 -0.309657 10.363231 -0.942936 -0.386008 0.150356 2.793901
1 inf -7.919320 -0.619718 -0.230037 -2.217563 -1.768250 1.607244 -0.369251 2.168629 0.224965 0.467313 2.877095 -0.280489 10.378960 -0.957557 -0.390277 0.142480 2.787834
1 inf -7.934083 -0.643849 -0.226358 -2.240457 -1.801367 1.642644 -0.327500 2.150607 0.258113 0.436400 2.862742 -0.316205 10.354790 -0.965041 -0.409554 0.192489 2.786798
1 inf -7.953415 -0.647552 -0.219831 -2.250310 -1.801000 1.627844 -0.338787 2.171967 0.235298 0.439294 2.857733 -0.321368 10.362852 -0.940812 -0.404858 0.158791 2.827902
1 inf -7.952054 -0.674219 -0.228201 -2.256701 -1.830866 1.611493 -0.368436 2.172283 0.221237 0.447165 2.886076 -0.295816 10.336238 -0.983835 -0.391454 0.195733 2.894627
1 inf -7.951295 -0.666226 -0.267306 -2.248584 -1.874616 1.624810 -0.368577 2.192031 0.218537 0.449797 2.883321 -0.286105 10.342359 -0.965745 -0.390953 0.200028 2.863320
1 inf -7.940484 -0.662650 -0.284466 -2.242550 -1.853515 1.635385 -0.366484 2.144779 0.252464 0.442616 2.912391 -0.303372 10.390165 -0.980726 -0.381972 0.184634 2.844286
1 inf -7.894769 -0.673759 -0.283865 -2.234471 -1.876383 1.638937 -0.376592 2.140829 0.279316 0.441554 2.920575 -0.279047 10.384842 -0.993802 -0.396997 0.170883 2.862285
1 inf -7.899632 -0.625883 -0.316195 -2.211768 -1.864553 1.671927 -0.363841 2.141396 0.267231 0.445243 2.903576 -0.279667 10.387503 -0.996652 -0.382766 0.130911 2.876879
1 inf -7.920614 -0.615902 -0.307294 -2.189099 -1.853088 1.667959 -0.315286 2.207167 0.237710 0.477917 2.899616 -0.290443 10.416942 -0.987225 -0.393122 0.152022 2.906674
1 inf -7.925357 -0.614896 -0.301003 -2.223177 -1.861108 1.693123 -0.253986 2.215788 0.257134 0.503402 2.919259 -0.333216 10.428176 -1.003686 -0.371517 0.148396 2.912440
1 inf -7.918762 -0.615914 -0.274187 -2.244323 -1.867066 1.688089 -0.264794 2.215150 0.212683 0.493247 2.932617 -0.340496 10.427217 -1.043288 -0.349867 0.154809 2.904981
1 inf -7.936411 -0.594057 -0.277736 -2.248088 -1.863221 1.685684 -0.275678 2.210912 0.218107 0.510892 2.935958 -0.311813 10.441935 -1.051149 -0.345213 0.142198 2.890848
1 inf -7.921258 -0.594856 -0.278715 -2.255161 -1.921202 1.628476 -0.324575 2.235846 0.202992 0.495139 2.955823 -0.322664 10.429172 -1.041294 -0.347122 0.133885 2.859320
1 inf -7.929799 -0.619459 -0.274804 -2.220175 -1.928588 1.609024 -0.338785 2.225743 0.192954 0.502346 2.976052 -0.308736 10.433436 -1.010584 -0.354164 0.128169 2.826669
1 inf -7.930137 -0.616557 -0.308878 -2.244162 -1.955502 1.604009 -0.309167 2.230560 0.160871 0.559514 2.992604 -0.302908 10.437276 -0.995888 -0.330889 0.160128 2.822802
1 inf -7.916847 -0.622131 -0.328925 -2.267835 -1.944809 1.608599 -0.294151 2.201418 0.165538 0.593309 2.990978 -0.304921 10.445340 -0.987858 -0.343855 0.181463 2.820391
1 inf -7.875850 -0.617733 -0.299278 -2.229574 -1.955534 1.606031 -0.236770 2.219226 0.168129 0.544083 2.999485 -0.354904 10.423446 -1.012365 -0.342412 0.206590 2.829909
1 inf -7.865984 -0.617112 -0.270151 -2.208200 -1.973577 1.597091 -0.240364 2.242733 0.165087 0.547570 2.966931 -0.368667 10.392416 -1.041473 -0.356361 0.171591 2.826494
1 inf -7.876334 -0.617615 -0.254277 -2.191109 -1.970680 1.590725 -0.268083 2.246489 0.156984 0.539655 2.977763 -0.370736 10.398152 -1.014552 -0.338446 0.172409 2.870928
1 inf -7.865328 -0.566988 -0.270861 -2.192801 -1.940048 1.589444 -0.258395 2.237613 0.156436 0.579744 2.952875 -0.347898 10.427931 -1.044095 -0.339994 0.177141 2.904445
1 inf -7.858932 -0.560942 -0.227299 -2.191483 -1.955778 1.565807 -0.273965 2.253942 0.155700 0.576821 2.952752 -0.368766 10.436685 -1.023866 -0.335312 0.163096 2.908748
1 inf -7.915562 -0.589077 -0.239891 -2.191764 -1.959081 1.548339 -0.239108 2.240781 0.141106 0.543702 2.952506 -0.365104 10.444402 -1.016893 -0.305113 0.215328 2.902944
1 inf -7.869175 -0.601949 -0.203048 -2.187566 -1.981111 1.539350 -0.242732 2.241178 0.154099 0.576081 2.943102 -0.370050 10.420493 -0.970321 -0.290803 0.210912 2.897797
1 inf -7.858767 -0.611128 -0.178941 -2.198956 -1.963456 1.533640 -0.250315 2.217929 0.146750 0.591848 2.913520 -0.369106 10.448365 -0.970828 -0.332078 0.214776 2.938238
1 inf -7.878892 -0.600485 -0.191551 -2.212354 -1.982249 1.537540 -0.271479 2.232223 0.154781 0.639935 2.919184 -0.344655 10.437869 -0.944743 -0.339238 0.240985 2.889049
1 inf -7.924041 -0.609819 -0.196986 -2.222304 -1.972362 1.511351 -0.253988 2.230806 0.149595 0.647509 2.909853 -0.323966 10.443958 -0.913196 -0.323472 0.241702 2.867423
1 inf -7.908174 -0.609762 -0.221974 -2.236181 -1.964040 1.507523 -0.283618 2.262185 0.136581 0.642781 2.913260 -0.370933 10.422899 -0.939212 -0.299701 0.238415 2.881529
1 inf -7.873042 -0.623552 -0.212382 -2.260921 -1.992065 1.528464 -0.285966 2.269321 0.142423 0.648766 2.907534 -0.362966 10.407753 -0.976978 -0.296788 0.211525 2.843687
1 inf -7.873479 -0.598946 -0.200081 -2.309388 -1.980577 1.527602 -0.299295 2.309096 0.185701 0.671833 2.932364 -0.350544 10.393451 -0.998843 -0.292044 0.182038 2.848087
1 inf -7.877999 -0.602671 -0.199932 -2.324207 -1.986219 1.512392 -0.287862 2.291821 0.203200 0.647498 2.899390 -0.352810 10.408374 -0.957098 -0.259846 0.194481 2.864590
1 inf -7.886664 -0.605438 -0.163974 -2.304913 -1.959169 1.519372 -0.304800 2.329099 0.178003 0.634376 2.902756 -0.346098 10.410099 -0.930423 -0.218396 0.164965 2.883579
1 inf -7.893455 -0.631003 -0.167701 -2.293216 -1.980160 1.476539 -0.298487 2.299642 0.177842 0.642861 2.907615 -0.352290 10.422195 -0.951744 -0.193267 0.150697 2.881764
1 inf -7.923402 -0.628285 -0.176035 -2.301089 -1.938249 1.436374 -0.306927 2.283527 0.189618 0.602928 2.895998 -0.359464 10.414145 -0.912876 -0.179594 0.130459 2.883255
1 inf -7.886998 -0.620008 -0.157212 -2.294262 -1.916852 1.416303 -0.319342 2.264345 0.177066 0.593820 2.937591 -0.384792 10.420289 -0.933996 -0.162536 0.140560 2.887683
1 inf -7.880403 -0.621026 -0.130396 -2.315408 -1.922810 1.411269 -0.330150 2.263707 0.132615 0.583665 2.950949 -0.392072 10.419330 -0.973598 -0.140886 0.146973 2.880224
1 inf -7.869790 -0.603897 -0.132608 -2.315973 -1.912781 1.411484 -0.317716 2.219062 0.162590 0.578390 2.954621 -0.401397 10.407516 -1.001118 -0.160968 0.151286 2.881799
1 inf -7.865276 -0.571653 -0.150017 -2.313326 -1.931709 1.400713 -0.334138 2.202811 0.149320 0.605381 2.925795 -0.398952 10.431926 -1.016661 -0.153283 0.133246 2.887914
1 inf -7.842916 -0.586642 -0.155499 -2.310778 -1.911452 1.385881 -0.351668 2.243764 0.173708 0.616266 2.925840 -0.379953 10.452552 -1.042358 -0.158766 0.099969 2.862381
1 inf -7.836979 -0.579096 -0.172507 -2.313217 -1.952696 1.395153 -0.352992 2.243417 0.196685 0.622172 2.941788 -0.358624 10.453901 -1.039188 -0.163315 0.083637 2.897719
1 inf -7.860119 -0.580556 -0.142009 -2.294526 -1.979084 1.379928 -0.342399 2.215633 0.199197 0.599835 2.944059 -0.369218 10.481452 -1.060822 -0.144039 0.094309 2.909711
1 inf -7.854639 -0.588658 -0.118164 -2.315745 -1.973175 1.345333 -0.371723 2.223358 0.154392 0.583757 2.955284 -0.396271 10.491985 -1.054497 -0.133348 0.120558 2.906477
1 inf -7.879275 -0.604480 -0.113963 -2.304271 -1.980648 1.374018 -0.371666 2.217270 0.167703 0.579538 2.940959 -0.372429 10.478219 -1.054956 -0.138467 0.099140 2.899751
1 inf -7.875105 -0.601070 -0.076036 -2.309222 -1.957357 1.447351 -0.379605 2.232750 0.183516 0.628598 2.940864 -0.353363 10.493024 -1.063919 -0.134862 0.099084 2.884280
1 inf -7.843924 -0.573234 -0.049790 -2.286058 -1.943806 1.447698 -0.432230 2.225126 0.157233 0.652524 2.913213 -0.384623 10.454511 -1.068465 -0.145345 0.069335 2.888030
1 inf -7.827486 -0.582036 -0.038848 -2.286576 -1.949368 1.433784 -0.418058 2.187360 0.143598 0.657044 2.892387 -0.405495 10.440588 -1.031357 -0.164538 0.053580 2.856725
1 inf -7.794337 -0.585035 -0.047714 -2.274115 -1.936712 1.450950 -0.446300 2.209987 0.155124 0.651790 2.910200 -0.383779 10.382431 -1.062153 -0.151731 0.014301 2.851241
1 inf -7.812746 -0.556180 -0.040766 -2.326190 -1.938495 1.477709 -0.457809 2.219822 0.152611 0.657510 2.923473 -0.399071 10.349326 -1.064865 -0.156673 0.040399 2.838082
1 inf -7.828147 -0.556264 -0.038976 -2.329418 -1.950134 1.482818 -0.477581 2.211371 0.156594 0.649868 2.953217 -0.377842 10.363710 -1.084218 -0.134699 0.040558 2.832269
1 inf -7.858200 -0.565370 -0.061542 -2.314732 -1.989235 1.466979 -0.493860 2.173057 0.202069 0.669855 2.923146 -0.408832 10.346267 -1.097470 -0.123828 0.010898 2.847748
1 inf -7.838945 -0.577889 -0.070891 -2.331492 -1.986114 1.486315 -0.506060 2.184153 0.197578 0.671390 2.926521 -0.453478 10.335353 -1.086342 -0.110300 0.054522 2.829826
1 inf -7.828748 -0.568358 -0.070888 -2.345359 -1.979845 1.526182 -0.515760 2.190201 0.182782 0.692612 2.915565 -0.489419 10.341099 -1.072944 -0.117025 0.046039 2.847576
1 inf -7.824862 -0.568414 -0.072019 -2.334592 -1.972685 1.488934 -0.519770 2.198472 0.184449 0.697796 2.934125 -0.496145 10.419229 -1.100170 -0.108399 0.026586 2.864642
1 inf -7.839143 -0.583228 -0.071785 -2.306743 -1.983372 1.451083 -0.534516 2.189656 0.180168 0.712540 2.926418 -0.506470 10.408660 -1.064983 -0.108309 0.031307 2.878474
1 inf -7.858582 -0.573257 -0.066609 -2.277488 -1.972862 1.445861 -0.523584 2.191177 0.196005 0.694240 2.927190 -0.494728 10.402995 -1.038359 -0.137972 -0.000488 2.894976
1 inf -7.876748 -0.523146 -0.063690 -2.266964 -1.954506 1.414760 -0.537147 2.194449 0.200649 0.709947 2.896537 -0.472365 10.393128 -1.014141 -0.132978 0.005988 2.898776
1 inf -7.853849 -0.494762 -0.088464 -2.252286 -1.933155 1.419105 -0.558256 2.191711 0.203254 0.685777 2.860542 -0.472273 10.387386 -0.997808 -0.130909 0.016064 2.885175
1 inf -7.854752 -0.473905 -0.069169 -2.266792 -1.930349 1.410952 -0.546110 2.190746 0.217628 0.696794 2.865063 -0.426303 10.391455 -0.997687 -0.148658 0.040365 2.898800
1 inf -7.866820 -0.463624 -0.066233 -2.252272 -1.968805 1.415212 -0.558760 2.196198 0.214955 0.710622 2.844146 -0.429713 10.356382 -0.960939 -0.145012 0.031407 2.906504
1 inf -7.860225 -0.464642 -0.039417 -2.273418 -1.974763 1.410178 -0.569568 2.195560 0.170504 0.700467 2.857504 -0.436993 10.355423 -1.000541 -0.123362 0.037820 2.899045
1 inf -7.877051 -0.450786 -0.030051 -2.231483 -1.985580 1.403952 -0.546582 2.151545 0.189443 0.703944 2.817141 -0.442072 10.388635 -0.992502 -0.121489 0.037210 2.869023
1 inf -7.874443 -0.435098 -0.030572 -2.246705 -1.978661 1.405608 -0.594766 2.118695 0.151160 0.724459 2.804785 -0.409036 10.389229 -0.942225 -0.140116 0.035856 2.826443
1 inf -7.843275 -0.463944 -0.050620 -2.244942 -1.941757 1.420779 -0.578278 2.154212 0.188771 0.735263 2.789039 -0.401348 10.401319 -0.911170 -0.125947 0.041605 2.856959
1 inf -7.809809 -0.474768 -0.049914 -2.264979 -1.957964 1.385416 -0.574969 2.141916 0.152923 0.779200 2.794644 -0.375021 10.406892 -0.899470 -0.076460 0.021101 2.852843
1 inf -7.827323 -0.484378 -0.042821 -2.236419 -1.950565 1.444278 -0.572605 2.158866 0.191929 0.798459 2.792014 -0.383203 10.434916 -0.916552 -0.054590 -0.016501 2.824687
1 inf -7.788875 -0.489828 -0.010997 -2.216114 -1.959587 1.470234 -0.586217 2.126848 0.172809 0.781307 2.792879 -0.414039 10.445210 -0.941333 -0.082405 -0.015976 2.840657
1 inf -7.784182 -0.480140 0.006744 -2.205030 -1.983280 1.447093 -0.599458 2.135362 0.151538 0.803669 2.788010 -0.413029 10.437477 -0.952533 -0.093794 -0.043234 2.867024
1 inf -7.720536 -0.489055 0.001030 -2.179802 -1.980255 1.435986 -0.612490 2.129231 0.185057 0.834826 2.761066 -0.392001 10.458600 -0.969324 -0.087514 -0.044755 2.848397
1 inf -7.696703 -0.473544 0.020775 -2.202223 -1.982586 1.424354 -0.567874 2.156628 0.193292 0.850836 2.743482 -0.375890 10.484750 -0.938806 -0.109169 -0.061641 2.850673
1 inf -7.705243 -0.482843 0.023594 -2.190427 -1.975523 1.427704 -0.570252 2.154551 0.214040 0.787444 2.758621 -0.382659 10.503322 -0.965378 -0.111676 -0.071542 2.855863
1 inf -7.710725 -0.494082 -0.002898 -2.177425 -1.976935 1.447774 -0.551872 2.159993 0.217619 0.772203 2.756986 -0.355824 10.520459 -0.954730 -0.117281 -0.102413 2.874461
1 inf -7.700605 -0.542631 -0.000646 -2.166483 -1.973273 1.456494 -0.562043 2.186107 0.214112 0.776238 2.797149 -0.389420 10.519937 -0.951947 -0.118782 -0.074060 2.912435
1 inf -7.717768 -0.524078 0.001089 -2.155890 -1.997890 1.462470 -0.563289 2.194505 0.194523 0.770391 2.791300 -0.371929 10.558851 -0.924250 -0.065177 -0.071179 2.921042
1 inf -7.725776 -0.539741 0.005193 -2.167877 -1.988105 1.464063 -0.539280 2.196888 0.198376 0.752138 2.802108 -0.343160 10.525195 -0.957544 -0.035596 -0.080420 2.904857
1 inf -7.707714 -0.538126 0.014119 -2.159481 -1.978282 1.420388 -0.528321 2.191267 0.206443 0.751285 2.808426 -0.380563 10.503969 -0.980640 -0.010127 -0.033652 2.920714
1 inf -7.748910 -0.542674 0.007801 -2.149261 -1.995682 1.414523 -0.539637 2.171434 0.236139 0.746283 2.810953 -0.369381 10.502732 -0.951682 -0.004770 -0.034597 2.951554
1 inf -7.764356 -0.522731 -0.009473 -2.145900 -1.966821 1.408484 -0.556002 2.172159 0.266317 0.727331 2.833447 -0.348510 10.514161 -0.916339 -0.006337 -0.054569 2.934304
1 inf -7.749247 -0.511570 -0.020221 -2.111967 -1.974766 1.382367 -0.559871 2.160268 0.276596 0.716554 2.834776 -0.319707 10.504117 -0.926975 -0.017006 -0.061847 2.929707
1 inf -7.746036 -0.522519 -0.005258 -2.148515 -1.954680 1.356380 -0.568257 2.164909 0.214676 0.722812 2.857875 -0.309458 10.506575 -0.898522 -0.018787 -0.078426 2.967609
1 inf -7.717158 -0.537019 -0.008836 -2.119176 -1.959890 1.372300 -0.589166 2.167604 0.228521 0.707922 2.847249 -0.320467 10.502984 -0.843353 -0.034204 -0.094646 2.978586
1 inf -7.696403 -0.545589 0.009504 -2.107413 -1.960652 1.373985 -0.575839 2.150541 0.264836 0.720305 2.869333 -0.333687 10.517292 -0.874264 -0.046444 -0.068469 2.971566
1 inf -7.707857 -0.523251 0.007889 -2.136197 -1.977853 1.430606 -0.569755 2.134669 0.277041 0.722844 2.885510 -0.293681 10.504617 -0.879964 -0.033830 -0.099349 3.001821
1 inf -7.721412 -0.528205 0.018240 -2.164897 -1.991958 1.454276 -0.580390 2.119152 0.283989 0.755035 2.908867 -0.320814 10.543738 -0.852265 -0.073414 -0.074649 2.993372
1 inf -7.714817 -0.529223 0.045056 -2.186043 -1.997916 1.449242 -0.591198 2.118514 0.239538 0.744880 2.922225 -0.328094 10.542779 -0.891867 -0.051764 -0.068236 2.985913
1 inf -7.665898 -0.530559 0.060565 -2.167205 -1.992384 1.459185 -0.564778 2.119678 0.254842 0.754833 2.925843 -0.362608 10.533118 -0.900743 -0.066441 -0.071226 2.982414
1 inf -7.669369 -0.545025 0.026470 -2.138423 -1.989295 1.455294 -0.556851 2.120174 0.242850 0.749352 2.903657 -0.353343 10.496223 -0.918774 -0.109972 -0.101167 2.975421
1 inf -7.658624 -0.536061 0.040766 -2.126998 -1.972429 1.441323 -0.527720 2.126890 0.236091 0.764344 2.936505 -0.345778 10.446193 -0.901335 -0.086480 -0.083580 2.970606
1 inf -7.644794 -0.542439 0.072847 -2.109738 -1.956964 1.455628 -0.563693 2.149685 0.227445 0.722368 2.917676 -0.332670 10.439689 -0.921453 -0.096654 -0.092340 3.011712
1 inf -7.632011 -0.524408 0.063143 -2.064454 -1.944018 1.438997 -0.534841 2.162563 0.232537 0.705799 2.893774 -0.321306 10.433875 -0.918116 -0.083580 -0.067508 3.017595
1 inf -7.634758 -0.504038 0.113732 -2.098111 -1.936096 1.391581 -0.519908 2.175930 0.212508 0.706428 2.855518 -0.298030 10.431897 -0.950720 -0.069485 -0.032212 2.993117
1 inf -7.633482 -0.492383 0.116248 -2.101773 -1.938756 1.397283 -0.564546 2.180259 0.204526 0.712406 2.815939 -0.279236 10.442509 -0.927926 -0.094664 -0.025111 2.950577
1 inf -7.641982 -0.514780 0.109795 -2.152974 -1.909709 1.394586 -0.568845 2.146032 0.219617 0.696060 2.800198 -0.236045 10.443215 -0.939576 -0.097104 -0.059166 2.955029
1 inf -7.643758 -0.522876 0.070594 -2.123795 -1.881240 1.393222 -0.566994 2.147163 0.213547 0.684485 2.778191 -0.230735 10.446740 -0.916912 -0.119872 -0.066787 2.943631
1 inf -7.642951 -0.503810 0.047079 -2.108385 -1.886042 1.372020 -0.562868 2.140970 0.209094 0.649920 2.750363 -0.231779 10.443461 -0.934041 -0.128126 -0.052188 2.935380
1 inf -7.583964 -0.485066 0.010601 -2.072736 -1.871676 1.369907 -0.586306 2.118139 0.201762 0.679638 2.748015 -0.253613 10.421885 -0.931846 -0.075721 -0.061103 2.928504
1 inf -7.571472 -0.450008 0.013830 -2.056512 -1.864001 1.391808 -0.595769 2.115604 0.211523 0.695457 2.778532 -0.280000 10.388291 -0.967756 -0.094136 -0.082587 2.957518
1 inf -7.572461 -0.446934 -0.013677 -2.062564 -1.873938 1.387574 -0.618238 2.084222 0.242355 0.680917 2.801150 -0.265208 10.366640 -0.952427 -0.077778 -0.038439 2.969337
1 inf -7.575763 -0.464897 -0.015330 -2.083366 -1.878444 1.411257 -0.640624 2.095066 0.261037 0.673930 2.793569 -0.280269 10.351001 -0.949827 -0.085490 -0.040425 2.973555
1 inf -7.554490 -0.452065 -0.030049 -2.104974 -1.894726 1.390022 -0.635014 2.088795 0.255758 0.699105 2.760141 -0.297564 10.306626 -0.927090 -0.083246 -0.025192 2.992435
1 inf -7.601097 -0.459229 -0.015597 -2.096976 -1.905727 1.407932 -0.628257 2.040585 0.259464 0.696480 2.780388 -0.337366 10.302296 -0.944099 -0.122535 -0.007510 2.996552
1 inf -7.600830 -0.468088 -0.045040 -2.121756 -1.916901 1.422905 -0.640770 2.029796 0.276885 0.750040 2.788057 -0.288534 10.292672 -0.914519 -0.108379 0.004835 2.987409
1 inf -7.617869 -0.478301 -0.018305 -2.122780 -1.914322 1.435228 -0.652961 2.012285 0.304626 0.769449 2.795546 -0.311126 10.315600 -0.934430 -0.112057 -0.002671 2.986848
1 inf -7.626368 -0.497105 -0.046995 -2.118902 -1.894647 1.430349 -0.667025 2.012044 0.281621 0.758082 2.798725 -0.315593 10.323686 -0.918800 -0.116492 0.011980 3.009028
1 inf -7.664114 -0.489481 -0.017829 -2.135717 -1.878499 1.429794 -0.670488 2.013682 0.280267 0.778726 2.806964 -0.318753 10.321293 -0.899986 -0.109756 0.018045 3.013595
1 inf -7.674128 -0.479534 -0.003965 -2.143060 -1.922934 1.430863 -0.666231 2.045967 0.316192 0.772146 2.800058 -0.333831 10.332463 -0.894842 -0.122086 -0.004351 3.011206
1 inf -7.672048 -0.464516 0.016559 -2.151504 -1.946069 1.434229 -0.691712 2.055764 0.295226 0.797643 2.814484 -0.345798 10.299727 -0.864217 -0.149857 -0.012565 3.030866
1 inf -7.677167 -0.469677 -0.008578 -2.188202 -1.929189 1.451416 -0.677429 2.045001 0.276925 0.782016 2.794208 -0.346337 10.311143 -0.874105 -0.154880 -0.000566 3.062575
1 inf -7.670572 -0.470695 0.018238 -2.209348 -1.935147 1.446382 -0.688237 2.044363 0.232474 0.771861 2.807566 -0.353617 10.310184 -0.913707 -0.133230 0.005847 3.055116
1 inf -7.689749 -0.450359 -0.014494 -2.174456 -1.960934 1.466338 -0.659530 2.026713 0.243344 0.786056 2.772264 -0.355887 10.274062 -0.943949 -0.121721 -0.013038 3.067256
1 inf -7.697892 -0.485629 0.010159 -2.183081 -1.965058 1.468889 -0.604045 2.040659 0.226624 0.784320 2.804804 -0.349935 10.278355 -0.938196 -0.098333 0.016372 3.076108
1 inf -7.715438 -0.465605 0.010784 -2.193726 -1.957467 1.452876 -0.602297 2.037086 0.236955 0.789321 2.824007 -0.345273 10.268412 -0.947896 -0.142976 0.011564 3.090414
1 inf -7.704294 -0.465781 0.001176 -2.206400 -1.970462 1.447709 -0.623159 2.042684 0.218948 0.783640 2.831102 -0.311944 10.259161 -0.951052 -0.151423 0.015527 3.110780
1 inf -7.656692 -0.471827 0.014714 -2.219582 -1.986546 1.437045 -0.630927 2.023526 0.244190 0.825675 2.822615 -0.318879 10.283162 -0.974341 -0.144855 -0.010598 3.096288
1 inf -7.670300 -0.473947 0.042996 -2.179312 -1.976323 1.432189 -0.627322 2.020974 0.258829 0.815174 2.860802 -0.283313 10.286229 -0.964101 -0.145742 -0.007368 3.090558
1 inf -7.670387 -0.498418 0.070864 -2.177266 -1.983142 1.464051 -0.630873 1.999709 0.252327 0.793696 2.900761 -0.268863 10.290392 -0.984147 -0.166252 0.010418 3.073853
1 inf -7.650346 -0.520453 0.093167 -2.153000 -1.996336 1.461264 -0.632345 1.991693 0.243514 0.786320 2.911431 -0.275535 10.250839 -1.007343 -0.186034 0.006026 3.048078
1 inf -7.624400 -0.513627 0.098275 -2.178007 -1.989436 1.408509 -0.674269 1.974741 0.249962 0.809429 2.928664 -0.269519 10.247397 -1.012204 -0.180261 -0.026618 3.025062
1 inf -7.632514 -0.510997 0.098499 -2.172005 -1.994524 1.383046 -0.660616 1.952618 0.239767 0.811483 2.931570 -0.291100 10.237979 -1.021537 -0.186781 -0.042090 3.048342
1 inf -7.601318 -0.490827 0.138645 -2.171825 -1.990628 1.352505 -0.679931 1.965450 0.228239 0.833015 2.963433 -0.340984 10.237233 -1.008106 -0.192154 -0.050891 3.014379
1 inf -7.614405 -0.476105 0.154817 -2.145839 -1.988148 1.336614 -0.688830 1.994840 0.224531 0.805588 2.961335 -0.327099 10.218784 -1.049683 -0.187698 -0.016770 3.034019
1 inf -7.607897 -0.479260 0.192168 -2.170674 -1.940555 1.345475 -0.696859 1.996841 0.222149 0.753654 2.954684 -0.301467 10.214668 -1.054818 -0.199000 -0.025995 3.026997
1 inf -7.627025 -0.476060 0.211104 -2.157516 -1.928504 1.324837 -0.709666 1.952766 0.200340 0.788148 2.967335 -0.246662 10.246484 -1.060274 -0.165528 -0.014317 3.053538
1 inf -7.620430 -0.477078 0.237920 -2.178662 -1.934462 1.319803 -0.720474 1.952128 0.155889 0.777993 2.980693 -0.253942 10.245525 -1.099876 -0.143878 -0.007904 3.046079
1 inf -7.589494 -0.481135 0.279711 -2.181587 -1.959341 1.323318 -0.714098 1.945601 0.189002 0.760773 2.993560 -0.229617 10.262369 -1.108497 -0.134284 -0.030127 3.040779
1 inf -7.610610 -0.527190 0.280132 -2.129239 -1.932577 1.330684 -0.663628 1.967398 0.202407 0.772629 2.965728 -0.236221 10.251699 -1.133486 -0.160467 -0.027417 3.019107
1 inf -7.637865 -0.547262 0.267754 -2.182921 -1.915074 1.321965 -0.638439 1.941048 0.225226 0.779768 2.972265 -0.251764 10.259744 -1.092814 -0.170736 -0.037266 3.020645
1 inf -7.649851 -0.544883 0.262776 -2.197938 -1.915407 1.296138 -0.646587 1.947226 0.241114 0.751688 2.957433 -0.293635 10.244844 -1.120127 -0.177652 -0.004892 3.024923
1 inf -7.641946 -0.549711 0.263134 -2.197976 -1.902677 1.296633 -0.638018 1.916845 0.204202 0.750580 2.974661 -0.295580 10.262994 -1.161122 -0.157859 -0.002615 3.016912
1 inf -7.634831 -0.565889 0.257939 -2.149611 -1.919048 1.317343 -0.614714 1.902973 0.185010 0.751317 2.991643 -0.292289 10.245472 -1.187215 -0.158580 0.036924 3.012568
1 inf -7.641221 -0.555703 0.284191 -2.140680 -1.885453 1.338886 -0.604094 1.914840 0.180355 0.775269 2.983931 -0.289218 10.236578 -1.149223 -0.139964 0.024946 3.022916
1 inf -7.647898 -0.522899 0.280822 -2.151012 -1.881490 1.330499 -0.608658 1.902222 0.173314 0.828028 2.983476 -0.297462 10.238129 -1.120235 -0.144082 0.028088 3.016879
1 inf -7.638225 -0.518981 0.261975 -2.171054 -1.914546 1.330276 -0.598163 1.909563 0.177550 0.859617 2.982369 -0.296268 10.194331 -1.146866 -0.158348 0.011209 3.000931
1 inf -7.659456 -0.507486 0.220440 -2.172256 -1.887002 1.306561 -0.580659 1.892578 0.145288 0.889986 2.993024 -0.328581 10.227756 -1.129359 -0.189520 0.036520 3.013572
1 inf -7.652511 -0.495217 0.247607 -2.168748 -1.881907 1.326528 -0.584577 1.877064 0.102443 0.938804 2.999234 -0.314115 10.218241 -1.135160 -0.169251 0.040568 2.997033
1 inf -7.615032 -0.465206 0.233665 -2.186989 -1.883916 1.321178 -0.549510 1.910904 0.104453 0.931581 2.984228 -0.296889 10.241171 -1.111060 -0.174132 0.036687 3.017325
1 inf -7.598106 -0.479389 0.222370 -2.189675 -1.869888 1.335018 -0.545113 1.902995 0.143950 0.923234 2.969194 -0.294008 10.234375 -1.106447 -0.176529 0.038653 3.015109
1 inf -7.595277 -0.494785 0.210241 -2.186598 -1.855803 1.324263 -0.535292 1.903702 0.137301 0.906397 2.956146 -0.312390 10.237726 -1.137871 -0.162691 0.042358 2.978909
1 inf -7.596509 -0.501128 0.192206 -2.220145 -1.818901 1.306978 -0.522870 1.896050 0.162556 0.928430 2.946011 -0.285544 10.248284 -1.116534 -0.138328 0.038762 2.939137
1 inf -7.600984 -0.504734 0.172285 -2.200535 -1.809391 1.300050 -0.552758 1.886696 0.150204 0.926636 2.915512 -0.282283 10.221915 -1.170285 -0.090706 0.048850 2.945291
1 inf -7.615831 -0.470266 0.172106 -2.256965 -1.776018 1.259776 -0.506227 1.879098 0.133226 0.931573 2.901154 -0.311848 10.202692 -1.131499 -0.050666 0.016298 2.937277
1 inf -7.607961 -0.423497 0.161210 -2.260659 -1.803046 1.267654 -0.492854 1.866990 0.136029 0.943749 2.909147 -0.321267 10.196475 -1.119668 -0.045759 0.091389 2.911176
1 inf -7.656884 -0.441558 0.169349 -2.221142 -1.785107 1.242722 -0.502156 1.836816 0.120494 0.924309 2.917635 -0.341739 10.181708 -1.081599 -0.113331 0.117013 2.897198
1 inf -7.625661 -0.416536 0.169334 -2.194491 -1.768004 1.249242 -0.528339 1.826243 0.124580 0.885992 2.934724 -0.358799 10.159983 -1.033651 -0.128370 0.138728 2.926238
1 inf -7.621473 -0.419316 0.179892 -2.187560 -1.764711 1.264739 -0.505603 1.813261 0.137112 0.937099 2.936538 -0.375238 10.176771 -1.024255 -0.159156 0.153665 2.981105
1 inf -7.614878 -0.420334 0.206708 -2.208706 -1.770669 1.259705 -0.516411 1.812623 0.092661 0.926944 2.949896 -0.382518 10.175812 -1.063857 -0.137506 0.160078 2.973646
1 inf -7.595380 -0.390807 0.178965 -2.210929 -1.794132 1.215291 -0.501985 1.797686 0.058566 0.920998 2.954957 -0.376157 10.198031 -1.070637 -0.184355 0.144879 2.984495
1 inf -7.602324 -0.375313 0.175598 -2.190415 -1.761300 1.185887 -0.481979 1.834555 0.055206 0.936931 2.976074 -0.385442 10.199434 -1.095370 -0.218013 0.136801 2.988247
1 inf -7.593208 -0.367986 0.193457 -2.196682 -1.749609 1.167345 -0.498920 1.857541 0.048656 0.918247 2.980506 -0.358940 10.211816 -1.107206 -0.201556 0.108162 3.041917
1 inf -7.589971 -0.383132 0.221373 -2.210283 -1.729745 1.160656 -0.479619 1.853932 0.038961 0.879958 2.973707 -0.389546 10.205135 -1.123139 -0.193338 0.095149 3.009707
1 inf -7.609421 -0.358930 0.225424 -2.200741 -1.706951 1.125896 -0.445534 1.841289 0.034986 0.863950 2.969059 -0.387647 10.208185 -1.147892 -0.210482 0.096293 3.013234
1 inf -7.658941 -0.331562 0.249804 -2.155434 -1.692809 1.150527 -0.470474 1.822979 0.007033 0.873974 2.977292 -0.403366 10.221092 -1.138821 -0.183052 0.093998 2.976252
1 inf -7.690601 -0.346036 0.255545 -2.127951 -1.674713 1.172972 -0.431635 1.798056 0.051444 0.895960 2.964577 -0.415517 10.233803 -1.133297 -0.161977 0.091464 2.998768
1 inf -7.708790 -0.343255 0.247423 -2.098694 -1.656776 1.161003 -0.462087 1.814074 0.063322 0.891696 2.977742 -0.450556 10.211857 -1.138024 -0.141197 0.104293 2.961188
1 inf -7.695150 -0.330119 0.255189 -2.080786 -1.624574 1.202735 -0.477959 1.811822 0.030915 0.944098 2.958280 -0.482626 10.198696 -1.119681 -0.103622 0.111959 2.953415
1 inf -7.702159 -0.304185 0.284989 -2.070616 -1.606308 1.172222 -0.484540 1.808789 0.051436 0.902915 2.962749 -0.479981 10.212505 -1.134194 -0.091646 0.117172 2.944060
1 inf -7.722594 -0.318084 0.279067 -2.032845 -1.623309 1.189476 -0.494765 1.828363 0.078918 0.891424 2.963272 -0.471555 10.247070 -1.137652 -0.099262 0.131158 2.919607
1 inf -7.731301 -0.288098 0.243394 -2.011327 -1.635185 1.192918 -0.500421 1.835315 0.086972 0.898776 2.963451 -0.492452 10.253837 -1.152737 -0.133361 0.138589 2.924141
1 inf -7.748315 -0.330857 0.252116 -1.997790 -1.623600 1.209912 -0.475572 1.849276 0.062344 0.871544 2.964982 -0.483644 10.224331 -1.170405 -0.166676 0.158271 2.941276
1 inf -7.733186 -0.343660 0.231246 -1.991943 -1.629757 1.233807 -0.468748 1.850285 0.051904 0.885188 2.986745 -0.495054 10.240214 -1.169691 -0.149605 0.157749 2.942405
1 inf -7.721793 -0.328193 0.182443 -1.972958 -1.623701 1.225337 -0.451791 1.871783 0.052120 0.913132 2.960914 -0.467119 10.277078 -1.135458 -0.167242 0.135360 2.958015
1 inf -7.697110 -0.366121 0.170484 -1.958343 -1.631617 1.189095 -0.470659 1.856107 0.053963 0.953647 2.957900 -0.448668 10.265866 -1.142739 -0.202641 0.122716 2.940940
1 inf -7.687170 -0.373102 0.188953 -1.969064 -1.614180 1.199677 -0.438799 1.859668 0.061625 0.937573 2.957070 -0.447963 10.280597 -1.136457 -0.181771 0.115403 2.924582
1 inf -7.716025 -0.372083 0.181750 -1.994363 -1.624649 1.180188 -0.455239 1.895755 0.063081 0.951180 2.961987 -0.421922 10.277695 -1.189824 -0.199496 0.124863 2.917692
1 inf -7.719201 -0.320800 0.219659 -1.974661 -1.648921 1.196692 -0.453409 1.876012 0.069708 0.949951 2.976664 -0.451042 10.237972 -1.193928 -0.195305 0.110717 2.903094
1 inf -7.686576 -0.306589 0.255394 -1.960157 -1.641768 1.185869 -0.466777 1.854091 0.102942 0.939905 2.976511 -0.481517 10.270943 -1.206260 -0.214288 0.138661 2.942399
1 inf -7.679981 -0.307607 0.282210 -1.981303 -1.647726 1.180835 -0.477585 1.853453 0.058491 0.929750 2.989869 -0.488797 10.269984 -1.245862 -0.192638 0.145074 2.934940
1 inf -7.684385 -0.291410 0.275044 -1.993321 -1.650807 1.171048 -0.499904 1.854575 0.113341 0.931660 2.969825 -0.467256 10.297549 -1.258805 -0.173312 0.123769 2.904728
1 inf -7.693174 -0.283439 0.264248 -2.012159 -1.665304 1.145797 -0.526791 1.852150 0.116240 0.927083 2.958217 -0.461882 10.289795 -1.256609 -0.189655 0.133115 2.901728
1 inf -7.668908 -0.265264 0.275605 -2.065441 -1.650152 1.129500 -0.521562 1.867434 0.115448 0.930783 2.935405 -0.476001 10.294718 -1.237503 -0.194289 0.150167 2.914634
1 inf -7.632773 -0.259167 0.253147 -2.040431 -1.634519 1.143527 -0.572176 1.834881 0.100752 0.926338 2.948986 -0.487393 10.282159 -1.222473 -0.177038 0.122361 2.900224
