1 inf -8.217480 -0.936673 -0.231060 -2.534872 -1.159914 2.101350 -0.480970 1.751295 0.146738 0.182974 2.133646 -0.116664 10.047215 -1.190741 -0.534849 0.123086 3.111981
1 inf -8.176200 -0.963989 -0.211270 -2.512803 -1.152161 2.130467 -0.473260 1.725431 0.146174 0.157987 2.150031 -0.150035 10.038880 -1.226475 -0.506140 0.132194 3.103964
1 inf -8.189338 -0.946576 -0.233296 -2.500601 -1.175779 2.130576 -0.479453 1.721265 0.168664 0.164732 2.133663 -0.163621 10.024682 -1.252560 -0.468133 0.141634 3.087505
1 inf -8.166127 -0.946439 -0.229789 -2.477303 -1.186157 2.120611 -0.451748 1.675111 0.186601 0.204268 2.172640 -0.151360 10.025582 -1.276049 -0.465599 0.134753 3.105516
1 inf -8.166868 -0.913674 -0.228184 -2.467425 -1.133145 2.094071 -0.443138 1.671943 0.195587 0.238003 2.164443 -0.132578 10.021489 -1.294172 -0.466316 0.133075 3.065951
1 inf -8.170071 -0.907843 -0.245085 -2.490895 -1.158854 2.064695 -0.460314 1.709601 0.190759 0.234974 2.129235 -0.159588 9.990906 -1.258718 -0.422280 0.126562 3.088700
1 inf -8.203830 -0.902294 -0.259324 -2.486041 -1.107372 2.074883 -0.482385 1.700853 0.196211 0.199980 2.141786 -0.169223 9.972506 -1.252558 -0.416802 0.132807 3.101235
1 inf -8.211525 -0.911364 -0.272686 -2.488499 -1.105401 2.066636 -0.481066 1.690751 0.180258 0.247900 2.176762 -0.171541 9.969925 -1.245327 -0.389859 0.119785 3.093679
1 inf -8.198316 -0.891509 -0.277087 -2.480465 -1.079929 2.089697 -0.472033 1.711159 0.215516 0.231359 2.178090 -0.152686 9.954812 -1.218426 -0.383935 0.131030 3.121406
1 inf -8.224547 -0.917678 -0.224067 -2.466878 -1.081234 2.085054 -0.477462 1.733006 0.231601 0.228131 2.189575 -0.158607 9.978918 -1.252363 -0.404618 0.126265 3.109983
1 inf -8.237786 -0.885974 -0.246767 -2.462259 -1.077333 2.073023 -0.501599 1.703605 0.203281 0.228759 2.211201 -0.224308 9.981675 -1.287163 -0.381656 0.142800 3.090104
1 inf -8.234057 -0.901477 -0.263715 -2.461972 -1.063265 2.074948 -0.502430 1.726178 0.201588 0.214660 2.175485 -0.194549 10.024971 -1.283656 -0.358244 0.157917 3.094061
1 inf -8.216576 -0.876578 -0.296822 -2.484128 -1.071563 2.063386 -0.488840 1.732396 0.197971 0.219197 2.175768 -0.216329 10.034993 -1.267006 -0.371501 0.159001 3.111614
1 inf -8.230245 -0.865677 -0.297466 -2.469965 -1.080305 2.075021 -0.464730 1.706208 0.204946 0.218885 2.151184 -0.258951 10.057949 -1.247685 -0.373431 0.156853 3.092898
1 inf -8.241389 -0.845629 -0.309655 -2.455221 -1.088968 2.056157 -0.464506 1.703032 0.195142 0.203409 2.132441 -0.252275 10.091046 -1.213301 -0.364597 0.159307 3.067906
1 inf -8.251171 -0.836258 -0.311995 -2.476589 -1.084125 2.063064 -0.493937 1.677812 0.173667 0.170560 2.133351 -0.265423 10.108610 -1.234204 -0.359517 0.217056 3.074194
1 inf -8.218691 -0.809544 -0.336991 -2.434115 -1.088048 2.073421 -0.502675 1.643899 0.219506 0.157224 2.126525 -0.272128 10.089546 -1.219879 -0.353163 0.232436 3.070680
1 inf -8.196477 -0.786241 -0.331016 -2.434440 -1.054872 2.066008 -0.496113 1.629321 0.243954 0.142986 2.150185 -0.258164 10.095670 -1.163438 -0.328777 0.205006 3.055506
1 inf -8.187679 -0.798727 -0.301200 -2.418358 -1.045850 2.060266 -0.511406 1.613342 0.242868 0.140516 2.146655 -0.287935 10.090435 -1.135116 -0.296447 0.196622 3.067424
1 inf -8.188322 -0.764096 -0.306698 -2.410479 -1.035713 2.045066 -0.487368 1.600663 0.246154 0.151381 2.175770 -0.253147 10.092372 -1.145906 -0.327600 0.166897 3.045547
1 inf -8.204855 -0.749942 -0.299829 -2.458911 -1.056911 2.000775 -0.521738 1.620874 0.220296 0.124316 2.155247 -0.252542 10.043036 -1.148673 -0.289733 0.152971 3.038125
1 inf -8.167275 -0.789829 -0.301976 -2.424345 -1.075996 1.992694 -0.535101 1.601233 0.198124 0.110628 2.150768 -0.279461 10.078137 -1.162594 -0.306800 0.150676 3.049738
1 inf -8.180230 -0.819066 -0.261633 -2.410595 -1.087771 2.017740 -0.536575 1.606064 0.164847 0.100900 2.124529 -0.280451 10.096216 -1.150804 -0.292204 0.144424 3.047595
1 inf -8.205220 -0.834867 -0.286647 -2.422401 -1.092022 1.981600 -0.541821 1.595878 0.167966 0.110153 2.140200 -0.288950 10.093597 -1.202097 -0.282964 0.156533 3.067417
1 inf -8.208747 -0.829689 -0.282606 -2.430257 -1.052256 1.969098 -0.558282 1.560478 0.163283 0.118855 2.100239 -0.279333 10.089822 -1.207952 -0.262230 0.113064 3.097260
1 inf -8.191317 -0.840219 -0.263025 -2.434480 -1.049622 1.945223 -0.540935 1.569597 0.132934 0.116684 2.088523 -0.278628 10.082957 -1.229736 -0.258056 0.128456 3.121142
1 inf -8.189328 -0.850964 -0.291088 -2.434698 -1.034571 1.949163 -0.520766 1.560906 0.121038 0.121439 2.097708 -0.274123 10.108901 -1.244010 -0.217909 0.092644 3.144753
1 inf -8.229097 -0.866072 -0.318605 -2.461959 -1.027658 1.979769 -0.531334 1.522599 0.144499 0.143087 2.126821 -0.250962 10.158898 -1.250520 -0.248383 0.060433 3.160014
1 inf -8.238334 -0.864597 -0.345250 -2.490323 -1.032494 1.969067 -0.507115 1.552086 0.168005 0.156148 2.126404 -0.198434 10.135638 -1.292985 -0.250572 0.068403 3.192449
1 inf -8.281378 -0.904583 -0.333856 -2.443069 -1.034785 1.993192 -0.524516 1.568659 0.179052 0.125076 2.150323 -0.235082 10.151281 -1.258736 -0.281666 0.060743 3.208193
1 inf -8.262134 -0.896883 -0.332707 -2.405640 -1.011695 2.006401 -0.520489 1.577385 0.152811 0.104275 2.154160 -0.225423 10.150644 -1.248690 -0.269470 0.057873 3.202191
1 inf -8.273018 -0.902778 -0.348015 -2.400063 -1.006698 2.046811 -0.480693 1.549275 0.149376 0.106769 2.124807 -0.198100 10.130410 -1.210093 -0.273382 0.044429 3.187595
1 inf -8.267446 -0.883679 -0.338435 -2.438181 -1.017940 2.028129 -0.504730 1.536700 0.164311 0.118651 2.131024 -0.222177 10.175798 -1.192232 -0.314375 0.029297 3.186707
1 inf -8.285319 -0.864574 -0.333025 -2.417372 -1.012478 2.013215 -0.543268 1.514767 0.137820 0.142489 2.134633 -0.182209 10.157274 -1.201125 -0.343395 0.016423 3.191574
1 inf -8.286604 -0.862626 -0.358094 -2.441387 -1.028725 2.027996 -0.543905 1.526271 0.140346 0.126966 2.113423 -0.223931 10.131277 -1.187095 -0.336053 -0.001618 3.194637
1 inf -8.302795 -0.886917 -0.381718 -2.504441 -1.031927 2.037017 -0.538492 1.535994 0.113315 0.117817 2.119754 -0.207409 10.110208 -1.208479 -0.332713 0.026737 3.191674
1 inf -8.319249 -0.858082 -0.348256 -2.493011 -1.075472 2.039166 -0.530534 1.522847 0.134601 0.142501 2.143335 -0.187885 10.107471 -1.199632 -0.320393 0.013543 3.193992
1 inf -8.331409 -0.810683 -0.360198 -2.458593 -1.100641 2.056523 -0.504093 1.525789 0.142443 0.150855 2.152198 -0.166886 10.100912 -1.199132 -0.298273 -0.028680 3.186120
1 inf -8.333855 -0.815215 -0.339014 -2.504019 -1.087171 2.052282 -0.533652 1.529578 0.108654 0.179730 2.111308 -0.157563 10.107756 -1.211814 -0.275907 -0.033639 3.185073
1 inf -8.307715 -0.802993 -0.319609 -2.487684 -1.071350 2.046360 -0.516609 1.500464 0.099030 0.156901 2.085640 -0.144116 10.107252 -1.238770 -0.269568 -0.014247 3.183719
1 inf -8.315506 -0.764591 -0.321679 -2.453165 -1.065405 2.049222 -0.522167 1.518225 0.124595 0.156494 2.100539 -0.155672 10.101662 -1.237179 -0.264098 -0.029379 3.170500
1 inf -8.303323 -0.764314 -0.322943 -2.446217 -1.091427 2.063731 -0.544326 1.496839 0.144625 0.188139 2.127580 -0.154781 10.074850 -1.263532 -0.258824 -0.058900 3.163105
1 inf -8.265743 -0.804201 -0.325090 -2.411651 -1.110512 2.055650 -0.557689 1.477198 0.122453 0.174451 2.123101 -0.181700 10.109951 -1.277453 -0.275891 -0.061195 3.174718
1 inf -8.264506 -0.800057 -0.372683 -2.469251 -1.087758 2.049293 -0.568703 1.504285 0.127320 0.148849 2.095599 -0.157267 10.113992 -1.275180 -0.297142 -0.080926 3.223151
1 inf -8.278810 -0.807626 -0.388763 -2.430725 -1.070797 2.043761 -0.609966 1.517222 0.096717 0.164757 2.091934 -0.184964 10.135578 -1.275200 -0.334623 -0.108595 3.212961
1 inf -8.283322 -0.812708 -0.402888 -2.442998 -1.054652 2.068176 -0.648079 1.519376 0.099871 0.169855 2.098750 -0.172853 10.135469 -1.305428 -0.312553 -0.107460 3.212830
1 inf -8.278820 -0.789202 -0.400437 -2.440583 -1.026588 2.081934 -0.642630 1.533320 0.088896 0.191404 2.099855 -0.161192 10.136664 -1.298403 -0.366342 -0.093300 3.232779
1 inf -8.294650 -0.778334 -0.425764 -2.444131 -1.094639 2.102223 -0.652107 1.556552 0.041029 0.249277 2.071259 -0.208185 10.114303 -1.315660 -0.366001 -0.079044 3.206339
1 inf -8.277587 -0.788508 -0.447781 -2.422845 -1.080684 2.108314 -0.637368 1.557628 0.025465 0.224257 2.058886 -0.156689 10.102112 -1.318034 -0.408001 -0.065087 3.208669
1 inf -8.316358 -0.769195 -0.484914 -2.390073 -1.079576 2.149227 -0.613826 1.567024 0.027025 0.264095 2.089564 -0.161807 10.094016 -1.281029 -0.416200 -0.072011 3.169953
1 inf -8.349740 -0.794006 -0.511392 -2.413361 -1.052316 2.193037 -0.619695 1.582407 0.012769 0.230933 2.111880 -0.117562 10.094708 -1.305902 -0.426646 -0.053892 3.186775
1 inf -8.363600 -0.799870 -0.517242 -2.404124 -1.042956 2.168638 -0.613858 1.563479 0.068257 0.241503 2.148258 -0.116969 10.078970 -1.317446 -0.438299 -0.046826 3.187924
1 inf -8.314848 -0.795896 -0.468085 -2.405510 -1.074705 2.174683 -0.625598 1.559399 0.083966 0.237727 2.143515 -0.083888 10.081478 -1.323042 -0.438868 -0.054291 3.205849
1 inf -8.284614 -0.795237 -0.460754 -2.394042 -1.077420 2.165386 -0.645121 1.552689 0.097390 0.243252 2.135276 -0.070057 10.092055 -1.330330 -0.425978 -0.026518 3.196882
1 inf -8.274715 -0.803039 -0.475166 -2.373008 -1.055090 2.173160 -0.597652 1.558967 0.075819 0.220595 2.137090 -0.093433 10.074542 -1.338235 -0.430442 -0.012510 3.178662
1 inf -8.287817 -0.799395 -0.442111 -2.385839 -1.053545 2.181139 -0.572001 1.548285 0.072194 0.208186 2.133590 -0.092031 10.074606 -1.340845 -0.445681 -0.014964 3.179161
1 inf -8.317457 -0.802621 -0.421757 -2.397630 -1.046740 2.210938 -0.584486 1.593091 0.115212 0.212086 2.130464 -0.107151 10.077319 -1.354924 -0.462514 0.001874 3.187192
1 inf -8.347006 -0.808238 -0.416940 -2.382032 -1.017215 2.242169 -0.561181 1.607545 0.092727 0.206088 2.117494 -0.097641 10.068345 -1.332590 -0.443268 0.010618 3.205569
1 inf -8.337025 -0.808152 -0.407757 -2.419124 -1.023865 2.251250 -0.554482 1.595595 0.093961 0.210810 2.113170 -0.091600 10.031173 -1.326753 -0.444353 -0.002993 3.178170
1 inf -8.309795 -0.839182 -0.387911 -2.417795 -1.007732 2.277300 -0.550479 1.584085 0.088749 0.161048 2.105915 -0.053664 10.052295 -1.329905 -0.418041 0.022330 3.160154
1 inf -8.330874 -0.829551 -0.393177 -2.423792 -1.013274 2.302816 -0.565312 1.574622 0.095820 0.178706 2.112633 -0.033420 10.093404 -1.340042 -0.449368 0.018083 3.176258
1 inf -8.309106 -0.844545 -0.405920 -2.415880 -1.017353 2.349896 -0.556693 1.557162 0.090008 0.167110 2.079487 -0.023486 10.081650 -1.305679 -0.478511 -0.003024 3.161479
1 inf -8.328870 -0.794658 -0.372299 -2.390613 -1.006556 2.358411 -0.555814 1.576471 0.107770 0.138826 2.078438 -0.004982 10.070151 -1.326147 -0.489577 0.018295 3.188929
1 inf -8.291290 -0.834545 -0.374446 -2.356047 -1.025641 2.350330 -0.569177 1.556830 0.085598 0.125138 2.073959 -0.031901 10.105252 -1.340068 -0.506644 0.016000 3.200542
1 inf -8.284400 -0.865307 -0.368016 -2.353729 -1.027025 2.347076 -0.559403 1.549634 0.087742 0.101683 2.089817 -0.052361 10.142650 -1.357427 -0.510266 0.008361 3.188600
1 inf -8.286529 -0.840732 -0.337143 -2.330336 -1.035742 2.324216 -0.563177 1.544930 0.049210 0.078164 2.061719 -0.073114 10.138760 -1.400601 -0.508959 0.010389 3.194563
1 inf -8.277993 -0.867995 -0.320975 -2.321710 -1.061994 2.328929 -0.520618 1.575081 0.069640 0.069799 2.080503 -0.087306 10.148724 -1.412143 -0.472100 0.004246 3.199118
1 inf -8.253030 -0.875376 -0.296820 -2.344784 -1.072736 2.335643 -0.554554 1.583948 0.076741 0.071079 2.071056 -0.061804 10.127068 -1.431200 -0.446620 -0.001244 3.220724
1 inf -8.278262 -0.855726 -0.306738 -2.343129 -1.059424 2.327509 -0.593176 1.592745 0.074558 0.088583 2.053832 -0.064326 10.143238 -1.421545 -0.453207 -0.048455 3.207839
1 inf -8.272735 -0.847698 -0.306808 -2.338508 -1.088018 2.318885 -0.579150 1.553401 0.086667 0.074632 2.068373 -0.097507 10.156710 -1.438062 -0.410953 -0.010866 3.222816
1 inf -8.260540 -0.866077 -0.331598 -2.318005 -1.081420 2.311730 -0.592590 1.562341 0.082475 0.090054 2.064376 -0.122978 10.152786 -1.439713 -0.393627 0.021211 3.220841
1 inf -8.272217 -0.852469 -0.321805 -2.330976 -1.099887 2.265215 -0.586428 1.562682 0.038339 0.117146 2.079971 -0.109592 10.154518 -1.438635 -0.353062 0.037322 3.188714
1 inf -8.277490 -0.842149 -0.322275 -2.364994 -1.119678 2.276615 -0.597074 1.567724 0.039297 0.080587 2.082936 -0.148837 10.156134 -1.443510 -0.343305 0.066866 3.200446
1 inf -8.233964 -0.831343 -0.303664 -2.386726 -1.077005 2.260878 -0.600132 1.575932 0.025018 0.095299 2.097571 -0.169288 10.153049 -1.457871 -0.334812 0.058916 3.186604
1 inf -8.204744 -0.880022 -0.310835 -2.392175 -1.055950 2.208962 -0.594295 1.574524 0.027152 0.082397 2.077475 -0.159218 10.136447 -1.476601 -0.346977 0.033222 3.187988
1 inf -8.221160 -0.876405 -0.311958 -2.364701 -1.071101 2.169170 -0.609273 1.565174 0.047657 0.077660 2.060220 -0.146481 10.139307 -1.493452 -0.384526 0.061466 3.182531
1 inf -8.198473 -0.885685 -0.266062 -2.371153 -1.123758 2.166392 -0.612483 1.575546 0.038257 0.098367 2.032227 -0.155500 10.113936 -1.470545 -0.377823 0.087919 3.187599
1 inf -8.159672 -0.897099 -0.279035 -2.385902 -1.074331 2.154569 -0.606407 1.561680 0.078251 0.100833 2.024852 -0.143076 10.104035 -1.505378 -0.414963 0.072931 3.195173
1 inf -8.174542 -0.871094 -0.230374 -2.442094 -1.108192 2.142049 -0.566312 1.542907 0.062164 0.098195 1.980862 -0.195231 10.121229 -1.533841 -0.457480 0.088303 3.224870
1 inf -8.164892 -0.839023 -0.229313 -2.425542 -1.095920 2.146611 -0.537788 1.529936 0.032919 0.133905 1.993561 -0.186773 10.141340 -1.534362 -0.475942 0.081970 3.198122
1 inf -8.124995 -0.853547 -0.230008 -2.428433 -1.115862 2.169744 -0.527273 1.582315 0.037543 0.150537 1.960410 -0.182157 10.165653 -1.548318 -0.501275 0.051786 3.206163
1 inf -8.125631 -0.872349 -0.221560 -2.405623 -1.130476 2.152684 -0.523937 1.580697 0.016602 0.119932 1.938782 -0.200018 10.138083 -1.534770 -0.500276 0.081870 3.208297
1 inf -8.135006 -0.912138 -0.220570 -2.415506 -1.117011 2.185215 -0.513496 1.578791 0.050928 0.123484 1.953613 -0.165708 10.144586 -1.559252 -0.500814 0.063208 3.234100
1 inf -8.149333 -0.924479 -0.248326 -2.396874 -1.094815 2.188857 -0.542888 1.579690 0.063053 0.138700 1.932301 -0.137871 10.122711 -1.556425 -0.518244 0.091574 3.237893
1 inf -8.111753 -0.964366 -0.250473 -2.362308 -1.113900 2.180776 -0.556251 1.560049 0.040881 0.125012 1.927822 -0.164790 10.157812 -1.570346 -0.535311 0.089279 3.249506
1 inf -8.086516 -0.972337 -0.259305 -2.366640 -1.136124 2.168867 -0.568433 1.533877 0.068119 0.102429 1.972453 -0.181901 10.201428 -1.574313 -0.521868 0.058795 3.222827
1 inf -8.061001 -0.953801 -0.298047 -2.360948 -1.134469 2.163529 -0.562738 1.515347 0.077869 0.122991 1.953828 -0.179601 10.198259 -1.554225 -0.530459 0.083961 3.223777
1 inf -8.049318 -0.964496 -0.283788 -2.366190 -1.120597 2.153320 -0.601906 1.520479 0.096227 0.143268 1.989854 -0.203525 10.212628 -1.534110 -0.520411 0.079746 3.192732
1 inf -8.083722 -0.950302 -0.251430 -2.377268 -1.074270 2.167773 -0.628799 1.520815 0.070732 0.156550 1.982290 -0.163196 10.187356 -1.550523 -0.474287 0.083100 3.208949
1 inf -8.081667 -0.943315 -0.276703 -2.379459 -1.104816 2.180199 -0.615058 1.554890 0.069502 0.145344 1.973853 -0.123140 10.179008 -1.526525 -0.495505 0.094407 3.175628
1 inf -8.037073 -0.945182 -0.263452 -2.414584 -1.157863 2.200791 -0.591862 1.548962 0.079201 0.122730 2.011640 -0.158718 10.215823 -1.596719 -0.488096 0.092780 3.197844
1 inf -8.039279 -0.900027 -0.239359 -2.357831 -1.144644 2.214593 -0.572286 1.536380 0.039293 0.115632 2.004632 -0.180229 10.169492 -1.607030 -0.521018 0.093294 3.169953
1 inf -8.044646 -0.897221 -0.246687 -2.351717 -1.145559 2.270488 -0.548636 1.552263 0.081910 0.104229 1.993516 -0.196731 10.178801 -1.614284 -0.508150 0.096723 3.151779
1 inf -8.054024 -0.860603 -0.270996 -2.327822 -1.158246 2.281740 -0.528978 1.551841 0.114029 0.062933 1.978133 -0.199593 10.165456 -1.618892 -0.476788 0.092724 3.118471
1 inf -8.039113 -0.872455 -0.277984 -2.329107 -1.166414 2.268486 -0.514210 1.590483 0.114448 0.081997 1.976385 -0.200633 10.174805 -1.600026 -0.466546 0.081540 3.140713
1 inf -8.044592 -0.905745 -0.259079 -2.361280 -1.171095 2.277413 -0.540906 1.596871 0.109797 0.089370 1.992726 -0.170153 10.170869 -1.625254 -0.455909 0.100291 3.139798
1 inf -8.030673 -0.935507 -0.236569 -2.383431 -1.166879 2.286777 -0.514518 1.617769 0.110503 0.089559 2.006727 -0.182685 10.194429 -1.623957 -0.447611 0.138252 3.126309
1 inf -8.072438 -0.934356 -0.279417 -2.349367 -1.183439 2.268423 -0.539454 1.608918 0.122889 0.087588 2.033505 -0.207952 10.213024 -1.637669 -0.445544 0.163316 3.105183
1 inf -8.067922 -0.945676 -0.292984 -2.389907 -1.173456 2.246596 -0.528177 1.622496 0.165358 0.066518 2.037274 -0.186534 10.206627 -1.623558 -0.490805 0.178361 3.077834
1 inf -8.063287 -0.966369 -0.272295 -2.403271 -1.154249 2.255979 -0.547447 1.611804 0.156605 0.041919 2.005540 -0.184784 10.215972 -1.672624 -0.466003 0.161131 3.079772
1 inf -8.054231 -0.963920 -0.272435 -2.445903 -1.169333 2.230442 -0.540618 1.595378 0.148919 0.033605 2.013722 -0.190724 10.249976 -1.655474 -0.467003 0.147149 3.092205
1 inf -8.101020 -0.969233 -0.241586 -2.448249 -1.189938 2.263107 -0.542010 1.620177 0.147570 0.039630 2.052684 -0.228568 10.246849 -1.688930 -0.491049 0.160982 3.038986
1 inf -8.110794 -0.972062 -0.228978 -2.414087 -1.201717 2.272932 -0.539169 1.606111 0.115419 0.067015 2.053103 -0.247436 10.278492 -1.661630 -0.467963 0.172260 3.033948
1 inf -8.132238 -0.972842 -0.229079 -2.396271 -1.199569 2.290016 -0.554418 1.605829 0.083253 0.053612 2.050766 -0.251785 10.280869 -1.662646 -0.457348 0.172011 3.017273
1 inf -8.094658 -0.974989 -0.194513 -2.415356 -1.207650 2.276653 -0.574059 1.583657 0.069565 0.049133 2.023847 -0.216684 10.266948 -1.679713 -0.459643 0.183624 3.024682
1 inf -8.054481 -0.968085 -0.190308 -2.420648 -1.228726 2.326660 -0.605714 1.600593 0.046719 0.045491 2.004160 -0.227910 10.258637 -1.670135 -0.433948 0.206356 3.045199
1 inf -8.051626 -0.939354 -0.204863 -2.427035 -1.200715 2.338409 -0.607661 1.613200 0.054856 0.042243 2.027169 -0.210365 10.256217 -1.645174 -0.398998 0.167185 3.060439
1 inf -8.050622 -0.947786 -0.202044 -2.383967 -1.152664 2.345492 -0.621270 1.631855 0.044286 0.030804 1.985023 -0.187333 10.258368 -1.646415 -0.418331 0.171609 3.033928
1 inf -8.042937 -0.948983 -0.170573 -2.359612 -1.123584 2.339510 -0.610216 1.643235 0.015773 0.058758 2.006785 -0.185957 10.261841 -1.631974 -0.398915 0.224008 3.037672
1 inf -8.014575 -0.959249 -0.191862 -2.353142 -1.126760 2.368202 -0.603883 1.611245 -0.000928 0.061989 1.989397 -0.165329 10.234391 -1.612645 -0.414998 0.216527 3.030485
1 inf -7.978893 -0.986657 -0.184294 -2.335094 -1.131000 2.362018 -0.636039 1.641197 -0.004445 0.073674 1.998977 -0.173239 10.205432 -1.641200 -0.442488 0.196099 3.029183
1 inf -7.986426 -0.994122 -0.167346 -2.345705 -1.159380 2.341694 -0.646927 1.641168 -0.012001 0.050888 1.978891 -0.203395 10.175625 -1.644273 -0.452438 0.185646 3.032968
1 inf -7.955523 -0.984797 -0.195715 -2.385717 -1.187113 2.334032 -0.660382 1.617074 -0.023815 0.022973 1.954514 -0.181797 10.168493 -1.655035 -0.457305 0.181485 3.028734
1 inf -7.966217 -0.982135 -0.200907 -2.359061 -1.172606 2.326838 -0.666374 1.581320 -0.040797 0.031873 1.949579 -0.177131 10.196637 -1.665204 -0.459893 0.160007 3.013108
1 inf -7.937212 -0.975433 -0.193611 -2.340097 -1.163405 2.325547 -0.680635 1.543498 -0.063114 0.058403 1.965296 -0.153146 10.189460 -1.680075 -0.450408 0.156974 3.008386
1 inf -7.923078 -0.963814 -0.178199 -2.328282 -1.161295 2.328253 -0.670786 1.541506 -0.079072 0.035043 1.917655 -0.165670 10.223612 -1.659641 -0.423945 0.159974 3.006940
1 inf -7.897069 -0.971528 -0.212062 -2.329274 -1.142237 2.339790 -0.651948 1.581519 -0.096601 0.069273 1.894676 -0.202458 10.220769 -1.654110 -0.384060 0.162918 3.004117
1 inf -7.859489 -0.973675 -0.177496 -2.348359 -1.150318 2.326427 -0.671589 1.559347 -0.110289 0.064794 1.867757 -0.167357 10.206848 -1.671177 -0.386355 0.174531 3.011526
1 inf -7.859561 -0.961333 -0.163748 -2.336641 -1.168418 2.324930 -0.669682 1.527452 -0.125858 0.067016 1.892939 -0.166586 10.220778 -1.670695 -0.354468 0.130389 3.011337
1 inf -7.824643 -0.943216 -0.194681 -2.343397 -1.195158 2.319044 -0.690586 1.523584 -0.111221 0.067575 1.867216 -0.196890 10.236597 -1.645472 -0.349213 0.151134 3.012680
1 inf -7.832713 -0.954448 -0.173686 -2.350831 -1.216281 2.327290 -0.670930 1.510150 -0.118097 0.052393 1.874561 -0.186971 10.255919 -1.641665 -0.352143 0.135383 3.017309
1 inf -7.842136 -0.974687 -0.169927 -2.378926 -1.186865 2.340107 -0.704128 1.519466 -0.111788 0.057617 1.867752 -0.210739 10.292809 -1.695363 -0.391879 0.142350 3.060789
1 inf -7.862691 -0.965048 -0.150464 -2.367648 -1.166082 2.349030 -0.717247 1.533187 -0.077531 0.036356 1.876309 -0.192227 10.326513 -1.712681 -0.381540 0.161752 3.025821
1 inf -7.844952 -0.949276 -0.142728 -2.342813 -1.172710 2.361903 -0.711496 1.518939 -0.052215 0.046657 1.866518 -0.138484 10.326657 -1.734955 -0.397260 0.168210 3.024677
1 inf -7.833110 -0.924430 -0.208833 -2.364021 -1.183546 2.359788 -0.682102 1.519896 -0.041764 0.037816 1.871492 -0.142346 10.338629 -1.706462 -0.371793 0.167452 3.025966
1 inf -7.827954 -0.912171 -0.224904 -2.371389 -1.175447 2.335407 -0.700514 1.536572 -0.062236 0.024412 1.888851 -0.155652 10.332972 -1.690184 -0.377609 0.132872 3.014591
1 inf -7.845194 -0.923544 -0.227319 -2.391888 -1.197081 2.339035 -0.710132 1.508598 -0.064220 -0.017529 1.841026 -0.139869 10.345636 -1.659719 -0.349262 0.131671 3.015116
1 inf -7.873784 -0.930805 -0.248522 -2.380559 -1.190856 2.380753 -0.716588 1.534569 -0.084456 -0.017022 1.870054 -0.169186 10.362888 -1.638149 -0.367678 0.105723 2.994739
1 inf -7.875650 -0.928919 -0.238570 -2.364255 -1.203863 2.415395 -0.717032 1.549705 -0.092645 0.006015 1.868515 -0.138889 10.369617 -1.649014 -0.385994 0.093633 2.960694
1 inf -7.847758 -0.885280 -0.227348 -2.374600 -1.233224 2.445724 -0.726967 1.527975 -0.094614 0.021758 1.855535 -0.145441 10.346820 -1.652684 -0.378664 0.134065 2.963699
1 inf -7.857927 -0.895206 -0.214256 -2.366170 -1.241180 2.377442 -0.741588 1.547064 -0.140999 0.013706 1.849737 -0.159602 10.373898 -1.662122 -0.371400 0.129449 3.010132
1 inf -7.862141 -0.872281 -0.223407 -2.376021 -1.247376 2.376662 -0.724028 1.537855 -0.120841 0.042985 1.852568 -0.116936 10.400882 -1.671423 -0.366925 0.108997 2.997301
1 inf -7.846798 -0.841895 -0.209824 -2.367310 -1.287441 2.325572 -0.755858 1.520034 -0.085144 0.039952 1.866203 -0.097504 10.388057 -1.692455 -0.367687 0.112775 2.939941
1 inf -7.820602 -0.858138 -0.237306 -2.355113 -1.299649 2.360445 -0.767513 1.488302 -0.086634 0.061880 1.862587 -0.128116 10.438800 -1.679283 -0.358408 0.097033 2.953445
1 inf -7.840055 -0.854662 -0.240182 -2.386017 -1.284661 2.331760 -0.769435 1.504676 -0.082953 0.031958 1.856850 -0.138851 10.418743 -1.695465 -0.352302 0.099698 2.980983
1 inf -7.872914 -0.845785 -0.226942 -2.389007 -1.256314 2.287123 -0.755377 1.492150 -0.055090 0.031869 1.868535 -0.149649 10.392507 -1.690498 -0.371486 0.126083 2.968557
1 inf -7.859442 -0.790954 -0.228297 -2.345871 -1.226057 2.273672 -0.783812 1.481456 -0.053113 0.000490 1.880332 -0.164299 10.431945 -1.657866 -0.409709 0.172807 2.969617
1 inf -7.821862 -0.830841 -0.230444 -2.311305 -1.245142 2.265591 -0.797175 1.461815 -0.075285 -0.013198 1.875853 -0.191218 10.467046 -1.671787 -0.426776 0.170512 2.981230
1 inf -7.847999 -0.860477 -0.245912 -2.321517 -1.247889 2.276127 -0.776211 1.482337 -0.090097 -0.014696 1.871822 -0.187308 10.493971 -1.647244 -0.424780 0.126810 3.006474
1 inf -7.883720 -0.859975 -0.238964 -2.324915 -1.247726 2.273185 -0.777384 1.445976 -0.099977 -0.009886 1.869053 -0.193569 10.501233 -1.681007 -0.408359 0.128254 3.024761
1 inf -7.894398 -0.854867 -0.264146 -2.287213 -1.267537 2.272472 -0.758324 1.427717 -0.090594 -0.048365 1.840426 -0.171845 10.489299 -1.682870 -0.368434 0.116851 3.065599
1 inf -7.936118 -0.823530 -0.276229 -2.285175 -1.246696 2.261849 -0.733944 1.439048 -0.106276 -0.026470 1.822697 -0.205871 10.500239 -1.671434 -0.397119 0.097482 3.066238
1 inf -7.937904 -0.824117 -0.274844 -2.260543 -1.253769 2.276674 -0.744918 1.445342 -0.134498 -0.061036 1.840068 -0.195853 10.515340 -1.662730 -0.403608 0.109576 3.102489
1 inf -7.957501 -0.844811 -0.259676 -2.277604 -1.262697 2.303314 -0.736778 1.482013 -0.113419 -0.067417 1.842325 -0.207765 10.531149 -1.675518 -0.392774 0.114885 3.094951
1 inf -7.955595 -0.866632 -0.296519 -2.283194 -1.242622 2.313224 -0.720236 1.471074 -0.106050 -0.092076 1.856317 -0.209476 10.540368 -1.698765 -0.408525 0.110764 3.108897
1 inf -7.953006 -0.854944 -0.277421 -2.309541 -1.232604 2.323571 -0.767472 1.462950 -0.096597 -0.073948 1.851438 -0.191328 10.531483 -1.683507 -0.409022 0.123099 3.127520
1 inf -7.976569 -0.853285 -0.268712 -2.324680 -1.208000 2.330059 -0.747583 1.442552 -0.105444 -0.075757 1.817212 -0.217516 10.515836 -1.719711 -0.395757 0.144812 3.113982
1 inf -7.977537 -0.846106 -0.294237 -2.331042 -1.187185 2.343583 -0.759930 1.380002 -0.087734 -0.095181 1.792764 -0.207510 10.544161 -1.757054 -0.392022 0.132849 3.120786
1 inf -7.999077 -0.860595 -0.263129 -2.374894 -1.169453 2.359299 -0.777104 1.374958 -0.066767 -0.077211 1.781787 -0.227660 10.553620 -1.745504 -0.392062 0.079518 3.150289
1 inf -7.972036 -0.857513 -0.253747 -2.369844 -1.139372 2.307985 -0.803875 1.379139 -0.106905 -0.057058 1.738870 -0.234944 10.544769 -1.750697 -0.390067 0.092123 3.140860
1 inf -7.985802 -0.860455 -0.270415 -2.354510 -1.118487 2.326301 -0.800731 1.389761 -0.111814 -0.023072 1.730350 -0.203723 10.553611 -1.748901 -0.385675 0.058259 3.149342
1 inf -7.981989 -0.866636 -0.244601 -2.337242 -1.090707 2.336663 -0.824159 1.377026 -0.044614 -0.042747 1.711302 -0.182756 10.577883 -1.750743 -0.386812 0.062184 3.158048
1 inf -7.956949 -0.886577 -0.234083 -2.328112 -1.069148 2.373592 -0.829834 1.413602 -0.073599 -0.057847 1.698417 -0.197755 10.571235 -1.755523 -0.398294 0.028682 3.128182
1 inf -7.963000 -0.858470 -0.244319 -2.303062 -1.064695 2.400848 -0.828423 1.428023 -0.072280 -0.028919 1.648774 -0.221270 10.554606 -1.722175 -0.424753 0.022486 3.132944
1 inf -7.993379 -0.823870 -0.275181 -2.306826 -1.079340 2.426681 -0.812819 1.444618 -0.031305 -0.029913 1.654738 -0.183949 10.555553 -1.699112 -0.434057 -0.002726 3.119764
1 inf -7.997204 -0.803857 -0.257871 -2.289042 -1.096407 2.449014 -0.776741 1.429614 -0.054387 -0.055084 1.651027 -0.171920 10.561685 -1.724115 -0.436685 -0.007795 3.112792
1 inf -7.981599 -0.819763 -0.231145 -2.298813 -1.078283 2.451219 -0.805066 1.411213 -0.040305 -0.033467 1.620792 -0.143439 10.551196 -1.727427 -0.420906 -0.013078 3.124257
1 inf -7.944019 -0.859650 -0.233292 -2.264247 -1.097368 2.443138 -0.818429 1.391572 -0.062477 -0.047155 1.616313 -0.170358 10.586297 -1.741348 -0.437973 -0.015373 3.135870
1 inf -7.934658 -0.876057 -0.240840 -2.256386 -1.086742 2.428176 -0.803586 1.403345 -0.071629 -0.033791 1.612817 -0.134561 10.586447 -1.747265 -0.440100 -0.043952 3.129794
1 inf -7.952379 -0.864792 -0.233874 -2.273473 -1.065784 2.452977 -0.860306 1.398646 -0.061387 -0.006930 1.605713 -0.135707 10.574752 -1.785720 -0.450114 -0.059002 3.129291
1 inf -7.959951 -0.851345 -0.223830 -2.262857 -1.073093 2.419049 -0.869162 1.425251 -0.079953 -0.011810 1.587794 -0.138487 10.597083 -1.741579 -0.456143 -0.064225 3.150017
1 inf -7.987453 -0.823545 -0.227609 -2.277475 -1.111193 2.438494 -0.859071 1.426002 -0.086139 0.015505 1.617005 -0.138241 10.597918 -1.721149 -0.439122 -0.083039 3.183238
