1 165.50862 -8.641103 -0.940669 -0.236551 -2.247367 -1.433839 3.405485 0.185356 2.554752 0.144614 0.582145 2.325112 0.162485 10.450772 -0.691613 -0.314402 0.190169 3.671157
1 163.57531 -8.622704 -0.955182 -0.242542 -2.288574 -1.439713 3.430810 0.204211 2.552382 0.141939 0.552230 2.317060 0.182621 10.433500 -0.700104 -0.318183 0.219848 3.654471
1 138.53301 -8.639884 -0.946869 -0.243781 -2.332420 -1.444064 3.448516 0.234432 2.580076 0.140210 0.552059 2.353446 0.189633 10.431719 -0.669190 -0.305962 0.237850 3.675946
1 138.53301 -8.639884 -0.946869 -0.243781 -2.332420 -1.444064 3.448516 0.234432 2.580076 0.140210 0.552059 2.353446 0.189633 10.431719 -0.669190 -0.305962 0.237850 3.675946
1 138.53301 -8.639884 -0.946869 -0.243781 -2.332420 -1.444064 3.448516 0.234432 2.580076 0.140210 0.552059 2.353446 0.189633 10.431719 -0.669190 -0.305962 0.237850 3.675946
1 138.53301 -8.639884 -0.946869 -0.243781 -2.332420 -1.444064 3.448516 0.234432 2.580076 0.140210 0.552059 2.353446 0.189633 10.431719 -0.669190 -0.305962 0.237850 3.675946
1 138.53301 -8.639884 -0.946869 -0.243781 -2.332420 -1.444064 3.448516 0.234432 2.580076 0.140210 0.552059 2.353446 0.189633 10.431719 -0.669190 -0.305962 0.237850 3.675946
1 138.53301 -8.639884 -0.946869 -0.243781 -2.332420 -1.444064 3.448516 0.234432 2.580076 0.140210 0.552059 2.353446 0.189633 10.431719 -0.669190 -0.305962 0.237850 3.675946
1 138.53301 -8.639884 -0.946869 -0.243781 -2.332420 -1.444064 3.448516 0.234432 2.580076 0.140210 0.552059 2.353446 0.189633 10.431719 -0.669190 -0.305962 0.237850 3.675946
1 138.84637 -8.636760 -0.938552 -0.262885 -2.371727 -1.447132 3.434412 0.230297 2.576823 0.145188 0.550435 2.407190 0.188409 10.441351 -0.633292 -0.293935 0.236732 3.660452
1 138.84637 -8.636760 -0.938552 -0.262885 -2.371727 -1.447132 3.434412 0.230297 2.576823 0.145188 0.550435 2.407190 0.188409 10.441351 -0.633292 -0.293935 0.236732 3.660452
1 138.84637 -8.636760 -0.938552 -0.262885 -2.371727 -1.447132 3.434412 0.230297 2.576823 0.145188 0.550435 2.407190 0.188409 10.441351 -0.633292 -0.293935 0.236732 3.660452
1 138.84637 -8.636760 -0.938552 -0.262885 -2.371727 -1.447132 3.434412 0.230297 2.576823 0.145188 0.550435 2.407190 0.188409 10.441351 -0.633292 -0.293935 0.236732 3.660452
1 138.84637 -8.636760 -0.938552 -0.262885 -2.371727 -1.447132 3.434412 0.230297 2.576823 0.145188 0.550435 2.407190 0.188409 10.441351 -0.633292 -0.293935 0.236732 3.660452
1 138.84637 -8.636760 -0.938552 -0.262885 -2.371727 -1.447132 3.434412 0.230297 2.576823 0.145188 0.550435 2.407190 0.188409 10.441351 -0.633292 -0.293935 0.236732 3.660452
1 138.84637 -8.636760 -0.938552 -0.262885 -2.371727 -1.447132 3.434412 0.230297 2.576823 0.145188 0.550435 2.407190 0.188409 10.441351 -0.633292 -0.293935 0.236732 3.660452
1 138.84637 -8.636760 -0.938552 -0.262885 -2.371727 -1.447132 3.434412 0.230297 2.576823 0.145188 0.550435 2.407190 0.188409 10.441351 -0.633292 -0.293935 0.236732 3.660452
1 138.84637 -8.636760 -0.938552 -0.262885 -2.371727 -1.447132 3.434412 0.230297 2.576823 0.145188 0.550435 2.407190 0.188409 10.441351 -0.633292 -0.293935 0.236732 3.660452
1 138.84637 -8.636760 -0.938552 -0.262885 -2.371727 -1.447132 3.434412 0.230297 2.576823 0.145188 0.550435 2.407190 0.188409 10.441351 -0.633292 -0.293935 0.236732 3.660452
1 138.84637 -8.636760 -0.938552 -0.262885 -2.371727 -1.447132 3.434412 0.230297 2.576823 0.145188 0.550435 2.407190 0.188409 10.441351 -0.633292 -0.293935 0.236732 3.660452
1 138.84637 -8.636760 -0.938552 -0.262885 -2.371727 -1.447132 3.434412 0.230297 2.576823 0.145188 0.550435 2.407190 0.188409 10.441351 -0.633292 -0.293935 0.236732 3.660452
1 138.84637 -8.636760 -0.938552 -0.262885 -2.371727 -1.447132 3.434412 0.230297 2.576823 0.145188 0.550435 2.407190 0.188409 10.441351 -0.633292 -0.293935 0.236732 3.660452
1 138.84637 -8.636760 -0.938552 -0.262885 -2.371727 -1.447132 3.434412 0.230297 2.576823 0.145188 0.550435 2.407190 0.188409 10.441351 -0.633292 -0.293935 0.236732 3.660452
1 138.84637 -8.636760 -0.938552 -0.262885 -2.371727 -1.447132 3.434412 0.230297 2.576823 0.145188 0.550435 2.407190 0.188409 10.441351 -0.633292 -0.293935 0.236732 3.660452
1 138.84637 -8.636760 -0.938552 -0.262885 -2.371727 -1.447132 3.434412 0.230297 2.576823 0.145188 0.550435 2.407190 0.188409 10.441351 -0.633292 -0.293935 0.236732 3.660452
1 138.84637 -8.636760 -0.938552 -0.262885 -2.371727 -1.447132 3.434412 0.230297 2.576823 0.145188 0.550435 2.407190 0.188409 10.441351 -0.633292 -0.293935 0.236732 3.660452
1 138.84637 -8.636760 -0.938552 -0.262885 -2.371727 -1.447132 3.434412 0.230297 2.576823 0.145188 0.550435 2.407190 0.188409 10.441351 -0.633292 -0.293935 0.236732 3.660452
1 138.84637 -8.636760 -0.938552 -0.262885 -2.371727 -1.447132 3.434412 0.230297 2.576823 0.145188 0.550435 2.407190 0.188409 10.441351 -0.633292 -0.293935 0.236732 3.660452
1 138.84637 -8.636760 -0.938552 -0.262885 -2.371727 -1.447132 3.434412 0.230297 2.576823 0.145188 0.550435 2.407190 0.188409 10.441351 -0.633292 -0.293935 0.236732 3.660452
1 138.84637 -8.636760 -0.938552 -0.262885 -2.371727 -1.447132 3.434412 0.230297 2.576823 0.145188 0.550435 2.407190 0.188409 10.441351 -0.633292 -0.293935 0.236732 3.660452
1 138.84637 -8.636760 -0.938552 -0.262885 -2.371727 -1.447132 3.434412 0.230297 2.576823 0.145188 0.550435 2.407190 0.188409 10.441351 -0.633292 -0.293935 0.236732 3.660452
1 138.84637 -8.636760 -0.938552 -0.262885 -2.371727 -1.447132 3.434412 0.230297 2.576823 0.145188 0.550435 2.407190 0.188409 10.441351 -0.633292 -0.293935 0.236732 3.660452
1 138.84637 -8.636760 -0.938552 -0.262885 -2.371727 -1.447132 3.434412 0.230297 2.576823 0.145188 0.550435 2.407190 0.188409 10.441351 -0.633292 -0.293935 0.236732 3.660452
1 138.84637 -8.636760 -0.938552 -0.262885 -2.371727 -1.447132 3.434412 0.230297 2.576823 0.145188 0.550435 2.407190 0.188409 10.441351 -0.633292 -0.293935 0.236732 3.660452
1 138.84637 -8.636760 -0.938552 -0.262885 -2.371727 -1.447132 3.434412 0.230297 2.576823 0.145188 0.550435 2.407190 0.188409 10.441351 -0.633292 -0.293935 0.236732 3.660452
1 138.84637 -8.636760 -0.938552 -0.262885 -2.371727 -1.447132 3.434412 0.230297 2.576823 0.145188 0.550435 2.407190 0.188409 10.441351 -0.633292 -0.293935 0.236732 3.660452
1 138.84637 -8.636760 -0.938552 -0.262885 -2.371727 -1.447132 3.434412 0.230297 2.576823 0.145188 0.550435 2.407190 0.188409 10.441351 -0.633292 -0.293935 0.236732 3.660452
1 138.84637 -8.636760 -0.938552 -0.262885 -2.371727 -1.447132 3.434412 0.230297 2.576823 0.145188 0.550435 2.407190 0.188409 10.441351 -0.633292 -0.293935 0.236732 3.660452
1 138.84637 -8.636760 -0.938552 -0.262885 -2.371727 -1.447132 3.434412 0.230297 2.576823 0.145188 0.550435 2.407190 0.188409 10.441351 -0.633292 -0.293935 0.236732 3.660452
1 138.84637 -8.636760 -0.938552 -0.262885 -2.371727 -1.447132 3.434412 0.230297 2.576823 0.145188 0.550435 2.407190 0.188409 10.441351 -0.633292 -0.293935 0.236732 3.660452
1 138.84637 -8.636760 -0.938552 -0.262885 -2.371727 -1.447132 3.434412 0.230297 2.576823 0.145188 0.550435 2.407190 0.188409 10.441351 -0.633292 -0.293935 0.236732 3.660452
1 138.84637 -8.636760 -0.938552 -0.262885 -2.371727 -1.447132 3.434412 0.230297 2.576823 0.145188 0.550435 2.407190 0.188409 10.441351 -0.633292 -0.293935 0.236732 3.660452
1 138.84637 -8.636760 -0.938552 -0.262885 -2.371727 -1.447132 3.434412 0.230297 2.576823 0.145188 0.550435 2.407190 0.188409 10.441351 -0.633292 -0.293935 0.236732 3.660452
1 138.84637 -8.636760 -0.938552 -0.262885 -2.371727 -1.447132 3.434412 0.230297 2.576823 0.145188 0.550435 2.407190 0.188409 10.441351 -0.633292 -0.293935 0.236732 3.660452
1 138.84637 -8.636760 -0.938552 -0.262885 -2.371727 -1.447132 3.434412 0.230297 2.576823 0.145188 0.550435 2.407190 0.188409 10.441351 -0.633292 -0.293935 0.236732 3.660452
1 138.84637 -8.636760 -0.938552 -0.262885 -2.371727 -1.447132 3.434412 0.230297 2.576823 0.145188 0.550435 2.407190 0.188409 10.441351 -0.633292 -0.293935 0.236732 3.660452
1 138.84637 -8.636760 -0.938552 -0.262885 -2.371727 -1.447132 3.434412 0.230297 2.576823 0.145188 0.550435 2.407190 0.188409 10.441351 -0.633292 -0.293935 0.236732 3.660452
1 138.84637 -8.636760 -0.938552 -0.262885 -2.371727 -1.447132 3.434412 0.230297 2.576823 0.145188 0.550435 2.407190 0.188409 10.441351 -0.633292 -0.293935 0.236732 3.660452
1 138.84637 -8.636760 -0.938552 -0.262885 -2.371727 -1.447132 3.434412 0.230297 2.576823 0.145188 0.550435 2.407190 0.188409 10.441351 -0.633292 -0.293935 0.236732 3.660452
1 138.84637 -8.636760 -0.938552 -0.262885 -2.371727 -1.447132 3.434412 0.230297 2.576823 0.145188 0.550435 2.407190 0.188409 10.441351 -0.633292 -0.293935 0.236732 3.660452
1 138.84637 -8.636760 -0.938552 -0.262885 -2.371727 -1.447132 3.434412 0.230297 2.576823 0.145188 0.550435 2.407190 0.188409 10.441351 -0.633292 -0.293935 0.236732 3.660452
1 138.84637 -8.636760 -0.938552 -0.262885 -2.371727 -1.447132 3.434412 0.230297 2.576823 0.145188 0.550435 2.407190 0.188409 10.441351 -0.633292 -0.293935 0.236732 3.660452
1 138.84637 -8.636760 -0.938552 -0.262885 -2.371727 -1.447132 3.434412 0.230297 2.576823 0.145188 0.550435 2.407190 0.188409 10.441351 -0.633292 -0.293935 0.236732 3.660452
1 138.84637 -8.636760 -0.938552 -0.262885 -2.371727 -1.447132 3.434412 0.230297 2.576823 0.145188 0.550435 2.407190 0.188409 10.441351 -0.633292 -0.293935 0.236732 3.660452
1 138.84637 -8.636760 -0.938552 -0.262885 -2.371727 -1.447132 3.434412 0.230297 2.576823 0.145188 0.550435 2.407190 0.188409 10.441351 -0.633292 -0.293935 0.236732 3.660452
1 138.84637 -8.636760 -0.938552 -0.262885 -2.371727 -1.447132 3.434412 0.230297 2.576823 0.145188 0.550435 2.407190 0.188409 10.441351 -0.633292 -0.293935 0.236732 3.660452
1 138.84637 -8.636760 -0.938552 -0.262885 -2.371727 -1.447132 3.434412 0.230297 2.576823 0.145188 0.550435 2.407190 0.188409 10.441351 -0.633292 -0.293935 0.236732 3.660452
1 138.84637 -8.636760 -0.938552 -0.262885 -2.371727 -1.447132 3.434412 0.230297 2.576823 0.145188 0.550435 2.407190 0.188409 10.441351 -0.633292 -0.293935 0.236732 3.660452
1 138.84637 -8.636760 -0.938552 -0.262885 -2.371727 -1.447132 3.434412 0.230297 2.576823 0.145188 0.550435 2.407190 0.188409 10.441351 -0.633292 -0.293935 0.236732 3.660452
1 138.84637 -8.636760 -0.938552 -0.262885 -2.371727 -1.447132 3.434412 0.230297 2.576823 0.145188 0.550435 2.407190 0.188409 10.441351 -0.633292 -0.293935 0.236732 3.660452
1 138.84637 -8.636760 -0.938552 -0.262885 -2.371727 -1.447132 3.434412 0.230297 2.576823 0.145188 0.550435 2.407190 0.188409 10.441351 -0.633292 -0.293935 0.236732 3.660452
1 138.84637 -8.636760 -0.938552 -0.262885 -2.371727 -1.447132 3.434412 0.230297 2.576823 0.145188 0.550435 2.407190 0.188409 10.441351 -0.633292 -0.293935 0.236732 3.660452
1 138.84637 -8.636760 -0.938552 -0.262885 -2.371727 -1.447132 3.434412 0.230297 2.576823 0.145188 0.550435 2.407190 0.188409 10.441351 -0.633292 -0.293935 0.236732 3.660452
1 138.84637 -8.636760 -0.938552 -0.262885 -2.371727 -1.447132 3.434412 0.230297 2.576823 0.145188 0.550435 2.407190 0.188409 10.441351 -0.633292 -0.293935 0.236732 3.660452
1 138.84637 -8.636760 -0.938552 -0.262885 -2.371727 -1.447132 3.434412 0.230297 2.576823 0.145188 0.550435 2.407190 0.188409 10.441351 -0.633292 -0.293935 0.236732 3.660452
1 138.84637 -8.636760 -0.938552 -0.262885 -2.371727 -1.447132 3.434412 0.230297 2.576823 0.145188 0.550435 2.407190 0.188409 10.441351 -0.633292 -0.293935 0.236732 3.660452
1 138.84637 -8.636760 -0.938552 -0.262885 -2.371727 -1.447132 3.434412 0.230297 2.576823 0.145188 0.550435 2.407190 0.188409 10.441351 -0.633292 -0.293935 0.236732 3.660452
1 138.84637 -8.636760 -0.938552 -0.262885 -2.371727 -1.447132 3.434412 0.230297 2.576823 0.145188 0.550435 2.407190 0.188409 10.441351 -0.633292 -0.293935 0.236732 3.660452
1 138.84637 -8.636760 -0.938552 -0.262885 -2.371727 -1.447132 3.434412 0.230297 2.576823 0.145188 0.550435 2.407190 0.188409 10.441351 -0.633292 -0.293935 0.236732 3.660452
1 138.84637 -8.636760 -0.938552 -0.262885 -2.371727 -1.447132 3.434412 0.230297 2.576823 0.145188 0.550435 2.407190 0.188409 10.441351 -0.633292 -0.293935 0.236732 3.660452
1 138.84637 -8.636760 -0.938552 -0.262885 -2.371727 -1.447132 3.434412 0.230297 2.576823 0.145188 0.550435 2.407190 0.188409 10.441351 -0.633292 -0.293935 0.236732 3.660452
1 138.84637 -8.636760 -0.938552 -0.262885 -2.371727 -1.447132 3.434412 0.230297 2.576823 0.145188 0.550435 2.407190 0.188409 10.441351 -0.633292 -0.293935 0.236732 3.660452
1 138.84637 -8.636760 -0.938552 -0.262885 -2.371727 -1.447132 3.434412 0.230297 2.576823 0.145188 0.550435 2.407190 0.188409 10.441351 -0.633292 -0.293935 0.236732 3.660452
1 138.84637 -8.636760 -0.938552 -0.262885 -2.371727 -1.447132 3.434412 0.230297 2.576823 0.145188 0.550435 2.407190 0.188409 10.441351 -0.633292 -0.293935 0.236732 3.660452
1 138.84637 -8.636760 -0.938552 -0.262885 -2.371727 -1.447132 3.434412 0.230297 2.576823 0.145188 0.550435 2.407190 0.188409 10.441351 -0.633292 -0.293935 0.236732 3.660452
1 138.84637 -8.636760 -0.938552 -0.262885 -2.371727 -1.447132 3.434412 0.230297 2.576823 0.145188 0.550435 2.407190 0.188409 10.441351 -0.633292 -0.293935 0.236732 3.660452
1 138.84637 -8.636760 -0.938552 -0.262885 -2.371727 -1.447132 3.434412 0.230297 2.576823 0.145188 0.550435 2.407190 0.188409 10.441351 -0.633292 -0.293935 0.236732 3.660452
1 138.84637 -8.636760 -0.938552 -0.262885 -2.371727 -1.447132 3.434412 0.230297 2.576823 0.145188 0.550435 2.407190 0.188409 10.441351 -0.633292 -0.293935 0.236732 3.660452
1 138.84637 -8.636760 -0.938552 -0.262885 -2.371727 -1.447132 3.434412 0.230297 2.576823 0.145188 0.550435 2.407190 0.188409 10.441351 -0.633292 -0.293935 0.236732 3.660452
1 138.84637 -8.636760 -0.938552 -0.262885 -2.371727 -1.447132 3.434412 0.230297 2.576823 0.145188 0.550435 2.407190 0.188409 10.441351 -0.633292 -0.293935 0.236732 3.660452
1 138.84637 -8.636760 -0.938552 -0.262885 -2.371727 -1.447132 3.434412 0.230297 2.576823 0.145188 0.550435 2.407190 0.188409 10.441351 -0.633292 -0.293935 0.236732 3.660452
1 138.84637 -8.636760 -0.938552 -0.262885 -2.371727 -1.447132 3.434412 0.230297 2.576823 0.145188 0.550435 2.407190 0.188409 10.441351 -0.633292 -0.293935 0.236732 3.660452
1 138.84637 -8.636760 -0.938552 -0.262885 -2.371727 -1.447132 3.434412 0.230297 2.576823 0.145188 0.550435 2.407190 0.188409 10.441351 -0.633292 -0.293935 0.236732 3.660452
1 138.84637 -8.636760 -0.938552 -0.262885 -2.371727 -1.447132 3.434412 0.230297 2.576823 0.145188 0.550435 2.407190 0.188409 10.441351 -0.633292 -0.293935 0.236732 3.660452
1 138.84637 -8.636760 -0.938552 -0.262885 -2.371727 -1.447132 3.434412 0.230297 2.576823 0.145188 0.550435 2.407190 0.188409 10.441351 -0.633292 -0.293935 0.236732 3.660452
1 138.84637 -8.636760 -0.938552 -0.262885 -2.371727 -1.447132 3.434412 0.230297 2.576823 0.145188 0.550435 2.407190 0.188409 10.441351 -0.633292 -0.293935 0.236732 3.660452
1 138.84637 -8.636760 -0.938552 -0.262885 -2.371727 -1.447132 3.434412 0.230297 2.576823 0.145188 0.550435 2.407190 0.188409 10.441351 -0.633292 -0.293935 0.236732 3.660452
1 138.84637 -8.636760 -0.938552 -0.262885 -2.371727 -1.447132 3.434412 0.230297 2.576823 0.145188 0.550435 2.407190 0.188409 10.441351 -0.633292 -0.293935 0.236732 3.660452
1 138.84637 -8.636760 -0.938552 -0.262885 -2.371727 -1.447132 3.434412 0.230297 2.576823 0.145188 0.550435 2.407190 0.188409 10.441351 -0.633292 -0.293935 0.236732 3.660452
1 138.84637 -8.636760 -0.938552 -0.262885 -2.371727 -1.447132 3.434412 0.230297 2.576823 0.145188 0.550435 2.407190 0.188409 10.441351 -0.633292 -0.293935 0.236732 3.660452
1 138.84637 -8.636760 -0.938552 -0.262885 -2.371727 -1.447132 3.434412 0.230297 2.576823 0.145188 0.550435 2.407190 0.188409 10.441351 -0.633292 -0.293935 0.236732 3.660452
1 138.84637 -8.636760 -0.938552 -0.262885 -2.371727 -1.447132 3.434412 0.230297 2.576823 0.145188 0.550435 2.407190 0.188409 10.441351 -0.633292 -0.293935 0.236732 3.660452
1 138.84637 -8.636760 -0.938552 -0.262885 -2.371727 -1.447132 3.434412 0.230297 2.576823 0.145188 0.550435 2.407190 0.188409 10.441351 -0.633292 -0.293935 0.236732 3.660452
1 138.84637 -8.636760 -0.938552 -0.262885 -2.371727 -1.447132 3.434412 0.230297 2.576823 0.145188 0.550435 2.407190 0.188409 10.441351 -0.633292 -0.293935 0.236732 3.660452
1 138.84637 -8.636760 -0.938552 -0.262885 -2.371727 -1.447132 3.434412 0.230297 2.576823 0.145188 0.550435 2.407190 0.188409 10.441351 -0.633292 -0.293935 0.236732 3.660452
1 138.84637 -8.636760 -0.938552 -0.262885 -2.371727 -1.447132 3.434412 0.230297 2.576823 0.145188 0.550435 2.407190 0.188409 10.441351 -0.633292 -0.293935 0.236732 3.660452
1 138.84637 -8.636760 -0.938552 -0.262885 -2.371727 -1.447132 3.434412 0.230297 2.576823 0.145188 0.550435 2.407190 0.188409 10.441351 -0.633292 -0.293935 0.236732 3.660452
1 138.84637 -8.636760 -0.938552 -0.262885 -2.371727 -1.447132 3.434412 0.230297 2.576823 0.145188 0.550435 2.407190 0.188409 10.441351 -0.633292 -0.293935 0.236732 3.660452
1 138.84637 -8.636760 -0.938552 -0.262885 -2.371727 -1.447132 3.434412 0.230297 2.576823 0.145188 0.550435 2.407190 0.188409 10.441351 -0.633292 -0.293935 0.236732 3.660452
1 138.84637 -8.636760 -0.938552 -0.262885 -2.371727 -1.447132 3.434412 0.230297 2.576823 0.145188 0.550435 2.407190 0.188409 10.441351 -0.633292 -0.293935 0.236732 3.660452
1 138.84637 -8.636760 -0.938552 -0.262885 -2.371727 -1.447132 3.434412 0.230297 2.576823 0.145188 0.550435 2.407190 0.188409 10.441351 -0.633292 -0.293935 0.236732 3.660452
1 138.84637 -8.636760 -0.938552 -0.262885 -2.371727 -1.447132 3.434412 0.230297 2.576823 0.145188 0.550435 2.407190 0.188409 10.441351 -0.633292 -0.293935 0.236732 3.660452
1 138.84637 -8.636760 -0.938552 -0.262885 -2.371727 -1.447132 3.434412 0.230297 2.576823 0.145188 0.550435 2.407190 0.188409 10.441351 -0.633292 -0.293935 0.236732 3.660452
1 138.84637 -8.636760 -0.938552 -0.262885 -2.371727 -1.447132 3.434412 0.230297 2.576823 0.145188 0.550435 2.407190 0.188409 10.441351 -0.633292 -0.293935 0.236732 3.660452
1 138.84637 -8.636760 -0.938552 -0.262885 -2.371727 -1.447132 3.434412 0.230297 2.576823 0.145188 0.550435 2.407190 0.188409 10.441351 -0.633292 -0.293935 0.236732 3.660452
1 138.84637 -8.636760 -0.938552 -0.262885 -2.371727 -1.447132 3.434412 0.230297 2.576823 0.145188 0.550435 2.407190 0.188409 10.441351 -0.633292 -0.293935 0.236732 3.660452
1 138.84637 -8.636760 -0.938552 -0.262885 -2.371727 -1.447132 3.434412 0.230297 2.576823 0.145188 0.550435 2.407190 0.188409 10.441351 -0.633292 -0.293935 0.236732 3.660452
1 138.84637 -8.636760 -0.938552 -0.262885 -2.371727 -1.447132 3.434412 0.230297 2.576823 0.145188 0.550435 2.407190 0.188409 10.441351 -0.633292 -0.293935 0.236732 3.660452
1 138.84637 -8.636760 -0.938552 -0.262885 -2.371727 -1.447132 3.434412 0.230297 2.576823 0.145188 0.550435 2.407190 0.188409 10.441351 -0.633292 -0.293935 0.236732 3.660452
1 138.84637 -8.636760 -0.938552 -0.262885 -2.371727 -1.447132 3.434412 0.230297 2.576823 0.145188 0.550435 2.407190 0.188409 10.441351 -0.633292 -0.293935 0.236732 3.660452
1 138.84637 -8.636760 -0.938552 -0.262885 -2.371727 -1.447132 3.434412 0.230297 2.576823 0.145188 0.550435 2.407190 0.188409 10.441351 -0.633292 -0.293935 0.236732 3.660452
1 138.84637 -8.636760 -0.938552 -0.262885 -2.371727 -1.447132 3.434412 0.230297 2.576823 0.145188 0.550435 2.407190 0.188409 10.441351 -0.633292 -0.293935 0.236732 3.660452
1 138.84637 -8.636760 -0.938552 -0.262885 -2.371727 -1.447132 3.434412 0.230297 2.576823 0.145188 0.550435 2.407190 0.188409 10.441351 -0.633292 -0.293935 0.236732 3.660452
1 138.84637 -8.636760 -0.938552 -0.262885 -2.371727 -1.447132 3.434412 0.230297 2.576823 0.145188 0.550435 2.407190 0.188409 10.441351 -0.633292 -0.293935 0.236732 3.660452
1 138.84637 -8.636760 -0.938552 -0.262885 -2.371727 -1.447132 3.434412 0.230297 2.576823 0.145188 0.550435 2.407190 0.188409 10.441351 -0.633292 -0.293935 0.236732 3.660452
1 138.84637 -8.636760 -0.938552 -0.262885 -2.371727 -1.447132 3.434412 0.230297 2.576823 0.145188 0.550435 2.407190 0.188409 10.441351 -0.633292 -0.293935 0.236732 3.660452
1 138.84637 -8.636760 -0.938552 -0.262885 -2.371727 -1.447132 3.434412 0.230297 2.576823 0.145188 0.550435 2.407190 0.188409 10.441351 -0.633292 -0.293935 0.236732 3.660452
1 138.84637 -8.636760 -0.938552 -0.262885 -2.371727 -1.447132 3.434412 0.230297 2.576823 0.145188 0.550435 2.407190 0.188409 10.441351 -0.633292 -0.293935 0.236732 3.660452
1 138.84637 -8.636760 -0.938552 -0.262885 -2.371727 -1.447132 3.434412 0.230297 2.576823 0.145188 0.550435 2.407190 0.188409 10.441351 -0.633292 -0.293935 0.236732 3.660452
1 138.84637 -8.636760 -0.938552 -0.262885 -2.371727 -1.447132 3.434412 0.230297 2.576823 0.145188 0.550435 2.407190 0.188409 10.441351 -0.633292 -0.293935 0.236732 3.660452
1 138.84637 -8.636760 -0.938552 -0.262885 -2.371727 -1.447132 3.434412 0.230297 2.576823 0.145188 0.550435 2.407190 0.188409 10.441351 -0.633292 -0.293935 0.236732 3.660452
1 138.84637 -8.636760 -0.938552 -0.262885 -2.371727 -1.447132 3.434412 0.230297 2.576823 0.145188 0.550435 2.407190 0.188409 10.441351 -0.633292 -0.293935 0.236732 3.660452
1 138.84637 -8.636760 -0.938552 -0.262885 -2.371727 -1.447132 3.434412 0.230297 2.576823 0.145188 0.550435 2.407190 0.188409 10.441351 -0.633292 -0.293935 0.236732 3.660452
1 138.84637 -8.636760 -0.938552 -0.262885 -2.371727 -1.447132 3.434412 0.230297 2.576823 0.145188 0.550435 2.407190 0.188409 10.441351 -0.633292 -0.293935 0.236732 3.660452
1 138.84637 -8.636760 -0.938552 -0.262885 -2.371727 -1.447132 3.434412 0.230297 2.576823 0.145188 0.550435 2.407190 0.188409 10.441351 -0.633292 -0.293935 0.236732 3.660452
1 138.84637 -8.636760 -0.938552 -0.262885 -2.371727 -1.447132 3.434412 0.230297 2.576823 0.145188 0.550435 2.407190 0.188409 10.441351 -0.633292 -0.293935 0.236732 3.660452
1 138.84637 -8.636760 -0.938552 -0.262885 -2.371727 -1.447132 3.434412 0.230297 2.576823 0.145188 0.550435 2.407190 0.188409 10.441351 -0.633292 -0.293935 0.236732 3.660452
1 138.84637 -8.636760 -0.938552 -0.262885 -2.371727 -1.447132 3.434412 0.230297 2.576823 0.145188 0.550435 2.407190 0.188409 10.441351 -0.633292 -0.293935 0.236732 3.660452
1 138.84637 -8.636760 -0.938552 -0.262885 -2.371727 -1.447132 3.434412 0.230297 2.576823 0.145188 0.550435 2.407190 0.188409 10.441351 -0.633292 -0.293935 0.236732 3.660452
1 138.84637 -8.636760 -0.938552 -0.262885 -2.371727 -1.447132 3.434412 0.230297 2.576823 0.145188 0.550435 2.407190 0.188409 10.441351 -0.633292 -0.293935 0.236732 3.660452
1 138.84637 -8.636760 -0.938552 -0.262885 -2.371727 -1.447132 3.434412 0.230297 2.576823 0.145188 0.550435 2.407190 0.188409 10.441351 -0.633292 -0.293935 0.236732 3.660452
1 138.84637 -8.636760 -0.938552 -0.262885 -2.371727 -1.447132 3.434412 0.230297 2.576823 0.145188 0.550435 2.407190 0.188409 10.441351 -0.633292 -0.293935 0.236732 3.660452
1 138.84637 -8.636760 -0.938552 -0.262885 -2.371727 -1.447132 3.434412 0.230297 2.576823 0.145188 0.550435 2.407190 0.188409 10.441351 -0.633292 -0.293935 0.236732 3.660452
1 138.84637 -8.636760 -0.938552 -0.262885 -2.371727 -1.447132 3.434412 0.230297 2.576823 0.145188 0.550435 2.407190 0.188409 10.441351 -0.633292 -0.293935 0.236732 3.660452
1 138.84637 -8.636760 -0.938552 -0.262885 -2.371727 -1.447132 3.434412 0.230297 2.576823 0.145188 0.550435 2.407190 0.188409 10.441351 -0.633292 -0.293935 0.236732 3.660452
1 138.84637 -8.636760 -0.938552 -0.262885 -2.371727 -1.447132 3.434412 0.230297 2.576823 0.145188 0.550435 2.407190 0.188409 10.441351 -0.633292 -0.293935 0.236732 3.660452
1 138.84637 -8.636760 -0.938552 -0.262885 -2.371727 -1.447132 3.434412 0.230297 2.576823 0.145188 0.550435 2.407190 0.188409 10.441351 -0.633292 -0.293935 0.236732 3.660452
1 138.84637 -8.636760 -0.938552 -0.262885 -2.371727 -1.447132 3.434412 0.230297 2.576823 0.145188 0.550435 2.407190 0.188409 10.441351 -0.633292 -0.293935 0.236732 3.660452
1 138.84637 -8.636760 -0.938552 -0.262885 -2.371727 -1.447132 3.434412 0.230297 2.576823 0.145188 0.550435 2.407190 0.188409 10.441351 -0.633292 -0.293935 0.236732 3.660452
1 138.84637 -8.636760 -0.938552 -0.262885 -2.371727 -1.447132 3.434412 0.230297 2.576823 0.145188 0.550435 2.407190 0.188409 10.441351 -0.633292 -0.293935 0.236732 3.660452
1 138.84637 -8.636760 -0.938552 -0.262885 -2.371727 -1.447132 3.434412 0.230297 2.576823 0.145188 0.550435 2.407190 0.188409 10.441351 -0.633292 -0.293935 0.236732 3.660452
1 138.84637 -8.636760 -0.938552 -0.262885 -2.371727 -1.447132 3.434412 0.230297 2.576823 0.145188 0.550435 2.407190 0.188409 10.441351 -0.633292 -0.293935 0.236732 3.660452
1 138.84637 -8.636760 -0.938552 -0.262885 -2.371727 -1.447132 3.434412 0.230297 2.576823 0.145188 0.550435 2.407190 0.188409 10.441351 -0.633292 -0.293935 0.236732 3.660452
1 138.84637 -8.636760 -0.938552 -0.262885 -2.371727 -1.447132 3.434412 0.230297 2.576823 0.145188 0.550435 2.407190 0.188409 10.441351 -0.633292 -0.293935 0.236732 3.660452
1 138.84637 -8.636760 -0.938552 -0.262885 -2.371727 -1.447132 3.434412 0.230297 2.576823 0.145188 0.550435 2.407190 0.188409 10.441351 -0.633292 -0.293935 0.236732 3.660452
1 138.84637 -8.636760 -0.938552 -0.262885 -2.371727 -1.447132 3.434412 0.230297 2.576823 0.145188 0.550435 2.407190 0.188409 10.441351 -0.633292 -0.293935 0.236732 3.660452
1 138.84637 -8.636760 -0.938552 -0.262885 -2.371727 -1.447132 3.434412 0.230297 2.576823 0.145188 0.550435 2.407190 0.188409 10.441351 -0.633292 -0.293935 0.236732 3.660452
1 138.84637 -8.636760 -0.938552 -0.262885 -2.371727 -1.447132 3.434412 0.230297 2.576823 0.145188 0.550435 2.407190 0.188409 10.441351 -0.633292 -0.293935 0.236732 3.660452
1 138.84637 -8.636760 -0.938552 -0.262885 -2.371727 -1.447132 3.434412 0.230297 2.576823 0.145188 0.550435 2.407190 0.188409 10.441351 -0.633292 -0.293935 0.236732 3.660452
1 138.84637 -8.636760 -0.938552 -0.262885 -2.371727 -1.447132 3.434412 0.230297 2.576823 0.145188 0.550435 2.407190 0.188409 10.441351 -0.633292 -0.293935 0.236732 3.660452
1 138.84637 -8.636760 -0.938552 -0.262885 -2.371727 -1.447132 3.434412 0.230297 2.576823 0.145188 0.550435 2.407190 0.188409 10.441351 -0.633292 -0.293935 0.236732 3.660452
1 138.84637 -8.636760 -0.938552 -0.262885 -2.371727 -1.447132 3.434412 0.230297 2.576823 0.145188 0.550435 2.407190 0.188409 10.441351 -0.633292 -0.293935 0.236732 3.660452
1 138.84637 -8.636760 -0.938552 -0.262885 -2.371727 -1.447132 3.434412 0.230297 2.576823 0.145188 0.550435 2.407190 0.188409 10.441351 -0.633292 -0.293935 0.236732 3.660452
1 138.84637 -8.636760 -0.938552 -0.262885 -2.371727 -1.447132 3.434412 0.230297 2.576823 0.145188 0.550435 2.407190 0.188409 10.441351 -0.633292 -0.293935 0.236732 3.660452
1 138.84637 -8.636760 -0.938552 -0.262885 -2.371727 -1.447132 3.434412 0.230297 2.576823 0.145188 0.550435 2.407190 0.188409 10.441351 -0.633292 -0.293935 0.236732 3.660452
1 138.84637 -8.636760 -0.938552 -0.262885 -2.371727 -1.447132 3.434412 0.230297 2.576823 0.145188 0.550435 2.407190 0.188409 10.441351 -0.633292 -0.293935 0.236732 3.660452
1 138.84637 -8.636760 -0.938552 -0.262885 -2.371727 -1.447132 3.434412 0.230297 2.576823 0.145188 0.550435 2.407190 0.188409 10.441351 -0.633292 -0.293935 0.236732 3.660452
1 138.84637 -8.636760 -0.938552 -0.262885 -2.371727 -1.447132 3.434412 0.230297 2.576823 0.145188 0.550435 2.407190 0.188409 10.441351 -0.633292 -0.293935 0.236732 3.660452
1 138.84637 -8.636760 -0.938552 -0.262885 -2.371727 -1.447132 3.434412 0.230297 2.576823 0.145188 0.550435 2.407190 0.188409 10.441351 -0.633292 -0.293935 0.236732 3.660452
1 138.84637 -8.636760 -0.938552 -0.262885 -2.371727 -1.447132 3.434412 0.230297 2.576823 0.145188 0.550435 2.407190 0.188409 10.441351 -0.633292 -0.293935 0.236732 3.660452
