1 inf -9.023792 -0.641961 0.152886 -1.837576 -1.615606 3.207773 0.466573 2.309842 0.340463 0.599650 2.658393 -0.231398 10.342768 -1.183742 -0.782622 0.027243 3.763881
1 inf -9.003909 -0.653159 0.142102 -1.810538 -1.612620 3.211388 0.498146 2.308417 0.362300 0.569001 2.639285 -0.204250 10.349740 -1.191802 -0.757294 0.023251 3.761488
1 inf -9.047793 -0.600878 0.140145 -1.804430 -1.603706 3.218106 0.525646 2.317250 0.334526 0.516209 2.644628 -0.139761 10.318167 -1.193828 -0.778396 0.009741 3.775899
1 inf -9.037551 -0.565540 0.154969 -1.819130 -1.588338 3.228490 0.538375 2.325360 0.353932 0.514546 2.614308 -0.158701 10.327189 -1.208786 -0.801937 0.022611 3.819863
1 inf -9.016766 -0.563953 0.144702 -1.830254 -1.619166 3.246084 0.535056 2.324651 0.374184 0.504758 2.652401 -0.150947 10.354068 -1.219836 -0.814149 0.012038 3.841790
1 inf -9.018189 -0.573526 0.141252 -1.859124 -1.612181 3.204620 0.533330 2.320936 0.388248 0.519331 2.652514 -0.199075 10.348801 -1.230430 -0.819265 0.014946 3.810185
1 inf -9.056401 -0.582825 0.156118 -1.883987 -1.618313 3.202546 0.542129 2.319251 0.368239 0.562914 2.615299 -0.196845 10.372658 -1.249109 -0.793996 0.009267 3.807842
1 inf -9.031947 -0.576395 0.206300 -1.905254 -1.641316 3.220636 0.540962 2.288769 0.405639 0.570548 2.646982 -0.217510 10.386906 -1.289570 -0.786159 -0.003718 3.774941
1 inf -9.047291 -0.565492 0.202154 -1.920806 -1.687750 3.206757 0.523877 2.309564 0.404965 0.558953 2.638324 -0.225194 10.375061 -1.263670 -0.831758 0.030270 3.722291
1 inf -9.068959 -0.578340 0.189283 -1.940355 -1.679546 3.208174 0.479531 2.317004 0.416726 0.546804 2.653732 -0.243850 10.379923 -1.268241 -0.823054 0.047007 3.704708
1 inf -9.078934 -0.588601 0.199240 -1.917302 -1.668140 3.232287 0.535339 2.318427 0.407296 0.531417 2.635375 -0.260619 10.384148 -1.281003 -0.864287 0.014085 3.695335
1 inf -9.101237 -0.598169 0.215615 -1.939249 -1.656980 3.261969 0.547796 2.332886 0.380304 0.524788 2.670327 -0.237075 10.398496 -1.301179 -0.840211 0.017006 3.697969
1 inf -9.130084 -0.622479 0.241963 -1.966676 -1.632044 3.245703 0.551551 2.346117 0.421324 0.506257 2.663490 -0.215380 10.373794 -1.299081 -0.854011 -0.001040 3.685116
1 inf -9.109832 -0.600341 0.256607 -2.014093 -1.627160 3.257520 0.545657 2.327403 0.414926 0.530442 2.703137 -0.243437 10.381215 -1.300831 -0.864767 0.020157 3.703797
1 inf -9.059813 -0.579954 0.238657 -2.000754 -1.645801 3.281788 0.550612 2.294112 0.446112 0.534531 2.698593 -0.241433 10.396488 -1.257864 -0.876273 0.009831 3.681159
1 inf -9.068694 -0.554620 0.248876 -1.994540 -1.599395 3.265604 0.525325 2.269117 0.437133 0.525410 2.698418 -0.267806 10.419124 -1.279039 -0.827666 0.005382 3.667591
1 inf -9.034928 -0.565745 0.224852 -1.982635 -1.587168 3.282106 0.493502 2.281128 0.424727 0.524381 2.717322 -0.288231 10.427665 -1.260372 -0.823148 -0.003601 3.644625
1 inf -9.037700 -0.576471 0.203795 -1.929498 -1.608721 3.219922 0.540285 2.252808 0.443922 0.518830 2.723069 -0.295258 10.431221 -1.241784 -0.810259 -0.021623 3.655037
1 inf -9.082404 -0.550892 0.194476 -1.941834 -1.603780 3.194770 0.560795 2.266126 0.454503 0.513925 2.694335 -0.290766 10.468803 -1.249776 -0.800392 -0.028895 3.615439
1 inf -9.059905 -0.536501 0.189254 -1.943535 -1.618249 3.195240 0.589440 2.241117 0.465324 0.527690 2.719201 -0.273722 10.435591 -1.261037 -0.807676 -0.059181 3.626252
1 inf -9.073862 -0.541250 0.205220 -1.921712 -1.634811 3.195247 0.583435 2.237999 0.479301 0.564236 2.714712 -0.271236 10.450367 -1.270884 -0.844433 -0.082599 3.617176
1 inf -9.091557 -0.552087 0.189425 -1.937948 -1.629968 3.173281 0.569123 2.240365 0.481568 0.534724 2.698853 -0.272687 10.487641 -1.282386 -0.846746 -0.063401 3.638801
1 inf -9.114110 -0.544318 0.175765 -1.924166 -1.637240 3.138831 0.540786 2.237503 0.464223 0.543829 2.657746 -0.286286 10.498873 -1.281929 -0.825172 -0.067724 3.686481
1 inf -9.123149 -0.549958 0.184747 -1.911591 -1.626557 3.143808 0.531053 2.241959 0.452872 0.546477 2.675772 -0.293727 10.464177 -1.283527 -0.804863 -0.071514 3.674525
1 inf -9.126116 -0.538916 0.148884 -1.926328 -1.605806 3.125308 0.532333 2.239621 0.468373 0.562660 2.704895 -0.315872 10.491422 -1.289602 -0.807133 -0.082862 3.704397
1 inf -9.108033 -0.532081 0.151848 -1.933251 -1.605022 3.080177 0.556937 2.210162 0.430313 0.564495 2.714950 -0.325421 10.500200 -1.263723 -0.814337 -0.110784 3.717654
1 inf -9.104275 -0.511618 0.131752 -1.917340 -1.641999 3.095170 0.559771 2.212229 0.429706 0.556082 2.686118 -0.311379 10.470974 -1.284833 -0.792522 -0.139195 3.755218
1 inf -9.113524 -0.506046 0.090432 -1.890704 -1.606162 3.106145 0.544454 2.180554 0.437754 0.550974 2.708384 -0.316519 10.453222 -1.271428 -0.793794 -0.115791 3.718594
1 inf -9.095927 -0.543206 0.113377 -1.873492 -1.611177 3.078199 0.556350 2.188762 0.412200 0.561211 2.673237 -0.287416 10.442373 -1.272269 -0.787606 -0.084807 3.687810
1 inf -9.114063 -0.550371 0.123342 -1.803573 -1.608459 3.045658 0.577024 2.216950 0.416903 0.537887 2.677112 -0.326009 10.431751 -1.293894 -0.778768 -0.120983 3.666345
1 inf -9.105306 -0.546543 0.113997 -1.790732 -1.626772 3.052065 0.593376 2.211312 0.413085 0.549011 2.649270 -0.333973 10.433032 -1.327921 -0.790720 -0.085372 3.698523
1 inf -9.097957 -0.547193 0.145481 -1.783590 -1.635387 3.053982 0.607657 2.243896 0.396328 0.544668 2.630523 -0.346067 10.414923 -1.334236 -0.780192 -0.114425 3.687781
1 inf -9.099180 -0.562535 0.145590 -1.781893 -1.634737 3.061977 0.640243 2.228511 0.396782 0.571741 2.617072 -0.346774 10.479867 -1.304188 -0.794641 -0.107680 3.695284
1 inf -9.112005 -0.565167 0.163629 -1.767574 -1.600825 3.068813 0.639083 2.200976 0.387671 0.552684 2.639059 -0.342552 10.462983 -1.344271 -0.802845 -0.128065 3.677462
1 inf -9.093443 -0.597132 0.169809 -1.771269 -1.611931 3.110087 0.647610 2.202766 0.401439 0.541763 2.622104 -0.318206 10.460658 -1.357906 -0.792567 -0.097221 3.670177
1 inf -9.095280 -0.565070 0.154439 -1.764818 -1.573271 3.127672 0.669015 2.239137 0.376316 0.524770 2.592938 -0.294353 10.449766 -1.374308 -0.781795 -0.092920 3.662933
1 inf -9.078120 -0.586007 0.137344 -1.739217 -1.589222 3.131041 0.685083 2.247746 0.399022 0.507004 2.591458 -0.267819 10.467713 -1.379061 -0.794978 -0.111004 3.672120
1 inf -9.104270 -0.560996 0.095933 -1.732928 -1.560024 3.137161 0.658418 2.236354 0.422114 0.527886 2.577341 -0.249352 10.468293 -1.336172 -0.795940 -0.109589 3.617205
1 inf -9.124151 -0.589388 0.110243 -1.738458 -1.566604 3.174927 0.629857 2.207360 0.421964 0.515920 2.600471 -0.233419 10.454661 -1.334343 -0.777858 -0.140196 3.616185
1 inf -9.102922 -0.599247 0.148543 -1.751594 -1.528431 3.127669 0.665290 2.181973 0.418895 0.509330 2.611058 -0.244200 10.457318 -1.307723 -0.793059 -0.131632 3.590676
1 inf -9.068101 -0.564528 0.163766 -1.734392 -1.489782 3.100827 0.632795 2.162378 0.458157 0.524120 2.581364 -0.250288 10.461770 -1.313208 -0.830707 -0.125237 3.601121
1 inf -9.081021 -0.572088 0.181387 -1.736903 -1.490344 3.104621 0.619893 2.144292 0.414992 0.526586 2.585766 -0.243421 10.474364 -1.324138 -0.886614 -0.126047 3.609364
1 inf -9.066468 -0.530202 0.198699 -1.722770 -1.494366 3.104543 0.616811 2.167468 0.409991 0.510899 2.588426 -0.266016 10.453344 -1.346622 -0.872730 -0.149811 3.618798
1 inf -9.098465 -0.513341 0.222902 -1.697485 -1.489739 3.075534 0.569100 2.135302 0.396790 0.501293 2.594456 -0.254602 10.490480 -1.337707 -0.885122 -0.141504 3.590729
1 inf -9.080207 -0.497433 0.238891 -1.696135 -1.488307 3.085316 0.575790 2.125672 0.438566 0.509272 2.600373 -0.243482 10.509939 -1.346239 -0.870316 -0.128663 3.579275
1 inf -9.087970 -0.504584 0.225552 -1.684583 -1.478048 3.080867 0.557749 2.145299 0.437313 0.541985 2.553893 -0.230888 10.533300 -1.351151 -0.869455 -0.167923 3.561519
1 inf -9.077517 -0.479073 0.231474 -1.672575 -1.475127 3.080589 0.555435 2.166773 0.412175 0.568648 2.529192 -0.216386 10.513273 -1.322009 -0.878306 -0.191949 3.580696
1 inf -9.050671 -0.494531 0.227564 -1.658883 -1.468016 3.041047 0.569417 2.174728 0.426678 0.587213 2.539093 -0.206322 10.515059 -1.314695 -0.836681 -0.231182 3.581382
1 inf -9.048365 -0.456046 0.223507 -1.666472 -1.434691 3.042390 0.549420 2.209105 0.407117 0.593174 2.515999 -0.191047 10.534006 -1.350319 -0.835937 -0.217598 3.599650
1 inf -9.045843 -0.474216 0.178342 -1.715997 -1.413417 3.033444 0.604093 2.207756 0.402893 0.595682 2.493127 -0.171981 10.523808 -1.353789 -0.845144 -0.214442 3.565791
1 inf -9.052251 -0.477990 0.175027 -1.754320 -1.406776 3.028480 0.639669 2.173643 0.373188 0.609990 2.466579 -0.157257 10.483841 -1.366986 -0.859167 -0.225556 3.572569
1 inf -9.040766 -0.478708 0.150422 -1.771715 -1.377177 3.015756 0.656720 2.173028 0.399807 0.591183 2.498426 -0.184815 10.503350 -1.380568 -0.868716 -0.202441 3.594026
1 inf -9.015899 -0.467581 0.141822 -1.766018 -1.363544 3.039942 0.655590 2.141055 0.385433 0.608605 2.522870 -0.189943 10.516998 -1.394453 -0.897381 -0.183140 3.562228
1 inf -8.995798 -0.489817 0.141639 -1.758590 -1.371297 2.990813 0.655454 2.153361 0.383284 0.601172 2.509023 -0.183604 10.498137 -1.380079 -0.902323 -0.150131 3.530737
1 inf -9.005047 -0.484245 0.100319 -1.731954 -1.335460 3.001788 0.640137 2.121686 0.391332 0.596064 2.531289 -0.188744 10.480385 -1.366674 -0.903595 -0.126727 3.494113
1 inf -8.995154 -0.517823 0.093254 -1.749461 -1.322089 3.000881 0.601116 2.148028 0.367811 0.619530 2.514276 -0.167337 10.457000 -1.375898 -0.891262 -0.097952 3.532618
1 inf -8.976358 -0.485753 0.115406 -1.783876 -1.358820 2.998277 0.618415 2.108837 0.352412 0.625240 2.507804 -0.208513 10.434224 -1.409359 -0.923866 -0.098713 3.570384
1 inf -8.970949 -0.496275 0.096587 -1.732110 -1.360229 3.000247 0.664769 2.137828 0.353248 0.640809 2.505975 -0.177458 10.444580 -1.412227 -0.894739 -0.099926 3.575901
1 inf -8.991314 -0.481370 0.085238 -1.767782 -1.376735 3.005449 0.689299 2.151879 0.346524 0.624540 2.526535 -0.175166 10.432498 -1.379536 -0.896745 -0.108130 3.581386
1 inf -8.965966 -0.494502 0.071268 -1.768760 -1.389850 3.050341 0.686308 2.190292 0.351107 0.650746 2.552125 -0.211146 10.423641 -1.370507 -0.878374 -0.110311 3.624944
1 inf -8.970428 -0.509349 0.043398 -1.752380 -1.406934 3.029982 0.669715 2.147739 0.363291 0.662875 2.579852 -0.208011 10.366527 -1.407817 -0.874987 -0.062052 3.592644
1 inf -8.970604 -0.511453 0.027567 -1.738666 -1.409856 3.018709 0.672757 2.152888 0.384816 0.650160 2.637201 -0.194883 10.381821 -1.375234 -0.891678 -0.013774 3.572706
1 inf -8.994266 -0.558598 0.021885 -1.770373 -1.400623 3.005422 0.694628 2.164085 0.389929 0.696157 2.657468 -0.207639 10.372891 -1.402848 -0.888338 -0.025789 3.571130
1 inf -9.022173 -0.523816 0.016521 -1.778078 -1.399036 3.000277 0.693712 2.204132 0.362206 0.705450 2.691333 -0.223005 10.371004 -1.384417 -0.885098 -0.013254 3.568473
1 inf -9.016367 -0.537131 -0.009179 -1.798401 -1.409195 2.986372 0.717239 2.199993 0.372476 0.735639 2.696030 -0.276178 10.374666 -1.429731 -0.896119 -0.003826 3.540612
1 inf -9.040971 -0.544770 -0.016423 -1.751343 -1.409955 2.995672 0.684592 2.204657 0.357633 0.765266 2.673050 -0.322587 10.395155 -1.432049 -0.867017 -0.032200 3.518939
1 inf -9.000250 -0.554120 -0.009558 -1.761811 -1.420885 2.977478 0.664435 2.166540 0.355913 0.776501 2.694322 -0.315678 10.418816 -1.440785 -0.832812 -0.026064 3.518297
1 inf -9.015260 -0.567425 -0.010616 -1.765492 -1.443025 2.969151 0.667075 2.159737 0.392303 0.795333 2.702204 -0.295259 10.454406 -1.416034 -0.845189 -0.016434 3.539465
1 inf -9.007126 -0.597292 -0.011042 -1.784846 -1.464541 2.997163 0.694974 2.146168 0.402574 0.784029 2.683798 -0.332407 10.460453 -1.434496 -0.848719 0.023040 3.521558
1 inf -8.983039 -0.588180 -0.007167 -1.761565 -1.475994 3.001501 0.690546 2.146648 0.382460 0.817368 2.732427 -0.322222 10.446897 -1.449815 -0.859707 0.053505 3.520005
1 inf -8.997066 -0.570232 -0.025615 -1.741629 -1.463675 2.984346 0.688412 2.111433 0.372879 0.847902 2.731273 -0.317499 10.436445 -1.467086 -0.872717 0.089177 3.515941
1 inf -9.000810 -0.621189 -0.042548 -1.734620 -1.435886 2.964726 0.666029 2.133673 0.385223 0.844246 2.744609 -0.306565 10.432246 -1.515923 -0.862615 0.054029 3.504467
1 inf -8.969992 -0.633102 -0.065498 -1.726741 -1.422107 2.981084 0.676371 2.144501 0.371751 0.827499 2.715804 -0.319060 10.456981 -1.522460 -0.874871 0.016614 3.528498
1 inf -8.915779 -0.659841 -0.055734 -1.746648 -1.428578 3.013064 0.699395 2.139453 0.329817 0.833932 2.704426 -0.340523 10.419710 -1.544036 -0.888764 0.066839 3.543598
1 inf -8.922901 -0.674757 -0.052389 -1.719122 -1.451936 3.029707 0.664180 2.127907 0.342656 0.862548 2.652219 -0.332512 10.410854 -1.555008 -0.910911 0.024565 3.499741
1 inf -8.905557 -0.651388 -0.050468 -1.672419 -1.441841 3.027059 0.668912 2.147864 0.333243 0.848275 2.652443 -0.300234 10.407773 -1.576739 -0.889821 0.028891 3.523514
1 inf -8.881633 -0.692420 -0.017738 -1.688999 -1.427406 3.017228 0.666287 2.111015 0.362614 0.852994 2.664705 -0.293258 10.388254 -1.583010 -0.908416 -0.008251 3.518506
1 inf -8.865785 -0.652288 -0.031244 -1.660055 -1.395584 3.026856 0.682996 2.101099 0.317880 0.858829 2.661717 -0.272153 10.409229 -1.597114 -0.909039 -0.003052 3.549186
1 inf -8.860019 -0.653737 0.001988 -1.651315 -1.400944 3.002257 0.676687 2.117519 0.336461 0.862102 2.701530 -0.272806 10.400164 -1.610102 -0.915156 0.022006 3.529828
1 inf -8.869577 -0.652565 0.021274 -1.616318 -1.415225 2.983320 0.638327 2.107771 0.312698 0.863910 2.686151 -0.300253 10.406479 -1.576125 -0.870266 0.016428 3.527491
1 inf -8.880822 -0.668700 0.024804 -1.588824 -1.404051 2.991741 0.653550 2.107889 0.292312 0.883421 2.697151 -0.309840 10.380715 -1.561518 -0.894577 -0.004447 3.526547
1 inf -8.890071 -0.663128 -0.016516 -1.562188 -1.368214 3.002716 0.638233 2.076214 0.300360 0.878313 2.719417 -0.314980 10.362963 -1.548113 -0.895849 0.018957 3.489923
1 inf -8.927721 -0.672030 -0.022809 -1.589801 -1.374737 2.973829 0.640502 2.105642 0.305012 0.893421 2.707112 -0.323041 10.371654 -1.542539 -0.881680 0.029474 3.474279
1 inf -8.917124 -0.603551 -0.013823 -1.607277 -1.381077 2.999638 0.667212 2.116714 0.293000 0.947031 2.716378 -0.336222 10.350068 -1.553988 -0.857812 0.006108 3.463510
1 inf -8.914055 -0.609419 -0.014464 -1.579119 -1.384073 2.969979 0.649287 2.130236 0.299033 0.969735 2.707082 -0.342087 10.372274 -1.572569 -0.861563 -0.005567 3.440880
1 inf -8.922263 -0.661627 -0.013667 -1.603585 -1.398977 2.978402 0.649719 2.127162 0.264905 0.956997 2.710787 -0.360461 10.439383 -1.538512 -0.875196 -0.023717 3.421348
1 inf -8.915208 -0.647777 0.000459 -1.618655 -1.415318 2.962413 0.625165 2.131648 0.297336 0.926447 2.714475 -0.374558 10.441009 -1.564724 -0.895629 -0.059630 3.394091
1 inf -8.891614 -0.643625 -0.003464 -1.630390 -1.415758 2.963965 0.632443 2.144408 0.294133 0.902268 2.738229 -0.375662 10.423936 -1.582719 -0.908565 -0.039566 3.384096
1 inf -8.939961 -0.638418 0.033993 -1.584944 -1.409711 2.960059 0.614208 2.127973 0.324200 0.894108 2.704855 -0.413751 10.441356 -1.556837 -0.892955 -0.063161 3.310603
1 inf -8.946626 -0.616853 0.076594 -1.567009 -1.405106 2.984836 0.646786 2.118200 0.353513 0.856433 2.698011 -0.428191 10.445593 -1.583888 -0.854092 -0.051630 3.278207
1 inf -8.939293 -0.580460 0.068857 -1.588336 -1.406728 2.991904 0.684766 2.104200 0.360464 0.815770 2.723423 -0.443448 10.444528 -1.616411 -0.861338 -0.010758 3.268240
1 inf -8.941693 -0.557980 0.067439 -1.560054 -1.418325 3.039496 0.656149 2.087276 0.340454 0.796375 2.712718 -0.424590 10.425534 -1.589955 -0.833014 -0.018882 3.269071
1 inf -8.962232 -0.568566 0.078355 -1.514783 -1.413400 3.032233 0.638433 2.073500 0.318384 0.785878 2.667406 -0.415091 10.425756 -1.592761 -0.880058 0.020412 3.316602
1 inf -8.929230 -0.571956 0.070722 -1.543983 -1.438309 3.051933 0.609268 2.074573 0.313084 0.775908 2.672166 -0.450515 10.422456 -1.589560 -0.880208 0.025220 3.284622
1 inf -8.930262 -0.572377 0.095893 -1.549083 -1.421979 3.036912 0.585908 2.064033 0.303048 0.759172 2.713341 -0.441608 10.410357 -1.593605 -0.884494 0.011433 3.273360
1 inf -8.967408 -0.571565 0.092121 -1.523319 -1.374609 3.003794 0.598332 2.030629 0.299045 0.785592 2.709189 -0.433068 10.429130 -1.644573 -0.900831 0.026601 3.280850
1 inf -8.956687 -0.586030 0.130474 -1.506390 -1.357691 3.003187 0.611577 2.037492 0.305689 0.783865 2.688582 -0.430440 10.422600 -1.654109 -0.875447 0.038344 3.296909
1 inf -8.951533 -0.584749 0.123237 -1.495226 -1.379242 3.009427 0.579449 2.078435 0.272714 0.798441 2.712818 -0.455868 10.422657 -1.655688 -0.865657 0.105985 3.252020
1 inf -8.950516 -0.598328 0.122760 -1.517317 -1.404084 3.006283 0.587206 2.082759 0.290224 0.773850 2.735795 -0.441868 10.411447 -1.666604 -0.859808 0.126012 3.249465
1 inf -8.950223 -0.539024 0.113658 -1.532531 -1.400120 3.001068 0.629729 2.096778 0.265552 0.773535 2.745623 -0.455862 10.419579 -1.671311 -0.828306 0.132627 3.272968
1 inf -8.951007 -0.576211 0.141008 -1.517957 -1.404873 3.011683 0.635047 2.094937 0.247330 0.742658 2.728066 -0.459623 10.387604 -1.711930 -0.808161 0.100154 3.250499
1 inf -8.948688 -0.577575 0.146124 -1.494235 -1.449219 3.040864 0.635179 2.061131 0.247223 0.738333 2.728368 -0.451244 10.417016 -1.729081 -0.802703 0.128298 3.267472
1 inf -8.956960 -0.604995 0.155749 -1.494072 -1.464988 3.020578 0.652983 2.081067 0.276195 0.716027 2.741545 -0.447348 10.433449 -1.764284 -0.795879 0.132057 3.276558
1 inf -8.977951 -0.614417 0.182925 -1.503332 -1.470898 3.028696 0.680971 2.064505 0.269151 0.700314 2.751664 -0.426481 10.438225 -1.776986 -0.809098 0.129726 3.314504
1 inf -8.988697 -0.580715 0.196128 -1.529034 -1.474747 3.039088 0.644936 2.038778 0.271158 0.703517 2.757141 -0.425306 10.454565 -1.778095 -0.802779 0.113637 3.298231
1 inf -8.990605 -0.592018 0.200844 -1.526541 -1.421164 3.003443 0.655218 2.047944 0.233071 0.635318 2.741848 -0.437411 10.472114 -1.805750 -0.814810 0.116614 3.280281
1 inf -8.991026 -0.542967 0.216761 -1.517205 -1.418157 3.008747 0.671334 2.041710 0.234584 0.639664 2.764514 -0.431180 10.465600 -1.769657 -0.788876 0.098555 3.271023
1 inf -9.000275 -0.537395 0.175441 -1.490569 -1.382320 3.019722 0.656017 2.010035 0.242632 0.634556 2.786780 -0.436320 10.447848 -1.756252 -0.790148 0.121959 3.234399
1 inf -9.015231 -0.566007 0.221272 -1.509828 -1.403250 3.003626 0.618452 2.038225 0.268454 0.621070 2.797568 -0.439824 10.433749 -1.768322 -0.834214 0.103371 3.213644
1 inf -9.055658 -0.590010 0.213141 -1.530748 -1.423509 2.999109 0.615234 2.055933 0.252756 0.618485 2.819584 -0.440305 10.453739 -1.787061 -0.875289 0.088097 3.232399
1 inf -9.051641 -0.562849 0.185411 -1.516589 -1.465913 2.971056 0.603602 2.048183 0.223128 0.627439 2.810357 -0.453943 10.455265 -1.784761 -0.841300 0.102918 3.247320
1 inf -9.060227 -0.568967 0.161075 -1.519599 -1.481848 2.982878 0.567911 2.060814 0.234389 0.655300 2.788889 -0.435613 10.455044 -1.770642 -0.863521 0.099269 3.258692
1 inf -9.052079 -0.590887 0.169990 -1.525731 -1.475780 3.026657 0.587926 2.053082 0.254731 0.623750 2.792597 -0.448626 10.455438 -1.789613 -0.866921 0.121543 3.236884
1 inf -9.095577 -0.595830 0.154226 -1.516911 -1.525478 3.013511 0.602212 2.070488 0.298426 0.612538 2.815495 -0.448315 10.476363 -1.780349 -0.905549 0.160635 3.235232
1 inf -9.059464 -0.602665 0.156005 -1.501538 -1.499066 2.995459 0.624778 2.064113 0.300839 0.628651 2.781091 -0.449369 10.480973 -1.750297 -0.892012 0.201206 3.256911
1 inf -9.056597 -0.627563 0.140075 -1.514487 -1.468147 3.029164 0.633051 2.078873 0.312773 0.598099 2.814841 -0.472794 10.464775 -1.725899 -0.890030 0.232542 3.273804
1 inf -9.064899 -0.647876 0.144213 -1.568303 -1.470123 3.061526 0.652829 2.099878 0.296290 0.568447 2.847583 -0.501875 10.490820 -1.710268 -0.892274 0.242920 3.267718
1 inf -9.061995 -0.645843 0.177456 -1.591305 -1.503698 3.087389 0.647741 2.085724 0.288152 0.581445 2.835693 -0.495095 10.544443 -1.737921 -0.876885 0.252919 3.233863
1 inf -9.020792 -0.673910 0.176147 -1.580590 -1.527660 3.140796 0.653968 2.043923 0.300316 0.590379 2.827716 -0.482007 10.550235 -1.722035 -0.909074 0.257348 3.264972
1 inf -9.062586 -0.647524 0.175079 -1.559823 -1.516299 3.134823 0.659500 2.053666 0.318536 0.590714 2.826359 -0.462788 10.587641 -1.686121 -0.913427 0.258530 3.263952
1 inf -9.067651 -0.650840 0.189941 -1.540057 -1.507089 3.142774 0.643902 2.041944 0.339668 0.591093 2.815509 -0.474249 10.613513 -1.703340 -0.922182 0.299341 3.275749
1 inf -9.054593 -0.676342 0.169106 -1.559938 -1.506502 3.134798 0.633389 2.012826 0.338960 0.602194 2.802304 -0.475249 10.603304 -1.685467 -0.903280 0.298925 3.254112
1 inf -9.062093 -0.689345 0.179608 -1.561746 -1.496918 3.123007 0.574906 1.998632 0.356862 0.616431 2.832088 -0.504230 10.601774 -1.694184 -0.925666 0.281742 3.255621
1 inf -9.065138 -0.662720 0.224142 -1.586284 -1.493874 3.095218 0.541747 2.017451 0.354217 0.633367 2.803979 -0.504840 10.570775 -1.675597 -0.903801 0.293387 3.222625
1 inf -9.080147 -0.689343 0.235778 -1.631511 -1.471943 3.098079 0.504762 1.973042 0.351118 0.631124 2.802058 -0.510348 10.581327 -1.645123 -0.919553 0.264717 3.227672
1 inf -9.076282 -0.698770 0.254353 -1.638602 -1.422862 3.073535 0.484044 1.990375 0.322723 0.663331 2.789997 -0.541256 10.607531 -1.692588 -0.919257 0.265765 3.201441
1 inf -9.076550 -0.697532 0.243285 -1.676029 -1.461072 3.039816 0.506031 1.983441 0.325429 0.666807 2.804678 -0.563811 10.640731 -1.674282 -0.897278 0.257950 3.260780
1 inf -9.089977 -0.731754 0.230905 -1.678542 -1.438941 3.072944 0.526426 1.960466 0.321082 0.658064 2.793801 -0.556158 10.627089 -1.685685 -0.895789 0.270069 3.271326
1 inf -9.113261 -0.715174 0.238895 -1.673756 -1.437786 3.108947 0.530456 1.980385 0.322885 0.689672 2.794257 -0.542831 10.628313 -1.704763 -0.902609 0.255214 3.300160
1 inf -9.134267 -0.698000 0.251573 -1.658293 -1.440699 3.129864 0.535964 2.024848 0.353201 0.723053 2.841093 -0.570759 10.615785 -1.687513 -0.938852 0.273372 3.322563
1 inf -9.133326 -0.709029 0.224484 -1.610078 -1.447104 3.155942 0.514202 1.999844 0.305672 0.722211 2.852789 -0.597496 10.629221 -1.704251 -0.945454 0.280414 3.354635
1 inf -9.142575 -0.703457 0.183164 -1.583442 -1.411267 3.166917 0.498885 1.968169 0.313720 0.717103 2.875055 -0.602636 10.611469 -1.690846 -0.946726 0.303818 3.318011
1 inf -9.154533 -0.696176 0.159644 -1.605269 -1.385099 3.157821 0.511294 2.002865 0.304450 0.732103 2.786611 -0.570654 10.595351 -1.690822 -0.940217 0.278236 3.280129
1 inf -9.128675 -0.736926 0.123575 -1.594456 -1.408684 3.158682 0.505310 1.992457 0.282056 0.736771 2.805478 -0.534633 10.592062 -1.701658 -0.963193 0.304127 3.279252
1 inf -9.100548 -0.741862 0.107786 -1.566903 -1.403173 3.135997 0.515663 2.027812 0.236233 0.776034 2.795439 -0.545564 10.576812 -1.708651 -0.921879 0.310766 3.307124
1 inf -9.088722 -0.736089 0.095517 -1.572068 -1.403722 3.107933 0.487409 2.037945 0.244615 0.795109 2.770319 -0.543777 10.573659 -1.722744 -0.913935 0.296402 3.281506
1 inf -9.089095 -0.753202 0.106645 -1.538165 -1.434141 3.100403 0.504276 2.056745 0.242361 0.762185 2.774974 -0.523708 10.580902 -1.743939 -0.912193 0.281653 3.262843
1 inf -9.096822 -0.753652 0.141276 -1.544681 -1.431158 3.086340 0.528311 2.042026 0.251024 0.753971 2.775321 -0.513244 10.570429 -1.767499 -0.888369 0.293231 3.270215
1 inf -9.129222 -0.760289 0.195439 -1.566447 -1.435099 3.094726 0.523194 2.056089 0.250602 0.780015 2.792780 -0.518527 10.522113 -1.781080 -0.873569 0.274569 3.254456
1 inf -9.124595 -0.782863 0.212322 -1.560598 -1.453092 3.089339 0.531549 2.090234 0.270230 0.780276 2.747788 -0.538643 10.510947 -1.786681 -0.884247 0.315552 3.264718
1 inf -9.104548 -0.779800 0.222524 -1.558859 -1.449583 3.091276 0.555860 2.081547 0.258991 0.762836 2.751565 -0.556035 10.509230 -1.781172 -0.857699 0.310895 3.251366
1 inf -9.122063 -0.741335 0.218307 -1.575359 -1.433726 3.054117 0.542771 2.087955 0.274446 0.731724 2.752108 -0.542154 10.504400 -1.770092 -0.870014 0.302851 3.248816
1 inf -9.133559 -0.741458 0.205412 -1.544862 -1.425835 3.027992 0.496069 2.125379 0.332727 0.743317 2.756140 -0.556462 10.497567 -1.774669 -0.847720 0.290677 3.250306
1 inf -9.147061 -0.758074 0.199247 -1.551381 -1.428199 3.055534 0.514066 2.086295 0.322893 0.757228 2.764357 -0.539750 10.508086 -1.787531 -0.848115 0.307849 3.233961
1 inf -9.140943 -0.747778 0.208570 -1.560645 -1.402458 3.059874 0.539904 2.060740 0.307552 0.721946 2.731805 -0.536215 10.540781 -1.807632 -0.865062 0.302752 3.264554
1 inf -9.117478 -0.716150 0.217509 -1.584284 -1.396869 3.080777 0.535093 2.014768 0.289191 0.691985 2.754561 -0.544060 10.545277 -1.848820 -0.889702 0.307019 3.253150
1 inf -9.126727 -0.710578 0.176189 -1.557648 -1.361032 3.091752 0.519776 1.983093 0.297239 0.686877 2.776827 -0.549200 10.527525 -1.835415 -0.890974 0.330423 3.216526
1 inf -9.118693 -0.704594 0.180600 -1.560594 -1.359769 3.142769 0.484885 1.966752 0.248807 0.669054 2.796871 -0.555961 10.493096 -1.833413 -0.907750 0.346735 3.224468
1 inf -9.119977 -0.666159 0.166466 -1.536464 -1.350685 3.171730 0.444961 1.958672 0.228763 0.656303 2.798606 -0.586141 10.519438 -1.822875 -0.942228 0.367585 3.204625
1 inf -9.105248 -0.685594 0.181574 -1.524071 -1.329707 3.157378 0.449897 1.977994 0.216825 0.659331 2.815659 -0.573352 10.539648 -1.820814 -0.913398 0.359394 3.216539
1 inf -9.081198 -0.715456 0.159251 -1.497018 -1.361118 3.141410 0.445305 1.998189 0.177328 0.649934 2.847886 -0.621465 10.548196 -1.833561 -0.916184 0.342303 3.183633
1 inf -9.069995 -0.712234 0.174018 -1.487657 -1.344669 3.108689 0.444263 2.023536 0.189014 0.658133 2.861766 -0.607786 10.578965 -1.837224 -0.908729 0.340333 3.199261
1 inf -9.083281 -0.664527 0.163420 -1.504457 -1.335240 3.117317 0.414206 2.066708 0.195497 0.660388 2.877874 -0.650258 10.580282 -1.869150 -0.913447 0.342909 3.195802
1 inf -9.069587 -0.638853 0.173580 -1.490941 -1.327098 3.110175 0.394758 2.097349 0.165879 0.692252 2.882073 -0.657384 10.543958 -1.870754 -0.919183 0.407609 3.188566
1 inf -9.086575 -0.663942 0.162093 -1.485298 -1.313607 3.120314 0.372821 2.094079 0.161447 0.661410 2.878672 -0.656808 10.572832 -1.820126 -0.903359 0.428456 3.188967
1 inf -9.078698 -0.640811 0.186093 -1.473594 -1.300572 3.135170 0.371227 2.065073 0.126883 0.665269 2.792026 -0.651596 10.593436 -1.881089 -0.907775 0.440267 3.206279
1 inf -9.055049 -0.643610 0.196946 -1.467429 -1.312096 3.156039 0.372799 2.041868 0.143157 0.637650 2.804332 -0.622469 10.575265 -1.886281 -0.915682 0.429832 3.201414
1 inf -9.046738 -0.600469 0.240444 -1.464959 -1.306770 3.139916 0.372659 2.046694 0.133036 0.605105 2.800447 -0.654902 10.572442 -1.863105 -0.915995 0.424935 3.201994
1 inf -9.067861 -0.620361 0.235328 -1.453739 -1.341541 3.142725 0.387062 2.050811 0.146219 0.632018 2.790517 -0.699001 10.576110 -1.847713 -0.893085 0.418478 3.192140
1 inf -9.060109 -0.633116 0.263081 -1.427444 -1.339053 3.130592 0.373882 2.067403 0.160368 0.575137 2.807040 -0.684589 10.573590 -1.821907 -0.927861 0.460385 3.195147
1 inf -9.023330 -0.640505 0.287113 -1.427084 -1.354842 3.110931 0.393310 2.070192 0.129086 0.594126 2.784724 -0.706482 10.548957 -1.820207 -0.927537 0.477425 3.208596
1 inf -9.020621 -0.666192 0.286930 -1.441244 -1.365979 3.092326 0.420708 2.081699 0.132829 0.610987 2.771766 -0.717853 10.569537 -1.825620 -0.975377 0.454892 3.226444
1 inf -9.007698 -0.675131 0.293547 -1.409828 -1.401721 3.104020 0.426079 2.109699 0.133055 0.601039 2.772644 -0.730041 10.597317 -1.862362 -0.981423 0.434075 3.228576
1 inf -8.991762 -0.632365 0.299343 -1.381659 -1.384034 3.103507 0.433584 2.063642 0.155029 0.588364 2.778228 -0.707267 10.589958 -1.814628 -0.972661 0.436603 3.198051
1 inf -9.018403 -0.660926 0.276586 -1.369462 -1.368216 3.092488 0.446724 2.086005 0.163784 0.591394 2.754407 -0.710571 10.617872 -1.835100 -0.981611 0.428989 3.224528
1 inf -9.031129 -0.660476 0.231613 -1.324924 -1.322045 3.119158 0.463614 2.076598 0.160764 0.627849 2.752337 -0.739849 10.633938 -1.811390 -0.979443 0.420400 3.247616
1 inf -9.055081 -0.663778 0.238648 -1.326657 -1.330404 3.099771 0.495415 2.094947 0.168049 0.624452 2.779844 -0.714402 10.634790 -1.796171 -0.922425 0.417367 3.198728
1 inf -9.046590 -0.651217 0.229320 -1.309929 -1.307226 3.109711 0.506937 2.114021 0.176458 0.653171 2.771795 -0.689147 10.617383 -1.845833 -0.932061 0.394861 3.217130
1 inf -9.055839 -0.645645 0.188000 -1.283293 -1.271389 3.120686 0.491620 2.082346 0.184506 0.648063 2.794061 -0.694287 10.599631 -1.832428 -0.933333 0.418265 3.180506
1 inf -9.025596 -0.670283 0.156215 -1.291494 -1.271128 3.080779 0.505858 2.064527 0.150829 0.654950 2.821984 -0.678534 10.590182 -1.821280 -0.957461 0.392095 3.217974
1 inf -9.026086 -0.703600 0.143025 -1.302701 -1.282148 3.081071 0.488834 2.058826 0.147914 0.643978 2.817572 -0.713659 10.545282 -1.836473 -1.001211 0.398461 3.232820
1 inf -9.024962 -0.684893 0.105649 -1.284168 -1.275021 3.108312 0.482925 2.083616 0.168148 0.667264 2.778759 -0.741959 10.532987 -1.847187 -1.017906 0.398085 3.226174
1 inf -9.051635 -0.686276 0.111682 -1.284904 -1.269518 3.113503 0.470672 2.060207 0.171581 0.687816 2.733190 -0.733736 10.547063 -1.839087 -1.065334 0.413776 3.237747
1 inf -9.074816 -0.671092 0.062074 -1.280943 -1.277433 3.139033 0.517577 2.091770 0.172566 0.693018 2.744407 -0.742861 10.549069 -1.842840 -1.066212 0.451695 3.262361
1 inf -9.066829 -0.653030 0.039278 -1.280110 -1.292159 3.125610 0.494632 2.083807 0.183254 0.691094 2.735821 -0.745367 10.550105 -1.835838 -1.069764 0.443605 3.304092
1 inf -9.119669 -0.667250 0.065747 -1.260860 -1.291836 3.112805 0.500283 2.090696 0.177649 0.692678 2.734030 -0.732816 10.551788 -1.822778 -1.080161 0.462313 3.329041
1 inf -9.147860 -0.727209 0.037622 -1.268441 -1.317320 3.106761 0.511283 2.112689 0.187247 0.649848 2.739535 -0.722845 10.538589 -1.825535 -1.067814 0.443418 3.347070
1 inf -9.121572 -0.697041 0.047626 -1.305434 -1.323554 3.108630 0.504318 2.072368 0.186996 0.654894 2.736216 -0.731679 10.532008 -1.837086 -1.065331 0.402625 3.354267
1 inf -9.131652 -0.717558 0.061981 -1.261535 -1.355205 3.091080 0.452579 2.057286 0.202612 0.656920 2.762902 -0.756387 10.529930 -1.833436 -1.032805 0.434038 3.392535
1 inf -9.134221 -0.718812 0.060533 -1.261269 -1.341629 3.092101 0.453750 2.048862 0.231928 0.649211 2.781406 -0.755735 10.501591 -1.847040 -1.070641 0.419758 3.378457
1 inf -9.133880 -0.740799 0.043684 -1.278871 -1.324557 3.127017 0.494715 2.073134 0.253891 0.668565 2.797634 -0.748851 10.488823 -1.861210 -1.070401 0.405402 3.372899
1 inf -9.100693 -0.731745 0.086930 -1.247509 -1.362145 3.132906 0.508698 2.092256 0.280071 0.663187 2.771119 -0.761414 10.490653 -1.845303 -1.091324 0.413195 3.363656
1 inf -9.106493 -0.749356 0.097432 -1.223897 -1.350171 3.142374 0.499214 2.074204 0.319582 0.666854 2.773370 -0.772419 10.507067 -1.840135 -1.111781 0.368960 3.372947
1 inf -9.127043 -0.741573 0.103359 -1.247235 -1.317249 3.141103 0.496985 2.070132 0.308695 0.634997 2.789864 -0.776361 10.517046 -1.841798 -1.124603 0.360287 3.395327
1 inf -9.105126 -0.768626 0.137490 -1.255970 -1.299804 3.132440 0.496995 2.083506 0.323814 0.634594 2.797589 -0.753956 10.525753 -1.822712 -1.122806 0.370072 3.401687
1 inf -9.101704 -0.775060 0.125833 -1.216563 -1.290392 3.143593 0.517347 2.128973 0.342670 0.646700 2.777541 -0.744686 10.489715 -1.789371 -1.127373 0.362276 3.413623
1 inf -9.048856 -0.795463 0.120733 -1.229125 -1.292360 3.181886 0.532231 2.136046 0.359118 0.629641 2.832064 -0.785237 10.512720 -1.780303 -1.111920 0.378380 3.424260
1 inf -9.033562 -0.820331 0.127384 -1.216611 -1.294267 3.206830 0.534064 2.164668 0.329414 0.644483 2.889887 -0.771271 10.517889 -1.802735 -1.079175 0.356842 3.418878
1 inf -9.028501 -0.815852 0.123283 -1.188818 -1.311387 3.201600 0.526679 2.175975 0.311326 0.637420 2.927358 -0.795913 10.510742 -1.803906 -1.099991 0.365684 3.382591
1 inf -8.984819 -0.845025 0.118777 -1.221138 -1.332485 3.192600 0.513687 2.154708 0.293448 0.683014 2.899198 -0.787175 10.516901 -1.785575 -1.118446 0.401102 3.371354
1 inf -8.967553 -0.864522 0.134513 -1.240925 -1.320895 3.197397 0.492837 2.200551 0.321748 0.688803 2.915216 -0.805545 10.544512 -1.801671 -1.144691 0.372251 3.340522
1 inf -8.976802 -0.858950 0.093193 -1.214289 -1.285058 3.208372 0.477520 2.168876 0.329796 0.683695 2.937482 -0.810685 10.526760 -1.788266 -1.145963 0.395655 3.303898
1 inf -8.974847 -0.873318 0.071762 -1.192895 -1.311028 3.173507 0.482877 2.180547 0.361345 0.692107 2.944714 -0.789134 10.522374 -1.774654 -1.089015 0.395287 3.303269
1 inf -8.969041 -0.859053 0.082029 -1.179026 -1.276631 3.128333 0.520169 2.179263 0.344816 0.725538 2.904772 -0.804227 10.523520 -1.796351 -1.073034 0.396739 3.282597
1 inf -8.974123 -0.877989 0.069909 -1.190473 -1.279765 3.124954 0.490482 2.193196 0.350309 0.777369 2.932195 -0.815458 10.533933 -1.780911 -1.111722 0.396740 3.254539
1 inf -8.957736 -0.882757 0.100523 -1.174253 -1.306759 3.132802 0.501741 2.159249 0.336243 0.754362 2.923604 -0.817203 10.544908 -1.805834 -1.094456 0.377964 3.257008
1 inf -8.954563 -0.897260 0.131979 -1.170662 -1.312758 3.131238 0.522984 2.178108 0.317954 0.765763 2.949270 -0.806868 10.560520 -1.802313 -1.096309 0.391331 3.283055
