1 inf -8.178002 -0.342378 -0.381095 -2.773169 -1.366081 2.647452 -0.094042 2.110883 -0.611397 0.535308 2.106328 -0.175257 11.188338 -0.667173 -0.623407 -0.050072 3.851947
1 inf -8.155510 -0.343234 -0.380721 -2.789006 -1.360558 2.664833 -0.131965 2.112191 -0.630847 0.552369 2.096927 -0.197040 11.184970 -0.684240 -0.619175 -0.049950 3.852847
1 inf -8.176846 -0.325333 -0.336833 -2.839323 -1.342970 2.691048 -0.136350 2.104935 -0.629533 0.542204 2.076568 -0.182414 11.178397 -0.690289 -0.653093 -0.037890 3.843029
1 inf -8.178683 -0.343730 -0.324271 -2.823962 -1.320386 2.705231 -0.124832 2.097677 -0.644560 0.508941 2.087449 -0.164359 11.194734 -0.685687 -0.648876 -0.050147 3.872750
1 inf -8.217373 -0.345511 -0.358950 -2.784160 -1.327950 2.704056 -0.146798 2.104817 -0.643218 0.495831 2.043391 -0.154284 11.178154 -0.713617 -0.655414 -0.037676 3.844793
1 inf -8.274840 -0.312166 -0.370638 -2.801248 -1.320974 2.733625 -0.144244 2.117583 -0.651292 0.504112 2.022262 -0.138030 11.180493 -0.698630 -0.676975 -0.036430 3.839755
1 inf -8.289732 -0.311849 -0.389225 -2.815662 -1.350086 2.718471 -0.188740 2.185125 -0.657972 0.484037 2.012841 -0.150557 11.183444 -0.666388 -0.646070 -0.035406 3.838046
1 inf -8.260942 -0.296889 -0.405869 -2.819938 -1.357261 2.684492 -0.186097 2.156611 -0.654795 0.491087 2.007296 -0.176480 11.175448 -0.666727 -0.622295 -0.038166 3.801750
1 inf -8.261132 -0.310049 -0.482728 -2.825942 -1.352683 2.670041 -0.149514 2.141757 -0.670522 0.489790 2.027424 -0.163278 11.153073 -0.669965 -0.649240 -0.020728 3.865016
1 inf -8.303025 -0.305531 -0.493112 -2.811698 -1.339241 2.650727 -0.128196 2.172320 -0.644145 0.430527 2.054244 -0.163401 11.164273 -0.661920 -0.632052 -0.005645 3.844325
1 inf -8.284344 -0.311645 -0.518049 -2.803048 -1.349781 2.653645 -0.125974 2.147070 -0.612290 0.449922 2.051742 -0.158424 11.151506 -0.698774 -0.602643 -0.015875 3.841994
1 inf -8.264872 -0.296243 -0.515993 -2.803541 -1.358660 2.640290 -0.118039 2.144059 -0.636331 0.495870 2.053140 -0.162454 11.155013 -0.714293 -0.602168 -0.052218 3.851269
1 inf -8.292985 -0.258720 -0.510717 -2.795002 -1.349558 2.614367 -0.086866 2.167893 -0.666320 0.512058 2.077677 -0.188499 11.180366 -0.752211 -0.596881 -0.065368 3.878946
1 inf -8.294992 -0.268731 -0.496416 -2.819408 -1.382192 2.637953 -0.096139 2.175211 -0.715241 0.525069 2.042539 -0.189504 11.186739 -0.734761 -0.592341 -0.109007 3.873255
1 inf -8.288380 -0.273385 -0.487208 -2.825017 -1.432480 2.623034 -0.105635 2.164058 -0.746804 0.516439 2.005786 -0.165646 11.230486 -0.741773 -0.551004 -0.118171 3.861786
1 inf -8.306720 -0.225526 -0.485689 -2.844608 -1.444714 2.631928 -0.075168 2.154097 -0.721952 0.516875 1.995046 -0.183087 11.229849 -0.699414 -0.532437 -0.139559 3.819718
1 inf -8.300500 -0.242222 -0.453123 -2.816069 -1.474138 2.606135 -0.047414 2.144921 -0.739947 0.527747 1.964436 -0.155163 11.201950 -0.704125 -0.523345 -0.131453 3.850999
1 inf -8.316501 -0.254979 -0.449042 -2.794403 -1.482548 2.618905 -0.035706 2.128148 -0.739612 0.563551 1.996928 -0.127625 11.183858 -0.701077 -0.523495 -0.111038 3.854525
1 inf -8.318251 -0.249618 -0.425908 -2.784566 -1.469142 2.630218 -0.059833 2.129458 -0.750695 0.577773 2.007373 -0.150067 11.192856 -0.673262 -0.518761 -0.113250 3.871394
1 inf -8.306243 -0.252077 -0.415430 -2.819020 -1.509693 2.626684 -0.041241 2.123147 -0.758957 0.601983 2.003760 -0.142715 11.210078 -0.684210 -0.510834 -0.130609 3.875399
1 inf -8.283135 -0.282679 -0.380521 -2.832708 -1.505789 2.597919 -0.056418 2.100388 -0.773169 0.554214 2.058214 -0.185235 11.200331 -0.695770 -0.530813 -0.114728 3.896431
1 inf -8.290499 -0.267343 -0.386807 -2.845599 -1.490935 2.629589 -0.042150 2.137665 -0.770598 0.565148 2.049187 -0.197631 11.219482 -0.709721 -0.519387 -0.110878 3.892222
1 inf -8.289324 -0.277919 -0.359689 -2.873843 -1.508447 2.586772 -0.020922 2.170912 -0.774046 0.573774 2.079380 -0.203891 11.221115 -0.705874 -0.503753 -0.117470 3.893847
1 inf -8.306281 -0.289018 -0.319418 -2.866845 -1.524033 2.585697 -0.018975 2.178579 -0.735004 0.580875 2.101359 -0.232608 11.222462 -0.682769 -0.473276 -0.104736 3.883516
1 inf -8.306114 -0.254091 -0.354099 -2.850441 -1.552244 2.564254 -0.003521 2.164459 -0.695567 0.580840 2.084465 -0.230223 11.194100 -0.652547 -0.467229 -0.134980 3.889493
1 inf -8.316203 -0.239222 -0.368798 -2.844111 -1.573265 2.570826 0.005969 2.189068 -0.719106 0.556664 2.073584 -0.250497 11.246825 -0.631503 -0.438182 -0.115045 3.893452
1 inf -8.350344 -0.210453 -0.344207 -2.839240 -1.601969 2.555047 -0.032629 2.179293 -0.729744 0.565793 2.026058 -0.272734 11.271675 -0.618318 -0.435801 -0.105556 3.868484
1 inf -8.370488 -0.196701 -0.369976 -2.851369 -1.617073 2.558586 -0.038928 2.221327 -0.720067 0.567445 1.993622 -0.262107 11.260355 -0.595896 -0.413949 -0.120750 3.919394
1 inf -8.381207 -0.224359 -0.365978 -2.808956 -1.635612 2.569759 -0.017264 2.215967 -0.747764 0.548860 1.966875 -0.283580 11.306268 -0.575908 -0.399695 -0.120564 3.925668
1 inf -8.371738 -0.223971 -0.366876 -2.793728 -1.648065 2.542246 -0.056771 2.199588 -0.790157 0.567355 1.971936 -0.282243 11.283940 -0.568033 -0.412653 -0.090493 3.941427
1 inf -8.317714 -0.187135 -0.371625 -2.804666 -1.649374 2.535916 -0.053048 2.199423 -0.779989 0.594721 1.972094 -0.259502 11.237224 -0.586478 -0.384149 -0.069248 3.896676
1 inf -8.319981 -0.210302 -0.368534 -2.831577 -1.656859 2.559193 -0.097311 2.239431 -0.762256 0.623132 1.995225 -0.268516 11.244328 -0.619059 -0.359496 -0.092586 3.886915
1 inf -8.299865 -0.227274 -0.392889 -2.824831 -1.660769 2.572361 -0.085514 2.211857 -0.750573 0.601943 1.996277 -0.230218 11.269481 -0.608330 -0.361785 -0.079318 3.862504
1 inf -8.242753 -0.213364 -0.389082 -2.793600 -1.593387 2.568376 -0.054033 2.196489 -0.745383 0.642614 1.954620 -0.249637 11.267555 -0.596131 -0.327805 -0.077118 3.825985
1 inf -8.207717 -0.216960 -0.377831 -2.795647 -1.607799 2.539642 -0.093035 2.199287 -0.748333 0.635761 1.930448 -0.237496 11.241419 -0.593184 -0.329181 -0.106269 3.857998
1 inf -8.211223 -0.219660 -0.394654 -2.785599 -1.591248 2.550300 -0.076824 2.167470 -0.765871 0.639623 1.909862 -0.246761 11.250397 -0.619287 -0.326912 -0.026402 3.866329
1 inf -8.207251 -0.215443 -0.391546 -2.789521 -1.568266 2.518469 -0.072804 2.144313 -0.750261 0.653645 1.880470 -0.238995 11.247177 -0.637524 -0.339683 -0.046682 3.881590
1 inf -8.188512 -0.215642 -0.383903 -2.778876 -1.591062 2.532003 -0.061702 2.133604 -0.750394 0.657592 1.855502 -0.218197 11.259224 -0.616783 -0.352265 -0.037653 3.838895
1 inf -8.205913 -0.199157 -0.373041 -2.782687 -1.604459 2.534384 -0.049734 2.140365 -0.706877 0.671713 1.851125 -0.200362 11.243272 -0.627424 -0.367433 -0.025449 3.895957
1 inf -8.203988 -0.207104 -0.370586 -2.779545 -1.598345 2.540646 -0.022419 2.158689 -0.714631 0.654046 1.837650 -0.203072 11.226137 -0.622481 -0.361710 -0.054015 3.885702
1 inf -8.233452 -0.251350 -0.371900 -2.778625 -1.606108 2.521339 -0.009577 2.125588 -0.736079 0.668434 1.821012 -0.242552 11.224430 -0.645425 -0.338032 -0.027187 3.870070
1 inf -8.255235 -0.244163 -0.407339 -2.788344 -1.622302 2.525856 -0.014644 2.093785 -0.703162 0.669835 1.818083 -0.226027 11.221227 -0.634385 -0.324086 -0.008738 3.831910
1 inf -8.229952 -0.252482 -0.395729 -2.779223 -1.604116 2.520384 -0.017470 2.109726 -0.688926 0.642496 1.839891 -0.230170 11.171037 -0.625377 -0.325908 -0.019972 3.811866
1 inf -8.229155 -0.214663 -0.382879 -2.780397 -1.594632 2.520331 -0.033290 2.082433 -0.672903 0.650840 1.807160 -0.256398 11.190860 -0.639501 -0.316756 -0.013988 3.846346
1 inf -8.244466 -0.191841 -0.378174 -2.823917 -1.574250 2.502027 -0.047821 2.098749 -0.667323 0.655908 1.780686 -0.208776 11.190661 -0.633947 -0.282131 0.023535 3.832324
1 inf -8.276862 -0.153806 -0.400833 -2.873439 -1.555724 2.466361 -0.056042 2.122584 -0.685628 0.677705 1.804974 -0.203470 11.220781 -0.612933 -0.257388 0.011919 3.840063
1 inf -8.253791 -0.136810 -0.414218 -2.852155 -1.527820 2.481186 -0.060594 2.135266 -0.706559 0.673198 1.795572 -0.201937 11.203413 -0.576221 -0.273783 0.010183 3.835782
1 inf -8.260239 -0.187992 -0.426776 -2.862701 -1.546486 2.516411 -0.065067 2.138736 -0.719348 0.654013 1.800551 -0.240930 11.201800 -0.577432 -0.277291 0.012302 3.822893
1 inf -8.234771 -0.180609 -0.432420 -2.852668 -1.539817 2.491518 -0.047868 2.138067 -0.740044 0.654949 1.794615 -0.245113 11.207924 -0.562837 -0.275174 -0.005159 3.819487
1 inf -8.242363 -0.181043 -0.431587 -2.850396 -1.508227 2.473162 -0.035328 2.111461 -0.747369 0.647112 1.818506 -0.187642 11.193001 -0.565166 -0.264659 -0.023494 3.788956
1 inf -8.266815 -0.181592 -0.418564 -2.835722 -1.481588 2.462456 -0.013048 2.125089 -0.762186 0.653227 1.847535 -0.165884 11.210757 -0.542317 -0.307979 -0.028208 3.804484
1 inf -8.237323 -0.141337 -0.421282 -2.864023 -1.467684 2.445046 -0.008759 2.108237 -0.767922 0.661355 1.829481 -0.189050 11.215299 -0.526070 -0.300501 0.001920 3.812918
1 inf -8.260536 -0.132138 -0.436389 -2.847090 -1.487890 2.451266 -0.018868 2.092789 -0.779110 0.673955 1.803440 -0.218970 11.181911 -0.521603 -0.340960 0.021545 3.767927
1 inf -8.284214 -0.128840 -0.444203 -2.822846 -1.472497 2.450876 0.016293 2.095618 -0.780119 0.708577 1.787933 -0.231849 11.198256 -0.533909 -0.332935 0.026732 3.768603
1 inf -8.295834 -0.136151 -0.473964 -2.832767 -1.451032 2.479598 0.030527 2.102795 -0.785657 0.661673 1.775346 -0.230700 11.205297 -0.501727 -0.347782 0.019214 3.768455
1 inf -8.287009 -0.129374 -0.494509 -2.856364 -1.460593 2.484655 0.036019 2.075090 -0.756908 0.661760 1.773170 -0.231480 11.243950 -0.501516 -0.357029 0.003823 3.767367
1 inf -8.273677 -0.154364 -0.471894 -2.841525 -1.478483 2.456183 0.039903 2.118434 -0.731972 0.661833 1.779660 -0.258216 11.206260 -0.500233 -0.345126 0.014279 3.770201
1 inf -8.262148 -0.199893 -0.468459 -2.847679 -1.497325 2.445918 0.012383 2.110297 -0.733131 0.725746 1.823190 -0.288230 11.175660 -0.528877 -0.344629 0.026387 3.785347
1 inf -8.251565 -0.177156 -0.502140 -2.847704 -1.505719 2.451347 0.037049 2.114745 -0.713692 0.729036 1.772645 -0.294691 11.236190 -0.527278 -0.366329 0.021757 3.751369
1 inf -8.229615 -0.161343 -0.492062 -2.861808 -1.504364 2.430821 0.046877 2.106112 -0.711216 0.744171 1.774054 -0.317996 11.229258 -0.491344 -0.424293 0.017133 3.781913
1 inf -8.280726 -0.141734 -0.468879 -2.860670 -1.480665 2.395474 0.047516 2.059145 -0.705210 0.733785 1.775165 -0.364616 11.226286 -0.538485 -0.462237 0.024282 3.810206
1 inf -8.287155 -0.114744 -0.479179 -2.868046 -1.495356 2.369481 0.063038 2.002397 -0.676036 0.771153 1.758788 -0.367966 11.240665 -0.551816 -0.453785 0.030239 3.831346
1 inf -8.283498 -0.106590 -0.547578 -2.883459 -1.503201 2.387353 0.103520 2.020632 -0.689692 0.761574 1.746618 -0.404725 11.228959 -0.545559 -0.457176 0.069196 3.886579
1 inf -8.273157 -0.094971 -0.557323 -2.878652 -1.519650 2.374546 0.101518 1.976401 -0.647635 0.733350 1.778736 -0.430304 11.213723 -0.520903 -0.464909 0.068060 3.860508
1 inf -8.274882 -0.042797 -0.587628 -2.905791 -1.521510 2.365240 0.104762 1.953737 -0.656655 0.727568 1.792640 -0.443650 11.226932 -0.524560 -0.475762 0.102531 3.853572
1 inf -8.280210 -0.039255 -0.587712 -2.894503 -1.514269 2.354973 0.068129 1.939321 -0.647022 0.741719 1.802813 -0.429978 11.230808 -0.526737 -0.468445 0.141064 3.873053
1 inf -8.289756 -0.031010 -0.574848 -2.873666 -1.493880 2.369350 0.091848 1.911408 -0.680257 0.718439 1.810032 -0.468788 11.214335 -0.491803 -0.487056 0.161468 3.890705
1 inf -8.304802 -0.036066 -0.556849 -2.875730 -1.500624 2.380294 0.145633 1.909554 -0.664434 0.718113 1.835771 -0.447012 11.225463 -0.481853 -0.500805 0.172551 3.913648
1 inf -8.303245 -0.013518 -0.561496 -2.863859 -1.482078 2.360169 0.161538 1.927900 -0.639794 0.695865 1.839495 -0.463892 11.220482 -0.462651 -0.474643 0.166896 3.877864
1 inf -8.342677 -0.000788 -0.561335 -2.844753 -1.443149 2.336695 0.208739 1.987301 -0.620225 0.693433 1.835337 -0.431460 11.192384 -0.478007 -0.474670 0.163105 3.879505
1 inf -8.338587 -0.007953 -0.590828 -2.821885 -1.465579 2.338053 0.201074 1.947364 -0.632300 0.716925 1.833955 -0.397741 11.168375 -0.491726 -0.489800 0.108433 3.882490
1 inf -8.320577 -0.009271 -0.586851 -2.807517 -1.447522 2.338058 0.231493 1.926028 -0.665543 0.726010 1.828067 -0.405901 11.167180 -0.462996 -0.520534 0.074846 3.886993
1 inf -8.337147 -0.001038 -0.591467 -2.778963 -1.466186 2.343489 0.243536 1.928093 -0.672265 0.708742 1.847658 -0.435389 11.186827 -0.418756 -0.466494 0.060201 3.880424
1 inf -8.331284 -0.017903 -0.582919 -2.787608 -1.434683 2.324100 0.277689 1.945972 -0.678910 0.722277 1.803172 -0.433489 11.191556 -0.437664 -0.487313 0.036844 3.901383
1 inf -8.339715 -0.009148 -0.604012 -2.784411 -1.430918 2.298991 0.278844 1.930122 -0.649560 0.669375 1.785989 -0.450039 11.196174 -0.429665 -0.458713 0.054553 3.944316
1 inf -8.358219 -0.005697 -0.618037 -2.772314 -1.434592 2.318781 0.272277 1.940158 -0.620699 0.703114 1.853813 -0.453260 11.190221 -0.464518 -0.440308 0.073543 3.937948
1 inf -8.364957 -0.039110 -0.617417 -2.749219 -1.413752 2.306736 0.301683 1.922768 -0.621474 0.694874 1.842156 -0.463559 11.183510 -0.447424 -0.438980 0.048434 3.939764
1 inf -8.372921 -0.008117 -0.617450 -2.782507 -1.435194 2.344162 0.290457 1.931835 -0.603887 0.685161 1.879970 -0.483949 11.188446 -0.458176 -0.450461 0.037601 3.979136
1 inf -8.370278 -0.027843 -0.596449 -2.800334 -1.431207 2.336791 0.297510 1.955232 -0.597730 0.719620 1.833643 -0.467362 11.191847 -0.484043 -0.451711 0.029276 4.034293
1 inf -8.384894 -0.042666 -0.603207 -2.779037 -1.439121 2.343103 0.277063 1.899161 -0.583501 0.738171 1.839675 -0.465541 11.198258 -0.459916 -0.471243 0.047710 4.045716
1 inf -8.344303 -0.066573 -0.596962 -2.740416 -1.473532 2.363527 0.277897 1.891120 -0.595390 0.718638 1.862811 -0.424864 11.191283 -0.490590 -0.437586 0.022588 4.040820
1 inf -8.333302 -0.075566 -0.615310 -2.756885 -1.453294 2.333822 0.289875 1.913538 -0.602399 0.731673 1.866265 -0.422867 11.147030 -0.467321 -0.491900 0.031967 4.028390
1 inf -8.305667 -0.095506 -0.642219 -2.752358 -1.514560 2.316627 0.303892 1.910037 -0.560164 0.725507 1.875596 -0.427636 11.195814 -0.473053 -0.516387 0.024494 4.008505
1 inf -8.308468 -0.072016 -0.640068 -2.764552 -1.532191 2.353470 0.341506 1.903395 -0.534420 0.738138 1.865714 -0.449680 11.213135 -0.488020 -0.486298 0.007594 4.014171
1 inf -8.263888 -0.064336 -0.617791 -2.798007 -1.524030 2.383255 0.364282 1.927008 -0.541466 0.751959 1.884509 -0.493004 11.242155 -0.461775 -0.488515 0.005561 4.031694
1 inf -8.246828 -0.049326 -0.674756 -2.788401 -1.535926 2.367636 0.362765 1.944421 -0.526467 0.725596 1.917176 -0.498374 11.235015 -0.431654 -0.484749 0.025313 4.062849
1 inf -8.221727 -0.036848 -0.663582 -2.809741 -1.533444 2.367092 0.353992 1.930602 -0.503819 0.713888 1.934015 -0.515647 11.196240 -0.440512 -0.481580 0.052625 4.056364
1 inf -8.232313 -0.027462 -0.676951 -2.838497 -1.511154 2.356087 0.368279 1.949952 -0.529601 0.705357 1.943474 -0.523889 11.202629 -0.474151 -0.466165 0.016267 4.063421
1 inf -8.233680 -0.024748 -0.666278 -2.817659 -1.510078 2.306612 0.356288 1.969135 -0.532895 0.713015 1.899578 -0.513510 11.253055 -0.475660 -0.486604 0.014177 4.063640
1 inf -8.244319 -0.024695 -0.644152 -2.828278 -1.485885 2.292205 0.333804 1.948510 -0.534642 0.677227 1.912015 -0.500560 11.246386 -0.476470 -0.512963 0.006105 4.081208
1 inf -8.225948 -0.034728 -0.649775 -2.848290 -1.475448 2.297214 0.303289 1.942900 -0.512977 0.644061 1.912828 -0.486354 11.233545 -0.432179 -0.517028 0.022501 4.060173
1 inf -8.244211 -0.023445 -0.650496 -2.840058 -1.471031 2.270943 0.325328 1.936330 -0.533027 0.611248 1.889632 -0.482727 11.270060 -0.434706 -0.516227 0.008522 4.110555
1 inf -8.220310 -0.042200 -0.643790 -2.854376 -1.453238 2.286994 0.275280 1.935476 -0.495763 0.580552 1.874195 -0.489933 11.286876 -0.464511 -0.515348 0.009467 4.104084
1 inf -8.212993 -0.032842 -0.621712 -2.867728 -1.450974 2.289483 0.273982 1.919018 -0.468479 0.591709 1.884962 -0.471890 11.309180 -0.444234 -0.545954 0.037095 4.099487
1 inf -8.246654 -0.030250 -0.590418 -2.889034 -1.411276 2.290625 0.245671 1.930963 -0.483702 0.600576 1.895506 -0.451317 11.344165 -0.464287 -0.521453 0.016541 4.109673
1 inf -8.251959 -0.035776 -0.584456 -2.900003 -1.416604 2.286497 0.207395 1.905196 -0.502003 0.588910 1.902621 -0.441518 11.319615 -0.505896 -0.518906 0.005849 4.125817
1 inf -8.244951 -0.032868 -0.629312 -2.907119 -1.435274 2.274696 0.229256 1.913587 -0.475189 0.573959 1.871466 -0.446965 11.361885 -0.499240 -0.521404 -0.015404 4.144453
1 inf -8.223026 -0.057207 -0.599764 -2.905945 -1.448610 2.278435 0.239049 1.923695 -0.520098 0.594299 1.843347 -0.497472 11.390466 -0.507231 -0.556640 -0.016450 4.155018
1 inf -8.222744 -0.073241 -0.614674 -2.908281 -1.452401 2.270720 0.224636 1.952659 -0.524368 0.591977 1.882839 -0.537084 11.426651 -0.514554 -0.569522 -0.006565 4.142774
1 inf -8.244644 -0.085895 -0.600175 -2.881526 -1.474468 2.237767 0.228652 1.960586 -0.550465 0.556696 1.880370 -0.518422 11.442526 -0.519030 -0.578165 -0.012400 4.149154
1 inf -8.280723 -0.055511 -0.585926 -2.897771 -1.473749 2.226875 0.208921 1.961697 -0.547255 0.557158 1.873849 -0.538081 11.440096 -0.532237 -0.572657 -0.039363 4.142148
1 inf -8.292321 -0.091212 -0.569134 -2.917458 -1.480065 2.219232 0.177777 1.958651 -0.518588 0.561311 1.891857 -0.542619 11.420845 -0.555792 -0.564330 -0.020455 4.127654
1 inf -8.332297 -0.063222 -0.555040 -2.925798 -1.506114 2.240070 0.171849 1.977498 -0.519025 0.557808 1.885008 -0.555575 11.413548 -0.588608 -0.608560 -0.006245 4.140192
1 inf -8.329808 -0.044008 -0.582369 -2.925272 -1.516879 2.248237 0.146754 1.987655 -0.494286 0.572058 1.873918 -0.584048 11.396529 -0.622928 -0.627267 -0.016363 4.112391
1 inf -8.323553 -0.025464 -0.599823 -2.926430 -1.513951 2.285761 0.163914 1.993642 -0.468424 0.561906 1.881749 -0.590796 11.387216 -0.627945 -0.596828 -0.027317 4.106795
1 inf -8.262382 -0.037411 -0.579730 -2.948410 -1.527682 2.303584 0.170041 2.013282 -0.489190 0.561658 1.866567 -0.514226 11.380420 -0.611021 -0.620199 -0.031653 4.078725
1 inf -8.270750 -0.021902 -0.549202 -2.948476 -1.488395 2.296940 0.201248 2.028379 -0.486654 0.579703 1.896490 -0.508819 11.377345 -0.618028 -0.605009 -0.038178 4.103805
1 inf -8.292356 -0.036689 -0.551081 -2.958685 -1.497114 2.261705 0.220838 2.060100 -0.469851 0.573953 1.930551 -0.547627 11.382537 -0.614857 -0.591201 -0.038370 4.075790
1 inf -8.279960 -0.070743 -0.575946 -2.961113 -1.464664 2.238046 0.208550 2.099079 -0.458089 0.568942 1.910991 -0.541512 11.356840 -0.601631 -0.562539 -0.041726 4.065570
1 inf -8.313535 -0.071086 -0.562524 -2.974223 -1.427797 2.236362 0.214364 2.132012 -0.492098 0.571721 1.900357 -0.532003 11.383966 -0.569035 -0.571098 -0.078637 4.095699
1 inf -8.316178 -0.098359 -0.537162 -2.992873 -1.411404 2.263586 0.229173 2.115051 -0.515022 0.562565 1.867274 -0.526299 11.435575 -0.578529 -0.560535 -0.066459 4.080772
1 inf -8.311459 -0.103621 -0.546086 -3.001706 -1.413855 2.264602 0.232091 2.123135 -0.533658 0.533237 1.898120 -0.494935 11.422615 -0.620632 -0.585497 -0.043236 4.065592
1 inf -8.347881 -0.109645 -0.539884 -2.996691 -1.436113 2.248838 0.213282 2.119928 -0.504271 0.510425 1.906417 -0.494992 11.427789 -0.600193 -0.569612 -0.025928 4.081591
1 inf -8.338118 -0.091655 -0.537631 -2.975753 -1.451935 2.248635 0.237961 2.113727 -0.489111 0.536821 1.889449 -0.485211 11.432013 -0.603212 -0.578156 -0.011013 4.090819
1 inf -8.345477 -0.066502 -0.523123 -2.983479 -1.451848 2.259869 0.239995 2.134533 -0.461843 0.487125 1.866220 -0.483818 11.408603 -0.604059 -0.597125 0.012829 4.104911
1 inf -8.380896 -0.077763 -0.552423 -2.983263 -1.424048 2.250596 0.222077 2.097125 -0.442237 0.478481 1.862033 -0.465475 11.432566 -0.608655 -0.581260 -0.008844 4.129147
1 inf -8.413288 -0.068181 -0.557185 -2.976448 -1.449106 2.301739 0.210505 2.097612 -0.430063 0.475309 1.895120 -0.472812 11.419711 -0.628077 -0.589660 0.002101 4.119006
1 inf -8.401934 -0.056607 -0.571406 -2.989034 -1.459155 2.271896 0.194998 2.105596 -0.408155 0.460383 1.873750 -0.496801 11.423521 -0.636436 -0.568480 0.010682 4.119007
1 inf -8.412124 -0.036511 -0.559003 -3.003031 -1.478545 2.230984 0.203122 2.093907 -0.414636 0.427075 1.885877 -0.473124 11.425660 -0.667757 -0.566450 -0.006580 4.135365
1 inf -8.389792 -0.038909 -0.570999 -2.977146 -1.478554 2.236493 0.220186 2.110577 -0.405215 0.430772 1.899516 -0.469196 11.429470 -0.685983 -0.582442 -0.016452 4.132127
1 inf -8.386175 -0.026607 -0.534268 -2.989551 -1.482185 2.204808 0.212993 2.090734 -0.397239 0.396211 1.917462 -0.468911 11.448106 -0.707870 -0.549315 -0.017596 4.163934
1 inf -8.392531 -0.004744 -0.560864 -3.002418 -1.507381 2.231188 0.190837 2.088726 -0.423034 0.387917 1.958189 -0.503993 11.434796 -0.703729 -0.577670 -0.023051 4.157229
1 inf -8.384879 -0.060239 -0.547510 -3.030369 -1.528100 2.246059 0.126714 2.122116 -0.457059 0.397733 1.991773 -0.525833 11.440671 -0.717804 -0.581236 -0.015174 4.182952
1 inf -8.371192 -0.095254 -0.502249 -3.045697 -1.463666 2.233005 0.133743 2.141952 -0.428910 0.381274 2.013429 -0.530775 11.435126 -0.754133 -0.547363 -0.014000 4.164877
1 inf -8.385900 -0.083472 -0.478418 -3.018921 -1.462768 2.262310 0.098517 2.121301 -0.431047 0.383915 2.024828 -0.540870 11.446096 -0.772179 -0.528486 0.031621 4.203490
1 inf -8.331182 -0.077994 -0.494501 -3.005494 -1.477375 2.224610 0.091466 2.084664 -0.418726 0.373043 2.028784 -0.558698 11.413163 -0.776954 -0.537196 -0.003019 4.221020
1 inf -8.291641 -0.089189 -0.493780 -3.001956 -1.469346 2.233680 0.066815 2.060662 -0.414343 0.362951 2.012791 -0.548656 11.382577 -0.779232 -0.569692 -0.015610 4.194203
1 inf -8.317153 -0.093527 -0.518185 -2.988259 -1.471948 2.241914 0.048768 2.021980 -0.410133 0.310085 2.026921 -0.521374 11.380931 -0.793553 -0.568841 -0.044782 4.196226
1 inf -8.302508 -0.086733 -0.533160 -2.916464 -1.492126 2.218856 0.046971 2.014223 -0.436898 0.363630 2.039912 -0.555148 11.389275 -0.783788 -0.543049 -0.050643 4.168538
1 inf -8.309156 -0.087048 -0.517368 -2.932617 -1.491122 2.218547 0.064433 2.002444 -0.435914 0.323976 2.056779 -0.515697 11.391970 -0.777479 -0.556545 -0.091335 4.142414
1 inf -8.299051 -0.098327 -0.554554 -2.910688 -1.467843 2.210709 0.058246 2.010747 -0.428510 0.363776 2.069403 -0.498852 11.415368 -0.810031 -0.537508 -0.072704 4.144097
1 inf -8.321256 -0.122739 -0.554942 -2.918956 -1.461917 2.210082 0.020504 2.009780 -0.470102 0.383180 2.071431 -0.529644 11.464938 -0.855767 -0.523224 -0.077380 4.106449
1 inf -8.334476 -0.150904 -0.545349 -2.922665 -1.464891 2.190678 0.012645 1.983738 -0.497699 0.377861 2.084412 -0.546290 11.476645 -0.886275 -0.554705 -0.089479 4.125873
1 inf -8.312852 -0.141685 -0.530499 -2.881524 -1.464596 2.171979 0.001782 1.980512 -0.481310 0.390180 2.082499 -0.554910 11.513022 -0.910063 -0.579188 -0.068366 4.171171
1 inf -8.282225 -0.149171 -0.505749 -2.892251 -1.482896 2.158483 -0.010670 1.946932 -0.463516 0.371096 2.101200 -0.558983 11.469605 -0.947693 -0.580149 -0.095245 4.209223
1 inf -8.276003 -0.162635 -0.521271 -2.897687 -1.518419 2.148451 0.011175 1.924683 -0.457786 0.351254 2.116073 -0.550805 11.490785 -0.932901 -0.549298 -0.080475 4.214199
1 inf -8.256815 -0.166574 -0.511728 -2.926761 -1.513554 2.144771 0.028569 1.921645 -0.441824 0.355965 2.095869 -0.527223 11.501624 -0.939739 -0.555357 -0.126388 4.210641
1 inf -8.284153 -0.200870 -0.540684 -2.918811 -1.506769 2.189667 0.021604 1.918737 -0.486313 0.357847 2.085172 -0.531573 11.476010 -0.951702 -0.521340 -0.166181 4.206842
1 inf -8.258617 -0.180670 -0.545550 -2.880375 -1.464501 2.256797 0.034672 1.918725 -0.515609 0.343086 2.109466 -0.561718 11.458768 -0.952539 -0.502724 -0.177559 4.265457
1 inf -8.271006 -0.182630 -0.512221 -2.915120 -1.448459 2.220436 0.007526 1.896434 -0.523186 0.328713 2.083612 -0.569944 11.434847 -0.940901 -0.515858 -0.179330 4.281039
1 inf -8.244010 -0.176742 -0.494237 -2.942827 -1.449390 2.237056 0.023666 1.890306 -0.512881 0.305235 2.095568 -0.546492 11.423593 -0.942971 -0.506060 -0.207671 4.303268
1 inf -8.295138 -0.161242 -0.508297 -2.944724 -1.415222 2.178179 0.059967 1.868645 -0.536277 0.281316 2.109046 -0.564572 11.397643 -0.951756 -0.516174 -0.222144 4.285282
1 inf -8.296999 -0.165785 -0.522489 -2.921996 -1.403061 2.181666 0.076371 1.876519 -0.549211 0.276190 2.134351 -0.607345 11.404411 -0.925358 -0.527717 -0.201746 4.286197
1 inf -8.314417 -0.143513 -0.533963 -2.938267 -1.370164 2.194471 0.083047 1.867473 -0.533910 0.288281 2.148035 -0.577324 11.423680 -0.916166 -0.521416 -0.187543 4.313646
1 inf -8.301796 -0.121620 -0.514358 -2.938982 -1.357259 2.175271 0.087168 1.838189 -0.537982 0.308978 2.131279 -0.591315 11.441448 -0.935712 -0.511705 -0.199660 4.321881
1 inf -8.269400 -0.096196 -0.523257 -2.932362 -1.366388 2.183487 0.068719 1.863467 -0.545904 0.317090 2.124752 -0.594002 11.424363 -0.950768 -0.505696 -0.221295 4.307703
1 inf -8.249449 -0.092603 -0.499512 -2.925123 -1.320519 2.209801 0.046477 1.877792 -0.571063 0.271278 2.109070 -0.584723 11.419526 -0.963125 -0.505199 -0.180877 4.293315
1 inf -8.284457 -0.083016 -0.523910 -2.929690 -1.340478 2.218890 0.065794 1.852984 -0.601008 0.305685 2.100185 -0.589769 11.458343 -0.965802 -0.540285 -0.189794 4.252253
1 inf -8.244858 -0.080547 -0.534894 -2.936245 -1.362206 2.213833 0.075659 1.862689 -0.574443 0.318308 2.110954 -0.588050 11.481394 -0.967042 -0.538892 -0.178131 4.238054
1 inf -8.230739 -0.090033 -0.513623 -2.911382 -1.382581 2.217855 0.075700 1.863722 -0.585363 0.306310 2.130881 -0.582286 11.504779 -0.942187 -0.556278 -0.189818 4.237531
1 inf -8.217130 -0.114117 -0.489146 -2.893400 -1.415010 2.229997 0.089449 1.881331 -0.599661 0.306119 2.105296 -0.565109 11.495277 -0.952525 -0.573753 -0.194247 4.229785
1 inf -8.208097 -0.115133 -0.499871 -2.919587 -1.395167 2.226515 0.103922 1.895765 -0.620192 0.295771 2.094549 -0.561870 11.480158 -0.964829 -0.592582 -0.212455 4.213053
1 inf -8.169635 -0.105118 -0.492395 -2.877894 -1.393012 2.222631 0.030197 1.908702 -0.640864 0.329075 2.106510 -0.565428 11.481412 -0.963904 -0.604995 -0.209123 4.197216
1 inf -8.176567 -0.085395 -0.478667 -2.858734 -1.394093 2.262777 0.026312 1.905640 -0.643541 0.330500 2.067948 -0.568554 11.486178 -1.012434 -0.576454 -0.211508 4.183089
1 inf -8.145601 -0.094043 -0.475462 -2.825745 -1.415937 2.258168 0.042778 1.936569 -0.663992 0.309319 2.094911 -0.565867 11.445774 -0.971131 -0.564994 -0.186801 4.184351
1 inf -8.128765 -0.092549 -0.445368 -2.805275 -1.404890 2.261008 0.039519 1.948461 -0.678330 0.331329 2.093639 -0.544109 11.474071 -0.984897 -0.561133 -0.197817 4.166128
1 inf -8.096440 -0.052845 -0.449426 -2.801863 -1.398885 2.307062 0.013663 1.975151 -0.660343 0.317754 2.115216 -0.594097 11.460826 -0.991479 -0.551826 -0.220757 4.178742
1 inf -8.101955 -0.033363 -0.464053 -2.795218 -1.425063 2.309797 -0.006836 1.992386 -0.652859 0.366026 2.117259 -0.570860 11.452359 -0.959992 -0.553325 -0.231271 4.146504
1 inf -8.123645 -0.011478 -0.449088 -2.773976 -1.399097 2.277548 0.015692 1.986533 -0.646867 0.380853 2.145091 -0.579871 11.452291 -0.958636 -0.566263 -0.204645 4.181964
1 inf -8.127946 -0.021417 -0.462961 -2.771630 -1.378914 2.268631 0.068247 1.986091 -0.660060 0.376571 2.158272 -0.581438 11.450131 -0.953822 -0.606716 -0.222442 4.135506
1 inf -8.108145 -0.052172 -0.458586 -2.779205 -1.365402 2.286597 0.068730 1.975420 -0.659000 0.388843 2.120314 -0.588848 11.476704 -0.972131 -0.635301 -0.222596 4.166403
1 inf -8.107367 -0.044792 -0.456156 -2.746541 -1.360859 2.284860 0.095504 1.919836 -0.654085 0.385249 2.129935 -0.602970 11.466174 -0.998852 -0.650832 -0.242117 4.149767
1 inf -8.095196 -0.001826 -0.452731 -2.734439 -1.302643 2.286967 0.130369 1.931284 -0.657934 0.407610 2.124189 -0.594461 11.449381 -0.973683 -0.691156 -0.226282 4.138864
1 inf -8.073634 -0.016130 -0.456480 -2.758984 -1.321096 2.279292 0.125663 1.919493 -0.646007 0.404257 2.157988 -0.589901 11.479187 -1.001651 -0.730861 -0.175540 4.163278
1 inf -8.065899 -0.039415 -0.451774 -2.769401 -1.335801 2.303610 0.082375 1.920456 -0.631055 0.440952 2.175336 -0.573788 11.429615 -1.035419 -0.699424 -0.158422 4.159426
1 inf -8.066592 -0.027936 -0.474256 -2.747632 -1.312087 2.285600 0.115023 1.938466 -0.607045 0.445040 2.196360 -0.555149 11.420390 -1.048292 -0.705602 -0.165899 4.136570
1 inf -8.072961 -0.009468 -0.482390 -2.735415 -1.324350 2.306398 0.121852 1.947400 -0.627000 0.440318 2.176157 -0.584997 11.437768 -1.016284 -0.697045 -0.148211 4.128663
1 inf -8.125588 -0.041044 -0.481590 -2.697387 -1.338763 2.314007 0.155857 1.936717 -0.635182 0.420659 2.186744 -0.577142 11.458044 -0.995765 -0.691759 -0.148661 4.149187
1 inf -8.173494 -0.010089 -0.474826 -2.695868 -1.368556 2.327306 0.115493 1.917760 -0.621553 0.453889 2.172552 -0.545607 11.458099 -0.981249 -0.660545 -0.168722 4.174550
1 inf -8.191458 -0.028049 -0.447422 -2.690694 -1.374649 2.315110 0.109517 1.917336 -0.620666 0.493498 2.174950 -0.550262 11.430900 -1.010536 -0.663834 -0.146084 4.185683
1 inf -8.150728 -0.027844 -0.434318 -2.710049 -1.352879 2.297362 0.090373 1.948244 -0.644351 0.480356 2.197795 -0.533454 11.408525 -0.992824 -0.648120 -0.159583 4.191473
1 inf -8.155488 -0.030114 -0.427851 -2.732387 -1.386548 2.308222 0.069767 1.960336 -0.651062 0.508819 2.178654 -0.545402 11.393757 -0.976334 -0.651294 -0.148288 4.180208
1 inf -8.166602 -0.036480 -0.444892 -2.706081 -1.415580 2.323893 0.084437 1.953267 -0.667485 0.494380 2.165765 -0.539242 11.402175 -0.971395 -0.646850 -0.124445 4.221570
1 inf -8.182950 -0.088844 -0.446562 -2.673055 -1.448751 2.284044 0.071842 1.940809 -0.701165 0.492155 2.180063 -0.557603 11.392728 -0.960921 -0.637513 -0.090938 4.214640
1 inf -8.185586 -0.084302 -0.423965 -2.660035 -1.431342 2.314953 0.044792 1.965620 -0.683918 0.498799 2.150971 -0.575916 11.390169 -0.972896 -0.629543 -0.085905 4.201097
1 inf -8.216005 -0.075654 -0.421195 -2.649170 -1.437425 2.344096 0.031981 1.959813 -0.687569 0.527653 2.127562 -0.592115 11.374237 -0.956985 -0.645593 -0.095171 4.178606
1 inf -8.224625 -0.134248 -0.477694 -2.644045 -1.471162 2.321947 0.057438 1.953607 -0.653947 0.517248 2.128247 -0.556509 11.357720 -0.977016 -0.650876 -0.088307 4.224460
1 inf -8.247876 -0.135914 -0.494789 -2.661778 -1.462903 2.313656 0.074069 1.973011 -0.652869 0.527151 2.087662 -0.566225 11.355973 -0.954673 -0.663604 -0.092954 4.258365
1 inf -8.258462 -0.126528 -0.508158 -2.690534 -1.440613 2.302651 0.088356 1.992361 -0.678651 0.518620 2.097121 -0.574467 11.362362 -0.988312 -0.648189 -0.129312 4.265422
1 inf -8.270137 -0.128288 -0.501426 -2.711169 -1.416516 2.350250 0.093631 1.979357 -0.685638 0.552928 2.091461 -0.595912 11.362731 -1.008747 -0.605176 -0.092708 4.190893
1 inf -8.270979 -0.147370 -0.525777 -2.736153 -1.436027 2.338786 0.079994 1.985391 -0.707917 0.573364 2.104477 -0.559256 11.404015 -1.003993 -0.625214 -0.117255 4.224356
1 inf -8.256413 -0.148747 -0.554516 -2.780464 -1.445217 2.318060 0.059490 1.985474 -0.688068 0.559928 2.095440 -0.566482 11.354628 -0.978825 -0.621237 -0.110699 4.200756
1 inf -8.245767 -0.173861 -0.535325 -2.770378 -1.426661 2.332955 -0.003117 1.977040 -0.666902 0.602025 2.091833 -0.547109 11.351523 -0.968199 -0.618241 -0.129507 4.238102
1 inf -8.245273 -0.135599 -0.522954 -2.790219 -1.418602 2.354770 0.022526 1.987317 -0.655491 0.613043 2.102228 -0.551567 11.329091 -0.987364 -0.643549 -0.146742 4.253008
1 inf -8.216683 -0.102820 -0.530405 -2.814388 -1.413823 2.392780 0.025582 1.992059 -0.693123 0.618337 2.118234 -0.541446 11.320633 -0.958487 -0.615012 -0.186200 4.263560
1 inf -8.213446 -0.109182 -0.522282 -2.783595 -1.437020 2.390314 0.040770 1.989093 -0.699779 0.639941 2.111180 -0.605287 11.335753 -0.942982 -0.608622 -0.176147 4.256261
1 inf -8.224321 -0.106706 -0.519014 -2.784362 -1.382829 2.369091 0.007913 1.990127 -0.692584 0.622978 2.103275 -0.615804 11.324017 -0.927491 -0.629864 -0.157924 4.274662
1 inf -8.225876 -0.134948 -0.499672 -2.766432 -1.369761 2.381717 0.003239 1.995526 -0.708396 0.643933 2.098728 -0.630346 11.353200 -0.891566 -0.583672 -0.204419 4.229337
1 inf -8.224255 -0.130176 -0.498817 -2.789363 -1.363997 2.368941 0.007400 2.010396 -0.694185 0.624309 2.104875 -0.636745 11.352953 -0.879663 -0.567759 -0.198019 4.231203
1 inf -8.205053 -0.165911 -0.485701 -2.790844 -1.401021 2.341941 0.035716 1.994500 -0.708381 0.604274 2.129281 -0.649735 11.315338 -0.865331 -0.543664 -0.157415 4.236156
1 inf -8.162325 -0.118860 -0.479513 -2.801119 -1.403158 2.326517 0.062566 1.998190 -0.721109 0.566584 2.095418 -0.625420 11.276186 -0.858068 -0.536437 -0.158510 4.235717
1 inf -8.188362 -0.045509 -0.489653 -2.796047 -1.383041 2.343603 0.057246 1.968338 -0.725038 0.573136 2.089406 -0.598784 11.258782 -0.850808 -0.572439 -0.133967 4.256406
1 inf -8.211497 -0.055646 -0.472339 -2.794216 -1.400712 2.332147 0.016932 1.965009 -0.731647 0.594535 2.061907 -0.598992 11.256731 -0.877354 -0.624718 -0.153779 4.269834
1 inf -8.174192 -0.060409 -0.467717 -2.827433 -1.402573 2.320884 -0.003137 1.901763 -0.753882 0.602803 2.074253 -0.586421 11.240691 -0.883840 -0.648431 -0.185363 4.250629
1 inf -8.161761 -0.071459 -0.456085 -2.817556 -1.418813 2.336334 0.010458 1.953553 -0.749421 0.584819 2.065833 -0.610535 11.255631 -0.903822 -0.661176 -0.175646 4.268383
1 inf -8.133573 -0.094544 -0.417864 -2.827469 -1.424493 2.330507 0.026790 1.953133 -0.737895 0.558979 2.064280 -0.578824 11.276794 -0.917822 -0.668221 -0.145396 4.277677
1 inf -8.108858 -0.073905 -0.436661 -2.854087 -1.403322 2.316168 0.024981 1.941372 -0.751405 0.605220 2.001501 -0.596012 11.269514 -0.891230 -0.618919 -0.082297 4.266401
1 inf -8.132944 -0.076413 -0.419699 -2.873012 -1.426859 2.317109 0.018734 1.979931 -0.742304 0.667001 1.956912 -0.620724 11.248508 -0.890114 -0.598241 -0.078648 4.250004
1 inf -8.140168 -0.075588 -0.433618 -2.886945 -1.480738 2.320759 0.003920 1.994058 -0.738642 0.641528 1.951939 -0.611712 11.237029 -0.912009 -0.597066 -0.094672 4.258884
1 inf -8.140328 -0.055419 -0.445720 -2.910533 -1.460092 2.327195 -0.014711 2.003632 -0.737685 0.649683 1.953580 -0.602626 11.232348 -0.925856 -0.573131 -0.113461 4.236490
1 inf -8.156018 -0.063184 -0.456284 -2.933056 -1.421885 2.323525 -0.014057 1.976403 -0.738116 0.653031 1.958707 -0.578126 11.230397 -0.949235 -0.556554 -0.103473 4.262206
1 inf -8.132094 -0.056799 -0.452962 -2.896045 -1.440607 2.307242 -0.010246 1.959215 -0.739123 0.679079 1.998401 -0.615664 11.266170 -0.960492 -0.556895 -0.089323 4.275829
1 inf -8.110786 -0.033701 -0.430289 -2.896691 -1.443569 2.294815 -0.035227 1.961491 -0.737260 0.679500 2.000274 -0.642498 11.250929 -0.973186 -0.571113 -0.080111 4.270181
1 inf -8.112899 -0.021156 -0.443668 -2.897065 -1.400457 2.274285 -0.032330 1.966349 -0.702123 0.646560 2.045640 -0.610856 11.242234 -0.953400 -0.583495 -0.082003 4.284459
1 inf -8.119110 -0.012319 -0.443930 -2.930525 -1.420454 2.248928 0.001222 1.989628 -0.684958 0.666867 2.023798 -0.600914 11.228285 -0.990817 -0.531039 -0.068979 4.301279
1 inf -8.162651 -0.030904 -0.420114 -2.927843 -1.432585 2.238088 0.001686 1.976002 -0.708450 0.605328 2.024170 -0.592179 11.207620 -0.999268 -0.534464 -0.069960 4.302977
1 inf -8.172311 -0.050505 -0.395963 -2.899701 -1.440635 2.238310 -0.032270 1.973105 -0.710463 0.588242 2.032306 -0.622364 11.218963 -0.970034 -0.552812 -0.052426 4.302216
1 inf -8.154462 -0.028360 -0.440345 -2.914181 -1.461252 2.250152 -0.008984 1.986598 -0.691304 0.593792 2.079111 -0.651026 11.244196 -0.976897 -0.540598 -0.059189 4.307092
1 inf -8.186366 -0.004389 -0.417376 -2.964902 -1.469100 2.218026 -0.001707 2.029553 -0.690526 0.550254 2.097593 -0.655637 11.250535 -1.027583 -0.508113 -0.031954 4.354449
1 inf -8.174383 -0.004539 -0.427471 -2.973375 -1.458991 2.211222 -0.001665 1.994378 -0.701312 0.531419 2.119790 -0.626789 11.242989 -1.003230 -0.539994 -0.032842 4.386614
1 inf -8.186342 -0.005856 -0.426651 -2.974648 -1.429213 2.206155 0.040548 1.992808 -0.687723 0.532960 2.127648 -0.662498 11.284998 -0.991904 -0.553656 -0.052744 4.395240
1 inf -8.175351 -0.017421 -0.443705 -2.967541 -1.426927 2.198374 0.047232 1.985555 -0.714612 0.526282 2.099661 -0.691398 11.269328 -0.994062 -0.575630 -0.055906 4.414292
1 inf -8.158998 -0.008396 -0.455263 -2.952539 -1.458087 2.177894 0.055413 1.967058 -0.711332 0.545193 2.083610 -0.656646 11.293070 -0.983684 -0.565143 -0.056439 4.414925
1 inf -8.172901 -0.015072 -0.469216 -2.950279 -1.453325 2.178689 0.041401 1.940460 -0.680133 0.572810 2.081322 -0.661316 11.309843 -0.986771 -0.596491 -0.065987 4.427701
1 inf -8.163692 -0.010278 -0.464312 -2.945684 -1.450872 2.196976 0.032480 1.929134 -0.658927 0.595516 2.108431 -0.669558 11.298239 -0.936547 -0.534563 -0.070216 4.454765
1 inf -8.148425 -0.000513 -0.459406 -2.944038 -1.474859 2.216473 0.025656 1.944144 -0.667487 0.550908 2.082834 -0.647048 11.309088 -0.894573 -0.544584 -0.088950 4.430384
1 inf -8.143315 -0.009589 -0.510916 -2.954888 -1.504248 2.228263 0.051262 1.970891 -0.655401 0.551928 2.106217 -0.638967 11.316830 -0.874804 -0.546046 -0.089946 4.453257
1 inf -8.095430 -0.008113 -0.491507 -2.945457 -1.502766 2.194699 0.033989 1.979635 -0.660102 0.545512 2.086730 -0.617277 11.312236 -0.844782 -0.528156 -0.084749 4.457502
1 inf -8.088277 -0.005636 -0.520671 -2.937201 -1.475728 2.186906 0.050102 2.011779 -0.654359 0.542301 2.109976 -0.611940 11.283773 -0.846165 -0.566477 -0.094663 4.462637
1 inf -8.095682 -0.030182 -0.534333 -2.937100 -1.482781 2.200905 0.032893 2.038329 -0.620450 0.558991 2.110047 -0.621669 11.301322 -0.828095 -0.560865 -0.119768 4.456074
1 inf -8.108302 -0.011949 -0.534519 -2.908704 -1.447436 2.177564 0.068851 2.056278 -0.630089 0.557774 2.118226 -0.628291 11.290866 -0.836447 -0.531955 -0.104207 4.436644
1 inf -8.090640 -0.045686 -0.558329 -2.943226 -1.426465 2.169134 0.079918 2.056733 -0.642945 0.600896 2.104177 -0.667158 11.313258 -0.819690 -0.553057 -0.109872 4.414868
1 inf -8.098103 -0.028938 -0.556890 -2.977977 -1.443089 2.168653 0.102623 2.057031 -0.655078 0.560997 2.087908 -0.691880 11.308579 -0.833350 -0.546700 -0.120320 4.418420
1 inf -8.094825 -0.034564 -0.531879 -3.003196 -1.448977 2.170051 0.115180 2.006264 -0.681585 0.602278 2.065949 -0.689252 11.340132 -0.849065 -0.551366 -0.120554 4.401706
1 inf -8.072696 -0.035650 -0.515870 -2.997962 -1.441497 2.204555 0.108866 1.981439 -0.715821 0.579168 2.052196 -0.687266 11.308847 -0.859786 -0.552837 -0.152002 4.383478
1 inf -8.041241 -0.058809 -0.523403 -3.000271 -1.448742 2.198594 0.132110 1.977312 -0.724730 0.578614 2.032834 -0.678674 11.263320 -0.861683 -0.585092 -0.143638 4.399357
1 inf -8.053317 -0.078241 -0.514850 -3.014689 -1.457653 2.208293 0.110471 1.969129 -0.742389 0.588434 2.055153 -0.679799 11.251219 -0.861892 -0.611607 -0.176285 4.409517
1 inf -8.039455 -0.079997 -0.519570 -3.022408 -1.461276 2.188154 0.088763 1.935908 -0.776785 0.604738 2.072061 -0.674425 11.250829 -0.880063 -0.612528 -0.155270 4.385401
1 inf -8.009071 -0.089932 -0.523790 -3.001768 -1.457833 2.172096 0.071015 1.945001 -0.769787 0.620630 2.086290 -0.694170 11.254904 -0.830315 -0.602404 -0.146852 4.357319
1 inf -8.002738 -0.085795 -0.540655 -3.023610 -1.481674 2.131160 0.068848 1.902632 -0.759941 0.588502 2.103246 -0.686392 11.264607 -0.824592 -0.583371 -0.131451 4.349390
1 inf -8.012346 -0.120419 -0.508504 -3.059344 -1.510360 2.102414 0.066502 1.889830 -0.762136 0.584988 2.084825 -0.690638 11.316240 -0.836522 -0.585173 -0.141507 4.333116
1 inf -8.034724 -0.134243 -0.523321 -3.039966 -1.470580 2.077075 0.123647 1.881760 -0.784577 0.560412 2.135728 -0.694294 11.305022 -0.860901 -0.611050 -0.146529 4.321502
1 inf -8.036683 -0.121436 -0.473066 -3.023124 -1.496701 2.084643 0.084356 1.887113 -0.786852 0.549402 2.126673 -0.713230 11.299682 -0.869134 -0.655982 -0.178737 4.356550
1 inf -7.988668 -0.093037 -0.467351 -3.017815 -1.489172 2.076191 0.056361 1.884363 -0.814583 0.559764 2.109590 -0.730004 11.294751 -0.858183 -0.653583 -0.197481 4.344220
1 inf -7.985923 -0.102357 -0.493496 -3.017993 -1.505043 2.110387 0.063695 1.868768 -0.811741 0.554514 2.105309 -0.699784 11.270791 -0.852106 -0.649502 -0.198906 4.359787
1 inf -7.997316 -0.118673 -0.490582 -2.997137 -1.498600 2.123175 0.062988 1.866570 -0.802409 0.546659 2.121431 -0.706609 11.249365 -0.834685 -0.656549 -0.193754 4.333288
1 inf -7.991749 -0.140955 -0.515849 -2.996328 -1.519793 2.102484 0.070282 1.872849 -0.828750 0.514735 2.131667 -0.665590 11.226832 -0.818790 -0.644985 -0.210650 4.308266
1 inf -7.987368 -0.127967 -0.479574 -2.993030 -1.506391 2.107466 0.063785 1.864302 -0.824164 0.515886 2.182185 -0.684165 11.177851 -0.789708 -0.667732 -0.264077 4.288924
1 inf -7.944366 -0.122560 -0.478086 -2.940537 -1.456101 2.099501 0.095245 1.850285 -0.863329 0.498426 2.153698 -0.691896 11.195625 -0.809129 -0.699570 -0.253482 4.288022
1 inf -7.972839 -0.115592 -0.478532 -2.942500 -1.467883 2.078671 0.078774 1.836694 -0.854943 0.471522 2.130003 -0.706816 11.205719 -0.825779 -0.700060 -0.299914 4.261294
1 inf -7.974964 -0.115985 -0.487333 -2.902525 -1.462054 2.077410 0.050801 1.828001 -0.859919 0.537809 2.139485 -0.700223 11.209584 -0.783021 -0.698060 -0.295559 4.272236
1 inf -7.966870 -0.109190 -0.464092 -2.891647 -1.448660 2.076027 0.041153 1.819926 -0.878284 0.533146 2.130245 -0.716187 11.193719 -0.754680 -0.662076 -0.279961 4.283238
1 inf -7.963212 -0.074369 -0.429819 -2.902441 -1.415715 2.083741 0.070243 1.820063 -0.832119 0.528642 2.160801 -0.717051 11.222275 -0.733644 -0.698519 -0.300023 4.264241
1 inf -7.954670 -0.055206 -0.436324 -2.906130 -1.417722 2.084258 0.082404 1.784100 -0.877846 0.518829 2.114496 -0.687533 11.225828 -0.754381 -0.664262 -0.302256 4.283389
1 inf -7.928421 -0.048281 -0.417814 -2.922081 -1.458657 2.089850 0.087116 1.783720 -0.866919 0.517100 2.113212 -0.672770 11.221084 -0.744486 -0.649550 -0.293464 4.276878
1 inf -7.963883 -0.066554 -0.421625 -2.928866 -1.437276 2.122445 0.087767 1.793452 -0.863225 0.508218 2.084177 -0.677952 11.245257 -0.746708 -0.615495 -0.313975 4.273548
1 inf -7.911626 -0.049892 -0.400888 -2.946298 -1.409223 2.089045 0.083894 1.754187 -0.852455 0.479595 2.069572 -0.673496 11.245914 -0.764616 -0.606378 -0.338210 4.276889
1 inf -7.906375 -0.029916 -0.410442 -2.966901 -1.408031 2.107004 0.088339 1.778894 -0.868959 0.487730 2.047191 -0.662613 11.273021 -0.715862 -0.566334 -0.311426 4.287822
1 inf -7.932879 -0.022373 -0.422241 -2.952927 -1.399584 2.129824 0.095441 1.769922 -0.904341 0.482785 2.058784 -0.649055 11.263855 -0.744896 -0.555284 -0.286042 4.287144
1 inf -7.946037 -0.031639 -0.435847 -2.980797 -1.423390 2.139596 0.075185 1.775278 -0.874222 0.466931 2.035331 -0.639258 11.305123 -0.728783 -0.546119 -0.297324 4.280578
1 inf -7.933388 -0.028344 -0.428558 -3.002316 -1.354109 2.173936 0.061200 1.787642 -0.880105 0.451930 2.079612 -0.645482 11.311887 -0.696921 -0.548579 -0.316329 4.262164
1 inf -7.905593 -0.001580 -0.400755 -2.979966 -1.393677 2.143187 0.060288 1.815871 -0.874921 0.464437 2.075742 -0.616931 11.360046 -0.701048 -0.580826 -0.336243 4.266603
1 inf -7.933143 -0.042535 -0.358916 -2.973813 -1.403039 2.133342 0.080940 1.813910 -0.864791 0.482482 2.066575 -0.629338 11.416770 -0.683906 -0.566064 -0.331063 4.242559
1 inf -7.936609 -0.033946 -0.377521 -2.970177 -1.398000 2.113664 0.074346 1.795318 -0.845414 0.489768 2.047550 -0.638506 11.410756 -0.671937 -0.571357 -0.356146 4.237943
1 inf -7.946700 -0.057946 -0.354646 -2.979490 -1.372258 2.133037 0.060681 1.814762 -0.872098 0.464847 2.050470 -0.671586 11.424077 -0.643010 -0.570851 -0.353912 4.213414
1 inf -7.987198 -0.013665 -0.348230 -2.978415 -1.385002 2.170079 0.090974 1.799539 -0.846340 0.447073 2.053535 -0.644725 11.440911 -0.672693 -0.571631 -0.342883 4.214750
1 inf -8.002070 -0.026647 -0.341014 -3.000651 -1.341345 2.161343 0.120764 1.774456 -0.847055 0.425716 2.046582 -0.671802 11.426826 -0.664073 -0.569976 -0.377936 4.186346
1 inf -7.988837 -0.002719 -0.303900 -3.022559 -1.344576 2.163196 0.122538 1.786812 -0.854020 0.471370 2.041943 -0.652114 11.415193 -0.640751 -0.598786 -0.364464 4.189409
1 inf -7.958069 -0.022092 -0.310606 -2.989957 -1.297521 2.165571 0.116939 1.766890 -0.844814 0.492507 2.038971 -0.631399 11.425765 -0.674903 -0.625199 -0.307666 4.175497
1 inf -7.950998 -0.027552 -0.291937 -2.966303 -1.298758 2.142635 0.119442 1.800170 -0.868780 0.503998 2.059088 -0.640854 11.427101 -0.684673 -0.625621 -0.300900 4.170507
1 inf -7.973181 -0.050611 -0.297351 -2.938621 -1.325089 2.146986 0.132289 1.789751 -0.870687 0.488814 2.041270 -0.665708 11.440405 -0.665295 -0.639689 -0.313504 4.187827
1 inf -7.984967 -0.039964 -0.295725 -2.901818 -1.295359 2.150986 0.157359 1.818046 -0.887951 0.510103 2.051636 -0.704372 11.418457 -0.610140 -0.630764 -0.323485 4.176642
1 inf -7.980856 -0.006876 -0.294997 -2.907175 -1.289797 2.194354 0.136348 1.833745 -0.903966 0.521112 2.049758 -0.681221 11.435254 -0.632303 -0.649960 -0.291292 4.166937
1 inf -8.025173 -0.033420 -0.283801 -2.882494 -1.312503 2.229076 0.136680 1.879935 -0.891831 0.542205 2.027753 -0.661513 11.482831 -0.640530 -0.644106 -0.267959 4.172283
1 inf -8.022710 -0.050044 -0.302318 -2.894513 -1.305487 2.250948 0.152803 1.859060 -0.884684 0.542523 2.012990 -0.656247 11.487210 -0.624070 -0.632028 -0.284329 4.192681
1 inf -8.021643 -0.048567 -0.293895 -2.885734 -1.296497 2.224812 0.175504 1.887625 -0.902937 0.564464 2.019751 -0.631421 11.489666 -0.578764 -0.603074 -0.289464 4.208893
1 inf -7.973769 -0.056988 -0.288667 -2.861292 -1.266936 2.243553 0.195344 1.843573 -0.904947 0.549993 1.991745 -0.628645 11.512937 -0.570138 -0.602160 -0.247335 4.209839
1 inf -7.952317 -0.040624 -0.290902 -2.873485 -1.274018 2.240850 0.169766 1.830407 -0.959960 0.532509 1.992574 -0.600283 11.488021 -0.595104 -0.591298 -0.264245 4.216144
1 inf -7.945815 -0.046884 -0.291813 -2.848328 -1.284192 2.254311 0.211835 1.794410 -0.965909 0.511655 1.987979 -0.595110 11.467853 -0.590359 -0.581998 -0.244277 4.198171
1 inf -7.930488 -0.049957 -0.303282 -2.836259 -1.302723 2.224343 0.222079 1.801518 -0.953187 0.529301 1.974186 -0.633327 11.503538 -0.561505 -0.612577 -0.243915 4.182564
1 inf -7.960276 -0.056458 -0.296656 -2.839474 -1.298567 2.210886 0.232221 1.808305 -0.979384 0.524673 1.949766 -0.630923 11.486274 -0.580171 -0.603927 -0.245830 4.164238
1 inf -7.970862 -0.047072 -0.310025 -2.868230 -1.276277 2.199881 0.246508 1.827655 -0.987915 0.534132 1.941524 -0.624534 11.452635 -0.564756 -0.640285 -0.238773 4.131044
1 inf -7.947566 -0.065909 -0.319902 -2.872031 -1.268337 2.180098 0.246854 1.814643 -0.992071 0.481823 1.952618 -0.663574 11.477834 -0.578070 -0.609843 -0.261652 4.136190
1 inf -7.914774 -0.053232 -0.327229 -2.876221 -1.273861 2.186147 0.247756 1.812832 -0.968438 0.475343 1.955669 -0.647762 11.474137 -0.563167 -0.616010 -0.259206 4.103621
1 inf -7.899893 -0.044221 -0.336217 -2.875793 -1.289929 2.172702 0.223749 1.843100 -0.978932 0.445754 1.971659 -0.625538 11.490092 -0.557809 -0.599797 -0.262065 4.128996
1 inf -7.891708 -0.052183 -0.326077 -2.838290 -1.316279 2.126733 0.204731 1.861616 -0.998345 0.414459 1.955978 -0.614700 11.535559 -0.551444 -0.592445 -0.295847 4.136204
1 inf -7.934889 -0.085435 -0.262310 -2.847113 -1.306402 2.116149 0.201246 1.838044 -0.974880 0.442443 1.938799 -0.627088 11.541509 -0.534758 -0.572964 -0.311280 4.135269
1 inf -7.944392 -0.078337 -0.278556 -2.854044 -1.323469 2.127951 0.207014 1.866933 -0.940880 0.469149 1.958065 -0.626921 11.577826 -0.503693 -0.546265 -0.334478 4.154653
1 inf -7.930721 -0.083856 -0.281782 -2.875204 -1.319598 2.058943 0.212170 1.849451 -0.925477 0.465365 1.933139 -0.621894 11.571129 -0.528043 -0.570406 -0.321990 4.104005
1 inf -7.949824 -0.081280 -0.311562 -2.858157 -1.311325 2.034215 0.238902 1.857921 -0.956326 0.503294 1.914152 -0.623665 11.552524 -0.519465 -0.545759 -0.347491 4.112550
1 inf -7.945893 -0.074599 -0.296349 -2.875572 -1.304951 2.024227 0.262781 1.849412 -0.943850 0.512958 1.901711 -0.624936 11.562925 -0.519811 -0.555557 -0.334350 4.131261
1 inf -7.939101 -0.097954 -0.304573 -2.845504 -1.298809 2.045428 0.253168 1.903483 -0.903784 0.512064 1.913297 -0.644057 11.591077 -0.529956 -0.576565 -0.326161 4.150970
1 inf -7.921597 -0.099436 -0.326237 -2.848608 -1.286140 2.060534 0.244745 1.897733 -0.885148 0.514004 1.900719 -0.643645 11.591448 -0.529539 -0.586025 -0.281698 4.162633
1 inf -7.917191 -0.119601 -0.325403 -2.828432 -1.287815 2.074583 0.256522 1.870332 -0.890815 0.553222 1.889373 -0.627915 11.647344 -0.504111 -0.577526 -0.287227 4.179180
1 inf -7.914243 -0.116129 -0.340294 -2.811101 -1.322553 2.128746 0.224216 1.864208 -0.913142 0.567249 1.840117 -0.661922 11.650561 -0.496711 -0.572706 -0.309230 4.167173
1 inf -7.902459 -0.105823 -0.356682 -2.814236 -1.315276 2.128586 0.152339 1.895354 -0.876924 0.563971 1.834912 -0.641937 11.636805 -0.500088 -0.540577 -0.283678 4.165632
1 inf -7.876623 -0.107740 -0.390437 -2.859795 -1.335255 2.132125 0.135850 1.914010 -0.904864 0.567132 1.845225 -0.615388 11.627046 -0.461937 -0.488190 -0.260092 4.160164
1 inf -7.851782 -0.132452 -0.405023 -2.860433 -1.319993 2.111782 0.116531 1.908794 -0.913470 0.573874 1.843904 -0.641741 11.664730 -0.449749 -0.493034 -0.287880 4.188111
1 inf -7.831683 -0.130453 -0.415915 -2.865731 -1.317842 2.113844 0.118560 1.947662 -0.916119 0.576385 1.848779 -0.624230 11.640548 -0.483888 -0.522671 -0.290143 4.183967
1 inf -7.845222 -0.162953 -0.409665 -2.869908 -1.288343 2.117186 0.194981 1.968685 -0.915355 0.594419 1.840018 -0.618220 11.625830 -0.472371 -0.515069 -0.295347 4.180020
1 inf -7.847455 -0.162865 -0.394923 -2.838976 -1.310547 2.138259 0.200317 1.987759 -0.936172 0.583214 1.855850 -0.600473 11.624238 -0.470074 -0.523230 -0.297271 4.204100
1 inf -7.787879 -0.178676 -0.378394 -2.832760 -1.286047 2.154569 0.153089 1.967024 -0.981080 0.566835 1.859647 -0.588695 11.637478 -0.476381 -0.505537 -0.278499 4.193976
1 inf -7.781538 -0.215177 -0.375423 -2.839285 -1.284543 2.111269 0.176989 1.967976 -0.949044 0.601982 1.859480 -0.617214 11.614590 -0.488354 -0.516346 -0.281935 4.175222
1 inf -7.790301 -0.189803 -0.384707 -2.853672 -1.263564 2.105649 0.144164 1.972317 -0.973971 0.586375 1.854428 -0.668942 11.644430 -0.501013 -0.524110 -0.280033 4.182090
1 inf -7.809659 -0.176187 -0.374761 -2.832416 -1.241575 2.125758 0.125166 1.977238 -0.955981 0.562264 1.848005 -0.672360 11.612238 -0.482151 -0.504389 -0.288671 4.183262
1 inf -7.773883 -0.186780 -0.364394 -2.854145 -1.278564 2.144655 0.131918 2.000420 -0.961530 0.536300 1.904742 -0.662288 11.611543 -0.477396 -0.512337 -0.298864 4.212225
1 inf -7.767814 -0.160792 -0.382561 -2.875331 -1.283869 2.127979 0.118582 2.012998 -0.947070 0.539913 1.883721 -0.638080 11.629284 -0.477192 -0.489577 -0.292057 4.228687
1 inf -7.775610 -0.164358 -0.388365 -2.865578 -1.289440 2.077594 0.090640 2.054659 -0.937915 0.493168 1.879758 -0.661985 11.629681 -0.476348 -0.497707 -0.306390 4.211150
1 inf -7.738759 -0.153487 -0.372509 -2.862258 -1.292865 2.062597 0.064279 2.066872 -0.892498 0.464382 1.861248 -0.647446 11.612594 -0.460012 -0.479949 -0.313653 4.195032
1 inf -7.721950 -0.145846 -0.386311 -2.818138 -1.253905 2.065303 0.055950 2.083840 -0.883386 0.486518 1.888958 -0.624818 11.614731 -0.444736 -0.450653 -0.347050 4.168262
1 inf -7.711418 -0.174450 -0.390190 -2.816217 -1.234338 2.020173 0.023926 2.075871 -0.894565 0.504892 1.887674 -0.670902 11.652398 -0.455911 -0.449385 -0.338373 4.160661
1 inf -7.692479 -0.191196 -0.395141 -2.787712 -1.213190 2.006599 -0.000675 2.060754 -0.887901 0.515436 1.904363 -0.670565 11.674451 -0.449981 -0.445891 -0.378487 4.161152
1 inf -7.708016 -0.164159 -0.379235 -2.795028 -1.211559 2.021990 0.003910 2.066844 -0.893697 0.512637 1.932613 -0.660508 11.637853 -0.404992 -0.403176 -0.390732 4.148206
1 inf -7.724002 -0.176519 -0.367131 -2.765352 -1.233891 2.000324 -0.022162 2.087637 -0.915068 0.505273 1.930523 -0.652656 11.642795 -0.418538 -0.382389 -0.376514 4.164749
1 inf -7.701120 -0.208625 -0.366264 -2.766598 -1.237858 1.998499 -0.028685 2.086031 -0.893873 0.531961 1.899759 -0.607069 11.604828 -0.444410 -0.376929 -0.368936 4.168425
1 inf -7.712970 -0.233019 -0.357666 -2.798706 -1.230904 2.029293 -0.035119 2.072215 -0.874320 0.496891 1.878902 -0.591119 11.565885 -0.403610 -0.376398 -0.373332 4.171388
1 inf -7.678453 -0.254793 -0.365868 -2.782271 -1.220761 2.032129 -0.072473 2.058290 -0.878218 0.474837 1.879377 -0.597719 11.554079 -0.416110 -0.382354 -0.341729 4.190529
1 inf -7.684835 -0.246334 -0.362094 -2.782280 -1.226138 2.006999 -0.070584 2.049459 -0.901201 0.462292 1.849955 -0.583163 11.533586 -0.412316 -0.349885 -0.296173 4.210215
1 inf -7.673834 -0.273917 -0.362416 -2.774361 -1.230372 1.981413 -0.086237 2.049435 -0.882999 0.450525 1.889064 -0.606802 11.555786 -0.398255 -0.320334 -0.278100 4.211851
1 inf -7.664043 -0.285440 -0.302287 -2.752742 -1.215890 1.982377 -0.085735 2.076064 -0.898041 0.492376 1.902076 -0.605529 11.570337 -0.407596 -0.354417 -0.265291 4.203353
1 inf -7.647804 -0.277021 -0.270582 -2.754072 -1.240281 1.973145 -0.062481 2.038733 -0.919329 0.496255 1.906960 -0.588906 11.557000 -0.402097 -0.317372 -0.247952 4.202280
1 inf -7.659081 -0.310814 -0.280425 -2.735066 -1.233566 1.985211 -0.040246 2.040191 -0.947696 0.544885 1.901599 -0.583454 11.543175 -0.403904 -0.324364 -0.238034 4.219155
1 inf -7.697424 -0.297593 -0.323781 -2.730345 -1.220355 1.917418 -0.043665 2.058898 -0.908187 0.582687 1.919857 -0.619503 11.510866 -0.435124 -0.283879 -0.233880 4.210742
1 inf -7.692767 -0.302815 -0.368507 -2.726371 -1.214334 1.922428 -0.026751 2.025920 -0.906050 0.558991 1.908309 -0.610001 11.519121 -0.411758 -0.298022 -0.263025 4.242642
1 inf -7.647502 -0.337094 -0.386161 -2.730338 -1.181688 1.946855 -0.051677 1.989120 -0.899285 0.541321 1.898914 -0.594606 11.540894 -0.426689 -0.305946 -0.252354 4.226344
1 inf -7.646134 -0.316757 -0.350442 -2.759758 -1.154855 1.998719 -0.089369 2.017572 -0.869041 0.526607 1.904467 -0.614157 11.520389 -0.410733 -0.293248 -0.242789 4.195548
1 inf -7.667071 -0.325755 -0.320069 -2.766404 -1.135073 2.000917 -0.106228 2.021505 -0.910549 0.542551 1.885451 -0.545395 11.527182 -0.402279 -0.289053 -0.253459 4.193142
1 inf -7.640982 -0.326231 -0.342471 -2.795845 -1.105107 2.031208 -0.071989 2.069243 -0.945771 0.542586 1.874061 -0.550376 11.505580 -0.393800 -0.297728 -0.239855 4.184360
1 inf -7.671824 -0.348914 -0.362119 -2.746336 -1.122885 2.058723 -0.052417 2.052438 -0.937628 0.566876 1.861873 -0.565127 11.476958 -0.409556 -0.259489 -0.233589 4.176110
1 inf -7.634621 -0.290968 -0.324778 -2.732940 -1.131678 2.057510 -0.097364 2.029482 -0.890633 0.544052 1.843834 -0.557449 11.438091 -0.395391 -0.273950 -0.229120 4.190743
1 inf -7.616476 -0.242902 -0.333560 -2.726531 -1.112368 2.015427 -0.123141 2.051807 -0.877637 0.558134 1.824712 -0.560113 11.401941 -0.369029 -0.274544 -0.235101 4.191790
1 inf -7.632661 -0.249037 -0.346421 -2.758098 -1.102456 2.049446 -0.084186 2.075969 -0.881668 0.592518 1.830827 -0.576594 11.408687 -0.371637 -0.254494 -0.232374 4.197847
1 inf -7.682394 -0.257049 -0.340029 -2.769248 -1.104095 2.075798 -0.069988 2.041248 -0.882218 0.623981 1.815383 -0.570132 11.390485 -0.364004 -0.246002 -0.214211 4.216277
1 inf -7.693251 -0.255411 -0.355851 -2.737168 -1.138442 2.078854 -0.073787 2.030611 -0.861076 0.643055 1.810225 -0.568888 11.402400 -0.329090 -0.240268 -0.230393 4.217108
1 inf -7.660186 -0.282538 -0.375897 -2.728590 -1.137623 2.041171 -0.074134 2.026491 -0.847019 0.613668 1.838315 -0.577143 11.401236 -0.298819 -0.189779 -0.236117 4.220146
1 inf -7.668325 -0.264887 -0.364230 -2.716137 -1.148750 2.026160 -0.071048 2.021415 -0.843922 0.638278 1.816004 -0.611719 11.426557 -0.327142 -0.161619 -0.244293 4.237760
1 inf -7.675018 -0.276578 -0.398873 -2.737454 -1.121870 2.025229 -0.078662 2.043376 -0.842479 0.644774 1.828457 -0.605776 11.449350 -0.371398 -0.155949 -0.257741 4.293969
1 inf -7.644663 -0.269261 -0.368175 -2.733096 -1.112490 2.036733 -0.098836 2.058306 -0.853322 0.695625 1.840071 -0.589744 11.435898 -0.367068 -0.140273 -0.240777 4.308981
1 inf -7.627744 -0.268445 -0.328499 -2.739632 -1.077772 2.009070 -0.105821 2.062814 -0.857561 0.691852 1.870173 -0.609228 11.400217 -0.347801 -0.155331 -0.247680 4.285649
1 inf -7.623868 -0.271244 -0.343283 -2.697950 -1.076390 2.022380 -0.150598 2.035235 -0.862467 0.640793 1.842909 -0.616460 11.401203 -0.354513 -0.140730 -0.225114 4.304023
1 inf -7.600997 -0.286665 -0.339268 -2.690928 -1.084108 2.007517 -0.173655 2.024722 -0.872963 0.621964 1.830270 -0.611705 11.427036 -0.349922 -0.142343 -0.210478 4.273494
1 inf -7.602095 -0.316828 -0.343158 -2.693416 -1.083775 2.019724 -0.184865 2.073945 -0.859623 0.644885 1.838344 -0.585656 11.437180 -0.338963 -0.135729 -0.182624 4.276994
1 inf -7.591426 -0.339360 -0.365618 -2.679330 -1.057134 2.020681 -0.208185 2.075732 -0.864399 0.633712 1.835974 -0.586167 11.428880 -0.367370 -0.137322 -0.166752 4.341718
1 inf -7.545672 -0.372360 -0.357736 -2.679116 -1.069145 2.007910 -0.237154 2.072262 -0.833022 0.676086 1.832687 -0.581869 11.438980 -0.390804 -0.143965 -0.205184 4.357609
1 inf -7.526169 -0.355458 -0.343797 -2.691840 -1.030274 1.986172 -0.209668 2.090608 -0.839254 0.694966 1.857981 -0.590467 11.458941 -0.382064 -0.118490 -0.201573 4.358196
1 inf -7.524516 -0.356710 -0.338055 -2.729774 -1.030891 1.988316 -0.220098 2.105643 -0.871564 0.707242 1.875404 -0.571192 11.441951 -0.362152 -0.108072 -0.158002 4.356243
1 inf -7.544641 -0.337694 -0.333290 -2.742141 -1.023847 1.997722 -0.221546 2.117383 -0.857284 0.736308 1.876484 -0.527521 11.432711 -0.337873 -0.116757 -0.125569 4.382764
1 inf -7.538576 -0.365060 -0.351110 -2.762617 -1.030003 2.026118 -0.239301 2.141806 -0.838108 0.738672 1.843806 -0.513307 11.423992 -0.309429 -0.131591 -0.107516 4.394804
1 inf -7.555768 -0.344243 -0.343244 -2.777334 -1.023042 2.048103 -0.251190 2.132096 -0.847630 0.687255 1.870200 -0.517961 11.452364 -0.344219 -0.139578 -0.117087 4.405453
1 inf -7.560222 -0.386739 -0.322885 -2.776695 -1.076768 2.063464 -0.233160 2.138494 -0.846080 0.690016 1.833101 -0.527463 11.461748 -0.372450 -0.117268 -0.160254 4.384550
1 inf -7.576068 -0.366874 -0.364297 -2.756427 -1.130502 2.029069 -0.241483 2.141053 -0.869151 0.685361 1.878259 -0.536440 11.476781 -0.352645 -0.131130 -0.181480 4.386834
1 inf -7.572216 -0.373243 -0.359368 -2.774313 -1.122047 2.001885 -0.244163 2.137833 -0.885691 0.677604 1.904374 -0.540167 11.467735 -0.345028 -0.151515 -0.154685 4.419774
1 inf -7.590643 -0.367235 -0.378787 -2.785900 -1.129554 2.028918 -0.234291 2.141614 -0.843153 0.706648 1.870610 -0.566091 11.469504 -0.373641 -0.155461 -0.157293 4.398758
1 inf -7.568717 -0.419098 -0.385048 -2.773007 -1.129227 2.059591 -0.220599 2.183827 -0.841001 0.714921 1.872198 -0.568552 11.480501 -0.354768 -0.166429 -0.126239 4.411508
1 inf -7.581853 -0.442765 -0.417921 -2.766234 -1.119910 2.044719 -0.192704 2.161571 -0.876088 0.671814 1.913442 -0.570875 11.497950 -0.338410 -0.170268 -0.058159 4.364758
1 inf -7.600435 -0.448028 -0.401752 -2.765667 -1.127918 2.055802 -0.194378 2.164289 -0.914352 0.670878 1.896478 -0.564610 11.533370 -0.313628 -0.169615 -0.015964 4.320837
1 inf -7.598980 -0.471389 -0.380881 -2.766178 -1.122931 2.086402 -0.214327 2.167441 -0.921178 0.707155 1.928605 -0.508293 11.546213 -0.298662 -0.196731 -0.002620 4.317815
1 inf -7.606712 -0.512250 -0.352378 -2.740262 -1.129181 2.059239 -0.190475 2.185152 -0.940875 0.710819 1.926332 -0.550428 11.577714 -0.294128 -0.176529 -0.009670 4.285166
1 inf -7.599649 -0.517456 -0.375383 -2.767461 -1.158318 2.047334 -0.166039 2.191175 -0.976669 0.694342 1.925968 -0.553367 11.612454 -0.293906 -0.199822 -0.034806 4.251208
1 inf -7.663255 -0.535696 -0.349474 -2.769222 -1.131414 2.029267 -0.165434 2.212925 -0.992964 0.636177 1.919792 -0.532436 11.640725 -0.278214 -0.239884 -0.020811 4.255843
1 inf -7.637455 -0.531681 -0.378302 -2.807636 -1.170303 2.018752 -0.164542 2.179374 -0.981151 0.659914 1.910392 -0.543972 11.636256 -0.275815 -0.259514 -0.036641 4.254501
1 inf -7.652162 -0.509119 -0.388557 -2.850687 -1.170876 2.041411 -0.129602 2.177648 -0.977113 0.675942 1.900474 -0.538703 11.611504 -0.326686 -0.263730 -0.046059 4.248820
1 inf -7.673632 -0.548148 -0.349850 -2.842049 -1.172309 2.068969 -0.165723 2.190440 -0.957854 0.673567 1.910682 -0.570613 11.594360 -0.309866 -0.240196 -0.034285 4.307347
1 inf -7.668475 -0.573644 -0.294246 -2.804597 -1.153708 2.054609 -0.166626 2.119617 -0.981666 0.663483 1.896837 -0.559449 11.619895 -0.309405 -0.211686 -0.004181 4.311353
1 inf -7.655329 -0.581706 -0.303619 -2.812062 -1.155337 2.097711 -0.158606 2.155336 -0.964732 0.666308 1.909834 -0.552207 11.662339 -0.326370 -0.219347 0.022770 4.242519
1 inf -7.654259 -0.565283 -0.308267 -2.803058 -1.163084 2.094946 -0.136622 2.153504 -0.960418 0.657089 1.904668 -0.537540 11.652398 -0.318384 -0.220090 0.018918 4.250062
1 inf -7.659338 -0.543817 -0.275571 -2.792562 -1.168225 2.076168 -0.129569 2.167864 -0.966358 0.648776 1.925013 -0.550622 11.692054 -0.306411 -0.179881 0.052525 4.250931
1 inf -7.688451 -0.536117 -0.260401 -2.777094 -1.152802 2.112482 -0.112227 2.195636 -0.969948 0.648734 1.929426 -0.591253 11.715826 -0.321114 -0.158119 0.036473 4.194992
1 inf -7.706170 -0.514626 -0.300115 -2.786816 -1.140448 2.096695 -0.084790 2.199701 -0.933279 0.665861 1.929125 -0.565477 11.698831 -0.264540 -0.187051 0.080941 4.195532
1 inf -7.746155 -0.472548 -0.290384 -2.818974 -1.167034 2.118836 -0.102791 2.182258 -0.939484 0.725216 1.966199 -0.559524 11.721218 -0.241772 -0.181070 0.092120 4.182910
1 inf -7.783899 -0.452621 -0.286992 -2.839920 -1.174681 2.121741 -0.128201 2.183911 -0.954870 0.732153 1.964882 -0.555941 11.748090 -0.243268 -0.181287 0.065834 4.194943
1 inf -7.795351 -0.461948 -0.308436 -2.843769 -1.217348 2.129089 -0.088000 2.178010 -0.974609 0.730418 1.977416 -0.531427 11.766901 -0.242919 -0.164452 0.038534 4.154622
1 inf -7.781679 -0.454484 -0.309727 -2.871133 -1.235470 2.125044 -0.080925 2.161691 -0.972508 0.724897 1.988015 -0.578862 11.781615 -0.251244 -0.106085 0.037106 4.161103
1 inf -7.728670 -0.457176 -0.322106 -2.868389 -1.279626 2.149506 -0.085479 2.153716 -0.928170 0.771518 1.949585 -0.600774 11.787781 -0.268994 -0.078573 0.012447 4.129260
