1 inf -8.714629 -0.975041 -0.274056 -2.255028 -1.406211 3.401638 0.213437 2.538583 0.179141 0.573018 2.297321 0.147047 10.456688 -0.267303 0.187928 3.637334
1 inf -8.718343 -0.994184 -0.284088 -2.271540 -1.376518 3.400884 0.254033 2.561631 0.181951 0.571831 2.357339 0.083996 10.486467 -0.270925 0.172636 3.641100
1 inf -8.715976 -0.979631 -0.275011 -2.238664 -1.348996 3.406664 0.254794 2.543406 0.166104 0.594498 2.350344 0.075361 10.523512 -0.287628 0.176829 3.659195
1 inf -8.735206 -0.946092 -0.292932 -2.205098 -1.365124 3.450747 0.278731 2.554871 0.142647 0.608025 2.338308 0.100312 10.556235 -0.317214 0.160712 3.663029
1 inf -8.735780 -0.919245 -0.244378 -2.184723 -1.399494 3.428007 0.316107 2.548431 0.148554 0.616374 2.362801 0.109133 10.549508 -0.297837 0.119853 3.674113
1 inf -8.717664 -0.907570 -0.274268 -2.199622 -1.402990 3.422672 0.303953 2.572143 0.207073 0.651471 2.337981 0.093123 10.544435 -0.256243 0.147312 3.678254
1 inf -8.748506 -0.909895 -0.261342 -2.200331 -1.434167 3.424088 0.288546 2.595679 0.182484 0.647693 2.334917 0.081336 10.581859 -0.249958 0.154335 3.654878
1 inf -8.749025 -0.886033 -0.280339 -2.237526 -1.431815 3.407244 0.304866 2.603134 0.173269 0.663073 2.311733 0.047776 10.531146 -0.257004 0.190510 3.646406
1 inf -8.718017 -0.862209 -0.278879 -2.237150 -1.456575 3.400838 0.327470 2.575830 0.178228 0.677492 2.326355 0.036537 10.555711 -0.250493 0.203810 3.660017
1 inf -8.705168 -0.900393 -0.311438 -2.212170 -1.465047 3.403076 0.317211 2.602493 0.173844 0.726677 2.329765 0.053398 10.588320 -0.238112 0.196707 3.629292
1 inf -8.693203 -0.893851 -0.328723 -2.240718 -1.509687 3.427863 0.298759 2.610369 0.189701 0.770763 2.323148 0.057423 10.570385 -0.235262 0.204452 3.600353
1 inf -8.705610 -0.913569 -0.373147 -2.234938 -1.517727 3.416120 0.325887 2.651404 0.191550 0.758995 2.314093 0.047321 10.541265 -0.249983 0.210069 3.646022
1 inf -8.686576 -0.887624 -0.406939 -2.241082 -1.544346 3.426924 0.337644 2.664426 0.162092 0.752799 2.307742 -0.008394 10.533042 -0.234899 0.179891 3.650692
1 inf -8.683072 -0.884097 -0.379205 -2.286205 -1.519020 3.457593 0.350281 2.651106 0.168629 0.760958 2.295256 0.001417 10.520659 -0.239314 0.184465 3.664353
1 inf -8.683351 -0.876622 -0.338908 -2.254407 -1.539696 3.446900 0.369244 2.632530 0.159637 0.774662 2.296326 -0.002099 10.546496 -0.206838 0.220299 3.666135
1 inf -8.702707 -0.859059 -0.369769 -2.248717 -1.542129 3.460024 0.378334 2.641208 0.152715 0.754472 2.295370 0.037029 10.512165 -0.233813 0.221265 3.662265
1 inf -8.745056 -0.836914 -0.375638 -2.231746 -1.535732 3.449146 0.394550 2.656466 0.162123 0.764498 2.324627 0.023058 10.497352 -0.231498 0.177721 3.676076
1 inf -8.732663 -0.829278 -0.351375 -2.242578 -1.527266 3.459810 0.408741 2.629306 0.181702 0.742691 2.330501 0.013166 10.508566 -0.242309 0.195206 3.651291
1 inf -8.695581 -0.855678 -0.418613 -2.216062 -1.527367 3.441037 0.436527 2.631865 0.173498 0.778485 2.383525 -0.031639 10.513765 -0.238768 0.193707 3.672400
1 inf -8.701076 -0.824325 -0.441063 -2.208007 -1.567595 3.439480 0.387117 2.660365 0.213738 0.774497 2.395347 -0.035569 10.495701 -0.266728 0.194793 3.636311
1 inf -8.695483 -0.849921 -0.389184 -2.226866 -1.612519 3.462209 0.389826 2.681763 0.152475 0.777670 2.378326 -0.050216 10.484176 -0.263009 0.210455 3.630621
1 inf -8.678082 -0.858123 -0.386596 -2.210253 -1.598254 3.420545 0.391137 2.684001 0.110338 0.771070 2.357280 -0.058817 10.522981 -0.243350 0.200432 3.620924
1 inf -8.698006 -0.834915 -0.374447 -2.231957 -1.593092 3.393594 0.366311 2.671068 0.115417 0.787287 2.339686 -0.060998 10.545071 -0.231673 0.183286 3.620702
1 inf -8.717950 -0.829006 -0.345778 -2.170262 -1.588192 3.406028 0.379807 2.655036 0.110028 0.762533 2.340366 -0.098537 10.575582 -0.231365 0.214598 3.614313
1 inf -8.699471 -0.840600 -0.352609 -2.164277 -1.659681 3.404939 0.372769 2.647625 0.135811 0.819084 2.377198 -0.078058 10.573990 -0.200943 0.250876 3.612458
1 inf -8.689947 -0.848295 -0.341134 -2.147207 -1.650849 3.402144 0.344627 2.656751 0.161508 0.788144 2.368306 -0.104255 10.598385 -0.193356 0.244433 3.602928
1 inf -8.656909 -0.840275 -0.372829 -2.145053 -1.671521 3.428806 0.341568 2.652492 0.176908 0.760600 2.342148 -0.102717 10.606288 -0.173598 0.241197 3.570531
1 128.41069 -8.670375 -0.853456 -0.359996 -2.157368 -1.665086 3.435192 0.343300 2.642895 0.186244 0.745906 2.327849 -0.113203 10.609143 -0.158637 0.236746 3.549935
1 128.41069 -8.670375 -0.853456 -0.359996 -2.157368 -1.665086 3.435192 0.343300 2.642895 0.186244 0.745906 2.327849 -0.113203 10.609143 -0.158637 0.236746 3.549935
1 128.41069 -8.670375 -0.853456 -0.359996 -2.157368 -1.665086 3.435192 0.343300 2.642895 0.186244 0.745906 2.327849 -0.113203 10.609143 -0.158637 0.236746 3.549935
1 128.41069 -8.670375 -0.853456 -0.359996 -2.157368 -1.665086 3.435192 0.343300 2.642895 0.186244 0.745906 2.327849 -0.113203 10.609143 -0.158637 0.236746 3.549935
1 126.14106 -8.671496 -0.857947 -0.349601 -2.142828 -1.677142 3.455646 0.317543 2.615348 0.230586 0.763913 2.297434 -0.119399 10.608777 -0.166773 0.236900 3.520803
1 126.14106 -8.671496 -0.857947 -0.349601 -2.142828 -1.677142 3.455646 0.317543 2.615348 0.230586 0.763913 2.297434 -0.119399 10.608777 -0.166773 0.236900 3.520803
1 123.64005 -8.639549 -0.864633 -0.313016 -2.126098 -1.692610 3.436284 0.348729 2.571401 0.219170 0.780403 2.271046 -0.098863 10.580053 -0.158175 0.220441 3.528186
1 123.64005 -8.639549 -0.864633 -0.313016 -2.126098 -1.692610 3.436284 0.348729 2.571401 0.219170 0.780403 2.271046 -0.098863 10.580053 -0.158175 0.220441 3.528186
1 123.33878 -8.644371 -0.903614 -0.303393 -2.153200 -1.661210 3.428056 0.341495 2.568264 0.192007 0.792387 2.291548 -0.123649 10.590702 -0.174617 0.232812 3.522542
1 123.33878 -8.644371 -0.903614 -0.303393 -2.153200 -1.661210 3.428056 0.341495 2.568264 0.192007 0.792387 2.291548 -0.123649 10.590702 -0.174617 0.232812 3.522542
1 123.02851 -8.656772 -0.901506 -0.310608 -2.133615 -1.657849 3.465195 0.393764 2.564146 0.214537 0.782597 2.298359 -0.099741 10.589947 -0.162636 0.253837 3.548484
1 120.32542 -8.606515 -0.885156 -0.334115 -2.150818 -1.619913 3.460783 0.390715 2.552500 0.219454 0.745226 2.311836 -0.114291 10.561355 -0.146597 0.229792 3.543066
1 120.32542 -8.606515 -0.885156 -0.334115 -2.150818 -1.619913 3.460783 0.390715 2.552500 0.219454 0.745226 2.311836 -0.114291 10.561355 -0.146597 0.229792 3.543066
1 118.89101 -8.615639 -0.907470 -0.335205 -2.144614 -1.631360 3.464533 0.384553 2.539785 0.219640 0.764698 2.282194 -0.102782 10.554978 -0.169804 0.219224 3.590181
1 116.31023 -8.583552 -0.914485 -0.296146 -2.125398 -1.626070 3.466562 0.370569 2.523737 0.210791 0.742108 2.266148 -0.080709 10.553534 -0.158269 0.234605 3.570009
1 116.31023 -8.583552 -0.914485 -0.296146 -2.125398 -1.626070 3.466562 0.370569 2.523737 0.210791 0.742108 2.266148 -0.080709 10.553534 -0.158269 0.234605 3.570009
1 116.31023 -8.583552 -0.914485 -0.296146 -2.125398 -1.626070 3.466562 0.370569 2.523737 0.210791 0.742108 2.266148 -0.080709 10.553534 -0.158269 0.234605 3.570009
1 116.31023 -8.583552 -0.914485 -0.296146 -2.125398 -1.626070 3.466562 0.370569 2.523737 0.210791 0.742108 2.266148 -0.080709 10.553534 -0.158269 0.234605 3.570009
1 113.37039 -8.540476 -0.924879 -0.268565 -2.157671 -1.616865 3.462163 0.393247 2.554442 0.174193 0.779621 2.272656 -0.052832 10.546009 -0.134209 0.207550 3.593553
1 110.42333 -8.516486 -0.920736 -0.284499 -2.184540 -1.612338 3.444497 0.382819 2.565937 0.168604 0.798842 2.271467 -0.060059 10.521429 -0.130242 0.220399 3.611387
1 110.45863 -8.489993 -0.910474 -0.286175 -2.198351 -1.617950 3.441893 0.368853 2.571846 0.160481 0.777634 2.290307 -0.081166 10.528921 -0.145990 0.232242 3.622695
1 108.95483 -8.494114 -0.900564 -0.263221 -2.155159 -1.612739 3.449245 0.362383 2.526772 0.165603 0.765582 2.294501 -0.015546 10.519644 -0.132586 0.212373 3.617262
1 108.95483 -8.494114 -0.900564 -0.263221 -2.155159 -1.612739 3.449245 0.362383 2.526772 0.165603 0.765582 2.294501 -0.015546 10.519644 -0.132586 0.212373 3.617262
1 108.95483 -8.494114 -0.900564 -0.263221 -2.155159 -1.612739 3.449245 0.362383 2.526772 0.165603 0.765582 2.294501 -0.015546 10.519644 -0.132586 0.212373 3.617262
1 106.54555 -8.461112 -0.913413 -0.253386 -2.134507 -1.644150 3.458836 0.336403 2.498314 0.218173 0.733893 2.311811 -0.038820 10.515427 -0.125708 0.230336 3.616904
1 106.1222 -8.455101 -0.929178 -0.273981 -2.112510 -1.644005 3.452747 0.350335 2.525117 0.202410 0.706067 2.298904 -0.038424 10.513467 -0.114204 0.252025 3.622843
1 106.1222 -8.455101 -0.929178 -0.273981 -2.112510 -1.644005 3.452747 0.350335 2.525117 0.202410 0.706067 2.298904 -0.038424 10.513467 -0.114204 0.252025 3.622843
1 106.1222 -8.455101 -0.929178 -0.273981 -2.112510 -1.644005 3.452747 0.350335 2.525117 0.202410 0.706067 2.298904 -0.038424 10.513467 -0.114204 0.252025 3.622843
1 106.21009 -8.427652 -0.947514 -0.279970 -2.093086 -1.660787 3.465617 0.343181 2.495690 0.200450 0.709926 2.294703 -0.002544 10.506219 -0.131436 0.232388 3.617192
1 106.21009 -8.427652 -0.947514 -0.279970 -2.093086 -1.660787 3.465617 0.343181 2.495690 0.200450 0.709926 2.294703 -0.002544 10.506219 -0.131436 0.232388 3.617192
1 104.6079 -8.426698 -0.916278 -0.262630 -2.046675 -1.650989 3.451792 0.353554 2.486288 0.208896 0.732815 2.288140 -0.001304 10.488521 -0.167317 0.294374 3.639010
1 101.83381 -8.415979 -0.891311 -0.259372 -2.087215 -1.679297 3.456236 0.360857 2.499773 0.209387 0.715907 2.346040 -0.004329 10.472683 -0.183815 0.277285 3.613605
1 101.83381 -8.415979 -0.891311 -0.259372 -2.087215 -1.679297 3.456236 0.360857 2.499773 0.209387 0.715907 2.346040 -0.004329 10.472683 -0.183815 0.277285 3.613605
1 101.83381 -8.415979 -0.891311 -0.259372 -2.087215 -1.679297 3.456236 0.360857 2.499773 0.209387 0.715907 2.346040 -0.004329 10.472683 -0.183815 0.277285 3.613605
1 101.84388 -8.378770 -0.872647 -0.267807 -2.097132 -1.652739 3.440444 0.374841 2.495599 0.209743 0.689030 2.359280 -0.001475 10.467101 -0.209567 0.265554 3.572712
1 100.65844 -8.325546 -0.863525 -0.293050 -2.064267 -1.656524 3.414690 0.387674 2.479674 0.206908 0.672618 2.365875 0.008817 10.447489 -0.198155 0.298304 3.572167
1 100.65844 -8.325546 -0.863525 -0.293050 -2.064267 -1.656524 3.414690 0.387674 2.479674 0.206908 0.672618 2.365875 0.008817 10.447489 -0.198155 0.298304 3.572167
1 100.65844 -8.325546 -0.863525 -0.293050 -2.064267 -1.656524 3.414690 0.387674 2.479674 0.206908 0.672618 2.365875 0.008817 10.447489 -0.198155 0.298304 3.572167
1 100.65844 -8.325546 -0.863525 -0.293050 -2.064267 -1.656524 3.414690 0.387674 2.479674 0.206908 0.672618 2.365875 0.008817 10.447489 -0.198155 0.298304 3.572167
1 100.65844 -8.325546 -0.863525 -0.293050 -2.064267 -1.656524 3.414690 0.387674 2.479674 0.206908 0.672618 2.365875 0.008817 10.447489 -0.198155 0.298304 3.572167
1 100.65844 -8.325546 -0.863525 -0.293050 -2.064267 -1.656524 3.414690 0.387674 2.479674 0.206908 0.672618 2.365875 0.008817 10.447489 -0.198155 0.298304 3.572167
1 100.65844 -8.325546 -0.863525 -0.293050 -2.064267 -1.656524 3.414690 0.387674 2.479674 0.206908 0.672618 2.365875 0.008817 10.447489 -0.198155 0.298304 3.572167
1 100.65844 -8.325546 -0.863525 -0.293050 -2.064267 -1.656524 3.414690 0.387674 2.479674 0.206908 0.672618 2.365875 0.008817 10.447489 -0.198155 0.298304 3.572167
1 100.58407 -8.310178 -0.852738 -0.311525 -2.092741 -1.661150 3.392956 0.375962 2.478257 0.225288 0.678511 2.334101 0.020078 10.423162 -0.209015 0.323065 3.547642
1 101.6725 -8.320487 -0.871193 -0.345678 -2.101759 -1.672080 3.393307 0.379165 2.467269 0.206933 0.670992 2.339454 0.013586 10.443086 -0.213809 0.344507 3.524952
1 101.6725 -8.320487 -0.871193 -0.345678 -2.101759 -1.672080 3.393307 0.379165 2.467269 0.206933 0.670992 2.339454 0.013586 10.443086 -0.213809 0.344507 3.524952
1 101.6725 -8.320487 -0.871193 -0.345678 -2.101759 -1.672080 3.393307 0.379165 2.467269 0.206933 0.670992 2.339454 0.013586 10.443086 -0.213809 0.344507 3.524952
1 101.6725 -8.320487 -0.871193 -0.345678 -2.101759 -1.672080 3.393307 0.379165 2.467269 0.206933 0.670992 2.339454 0.013586 10.443086 -0.213809 0.344507 3.524952
1 101.6725 -8.320487 -0.871193 -0.345678 -2.101759 -1.672080 3.393307 0.379165 2.467269 0.206933 0.670992 2.339454 0.013586 10.443086 -0.213809 0.344507 3.524952
1 101.09061 -8.314525 -0.894117 -0.340716 -2.150315 -1.677958 3.390286 0.379471 2.456729 0.214747 0.658231 2.307933 0.001507 10.423511 -0.230377 0.330038 3.527343
1 99.127331 -8.343805 -0.892347 -0.337550 -2.124397 -1.698655 3.422147 0.412719 2.463974 0.222526 0.657842 2.289526 0.035188 10.406529 -0.236746 0.308092 3.526403
1 99.691304 -8.353909 -0.885573 -0.338036 -2.110598 -1.693974 3.401559 0.411610 2.457596 0.208479 0.656610 2.307957 0.042564 10.392803 -0.242820 0.330012 3.517554
1 99.367365 -8.362847 -0.886322 -0.333514 -2.132951 -1.673390 3.388058 0.391495 2.441710 0.191447 0.625451 2.323253 0.004536 10.360604 -0.245508 0.355554 3.485536
1 99.367365 -8.362847 -0.886322 -0.333514 -2.132951 -1.673390 3.388058 0.391495 2.441710 0.191447 0.625451 2.323253 0.004536 10.360604 -0.245508 0.355554 3.485536
1 99.549781 -8.376313 -0.899503 -0.320681 -2.145266 -1.666955 3.394444 0.393227 2.432113 0.200783 0.610757 2.308954 -0.005950 10.363459 -0.230547 0.351103 3.464940
1 99.549781 -8.376313 -0.899503 -0.320681 -2.145266 -1.666955 3.394444 0.393227 2.432113 0.200783 0.610757 2.308954 -0.005950 10.363459 -0.230547 0.351103 3.464940
1 99.594246 -8.392209 -0.869238 -0.274414 -2.132329 -1.650415 3.383951 0.405013 2.467534 0.231528 0.637670 2.305728 0.005174 10.368142 -0.220305 0.364089 3.468158
1 99.594246 -8.392209 -0.869238 -0.274414 -2.132329 -1.650415 3.383951 0.405013 2.467534 0.231528 0.637670 2.305728 0.005174 10.368142 -0.220305 0.364089 3.468158
1 99.594246 -8.392209 -0.869238 -0.274414 -2.132329 -1.650415 3.383951 0.405013 2.467534 0.231528 0.637670 2.305728 0.005174 10.368142 -0.220305 0.364089 3.468158
1 97.768882 -8.368832 -0.855441 -0.301332 -2.120996 -1.671322 3.375057 0.363845 2.491592 0.238533 0.640634 2.268724 0.046631 10.356970 -0.247472 0.356505 3.459260
1 96.975169 -8.348478 -0.886452 -0.310072 -2.138987 -1.697451 3.374027 0.369077 2.476749 0.277570 0.673473 2.296050 0.085877 10.352971 -0.236965 0.340502 3.449530
1 94.256852 -8.363564 -0.891849 -0.310409 -2.159897 -1.699039 3.415057 0.372878 2.468585 0.274813 0.717237 2.269747 0.057265 10.316673 -0.207227 0.373512 3.484466
1 94.256852 -8.363564 -0.891849 -0.310409 -2.159897 -1.699039 3.415057 0.372878 2.468585 0.274813 0.717237 2.269747 0.057265 10.316673 -0.207227 0.373512 3.484466
1 94.041082 -8.380597 -0.832110 -0.318137 -2.128382 -1.709151 3.418745 0.364859 2.455428 0.274315 0.722095 2.279200 0.075822 10.299722 -0.235332 0.398342 3.473692
1 94.041082 -8.380597 -0.832110 -0.318137 -2.128382 -1.709151 3.418745 0.364859 2.455428 0.274315 0.722095 2.279200 0.075822 10.299722 -0.235332 0.398342 3.473692
1 94.041082 -8.380597 -0.832110 -0.318137 -2.128382 -1.709151 3.418745 0.364859 2.455428 0.274315 0.722095 2.279200 0.075822 10.299722 -0.235332 0.398342 3.473692
1 94.041082 -8.380597 -0.832110 -0.318137 -2.128382 -1.709151 3.418745 0.364859 2.455428 0.274315 0.722095 2.279200 0.075822 10.299722 -0.235332 0.398342 3.473692
1 94.041082 -8.380597 -0.832110 -0.318137 -2.128382 -1.709151 3.418745 0.364859 2.455428 0.274315 0.722095 2.279200 0.075822 10.299722 -0.235332 0.398342 3.473692
1 94.153704 -8.394930 -0.864230 -0.350167 -2.146975 -1.745203 3.420392 0.362246 2.434245 0.274260 0.743330 2.270205 0.095246 10.269373 -0.250361 0.417758 3.461447
1 94.153704 -8.394930 -0.864230 -0.350167 -2.146975 -1.745203 3.420392 0.362246 2.434245 0.274260 0.743330 2.270205 0.095246 10.269373 -0.250361 0.417758 3.461447
1 92.743228 -8.358000 -0.856552 -0.399151 -2.122493 -1.743886 3.428952 0.356723 2.472545 0.286194 0.788239 2.248862 0.060310 10.282273 -0.249682 0.450397 3.476168
1 92.743228 -8.358000 -0.856552 -0.399151 -2.122493 -1.743886 3.428952 0.356723 2.472545 0.286194 0.788239 2.248862 0.060310 10.282273 -0.249682 0.450397 3.476168
1 92.140067 -8.383478 -0.875577 -0.401273 -2.111345 -1.694734 3.423190 0.338322 2.493903 0.264158 0.786409 2.221504 0.030696 10.294451 -0.237698 0.475530 3.491398
1 92.140067 -8.383478 -0.875577 -0.401273 -2.111345 -1.694734 3.423190 0.338322 2.493903 0.264158 0.786409 2.221504 0.030696 10.294451 -0.237698 0.475530 3.491398
1 92.140067 -8.383478 -0.875577 -0.401273 -2.111345 -1.694734 3.423190 0.338322 2.493903 0.264158 0.786409 2.221504 0.030696 10.294451 -0.237698 0.475530 3.491398
1 92.140067 -8.383478 -0.875577 -0.401273 -2.111345 -1.694734 3.423190 0.338322 2.493903 0.264158 0.786409 2.221504 0.030696 10.294451 -0.237698 0.475530 3.491398
1 92.140067 -8.383478 -0.875577 -0.401273 -2.111345 -1.694734 3.423190 0.338322 2.493903 0.264158 0.786409 2.221504 0.030696 10.294451 -0.237698 0.475530 3.491398
1 92.140067 -8.383478 -0.875577 -0.401273 -2.111345 -1.694734 3.423190 0.338322 2.493903 0.264158 0.786409 2.221504 0.030696 10.294451 -0.237698 0.475530 3.491398
1 92.140067 -8.383478 -0.875577 -0.401273 -2.111345 -1.694734 3.423190 0.338322 2.493903 0.264158 0.786409 2.221504 0.030696 10.294451 -0.237698 0.475530 3.491398
1 92.140067 -8.383478 -0.875577 -0.401273 -2.111345 -1.694734 3.423190 0.338322 2.493903 0.264158 0.786409 2.221504 0.030696 10.294451 -0.237698 0.475530 3.491398
1 92.140067 -8.383478 -0.875577 -0.401273 -2.111345 -1.694734 3.423190 0.338322 2.493903 0.264158 0.786409 2.221504 0.030696 10.294451 -0.237698 0.475530 3.491398
