1 inf -8.715546 -0.940083 -0.323188 -2.242542 -1.438871 3.377279 0.223585 2.494445 0.148473 0.592116 2.290593 0.180680 10.500752 -0.248832 0.179368 3.647842
1 inf -8.697126 -0.950899 -0.334532 -2.252435 -1.485335 3.398744 0.205763 2.471045 0.171183 0.570790 2.295651 0.189020 10.518911 -0.245528 0.191289 3.661458
1 inf -8.713584 -0.979833 -0.318613 -2.264277 -1.487086 3.382478 0.165716 2.492671 0.178732 0.574638 2.289220 0.190244 10.524876 -0.241739 0.192209 3.684888
1 inf -8.721322 -0.997035 -0.343914 -2.249188 -1.443457 3.371998 0.140248 2.467486 0.166734 0.556100 2.279243 0.212857 10.518551 -0.224618 0.201819 3.699547
1 inf -8.704334 -0.972779 -0.313621 -2.261721 -1.448866 3.375385 0.124174 2.467839 0.183597 0.519554 2.266762 0.182337 10.499271 -0.222183 0.192459 3.701297
1 inf -8.690469 -0.964293 -0.322495 -2.225212 -1.419481 3.356470 0.110362 2.465702 0.202700 0.522401 2.256842 0.173625 10.505787 -0.246787 0.216317 3.643780
1 inf -8.724945 -0.966235 -0.347610 -2.233724 -1.401992 3.320136 0.104986 2.468436 0.252988 0.493056 2.262847 0.190351 10.484666 -0.246725 0.223558 3.657004
1 inf -8.772488 -0.940791 -0.418900 -2.218304 -1.397775 3.293443 0.079714 2.460761 0.229924 0.465181 2.261778 0.190480 10.485478 -0.243660 0.203401 3.663458
1 inf -8.778059 -0.931976 -0.384848 -2.212608 -1.360388 3.227586 0.066681 2.428677 0.257692 0.485098 2.247552 0.172346 10.456617 -0.252906 0.219867 3.646236
1 inf -8.788222 -0.922166 -0.384111 -2.221120 -1.366603 3.231670 0.071358 2.392755 0.231939 0.501329 2.249625 0.129312 10.515393 -0.260068 0.229176 3.651373
1 inf -8.749715 -0.920176 -0.396474 -2.229507 -1.390044 3.228199 0.043091 2.356420 0.221129 0.494320 2.222344 0.076653 10.502737 -0.305871 0.216661 3.663261
1 inf -8.784375 -0.896592 -0.379856 -2.241890 -1.405966 3.235170 0.034031 2.335878 0.224025 0.483143 2.241172 0.084780 10.491064 -0.293460 0.244151 3.627895
1 inf -8.778116 -0.908616 -0.363067 -2.263275 -1.434000 3.217216 0.032283 2.309801 0.184144 0.450874 2.262176 0.108882 10.505755 -0.269079 0.244122 3.609328
1 inf -8.792014 -0.912301 -0.353633 -2.306259 -1.406291 3.160067 0.036788 2.310708 0.147311 0.460316 2.232440 0.113977 10.509116 -0.310784 0.271501 3.595994
1 inf -8.801761 -0.944715 -0.343402 -2.329535 -1.410901 3.140976 0.055500 2.296936 0.118789 0.470255 2.214590 0.124246 10.479017 -0.290922 0.277373 3.579107
1 inf -8.789522 -0.964970 -0.372188 -2.320976 -1.380018 3.122170 0.042116 2.291675 0.081964 0.484806 2.178563 0.125105 10.487619 -0.306288 0.299437 3.546697
1 inf -8.787400 -0.955349 -0.385342 -2.292327 -1.387036 3.160660 0.068650 2.286909 0.040686 0.513243 2.186612 0.128849 10.454625 -0.300745 0.292612 3.564790
1 inf -8.802248 -0.935480 -0.393321 -2.282413 -1.384067 3.160192 0.031016 2.282716 0.025136 0.495755 2.191489 0.148527 10.416137 -0.315440 0.318657 3.540395
1 inf -8.794761 -0.976059 -0.412566 -2.256224 -1.380112 3.169001 0.045537 2.253620 0.031799 0.458427 2.226398 0.131694 10.428991 -0.336419 0.321871 3.536480
1 inf -8.820123 -0.955853 -0.388378 -2.270642 -1.387454 3.154918 0.080092 2.247576 0.019344 0.447540 2.186972 0.138013 10.420526 -0.343254 0.295060 3.545201
1 inf -8.843605 -0.943804 -0.355253 -2.279406 -1.372559 3.163026 0.059613 2.237404 -0.019848 0.400080 2.168248 0.136613 10.430173 -0.362001 0.274722 3.539603
1 inf -8.870968 -0.946504 -0.318392 -2.274968 -1.359075 3.117292 0.091905 2.221658 -0.020306 0.410888 2.117722 0.158580 10.403527 -0.378513 0.311606 3.543791
1 inf -8.877512 -0.920067 -0.286826 -2.304028 -1.344720 3.125457 0.090540 2.200978 -0.016125 0.407200 2.105109 0.197048 10.388866 -0.364121 0.278729 3.550609
1 inf -8.892735 -0.902502 -0.320007 -2.305847 -1.375941 3.106212 0.103633 2.142718 -0.046307 0.410232 2.083047 0.212671 10.424060 -0.334664 0.261874 3.536363
1 inf -8.896813 -0.869948 -0.311227 -2.285193 -1.363427 3.129959 0.068702 2.131284 -0.058921 0.385193 2.104114 0.177509 10.399672 -0.341106 0.251829 3.538475
1 inf -8.932004 -0.855451 -0.345110 -2.276066 -1.355370 3.154219 0.012821 2.134234 -0.052503 0.370110 2.111057 0.177528 10.405917 -0.368566 0.272635 3.608696
1 inf -8.968073 -0.861166 -0.349665 -2.256730 -1.329866 3.168512 0.018103 2.136070 -0.060039 0.379657 2.082672 0.165645 10.435538 -0.417627 0.258541 3.591286
1 inf -8.979116 -0.861011 -0.363763 -2.226212 -1.311799 3.196460 -0.015447 2.136689 -0.073783 0.397617 2.094738 0.164173 10.465446 -0.347863 0.268012 3.559560
1 inf -8.968514 -0.854761 -0.380893 -2.195999 -1.291673 3.222236 -0.025459 2.112780 -0.087722 0.388836 2.101234 0.135987 10.493435 -0.310293 0.279571 3.568374
1 inf -9.006149 -0.899651 -0.405161 -2.191566 -1.283835 3.231770 -0.002720 2.089292 -0.109538 0.385260 2.075101 0.163744 10.491802 -0.286620 0.279750 3.575096
1 inf -8.976136 -0.881212 -0.407737 -2.211746 -1.277307 3.220450 0.031742 2.080706 -0.133833 0.370554 2.072994 0.160771 10.440857 -0.307620 0.258096 3.581994
1 inf -8.987094 -0.880087 -0.383893 -2.201840 -1.299944 3.211407 0.046107 2.071624 -0.131868 0.399814 2.069036 0.141975 10.432572 -0.280252 0.286988 3.592566
1 inf -9.003528 -0.876678 -0.406271 -2.219939 -1.301564 3.183997 -0.004752 2.091629 -0.161135 0.355980 2.067736 0.131957 10.437995 -0.279427 0.306135 3.617635
1 inf -8.991487 -0.892162 -0.377376 -2.218965 -1.299611 3.141908 -0.022197 2.077289 -0.154656 0.322686 2.084381 0.135152 10.464416 -0.305682 0.309732 3.629440
1 inf -8.987320 -0.906926 -0.394497 -2.185723 -1.293234 3.127010 0.014028 2.091978 -0.132877 0.339969 2.083763 0.143279 10.470969 -0.282497 0.335216 3.620587
1 inf -8.977128 -0.909755 -0.409477 -2.178798 -1.272072 3.142768 -0.038769 2.118757 -0.128470 0.326180 2.075274 0.137069 10.488527 -0.292162 0.310722 3.635785
1 inf -9.002985 -0.942467 -0.408481 -2.197575 -1.245888 3.115749 -0.059830 2.112472 -0.111109 0.309809 2.072977 0.121051 10.518624 -0.294793 0.320641 3.606004
1 inf -9.001119 -0.956504 -0.408183 -2.218706 -1.248180 3.102938 -0.061992 2.126409 -0.119109 0.359625 2.088629 0.139216 10.481479 -0.302196 0.301636 3.603176
1 inf -9.000510 -0.950204 -0.403531 -2.204309 -1.255298 3.117186 -0.068611 2.117512 -0.122372 0.323401 2.063944 0.117008 10.454896 -0.289487 0.322552 3.620252
1 inf -9.027855 -0.919949 -0.409470 -2.184231 -1.269277 3.106351 -0.103509 2.122924 -0.118441 0.344703 2.031367 0.115054 10.450046 -0.322083 0.318330 3.602290
1 inf -8.997638 -0.887536 -0.415799 -2.161726 -1.282310 3.119210 -0.096236 2.150480 -0.127443 0.339523 2.053756 0.169689 10.451438 -0.296429 0.338933 3.570466
1 inf -8.993444 -0.855531 -0.422066 -2.197715 -1.309067 3.141464 -0.116365 2.119694 -0.134584 0.361642 2.033322 0.165607 10.477166 -0.302022 0.327272 3.577650
1 inf -8.997627 -0.855836 -0.435341 -2.176449 -1.299853 3.107065 -0.139960 2.126317 -0.121747 0.372907 2.012992 0.176288 10.477344 -0.305529 0.341789 3.608358
1 inf -9.012850 -0.838271 -0.468522 -2.178268 -1.331074 3.087820 -0.126867 2.068057 -0.151929 0.375939 1.990930 0.191911 10.512538 -0.276072 0.324934 3.594112
1 inf -8.992541 -0.847256 -0.470009 -2.189200 -1.347047 3.055079 -0.155163 2.064397 -0.161648 0.339622 1.990441 0.197632 10.519714 -0.266064 0.315115 3.570003
1 inf -9.011905 -0.831314 -0.469646 -2.196533 -1.319817 3.085493 -0.168840 2.061048 -0.184288 0.367583 1.962624 0.196834 10.531921 -0.280005 0.308542 3.561278
1 inf -9.030187 -0.829191 -0.491069 -2.230209 -1.313540 3.127729 -0.193409 2.071471 -0.199511 0.401591 1.958222 0.194018 10.530016 -0.269950 0.301317 3.534986
1 inf -9.014899 -0.802417 -0.473940 -2.248238 -1.308329 3.120982 -0.190732 2.068366 -0.214240 0.418528 1.943271 0.180837 10.530288 -0.278277 0.311442 3.519440
1 inf -8.997136 -0.794624 -0.453533 -2.265157 -1.335673 3.095629 -0.158528 2.064112 -0.196502 0.413039 1.957897 0.159171 10.540378 -0.280540 0.299827 3.500021
1 inf -8.991849 -0.801121 -0.474218 -2.286801 -1.321859 3.096809 -0.149448 2.064622 -0.165667 0.384626 1.926077 0.152403 10.532184 -0.280051 0.306329 3.542260
1 inf -8.965868 -0.763462 -0.479476 -2.325273 -1.348841 3.118167 -0.162227 2.070555 -0.163633 0.377617 1.928821 0.148724 10.518418 -0.279835 0.316123 3.543729
1 inf -8.985458 -0.732456 -0.455830 -2.332224 -1.346253 3.137709 -0.149160 2.075373 -0.214052 0.378504 1.912470 0.115086 10.528016 -0.278746 0.288028 3.577162
1 inf -9.001065 -0.725622 -0.484869 -2.308194 -1.360044 3.108209 -0.149436 2.079224 -0.216936 0.420627 1.912365 0.100031 10.520960 -0.256208 0.288310 3.579127
1 inf -9.001531 -0.735742 -0.455545 -2.310025 -1.352469 3.103477 -0.157639 2.072749 -0.246304 0.450274 1.920856 0.073923 10.506105 -0.259968 0.311174 3.581312
1 inf -9.008604 -0.744682 -0.428926 -2.297069 -1.401771 3.115517 -0.172123 2.046007 -0.245363 0.398150 1.898165 0.089898 10.474599 -0.274791 0.296174 3.592457
1 inf -9.022685 -0.762971 -0.407301 -2.276328 -1.400269 3.124337 -0.169046 2.033005 -0.237008 0.364389 1.853307 0.100303 10.474900 -0.242038 0.280949 3.553888
1 inf -9.041378 -0.772858 -0.400296 -2.319718 -1.390909 3.115005 -0.181630 2.015729 -0.237116 0.366249 1.854012 0.091944 10.444300 -0.230032 0.275537 3.569340
1 inf -9.028969 -0.784690 -0.396869 -2.338030 -1.393374 3.088897 -0.192829 2.063515 -0.216676 0.361974 1.864763 0.078349 10.464194 -0.212111 0.254636 3.573832
1 inf -9.033828 -0.768998 -0.359193 -2.278011 -1.393288 3.065939 -0.158820 2.056398 -0.211858 0.348036 1.860793 0.085297 10.463265 -0.195689 0.272136 3.615268
1 inf -9.049557 -0.788270 -0.358580 -2.245387 -1.400931 3.071149 -0.185509 2.064190 -0.239166 0.332564 1.833069 0.038041 10.484173 -0.182507 0.262104 3.558730
1 inf -9.031472 -0.804844 -0.339910 -2.215744 -1.360825 3.100798 -0.193705 2.055409 -0.221678 0.329318 1.831407 0.032393 10.436675 -0.187145 0.285494 3.531578
1 inf -9.029041 -0.788060 -0.366904 -2.220438 -1.344779 3.104086 -0.197090 2.071890 -0.226199 0.318863 1.828424 0.049948 10.407739 -0.202861 0.304883 3.496025
1 inf -9.044264 -0.770495 -0.400085 -2.222257 -1.376000 3.084841 -0.183997 2.013630 -0.256381 0.321895 1.806362 0.065571 10.442933 -0.173404 0.288028 3.481779
1 inf -9.050351 -0.771886 -0.425653 -2.213232 -1.427970 3.093935 -0.177235 2.001817 -0.275211 0.350337 1.827055 0.063023 10.474387 -0.170989 0.274965 3.457267
1 inf -9.046095 -0.785077 -0.420177 -2.199288 -1.412785 3.080172 -0.142336 1.993697 -0.298459 0.352374 1.832128 0.034828 10.442581 -0.190766 0.276993 3.453709
1 inf -9.055876 -0.778218 -0.414190 -2.187944 -1.428055 3.103843 -0.168999 1.982579 -0.310566 0.365524 1.830474 0.001999 10.443313 -0.213089 0.277577 3.444645
1 inf -9.103723 -0.810250 -0.416136 -2.177090 -1.451738 3.115977 -0.187238 1.984445 -0.328724 0.320189 1.859008 0.024979 10.472017 -0.234531 0.269045 3.423890
1 inf -9.126800 -0.829076 -0.364252 -2.163227 -1.437671 3.118840 -0.191949 2.008700 -0.353307 0.360344 1.834718 0.023698 10.467776 -0.254580 0.236757 3.408152
1 inf -9.115160 -0.837932 -0.373719 -2.163256 -1.435625 3.133828 -0.211691 2.031699 -0.368382 0.318348 1.827847 0.013409 10.454787 -0.283501 0.248288 3.407117
1 inf -9.097201 -0.810520 -0.393458 -2.194035 -1.414346 3.161021 -0.235625 2.033085 -0.350279 0.299841 1.822501 0.002694 10.421637 -0.301300 0.251429 3.397171
1 inf -9.084873 -0.837411 -0.434451 -2.166049 -1.440009 3.171243 -0.195689 2.050326 -0.372111 0.295323 1.805033 -0.003744 10.449139 -0.311713 0.284822 3.386605
1 inf -9.102624 -0.863913 -0.405766 -2.150610 -1.399615 3.206477 -0.203439 2.039010 -0.371429 0.254298 1.780146 0.015547 10.437172 -0.318588 0.282969 3.398423
1 inf -9.113073 -0.861872 -0.377027 -2.129118 -1.416564 3.219274 -0.187399 2.015331 -0.352912 0.246915 1.826965 -0.024706 10.473923 -0.336264 0.279804 3.434776
1 inf -9.114491 -0.862719 -0.381615 -2.162739 -1.363309 3.224513 -0.154345 1.989849 -0.348671 0.267245 1.819985 -0.004905 10.434691 -0.351261 0.246191 3.432916
1 inf -9.132779 -0.835099 -0.393927 -2.188089 -1.370517 3.267072 -0.160330 2.011067 -0.391597 0.285810 1.795509 0.008385 10.437411 -0.349045 0.274994 3.437884
1 inf -9.103390 -0.818501 -0.403135 -2.136231 -1.326888 3.274119 -0.161233 1.999823 -0.398721 0.276828 1.819821 0.030344 10.437831 -0.344329 0.286168 3.435165
1 inf -9.099173 -0.842383 -0.412211 -2.133342 -1.296914 3.268511 -0.170921 2.001446 -0.374409 0.285955 1.830021 0.028718 10.452973 -0.350345 0.303873 3.439003
1 inf -9.144333 -0.832498 -0.391668 -2.157606 -1.280810 3.261507 -0.192087 2.029597 -0.380751 0.276335 1.843794 0.022061 10.449143 -0.331313 0.321141 3.446850
1 inf -9.128823 -0.813612 -0.338964 -2.146364 -1.293020 3.238007 -0.144533 2.050059 -0.351036 0.310726 1.877343 0.025755 10.449419 -0.338793 0.341983 3.453223
1 inf -9.108618 -0.822023 -0.350109 -2.165524 -1.310088 3.249205 -0.168997 2.032203 -0.368640 0.348047 1.876156 0.019455 10.488874 -0.334722 0.321300 3.478730
1 inf -9.118541 -0.810080 -0.325165 -2.188382 -1.292035 3.237013 -0.147188 2.055847 -0.382511 0.366055 1.914813 0.046997 10.486542 -0.366391 0.336421 3.448681
