1 289.42205 -8.553381 -0.935934 -0.229471 -2.302668 -1.472272 3.450737 0.263438 2.507524 0.227670 0.526319 2.298173 0.084446 10.344950 -0.294838 0.276611 3.609572
1 289.42205 -8.553381 -0.935934 -0.229471 -2.302668 -1.472272 3.450737 0.263438 2.507524 0.227670 0.526319 2.298173 0.084446 10.344950 -0.294838 0.276611 3.609572
1 281.12603 -8.567839 -0.911065 -0.224637 -2.327783 -1.480435 3.411800 0.233179 2.506653 0.223370 0.545033 2.328987 0.076762 10.364674 -0.253667 0.277857 3.619881
1 281.12603 -8.567839 -0.911065 -0.224637 -2.327783 -1.480435 3.411800 0.233179 2.506653 0.223370 0.545033 2.328987 0.076762 10.364674 -0.253667 0.277857 3.619881
1 281.12603 -8.567839 -0.911065 -0.224637 -2.327783 -1.480435 3.411800 0.233179 2.506653 0.223370 0.545033 2.328987 0.076762 10.364674 -0.253667 0.277857 3.619881
1 281.12603 -8.567839 -0.911065 -0.224637 -2.327783 -1.480435 3.411800 0.233179 2.506653 0.223370 0.545033 2.328987 0.076762 10.364674 -0.253667 0.277857 3.619881
1 281.12603 -8.567839 -0.911065 -0.224637 -2.327783 -1.480435 3.411800 0.233179 2.506653 0.223370 0.545033 2.328987 0.076762 10.364674 -0.253667 0.277857 3.619881
1 281.12603 -8.567839 -0.911065 -0.224637 -2.327783 -1.480435 3.411800 0.233179 2.506653 0.223370 0.545033 2.328987 0.076762 10.364674 -0.253667 0.277857 3.619881
1 281.12603 -8.567839 -0.911065 -0.224637 -2.327783 -1.480435 3.411800 0.233179 2.506653 0.223370 0.545033 2.328987 0.076762 10.364674 -0.253667 0.277857 3.619881
1 281.12603 -8.567839 -0.911065 -0.224637 -2.327783 -1.480435 3.411800 0.233179 2.506653 0.223370 0.545033 2.328987 0.076762 10.364674 -0.253667 0.277857 3.619881
1 281.12603 -8.567839 -0.911065 -0.224637 -2.327783 -1.480435 3.411800 0.233179 2.506653 0.223370 0.545033 2.328987 0.076762 10.364674 -0.253667 0.277857 3.619881
1 281.12603 -8.567839 -0.911065 -0.224637 -2.327783 -1.480435 3.411800 0.233179 2.506653 0.223370 0.545033 2.328987 0.076762 10.364674 -0.253667 0.277857 3.619881
1 281.12603 -8.567839 -0.911065 -0.224637 -2.327783 -1.480435 3.411800 0.233179 2.506653 0.223370 0.545033 2.328987 0.076762 10.364674 -0.253667 0.277857 3.619881
1 281.12603 -8.567839 -0.911065 -0.224637 -2.327783 -1.480435 3.411800 0.233179 2.506653 0.223370 0.545033 2.328987 0.076762 10.364674 -0.253667 0.277857 3.619881
1 281.12603 -8.567839 -0.911065 -0.224637 -2.327783 -1.480435 3.411800 0.233179 2.506653 0.223370 0.545033 2.328987 0.076762 10.364674 -0.253667 0.277857 3.619881
1 281.12603 -8.567839 -0.911065 -0.224637 -2.327783 -1.480435 3.411800 0.233179 2.506653 0.223370 0.545033 2.328987 0.076762 10.364674 -0.253667 0.277857 3.619881
1 281.12603 -8.567839 -0.911065 -0.224637 -2.327783 -1.480435 3.411800 0.233179 2.506653 0.223370 0.545033 2.328987 0.076762 10.364674 -0.253667 0.277857 3.619881
1 281.12603 -8.567839 -0.911065 -0.224637 -2.327783 -1.480435 3.411800 0.233179 2.506653 0.223370 0.545033 2.328987 0.076762 10.364674 -0.253667 0.277857 3.619881
1 281.12603 -8.567839 -0.911065 -0.224637 -2.327783 -1.480435 3.411800 0.233179 2.506653 0.223370 0.545033 2.328987 0.076762 10.364674 -0.253667 0.277857 3.619881
1 281.12603 -8.567839 -0.911065 -0.224637 -2.327783 -1.480435 3.411800 0.233179 2.506653 0.223370 0.545033 2.328987 0.076762 10.364674 -0.253667 0.277857 3.619881
1 281.12603 -8.567839 -0.911065 -0.224637 -2.327783 -1.480435 3.411800 0.233179 2.506653 0.223370 0.545033 2.328987 0.076762 10.364674 -0.253667 0.277857 3.619881
1 281.12603 -8.567839 -0.911065 -0.224637 -2.327783 -1.480435 3.411800 0.233179 2.506653 0.223370 0.545033 2.328987 0.076762 10.364674 -0.253667 0.277857 3.619881
1 281.12603 -8.567839 -0.911065 -0.224637 -2.327783 -1.480435 3.411800 0.233179 2.506653 0.223370 0.545033 2.328987 0.076762 10.364674 -0.253667 0.277857 3.619881
1 281.12603 -8.567839 -0.911065 -0.224637 -2.327783 -1.480435 3.411800 0.233179 2.506653 0.223370 0.545033 2.328987 0.076762 10.364674 -0.253667 0.277857 3.619881
1 281.12603 -8.567839 -0.911065 -0.224637 -2.327783 -1.480435 3.411800 0.233179 2.506653 0.223370 0.545033 2.328987 0.076762 10.364674 -0.253667 0.277857 3.619881
1 281.12603 -8.567839 -0.911065 -0.224637 -2.327783 -1.480435 3.411800 0.233179 2.506653 0.223370 0.545033 2.328987 0.076762 10.364674 -0.253667 0.277857 3.619881
1 281.12603 -8.567839 -0.911065 -0.224637 -2.327783 -1.480435 3.411800 0.233179 2.506653 0.223370 0.545033 2.328987 0.076762 10.364674 -0.253667 0.277857 3.619881
1 281.12603 -8.567839 -0.911065 -0.224637 -2.327783 -1.480435 3.411800 0.233179 2.506653 0.223370 0.545033 2.328987 0.076762 10.364674 -0.253667 0.277857 3.619881
1 281.12603 -8.567839 -0.911065 -0.224637 -2.327783 -1.480435 3.411800 0.233179 2.506653 0.223370 0.545033 2.328987 0.076762 10.364674 -0.253667 0.277857 3.619881
1 281.12603 -8.567839 -0.911065 -0.224637 -2.327783 -1.480435 3.411800 0.233179 2.506653 0.223370 0.545033 2.328987 0.076762 10.364674 -0.253667 0.277857 3.619881
1 281.12603 -8.567839 -0.911065 -0.224637 -2.327783 -1.480435 3.411800 0.233179 2.506653 0.223370 0.545033 2.328987 0.076762 10.364674 -0.253667 0.277857 3.619881
1 281.12603 -8.567839 -0.911065 -0.224637 -2.327783 -1.480435 3.411800 0.233179 2.506653 0.223370 0.545033 2.328987 0.076762 10.364674 -0.253667 0.277857 3.619881
1 281.12603 -8.567839 -0.911065 -0.224637 -2.327783 -1.480435 3.411800 0.233179 2.506653 0.223370 0.545033 2.328987 0.076762 10.364674 -0.253667 0.277857 3.619881
1 281.12603 -8.567839 -0.911065 -0.224637 -2.327783 -1.480435 3.411800 0.233179 2.506653 0.223370 0.545033 2.328987 0.076762 10.364674 -0.253667 0.277857 3.619881
1 281.12603 -8.567839 -0.911065 -0.224637 -2.327783 -1.480435 3.411800 0.233179 2.506653 0.223370 0.545033 2.328987 0.076762 10.364674 -0.253667 0.277857 3.619881
1 281.12603 -8.567839 -0.911065 -0.224637 -2.327783 -1.480435 3.411800 0.233179 2.506653 0.223370 0.545033 2.328987 0.076762 10.364674 -0.253667 0.277857 3.619881
1 281.12603 -8.567839 -0.911065 -0.224637 -2.327783 -1.480435 3.411800 0.233179 2.506653 0.223370 0.545033 2.328987 0.076762 10.364674 -0.253667 0.277857 3.619881
1 281.12603 -8.567839 -0.911065 -0.224637 -2.327783 -1.480435 3.411800 0.233179 2.506653 0.223370 0.545033 2.328987 0.076762 10.364674 -0.253667 0.277857 3.619881
1 281.12603 -8.567839 -0.911065 -0.224637 -2.327783 -1.480435 3.411800 0.233179 2.506653 0.223370 0.545033 2.328987 0.076762 10.364674 -0.253667 0.277857 3.619881
1 281.12603 -8.567839 -0.911065 -0.224637 -2.327783 -1.480435 3.411800 0.233179 2.506653 0.223370 0.545033 2.328987 0.076762 10.364674 -0.253667 0.277857 3.619881
1 281.12603 -8.567839 -0.911065 -0.224637 -2.327783 -1.480435 3.411800 0.233179 2.506653 0.223370 0.545033 2.328987 0.076762 10.364674 -0.253667 0.277857 3.619881
1 281.12603 -8.567839 -0.911065 -0.224637 -2.327783 -1.480435 3.411800 0.233179 2.506653 0.223370 0.545033 2.328987 0.076762 10.364674 -0.253667 0.277857 3.619881
1 281.12603 -8.567839 -0.911065 -0.224637 -2.327783 -1.480435 3.411800 0.233179 2.506653 0.223370 0.545033 2.328987 0.076762 10.364674 -0.253667 0.277857 3.619881
1 281.12603 -8.567839 -0.911065 -0.224637 -2.327783 -1.480435 3.411800 0.233179 2.506653 0.223370 0.545033 2.328987 0.076762 10.364674 -0.253667 0.277857 3.619881
1 281.12603 -8.567839 -0.911065 -0.224637 -2.327783 -1.480435 3.411800 0.233179 2.506653 0.223370 0.545033 2.328987 0.076762 10.364674 -0.253667 0.277857 3.619881
1 281.12603 -8.567839 -0.911065 -0.224637 -2.327783 -1.480435 3.411800 0.233179 2.506653 0.223370 0.545033 2.328987 0.076762 10.364674 -0.253667 0.277857 3.619881
1 281.12603 -8.567839 -0.911065 -0.224637 -2.327783 -1.480435 3.411800 0.233179 2.506653 0.223370 0.545033 2.328987 0.076762 10.364674 -0.253667 0.277857 3.619881
1 281.12603 -8.567839 -0.911065 -0.224637 -2.327783 -1.480435 3.411800 0.233179 2.506653 0.223370 0.545033 2.328987 0.076762 10.364674 -0.253667 0.277857 3.619881
1 281.12603 -8.567839 -0.911065 -0.224637 -2.327783 -1.480435 3.411800 0.233179 2.506653 0.223370 0.545033 2.328987 0.076762 10.364674 -0.253667 0.277857 3.619881
1 281.12603 -8.567839 -0.911065 -0.224637 -2.327783 -1.480435 3.411800 0.233179 2.506653 0.223370 0.545033 2.328987 0.076762 10.364674 -0.253667 0.277857 3.619881
1 281.12603 -8.567839 -0.911065 -0.224637 -2.327783 -1.480435 3.411800 0.233179 2.506653 0.223370 0.545033 2.328987 0.076762 10.364674 -0.253667 0.277857 3.619881
