1 inf -8.545466 -0.870794 -0.226623 -2.239622 -1.467438 3.446678 0.275097 2.460648 0.228782 0.533771 2.287839 0.093981 10.367878 -0.312304 0.327379 3.548681
1 inf -8.556803 -0.880897 -0.182439 -2.234874 -1.460753 3.435647 0.223003 2.466516 0.205610 0.526788 2.297350 0.090063 10.391033 -0.302775 0.339920 3.584679
1 inf -8.550883 -0.882947 -0.151203 -2.235841 -1.465830 3.452797 0.253727 2.451080 0.217554 0.514859 2.317550 0.137995 10.389306 -0.344472 0.320804 3.559651
1 inf -8.585364 -0.870462 -0.158076 -2.220578 -1.463988 3.471938 0.247220 2.458998 0.198051 0.492254 2.291242 0.143834 10.325512 -0.312837 0.313847 3.575991
1 inf -8.519827 -0.877274 -0.156236 -2.204616 -1.443083 3.440126 0.287545 2.412931 0.203583 0.482589 2.282944 0.128223 10.314779 -0.312367 0.321576 3.546726
1 inf -8.517139 -0.869730 -0.138271 -2.190177 -1.439869 3.471553 0.273357 2.411559 0.152846 0.509784 2.322618 0.127806 10.343613 -0.319024 0.328580 3.524652
1 inf -8.561562 -0.915291 -0.153741 -2.190531 -1.438270 3.463946 0.253783 2.417736 0.137348 0.493561 2.301930 0.095990 10.334562 -0.294667 0.337278 3.490741
1 inf -8.559164 -0.887144 -0.141005 -2.208480 -1.427695 3.431647 0.266589 2.443911 0.124516 0.517208 2.292369 0.112910 10.335181 -0.296857 0.334380 3.514933
1 inf -8.524353 -0.883407 -0.136618 -2.199090 -1.468066 3.425151 0.265628 2.457078 0.139465 0.527115 2.265390 0.102863 10.297725 -0.297640 0.344063 3.479203
1 inf -8.537417 -0.895373 -0.124249 -2.193877 -1.473784 3.470504 0.266028 2.455218 0.134854 0.538218 2.313277 0.101432 10.320486 -0.325487 0.356990 3.437486
1 inf -8.562566 -0.872184 -0.077592 -2.216530 -1.495062 3.467482 0.223260 2.455911 0.147227 0.585277 2.287937 0.102254 10.321602 -0.322932 0.382901 3.428252
1 inf -8.545486 -0.847168 -0.102111 -2.238833 -1.516602 3.472036 0.246286 2.493506 0.114458 0.554460 2.320338 0.103531 10.353980 -0.341054 0.355193 3.424324
1 inf -8.575743 -0.846809 -0.093181 -2.257132 -1.544072 3.473555 0.234262 2.484806 0.151673 0.580576 2.343317 0.094857 10.356081 -0.392467 0.368859 3.426609
1 296.00003 -8.587321 -0.894188 -0.110705 -2.287601 -1.506602 3.450877 0.225167 2.467650 0.136493 0.560420 2.325818 0.120202 10.378621 -0.401109 0.410467 3.412398
1 296.00003 -8.587321 -0.894188 -0.110705 -2.287601 -1.506602 3.450877 0.225167 2.467650 0.136493 0.560420 2.325818 0.120202 10.378621 -0.401109 0.410467 3.412398
1 296.00003 -8.587321 -0.894188 -0.110705 -2.287601 -1.506602 3.450877 0.225167 2.467650 0.136493 0.560420 2.325818 0.120202 10.378621 -0.401109 0.410467 3.412398
1 296.00003 -8.587321 -0.894188 -0.110705 -2.287601 -1.506602 3.450877 0.225167 2.467650 0.136493 0.560420 2.325818 0.120202 10.378621 -0.401109 0.410467 3.412398
1 296.00003 -8.587321 -0.894188 -0.110705 -2.287601 -1.506602 3.450877 0.225167 2.467650 0.136493 0.560420 2.325818 0.120202 10.378621 -0.401109 0.410467 3.412398
1 296.00003 -8.587321 -0.894188 -0.110705 -2.287601 -1.506602 3.450877 0.225167 2.467650 0.136493 0.560420 2.325818 0.120202 10.378621 -0.401109 0.410467 3.412398
1 296.00003 -8.587321 -0.894188 -0.110705 -2.287601 -1.506602 3.450877 0.225167 2.467650 0.136493 0.560420 2.325818 0.120202 10.378621 -0.401109 0.410467 3.412398
1 296.00003 -8.587321 -0.894188 -0.110705 -2.287601 -1.506602 3.450877 0.225167 2.467650 0.136493 0.560420 2.325818 0.120202 10.378621 -0.401109 0.410467 3.412398
1 296.00003 -8.587321 -0.894188 -0.110705 -2.287601 -1.506602 3.450877 0.225167 2.467650 0.136493 0.560420 2.325818 0.120202 10.378621 -0.401109 0.410467 3.412398
1 296.00003 -8.587321 -0.894188 -0.110705 -2.287601 -1.506602 3.450877 0.225167 2.467650 0.136493 0.560420 2.325818 0.120202 10.378621 -0.401109 0.410467 3.412398
1 296.00003 -8.587321 -0.894188 -0.110705 -2.287601 -1.506602 3.450877 0.225167 2.467650 0.136493 0.560420 2.325818 0.120202 10.378621 -0.401109 0.410467 3.412398
1 296.00003 -8.587321 -0.894188 -0.110705 -2.287601 -1.506602 3.450877 0.225167 2.467650 0.136493 0.560420 2.325818 0.120202 10.378621 -0.401109 0.410467 3.412398
1 296.00003 -8.587321 -0.894188 -0.110705 -2.287601 -1.506602 3.450877 0.225167 2.467650 0.136493 0.560420 2.325818 0.120202 10.378621 -0.401109 0.410467 3.412398
1 296.00003 -8.587321 -0.894188 -0.110705 -2.287601 -1.506602 3.450877 0.225167 2.467650 0.136493 0.560420 2.325818 0.120202 10.378621 -0.401109 0.410467 3.412398
1 296.00003 -8.587321 -0.894188 -0.110705 -2.287601 -1.506602 3.450877 0.225167 2.467650 0.136493 0.560420 2.325818 0.120202 10.378621 -0.401109 0.410467 3.412398
1 296.00003 -8.587321 -0.894188 -0.110705 -2.287601 -1.506602 3.450877 0.225167 2.467650 0.136493 0.560420 2.325818 0.120202 10.378621 -0.401109 0.410467 3.412398
1 296.00003 -8.587321 -0.894188 -0.110705 -2.287601 -1.506602 3.450877 0.225167 2.467650 0.136493 0.560420 2.325818 0.120202 10.378621 -0.401109 0.410467 3.412398
1 296.00003 -8.587321 -0.894188 -0.110705 -2.287601 -1.506602 3.450877 0.225167 2.467650 0.136493 0.560420 2.325818 0.120202 10.378621 -0.401109 0.410467 3.412398
1 296.00003 -8.587321 -0.894188 -0.110705 -2.287601 -1.506602 3.450877 0.225167 2.467650 0.136493 0.560420 2.325818 0.120202 10.378621 -0.401109 0.410467 3.412398
1 296.00003 -8.587321 -0.894188 -0.110705 -2.287601 -1.506602 3.450877 0.225167 2.467650 0.136493 0.560420 2.325818 0.120202 10.378621 -0.401109 0.410467 3.412398
1 296.00003 -8.587321 -0.894188 -0.110705 -2.287601 -1.506602 3.450877 0.225167 2.467650 0.136493 0.560420 2.325818 0.120202 10.378621 -0.401109 0.410467 3.412398
1 296.00003 -8.587321 -0.894188 -0.110705 -2.287601 -1.506602 3.450877 0.225167 2.467650 0.136493 0.560420 2.325818 0.120202 10.378621 -0.401109 0.410467 3.412398
1 296.00003 -8.587321 -0.894188 -0.110705 -2.287601 -1.506602 3.450877 0.225167 2.467650 0.136493 0.560420 2.325818 0.120202 10.378621 -0.401109 0.410467 3.412398
1 296.00003 -8.587321 -0.894188 -0.110705 -2.287601 -1.506602 3.450877 0.225167 2.467650 0.136493 0.560420 2.325818 0.120202 10.378621 -0.401109 0.410467 3.412398
1 296.00003 -8.587321 -0.894188 -0.110705 -2.287601 -1.506602 3.450877 0.225167 2.467650 0.136493 0.560420 2.325818 0.120202 10.378621 -0.401109 0.410467 3.412398
1 296.00003 -8.587321 -0.894188 -0.110705 -2.287601 -1.506602 3.450877 0.225167 2.467650 0.136493 0.560420 2.325818 0.120202 10.378621 -0.401109 0.410467 3.412398
1 296.00003 -8.587321 -0.894188 -0.110705 -2.287601 -1.506602 3.450877 0.225167 2.467650 0.136493 0.560420 2.325818 0.120202 10.378621 -0.401109 0.410467 3.412398
1 296.00003 -8.587321 -0.894188 -0.110705 -2.287601 -1.506602 3.450877 0.225167 2.467650 0.136493 0.560420 2.325818 0.120202 10.378621 -0.401109 0.410467 3.412398
1 296.00003 -8.587321 -0.894188 -0.110705 -2.287601 -1.506602 3.450877 0.225167 2.467650 0.136493 0.560420 2.325818 0.120202 10.378621 -0.401109 0.410467 3.412398
1 296.00003 -8.587321 -0.894188 -0.110705 -2.287601 -1.506602 3.450877 0.225167 2.467650 0.136493 0.560420 2.325818 0.120202 10.378621 -0.401109 0.410467 3.412398
1 296.00003 -8.587321 -0.894188 -0.110705 -2.287601 -1.506602 3.450877 0.225167 2.467650 0.136493 0.560420 2.325818 0.120202 10.378621 -0.401109 0.410467 3.412398
1 296.00003 -8.587321 -0.894188 -0.110705 -2.287601 -1.506602 3.450877 0.225167 2.467650 0.136493 0.560420 2.325818 0.120202 10.378621 -0.401109 0.410467 3.412398
1 296.00003 -8.587321 -0.894188 -0.110705 -2.287601 -1.506602 3.450877 0.225167 2.467650 0.136493 0.560420 2.325818 0.120202 10.378621 -0.401109 0.410467 3.412398
1 296.00003 -8.587321 -0.894188 -0.110705 -2.287601 -1.506602 3.450877 0.225167 2.467650 0.136493 0.560420 2.325818 0.120202 10.378621 -0.401109 0.410467 3.412398
