1 inf -8.559173 -0.904989 -0.223541 -2.318139 -1.476770 3.453673 0.272492 2.513732 0.217536 0.581021 2.310834 0.050953 10.396958 -0.287146 0.268794 3.553964
1 inf -8.550143 -0.896233 -0.210122 -2.339060 -1.491217 3.438287 0.250411 2.497965 0.289104 0.562730 2.323438 0.027513 10.398778 -0.316623 0.276098 3.578189
1 inf -8.589546 -0.900253 -0.208765 -2.307254 -1.513185 3.443423 0.248328 2.510584 0.265220 0.554574 2.324678 0.034113 10.398593 -0.333967 0.310462 3.567049
1 inf -8.604600 -0.934404 -0.276557 -2.296731 -1.498857 3.434333 0.234616 2.558549 0.264042 0.554874 2.346580 0.067986 10.419358 -0.321490 0.315352 3.569851
1 inf -8.574442 -0.926107 -0.243704 -2.269514 -1.505127 3.417431 0.255055 2.529930 0.321495 0.538032 2.388710 0.047173 10.415865 -0.338923 0.333947 3.550341
1 inf -8.591114 -0.958873 -0.252953 -2.268405 -1.457498 3.438580 0.258721 2.550926 0.317377 0.543614 2.334758 0.013125 10.440312 -0.353381 0.332574 3.529710
1 inf -8.584989 -0.943710 -0.251344 -2.276663 -1.457032 3.457278 0.208906 2.564907 0.319890 0.583667 2.307224 -0.006019 10.423381 -0.381725 0.357856 3.513838
1 inf -8.613028 -0.989282 -0.267261 -2.284928 -1.462852 3.451485 0.178028 2.543737 0.313326 0.597585 2.321786 0.031256 10.402623 -0.355779 0.358206 3.539140
1 inf -8.597545 -0.997415 -0.291569 -2.254452 -1.450398 3.443268 0.149839 2.556315 0.335702 0.582020 2.313887 0.025551 10.397587 -0.341254 0.350157 3.556170
1 inf -8.611430 -0.973430 -0.238633 -2.249564 -1.435360 3.437204 0.176986 2.523059 0.319658 0.568288 2.295809 0.046647 10.408089 -0.368132 0.346748 3.545446
1 inf -8.628171 -0.977571 -0.246727 -2.250829 -1.434376 3.422836 0.185298 2.539388 0.301936 0.564006 2.307632 0.050953 10.390835 -0.380321 0.366073 3.552568
1 inf -8.646479 -0.972101 -0.241370 -2.239921 -1.476806 3.430193 0.178881 2.532278 0.306254 0.514439 2.313797 0.068397 10.417696 -0.393876 0.403686 3.524935
1 inf -8.591852 -0.978037 -0.223892 -2.232398 -1.463301 3.446553 0.189488 2.570625 0.316000 0.528193 2.342434 0.077020 10.396396 -0.352484 0.400792 3.521475
1 inf -8.609421 -0.944423 -0.239382 -2.226283 -1.490285 3.441533 0.165542 2.546634 0.285614 0.499764 2.335716 0.098549 10.418136 -0.352011 0.411457 3.517370
1 302.85259 -8.627346 -0.934908 -0.266752 -2.246957 -1.484923 3.455399 0.148041 2.553893 0.285339 0.528976 2.337334 0.119969 10.401349 -0.375905 0.376172 3.501347
1 302.85259 -8.627346 -0.934908 -0.266752 -2.246957 -1.484923 3.455399 0.148041 2.553893 0.285339 0.528976 2.337334 0.119969 10.401349 -0.375905 0.376172 3.501347
1 297.57528 -8.596872 -0.888268 -0.229913 -2.253274 -1.452499 3.470527 0.119176 2.525836 0.304587 0.504418 2.319406 0.071481 10.381345 -0.362225 0.390510 3.508387
1 297.57528 -8.596872 -0.888268 -0.229913 -2.253274 -1.452499 3.470527 0.119176 2.525836 0.304587 0.504418 2.319406 0.071481 10.381345 -0.362225 0.390510 3.508387
1 297.57528 -8.596872 -0.888268 -0.229913 -2.253274 -1.452499 3.470527 0.119176 2.525836 0.304587 0.504418 2.319406 0.071481 10.381345 -0.362225 0.390510 3.508387
1 297.57528 -8.596872 -0.888268 -0.229913 -2.253274 -1.452499 3.470527 0.119176 2.525836 0.304587 0.504418 2.319406 0.071481 10.381345 -0.362225 0.390510 3.508387
1 297.57528 -8.596872 -0.888268 -0.229913 -2.253274 -1.452499 3.470527 0.119176 2.525836 0.304587 0.504418 2.319406 0.071481 10.381345 -0.362225 0.390510 3.508387
1 297.57528 -8.596872 -0.888268 -0.229913 -2.253274 -1.452499 3.470527 0.119176 2.525836 0.304587 0.504418 2.319406 0.071481 10.381345 -0.362225 0.390510 3.508387
1 297.57528 -8.596872 -0.888268 -0.229913 -2.253274 -1.452499 3.470527 0.119176 2.525836 0.304587 0.504418 2.319406 0.071481 10.381345 -0.362225 0.390510 3.508387
1 297.57528 -8.596872 -0.888268 -0.229913 -2.253274 -1.452499 3.470527 0.119176 2.525836 0.304587 0.504418 2.319406 0.071481 10.381345 -0.362225 0.390510 3.508387
1 297.57528 -8.596872 -0.888268 -0.229913 -2.253274 -1.452499 3.470527 0.119176 2.525836 0.304587 0.504418 2.319406 0.071481 10.381345 -0.362225 0.390510 3.508387
1 297.57528 -8.596872 -0.888268 -0.229913 -2.253274 -1.452499 3.470527 0.119176 2.525836 0.304587 0.504418 2.319406 0.071481 10.381345 -0.362225 0.390510 3.508387
1 297.57528 -8.596872 -0.888268 -0.229913 -2.253274 -1.452499 3.470527 0.119176 2.525836 0.304587 0.504418 2.319406 0.071481 10.381345 -0.362225 0.390510 3.508387
1 297.57528 -8.596872 -0.888268 -0.229913 -2.253274 -1.452499 3.470527 0.119176 2.525836 0.304587 0.504418 2.319406 0.071481 10.381345 -0.362225 0.390510 3.508387
1 297.57528 -8.596872 -0.888268 -0.229913 -2.253274 -1.452499 3.470527 0.119176 2.525836 0.304587 0.504418 2.319406 0.071481 10.381345 -0.362225 0.390510 3.508387
1 297.57528 -8.596872 -0.888268 -0.229913 -2.253274 -1.452499 3.470527 0.119176 2.525836 0.304587 0.504418 2.319406 0.071481 10.381345 -0.362225 0.390510 3.508387
1 297.57528 -8.596872 -0.888268 -0.229913 -2.253274 -1.452499 3.470527 0.119176 2.525836 0.304587 0.504418 2.319406 0.071481 10.381345 -0.362225 0.390510 3.508387
1 297.57528 -8.596872 -0.888268 -0.229913 -2.253274 -1.452499 3.470527 0.119176 2.525836 0.304587 0.504418 2.319406 0.071481 10.381345 -0.362225 0.390510 3.508387
1 297.57528 -8.596872 -0.888268 -0.229913 -2.253274 -1.452499 3.470527 0.119176 2.525836 0.304587 0.504418 2.319406 0.071481 10.381345 -0.362225 0.390510 3.508387
1 297.57528 -8.596872 -0.888268 -0.229913 -2.253274 -1.452499 3.470527 0.119176 2.525836 0.304587 0.504418 2.319406 0.071481 10.381345 -0.362225 0.390510 3.508387
1 297.57528 -8.596872 -0.888268 -0.229913 -2.253274 -1.452499 3.470527 0.119176 2.525836 0.304587 0.504418 2.319406 0.071481 10.381345 -0.362225 0.390510 3.508387
1 297.57528 -8.596872 -0.888268 -0.229913 -2.253274 -1.452499 3.470527 0.119176 2.525836 0.304587 0.504418 2.319406 0.071481 10.381345 -0.362225 0.390510 3.508387
1 297.57528 -8.596872 -0.888268 -0.229913 -2.253274 -1.452499 3.470527 0.119176 2.525836 0.304587 0.504418 2.319406 0.071481 10.381345 -0.362225 0.390510 3.508387
1 297.57528 -8.596872 -0.888268 -0.229913 -2.253274 -1.452499 3.470527 0.119176 2.525836 0.304587 0.504418 2.319406 0.071481 10.381345 -0.362225 0.390510 3.508387
1 297.57528 -8.596872 -0.888268 -0.229913 -2.253274 -1.452499 3.470527 0.119176 2.525836 0.304587 0.504418 2.319406 0.071481 10.381345 -0.362225 0.390510 3.508387
1 297.57528 -8.596872 -0.888268 -0.229913 -2.253274 -1.452499 3.470527 0.119176 2.525836 0.304587 0.504418 2.319406 0.071481 10.381345 -0.362225 0.390510 3.508387
1 297.57528 -8.596872 -0.888268 -0.229913 -2.253274 -1.452499 3.470527 0.119176 2.525836 0.304587 0.504418 2.319406 0.071481 10.381345 -0.362225 0.390510 3.508387
1 297.45524 -8.583294 -0.882413 -0.227029 -2.244338 -1.461902 3.461835 0.121007 2.525428 0.281257 0.501620 2.324189 0.109364 10.384331 -0.365125 0.373459 3.531736
1 297.45524 -8.583294 -0.882413 -0.227029 -2.244338 -1.461902 3.461835 0.121007 2.525428 0.281257 0.501620 2.324189 0.109364 10.384331 -0.365125 0.373459 3.531736
1 297.66325 -8.525845 -0.901294 -0.185830 -2.266966 -1.466519 3.447326 0.113038 2.557512 0.265068 0.466918 2.349466 0.093627 10.402742 -0.380439 0.348859 3.518123
1 297.66325 -8.525845 -0.901294 -0.185830 -2.266966 -1.466519 3.447326 0.113038 2.557512 0.265068 0.466918 2.349466 0.093627 10.402742 -0.380439 0.348859 3.518123
1 294.66261 -8.541595 -0.877096 -0.234918 -2.269977 -1.480234 3.398517 0.103349 2.556569 0.273306 0.488142 2.328108 0.084989 10.368095 -0.386061 0.362412 3.514082
1 294.66261 -8.541595 -0.877096 -0.234918 -2.269977 -1.480234 3.398517 0.103349 2.556569 0.273306 0.488142 2.328108 0.084989 10.368095 -0.386061 0.362412 3.514082
1 294.66261 -8.541595 -0.877096 -0.234918 -2.269977 -1.480234 3.398517 0.103349 2.556569 0.273306 0.488142 2.328108 0.084989 10.368095 -0.386061 0.362412 3.514082
1 288.90993 -8.522223 -0.895087 -0.249371 -2.281509 -1.481654 3.447468 0.058623 2.556999 0.249004 0.512525 2.338160 0.090964 10.363877 -0.382122 0.338293 3.513364
1 277.40506 -8.538035 -0.915704 -0.246134 -2.245103 -1.459084 3.472777 0.103485 2.532532 0.260045 0.507941 2.277756 0.112087 10.362786 -0.357589 0.341700 3.514247
1 277.40506 -8.538035 -0.915704 -0.246134 -2.245103 -1.459084 3.472777 0.103485 2.532532 0.260045 0.507941 2.277756 0.112087 10.362786 -0.357589 0.341700 3.514247
