1 inf -8.694327 -0.985349 -0.280186 -2.224978 -1.408602 3.371675 0.257547 2.563834 0.167034 0.587049 2.311028 0.136188 10.445683 -0.275971 0.161254 3.639089
1 inf -8.676737 -0.961602 -0.303943 -2.209667 -1.419375 3.364276 0.240420 2.574580 0.146041 0.604553 2.332059 0.140235 10.445481 -0.322369 0.181520 3.621912
1 inf -8.663326 -0.962110 -0.332154 -2.219034 -1.419037 3.330160 0.251506 2.597521 0.145283 0.618328 2.311448 0.150378 10.422307 -0.317721 0.170687 3.617164
1 inf -8.691127 -0.952552 -0.350389 -2.226272 -1.424091 3.312245 0.253265 2.635994 0.119496 0.632450 2.328653 0.172497 10.421366 -0.291520 0.176403 3.658555
1 inf -8.694175 -0.957555 -0.341660 -2.159806 -1.390251 3.312361 0.256399 2.689503 0.172434 0.664536 2.344972 0.221306 10.416526 -0.305720 0.166832 3.630331
1 inf -8.701764 -0.985368 -0.357362 -2.199427 -1.350096 3.307293 0.246820 2.663028 0.184543 0.677553 2.385989 0.263756 10.411709 -0.315142 0.133766 3.627592
1 inf -8.688201 -0.993473 -0.336906 -2.194633 -1.375146 3.324863 0.229562 2.646524 0.177164 0.690210 2.415798 0.259936 10.406308 -0.291106 0.120800 3.655710
1 inf -8.688250 -0.989045 -0.364994 -2.203645 -1.387703 3.316163 0.238546 2.651577 0.145409 0.696856 2.429965 0.263679 10.397029 -0.294503 0.152639 3.648549
1 inf -8.733014 -0.963572 -0.400902 -2.233050 -1.408260 3.307785 0.244260 2.627656 0.125706 0.694860 2.457510 0.292061 10.361374 -0.314679 0.158973 3.661837
1 inf -8.752123 -0.991657 -0.410392 -2.213749 -1.433707 3.303427 0.246493 2.593531 0.152566 0.664130 2.446910 0.309966 10.323684 -0.318274 0.164838 3.678393
1 inf -8.726786 -0.993449 -0.371804 -2.199244 -1.456492 3.255501 0.245849 2.598871 0.135567 0.642434 2.453208 0.287948 10.360803 -0.288057 0.182853 3.667509
1 inf -8.690178 -0.983992 -0.352818 -2.232860 -1.422882 3.244051 0.188965 2.584361 0.153457 0.665247 2.451000 0.285394 10.360755 -0.322678 0.200247 3.641267
1 inf -8.702675 -0.993237 -0.351072 -2.201635 -1.456663 3.217162 0.208042 2.559432 0.148791 0.663721 2.463804 0.273618 10.362770 -0.315535 0.198516 3.638572
1 inf -8.745475 -0.961687 -0.320343 -2.211621 -1.437335 3.188952 0.249086 2.555583 0.138525 0.649583 2.439180 0.293796 10.360725 -0.310875 0.210019 3.607665
1 inf -8.759371 -0.962801 -0.348612 -2.194418 -1.403721 3.210073 0.255395 2.551139 0.120005 0.667912 2.431015 0.275777 10.359708 -0.335837 0.204471 3.601590
1 inf -8.766400 -0.955503 -0.364217 -2.200015 -1.375857 3.169855 0.267989 2.562955 0.111467 0.653246 2.470158 0.259523 10.411805 -0.351843 0.232819 3.583536
1 inf -8.745678 -0.929847 -0.344459 -2.197598 -1.389331 3.211109 0.227127 2.520500 0.102488 0.674449 2.493282 0.246874 10.408869 -0.343165 0.252819 3.599091
1 inf -8.740286 -0.918972 -0.342279 -2.176999 -1.397050 3.209012 0.212318 2.520125 0.142948 0.707577 2.453672 0.264886 10.431384 -0.341256 0.234812 3.616276
1 inf -8.753173 -0.945448 -0.322327 -2.189532 -1.388262 3.209624 0.189816 2.500930 0.127617 0.733055 2.474445 0.258981 10.458664 -0.345988 0.214249 3.638505
1 inf -8.756659 -0.938185 -0.334607 -2.161231 -1.380202 3.213127 0.180775 2.512499 0.157577 0.729017 2.471253 0.265934 10.463211 -0.360081 0.231521 3.656348
1 inf -8.759956 -0.929539 -0.338811 -2.174705 -1.386740 3.191603 0.187529 2.525323 0.179017 0.699809 2.480348 0.239529 10.451293 -0.358733 0.215731 3.671604
1 inf -8.805792 -0.947701 -0.345124 -2.194258 -1.362809 3.178456 0.202329 2.495683 0.151818 0.679399 2.481730 0.189863 10.498759 -0.365794 0.199673 3.701220
1 inf -8.779344 -0.973069 -0.357304 -2.179095 -1.344493 3.157707 0.195582 2.526859 0.181210 0.655941 2.464261 0.180208 10.496899 -0.360396 0.219124 3.676323
1 inf -8.784406 -0.966722 -0.366774 -2.182984 -1.353730 3.145148 0.146396 2.507719 0.170244 0.642536 2.492321 0.170413 10.511435 -0.311281 0.197758 3.747610
1 inf -8.798277 -0.941542 -0.361738 -2.210710 -1.360649 3.155658 0.121178 2.496799 0.139804 0.650843 2.479964 0.170609 10.532598 -0.314943 0.208634 3.760220
1 197.75131 -8.805907 -0.962247 -0.359556 -2.181979 -1.362022 3.136496 0.170441 2.508653 0.131036 0.644935 2.484187 0.144232 10.524792 -0.321736 0.177781 3.736138
1 197.75131 -8.805907 -0.962247 -0.359556 -2.181979 -1.362022 3.136496 0.170441 2.508653 0.131036 0.644935 2.484187 0.144232 10.524792 -0.321736 0.177781 3.736138
1 197.75131 -8.805907 -0.962247 -0.359556 -2.181979 -1.362022 3.136496 0.170441 2.508653 0.131036 0.644935 2.484187 0.144232 10.524792 -0.321736 0.177781 3.736138
1 197.75131 -8.805907 -0.962247 -0.359556 -2.181979 -1.362022 3.136496 0.170441 2.508653 0.131036 0.644935 2.484187 0.144232 10.524792 -0.321736 0.177781 3.736138
1 190.3331 -8.825648 -0.959964 -0.398438 -2.196593 -1.373594 3.105209 0.199669 2.523936 0.140363 0.647371 2.473275 0.144563 10.539511 -0.341650 0.145669 3.738218
1 190.31476 -8.810666 -0.977050 -0.393360 -2.199186 -1.382358 3.119569 0.196036 2.531353 0.129880 0.588450 2.479542 0.123172 10.507891 -0.330899 0.176495 3.731843
1 182.81472 -8.830959 -0.939153 -0.432732 -2.185032 -1.406337 3.149589 0.233838 2.516667 0.134949 0.602465 2.494931 0.095458 10.529400 -0.353271 0.166834 3.703775
1 182.81472 -8.830959 -0.939153 -0.432732 -2.185032 -1.406337 3.149589 0.233838 2.516667 0.134949 0.602465 2.494931 0.095458 10.529400 -0.353271 0.166834 3.703775
1 180.02421 -8.829746 -0.948358 -0.456701 -2.221941 -1.441719 3.144223 0.221113 2.520704 0.134997 0.615753 2.479179 0.077843 10.528974 -0.359345 0.192005 3.672812
1 180.02421 -8.829746 -0.948358 -0.456701 -2.221941 -1.441719 3.144223 0.221113 2.520704 0.134997 0.615753 2.479179 0.077843 10.528974 -0.359345 0.192005 3.672812
1 171.30536 -8.805112 -0.952327 -0.489889 -2.181300 -1.455983 3.145390 0.257799 2.523008 0.150986 0.605993 2.482837 0.078783 10.533740 -0.366520 0.207129 3.653087
1 171.30536 -8.805112 -0.952327 -0.489889 -2.181300 -1.455983 3.145390 0.257799 2.523008 0.150986 0.605993 2.482837 0.078783 10.533740 -0.366520 0.207129 3.653087
1 171.30536 -8.805112 -0.952327 -0.489889 -2.181300 -1.455983 3.145390 0.257799 2.523008 0.150986 0.605993 2.482837 0.078783 10.533740 -0.366520 0.207129 3.653087
1 163.50759 -8.786951 -0.919859 -0.458620 -2.171250 -1.433400 3.145956 0.289086 2.555458 0.166452 0.590815 2.502612 0.071367 10.544923 -0.349736 0.204938 3.673583
1 163.50759 -8.786951 -0.919859 -0.458620 -2.171250 -1.433400 3.145956 0.289086 2.555458 0.166452 0.590815 2.502612 0.071367 10.544923 -0.349736 0.204938 3.673583
1 163.50759 -8.786951 -0.919859 -0.458620 -2.171250 -1.433400 3.145956 0.289086 2.555458 0.166452 0.590815 2.502612 0.071367 10.544923 -0.349736 0.204938 3.673583
1 157.82634 -8.705764 -0.879905 -0.441339 -2.160887 -1.423497 3.170080 0.293632 2.525304 0.159302 0.601129 2.459533 0.063543 10.510421 -0.337040 0.172077 3.701832
1 156.54176 -8.736197 -0.833212 -0.460145 -2.159985 -1.442430 3.173575 0.264081 2.569060 0.156614 0.570245 2.452343 0.073648 10.529070 -0.335217 0.147782 3.733920
1 151.89896 -8.748278 -0.850433 -0.440453 -2.184790 -1.474912 3.156206 0.266384 2.572747 0.229855 0.586809 2.422902 0.073989 10.520159 -0.332228 0.169427 3.726007
1 151.89896 -8.748278 -0.850433 -0.440453 -2.184790 -1.474912 3.156206 0.266384 2.572747 0.229855 0.586809 2.422902 0.073989 10.520159 -0.332228 0.169427 3.726007
1 151.89896 -8.748278 -0.850433 -0.440453 -2.184790 -1.474912 3.156206 0.266384 2.572747 0.229855 0.586809 2.422902 0.073989 10.520159 -0.332228 0.169427 3.726007
1 147.78355 -8.736184 -0.849537 -0.431532 -2.172871 -1.447613 3.192080 0.279263 2.538933 0.241982 0.568599 2.435072 0.097459 10.523880 -0.355126 0.129442 3.717439
1 147.78355 -8.736184 -0.849537 -0.431532 -2.172871 -1.447613 3.192080 0.279263 2.538933 0.241982 0.568599 2.435072 0.097459 10.523880 -0.355126 0.129442 3.717439
1 147.78355 -8.736184 -0.849537 -0.431532 -2.172871 -1.447613 3.192080 0.279263 2.538933 0.241982 0.568599 2.435072 0.097459 10.523880 -0.355126 0.129442 3.717439
1 147.78355 -8.736184 -0.849537 -0.431532 -2.172871 -1.447613 3.192080 0.279263 2.538933 0.241982 0.568599 2.435072 0.097459 10.523880 -0.355126 0.129442 3.717439
1 147.78355 -8.736184 -0.849537 -0.431532 -2.172871 -1.447613 3.192080 0.279263 2.538933 0.241982 0.568599 2.435072 0.097459 10.523880 -0.355126 0.129442 3.717439
1 147.78355 -8.736184 -0.849537 -0.431532 -2.172871 -1.447613 3.192080 0.279263 2.538933 0.241982 0.568599 2.435072 0.097459 10.523880 -0.355126 0.129442 3.717439
1 147.78355 -8.736184 -0.849537 -0.431532 -2.172871 -1.447613 3.192080 0.279263 2.538933 0.241982 0.568599 2.435072 0.097459 10.523880 -0.355126 0.129442 3.717439
1 147.89995 -8.737005 -0.835284 -0.431750 -2.176170 -1.451424 3.174843 0.274809 2.551660 0.243135 0.587045 2.469185 0.112351 10.489106 -0.355784 0.127617 3.731899
1 147.89995 -8.737005 -0.835284 -0.431750 -2.176170 -1.451424 3.174843 0.274809 2.551660 0.243135 0.587045 2.469185 0.112351 10.489106 -0.355784 0.127617 3.731899
1 147.89995 -8.737005 -0.835284 -0.431750 -2.176170 -1.451424 3.174843 0.274809 2.551660 0.243135 0.587045 2.469185 0.112351 10.489106 -0.355784 0.127617 3.731899
1 147.89995 -8.737005 -0.835284 -0.431750 -2.176170 -1.451424 3.174843 0.274809 2.551660 0.243135 0.587045 2.469185 0.112351 10.489106 -0.355784 0.127617 3.731899
1 147.89995 -8.737005 -0.835284 -0.431750 -2.176170 -1.451424 3.174843 0.274809 2.551660 0.243135 0.587045 2.469185 0.112351 10.489106 -0.355784 0.127617 3.731899
1 147.89995 -8.737005 -0.835284 -0.431750 -2.176170 -1.451424 3.174843 0.274809 2.551660 0.243135 0.587045 2.469185 0.112351 10.489106 -0.355784 0.127617 3.731899
1 147.89995 -8.737005 -0.835284 -0.431750 -2.176170 -1.451424 3.174843 0.274809 2.551660 0.243135 0.587045 2.469185 0.112351 10.489106 -0.355784 0.127617 3.731899
1 147.89995 -8.737005 -0.835284 -0.431750 -2.176170 -1.451424 3.174843 0.274809 2.551660 0.243135 0.587045 2.469185 0.112351 10.489106 -0.355784 0.127617 3.731899
1 146.56282 -8.742581 -0.859988 -0.441477 -2.186152 -1.474320 3.176929 0.251257 2.575806 0.263189 0.564743 2.454143 0.072593 10.460860 -0.332073 0.128836 3.738067
1 146.56282 -8.742581 -0.859988 -0.441477 -2.186152 -1.474320 3.176929 0.251257 2.575806 0.263189 0.564743 2.454143 0.072593 10.460860 -0.332073 0.128836 3.738067
1 146.56282 -8.742581 -0.859988 -0.441477 -2.186152 -1.474320 3.176929 0.251257 2.575806 0.263189 0.564743 2.454143 0.072593 10.460860 -0.332073 0.128836 3.738067
1 146.56282 -8.742581 -0.859988 -0.441477 -2.186152 -1.474320 3.176929 0.251257 2.575806 0.263189 0.564743 2.454143 0.072593 10.460860 -0.332073 0.128836 3.738067
1 144.12989 -8.703937 -0.876813 -0.427338 -2.183742 -1.473944 3.192888 0.252797 2.580007 0.241998 0.576805 2.433661 0.112742 10.461015 -0.294511 0.168201 3.752315
1 144.12989 -8.703937 -0.876813 -0.427338 -2.183742 -1.473944 3.192888 0.252797 2.580007 0.241998 0.576805 2.433661 0.112742 10.461015 -0.294511 0.168201 3.752315
1 144.08284 -8.721531 -0.871100 -0.423846 -2.170485 -1.465323 3.204165 0.249842 2.556117 0.217250 0.560755 2.435812 0.121179 10.460553 -0.290443 0.149679 3.763537
1 143.29222 -8.727691 -0.868002 -0.423007 -2.162880 -1.478558 3.201704 0.249259 2.568623 0.219444 0.583001 2.418780 0.132896 10.449357 -0.301870 0.155610 3.726371
1 143.29222 -8.727691 -0.868002 -0.423007 -2.162880 -1.478558 3.201704 0.249259 2.568623 0.219444 0.583001 2.418780 0.132896 10.449357 -0.301870 0.155610 3.726371
1 143.29222 -8.727691 -0.868002 -0.423007 -2.162880 -1.478558 3.201704 0.249259 2.568623 0.219444 0.583001 2.418780 0.132896 10.449357 -0.301870 0.155610 3.726371
1 143.29222 -8.727691 -0.868002 -0.423007 -2.162880 -1.478558 3.201704 0.249259 2.568623 0.219444 0.583001 2.418780 0.132896 10.449357 -0.301870 0.155610 3.726371
1 143.29222 -8.727691 -0.868002 -0.423007 -2.162880 -1.478558 3.201704 0.249259 2.568623 0.219444 0.583001 2.418780 0.132896 10.449357 -0.301870 0.155610 3.726371
1 143.29222 -8.727691 -0.868002 -0.423007 -2.162880 -1.478558 3.201704 0.249259 2.568623 0.219444 0.583001 2.418780 0.132896 10.449357 -0.301870 0.155610 3.726371
1 143.29222 -8.727691 -0.868002 -0.423007 -2.162880 -1.478558 3.201704 0.249259 2.568623 0.219444 0.583001 2.418780 0.132896 10.449357 -0.301870 0.155610 3.726371
1 142.3853 -8.706850 -0.859423 -0.445680 -2.168321 -1.478463 3.217314 0.230559 2.566853 0.235737 0.597102 2.420995 0.123024 10.471427 -0.287033 0.122499 3.729585
1 142.3853 -8.706850 -0.859423 -0.445680 -2.168321 -1.478463 3.217314 0.230559 2.566853 0.235737 0.597102 2.420995 0.123024 10.471427 -0.287033 0.122499 3.729585
1 142.3853 -8.706850 -0.859423 -0.445680 -2.168321 -1.478463 3.217314 0.230559 2.566853 0.235737 0.597102 2.420995 0.123024 10.471427 -0.287033 0.122499 3.729585
1 142.3853 -8.706850 -0.859423 -0.445680 -2.168321 -1.478463 3.217314 0.230559 2.566853 0.235737 0.597102 2.420995 0.123024 10.471427 -0.287033 0.122499 3.729585
1 142.3853 -8.706850 -0.859423 -0.445680 -2.168321 -1.478463 3.217314 0.230559 2.566853 0.235737 0.597102 2.420995 0.123024 10.471427 -0.287033 0.122499 3.729585
1 139.73878 -8.655892 -0.819560 -0.456833 -2.194946 -1.466884 3.238984 0.198454 2.598499 0.231801 0.581415 2.384446 0.112681 10.479278 -0.305318 0.119237 3.728903
1 139.14223 -8.644257 -0.821891 -0.462423 -2.192394 -1.450821 3.252200 0.214394 2.578936 0.231019 0.587508 2.410908 0.085240 10.478888 -0.296209 0.087068 3.734136
1 138.5589 -8.613460 -0.834683 -0.473639 -2.188644 -1.454268 3.239103 0.193440 2.618463 0.241546 0.585021 2.423480 0.096580 10.460375 -0.290010 0.099247 3.699161
1 135.81431 -8.579624 -0.840306 -0.468546 -2.208225 -1.451455 3.243011 0.168042 2.604683 0.210017 0.630515 2.408639 0.084163 10.470783 -0.278017 0.146130 3.700841
1 135.8462 -8.563154 -0.860866 -0.444423 -2.214419 -1.459542 3.219437 0.164585 2.603858 0.207419 0.614311 2.436896 0.080904 10.483382 -0.312120 0.158033 3.687077
1 133.04907 -8.606194 -0.841092 -0.435453 -2.208121 -1.468302 3.229195 0.134883 2.620619 0.210841 0.592374 2.416992 0.092178 10.463166 -0.303698 0.171732 3.737063
1 133.00932 -8.590311 -0.840588 -0.426878 -2.171810 -1.468631 3.245661 0.124459 2.623134 0.213914 0.642414 2.451288 0.094257 10.461950 -0.289787 0.173902 3.743768
1 133.00932 -8.590311 -0.840588 -0.426878 -2.171810 -1.468631 3.245661 0.124459 2.623134 0.213914 0.642414 2.451288 0.094257 10.461950 -0.289787 0.173902 3.743768
1 133.00932 -8.590311 -0.840588 -0.426878 -2.171810 -1.468631 3.245661 0.124459 2.623134 0.213914 0.642414 2.451288 0.094257 10.461950 -0.289787 0.173902 3.743768
1 133.00932 -8.590311 -0.840588 -0.426878 -2.171810 -1.468631 3.245661 0.124459 2.623134 0.213914 0.642414 2.451288 0.094257 10.461950 -0.289787 0.173902 3.743768
1 132.73131 -8.595334 -0.869072 -0.455406 -2.185792 -1.452145 3.238325 0.118617 2.611530 0.207161 0.657628 2.475174 0.094391 10.409162 -0.298816 0.194753 3.750912
1 132.73131 -8.595334 -0.869072 -0.455406 -2.185792 -1.452145 3.238325 0.118617 2.611530 0.207161 0.657628 2.475174 0.094391 10.409162 -0.298816 0.194753 3.750912
1 125.72065 -8.567235 -0.882716 -0.452264 -2.215828 -1.479703 3.213635 0.145004 2.651265 0.207373 0.652030 2.503120 0.104377 10.411264 -0.287635 0.232722 3.796420
1 125.72065 -8.567235 -0.882716 -0.452264 -2.215828 -1.479703 3.213635 0.145004 2.651265 0.207373 0.652030 2.503120 0.104377 10.411264 -0.287635 0.232722 3.796420
1 125.72065 -8.567235 -0.882716 -0.452264 -2.215828 -1.479703 3.213635 0.145004 2.651265 0.207373 0.652030 2.503120 0.104377 10.411264 -0.287635 0.232722 3.796420
1 125.72065 -8.567235 -0.882716 -0.452264 -2.215828 -1.479703 3.213635 0.145004 2.651265 0.207373 0.652030 2.503120 0.104377 10.411264 -0.287635 0.232722 3.796420
1 124.30938 -8.522360 -0.897087 -0.452491 -2.219894 -1.470612 3.222733 0.129333 2.677585 0.228515 0.628032 2.484932 0.089401 10.397690 -0.248401 0.213552 3.813500
1 124.30938 -8.522360 -0.897087 -0.452491 -2.219894 -1.470612 3.222733 0.129333 2.677585 0.228515 0.628032 2.484932 0.089401 10.397690 -0.248401 0.213552 3.813500
1 123.17659 -8.503271 -0.891936 -0.450780 -2.227277 -1.429047 3.241141 0.094060 2.679860 0.218841 0.649653 2.501846 0.111902 10.413912 -0.275813 0.185004 3.796293
1 120.88712 -8.511758 -0.940896 -0.448646 -2.231143 -1.449104 3.272466 0.087633 2.678825 0.219543 0.620785 2.491077 0.130990 10.436035 -0.260440 0.173226 3.828865
1 118.04893 -8.516080 -0.968797 -0.426410 -2.244838 -1.428670 3.295124 0.108463 2.682237 0.192009 0.584783 2.501649 0.138033 10.407306 -0.240366 0.177821 3.857109
1 118.04893 -8.516080 -0.968797 -0.426410 -2.244838 -1.428670 3.295124 0.108463 2.682237 0.192009 0.584783 2.501649 0.138033 10.407306 -0.240366 0.177821 3.857109
1 118.49633 -8.519961 -0.948886 -0.416861 -2.222422 -1.414494 3.317892 0.099583 2.695583 0.221353 0.545493 2.516992 0.137926 10.392619 -0.227140 0.173512 3.918771
1 118.49633 -8.519961 -0.948886 -0.416861 -2.222422 -1.414494 3.317892 0.099583 2.695583 0.221353 0.545493 2.516992 0.137926 10.392619 -0.227140 0.173512 3.918771
