1 inf -8.685852 -0.972969 -0.286657 -2.276831 -1.403298 3.418164 0.254086 2.509676 0.181229 0.624137 2.336828 0.174534 10.477620 -0.251917 0.192378 3.660665
1 inf -8.702439 -0.957318 -0.308441 -2.287700 -1.404716 3.408696 0.260699 2.503982 0.150786 0.632492 2.305170 0.210606 10.454097 -0.257617 0.190870 3.644562
1 inf -8.722711 -0.955125 -0.294897 -2.260003 -1.409100 3.382846 0.277444 2.469163 0.175298 0.627904 2.256562 0.210343 10.497640 -0.238253 0.190032 3.641673
1 inf -8.750497 -0.939175 -0.270617 -2.287151 -1.431245 3.390502 0.260495 2.477298 0.177463 0.590518 2.238483 0.164743 10.532258 -0.192474 0.155925 3.656187
1 inf -8.747353 -0.935458 -0.282695 -2.291804 -1.460420 3.359363 0.259225 2.458350 0.182025 0.591359 2.227449 0.157587 10.543580 -0.209571 0.149828 3.657663
1 inf -8.724110 -0.946753 -0.285101 -2.286704 -1.467669 3.364857 0.278688 2.435941 0.127835 0.597279 2.244862 0.161570 10.544787 -0.211117 0.152681 3.626025
1 inf -8.708809 -0.938570 -0.282619 -2.311900 -1.471867 3.392834 0.258912 2.443313 0.099489 0.548515 2.261206 0.121597 10.560168 -0.202312 0.167358 3.632319
1 inf -8.669897 -0.941325 -0.298013 -2.318458 -1.441634 3.377206 0.286370 2.434554 0.118921 0.536338 2.271799 0.075592 10.554554 -0.221409 0.186009 3.614565
1 inf -8.668533 -0.976501 -0.343171 -2.319943 -1.444838 3.378730 0.278194 2.460199 0.109219 0.556574 2.287805 0.081062 10.535490 -0.233215 0.191974 3.587497
1 inf -8.695683 -0.971505 -0.341683 -2.324865 -1.449226 3.347857 0.287833 2.442993 0.139443 0.541878 2.286453 0.068567 10.545479 -0.291623 0.198496 3.618156
1 inf -8.693757 -0.945262 -0.339778 -2.320415 -1.466176 3.332874 0.296760 2.474439 0.152187 0.544941 2.291569 0.095051 10.520490 -0.294307 0.206999 3.600724
1 inf -8.692417 -0.927392 -0.354659 -2.360489 -1.491984 3.321309 0.275654 2.407336 0.137297 0.556151 2.278910 0.126612 10.511155 -0.362638 0.198959 3.579316
1 inf -8.726745 -0.933929 -0.348397 -2.335730 -1.463047 3.294961 0.283911 2.427937 0.159208 0.564178 2.261552 0.124832 10.523121 -0.360163 0.214314 3.576382
1 inf -8.735131 -0.973209 -0.369922 -2.305334 -1.410606 3.313395 0.309776 2.415211 0.193957 0.582021 2.272431 0.129002 10.503673 -0.362695 0.213675 3.591522
1 inf -8.750084 -0.987528 -0.396806 -2.324765 -1.388196 3.335499 0.320711 2.386311 0.206413 0.598483 2.252330 0.120295 10.480351 -0.374595 0.203347 3.595220
1 inf -8.770650 -0.970186 -0.418614 -2.313542 -1.380291 3.350488 0.318303 2.381678 0.252666 0.614543 2.235623 0.115112 10.452828 -0.360781 0.256046 3.624490
1 inf -8.803786 -0.976013 -0.392815 -2.300906 -1.380380 3.337215 0.312221 2.336341 0.268675 0.596317 2.212013 0.130787 10.437468 -0.336587 0.258488 3.645747
1 inf -8.812076 -0.991824 -0.326996 -2.304378 -1.392659 3.351806 0.326839 2.336912 0.256979 0.607899 2.202781 0.108158 10.444594 -0.281634 0.291691 3.615444
1 inf -8.778042 -0.961727 -0.331120 -2.264052 -1.343329 3.364738 0.305635 2.318809 0.263977 0.603383 2.197600 0.089221 10.436231 -0.280495 0.298082 3.591455
1 inf -8.810284 -0.962473 -0.365804 -2.270756 -1.373039 3.334299 0.316090 2.326942 0.275801 0.573311 2.165178 0.102232 10.419588 -0.277177 0.325397 3.573688
1 inf -8.807824 -0.959473 -0.355708 -2.271496 -1.339671 3.301249 0.326084 2.345372 0.256266 0.605403 2.131657 0.128836 10.379267 -0.282422 0.295779 3.596486
1 inf -8.793248 -0.973071 -0.359914 -2.245734 -1.323733 3.286950 0.319111 2.349761 0.246446 0.616914 2.120868 0.126087 10.375564 -0.287105 0.298619 3.573566
1 inf -8.777709 -0.983682 -0.373740 -2.265651 -1.321419 3.265995 0.359008 2.324479 0.241704 0.620612 2.119744 0.094270 10.371996 -0.316334 0.285807 3.583936
1 inf -8.776647 -0.951690 -0.370429 -2.278700 -1.316909 3.255389 0.338539 2.309421 0.205371 0.597144 2.142009 0.100448 10.381095 -0.304233 0.308800 3.557807
1 inf -8.778877 -0.928430 -0.370917 -2.272776 -1.323016 3.278375 0.302640 2.325300 0.216955 0.600594 2.156945 0.083238 10.363201 -0.296710 0.333490 3.572820
1 153.35253 -8.769024 -0.944033 -0.374600 -2.312134 -1.320856 3.298094 0.347677 2.282584 0.228190 0.632205 2.176844 0.104827 10.378691 -0.270136 0.327578 3.569373
1 153.35253 -8.769024 -0.944033 -0.374600 -2.312134 -1.320856 3.298094 0.347677 2.282584 0.228190 0.632205 2.176844 0.104827 10.378691 -0.270136 0.327578 3.569373
1 153.35253 -8.769024 -0.944033 -0.374600 -2.312134 -1.320856 3.298094 0.347677 2.282584 0.228190 0.632205 2.176844 0.104827 10.378691 -0.270136 0.327578 3.569373
1 139.93645 -8.786824 -0.943938 -0.383403 -2.288839 -1.297789 3.301169 0.372233 2.277210 0.260638 0.636943 2.171947 0.135052 10.398538 -0.312540 0.351360 3.549828
1 139.93645 -8.786824 -0.943938 -0.383403 -2.288839 -1.297789 3.301169 0.372233 2.277210 0.260638 0.636943 2.171947 0.135052 10.398538 -0.312540 0.351360 3.549828
1 139.93645 -8.786824 -0.943938 -0.383403 -2.288839 -1.297789 3.301169 0.372233 2.277210 0.260638 0.636943 2.171947 0.135052 10.398538 -0.312540 0.351360 3.549828
1 139.93645 -8.786824 -0.943938 -0.383403 -2.288839 -1.297789 3.301169 0.372233 2.277210 0.260638 0.636943 2.171947 0.135052 10.398538 -0.312540 0.351360 3.549828
1 127.89773 -8.775045 -0.964578 -0.383455 -2.283307 -1.345514 3.322911 0.326724 2.300187 0.291934 0.632339 2.160107 0.112489 10.376993 -0.304853 0.343321 3.541089
1 124.62 -8.797888 -0.976615 -0.367789 -2.285962 -1.331708 3.283033 0.345915 2.283466 0.317823 0.602478 2.158468 0.103191 10.327415 -0.335119 0.339367 3.526386
1 124.62 -8.797888 -0.976615 -0.367789 -2.285962 -1.331708 3.283033 0.345915 2.283466 0.317823 0.602478 2.158468 0.103191 10.327415 -0.335119 0.339367 3.526386
1 115.65506 -8.773889 -0.979453 -0.372792 -2.273517 -1.335778 3.292713 0.316912 2.291615 0.361494 0.612088 2.161120 0.102107 10.336156 -0.311084 0.342508 3.539574
1 115.65506 -8.773889 -0.979453 -0.372792 -2.273517 -1.335778 3.292713 0.316912 2.291615 0.361494 0.612088 2.161120 0.102107 10.336156 -0.311084 0.342508 3.539574
1 115.65506 -8.773889 -0.979453 -0.372792 -2.273517 -1.335778 3.292713 0.316912 2.291615 0.361494 0.612088 2.161120 0.102107 10.336156 -0.311084 0.342508 3.539574
1 115.65506 -8.773889 -0.979453 -0.372792 -2.273517 -1.335778 3.292713 0.316912 2.291615 0.361494 0.612088 2.161120 0.102107 10.336156 -0.311084 0.342508 3.539574
1 114.87647 -8.740508 -0.968279 -0.390280 -2.236868 -1.334615 3.314713 0.297938 2.305270 0.346392 0.629598 2.179684 0.105624 10.316922 -0.322268 0.356027 3.531674
1 114.87647 -8.740508 -0.968279 -0.390280 -2.236868 -1.334615 3.314713 0.297938 2.305270 0.346392 0.629598 2.179684 0.105624 10.316922 -0.322268 0.356027 3.531674
1 114.87647 -8.740508 -0.968279 -0.390280 -2.236868 -1.334615 3.314713 0.297938 2.305270 0.346392 0.629598 2.179684 0.105624 10.316922 -0.322268 0.356027 3.531674
1 113.0939 -8.742718 -0.988550 -0.411821 -2.241110 -1.323166 3.314425 0.330028 2.268257 0.367904 0.639104 2.208638 0.109783 10.293835 -0.338212 0.387271 3.573086
1 113.0939 -8.742718 -0.988550 -0.411821 -2.241110 -1.323166 3.314425 0.330028 2.268257 0.367904 0.639104 2.208638 0.109783 10.293835 -0.338212 0.387271 3.573086
1 112.88866 -8.780548 -0.995609 -0.411831 -2.249890 -1.302803 3.342948 0.331428 2.271023 0.367610 0.683417 2.196942 0.077796 10.328002 -0.337110 0.382121 3.569374
1 112.215 -8.805768 -0.994179 -0.422697 -2.225369 -1.282507 3.368402 0.307553 2.312201 0.385985 0.689879 2.214147 0.109555 10.345325 -0.340616 0.366548 3.532229
1 111.39566 -8.820211 -0.988270 -0.398444 -2.221029 -1.250868 3.406514 0.278065 2.304328 0.392578 0.730723 2.184781 0.102912 10.362982 -0.319635 0.359916 3.518217
1 111.39566 -8.820211 -0.988270 -0.398444 -2.221029 -1.250868 3.406514 0.278065 2.304328 0.392578 0.730723 2.184781 0.102912 10.362982 -0.319635 0.359916 3.518217
1 111.39566 -8.820211 -0.988270 -0.398444 -2.221029 -1.250868 3.406514 0.278065 2.304328 0.392578 0.730723 2.184781 0.102912 10.362982 -0.319635 0.359916 3.518217
1 111.39566 -8.820211 -0.988270 -0.398444 -2.221029 -1.250868 3.406514 0.278065 2.304328 0.392578 0.730723 2.184781 0.102912 10.362982 -0.319635 0.359916 3.518217
1 110.25906 -8.810358 -0.991953 -0.437802 -2.218869 -1.231149 3.451551 0.235349 2.315563 0.424189 0.750622 2.206370 0.118402 10.389556 -0.325547 0.356469 3.526002
1 110.25906 -8.810358 -0.991953 -0.437802 -2.218869 -1.231149 3.451551 0.235349 2.315563 0.424189 0.750622 2.206370 0.118402 10.389556 -0.325547 0.356469 3.526002
1 108.97601 -8.817192 -0.998081 -0.412560 -2.248770 -1.244138 3.443090 0.229965 2.341677 0.385892 0.719260 2.204099 0.136781 10.373931 -0.323728 0.375786 3.509841
1 108.97601 -8.817192 -0.998081 -0.412560 -2.248770 -1.244138 3.443090 0.229965 2.341677 0.385892 0.719260 2.204099 0.136781 10.373931 -0.323728 0.375786 3.509841
1 108.97601 -8.817192 -0.998081 -0.412560 -2.248770 -1.244138 3.443090 0.229965 2.341677 0.385892 0.719260 2.204099 0.136781 10.373931 -0.323728 0.375786 3.509841
1 108.97601 -8.817192 -0.998081 -0.412560 -2.248770 -1.244138 3.443090 0.229965 2.341677 0.385892 0.719260 2.204099 0.136781 10.373931 -0.323728 0.375786 3.509841
1 108.97601 -8.817192 -0.998081 -0.412560 -2.248770 -1.244138 3.443090 0.229965 2.341677 0.385892 0.719260 2.204099 0.136781 10.373931 -0.323728 0.375786 3.509841
1 108.97601 -8.817192 -0.998081 -0.412560 -2.248770 -1.244138 3.443090 0.229965 2.341677 0.385892 0.719260 2.204099 0.136781 10.373931 -0.323728 0.375786 3.509841
1 108.97601 -8.817192 -0.998081 -0.412560 -2.248770 -1.244138 3.443090 0.229965 2.341677 0.385892 0.719260 2.204099 0.136781 10.373931 -0.323728 0.375786 3.509841
1 107.80778 -8.783392 -0.933670 -0.422927 -2.241588 -1.240299 3.434448 0.197799 2.336545 0.406552 0.728070 2.195220 0.134850 10.378302 -0.348143 0.391472 3.533317
1 107.80778 -8.783392 -0.933670 -0.422927 -2.241588 -1.240299 3.434448 0.197799 2.336545 0.406552 0.728070 2.195220 0.134850 10.378302 -0.348143 0.391472 3.533317
1 107.80778 -8.783392 -0.933670 -0.422927 -2.241588 -1.240299 3.434448 0.197799 2.336545 0.406552 0.728070 2.195220 0.134850 10.378302 -0.348143 0.391472 3.533317
1 107.80778 -8.783392 -0.933670 -0.422927 -2.241588 -1.240299 3.434448 0.197799 2.336545 0.406552 0.728070 2.195220 0.134850 10.378302 -0.348143 0.391472 3.533317
1 107.80778 -8.783392 -0.933670 -0.422927 -2.241588 -1.240299 3.434448 0.197799 2.336545 0.406552 0.728070 2.195220 0.134850 10.378302 -0.348143 0.391472 3.533317
1 107.21882 -8.779249 -0.933916 -0.406347 -2.241242 -1.247859 3.452380 0.154614 2.349022 0.467584 0.689501 2.211191 0.145898 10.363065 -0.373324 0.405012 3.537639
1 107.21882 -8.779249 -0.933916 -0.406347 -2.241242 -1.247859 3.452380 0.154614 2.349022 0.467584 0.689501 2.211191 0.145898 10.363065 -0.373324 0.405012 3.537639
1 107.21882 -8.779249 -0.933916 -0.406347 -2.241242 -1.247859 3.452380 0.154614 2.349022 0.467584 0.689501 2.211191 0.145898 10.363065 -0.373324 0.405012 3.537639
1 105.63583 -8.764497 -0.965391 -0.457981 -2.246213 -1.253512 3.472848 0.171713 2.365781 0.422134 0.635643 2.217368 0.138587 10.368229 -0.347186 0.421364 3.558015
1 105.63583 -8.764497 -0.965391 -0.457981 -2.246213 -1.253512 3.472848 0.171713 2.365781 0.422134 0.635643 2.217368 0.138587 10.368229 -0.347186 0.421364 3.558015
1 103.9467 -8.749829 -0.964550 -0.455305 -2.305714 -1.280619 3.464515 0.173547 2.368873 0.428347 0.656996 2.246576 0.144918 10.352029 -0.303310 0.427737 3.552145
1 103.9467 -8.749829 -0.964550 -0.455305 -2.305714 -1.280619 3.464515 0.173547 2.368873 0.428347 0.656996 2.246576 0.144918 10.352029 -0.303310 0.427737 3.552145
1 104.23332 -8.733543 -0.915573 -0.477555 -2.288056 -1.284850 3.461523 0.201876 2.378260 0.406268 0.643103 2.216337 0.126551 10.365630 -0.277509 0.435596 3.544563
1 104.23332 -8.733543 -0.915573 -0.477555 -2.288056 -1.284850 3.461523 0.201876 2.378260 0.406268 0.643103 2.216337 0.126551 10.365630 -0.277509 0.435596 3.544563
1 104.23332 -8.733543 -0.915573 -0.477555 -2.288056 -1.284850 3.461523 0.201876 2.378260 0.406268 0.643103 2.216337 0.126551 10.365630 -0.277509 0.435596 3.544563
1 104.48301 -8.721574 -0.920279 -0.418436 -2.300912 -1.283248 3.473942 0.231430 2.381536 0.436488 0.672556 2.236663 0.146064 10.371243 -0.290188 0.440575 3.573541
1 104.11485 -8.678118 -0.950868 -0.451870 -2.310784 -1.285289 3.453388 0.195289 2.374896 0.421873 0.664664 2.205666 0.132323 10.388937 -0.241148 0.437584 3.552204
1 104.11485 -8.678118 -0.950868 -0.451870 -2.310784 -1.285289 3.453388 0.195289 2.374896 0.421873 0.664664 2.205666 0.132323 10.388937 -0.241148 0.437584 3.552204
1 103.52904 -8.677475 -0.964048 -0.478558 -2.343991 -1.276476 3.437001 0.175411 2.392054 0.446310 0.703292 2.204288 0.097883 10.364312 -0.273582 0.463871 3.557524
1 103.52904 -8.677475 -0.964048 -0.478558 -2.343991 -1.276476 3.437001 0.175411 2.392054 0.446310 0.703292 2.204288 0.097883 10.364312 -0.273582 0.463871 3.557524
1 101.4745 -8.636451 -0.983107 -0.458888 -2.362147 -1.264627 3.430091 0.159461 2.387857 0.438865 0.706103 2.208143 0.094827 10.335117 -0.268077 0.424051 3.583217
1 101.4745 -8.636451 -0.983107 -0.458888 -2.362147 -1.264627 3.430091 0.159461 2.387857 0.438865 0.706103 2.208143 0.094827 10.335117 -0.268077 0.424051 3.583217
1 101.05801 -8.651004 -0.984242 -0.415535 -2.337480 -1.268224 3.433345 0.186987 2.341882 0.411515 0.699257 2.175265 0.073494 10.339891 -0.283177 0.404242 3.574274
1 101.05801 -8.651004 -0.984242 -0.415535 -2.337480 -1.268224 3.433345 0.186987 2.341882 0.411515 0.699257 2.175265 0.073494 10.339891 -0.283177 0.404242 3.574274
1 99.782383 -8.616957 -0.949483 -0.416864 -2.372521 -1.309537 3.428515 0.177851 2.335757 0.419941 0.652981 2.160561 0.073176 10.321366 -0.274235 0.406957 3.584308
1 99.782383 -8.616957 -0.949483 -0.416864 -2.372521 -1.309537 3.428515 0.177851 2.335757 0.419941 0.652981 2.160561 0.073176 10.321366 -0.274235 0.406957 3.584308
1 97.379422 -8.619993 -0.985801 -0.391751 -2.357000 -1.323035 3.393715 0.235443 2.326122 0.431091 0.653307 2.174951 0.058888 10.281611 -0.267513 0.456621 3.572916
1 97.379422 -8.619993 -0.985801 -0.391751 -2.357000 -1.323035 3.393715 0.235443 2.326122 0.431091 0.653307 2.174951 0.058888 10.281611 -0.267513 0.456621 3.572916
1 97.379422 -8.619993 -0.985801 -0.391751 -2.357000 -1.323035 3.393715 0.235443 2.326122 0.431091 0.653307 2.174951 0.058888 10.281611 -0.267513 0.456621 3.572916
1 97.379422 -8.619993 -0.985801 -0.391751 -2.357000 -1.323035 3.393715 0.235443 2.326122 0.431091 0.653307 2.174951 0.058888 10.281611 -0.267513 0.456621 3.572916
1 97.379422 -8.619993 -0.985801 -0.391751 -2.357000 -1.323035 3.393715 0.235443 2.326122 0.431091 0.653307 2.174951 0.058888 10.281611 -0.267513 0.456621 3.572916
1 97.379422 -8.619993 -0.985801 -0.391751 -2.357000 -1.323035 3.393715 0.235443 2.326122 0.431091 0.653307 2.174951 0.058888 10.281611 -0.267513 0.456621 3.572916
1 97.379422 -8.619993 -0.985801 -0.391751 -2.357000 -1.323035 3.393715 0.235443 2.326122 0.431091 0.653307 2.174951 0.058888 10.281611 -0.267513 0.456621 3.572916
1 97.379422 -8.619993 -0.985801 -0.391751 -2.357000 -1.323035 3.393715 0.235443 2.326122 0.431091 0.653307 2.174951 0.058888 10.281611 -0.267513 0.456621 3.572916
1 97.379422 -8.619993 -0.985801 -0.391751 -2.357000 -1.323035 3.393715 0.235443 2.326122 0.431091 0.653307 2.174951 0.058888 10.281611 -0.267513 0.456621 3.572916
1 97.379422 -8.619993 -0.985801 -0.391751 -2.357000 -1.323035 3.393715 0.235443 2.326122 0.431091 0.653307 2.174951 0.058888 10.281611 -0.267513 0.456621 3.572916
1 96.048552 -8.597118 -0.956931 -0.358300 -2.363509 -1.306604 3.382926 0.289277 2.324376 0.441073 0.620627 2.188994 0.087192 10.269170 -0.243024 0.419948 3.561086
1 96.048552 -8.597118 -0.956931 -0.358300 -2.363509 -1.306604 3.382926 0.289277 2.324376 0.441073 0.620627 2.188994 0.087192 10.269170 -0.243024 0.419948 3.561086
1 96.048552 -8.597118 -0.956931 -0.358300 -2.363509 -1.306604 3.382926 0.289277 2.324376 0.441073 0.620627 2.188994 0.087192 10.269170 -0.243024 0.419948 3.561086
1 96.048552 -8.597118 -0.956931 -0.358300 -2.363509 -1.306604 3.382926 0.289277 2.324376 0.441073 0.620627 2.188994 0.087192 10.269170 -0.243024 0.419948 3.561086
1 94.623527 -8.569062 -0.913788 -0.372369 -2.377116 -1.319688 3.404062 0.304760 2.297792 0.429712 0.598597 2.201427 0.071152 10.253205 -0.225817 0.413915 3.555127
1 94.561702 -8.582417 -0.913462 -0.400321 -2.355422 -1.313760 3.389239 0.316913 2.305485 0.418137 0.581311 2.154007 0.075283 10.292698 -0.208304 0.389358 3.574899
1 94.642732 -8.552132 -0.898040 -0.386521 -2.368439 -1.315704 3.355802 0.322291 2.312444 0.429206 0.578824 2.137116 0.070956 10.274689 -0.207925 0.398208 3.608237
