1 inf -8.567924 -0.931559 -0.276646 -2.243940 -1.442303 3.432601 0.301944 2.452434 0.187279 0.555792 2.264247 0.094583 10.314585 -0.272692 0.290314 3.591201
1 290.12673 -8.535064 -0.918814 -0.248479 -2.233969 -1.456860 3.436203 0.318854 2.450780 0.234424 0.536193 2.259186 0.059699 10.324590 -0.302595 0.268014 3.566358
1 290.12673 -8.535064 -0.918814 -0.248479 -2.233969 -1.456860 3.436203 0.318854 2.450780 0.234424 0.536193 2.259186 0.059699 10.324590 -0.302595 0.268014 3.566358
1 290.12673 -8.535064 -0.918814 -0.248479 -2.233969 -1.456860 3.436203 0.318854 2.450780 0.234424 0.536193 2.259186 0.059699 10.324590 -0.302595 0.268014 3.566358
1 290.12673 -8.535064 -0.918814 -0.248479 -2.233969 -1.456860 3.436203 0.318854 2.450780 0.234424 0.536193 2.259186 0.059699 10.324590 -0.302595 0.268014 3.566358
1 290.12673 -8.535064 -0.918814 -0.248479 -2.233969 -1.456860 3.436203 0.318854 2.450780 0.234424 0.536193 2.259186 0.059699 10.324590 -0.302595 0.268014 3.566358
1 290.12673 -8.535064 -0.918814 -0.248479 -2.233969 -1.456860 3.436203 0.318854 2.450780 0.234424 0.536193 2.259186 0.059699 10.324590 -0.302595 0.268014 3.566358
1 290.12673 -8.535064 -0.918814 -0.248479 -2.233969 -1.456860 3.436203 0.318854 2.450780 0.234424 0.536193 2.259186 0.059699 10.324590 -0.302595 0.268014 3.566358
1 284.98214 -8.464073 -0.888853 -0.238441 -2.264383 -1.463612 3.437749 0.343136 2.435985 0.237159 0.521127 2.245099 0.031217 10.316357 -0.285024 0.253664 3.566791
1 283.91666 -8.480268 -0.912512 -0.263500 -2.281310 -1.438974 3.429516 0.302298 2.420684 0.266075 0.511563 2.239948 0.043138 10.337304 -0.288399 0.234252 3.539872
1 283.91666 -8.480268 -0.912512 -0.263500 -2.281310 -1.438974 3.429516 0.302298 2.420684 0.266075 0.511563 2.239948 0.043138 10.337304 -0.288399 0.234252 3.539872
1 283.91666 -8.480268 -0.912512 -0.263500 -2.281310 -1.438974 3.429516 0.302298 2.420684 0.266075 0.511563 2.239948 0.043138 10.337304 -0.288399 0.234252 3.539872
1 269.77379 -8.489054 -0.904652 -0.240181 -2.271873 -1.466489 3.454622 0.316277 2.403931 0.286372 0.473350 2.260753 0.046119 10.314115 -0.278912 0.259711 3.509468
1 269.77379 -8.489054 -0.904652 -0.240181 -2.271873 -1.466489 3.454622 0.316277 2.403931 0.286372 0.473350 2.260753 0.046119 10.314115 -0.278912 0.259711 3.509468
1 269.77379 -8.489054 -0.904652 -0.240181 -2.271873 -1.466489 3.454622 0.316277 2.403931 0.286372 0.473350 2.260753 0.046119 10.314115 -0.278912 0.259711 3.509468
1 269.77379 -8.489054 -0.904652 -0.240181 -2.271873 -1.466489 3.454622 0.316277 2.403931 0.286372 0.473350 2.260753 0.046119 10.314115 -0.278912 0.259711 3.509468
1 267.26532 -8.477472 -0.930267 -0.219767 -2.252113 -1.460402 3.462684 0.331917 2.390483 0.250661 0.528663 2.278673 0.021511 10.349112 -0.306638 0.290813 3.497541
1 267.26532 -8.477472 -0.930267 -0.219767 -2.252113 -1.460402 3.462684 0.331917 2.390483 0.250661 0.528663 2.278673 0.021511 10.349112 -0.306638 0.290813 3.497541
1 267.26532 -8.477472 -0.930267 -0.219767 -2.252113 -1.460402 3.462684 0.331917 2.390483 0.250661 0.528663 2.278673 0.021511 10.349112 -0.306638 0.290813 3.497541
1 267.26532 -8.477472 -0.930267 -0.219767 -2.252113 -1.460402 3.462684 0.331917 2.390483 0.250661 0.528663 2.278673 0.021511 10.349112 -0.306638 0.290813 3.497541
1 267.26532 -8.477472 -0.930267 -0.219767 -2.252113 -1.460402 3.462684 0.331917 2.390483 0.250661 0.528663 2.278673 0.021511 10.349112 -0.306638 0.290813 3.497541
1 267.26532 -8.477472 -0.930267 -0.219767 -2.252113 -1.460402 3.462684 0.331917 2.390483 0.250661 0.528663 2.278673 0.021511 10.349112 -0.306638 0.290813 3.497541
1 267.26532 -8.477472 -0.930267 -0.219767 -2.252113 -1.460402 3.462684 0.331917 2.390483 0.250661 0.528663 2.278673 0.021511 10.349112 -0.306638 0.290813 3.497541
1 267.26532 -8.477472 -0.930267 -0.219767 -2.252113 -1.460402 3.462684 0.331917 2.390483 0.250661 0.528663 2.278673 0.021511 10.349112 -0.306638 0.290813 3.497541
1 267.26532 -8.477472 -0.930267 -0.219767 -2.252113 -1.460402 3.462684 0.331917 2.390483 0.250661 0.528663 2.278673 0.021511 10.349112 -0.306638 0.290813 3.497541
1 267.26532 -8.477472 -0.930267 -0.219767 -2.252113 -1.460402 3.462684 0.331917 2.390483 0.250661 0.528663 2.278673 0.021511 10.349112 -0.306638 0.290813 3.497541
1 267.26532 -8.477472 -0.930267 -0.219767 -2.252113 -1.460402 3.462684 0.331917 2.390483 0.250661 0.528663 2.278673 0.021511 10.349112 -0.306638 0.290813 3.497541
1 267.26532 -8.477472 -0.930267 -0.219767 -2.252113 -1.460402 3.462684 0.331917 2.390483 0.250661 0.528663 2.278673 0.021511 10.349112 -0.306638 0.290813 3.497541
1 267.26532 -8.477472 -0.930267 -0.219767 -2.252113 -1.460402 3.462684 0.331917 2.390483 0.250661 0.528663 2.278673 0.021511 10.349112 -0.306638 0.290813 3.497541
1 267.26532 -8.477472 -0.930267 -0.219767 -2.252113 -1.460402 3.462684 0.331917 2.390483 0.250661 0.528663 2.278673 0.021511 10.349112 -0.306638 0.290813 3.497541
1 267.26532 -8.477472 -0.930267 -0.219767 -2.252113 -1.460402 3.462684 0.331917 2.390483 0.250661 0.528663 2.278673 0.021511 10.349112 -0.306638 0.290813 3.497541
1 267.26532 -8.477472 -0.930267 -0.219767 -2.252113 -1.460402 3.462684 0.331917 2.390483 0.250661 0.528663 2.278673 0.021511 10.349112 -0.306638 0.290813 3.497541
1 267.26532 -8.477472 -0.930267 -0.219767 -2.252113 -1.460402 3.462684 0.331917 2.390483 0.250661 0.528663 2.278673 0.021511 10.349112 -0.306638 0.290813 3.497541
1 267.26532 -8.477472 -0.930267 -0.219767 -2.252113 -1.460402 3.462684 0.331917 2.390483 0.250661 0.528663 2.278673 0.021511 10.349112 -0.306638 0.290813 3.497541
1 267.26532 -8.477472 -0.930267 -0.219767 -2.252113 -1.460402 3.462684 0.331917 2.390483 0.250661 0.528663 2.278673 0.021511 10.349112 -0.306638 0.290813 3.497541
1 267.26532 -8.477472 -0.930267 -0.219767 -2.252113 -1.460402 3.462684 0.331917 2.390483 0.250661 0.528663 2.278673 0.021511 10.349112 -0.306638 0.290813 3.497541
1 267.26532 -8.477472 -0.930267 -0.219767 -2.252113 -1.460402 3.462684 0.331917 2.390483 0.250661 0.528663 2.278673 0.021511 10.349112 -0.306638 0.290813 3.497541
1 267.26532 -8.477472 -0.930267 -0.219767 -2.252113 -1.460402 3.462684 0.331917 2.390483 0.250661 0.528663 2.278673 0.021511 10.349112 -0.306638 0.290813 3.497541
1 267.26532 -8.477472 -0.930267 -0.219767 -2.252113 -1.460402 3.462684 0.331917 2.390483 0.250661 0.528663 2.278673 0.021511 10.349112 -0.306638 0.290813 3.497541
1 267.26532 -8.477472 -0.930267 -0.219767 -2.252113 -1.460402 3.462684 0.331917 2.390483 0.250661 0.528663 2.278673 0.021511 10.349112 -0.306638 0.290813 3.497541
1 267.26532 -8.477472 -0.930267 -0.219767 -2.252113 -1.460402 3.462684 0.331917 2.390483 0.250661 0.528663 2.278673 0.021511 10.349112 -0.306638 0.290813 3.497541
1 267.26532 -8.477472 -0.930267 -0.219767 -2.252113 -1.460402 3.462684 0.331917 2.390483 0.250661 0.528663 2.278673 0.021511 10.349112 -0.306638 0.290813 3.497541
1 267.26532 -8.477472 -0.930267 -0.219767 -2.252113 -1.460402 3.462684 0.331917 2.390483 0.250661 0.528663 2.278673 0.021511 10.349112 -0.306638 0.290813 3.497541
1 267.26532 -8.477472 -0.930267 -0.219767 -2.252113 -1.460402 3.462684 0.331917 2.390483 0.250661 0.528663 2.278673 0.021511 10.349112 -0.306638 0.290813 3.497541
1 267.26532 -8.477472 -0.930267 -0.219767 -2.252113 -1.460402 3.462684 0.331917 2.390483 0.250661 0.528663 2.278673 0.021511 10.349112 -0.306638 0.290813 3.497541
1 267.26532 -8.477472 -0.930267 -0.219767 -2.252113 -1.460402 3.462684 0.331917 2.390483 0.250661 0.528663 2.278673 0.021511 10.349112 -0.306638 0.290813 3.497541
1 267.26532 -8.477472 -0.930267 -0.219767 -2.252113 -1.460402 3.462684 0.331917 2.390483 0.250661 0.528663 2.278673 0.021511 10.349112 -0.306638 0.290813 3.497541
1 267.26532 -8.477472 -0.930267 -0.219767 -2.252113 -1.460402 3.462684 0.331917 2.390483 0.250661 0.528663 2.278673 0.021511 10.349112 -0.306638 0.290813 3.497541
1 267.26532 -8.477472 -0.930267 -0.219767 -2.252113 -1.460402 3.462684 0.331917 2.390483 0.250661 0.528663 2.278673 0.021511 10.349112 -0.306638 0.290813 3.497541
1 267.26532 -8.477472 -0.930267 -0.219767 -2.252113 -1.460402 3.462684 0.331917 2.390483 0.250661 0.528663 2.278673 0.021511 10.349112 -0.306638 0.290813 3.497541
1 267.26532 -8.477472 -0.930267 -0.219767 -2.252113 -1.460402 3.462684 0.331917 2.390483 0.250661 0.528663 2.278673 0.021511 10.349112 -0.306638 0.290813 3.497541
1 261.31566 -8.474031 -0.926276 -0.224931 -2.247359 -1.475329 3.456934 0.313560 2.402897 0.245077 0.517027 2.274410 0.065703 10.335294 -0.282108 0.279404 3.460176
