1 inf -9.192983 -0.377568 0.187059 -2.182427 -1.272574 3.263461 0.402662 2.172953 -0.055477 0.258902 2.438153 -0.350321 10.142378 -0.397716 -0.936616 0.176127 3.055572
1 inf -9.121997 -0.381179 0.157993 -2.189300 -1.242205 3.274596 0.358531 2.206781 -0.066695 0.269599 2.419463 -0.328161 10.131162 -0.389210 -0.939155 0.168546 3.039000
1 inf -9.126233 -0.355582 0.140282 -2.157916 -1.233907 3.273468 0.355201 2.211835 -0.029337 0.287467 2.374448 -0.318959 10.125522 -0.397586 -0.926414 0.175835 3.072160
1 inf -9.133867 -0.355699 0.153712 -2.155005 -1.301022 3.269723 0.331302 2.238779 -0.051903 0.315919 2.382932 -0.341560 10.119314 -0.378707 -0.919903 0.224080 3.062877
1 inf -9.157197 -0.367780 0.170318 -2.173817 -1.263619 3.264848 0.321739 2.225074 -0.077941 0.279078 2.350834 -0.293585 10.095579 -0.368966 -0.938316 0.174385 3.071191
1 inf -9.134191 -0.384824 0.174096 -2.174336 -1.280366 3.264852 0.299706 2.211650 -0.078574 0.251366 2.390305 -0.287455 10.117461 -0.371493 -0.982615 0.174777 3.053063
1 inf -9.161222 -0.383449 0.198701 -2.191224 -1.293939 3.265031 0.308927 2.193262 -0.061031 0.271152 2.437700 -0.300289 10.132668 -0.380005 -0.994595 0.164921 3.015401
1 inf -9.141883 -0.385000 0.240946 -2.205837 -1.295162 3.276280 0.316161 2.178352 -0.073462 0.250592 2.442082 -0.283809 10.101785 -0.411582 -1.024914 0.163626 3.043924
1 inf -9.154016 -0.332857 0.194098 -2.204135 -1.302367 3.227187 0.341132 2.157155 -0.056505 0.278938 2.470906 -0.253112 10.110009 -0.408225 -1.003694 0.167697 3.025998
1 inf -9.129607 -0.347431 0.185629 -2.229726 -1.288526 3.210817 0.384714 2.152289 -0.108088 0.252896 2.451194 -0.251215 10.098075 -0.410360 -0.971524 0.167573 3.014547
1 inf -9.160601 -0.349477 0.202874 -2.212743 -1.296632 3.152796 0.357688 2.137623 -0.105815 0.257084 2.451527 -0.235617 10.112628 -0.383548 -0.969023 0.182565 3.066789
1 inf -9.142696 -0.318451 0.208169 -2.226971 -1.338913 3.111419 0.320381 2.160009 -0.136537 0.231672 2.484969 -0.220196 10.128679 -0.375296 -0.983978 0.194437 3.069145
1 inf -9.160747 -0.292858 0.198942 -2.227886 -1.308608 3.140827 0.286137 2.125283 -0.178871 0.249588 2.468421 -0.191902 10.103022 -0.357586 -0.988419 0.180834 3.079277
1 inf -9.186956 -0.307519 0.185237 -2.203283 -1.327206 3.134493 0.268652 2.135617 -0.172402 0.235384 2.472357 -0.167662 10.090651 -0.348739 -1.004574 0.212650 3.066600
1 inf -9.180939 -0.316883 0.157390 -2.229995 -1.348470 3.116445 0.289730 2.129295 -0.149984 0.227646 2.502675 -0.143807 10.072831 -0.371830 -1.028529 0.210890 3.077369
1 inf -9.181284 -0.280078 0.139253 -2.215655 -1.339068 3.119781 0.309219 2.150483 -0.159094 0.224170 2.517390 -0.154485 10.053628 -0.384837 -1.074717 0.241145 3.079510
1 inf -9.176393 -0.280552 0.106889 -2.205833 -1.346047 3.053952 0.275484 2.138170 -0.195974 0.180196 2.508292 -0.148034 10.054737 -0.390119 -1.069037 0.224501 3.084178
1 inf -9.206424 -0.283790 0.124679 -2.240691 -1.350610 3.098625 0.269729 2.110723 -0.179556 0.193728 2.493852 -0.139496 10.009773 -0.385442 -1.102968 0.189283 3.081922
1 inf -9.221011 -0.256872 0.110088 -2.225261 -1.368139 3.124963 0.249574 2.136098 -0.211981 0.185679 2.490342 -0.149301 10.005520 -0.396113 -1.135146 0.152425 3.098383
1 inf -9.219355 -0.235182 0.153838 -2.199880 -1.356163 3.095325 0.269220 2.116154 -0.183014 0.176187 2.537479 -0.154200 10.021663 -0.395800 -1.146538 0.174991 3.088917
1 inf -9.246946 -0.237349 0.153555 -2.177237 -1.335048 3.104363 0.242110 2.084053 -0.197682 0.175508 2.537728 -0.170650 9.989881 -0.396772 -1.167639 0.183952 3.069763
1 inf -9.230885 -0.266434 0.165069 -2.174005 -1.343082 3.126282 0.219787 2.115177 -0.184516 0.164986 2.547978 -0.143548 9.969945 -0.376870 -1.206444 0.198274 3.064565
1 inf -9.213320 -0.299615 0.163250 -2.205226 -1.362327 3.139375 0.161527 2.084995 -0.181484 0.142924 2.563601 -0.108354 9.999402 -0.393725 -1.220690 0.180523 3.052273
1 inf -9.249677 -0.262576 0.131872 -2.209207 -1.358941 3.128099 0.125020 2.082039 -0.171105 0.172383 2.543437 -0.090183 9.960708 -0.384084 -1.173381 0.158967 3.074764
1 inf -9.253974 -0.261463 0.137810 -2.192183 -1.365548 3.114686 0.101136 2.052482 -0.184074 0.185339 2.540406 -0.093539 9.919600 -0.378594 -1.172788 0.155929 3.116207
1 inf -9.237154 -0.244211 0.130523 -2.231154 -1.334762 3.103973 0.106284 2.080115 -0.199321 0.171888 2.568801 -0.080716 9.923371 -0.327787 -1.178203 0.194867 3.150337
1 inf -9.241647 -0.264601 0.097137 -2.231868 -1.372692 3.080812 0.098329 2.117943 -0.204332 0.205098 2.589835 -0.049804 9.930491 -0.304295 -1.194618 0.208221 3.144250
1 inf -9.247016 -0.232854 0.124778 -2.239585 -1.365010 3.069495 0.114638 2.099113 -0.214647 0.225145 2.565717 -0.004577 9.927984 -0.295783 -1.204787 0.206413 3.121199
1 inf -9.256984 -0.220277 0.125199 -2.256274 -1.381728 3.058869 0.133815 2.082695 -0.182716 0.232523 2.522164 0.019460 9.917317 -0.302395 -1.183548 0.215806 3.139129
1 inf -9.259685 -0.234774 0.120688 -2.275307 -1.400457 3.066910 0.141568 2.079263 -0.194120 0.292412 2.502980 -0.002826 9.941667 -0.311214 -1.190395 0.191674 3.106232
1 inf -9.252467 -0.229481 0.121775 -2.279011 -1.426240 3.058653 0.162449 2.093416 -0.156922 0.267027 2.508404 -0.002661 9.938595 -0.340889 -1.185734 0.179009 3.118916
1 inf -9.254146 -0.223539 0.115306 -2.289388 -1.423319 3.074859 0.155081 2.126913 -0.140989 0.266985 2.518919 -0.023196 9.912243 -0.342193 -1.210359 0.175844 3.093631
1 inf -9.252546 -0.214578 0.125309 -2.273585 -1.458228 3.064782 0.157317 2.133319 -0.108270 0.243918 2.507789 -0.025174 9.908726 -0.347524 -1.234049 0.144772 3.108250
1 inf -9.243748 -0.220422 0.178556 -2.280543 -1.448627 3.108409 0.144353 2.117981 -0.116674 0.231883 2.514462 -0.008120 9.908189 -0.338346 -1.234177 0.170499 3.114061
1 inf -9.265135 -0.226154 0.145235 -2.253037 -1.422445 3.114244 0.078727 2.086750 -0.111693 0.254020 2.542589 -0.033210 9.899269 -0.332354 -1.216352 0.193363 3.099324
1 inf -9.242387 -0.233544 0.155192 -2.260188 -1.384617 3.108000 0.086376 2.063632 -0.116035 0.267827 2.548784 -0.033701 9.901115 -0.319275 -1.228806 0.177101 3.114129
1 inf -9.237614 -0.223740 0.181583 -2.240544 -1.350597 3.109230 0.075820 2.055936 -0.124606 0.285012 2.556339 -0.037996 9.929089 -0.362194 -1.252737 0.193109 3.129584
1 inf -9.235048 -0.225776 0.197594 -2.216680 -1.361421 3.105749 0.096914 2.082093 -0.148822 0.273636 2.584216 -0.050611 9.933665 -0.344475 -1.221953 0.220244 3.149938
1 inf -9.250365 -0.222486 0.194642 -2.236353 -1.355212 3.088572 0.115705 2.090952 -0.178085 0.288271 2.595504 -0.008607 9.911171 -0.281624 -1.250290 0.242951 3.138384
1 inf -9.253060 -0.236251 0.195834 -2.216447 -1.374050 3.055586 0.110097 2.099518 -0.179511 0.287552 2.581850 0.008919 9.928751 -0.288821 -1.270315 0.247312 3.165113
1 inf -9.243220 -0.239124 0.192373 -2.265114 -1.380173 3.028340 0.151931 2.111490 -0.195871 0.291996 2.605063 0.046611 9.908315 -0.309890 -1.273653 0.227363 3.173472
1 inf -9.246396 -0.230778 0.187629 -2.261626 -1.427403 3.034858 0.113077 2.117987 -0.196850 0.328326 2.588935 0.056851 9.930289 -0.307944 -1.267467 0.221248 3.144647
1 inf -9.218673 -0.248141 0.206105 -2.262088 -1.459634 3.064386 0.093209 2.100992 -0.206251 0.349399 2.608244 0.075042 9.976199 -0.285222 -1.266344 0.237998 3.143926
1 inf -9.201108 -0.281322 0.204286 -2.293309 -1.478879 3.077479 0.034949 2.070810 -0.203219 0.327337 2.623867 0.110236 10.005656 -0.302077 -1.280590 0.220247 3.131634
1 inf -9.200297 -0.291657 0.216456 -2.268414 -1.505203 3.077043 0.018950 2.064483 -0.212050 0.339223 2.656503 0.159640 9.982945 -0.309797 -1.234102 0.224133 3.124002
1 inf -9.183115 -0.306948 0.217064 -2.296873 -1.489180 3.058826 0.023977 2.076575 -0.231756 0.362673 2.658321 0.168680 9.936850 -0.319848 -1.233906 0.251628 3.110606
1 inf -9.207965 -0.321631 0.216048 -2.291068 -1.507882 3.040222 0.041424 2.082120 -0.227991 0.358561 2.641773 0.140992 9.953577 -0.336854 -1.285142 0.280482 3.080875
1 inf -9.184915 -0.315192 0.202475 -2.330103 -1.534107 3.077590 0.038418 2.036657 -0.200523 0.358041 2.667898 0.129492 9.936092 -0.357597 -1.285897 0.246813 3.094416
1 inf -9.171314 -0.304788 0.183673 -2.335421 -1.558567 3.066069 0.030562 2.048843 -0.185095 0.383035 2.665620 0.136267 9.912850 -0.401718 -1.352358 0.276358 3.096423
1 inf -9.175610 -0.341960 0.176704 -2.297915 -1.559149 3.068908 -0.032572 2.090147 -0.228977 0.365239 2.632898 0.117371 9.906557 -0.406606 -1.321278 0.291183 3.102728
1 inf -9.185485 -0.347090 0.162393 -2.315341 -1.584389 3.073588 -0.001904 2.067087 -0.233088 0.370549 2.658655 0.090642 9.891929 -0.406703 -1.335017 0.321477 3.126947
1 inf -9.165398 -0.335930 0.154722 -2.290088 -1.539817 3.058160 0.051061 2.058924 -0.218332 0.363843 2.640936 0.098849 9.893497 -0.379736 -1.369980 0.314461 3.127917
1 inf -9.180396 -0.352094 0.170269 -2.318143 -1.541181 3.052681 0.045220 2.046053 -0.185558 0.349063 2.622575 0.098144 9.851727 -0.347093 -1.410383 0.295738 3.104664
1 inf -9.130289 -0.317010 0.162425 -2.306628 -1.544475 3.057189 0.024456 2.039182 -0.193302 0.320269 2.610169 0.081884 9.851277 -0.309475 -1.411133 0.320134 3.097292
1 inf -9.135121 -0.311264 0.165014 -2.299166 -1.555743 3.091917 0.013184 2.010747 -0.210142 0.328563 2.614837 0.042134 9.824603 -0.310175 -1.407465 0.318816 3.118614
1 inf -9.119618 -0.326203 0.171859 -2.301435 -1.531339 3.071793 -0.025942 2.019018 -0.190349 0.310050 2.644735 0.054132 9.839511 -0.297264 -1.396992 0.305055 3.104054
1 inf -9.099059 -0.299149 0.162270 -2.308397 -1.512404 3.078869 -0.023444 2.029853 -0.190055 0.289045 2.647713 0.038120 9.841050 -0.309239 -1.402170 0.253756 3.123860
1 inf -9.141511 -0.283124 0.162434 -2.296903 -1.489878 3.092141 -0.035411 2.015868 -0.188192 0.271552 2.646701 0.027729 9.851001 -0.309474 -1.403449 0.262486 3.143870
1 inf -9.156324 -0.309069 0.168217 -2.318207 -1.487671 3.109261 -0.013062 2.014295 -0.214122 0.277828 2.664302 0.039976 9.846228 -0.308095 -1.396457 0.298418 3.126566
1 inf -9.131590 -0.342706 0.146038 -2.311048 -1.456229 3.084123 0.003687 1.987330 -0.189933 0.272955 2.642906 0.103363 9.841063 -0.338307 -1.411939 0.313862 3.109202
1 inf -9.138291 -0.326247 0.132425 -2.291879 -1.458970 3.090417 0.026627 1.924216 -0.220899 0.317821 2.703420 0.115114 9.816172 -0.333860 -1.424412 0.320758 3.093446
1 inf -9.171315 -0.360767 0.113024 -2.286257 -1.404488 3.113190 -0.002161 1.921765 -0.252876 0.333964 2.689533 0.123036 9.812469 -0.373847 -1.434204 0.284152 3.106846
1 inf -9.146719 -0.348257 0.077780 -2.289285 -1.403979 3.084649 -0.029474 1.922083 -0.227191 0.335902 2.680051 0.091325 9.834328 -0.359663 -1.416833 0.266215 3.102886
1 inf -9.129154 -0.381438 0.075961 -2.320506 -1.423224 3.097742 -0.087734 1.891901 -0.224159 0.313840 2.695674 0.126519 9.863785 -0.376518 -1.431079 0.248464 3.090594
1 inf -9.114318 -0.405011 0.075609 -2.305366 -1.389074 3.099460 -0.044232 1.873392 -0.251381 0.311958 2.638562 0.128564 9.881074 -0.370457 -1.456986 0.248473 3.066574
1 inf -9.091325 -0.413003 0.070216 -2.272375 -1.344257 3.045826 -0.034188 1.923900 -0.223543 0.309126 2.637602 0.131080 9.911776 -0.375375 -1.453774 0.273916 3.060256
1 inf -9.095075 -0.407575 0.070110 -2.265321 -1.331716 3.082525 -0.041367 1.947107 -0.214254 0.287166 2.668610 0.124606 9.952008 -0.380289 -1.494418 0.265902 3.061686
1 inf -9.092397 -0.396112 0.064433 -2.260302 -1.324304 3.079330 -0.103472 1.925526 -0.216815 0.309806 2.635016 0.074252 9.936799 -0.385122 -1.504941 0.263376 3.073205
1 inf -9.088530 -0.376120 0.082555 -2.247604 -1.313971 3.070794 -0.093417 1.897825 -0.232338 0.321167 2.660815 0.078296 9.912034 -0.351554 -1.505357 0.250279 3.038986
1 inf -9.097015 -0.343085 0.103042 -2.240854 -1.301274 3.072859 -0.086249 1.918196 -0.180438 0.333110 2.680689 0.091571 9.903352 -0.333483 -1.469897 0.250273 3.049984
1 inf -9.070290 -0.347745 0.094607 -2.210365 -1.287785 3.076601 -0.135334 1.934903 -0.180682 0.348405 2.677298 0.083637 9.907356 -0.297094 -1.513869 0.264642 3.064699
1 inf -9.060668 -0.374637 0.065821 -2.242467 -1.282896 3.144692 -0.104844 1.930696 -0.181323 0.383809 2.676216 0.087063 9.918615 -0.331575 -1.540083 0.286345 3.063262
1 inf -9.081911 -0.429385 0.065953 -2.285060 -1.280885 3.168605 -0.084498 1.931429 -0.175008 0.397647 2.675720 0.104895 9.883666 -0.352981 -1.532929 0.299898 3.062445
1 inf -9.095479 -0.405346 0.050818 -2.264183 -1.269598 3.192684 -0.089591 1.969619 -0.194499 0.407847 2.691936 0.139705 9.877087 -0.377572 -1.529567 0.269897 3.074444
1 inf -9.073503 -0.409727 0.059648 -2.278288 -1.255661 3.186455 -0.091121 1.958157 -0.185959 0.386257 2.755117 0.127575 9.878391 -0.414252 -1.541048 0.295552 3.063751
1 inf -9.078236 -0.384800 0.051831 -2.300507 -1.257861 3.139589 -0.069041 2.002712 -0.204893 0.405738 2.728652 0.132015 9.877953 -0.429224 -1.511453 0.302069 3.036640
1 inf -9.095847 -0.372306 0.031217 -2.289479 -1.260186 3.088225 -0.066261 2.010881 -0.203915 0.400736 2.761623 0.124437 9.900876 -0.430539 -1.457633 0.256922 3.032962
1 inf -9.104378 -0.379712 0.008852 -2.325543 -1.255408 3.060520 -0.054148 2.036871 -0.193517 0.364575 2.789974 0.118095 9.923365 -0.412185 -1.439556 0.267027 3.021284
1 inf -9.097246 -0.390071 -0.006251 -2.321860 -1.264614 3.058708 -0.097419 2.033615 -0.194070 0.362249 2.782656 0.111901 9.923561 -0.401738 -1.456013 0.238818 3.016619
1 inf -9.104275 -0.397081 -0.030419 -2.324104 -1.259946 3.059239 -0.070059 2.043667 -0.211470 0.388080 2.738538 0.111044 9.972026 -0.341644 -1.478034 0.209003 3.044272
1 inf -9.098381 -0.386794 -0.029771 -2.271173 -1.275515 3.048043 -0.085863 2.054796 -0.170647 0.395174 2.739946 0.119023 9.942282 -0.322245 -1.459289 0.218785 3.073299
1 inf -9.100467 -0.376477 -0.020295 -2.295642 -1.305182 3.043555 -0.101582 2.052824 -0.186212 0.383771 2.772261 0.124996 9.903757 -0.318075 -1.467454 0.232206 3.060484
1 inf -9.090664 -0.388439 -0.025674 -2.296943 -1.327758 3.051465 -0.074004 2.038278 -0.176981 0.369745 2.753571 0.148834 9.908804 -0.311584 -1.408585 0.218444 3.074793
1 inf -9.073099 -0.421620 -0.027493 -2.328164 -1.347003 3.064558 -0.132264 2.008096 -0.173949 0.347683 2.769194 0.184028 9.938261 -0.328439 -1.422831 0.200693 3.062501
1 inf -9.095238 -0.441051 -0.029220 -2.353956 -1.377977 3.030376 -0.125489 2.007890 -0.172517 0.347404 2.775245 0.207083 9.922056 -0.315097 -1.443272 0.234218 3.080651
1 inf -9.109231 -0.433721 -0.025722 -2.386733 -1.368033 3.010123 -0.107792 2.018008 -0.181234 0.329722 2.775323 0.227820 9.915146 -0.337281 -1.441612 0.242359 3.049096
1 inf -9.113399 -0.437170 -0.023960 -2.373843 -1.385969 2.967727 -0.096918 2.050230 -0.154361 0.346469 2.786479 0.244182 9.900247 -0.323102 -1.422934 0.206196 3.045679
1 inf -9.125753 -0.410220 -0.026204 -2.393179 -1.419230 2.952886 -0.115703 2.015090 -0.157752 0.331440 2.769551 0.225945 9.895940 -0.348835 -1.501915 0.208689 3.048535
1 inf -9.127052 -0.363355 -0.005933 -2.382355 -1.422069 2.956853 -0.122974 2.028579 -0.150507 0.328849 2.791695 0.173944 9.905081 -0.327628 -1.509356 0.222979 3.063024
1 inf -9.131977 -0.403146 -0.002052 -2.361046 -1.380581 2.941568 -0.153259 2.049404 -0.102754 0.328690 2.785494 0.147946 9.903215 -0.362780 -1.546198 0.228536 3.096680
1 inf -9.082607 -0.432419 0.016623 -2.380135 -1.382551 2.937825 -0.150708 2.046361 -0.101396 0.297993 2.789945 0.158221 9.937252 -0.374612 -1.564144 0.236088 3.091778
1 inf -9.085316 -0.390000 0.027690 -2.356188 -1.390686 2.896912 -0.166480 2.043082 -0.099024 0.323116 2.803467 0.140639 9.943518 -0.392897 -1.542757 0.212581 3.109752
1 inf -9.082209 -0.387194 0.045553 -2.373522 -1.396319 2.874582 -0.153272 2.041407 -0.074483 0.323755 2.784591 0.151505 9.928101 -0.401089 -1.550219 0.262222 3.102016
1 inf -9.141317 -0.370519 0.026177 -2.362574 -1.403594 2.899228 -0.170382 2.026053 -0.097828 0.293385 2.749556 0.147064 9.910973 -0.387338 -1.564386 0.253734 3.123069
1 inf -9.097393 -0.389120 0.054367 -2.363394 -1.398551 2.866132 -0.158267 2.016888 -0.102786 0.307009 2.736572 0.142365 9.903379 -0.408929 -1.579604 0.250336 3.158092
1 inf -9.111929 -0.347856 0.044780 -2.336668 -1.383321 2.879635 -0.133526 2.014902 -0.112532 0.275528 2.700485 0.130496 9.884538 -0.397871 -1.607034 0.261350 3.170928
1 inf -9.092942 -0.382508 0.038763 -2.336380 -1.389897 2.877410 -0.164111 1.991988 -0.119083 0.282915 2.740188 0.089006 9.852853 -0.390482 -1.610680 0.237809 3.140018
1 inf -9.104731 -0.363414 0.032504 -2.360399 -1.381151 2.873108 -0.144852 1.991000 -0.135710 0.278225 2.767020 0.111858 9.881051 -0.414850 -1.590969 0.259690 3.138285
1 inf -9.048193 -0.335928 0.028944 -2.356241 -1.392194 2.917031 -0.163903 1.993344 -0.167736 0.259206 2.760497 0.143959 9.882609 -0.431499 -1.622056 0.208261 3.125561
1 inf -9.023518 -0.361179 0.024740 -2.365699 -1.394266 2.899309 -0.121692 1.998453 -0.156452 0.236263 2.786824 0.186353 9.858688 -0.423742 -1.607249 0.224790 3.124370
1 inf -9.022503 -0.361793 0.031512 -2.354527 -1.410665 2.916322 -0.124125 1.986314 -0.164532 0.201097 2.807507 0.172353 9.876281 -0.433510 -1.617250 0.261821 3.127649
1 inf -9.025472 -0.366852 0.043029 -2.372020 -1.412697 2.970723 -0.118423 1.975390 -0.167649 0.228175 2.808094 0.174264 9.844224 -0.475854 -1.624967 0.237085 3.130316
1 inf -9.038113 -0.341157 0.059146 -2.343697 -1.390679 2.962479 -0.127014 1.964723 -0.161156 0.233370 2.772873 0.179024 9.861972 -0.467634 -1.649595 0.252952 3.076061
1 inf -9.020548 -0.374338 0.057327 -2.374918 -1.409924 2.975572 -0.185274 1.934541 -0.158124 0.211308 2.788496 0.214218 9.891429 -0.484489 -1.663841 0.235201 3.063769
1 inf -9.029801 -0.385152 0.057842 -2.365231 -1.425634 2.982158 -0.148747 1.947385 -0.181333 0.261436 2.798033 0.221025 9.874074 -0.480986 -1.664505 0.190829 3.072900
1 inf -9.037570 -0.400226 0.076973 -2.342811 -1.435746 2.993643 -0.141618 1.997068 -0.194067 0.297949 2.765027 0.221028 9.863108 -0.519353 -1.677107 0.221955 3.085029
1 inf -9.057155 -0.369181 0.072073 -2.301890 -1.442989 2.987605 -0.130892 2.019589 -0.243946 0.280371 2.795448 0.218900 9.817558 -0.503244 -1.660830 0.222182 3.076117
1 inf -9.056218 -0.355832 0.021502 -2.290784 -1.495191 2.950350 -0.135265 2.017709 -0.253245 0.261675 2.823635 0.252252 9.808633 -0.513852 -1.646774 0.276682 3.073190
1 inf -9.056611 -0.382390 0.044133 -2.280890 -1.501411 2.935271 -0.115525 2.008577 -0.261236 0.253460 2.826476 0.275221 9.799388 -0.521921 -1.632694 0.296572 3.097008
1 inf -9.061094 -0.385034 0.035013 -2.277932 -1.494277 2.877956 -0.124708 2.027779 -0.240803 0.259977 2.813607 0.270728 9.780157 -0.490474 -1.637506 0.294017 3.147589
1 inf -9.031622 -0.423765 0.005390 -2.280762 -1.518767 2.898434 -0.160298 2.012704 -0.234057 0.223528 2.836394 0.252632 9.783893 -0.526291 -1.636323 0.252816 3.158958
1 inf -9.013872 -0.415347 -0.023996 -2.254893 -1.513931 2.894412 -0.120116 2.006373 -0.248863 0.206437 2.842908 0.249584 9.801407 -0.505971 -1.668812 0.265059 3.145263
1 inf -8.984200 -0.409009 -0.011753 -2.244899 -1.528333 2.955151 -0.101830 1.989074 -0.196485 0.199389 2.849081 0.282948 9.807904 -0.489633 -1.681424 0.256323 3.152178
1 inf -8.967882 -0.402684 0.018297 -2.246412 -1.504615 2.952585 -0.137263 1.988142 -0.228181 0.190059 2.834960 0.282934 9.820985 -0.531173 -1.678855 0.237825 3.153168
1 inf -8.936471 -0.398436 0.014585 -2.190172 -1.494289 2.965848 -0.141416 1.936661 -0.257462 0.249197 2.832399 0.279647 9.789153 -0.544732 -1.662766 0.231491 3.166467
1 inf -8.873915 -0.412832 0.009328 -2.181719 -1.519853 2.976975 -0.100505 1.926373 -0.247893 0.243626 2.811530 0.309730 9.780756 -0.526750 -1.699109 0.247432 3.183734
1 inf -8.856350 -0.446013 0.007509 -2.212940 -1.539098 2.990068 -0.158765 1.896191 -0.244861 0.221564 2.827153 0.344924 9.810213 -0.543605 -1.713355 0.229681 3.171442
1 inf -8.867349 -0.400446 -0.028594 -2.236195 -1.491587 2.977653 -0.147965 1.882329 -0.258447 0.223610 2.810895 0.356196 9.790626 -0.527611 -1.719529 0.258206 3.196918
1 inf -8.877012 -0.424746 -0.006087 -2.186343 -1.458783 2.953555 -0.163485 1.852801 -0.270634 0.218678 2.828356 0.374563 9.762995 -0.518845 -1.748767 0.261967 3.181132
1 inf -8.852715 -0.451819 -0.019372 -2.223201 -1.471463 2.976823 -0.125428 1.872429 -0.233817 0.224370 2.816623 0.349349 9.758522 -0.548412 -1.732574 0.308022 3.202023
1 inf -8.883395 -0.463241 -0.008075 -2.225045 -1.446884 2.980586 -0.123151 1.875303 -0.214908 0.267177 2.841846 0.355001 9.782580 -0.519739 -1.711072 0.270944 3.163179
1 inf -8.895351 -0.464220 -0.006294 -2.220688 -1.448237 2.953491 -0.104270 1.849680 -0.213874 0.282773 2.882077 0.317763 9.793724 -0.554193 -1.686038 0.267746 3.187718
1 inf -8.898187 -0.456387 0.019871 -2.218237 -1.427041 2.963555 -0.130477 1.860867 -0.181856 0.235425 2.885324 0.329626 9.794765 -0.579337 -1.718062 0.273473 3.192976
1 inf -8.913212 -0.480530 -0.005703 -2.256396 -1.422897 2.940532 -0.115032 1.869943 -0.205766 0.254011 2.877374 0.327211 9.813102 -0.601356 -1.713246 0.296009 3.184559
1 inf -8.902246 -0.468659 -0.003307 -2.282104 -1.430959 2.937469 -0.154673 1.860068 -0.203662 0.245895 2.869792 0.339625 9.845612 -0.578085 -1.753714 0.281965 3.184593
1 inf -8.881468 -0.455469 0.011067 -2.226543 -1.403361 2.928135 -0.164621 1.842666 -0.179391 0.220292 2.840762 0.363924 9.811559 -0.590654 -1.729571 0.313100 3.176944
1 inf -8.910630 -0.495354 0.021359 -2.196510 -1.393012 2.924587 -0.143467 1.892988 -0.213046 0.220100 2.838782 0.374050 9.789530 -0.591166 -1.755031 0.279812 3.197787
1 inf -8.922575 -0.506908 0.037067 -2.213802 -1.366916 2.955989 -0.172675 1.901953 -0.243510 0.194242 2.842197 0.405004 9.776958 -0.612917 -1.775137 0.292143 3.179277
1 inf -8.940631 -0.513493 0.031849 -2.232263 -1.316635 2.913888 -0.174065 1.894006 -0.248290 0.222293 2.813342 0.396557 9.789506 -0.570311 -1.801008 0.338203 3.214347
1 inf -8.929037 -0.502305 0.003190 -2.237878 -1.309391 2.926567 -0.146382 1.874574 -0.262471 0.257805 2.783702 0.422884 9.800773 -0.535064 -1.831289 0.379204 3.191608
1 inf -8.946350 -0.506064 -0.007551 -2.225176 -1.290255 2.938390 -0.131478 1.893525 -0.261624 0.269614 2.770102 0.423655 9.780648 -0.503892 -1.810453 0.351100 3.185545
1 inf -8.912154 -0.485482 0.013891 -2.200096 -1.272896 2.945147 -0.130937 1.880209 -0.269546 0.307603 2.776789 0.421526 9.809815 -0.541723 -1.826844 0.351129 3.180157
1 inf -8.930153 -0.488251 -0.007778 -2.185210 -1.246647 2.947393 -0.089961 1.900942 -0.209129 0.282908 2.771946 0.403135 9.832312 -0.503932 -1.785865 0.319661 3.156328
1 inf -8.944526 -0.511488 0.000464 -2.189821 -1.234399 2.947894 -0.065684 1.902154 -0.223648 0.269930 2.792283 0.423533 9.841911 -0.514567 -1.773294 0.319144 3.185854
1 inf -8.940015 -0.511960 0.018731 -2.177746 -1.214603 2.986452 -0.097423 1.882216 -0.189705 0.221028 2.806666 0.411040 9.852273 -0.501178 -1.733565 0.335433 3.182997
1 inf -8.962823 -0.485466 0.055206 -2.160608 -1.185043 2.964432 -0.097743 1.904489 -0.168419 0.223677 2.792652 0.404036 9.875187 -0.565615 -1.748209 0.277281 3.195539
1 inf -8.945258 -0.518647 0.053387 -2.191829 -1.204288 2.977525 -0.156003 1.874307 -0.165387 0.201615 2.808275 0.439230 9.904644 -0.582470 -1.762455 0.259530 3.183247
1 inf -8.915117 -0.512422 0.059276 -2.202253 -1.242147 2.966780 -0.172897 1.912924 -0.191501 0.189458 2.812207 0.404468 9.849150 -0.583778 -1.763106 0.237365 3.171594
1 inf -8.938167 -0.512997 0.035383 -2.204752 -1.296612 2.970203 -0.211867 1.908524 -0.178212 0.180314 2.804923 0.436768 9.850456 -0.580098 -1.727374 0.214036 3.186865
1 inf -8.948919 -0.493800 0.030585 -2.202988 -1.286616 2.969394 -0.184797 1.873648 -0.173969 0.151609 2.817534 0.459034 9.806308 -0.566605 -1.760183 0.198537 3.179331
1 inf -8.944670 -0.538687 -0.001975 -2.205207 -1.321965 2.969724 -0.165659 1.881964 -0.182686 0.118175 2.868360 0.430111 9.803345 -0.576064 -1.762672 0.206333 3.185630
1 inf -8.930844 -0.524605 -0.036241 -2.223706 -1.292581 2.958684 -0.184865 1.862823 -0.180330 0.120061 2.875426 0.464849 9.824640 -0.595096 -1.762187 0.199656 3.208441
1 inf -8.891794 -0.520760 -0.024115 -2.217369 -1.278309 2.976541 -0.174199 1.855953 -0.177362 0.133593 2.870996 0.470229 9.831316 -0.593277 -1.794064 0.221493 3.260979
1 inf -8.889995 -0.532327 -0.011953 -2.225477 -1.275207 2.989351 -0.209383 1.865130 -0.155724 0.135004 2.864965 0.447474 9.826354 -0.633441 -1.769334 0.243621 3.233039
1 inf -8.905307 -0.502486 -0.014621 -2.207637 -1.281964 2.985273 -0.214785 1.855983 -0.154429 0.105793 2.852288 0.450135 9.829094 -0.606213 -1.730158 0.221521 3.222384
1 inf -8.918957 -0.513270 0.005514 -2.197289 -1.270923 2.973390 -0.222841 1.840284 -0.142382 0.093801 2.884443 0.474712 9.820962 -0.646286 -1.750703 0.207566 3.225400
1 inf -8.954229 -0.516592 -0.016522 -2.228699 -1.251583 2.962220 -0.222459 1.844746 -0.150634 0.113645 2.890313 0.494532 9.832068 -0.686672 -1.767984 0.163912 3.217477
1 inf -8.983584 -0.551497 -0.013253 -2.231028 -1.261870 2.971395 -0.241567 1.833973 -0.148893 0.057787 2.871888 0.479340 9.806072 -0.686276 -1.756550 0.172538 3.199252
1 inf -9.005978 -0.592123 0.001244 -2.272098 -1.241845 2.981888 -0.217740 1.867928 -0.137483 0.068301 2.868672 0.491177 9.823557 -0.676346 -1.785356 0.173950 3.196804
1 inf -8.999400 -0.631007 0.010084 -2.295788 -1.215509 2.986216 -0.187292 1.903689 -0.156243 0.051818 2.891000 0.491415 9.870158 -0.677609 -1.773532 0.182782 3.174090
1 inf -8.966406 -0.626316 0.040078 -2.307729 -1.196621 2.944755 -0.176986 1.926253 -0.179807 0.035735 2.875162 0.506160 9.843627 -0.668219 -1.763967 0.197553 3.153412
1 inf -8.991322 -0.608845 0.044766 -2.257956 -1.207804 2.954356 -0.214237 1.964818 -0.184028 0.018617 2.887648 0.524502 9.828255 -0.658324 -1.775984 0.163707 3.133736
1 inf -8.978893 -0.611561 0.056579 -2.253483 -1.191934 2.962260 -0.244346 1.959294 -0.126667 0.058857 2.870293 0.500336 9.827975 -0.634539 -1.780786 0.147506 3.170200
1 inf -8.964342 -0.676499 0.064069 -2.263090 -1.204026 2.977268 -0.216684 1.955253 -0.124447 0.060243 2.864759 0.501690 9.869511 -0.669793 -1.789306 0.148656 3.213870
1 inf -9.012319 -0.685977 0.074337 -2.222459 -1.205901 2.980217 -0.220738 1.965438 -0.140573 0.059312 2.887776 0.507874 9.915116 -0.650296 -1.817591 0.149120 3.238282
1 inf -9.018502 -0.682390 0.089645 -2.243596 -1.177626 2.952530 -0.253301 1.996935 -0.128921 0.022398 2.890939 0.504159 9.915300 -0.659394 -1.795469 0.143063 3.231424
1 inf -9.000937 -0.715571 0.087826 -2.274817 -1.196871 2.965623 -0.311561 1.966753 -0.125889 0.000336 2.906562 0.539353 9.944757 -0.676249 -1.809715 0.125312 3.219132
1 inf -9.006135 -0.749313 0.084274 -2.312289 -1.204014 2.980048 -0.352127 1.953342 -0.101438 -0.012019 2.881998 0.551228 9.955064 -0.670541 -1.786739 0.106777 3.186734
1 inf -8.997835 -0.733436 0.055568 -2.309337 -1.210829 2.981610 -0.393755 1.971352 -0.054952 0.005889 2.874498 0.529576 9.960018 -0.696219 -1.777258 0.104591 3.162759
1 inf -9.049593 -0.710304 0.063771 -2.324416 -1.212319 2.974164 -0.433870 1.974514 -0.039282 0.033002 2.844169 0.533015 9.955056 -0.691920 -1.814907 0.112013 3.158974
1 inf -9.036458 -0.706247 0.071196 -2.324715 -1.216266 3.025828 -0.422083 1.953368 -0.039187 0.022258 2.872717 0.554574 9.976261 -0.694245 -1.816124 0.121757 3.158248
