1 inf -8.728031 -0.933601 -0.268204 -2.260744 -1.381470 3.428517 0.210836 2.601568 0.162358 0.610800 2.357110 0.114204 10.444020 -0.270708 0.205594 3.641407
1 inf -8.703953 -0.927798 -0.267379 -2.186785 -1.381032 3.448838 0.211773 2.601270 0.118179 0.651523 2.363874 0.160327 10.405651 -0.268612 0.204023 3.615566
1 inf -8.692874 -0.949332 -0.280585 -2.194440 -1.396258 3.438756 0.240291 2.579370 0.155834 0.660941 2.350796 0.157923 10.397165 -0.259560 0.226847 3.601080
1 inf -8.681925 -0.920824 -0.298432 -2.207295 -1.379001 3.428669 0.232308 2.558899 0.090861 0.656972 2.314423 0.155606 10.399051 -0.291894 0.203613 3.579256
1 inf -8.675953 -0.935879 -0.295891 -2.210728 -1.456308 3.412879 0.251866 2.560084 0.109236 0.701784 2.306689 0.115150 10.413788 -0.287103 0.206739 3.570871
1 inf -8.683869 -0.977938 -0.310423 -2.207514 -1.432933 3.434353 0.229418 2.558286 0.128187 0.725749 2.345678 0.165095 10.384622 -0.308689 0.211623 3.586788
1 inf -8.732853 -0.995851 -0.286816 -2.197673 -1.407762 3.445749 0.209334 2.556517 0.104323 0.723813 2.356953 0.146024 10.408898 -0.295247 0.232651 3.594831
1 inf -8.784134 -0.973030 -0.294418 -2.180305 -1.444481 3.440304 0.236837 2.569605 0.080059 0.729797 2.351605 0.151051 10.412088 -0.305491 0.219263 3.593040
1 inf -8.806250 -0.938962 -0.288835 -2.160078 -1.457741 3.453024 0.231594 2.580013 0.085636 0.698881 2.317533 0.165341 10.432391 -0.282765 0.207601 3.608141
1 inf -8.835542 -0.928781 -0.254668 -2.155053 -1.514323 3.465322 0.204999 2.565344 0.034581 0.654453 2.301830 0.139738 10.420913 -0.290331 0.182989 3.570077
1 inf -8.864899 -0.902280 -0.257402 -2.137478 -1.516085 3.443540 0.219150 2.576800 0.024412 0.624665 2.330802 0.157232 10.457494 -0.309706 0.190239 3.564189
1 inf -8.863233 -0.916029 -0.273006 -2.152246 -1.539554 3.415453 0.220728 2.612965 -0.043441 0.640944 2.336606 0.148824 10.452339 -0.315950 0.271451 3.542428
1 inf -8.840919 -0.932335 -0.304883 -2.133628 -1.552283 3.396008 0.208584 2.627694 -0.065439 0.653932 2.316813 0.182385 10.471303 -0.305473 0.248432 3.545341
1 inf -8.827645 -0.940189 -0.295241 -2.113824 -1.569712 3.354339 0.182807 2.656641 -0.084805 0.632594 2.359298 0.152602 10.475412 -0.271342 0.276596 3.524513
1 inf -8.837592 -0.898334 -0.277869 -2.165272 -1.528586 3.367302 0.197027 2.666250 -0.080927 0.663091 2.365945 0.153159 10.469074 -0.316510 0.287001 3.532664
1 inf -8.788154 -0.896069 -0.263695 -2.157179 -1.562381 3.349618 0.186106 2.665155 -0.086317 0.627980 2.379541 0.162408 10.461039 -0.317929 0.282583 3.550561
1 inf -8.792938 -0.894234 -0.251337 -2.180013 -1.559550 3.343123 0.203350 2.682048 -0.054570 0.597502 2.334451 0.173854 10.462030 -0.353763 0.292165 3.546188
1 inf -8.748436 -0.863218 -0.239936 -2.188339 -1.484878 3.362068 0.212501 2.664294 -0.036828 0.569235 2.375455 0.145119 10.472500 -0.362586 0.275849 3.565977
1 inf -8.760671 -0.896293 -0.204068 -2.206128 -1.497746 3.326811 0.215483 2.637458 -0.034081 0.570304 2.399144 0.162037 10.464670 -0.356405 0.267632 3.597694
1 inf -8.746603 -0.893812 -0.185030 -2.215231 -1.473705 3.360449 0.227719 2.676427 -0.035678 0.561012 2.425883 0.178691 10.483432 -0.389650 0.251603 3.572921
1 inf -8.765102 -0.917801 -0.193692 -2.170248 -1.496570 3.364934 0.235144 2.701210 -0.015467 0.557859 2.451575 0.165874 10.462675 -0.432451 0.264068 3.596433
1 inf -8.780732 -0.903447 -0.142413 -2.167846 -1.540160 3.341410 0.258421 2.703180 0.006016 0.498616 2.439990 0.168912 10.450391 -0.405261 0.262521 3.608809
1 inf -8.793145 -0.893704 -0.100536 -2.148966 -1.531600 3.316607 0.267701 2.678354 0.035777 0.529195 2.442207 0.213749 10.433678 -0.422842 0.273272 3.626254
1 inf -8.783123 -0.876635 -0.072105 -2.164647 -1.545845 3.299565 0.237966 2.675616 0.039641 0.546131 2.473780 0.216284 10.394498 -0.419457 0.287824 3.615059
1 159.7628 -8.815232 -0.844194 -0.050631 -2.177709 -1.518464 3.332850 0.240085 2.718085 0.029879 0.564959 2.509265 0.176606 10.386960 -0.411403 0.291281 3.591576
1 150.44898 -8.782887 -0.867733 -0.008244 -2.193513 -1.517216 3.300945 0.228902 2.737333 0.045690 0.554154 2.521405 0.183021 10.356930 -0.413449 0.272007 3.608272
1 150.44898 -8.782887 -0.867733 -0.008244 -2.193513 -1.517216 3.300945 0.228902 2.737333 0.045690 0.554154 2.521405 0.183021 10.356930 -0.413449 0.272007 3.608272
1 132.0981 -8.752245 -0.815369 -0.010622 -2.188444 -1.522435 3.289729 0.245081 2.794930 0.059501 0.581372 2.546738 0.165534 10.325690 -0.436973 0.284571 3.607436
1 132.0981 -8.752245 -0.815369 -0.010622 -2.188444 -1.522435 3.289729 0.245081 2.794930 0.059501 0.581372 2.546738 0.165534 10.325690 -0.436973 0.284571 3.607436
1 130.25128 -8.768002 -0.755474 0.008731 -2.196351 -1.514922 3.308523 0.263226 2.821622 0.051977 0.572374 2.561008 0.140005 10.314305 -0.415356 0.272144 3.584539
1 126.51891 -8.741058 -0.740732 -0.000933 -2.177788 -1.534372 3.289512 0.263260 2.842221 0.077338 0.608600 2.553181 0.168612 10.298848 -0.427327 0.292925 3.550297
1 125.45907 -8.702867 -0.762603 0.020132 -2.169017 -1.570880 3.303216 0.269332 2.843969 0.047418 0.572028 2.564318 0.163774 10.294307 -0.417288 0.305489 3.565327
1 121.77164 -8.685359 -0.746820 -0.017545 -2.181777 -1.567867 3.322548 0.325942 2.832273 0.033090 0.598914 2.585100 0.176395 10.275838 -0.414203 0.320305 3.577541
1 116.84898 -8.665921 -0.732125 -0.045194 -2.190074 -1.555524 3.337577 0.332672 2.807184 0.062627 0.588933 2.553258 0.146382 10.274266 -0.441831 0.301021 3.597208
1 116.84898 -8.665921 -0.732125 -0.045194 -2.190074 -1.555524 3.337577 0.332672 2.807184 0.062627 0.588933 2.553258 0.146382 10.274266 -0.441831 0.301021 3.597208
1 112.28094 -8.632315 -0.730127 -0.040090 -2.138114 -1.590226 3.367797 0.327105 2.801492 0.067974 0.581974 2.554273 0.141402 10.260194 -0.420594 0.296599 3.581144
1 112.28094 -8.632315 -0.730127 -0.040090 -2.138114 -1.590226 3.367797 0.327105 2.801492 0.067974 0.581974 2.554273 0.141402 10.260194 -0.420594 0.296599 3.581144
1 112.28094 -8.632315 -0.730127 -0.040090 -2.138114 -1.590226 3.367797 0.327105 2.801492 0.067974 0.581974 2.554273 0.141402 10.260194 -0.420594 0.296599 3.581144
1 112.28094 -8.632315 -0.730127 -0.040090 -2.138114 -1.590226 3.367797 0.327105 2.801492 0.067974 0.581974 2.554273 0.141402 10.260194 -0.420594 0.296599 3.581144
1 112.28094 -8.632315 -0.730127 -0.040090 -2.138114 -1.590226 3.367797 0.327105 2.801492 0.067974 0.581974 2.554273 0.141402 10.260194 -0.420594 0.296599 3.581144
1 111.80515 -8.633447 -0.748552 -0.003364 -2.148885 -1.620127 3.371072 0.330557 2.791498 0.097173 0.579441 2.598805 0.140313 10.251753 -0.396396 0.309442 3.568428
1 110.45201 -8.643238 -0.775784 -0.006578 -2.131598 -1.633624 3.352235 0.315840 2.797160 0.080343 0.581507 2.597313 0.124254 10.227473 -0.428823 0.320227 3.562931
1 107.63758 -8.629484 -0.788661 -0.016811 -2.170047 -1.641968 3.366644 0.321745 2.803133 0.082109 0.601361 2.591421 0.109614 10.203635 -0.426525 0.279539 3.570870
1 107.63758 -8.629484 -0.788661 -0.016811 -2.170047 -1.641968 3.366644 0.321745 2.803133 0.082109 0.601361 2.591421 0.109614 10.203635 -0.426525 0.279539 3.570870
1 106.43983 -8.627886 -0.778335 -0.030791 -2.202605 -1.615877 3.376604 0.295239 2.807525 0.120927 0.607597 2.556909 0.109604 10.210383 -0.426676 0.297376 3.579956
1 105.07748 -8.648117 -0.774238 -0.019474 -2.192885 -1.611005 3.410597 0.321869 2.790364 0.128989 0.582010 2.540985 0.108829 10.204588 -0.409198 0.301190 3.545553
1 104.43699 -8.673169 -0.792842 -0.028790 -2.204564 -1.595220 3.388634 0.298869 2.793296 0.114666 0.569173 2.560947 0.097469 10.191823 -0.433192 0.278261 3.578377
1 104.43699 -8.673169 -0.792842 -0.028790 -2.204564 -1.595220 3.388634 0.298869 2.793296 0.114666 0.569173 2.560947 0.097469 10.191823 -0.433192 0.278261 3.578377
1 102.58356 -8.681522 -0.801702 -0.031382 -2.178883 -1.623834 3.397656 0.312050 2.739002 0.132301 0.587336 2.562794 0.107388 10.211129 -0.413761 0.294814 3.591577
1 102.58356 -8.681522 -0.801702 -0.031382 -2.178883 -1.623834 3.397656 0.312050 2.739002 0.132301 0.587336 2.562794 0.107388 10.211129 -0.413761 0.294814 3.591577
1 102.62901 -8.713631 -0.769261 -0.009908 -2.191945 -1.596453 3.430941 0.314169 2.781471 0.122539 0.606164 2.598279 0.067710 10.203591 -0.405707 0.298271 3.568094
1 101.29151 -8.712966 -0.735709 -0.015364 -2.194462 -1.596636 3.470427 0.275233 2.793670 0.110103 0.632254 2.582821 0.055744 10.201958 -0.401310 0.290289 3.582750
1 101.29151 -8.712966 -0.735709 -0.015364 -2.194462 -1.596636 3.470427 0.275233 2.793670 0.110103 0.632254 2.582821 0.055744 10.201958 -0.401310 0.290289 3.582750
1 101.29151 -8.712966 -0.735709 -0.015364 -2.194462 -1.596636 3.470427 0.275233 2.793670 0.110103 0.632254 2.582821 0.055744 10.201958 -0.401310 0.290289 3.582750
1 101.79921 -8.722534 -0.757772 0.032569 -2.177545 -1.584326 3.470322 0.269604 2.786421 0.122549 0.672709 2.601339 0.061467 10.202106 -0.406130 0.301888 3.570198
1 101.79921 -8.722534 -0.757772 0.032569 -2.177545 -1.584326 3.470322 0.269604 2.786421 0.122549 0.672709 2.601339 0.061467 10.202106 -0.406130 0.301888 3.570198
1 100.61629 -8.703578 -0.769587 0.004567 -2.188230 -1.565211 3.473129 0.234645 2.776092 0.140026 0.674638 2.592818 0.016822 10.211029 -0.425302 0.301436 3.558251
1 100.61629 -8.703578 -0.769587 0.004567 -2.188230 -1.565211 3.473129 0.234645 2.776092 0.140026 0.674638 2.592818 0.016822 10.211029 -0.425302 0.301436 3.558251
1 100.61629 -8.703578 -0.769587 0.004567 -2.188230 -1.565211 3.473129 0.234645 2.776092 0.140026 0.674638 2.592818 0.016822 10.211029 -0.425302 0.301436 3.558251
1 101.13115 -8.680161 -0.796789 -0.018894 -2.172744 -1.580418 3.475237 0.228027 2.804002 0.161250 0.663485 2.585385 0.010799 10.146804 -0.426033 0.367229 3.562746
1 101.13115 -8.680161 -0.796789 -0.018894 -2.172744 -1.580418 3.475237 0.228027 2.804002 0.161250 0.663485 2.585385 0.010799 10.146804 -0.426033 0.367229 3.562746
1 99.171068 -8.655438 -0.818055 -0.030644 -2.187998 -1.569757 3.455276 0.220830 2.799369 0.150379 0.721600 2.586518 0.014150 10.129049 -0.389591 0.349168 3.576264
1 99.171068 -8.655438 -0.818055 -0.030644 -2.187998 -1.569757 3.455276 0.220830 2.799369 0.150379 0.721600 2.586518 0.014150 10.129049 -0.389591 0.349168 3.576264
1 99.230376 -8.641836 -0.825764 -0.005466 -2.199833 -1.568132 3.436721 0.229276 2.776324 0.187537 0.717739 2.579833 -0.004332 10.146716 -0.383289 0.339328 3.586480
1 99.230376 -8.641836 -0.825764 -0.005466 -2.199833 -1.568132 3.436721 0.229276 2.776324 0.187537 0.717739 2.579833 -0.004332 10.146716 -0.383289 0.339328 3.586480
1 99.230159 -8.670272 -0.838073 -0.022886 -2.213703 -1.572429 3.473916 0.209647 2.802946 0.187243 0.697130 2.598500 -0.022048 10.155903 -0.359608 0.390138 3.587880
1 99.230159 -8.670272 -0.838073 -0.022886 -2.213703 -1.572429 3.473916 0.209647 2.802946 0.187243 0.697130 2.598500 -0.022048 10.155903 -0.359608 0.390138 3.587880
1 98.355217 -8.688019 -0.825540 -0.049630 -2.253599 -1.584835 3.465247 0.237393 2.792339 0.131113 0.673568 2.593299 -0.031164 10.140001 -0.376653 0.382055 3.582672
1 98.355217 -8.688019 -0.825540 -0.049630 -2.253599 -1.584835 3.465247 0.237393 2.792339 0.131113 0.673568 2.593299 -0.031164 10.140001 -0.376653 0.382055 3.582672
1 98.355217 -8.688019 -0.825540 -0.049630 -2.253599 -1.584835 3.465247 0.237393 2.792339 0.131113 0.673568 2.593299 -0.031164 10.140001 -0.376653 0.382055 3.582672
1 97.920202 -8.645551 -0.835868 -0.068590 -2.253752 -1.594596 3.442411 0.265500 2.793821 0.109254 0.677220 2.588542 -0.040256 10.120248 -0.373619 0.350998 3.561144
1 97.920202 -8.645551 -0.835868 -0.068590 -2.253752 -1.594596 3.442411 0.265500 2.793821 0.109254 0.677220 2.588542 -0.040256 10.120248 -0.373619 0.350998 3.561144
1 97.114639 -8.638000 -0.823785 -0.087835 -2.286925 -1.618103 3.440760 0.284143 2.800007 0.132653 0.634525 2.623335 -0.041032 10.104401 -0.353440 0.345640 3.593876
1 97.114639 -8.638000 -0.823785 -0.087835 -2.286925 -1.618103 3.440760 0.284143 2.800007 0.132653 0.634525 2.623335 -0.041032 10.104401 -0.353440 0.345640 3.593876
1 96.872704 -8.594354 -0.843202 -0.099218 -2.302606 -1.603789 3.444709 0.293157 2.789488 0.111873 0.680513 2.630547 0.001126 10.102570 -0.340501 0.354603 3.573985
1 96.872704 -8.594354 -0.843202 -0.099218 -2.302606 -1.603789 3.444709 0.293157 2.789488 0.111873 0.680513 2.630547 0.001126 10.102570 -0.340501 0.354603 3.573985
1 96.872704 -8.594354 -0.843202 -0.099218 -2.302606 -1.603789 3.444709 0.293157 2.789488 0.111873 0.680513 2.630547 0.001126 10.102570 -0.340501 0.354603 3.573985
1 96.872704 -8.594354 -0.843202 -0.099218 -2.302606 -1.603789 3.444709 0.293157 2.789488 0.111873 0.680513 2.630547 0.001126 10.102570 -0.340501 0.354603 3.573985
1 96.872704 -8.594354 -0.843202 -0.099218 -2.302606 -1.603789 3.444709 0.293157 2.789488 0.111873 0.680513 2.630547 0.001126 10.102570 -0.340501 0.354603 3.573985
1 96.872704 -8.594354 -0.843202 -0.099218 -2.302606 -1.603789 3.444709 0.293157 2.789488 0.111873 0.680513 2.630547 0.001126 10.102570 -0.340501 0.354603 3.573985
1 96.872704 -8.594354 -0.843202 -0.099218 -2.302606 -1.603789 3.444709 0.293157 2.789488 0.111873 0.680513 2.630547 0.001126 10.102570 -0.340501 0.354603 3.573985
1 96.872704 -8.594354 -0.843202 -0.099218 -2.302606 -1.603789 3.444709 0.293157 2.789488 0.111873 0.680513 2.630547 0.001126 10.102570 -0.340501 0.354603 3.573985
1 96.872704 -8.594354 -0.843202 -0.099218 -2.302606 -1.603789 3.444709 0.293157 2.789488 0.111873 0.680513 2.630547 0.001126 10.102570 -0.340501 0.354603 3.573985
1 96.872704 -8.594354 -0.843202 -0.099218 -2.302606 -1.603789 3.444709 0.293157 2.789488 0.111873 0.680513 2.630547 0.001126 10.102570 -0.340501 0.354603 3.573985
1 96.872704 -8.594354 -0.843202 -0.099218 -2.302606 -1.603789 3.444709 0.293157 2.789488 0.111873 0.680513 2.630547 0.001126 10.102570 -0.340501 0.354603 3.573985
1 96.872704 -8.594354 -0.843202 -0.099218 -2.302606 -1.603789 3.444709 0.293157 2.789488 0.111873 0.680513 2.630547 0.001126 10.102570 -0.340501 0.354603 3.573985
1 96.872704 -8.594354 -0.843202 -0.099218 -2.302606 -1.603789 3.444709 0.293157 2.789488 0.111873 0.680513 2.630547 0.001126 10.102570 -0.340501 0.354603 3.573985
1 96.872704 -8.594354 -0.843202 -0.099218 -2.302606 -1.603789 3.444709 0.293157 2.789488 0.111873 0.680513 2.630547 0.001126 10.102570 -0.340501 0.354603 3.573985
1 93.446842 -8.590763 -0.867302 -0.137117 -2.303299 -1.605391 3.469854 0.299391 2.761701 0.126179 0.671597 2.664034 -0.016698 10.100196 -0.315146 0.337207 3.555822
1 93.446842 -8.590763 -0.867302 -0.137117 -2.303299 -1.605391 3.469854 0.299391 2.761701 0.126179 0.671597 2.664034 -0.016698 10.100196 -0.315146 0.337207 3.555822
1 93.446842 -8.590763 -0.867302 -0.137117 -2.303299 -1.605391 3.469854 0.299391 2.761701 0.126179 0.671597 2.664034 -0.016698 10.100196 -0.315146 0.337207 3.555822
1 93.446842 -8.590763 -0.867302 -0.137117 -2.303299 -1.605391 3.469854 0.299391 2.761701 0.126179 0.671597 2.664034 -0.016698 10.100196 -0.315146 0.337207 3.555822
1 93.446842 -8.590763 -0.867302 -0.137117 -2.303299 -1.605391 3.469854 0.299391 2.761701 0.126179 0.671597 2.664034 -0.016698 10.100196 -0.315146 0.337207 3.555822
1 93.446842 -8.590763 -0.867302 -0.137117 -2.303299 -1.605391 3.469854 0.299391 2.761701 0.126179 0.671597 2.664034 -0.016698 10.100196 -0.315146 0.337207 3.555822
1 93.446842 -8.590763 -0.867302 -0.137117 -2.303299 -1.605391 3.469854 0.299391 2.761701 0.126179 0.671597 2.664034 -0.016698 10.100196 -0.315146 0.337207 3.555822
1 93.446842 -8.590763 -0.867302 -0.137117 -2.303299 -1.605391 3.469854 0.299391 2.761701 0.126179 0.671597 2.664034 -0.016698 10.100196 -0.315146 0.337207 3.555822
1 93.446842 -8.590763 -0.867302 -0.137117 -2.303299 -1.605391 3.469854 0.299391 2.761701 0.126179 0.671597 2.664034 -0.016698 10.100196 -0.315146 0.337207 3.555822
1 93.446842 -8.590763 -0.867302 -0.137117 -2.303299 -1.605391 3.469854 0.299391 2.761701 0.126179 0.671597 2.664034 -0.016698 10.100196 -0.315146 0.337207 3.555822
1 93.446842 -8.590763 -0.867302 -0.137117 -2.303299 -1.605391 3.469854 0.299391 2.761701 0.126179 0.671597 2.664034 -0.016698 10.100196 -0.315146 0.337207 3.555822
1 93.446842 -8.590763 -0.867302 -0.137117 -2.303299 -1.605391 3.469854 0.299391 2.761701 0.126179 0.671597 2.664034 -0.016698 10.100196 -0.315146 0.337207 3.555822
1 93.446842 -8.590763 -0.867302 -0.137117 -2.303299 -1.605391 3.469854 0.299391 2.761701 0.126179 0.671597 2.664034 -0.016698 10.100196 -0.315146 0.337207 3.555822
1 93.446842 -8.590763 -0.867302 -0.137117 -2.303299 -1.605391 3.469854 0.299391 2.761701 0.126179 0.671597 2.664034 -0.016698 10.100196 -0.315146 0.337207 3.555822
