1 151.56937 -8.746083 -0.940796 -0.306605 -2.249883 -1.386195 3.401070 0.196330 2.542708 0.132816 0.618686 2.340076 0.170034 10.503123 -0.729712 -0.302918 0.189664 3.663168
1 151.56937 -8.746083 -0.940796 -0.306605 -2.249883 -1.386195 3.401070 0.196330 2.542708 0.132816 0.618686 2.340076 0.170034 10.503123 -0.729712 -0.302918 0.189664 3.663168
1 151.56937 -8.746083 -0.940796 -0.306605 -2.249883 -1.386195 3.401070 0.196330 2.542708 0.132816 0.618686 2.340076 0.170034 10.503123 -0.729712 -0.302918 0.189664 3.663168
1 151.56937 -8.746083 -0.940796 -0.306605 -2.249883 -1.386195 3.401070 0.196330 2.542708 0.132816 0.618686 2.340076 0.170034 10.503123 -0.729712 -0.302918 0.189664 3.663168
1 151.56937 -8.746083 -0.940796 -0.306605 -2.249883 -1.386195 3.401070 0.196330 2.542708 0.132816 0.618686 2.340076 0.170034 10.503123 -0.729712 -0.302918 0.189664 3.663168
1 129.44653 -8.731978 -0.927839 -0.311938 -2.254958 -1.401929 3.342523 0.186964 2.545663 0.103783 0.655950 2.321763 0.131487 10.482884 -0.713460 -0.322915 0.182739 3.629712
1 126.1377 -8.724285 -0.926594 -0.293065 -2.270034 -1.378064 3.340305 0.158975 2.543287 0.104480 0.628105 2.317536 0.135496 10.475138 -0.703537 -0.303360 0.187547 3.615961
1 126.1377 -8.724285 -0.926594 -0.293065 -2.270034 -1.378064 3.340305 0.158975 2.543287 0.104480 0.628105 2.317536 0.135496 10.475138 -0.703537 -0.303360 0.187547 3.615961
1 126.1377 -8.724285 -0.926594 -0.293065 -2.270034 -1.378064 3.340305 0.158975 2.543287 0.104480 0.628105 2.317536 0.135496 10.475138 -0.703537 -0.303360 0.187547 3.615961
1 126.1377 -8.724285 -0.926594 -0.293065 -2.270034 -1.378064 3.340305 0.158975 2.543287 0.104480 0.628105 2.317536 0.135496 10.475138 -0.703537 -0.303360 0.187547 3.615961
1 126.1377 -8.724285 -0.926594 -0.293065 -2.270034 -1.378064 3.340305 0.158975 2.543287 0.104480 0.628105 2.317536 0.135496 10.475138 -0.703537 -0.303360 0.187547 3.615961
1 126.1377 -8.724285 -0.926594 -0.293065 -2.270034 -1.378064 3.340305 0.158975 2.543287 0.104480 0.628105 2.317536 0.135496 10.475138 -0.703537 -0.303360 0.187547 3.615961
1 126.1377 -8.724285 -0.926594 -0.293065 -2.270034 -1.378064 3.340305 0.158975 2.543287 0.104480 0.628105 2.317536 0.135496 10.475138 -0.703537 -0.303360 0.187547 3.615961
1 126.1377 -8.724285 -0.926594 -0.293065 -2.270034 -1.378064 3.340305 0.158975 2.543287 0.104480 0.628105 2.317536 0.135496 10.475138 -0.703537 -0.303360 0.187547 3.615961
1 126.1377 -8.724285 -0.926594 -0.293065 -2.270034 -1.378064 3.340305 0.158975 2.543287 0.104480 0.628105 2.317536 0.135496 10.475138 -0.703537 -0.303360 0.187547 3.615961
1 126.1377 -8.724285 -0.926594 -0.293065 -2.270034 -1.378064 3.340305 0.158975 2.543287 0.104480 0.628105 2.317536 0.135496 10.475138 -0.703537 -0.303360 0.187547 3.615961
1 126.1377 -8.724285 -0.926594 -0.293065 -2.270034 -1.378064 3.340305 0.158975 2.543287 0.104480 0.628105 2.317536 0.135496 10.475138 -0.703537 -0.303360 0.187547 3.615961
1 126.00775 -8.717512 -0.906899 -0.277924 -2.266412 -1.382338 3.338326 0.148592 2.547933 0.132029 0.658814 2.323454 0.128756 10.438852 -0.693262 -0.315447 0.188710 3.615504
1 126.00775 -8.717512 -0.906899 -0.277924 -2.266412 -1.382338 3.338326 0.148592 2.547933 0.132029 0.658814 2.323454 0.128756 10.438852 -0.693262 -0.315447 0.188710 3.615504
1 126.00775 -8.717512 -0.906899 -0.277924 -2.266412 -1.382338 3.338326 0.148592 2.547933 0.132029 0.658814 2.323454 0.128756 10.438852 -0.693262 -0.315447 0.188710 3.615504
1 126.00775 -8.717512 -0.906899 -0.277924 -2.266412 -1.382338 3.338326 0.148592 2.547933 0.132029 0.658814 2.323454 0.128756 10.438852 -0.693262 -0.315447 0.188710 3.615504
1 126.00775 -8.717512 -0.906899 -0.277924 -2.266412 -1.382338 3.338326 0.148592 2.547933 0.132029 0.658814 2.323454 0.128756 10.438852 -0.693262 -0.315447 0.188710 3.615504
1 126.00775 -8.717512 -0.906899 -0.277924 -2.266412 -1.382338 3.338326 0.148592 2.547933 0.132029 0.658814 2.323454 0.128756 10.438852 -0.693262 -0.315447 0.188710 3.615504
1 121.55245 -8.720446 -0.889418 -0.284971 -2.256957 -1.391037 3.324621 0.138893 2.536276 0.141102 0.674392 2.349957 0.174408 10.440764 -0.687271 -0.310308 0.189019 3.620290
1 121.55245 -8.720446 -0.889418 -0.284971 -2.256957 -1.391037 3.324621 0.138893 2.536276 0.141102 0.674392 2.349957 0.174408 10.440764 -0.687271 -0.310308 0.189019 3.620290
1 121.55245 -8.720446 -0.889418 -0.284971 -2.256957 -1.391037 3.324621 0.138893 2.536276 0.141102 0.674392 2.349957 0.174408 10.440764 -0.687271 -0.310308 0.189019 3.620290
1 121.55245 -8.720446 -0.889418 -0.284971 -2.256957 -1.391037 3.324621 0.138893 2.536276 0.141102 0.674392 2.349957 0.174408 10.440764 -0.687271 -0.310308 0.189019 3.620290
1 121.55245 -8.720446 -0.889418 -0.284971 -2.256957 -1.391037 3.324621 0.138893 2.536276 0.141102 0.674392 2.349957 0.174408 10.440764 -0.687271 -0.310308 0.189019 3.620290
1 121.55245 -8.720446 -0.889418 -0.284971 -2.256957 -1.391037 3.324621 0.138893 2.536276 0.141102 0.674392 2.349957 0.174408 10.440764 -0.687271 -0.310308 0.189019 3.620290
1 121.55245 -8.720446 -0.889418 -0.284971 -2.256957 -1.391037 3.324621 0.138893 2.536276 0.141102 0.674392 2.349957 0.174408 10.440764 -0.687271 -0.310308 0.189019 3.620290
1 121.55245 -8.720446 -0.889418 -0.284971 -2.256957 -1.391037 3.324621 0.138893 2.536276 0.141102 0.674392 2.349957 0.174408 10.440764 -0.687271 -0.310308 0.189019 3.620290
1 121.55245 -8.720446 -0.889418 -0.284971 -2.256957 -1.391037 3.324621 0.138893 2.536276 0.141102 0.674392 2.349957 0.174408 10.440764 -0.687271 -0.310308 0.189019 3.620290
1 121.55245 -8.720446 -0.889418 -0.284971 -2.256957 -1.391037 3.324621 0.138893 2.536276 0.141102 0.674392 2.349957 0.174408 10.440764 -0.687271 -0.310308 0.189019 3.620290
1 121.55245 -8.720446 -0.889418 -0.284971 -2.256957 -1.391037 3.324621 0.138893 2.536276 0.141102 0.674392 2.349957 0.174408 10.440764 -0.687271 -0.310308 0.189019 3.620290
1 121.55245 -8.720446 -0.889418 -0.284971 -2.256957 -1.391037 3.324621 0.138893 2.536276 0.141102 0.674392 2.349957 0.174408 10.440764 -0.687271 -0.310308 0.189019 3.620290
1 121.55245 -8.720446 -0.889418 -0.284971 -2.256957 -1.391037 3.324621 0.138893 2.536276 0.141102 0.674392 2.349957 0.174408 10.440764 -0.687271 -0.310308 0.189019 3.620290
1 121.55245 -8.720446 -0.889418 -0.284971 -2.256957 -1.391037 3.324621 0.138893 2.536276 0.141102 0.674392 2.349957 0.174408 10.440764 -0.687271 -0.310308 0.189019 3.620290
1 121.55245 -8.720446 -0.889418 -0.284971 -2.256957 -1.391037 3.324621 0.138893 2.536276 0.141102 0.674392 2.349957 0.174408 10.440764 -0.687271 -0.310308 0.189019 3.620290
1 121.55245 -8.720446 -0.889418 -0.284971 -2.256957 -1.391037 3.324621 0.138893 2.536276 0.141102 0.674392 2.349957 0.174408 10.440764 -0.687271 -0.310308 0.189019 3.620290
1 121.55245 -8.720446 -0.889418 -0.284971 -2.256957 -1.391037 3.324621 0.138893 2.536276 0.141102 0.674392 2.349957 0.174408 10.440764 -0.687271 -0.310308 0.189019 3.620290
1 121.55245 -8.720446 -0.889418 -0.284971 -2.256957 -1.391037 3.324621 0.138893 2.536276 0.141102 0.674392 2.349957 0.174408 10.440764 -0.687271 -0.310308 0.189019 3.620290
1 121.55245 -8.720446 -0.889418 -0.284971 -2.256957 -1.391037 3.324621 0.138893 2.536276 0.141102 0.674392 2.349957 0.174408 10.440764 -0.687271 -0.310308 0.189019 3.620290
1 121.55245 -8.720446 -0.889418 -0.284971 -2.256957 -1.391037 3.324621 0.138893 2.536276 0.141102 0.674392 2.349957 0.174408 10.440764 -0.687271 -0.310308 0.189019 3.620290
1 121.59764 -8.714763 -0.889191 -0.246351 -2.231991 -1.428778 3.320155 0.177310 2.499583 0.141754 0.660568 2.346075 0.171390 10.420023 -0.696509 -0.277807 0.216743 3.627982
1 121.59764 -8.714763 -0.889191 -0.246351 -2.231991 -1.428778 3.320155 0.177310 2.499583 0.141754 0.660568 2.346075 0.171390 10.420023 -0.696509 -0.277807 0.216743 3.627982
1 121.59764 -8.714763 -0.889191 -0.246351 -2.231991 -1.428778 3.320155 0.177310 2.499583 0.141754 0.660568 2.346075 0.171390 10.420023 -0.696509 -0.277807 0.216743 3.627982
1 121.59764 -8.714763 -0.889191 -0.246351 -2.231991 -1.428778 3.320155 0.177310 2.499583 0.141754 0.660568 2.346075 0.171390 10.420023 -0.696509 -0.277807 0.216743 3.627982
1 121.59764 -8.714763 -0.889191 -0.246351 -2.231991 -1.428778 3.320155 0.177310 2.499583 0.141754 0.660568 2.346075 0.171390 10.420023 -0.696509 -0.277807 0.216743 3.627982
1 121.59764 -8.714763 -0.889191 -0.246351 -2.231991 -1.428778 3.320155 0.177310 2.499583 0.141754 0.660568 2.346075 0.171390 10.420023 -0.696509 -0.277807 0.216743 3.627982
1 121.59764 -8.714763 -0.889191 -0.246351 -2.231991 -1.428778 3.320155 0.177310 2.499583 0.141754 0.660568 2.346075 0.171390 10.420023 -0.696509 -0.277807 0.216743 3.627982
1 121.59764 -8.714763 -0.889191 -0.246351 -2.231991 -1.428778 3.320155 0.177310 2.499583 0.141754 0.660568 2.346075 0.171390 10.420023 -0.696509 -0.277807 0.216743 3.627982
1 121.59764 -8.714763 -0.889191 -0.246351 -2.231991 -1.428778 3.320155 0.177310 2.499583 0.141754 0.660568 2.346075 0.171390 10.420023 -0.696509 -0.277807 0.216743 3.627982
1 121.59764 -8.714763 -0.889191 -0.246351 -2.231991 -1.428778 3.320155 0.177310 2.499583 0.141754 0.660568 2.346075 0.171390 10.420023 -0.696509 -0.277807 0.216743 3.627982
1 121.59764 -8.714763 -0.889191 -0.246351 -2.231991 -1.428778 3.320155 0.177310 2.499583 0.141754 0.660568 2.346075 0.171390 10.420023 -0.696509 -0.277807 0.216743 3.627982
1 121.59764 -8.714763 -0.889191 -0.246351 -2.231991 -1.428778 3.320155 0.177310 2.499583 0.141754 0.660568 2.346075 0.171390 10.420023 -0.696509 -0.277807 0.216743 3.627982
1 121.59764 -8.714763 -0.889191 -0.246351 -2.231991 -1.428778 3.320155 0.177310 2.499583 0.141754 0.660568 2.346075 0.171390 10.420023 -0.696509 -0.277807 0.216743 3.627982
1 121.59764 -8.714763 -0.889191 -0.246351 -2.231991 -1.428778 3.320155 0.177310 2.499583 0.141754 0.660568 2.346075 0.171390 10.420023 -0.696509 -0.277807 0.216743 3.627982
1 121.59764 -8.714763 -0.889191 -0.246351 -2.231991 -1.428778 3.320155 0.177310 2.499583 0.141754 0.660568 2.346075 0.171390 10.420023 -0.696509 -0.277807 0.216743 3.627982
1 121.59764 -8.714763 -0.889191 -0.246351 -2.231991 -1.428778 3.320155 0.177310 2.499583 0.141754 0.660568 2.346075 0.171390 10.420023 -0.696509 -0.277807 0.216743 3.627982
1 121.59764 -8.714763 -0.889191 -0.246351 -2.231991 -1.428778 3.320155 0.177310 2.499583 0.141754 0.660568 2.346075 0.171390 10.420023 -0.696509 -0.277807 0.216743 3.627982
1 121.59764 -8.714763 -0.889191 -0.246351 -2.231991 -1.428778 3.320155 0.177310 2.499583 0.141754 0.660568 2.346075 0.171390 10.420023 -0.696509 -0.277807 0.216743 3.627982
1 121.59764 -8.714763 -0.889191 -0.246351 -2.231991 -1.428778 3.320155 0.177310 2.499583 0.141754 0.660568 2.346075 0.171390 10.420023 -0.696509 -0.277807 0.216743 3.627982
1 121.59764 -8.714763 -0.889191 -0.246351 -2.231991 -1.428778 3.320155 0.177310 2.499583 0.141754 0.660568 2.346075 0.171390 10.420023 -0.696509 -0.277807 0.216743 3.627982
1 121.59764 -8.714763 -0.889191 -0.246351 -2.231991 -1.428778 3.320155 0.177310 2.499583 0.141754 0.660568 2.346075 0.171390 10.420023 -0.696509 -0.277807 0.216743 3.627982
1 121.59764 -8.714763 -0.889191 -0.246351 -2.231991 -1.428778 3.320155 0.177310 2.499583 0.141754 0.660568 2.346075 0.171390 10.420023 -0.696509 -0.277807 0.216743 3.627982
1 121.59764 -8.714763 -0.889191 -0.246351 -2.231991 -1.428778 3.320155 0.177310 2.499583 0.141754 0.660568 2.346075 0.171390 10.420023 -0.696509 -0.277807 0.216743 3.627982
1 121.59764 -8.714763 -0.889191 -0.246351 -2.231991 -1.428778 3.320155 0.177310 2.499583 0.141754 0.660568 2.346075 0.171390 10.420023 -0.696509 -0.277807 0.216743 3.627982
1 121.59764 -8.714763 -0.889191 -0.246351 -2.231991 -1.428778 3.320155 0.177310 2.499583 0.141754 0.660568 2.346075 0.171390 10.420023 -0.696509 -0.277807 0.216743 3.627982
1 121.59764 -8.714763 -0.889191 -0.246351 -2.231991 -1.428778 3.320155 0.177310 2.499583 0.141754 0.660568 2.346075 0.171390 10.420023 -0.696509 -0.277807 0.216743 3.627982
1 121.59764 -8.714763 -0.889191 -0.246351 -2.231991 -1.428778 3.320155 0.177310 2.499583 0.141754 0.660568 2.346075 0.171390 10.420023 -0.696509 -0.277807 0.216743 3.627982
1 121.59764 -8.714763 -0.889191 -0.246351 -2.231991 -1.428778 3.320155 0.177310 2.499583 0.141754 0.660568 2.346075 0.171390 10.420023 -0.696509 -0.277807 0.216743 3.627982
1 121.59764 -8.714763 -0.889191 -0.246351 -2.231991 -1.428778 3.320155 0.177310 2.499583 0.141754 0.660568 2.346075 0.171390 10.420023 -0.696509 -0.277807 0.216743 3.627982
1 121.59764 -8.714763 -0.889191 -0.246351 -2.231991 -1.428778 3.320155 0.177310 2.499583 0.141754 0.660568 2.346075 0.171390 10.420023 -0.696509 -0.277807 0.216743 3.627982
1 121.59764 -8.714763 -0.889191 -0.246351 -2.231991 -1.428778 3.320155 0.177310 2.499583 0.141754 0.660568 2.346075 0.171390 10.420023 -0.696509 -0.277807 0.216743 3.627982
1 121.59764 -8.714763 -0.889191 -0.246351 -2.231991 -1.428778 3.320155 0.177310 2.499583 0.141754 0.660568 2.346075 0.171390 10.420023 -0.696509 -0.277807 0.216743 3.627982
1 121.59764 -8.714763 -0.889191 -0.246351 -2.231991 -1.428778 3.320155 0.177310 2.499583 0.141754 0.660568 2.346075 0.171390 10.420023 -0.696509 -0.277807 0.216743 3.627982
1 121.59764 -8.714763 -0.889191 -0.246351 -2.231991 -1.428778 3.320155 0.177310 2.499583 0.141754 0.660568 2.346075 0.171390 10.420023 -0.696509 -0.277807 0.216743 3.627982
1 121.59764 -8.714763 -0.889191 -0.246351 -2.231991 -1.428778 3.320155 0.177310 2.499583 0.141754 0.660568 2.346075 0.171390 10.420023 -0.696509 -0.277807 0.216743 3.627982
1 121.59764 -8.714763 -0.889191 -0.246351 -2.231991 -1.428778 3.320155 0.177310 2.499583 0.141754 0.660568 2.346075 0.171390 10.420023 -0.696509 -0.277807 0.216743 3.627982
1 121.59764 -8.714763 -0.889191 -0.246351 -2.231991 -1.428778 3.320155 0.177310 2.499583 0.141754 0.660568 2.346075 0.171390 10.420023 -0.696509 -0.277807 0.216743 3.627982
1 121.59764 -8.714763 -0.889191 -0.246351 -2.231991 -1.428778 3.320155 0.177310 2.499583 0.141754 0.660568 2.346075 0.171390 10.420023 -0.696509 -0.277807 0.216743 3.627982
1 121.59764 -8.714763 -0.889191 -0.246351 -2.231991 -1.428778 3.320155 0.177310 2.499583 0.141754 0.660568 2.346075 0.171390 10.420023 -0.696509 -0.277807 0.216743 3.627982
1 121.59764 -8.714763 -0.889191 -0.246351 -2.231991 -1.428778 3.320155 0.177310 2.499583 0.141754 0.660568 2.346075 0.171390 10.420023 -0.696509 -0.277807 0.216743 3.627982
1 121.59764 -8.714763 -0.889191 -0.246351 -2.231991 -1.428778 3.320155 0.177310 2.499583 0.141754 0.660568 2.346075 0.171390 10.420023 -0.696509 -0.277807 0.216743 3.627982
1 121.59764 -8.714763 -0.889191 -0.246351 -2.231991 -1.428778 3.320155 0.177310 2.499583 0.141754 0.660568 2.346075 0.171390 10.420023 -0.696509 -0.277807 0.216743 3.627982
1 121.59764 -8.714763 -0.889191 -0.246351 -2.231991 -1.428778 3.320155 0.177310 2.499583 0.141754 0.660568 2.346075 0.171390 10.420023 -0.696509 -0.277807 0.216743 3.627982
1 121.59764 -8.714763 -0.889191 -0.246351 -2.231991 -1.428778 3.320155 0.177310 2.499583 0.141754 0.660568 2.346075 0.171390 10.420023 -0.696509 -0.277807 0.216743 3.627982
1 121.59764 -8.714763 -0.889191 -0.246351 -2.231991 -1.428778 3.320155 0.177310 2.499583 0.141754 0.660568 2.346075 0.171390 10.420023 -0.696509 -0.277807 0.216743 3.627982
1 121.59764 -8.714763 -0.889191 -0.246351 -2.231991 -1.428778 3.320155 0.177310 2.499583 0.141754 0.660568 2.346075 0.171390 10.420023 -0.696509 -0.277807 0.216743 3.627982
1 121.59764 -8.714763 -0.889191 -0.246351 -2.231991 -1.428778 3.320155 0.177310 2.499583 0.141754 0.660568 2.346075 0.171390 10.420023 -0.696509 -0.277807 0.216743 3.627982
1 121.59764 -8.714763 -0.889191 -0.246351 -2.231991 -1.428778 3.320155 0.177310 2.499583 0.141754 0.660568 2.346075 0.171390 10.420023 -0.696509 -0.277807 0.216743 3.627982
1 121.59764 -8.714763 -0.889191 -0.246351 -2.231991 -1.428778 3.320155 0.177310 2.499583 0.141754 0.660568 2.346075 0.171390 10.420023 -0.696509 -0.277807 0.216743 3.627982
1 121.59764 -8.714763 -0.889191 -0.246351 -2.231991 -1.428778 3.320155 0.177310 2.499583 0.141754 0.660568 2.346075 0.171390 10.420023 -0.696509 -0.277807 0.216743 3.627982
1 121.59764 -8.714763 -0.889191 -0.246351 -2.231991 -1.428778 3.320155 0.177310 2.499583 0.141754 0.660568 2.346075 0.171390 10.420023 -0.696509 -0.277807 0.216743 3.627982
1 121.59764 -8.714763 -0.889191 -0.246351 -2.231991 -1.428778 3.320155 0.177310 2.499583 0.141754 0.660568 2.346075 0.171390 10.420023 -0.696509 -0.277807 0.216743 3.627982
1 121.59764 -8.714763 -0.889191 -0.246351 -2.231991 -1.428778 3.320155 0.177310 2.499583 0.141754 0.660568 2.346075 0.171390 10.420023 -0.696509 -0.277807 0.216743 3.627982
1 121.59764 -8.714763 -0.889191 -0.246351 -2.231991 -1.428778 3.320155 0.177310 2.499583 0.141754 0.660568 2.346075 0.171390 10.420023 -0.696509 -0.277807 0.216743 3.627982
1 121.59764 -8.714763 -0.889191 -0.246351 -2.231991 -1.428778 3.320155 0.177310 2.499583 0.141754 0.660568 2.346075 0.171390 10.420023 -0.696509 -0.277807 0.216743 3.627982
1 121.59764 -8.714763 -0.889191 -0.246351 -2.231991 -1.428778 3.320155 0.177310 2.499583 0.141754 0.660568 2.346075 0.171390 10.420023 -0.696509 -0.277807 0.216743 3.627982
1 121.59764 -8.714763 -0.889191 -0.246351 -2.231991 -1.428778 3.320155 0.177310 2.499583 0.141754 0.660568 2.346075 0.171390 10.420023 -0.696509 -0.277807 0.216743 3.627982
1 121.59764 -8.714763 -0.889191 -0.246351 -2.231991 -1.428778 3.320155 0.177310 2.499583 0.141754 0.660568 2.346075 0.171390 10.420023 -0.696509 -0.277807 0.216743 3.627982
1 121.59764 -8.714763 -0.889191 -0.246351 -2.231991 -1.428778 3.320155 0.177310 2.499583 0.141754 0.660568 2.346075 0.171390 10.420023 -0.696509 -0.277807 0.216743 3.627982
1 121.59764 -8.714763 -0.889191 -0.246351 -2.231991 -1.428778 3.320155 0.177310 2.499583 0.141754 0.660568 2.346075 0.171390 10.420023 -0.696509 -0.277807 0.216743 3.627982
1 121.59764 -8.714763 -0.889191 -0.246351 -2.231991 -1.428778 3.320155 0.177310 2.499583 0.141754 0.660568 2.346075 0.171390 10.420023 -0.696509 -0.277807 0.216743 3.627982
1 121.59764 -8.714763 -0.889191 -0.246351 -2.231991 -1.428778 3.320155 0.177310 2.499583 0.141754 0.660568 2.346075 0.171390 10.420023 -0.696509 -0.277807 0.216743 3.627982
1 121.59764 -8.714763 -0.889191 -0.246351 -2.231991 -1.428778 3.320155 0.177310 2.499583 0.141754 0.660568 2.346075 0.171390 10.420023 -0.696509 -0.277807 0.216743 3.627982
1 121.59764 -8.714763 -0.889191 -0.246351 -2.231991 -1.428778 3.320155 0.177310 2.499583 0.141754 0.660568 2.346075 0.171390 10.420023 -0.696509 -0.277807 0.216743 3.627982
1 121.59764 -8.714763 -0.889191 -0.246351 -2.231991 -1.428778 3.320155 0.177310 2.499583 0.141754 0.660568 2.346075 0.171390 10.420023 -0.696509 -0.277807 0.216743 3.627982
1 121.59764 -8.714763 -0.889191 -0.246351 -2.231991 -1.428778 3.320155 0.177310 2.499583 0.141754 0.660568 2.346075 0.171390 10.420023 -0.696509 -0.277807 0.216743 3.627982
1 121.59764 -8.714763 -0.889191 -0.246351 -2.231991 -1.428778 3.320155 0.177310 2.499583 0.141754 0.660568 2.346075 0.171390 10.420023 -0.696509 -0.277807 0.216743 3.627982
1 121.59764 -8.714763 -0.889191 -0.246351 -2.231991 -1.428778 3.320155 0.177310 2.499583 0.141754 0.660568 2.346075 0.171390 10.420023 -0.696509 -0.277807 0.216743 3.627982
1 121.59764 -8.714763 -0.889191 -0.246351 -2.231991 -1.428778 3.320155 0.177310 2.499583 0.141754 0.660568 2.346075 0.171390 10.420023 -0.696509 -0.277807 0.216743 3.627982
1 121.59764 -8.714763 -0.889191 -0.246351 -2.231991 -1.428778 3.320155 0.177310 2.499583 0.141754 0.660568 2.346075 0.171390 10.420023 -0.696509 -0.277807 0.216743 3.627982
1 121.59764 -8.714763 -0.889191 -0.246351 -2.231991 -1.428778 3.320155 0.177310 2.499583 0.141754 0.660568 2.346075 0.171390 10.420023 -0.696509 -0.277807 0.216743 3.627982
1 121.59764 -8.714763 -0.889191 -0.246351 -2.231991 -1.428778 3.320155 0.177310 2.499583 0.141754 0.660568 2.346075 0.171390 10.420023 -0.696509 -0.277807 0.216743 3.627982
1 121.59764 -8.714763 -0.889191 -0.246351 -2.231991 -1.428778 3.320155 0.177310 2.499583 0.141754 0.660568 2.346075 0.171390 10.420023 -0.696509 -0.277807 0.216743 3.627982
1 121.59764 -8.714763 -0.889191 -0.246351 -2.231991 -1.428778 3.320155 0.177310 2.499583 0.141754 0.660568 2.346075 0.171390 10.420023 -0.696509 -0.277807 0.216743 3.627982
1 121.59764 -8.714763 -0.889191 -0.246351 -2.231991 -1.428778 3.320155 0.177310 2.499583 0.141754 0.660568 2.346075 0.171390 10.420023 -0.696509 -0.277807 0.216743 3.627982
1 121.59764 -8.714763 -0.889191 -0.246351 -2.231991 -1.428778 3.320155 0.177310 2.499583 0.141754 0.660568 2.346075 0.171390 10.420023 -0.696509 -0.277807 0.216743 3.627982
1 121.59764 -8.714763 -0.889191 -0.246351 -2.231991 -1.428778 3.320155 0.177310 2.499583 0.141754 0.660568 2.346075 0.171390 10.420023 -0.696509 -0.277807 0.216743 3.627982
1 121.59764 -8.714763 -0.889191 -0.246351 -2.231991 -1.428778 3.320155 0.177310 2.499583 0.141754 0.660568 2.346075 0.171390 10.420023 -0.696509 -0.277807 0.216743 3.627982
1 121.59764 -8.714763 -0.889191 -0.246351 -2.231991 -1.428778 3.320155 0.177310 2.499583 0.141754 0.660568 2.346075 0.171390 10.420023 -0.696509 -0.277807 0.216743 3.627982
1 121.59764 -8.714763 -0.889191 -0.246351 -2.231991 -1.428778 3.320155 0.177310 2.499583 0.141754 0.660568 2.346075 0.171390 10.420023 -0.696509 -0.277807 0.216743 3.627982
1 121.59764 -8.714763 -0.889191 -0.246351 -2.231991 -1.428778 3.320155 0.177310 2.499583 0.141754 0.660568 2.346075 0.171390 10.420023 -0.696509 -0.277807 0.216743 3.627982
1 121.59764 -8.714763 -0.889191 -0.246351 -2.231991 -1.428778 3.320155 0.177310 2.499583 0.141754 0.660568 2.346075 0.171390 10.420023 -0.696509 -0.277807 0.216743 3.627982
1 121.59764 -8.714763 -0.889191 -0.246351 -2.231991 -1.428778 3.320155 0.177310 2.499583 0.141754 0.660568 2.346075 0.171390 10.420023 -0.696509 -0.277807 0.216743 3.627982
1 121.59764 -8.714763 -0.889191 -0.246351 -2.231991 -1.428778 3.320155 0.177310 2.499583 0.141754 0.660568 2.346075 0.171390 10.420023 -0.696509 -0.277807 0.216743 3.627982
1 121.59764 -8.714763 -0.889191 -0.246351 -2.231991 -1.428778 3.320155 0.177310 2.499583 0.141754 0.660568 2.346075 0.171390 10.420023 -0.696509 -0.277807 0.216743 3.627982
1 121.59764 -8.714763 -0.889191 -0.246351 -2.231991 -1.428778 3.320155 0.177310 2.499583 0.141754 0.660568 2.346075 0.171390 10.420023 -0.696509 -0.277807 0.216743 3.627982
1 121.59764 -8.714763 -0.889191 -0.246351 -2.231991 -1.428778 3.320155 0.177310 2.499583 0.141754 0.660568 2.346075 0.171390 10.420023 -0.696509 -0.277807 0.216743 3.627982
1 121.59764 -8.714763 -0.889191 -0.246351 -2.231991 -1.428778 3.320155 0.177310 2.499583 0.141754 0.660568 2.346075 0.171390 10.420023 -0.696509 -0.277807 0.216743 3.627982
1 121.59764 -8.714763 -0.889191 -0.246351 -2.231991 -1.428778 3.320155 0.177310 2.499583 0.141754 0.660568 2.346075 0.171390 10.420023 -0.696509 -0.277807 0.216743 3.627982
1 121.59764 -8.714763 -0.889191 -0.246351 -2.231991 -1.428778 3.320155 0.177310 2.499583 0.141754 0.660568 2.346075 0.171390 10.420023 -0.696509 -0.277807 0.216743 3.627982
1 121.59764 -8.714763 -0.889191 -0.246351 -2.231991 -1.428778 3.320155 0.177310 2.499583 0.141754 0.660568 2.346075 0.171390 10.420023 -0.696509 -0.277807 0.216743 3.627982
1 121.59764 -8.714763 -0.889191 -0.246351 -2.231991 -1.428778 3.320155 0.177310 2.499583 0.141754 0.660568 2.346075 0.171390 10.420023 -0.696509 -0.277807 0.216743 3.627982
1 121.59764 -8.714763 -0.889191 -0.246351 -2.231991 -1.428778 3.320155 0.177310 2.499583 0.141754 0.660568 2.346075 0.171390 10.420023 -0.696509 -0.277807 0.216743 3.627982
1 121.59764 -8.714763 -0.889191 -0.246351 -2.231991 -1.428778 3.320155 0.177310 2.499583 0.141754 0.660568 2.346075 0.171390 10.420023 -0.696509 -0.277807 0.216743 3.627982
1 121.59764 -8.714763 -0.889191 -0.246351 -2.231991 -1.428778 3.320155 0.177310 2.499583 0.141754 0.660568 2.346075 0.171390 10.420023 -0.696509 -0.277807 0.216743 3.627982
1 121.59764 -8.714763 -0.889191 -0.246351 -2.231991 -1.428778 3.320155 0.177310 2.499583 0.141754 0.660568 2.346075 0.171390 10.420023 -0.696509 -0.277807 0.216743 3.627982
1 121.59764 -8.714763 -0.889191 -0.246351 -2.231991 -1.428778 3.320155 0.177310 2.499583 0.141754 0.660568 2.346075 0.171390 10.420023 -0.696509 -0.277807 0.216743 3.627982
1 121.59764 -8.714763 -0.889191 -0.246351 -2.231991 -1.428778 3.320155 0.177310 2.499583 0.141754 0.660568 2.346075 0.171390 10.420023 -0.696509 -0.277807 0.216743 3.627982
1 121.59764 -8.714763 -0.889191 -0.246351 -2.231991 -1.428778 3.320155 0.177310 2.499583 0.141754 0.660568 2.346075 0.171390 10.420023 -0.696509 -0.277807 0.216743 3.627982
1 121.59764 -8.714763 -0.889191 -0.246351 -2.231991 -1.428778 3.320155 0.177310 2.499583 0.141754 0.660568 2.346075 0.171390 10.420023 -0.696509 -0.277807 0.216743 3.627982
1 121.59764 -8.714763 -0.889191 -0.246351 -2.231991 -1.428778 3.320155 0.177310 2.499583 0.141754 0.660568 2.346075 0.171390 10.420023 -0.696509 -0.277807 0.216743 3.627982
1 121.59764 -8.714763 -0.889191 -0.246351 -2.231991 -1.428778 3.320155 0.177310 2.499583 0.141754 0.660568 2.346075 0.171390 10.420023 -0.696509 -0.277807 0.216743 3.627982
1 121.59764 -8.714763 -0.889191 -0.246351 -2.231991 -1.428778 3.320155 0.177310 2.499583 0.141754 0.660568 2.346075 0.171390 10.420023 -0.696509 -0.277807 0.216743 3.627982
1 121.59764 -8.714763 -0.889191 -0.246351 -2.231991 -1.428778 3.320155 0.177310 2.499583 0.141754 0.660568 2.346075 0.171390 10.420023 -0.696509 -0.277807 0.216743 3.627982
1 121.59764 -8.714763 -0.889191 -0.246351 -2.231991 -1.428778 3.320155 0.177310 2.499583 0.141754 0.660568 2.346075 0.171390 10.420023 -0.696509 -0.277807 0.216743 3.627982
1 121.59764 -8.714763 -0.889191 -0.246351 -2.231991 -1.428778 3.320155 0.177310 2.499583 0.141754 0.660568 2.346075 0.171390 10.420023 -0.696509 -0.277807 0.216743 3.627982
1 121.59764 -8.714763 -0.889191 -0.246351 -2.231991 -1.428778 3.320155 0.177310 2.499583 0.141754 0.660568 2.346075 0.171390 10.420023 -0.696509 -0.277807 0.216743 3.627982
1 121.59764 -8.714763 -0.889191 -0.246351 -2.231991 -1.428778 3.320155 0.177310 2.499583 0.141754 0.660568 2.346075 0.171390 10.420023 -0.696509 -0.277807 0.216743 3.627982
1 121.59764 -8.714763 -0.889191 -0.246351 -2.231991 -1.428778 3.320155 0.177310 2.499583 0.141754 0.660568 2.346075 0.171390 10.420023 -0.696509 -0.277807 0.216743 3.627982
1 121.59764 -8.714763 -0.889191 -0.246351 -2.231991 -1.428778 3.320155 0.177310 2.499583 0.141754 0.660568 2.346075 0.171390 10.420023 -0.696509 -0.277807 0.216743 3.627982
1 121.59764 -8.714763 -0.889191 -0.246351 -2.231991 -1.428778 3.320155 0.177310 2.499583 0.141754 0.660568 2.346075 0.171390 10.420023 -0.696509 -0.277807 0.216743 3.627982
1 121.59764 -8.714763 -0.889191 -0.246351 -2.231991 -1.428778 3.320155 0.177310 2.499583 0.141754 0.660568 2.346075 0.171390 10.420023 -0.696509 -0.277807 0.216743 3.627982
1 121.59764 -8.714763 -0.889191 -0.246351 -2.231991 -1.428778 3.320155 0.177310 2.499583 0.141754 0.660568 2.346075 0.171390 10.420023 -0.696509 -0.277807 0.216743 3.627982
1 121.59764 -8.714763 -0.889191 -0.246351 -2.231991 -1.428778 3.320155 0.177310 2.499583 0.141754 0.660568 2.346075 0.171390 10.420023 -0.696509 -0.277807 0.216743 3.627982
1 121.59764 -8.714763 -0.889191 -0.246351 -2.231991 -1.428778 3.320155 0.177310 2.499583 0.141754 0.660568 2.346075 0.171390 10.420023 -0.696509 -0.277807 0.216743 3.627982
1 121.59764 -8.714763 -0.889191 -0.246351 -2.231991 -1.428778 3.320155 0.177310 2.499583 0.141754 0.660568 2.346075 0.171390 10.420023 -0.696509 -0.277807 0.216743 3.627982
