1 162.54359 -8.703214 -0.955751 -0.311628 -2.245524 -1.399764 3.400320 0.218318 2.530363 0.157909 0.563823 2.342973 0.155402 10.519480 -0.739675 -0.278205 0.216801 3.672982
1 162.54359 -8.703214 -0.955751 -0.311628 -2.245524 -1.399764 3.400320 0.218318 2.530363 0.157909 0.563823 2.342973 0.155402 10.519480 -0.739675 -0.278205 0.216801 3.672982
1 162.54359 -8.703214 -0.955751 -0.311628 -2.245524 -1.399764 3.400320 0.218318 2.530363 0.157909 0.563823 2.342973 0.155402 10.519480 -0.739675 -0.278205 0.216801 3.672982
1 142.20887 -8.687810 -0.929425 -0.313015 -2.265409 -1.429091 3.364518 0.231843 2.560986 0.170816 0.541534 2.325715 0.176270 10.485452 -0.740045 -0.212956 0.258045 3.677763
1 140.22953 -8.673968 -0.961681 -0.347915 -2.281964 -1.435896 3.358811 0.216783 2.531662 0.200836 0.551925 2.306420 0.202384 10.476155 -0.697641 -0.182805 0.236638 3.658670
1 140.22953 -8.673968 -0.961681 -0.347915 -2.281964 -1.435896 3.358811 0.216783 2.531662 0.200836 0.551925 2.306420 0.202384 10.476155 -0.697641 -0.182805 0.236638 3.658670
1 140.22953 -8.673968 -0.961681 -0.347915 -2.281964 -1.435896 3.358811 0.216783 2.531662 0.200836 0.551925 2.306420 0.202384 10.476155 -0.697641 -0.182805 0.236638 3.658670
1 140.22953 -8.673968 -0.961681 -0.347915 -2.281964 -1.435896 3.358811 0.216783 2.531662 0.200836 0.551925 2.306420 0.202384 10.476155 -0.697641 -0.182805 0.236638 3.658670
1 140.22953 -8.673968 -0.961681 -0.347915 -2.281964 -1.435896 3.358811 0.216783 2.531662 0.200836 0.551925 2.306420 0.202384 10.476155 -0.697641 -0.182805 0.236638 3.658670
1 140.22953 -8.673968 -0.961681 -0.347915 -2.281964 -1.435896 3.358811 0.216783 2.531662 0.200836 0.551925 2.306420 0.202384 10.476155 -0.697641 -0.182805 0.236638 3.658670
1 140.22953 -8.673968 -0.961681 -0.347915 -2.281964 -1.435896 3.358811 0.216783 2.531662 0.200836 0.551925 2.306420 0.202384 10.476155 -0.697641 -0.182805 0.236638 3.658670
1 140.22953 -8.673968 -0.961681 -0.347915 -2.281964 -1.435896 3.358811 0.216783 2.531662 0.200836 0.551925 2.306420 0.202384 10.476155 -0.697641 -0.182805 0.236638 3.658670
1 138.95194 -8.691031 -0.985109 -0.347104 -2.245398 -1.428403 3.372302 0.241608 2.535214 0.186597 0.548607 2.299710 0.193064 10.462669 -0.686583 -0.185596 0.237355 3.643293
1 138.95194 -8.691031 -0.985109 -0.347104 -2.245398 -1.428403 3.372302 0.241608 2.535214 0.186597 0.548607 2.299710 0.193064 10.462669 -0.686583 -0.185596 0.237355 3.643293
1 138.95194 -8.691031 -0.985109 -0.347104 -2.245398 -1.428403 3.372302 0.241608 2.535214 0.186597 0.548607 2.299710 0.193064 10.462669 -0.686583 -0.185596 0.237355 3.643293
1 138.95194 -8.691031 -0.985109 -0.347104 -2.245398 -1.428403 3.372302 0.241608 2.535214 0.186597 0.548607 2.299710 0.193064 10.462669 -0.686583 -0.185596 0.237355 3.643293
1 138.95194 -8.691031 -0.985109 -0.347104 -2.245398 -1.428403 3.372302 0.241608 2.535214 0.186597 0.548607 2.299710 0.193064 10.462669 -0.686583 -0.185596 0.237355 3.643293
1 138.95194 -8.691031 -0.985109 -0.347104 -2.245398 -1.428403 3.372302 0.241608 2.535214 0.186597 0.548607 2.299710 0.193064 10.462669 -0.686583 -0.185596 0.237355 3.643293
1 138.95194 -8.691031 -0.985109 -0.347104 -2.245398 -1.428403 3.372302 0.241608 2.535214 0.186597 0.548607 2.299710 0.193064 10.462669 -0.686583 -0.185596 0.237355 3.643293
1 138.95194 -8.691031 -0.985109 -0.347104 -2.245398 -1.428403 3.372302 0.241608 2.535214 0.186597 0.548607 2.299710 0.193064 10.462669 -0.686583 -0.185596 0.237355 3.643293
1 138.95194 -8.691031 -0.985109 -0.347104 -2.245398 -1.428403 3.372302 0.241608 2.535214 0.186597 0.548607 2.299710 0.193064 10.462669 -0.686583 -0.185596 0.237355 3.643293
1 138.95194 -8.691031 -0.985109 -0.347104 -2.245398 -1.428403 3.372302 0.241608 2.535214 0.186597 0.548607 2.299710 0.193064 10.462669 -0.686583 -0.185596 0.237355 3.643293
1 138.95194 -8.691031 -0.985109 -0.347104 -2.245398 -1.428403 3.372302 0.241608 2.535214 0.186597 0.548607 2.299710 0.193064 10.462669 -0.686583 -0.185596 0.237355 3.643293
1 138.95194 -8.691031 -0.985109 -0.347104 -2.245398 -1.428403 3.372302 0.241608 2.535214 0.186597 0.548607 2.299710 0.193064 10.462669 -0.686583 -0.185596 0.237355 3.643293
1 136.34696 -8.690781 -0.939295 -0.356042 -2.268103 -1.466220 3.357127 0.250862 2.527722 0.187751 0.532595 2.295705 0.188550 10.471158 -0.686428 -0.200114 0.235596 3.620267
1 136.34696 -8.690781 -0.939295 -0.356042 -2.268103 -1.466220 3.357127 0.250862 2.527722 0.187751 0.532595 2.295705 0.188550 10.471158 -0.686428 -0.200114 0.235596 3.620267
1 136.34696 -8.690781 -0.939295 -0.356042 -2.268103 -1.466220 3.357127 0.250862 2.527722 0.187751 0.532595 2.295705 0.188550 10.471158 -0.686428 -0.200114 0.235596 3.620267
1 136.34696 -8.690781 -0.939295 -0.356042 -2.268103 -1.466220 3.357127 0.250862 2.527722 0.187751 0.532595 2.295705 0.188550 10.471158 -0.686428 -0.200114 0.235596 3.620267
1 136.34696 -8.690781 -0.939295 -0.356042 -2.268103 -1.466220 3.357127 0.250862 2.527722 0.187751 0.532595 2.295705 0.188550 10.471158 -0.686428 -0.200114 0.235596 3.620267
1 136.34696 -8.690781 -0.939295 -0.356042 -2.268103 -1.466220 3.357127 0.250862 2.527722 0.187751 0.532595 2.295705 0.188550 10.471158 -0.686428 -0.200114 0.235596 3.620267
1 136.34696 -8.690781 -0.939295 -0.356042 -2.268103 -1.466220 3.357127 0.250862 2.527722 0.187751 0.532595 2.295705 0.188550 10.471158 -0.686428 -0.200114 0.235596 3.620267
1 136.34696 -8.690781 -0.939295 -0.356042 -2.268103 -1.466220 3.357127 0.250862 2.527722 0.187751 0.532595 2.295705 0.188550 10.471158 -0.686428 -0.200114 0.235596 3.620267
1 136.34696 -8.690781 -0.939295 -0.356042 -2.268103 -1.466220 3.357127 0.250862 2.527722 0.187751 0.532595 2.295705 0.188550 10.471158 -0.686428 -0.200114 0.235596 3.620267
1 136.34696 -8.690781 -0.939295 -0.356042 -2.268103 -1.466220 3.357127 0.250862 2.527722 0.187751 0.532595 2.295705 0.188550 10.471158 -0.686428 -0.200114 0.235596 3.620267
1 136.34696 -8.690781 -0.939295 -0.356042 -2.268103 -1.466220 3.357127 0.250862 2.527722 0.187751 0.532595 2.295705 0.188550 10.471158 -0.686428 -0.200114 0.235596 3.620267
1 136.34696 -8.690781 -0.939295 -0.356042 -2.268103 -1.466220 3.357127 0.250862 2.527722 0.187751 0.532595 2.295705 0.188550 10.471158 -0.686428 -0.200114 0.235596 3.620267
1 136.34696 -8.690781 -0.939295 -0.356042 -2.268103 -1.466220 3.357127 0.250862 2.527722 0.187751 0.532595 2.295705 0.188550 10.471158 -0.686428 -0.200114 0.235596 3.620267
1 136.34696 -8.690781 -0.939295 -0.356042 -2.268103 -1.466220 3.357127 0.250862 2.527722 0.187751 0.532595 2.295705 0.188550 10.471158 -0.686428 -0.200114 0.235596 3.620267
1 136.34696 -8.690781 -0.939295 -0.356042 -2.268103 -1.466220 3.357127 0.250862 2.527722 0.187751 0.532595 2.295705 0.188550 10.471158 -0.686428 -0.200114 0.235596 3.620267
1 136.34696 -8.690781 -0.939295 -0.356042 -2.268103 -1.466220 3.357127 0.250862 2.527722 0.187751 0.532595 2.295705 0.188550 10.471158 -0.686428 -0.200114 0.235596 3.620267
1 136.34696 -8.690781 -0.939295 -0.356042 -2.268103 -1.466220 3.357127 0.250862 2.527722 0.187751 0.532595 2.295705 0.188550 10.471158 -0.686428 -0.200114 0.235596 3.620267
1 136.34696 -8.690781 -0.939295 -0.356042 -2.268103 -1.466220 3.357127 0.250862 2.527722 0.187751 0.532595 2.295705 0.188550 10.471158 -0.686428 -0.200114 0.235596 3.620267
1 136.34696 -8.690781 -0.939295 -0.356042 -2.268103 -1.466220 3.357127 0.250862 2.527722 0.187751 0.532595 2.295705 0.188550 10.471158 -0.686428 -0.200114 0.235596 3.620267
1 136.34696 -8.690781 -0.939295 -0.356042 -2.268103 -1.466220 3.357127 0.250862 2.527722 0.187751 0.532595 2.295705 0.188550 10.471158 -0.686428 -0.200114 0.235596 3.620267
1 136.34696 -8.690781 -0.939295 -0.356042 -2.268103 -1.466220 3.357127 0.250862 2.527722 0.187751 0.532595 2.295705 0.188550 10.471158 -0.686428 -0.200114 0.235596 3.620267
1 136.34696 -8.690781 -0.939295 -0.356042 -2.268103 -1.466220 3.357127 0.250862 2.527722 0.187751 0.532595 2.295705 0.188550 10.471158 -0.686428 -0.200114 0.235596 3.620267
1 136.34696 -8.690781 -0.939295 -0.356042 -2.268103 -1.466220 3.357127 0.250862 2.527722 0.187751 0.532595 2.295705 0.188550 10.471158 -0.686428 -0.200114 0.235596 3.620267
1 136.34696 -8.690781 -0.939295 -0.356042 -2.268103 -1.466220 3.357127 0.250862 2.527722 0.187751 0.532595 2.295705 0.188550 10.471158 -0.686428 -0.200114 0.235596 3.620267
1 136.34696 -8.690781 -0.939295 -0.356042 -2.268103 -1.466220 3.357127 0.250862 2.527722 0.187751 0.532595 2.295705 0.188550 10.471158 -0.686428 -0.200114 0.235596 3.620267
1 136.34696 -8.690781 -0.939295 -0.356042 -2.268103 -1.466220 3.357127 0.250862 2.527722 0.187751 0.532595 2.295705 0.188550 10.471158 -0.686428 -0.200114 0.235596 3.620267
1 136.34696 -8.690781 -0.939295 -0.356042 -2.268103 -1.466220 3.357127 0.250862 2.527722 0.187751 0.532595 2.295705 0.188550 10.471158 -0.686428 -0.200114 0.235596 3.620267
1 136.34696 -8.690781 -0.939295 -0.356042 -2.268103 -1.466220 3.357127 0.250862 2.527722 0.187751 0.532595 2.295705 0.188550 10.471158 -0.686428 -0.200114 0.235596 3.620267
1 136.34696 -8.690781 -0.939295 -0.356042 -2.268103 -1.466220 3.357127 0.250862 2.527722 0.187751 0.532595 2.295705 0.188550 10.471158 -0.686428 -0.200114 0.235596 3.620267
1 136.34696 -8.690781 -0.939295 -0.356042 -2.268103 -1.466220 3.357127 0.250862 2.527722 0.187751 0.532595 2.295705 0.188550 10.471158 -0.686428 -0.200114 0.235596 3.620267
1 136.34696 -8.690781 -0.939295 -0.356042 -2.268103 -1.466220 3.357127 0.250862 2.527722 0.187751 0.532595 2.295705 0.188550 10.471158 -0.686428 -0.200114 0.235596 3.620267
1 136.34696 -8.690781 -0.939295 -0.356042 -2.268103 -1.466220 3.357127 0.250862 2.527722 0.187751 0.532595 2.295705 0.188550 10.471158 -0.686428 -0.200114 0.235596 3.620267
1 136.34696 -8.690781 -0.939295 -0.356042 -2.268103 -1.466220 3.357127 0.250862 2.527722 0.187751 0.532595 2.295705 0.188550 10.471158 -0.686428 -0.200114 0.235596 3.620267
1 136.34696 -8.690781 -0.939295 -0.356042 -2.268103 -1.466220 3.357127 0.250862 2.527722 0.187751 0.532595 2.295705 0.188550 10.471158 -0.686428 -0.200114 0.235596 3.620267
1 136.34696 -8.690781 -0.939295 -0.356042 -2.268103 -1.466220 3.357127 0.250862 2.527722 0.187751 0.532595 2.295705 0.188550 10.471158 -0.686428 -0.200114 0.235596 3.620267
1 136.34696 -8.690781 -0.939295 -0.356042 -2.268103 -1.466220 3.357127 0.250862 2.527722 0.187751 0.532595 2.295705 0.188550 10.471158 -0.686428 -0.200114 0.235596 3.620267
1 136.34696 -8.690781 -0.939295 -0.356042 -2.268103 -1.466220 3.357127 0.250862 2.527722 0.187751 0.532595 2.295705 0.188550 10.471158 -0.686428 -0.200114 0.235596 3.620267
1 136.34696 -8.690781 -0.939295 -0.356042 -2.268103 -1.466220 3.357127 0.250862 2.527722 0.187751 0.532595 2.295705 0.188550 10.471158 -0.686428 -0.200114 0.235596 3.620267
1 136.34696 -8.690781 -0.939295 -0.356042 -2.268103 -1.466220 3.357127 0.250862 2.527722 0.187751 0.532595 2.295705 0.188550 10.471158 -0.686428 -0.200114 0.235596 3.620267
1 136.34696 -8.690781 -0.939295 -0.356042 -2.268103 -1.466220 3.357127 0.250862 2.527722 0.187751 0.532595 2.295705 0.188550 10.471158 -0.686428 -0.200114 0.235596 3.620267
1 136.34696 -8.690781 -0.939295 -0.356042 -2.268103 -1.466220 3.357127 0.250862 2.527722 0.187751 0.532595 2.295705 0.188550 10.471158 -0.686428 -0.200114 0.235596 3.620267
1 136.34696 -8.690781 -0.939295 -0.356042 -2.268103 -1.466220 3.357127 0.250862 2.527722 0.187751 0.532595 2.295705 0.188550 10.471158 -0.686428 -0.200114 0.235596 3.620267
1 136.34696 -8.690781 -0.939295 -0.356042 -2.268103 -1.466220 3.357127 0.250862 2.527722 0.187751 0.532595 2.295705 0.188550 10.471158 -0.686428 -0.200114 0.235596 3.620267
1 136.34696 -8.690781 -0.939295 -0.356042 -2.268103 -1.466220 3.357127 0.250862 2.527722 0.187751 0.532595 2.295705 0.188550 10.471158 -0.686428 -0.200114 0.235596 3.620267
1 136.34696 -8.690781 -0.939295 -0.356042 -2.268103 -1.466220 3.357127 0.250862 2.527722 0.187751 0.532595 2.295705 0.188550 10.471158 -0.686428 -0.200114 0.235596 3.620267
1 136.34696 -8.690781 -0.939295 -0.356042 -2.268103 -1.466220 3.357127 0.250862 2.527722 0.187751 0.532595 2.295705 0.188550 10.471158 -0.686428 -0.200114 0.235596 3.620267
1 136.34696 -8.690781 -0.939295 -0.356042 -2.268103 -1.466220 3.357127 0.250862 2.527722 0.187751 0.532595 2.295705 0.188550 10.471158 -0.686428 -0.200114 0.235596 3.620267
1 136.34696 -8.690781 -0.939295 -0.356042 -2.268103 -1.466220 3.357127 0.250862 2.527722 0.187751 0.532595 2.295705 0.188550 10.471158 -0.686428 -0.200114 0.235596 3.620267
1 136.34696 -8.690781 -0.939295 -0.356042 -2.268103 -1.466220 3.357127 0.250862 2.527722 0.187751 0.532595 2.295705 0.188550 10.471158 -0.686428 -0.200114 0.235596 3.620267
1 136.34696 -8.690781 -0.939295 -0.356042 -2.268103 -1.466220 3.357127 0.250862 2.527722 0.187751 0.532595 2.295705 0.188550 10.471158 -0.686428 -0.200114 0.235596 3.620267
1 136.34696 -8.690781 -0.939295 -0.356042 -2.268103 -1.466220 3.357127 0.250862 2.527722 0.187751 0.532595 2.295705 0.188550 10.471158 -0.686428 -0.200114 0.235596 3.620267
1 136.34696 -8.690781 -0.939295 -0.356042 -2.268103 -1.466220 3.357127 0.250862 2.527722 0.187751 0.532595 2.295705 0.188550 10.471158 -0.686428 -0.200114 0.235596 3.620267
1 136.34696 -8.690781 -0.939295 -0.356042 -2.268103 -1.466220 3.357127 0.250862 2.527722 0.187751 0.532595 2.295705 0.188550 10.471158 -0.686428 -0.200114 0.235596 3.620267
1 136.34696 -8.690781 -0.939295 -0.356042 -2.268103 -1.466220 3.357127 0.250862 2.527722 0.187751 0.532595 2.295705 0.188550 10.471158 -0.686428 -0.200114 0.235596 3.620267
1 136.34696 -8.690781 -0.939295 -0.356042 -2.268103 -1.466220 3.357127 0.250862 2.527722 0.187751 0.532595 2.295705 0.188550 10.471158 -0.686428 -0.200114 0.235596 3.620267
1 136.34696 -8.690781 -0.939295 -0.356042 -2.268103 -1.466220 3.357127 0.250862 2.527722 0.187751 0.532595 2.295705 0.188550 10.471158 -0.686428 -0.200114 0.235596 3.620267
1 136.34696 -8.690781 -0.939295 -0.356042 -2.268103 -1.466220 3.357127 0.250862 2.527722 0.187751 0.532595 2.295705 0.188550 10.471158 -0.686428 -0.200114 0.235596 3.620267
1 136.34696 -8.690781 -0.939295 -0.356042 -2.268103 -1.466220 3.357127 0.250862 2.527722 0.187751 0.532595 2.295705 0.188550 10.471158 -0.686428 -0.200114 0.235596 3.620267
1 136.34696 -8.690781 -0.939295 -0.356042 -2.268103 -1.466220 3.357127 0.250862 2.527722 0.187751 0.532595 2.295705 0.188550 10.471158 -0.686428 -0.200114 0.235596 3.620267
1 136.34696 -8.690781 -0.939295 -0.356042 -2.268103 -1.466220 3.357127 0.250862 2.527722 0.187751 0.532595 2.295705 0.188550 10.471158 -0.686428 -0.200114 0.235596 3.620267
1 136.34696 -8.690781 -0.939295 -0.356042 -2.268103 -1.466220 3.357127 0.250862 2.527722 0.187751 0.532595 2.295705 0.188550 10.471158 -0.686428 -0.200114 0.235596 3.620267
1 136.34696 -8.690781 -0.939295 -0.356042 -2.268103 -1.466220 3.357127 0.250862 2.527722 0.187751 0.532595 2.295705 0.188550 10.471158 -0.686428 -0.200114 0.235596 3.620267
1 136.34696 -8.690781 -0.939295 -0.356042 -2.268103 -1.466220 3.357127 0.250862 2.527722 0.187751 0.532595 2.295705 0.188550 10.471158 -0.686428 -0.200114 0.235596 3.620267
1 136.34696 -8.690781 -0.939295 -0.356042 -2.268103 -1.466220 3.357127 0.250862 2.527722 0.187751 0.532595 2.295705 0.188550 10.471158 -0.686428 -0.200114 0.235596 3.620267
1 136.34696 -8.690781 -0.939295 -0.356042 -2.268103 -1.466220 3.357127 0.250862 2.527722 0.187751 0.532595 2.295705 0.188550 10.471158 -0.686428 -0.200114 0.235596 3.620267
1 136.34696 -8.690781 -0.939295 -0.356042 -2.268103 -1.466220 3.357127 0.250862 2.527722 0.187751 0.532595 2.295705 0.188550 10.471158 -0.686428 -0.200114 0.235596 3.620267
1 136.34696 -8.690781 -0.939295 -0.356042 -2.268103 -1.466220 3.357127 0.250862 2.527722 0.187751 0.532595 2.295705 0.188550 10.471158 -0.686428 -0.200114 0.235596 3.620267
1 136.34696 -8.690781 -0.939295 -0.356042 -2.268103 -1.466220 3.357127 0.250862 2.527722 0.187751 0.532595 2.295705 0.188550 10.471158 -0.686428 -0.200114 0.235596 3.620267
1 136.34696 -8.690781 -0.939295 -0.356042 -2.268103 -1.466220 3.357127 0.250862 2.527722 0.187751 0.532595 2.295705 0.188550 10.471158 -0.686428 -0.200114 0.235596 3.620267
1 136.34696 -8.690781 -0.939295 -0.356042 -2.268103 -1.466220 3.357127 0.250862 2.527722 0.187751 0.532595 2.295705 0.188550 10.471158 -0.686428 -0.200114 0.235596 3.620267
1 136.34696 -8.690781 -0.939295 -0.356042 -2.268103 -1.466220 3.357127 0.250862 2.527722 0.187751 0.532595 2.295705 0.188550 10.471158 -0.686428 -0.200114 0.235596 3.620267
1 136.34696 -8.690781 -0.939295 -0.356042 -2.268103 -1.466220 3.357127 0.250862 2.527722 0.187751 0.532595 2.295705 0.188550 10.471158 -0.686428 -0.200114 0.235596 3.620267
1 136.34696 -8.690781 -0.939295 -0.356042 -2.268103 -1.466220 3.357127 0.250862 2.527722 0.187751 0.532595 2.295705 0.188550 10.471158 -0.686428 -0.200114 0.235596 3.620267
1 136.34696 -8.690781 -0.939295 -0.356042 -2.268103 -1.466220 3.357127 0.250862 2.527722 0.187751 0.532595 2.295705 0.188550 10.471158 -0.686428 -0.200114 0.235596 3.620267
1 136.34696 -8.690781 -0.939295 -0.356042 -2.268103 -1.466220 3.357127 0.250862 2.527722 0.187751 0.532595 2.295705 0.188550 10.471158 -0.686428 -0.200114 0.235596 3.620267
1 136.34696 -8.690781 -0.939295 -0.356042 -2.268103 -1.466220 3.357127 0.250862 2.527722 0.187751 0.532595 2.295705 0.188550 10.471158 -0.686428 -0.200114 0.235596 3.620267
1 136.34696 -8.690781 -0.939295 -0.356042 -2.268103 -1.466220 3.357127 0.250862 2.527722 0.187751 0.532595 2.295705 0.188550 10.471158 -0.686428 -0.200114 0.235596 3.620267
1 136.34696 -8.690781 -0.939295 -0.356042 -2.268103 -1.466220 3.357127 0.250862 2.527722 0.187751 0.532595 2.295705 0.188550 10.471158 -0.686428 -0.200114 0.235596 3.620267
1 136.34696 -8.690781 -0.939295 -0.356042 -2.268103 -1.466220 3.357127 0.250862 2.527722 0.187751 0.532595 2.295705 0.188550 10.471158 -0.686428 -0.200114 0.235596 3.620267
1 136.34696 -8.690781 -0.939295 -0.356042 -2.268103 -1.466220 3.357127 0.250862 2.527722 0.187751 0.532595 2.295705 0.188550 10.471158 -0.686428 -0.200114 0.235596 3.620267
1 136.34696 -8.690781 -0.939295 -0.356042 -2.268103 -1.466220 3.357127 0.250862 2.527722 0.187751 0.532595 2.295705 0.188550 10.471158 -0.686428 -0.200114 0.235596 3.620267
1 136.34696 -8.690781 -0.939295 -0.356042 -2.268103 -1.466220 3.357127 0.250862 2.527722 0.187751 0.532595 2.295705 0.188550 10.471158 -0.686428 -0.200114 0.235596 3.620267
1 136.34696 -8.690781 -0.939295 -0.356042 -2.268103 -1.466220 3.357127 0.250862 2.527722 0.187751 0.532595 2.295705 0.188550 10.471158 -0.686428 -0.200114 0.235596 3.620267
1 136.34696 -8.690781 -0.939295 -0.356042 -2.268103 -1.466220 3.357127 0.250862 2.527722 0.187751 0.532595 2.295705 0.188550 10.471158 -0.686428 -0.200114 0.235596 3.620267
1 136.34696 -8.690781 -0.939295 -0.356042 -2.268103 -1.466220 3.357127 0.250862 2.527722 0.187751 0.532595 2.295705 0.188550 10.471158 -0.686428 -0.200114 0.235596 3.620267
1 136.34696 -8.690781 -0.939295 -0.356042 -2.268103 -1.466220 3.357127 0.250862 2.527722 0.187751 0.532595 2.295705 0.188550 10.471158 -0.686428 -0.200114 0.235596 3.620267
1 136.34696 -8.690781 -0.939295 -0.356042 -2.268103 -1.466220 3.357127 0.250862 2.527722 0.187751 0.532595 2.295705 0.188550 10.471158 -0.686428 -0.200114 0.235596 3.620267
1 136.34696 -8.690781 -0.939295 -0.356042 -2.268103 -1.466220 3.357127 0.250862 2.527722 0.187751 0.532595 2.295705 0.188550 10.471158 -0.686428 -0.200114 0.235596 3.620267
1 136.34696 -8.690781 -0.939295 -0.356042 -2.268103 -1.466220 3.357127 0.250862 2.527722 0.187751 0.532595 2.295705 0.188550 10.471158 -0.686428 -0.200114 0.235596 3.620267
1 136.34696 -8.690781 -0.939295 -0.356042 -2.268103 -1.466220 3.357127 0.250862 2.527722 0.187751 0.532595 2.295705 0.188550 10.471158 -0.686428 -0.200114 0.235596 3.620267
1 136.34696 -8.690781 -0.939295 -0.356042 -2.268103 -1.466220 3.357127 0.250862 2.527722 0.187751 0.532595 2.295705 0.188550 10.471158 -0.686428 -0.200114 0.235596 3.620267
1 136.34696 -8.690781 -0.939295 -0.356042 -2.268103 -1.466220 3.357127 0.250862 2.527722 0.187751 0.532595 2.295705 0.188550 10.471158 -0.686428 -0.200114 0.235596 3.620267
1 136.34696 -8.690781 -0.939295 -0.356042 -2.268103 -1.466220 3.357127 0.250862 2.527722 0.187751 0.532595 2.295705 0.188550 10.471158 -0.686428 -0.200114 0.235596 3.620267
1 136.34696 -8.690781 -0.939295 -0.356042 -2.268103 -1.466220 3.357127 0.250862 2.527722 0.187751 0.532595 2.295705 0.188550 10.471158 -0.686428 -0.200114 0.235596 3.620267
1 136.34696 -8.690781 -0.939295 -0.356042 -2.268103 -1.466220 3.357127 0.250862 2.527722 0.187751 0.532595 2.295705 0.188550 10.471158 -0.686428 -0.200114 0.235596 3.620267
1 136.34696 -8.690781 -0.939295 -0.356042 -2.268103 -1.466220 3.357127 0.250862 2.527722 0.187751 0.532595 2.295705 0.188550 10.471158 -0.686428 -0.200114 0.235596 3.620267
1 136.34696 -8.690781 -0.939295 -0.356042 -2.268103 -1.466220 3.357127 0.250862 2.527722 0.187751 0.532595 2.295705 0.188550 10.471158 -0.686428 -0.200114 0.235596 3.620267
1 136.34696 -8.690781 -0.939295 -0.356042 -2.268103 -1.466220 3.357127 0.250862 2.527722 0.187751 0.532595 2.295705 0.188550 10.471158 -0.686428 -0.200114 0.235596 3.620267
1 136.34696 -8.690781 -0.939295 -0.356042 -2.268103 -1.466220 3.357127 0.250862 2.527722 0.187751 0.532595 2.295705 0.188550 10.471158 -0.686428 -0.200114 0.235596 3.620267
1 136.34696 -8.690781 -0.939295 -0.356042 -2.268103 -1.466220 3.357127 0.250862 2.527722 0.187751 0.532595 2.295705 0.188550 10.471158 -0.686428 -0.200114 0.235596 3.620267
1 136.34696 -8.690781 -0.939295 -0.356042 -2.268103 -1.466220 3.357127 0.250862 2.527722 0.187751 0.532595 2.295705 0.188550 10.471158 -0.686428 -0.200114 0.235596 3.620267
1 136.34696 -8.690781 -0.939295 -0.356042 -2.268103 -1.466220 3.357127 0.250862 2.527722 0.187751 0.532595 2.295705 0.188550 10.471158 -0.686428 -0.200114 0.235596 3.620267
1 136.34696 -8.690781 -0.939295 -0.356042 -2.268103 -1.466220 3.357127 0.250862 2.527722 0.187751 0.532595 2.295705 0.188550 10.471158 -0.686428 -0.200114 0.235596 3.620267
1 136.34696 -8.690781 -0.939295 -0.356042 -2.268103 -1.466220 3.357127 0.250862 2.527722 0.187751 0.532595 2.295705 0.188550 10.471158 -0.686428 -0.200114 0.235596 3.620267
1 136.34696 -8.690781 -0.939295 -0.356042 -2.268103 -1.466220 3.357127 0.250862 2.527722 0.187751 0.532595 2.295705 0.188550 10.471158 -0.686428 -0.200114 0.235596 3.620267
1 136.34696 -8.690781 -0.939295 -0.356042 -2.268103 -1.466220 3.357127 0.250862 2.527722 0.187751 0.532595 2.295705 0.188550 10.471158 -0.686428 -0.200114 0.235596 3.620267
1 136.34696 -8.690781 -0.939295 -0.356042 -2.268103 -1.466220 3.357127 0.250862 2.527722 0.187751 0.532595 2.295705 0.188550 10.471158 -0.686428 -0.200114 0.235596 3.620267
1 136.34696 -8.690781 -0.939295 -0.356042 -2.268103 -1.466220 3.357127 0.250862 2.527722 0.187751 0.532595 2.295705 0.188550 10.471158 -0.686428 -0.200114 0.235596 3.620267
1 136.34696 -8.690781 -0.939295 -0.356042 -2.268103 -1.466220 3.357127 0.250862 2.527722 0.187751 0.532595 2.295705 0.188550 10.471158 -0.686428 -0.200114 0.235596 3.620267
1 136.34696 -8.690781 -0.939295 -0.356042 -2.268103 -1.466220 3.357127 0.250862 2.527722 0.187751 0.532595 2.295705 0.188550 10.471158 -0.686428 -0.200114 0.235596 3.620267
1 136.34696 -8.690781 -0.939295 -0.356042 -2.268103 -1.466220 3.357127 0.250862 2.527722 0.187751 0.532595 2.295705 0.188550 10.471158 -0.686428 -0.200114 0.235596 3.620267
1 136.34696 -8.690781 -0.939295 -0.356042 -2.268103 -1.466220 3.357127 0.250862 2.527722 0.187751 0.532595 2.295705 0.188550 10.471158 -0.686428 -0.200114 0.235596 3.620267
1 136.34696 -8.690781 -0.939295 -0.356042 -2.268103 -1.466220 3.357127 0.250862 2.527722 0.187751 0.532595 2.295705 0.188550 10.471158 -0.686428 -0.200114 0.235596 3.620267
1 136.34696 -8.690781 -0.939295 -0.356042 -2.268103 -1.466220 3.357127 0.250862 2.527722 0.187751 0.532595 2.295705 0.188550 10.471158 -0.686428 -0.200114 0.235596 3.620267
1 136.34696 -8.690781 -0.939295 -0.356042 -2.268103 -1.466220 3.357127 0.250862 2.527722 0.187751 0.532595 2.295705 0.188550 10.471158 -0.686428 -0.200114 0.235596 3.620267
1 136.34696 -8.690781 -0.939295 -0.356042 -2.268103 -1.466220 3.357127 0.250862 2.527722 0.187751 0.532595 2.295705 0.188550 10.471158 -0.686428 -0.200114 0.235596 3.620267
1 136.34696 -8.690781 -0.939295 -0.356042 -2.268103 -1.466220 3.357127 0.250862 2.527722 0.187751 0.532595 2.295705 0.188550 10.471158 -0.686428 -0.200114 0.235596 3.620267
1 136.34696 -8.690781 -0.939295 -0.356042 -2.268103 -1.466220 3.357127 0.250862 2.527722 0.187751 0.532595 2.295705 0.188550 10.471158 -0.686428 -0.200114 0.235596 3.620267
1 136.34696 -8.690781 -0.939295 -0.356042 -2.268103 -1.466220 3.357127 0.250862 2.527722 0.187751 0.532595 2.295705 0.188550 10.471158 -0.686428 -0.200114 0.235596 3.620267
1 136.34696 -8.690781 -0.939295 -0.356042 -2.268103 -1.466220 3.357127 0.250862 2.527722 0.187751 0.532595 2.295705 0.188550 10.471158 -0.686428 -0.200114 0.235596 3.620267
1 136.34696 -8.690781 -0.939295 -0.356042 -2.268103 -1.466220 3.357127 0.250862 2.527722 0.187751 0.532595 2.295705 0.188550 10.471158 -0.686428 -0.200114 0.235596 3.620267
1 136.34696 -8.690781 -0.939295 -0.356042 -2.268103 -1.466220 3.357127 0.250862 2.527722 0.187751 0.532595 2.295705 0.188550 10.471158 -0.686428 -0.200114 0.235596 3.620267
1 136.34696 -8.690781 -0.939295 -0.356042 -2.268103 -1.466220 3.357127 0.250862 2.527722 0.187751 0.532595 2.295705 0.188550 10.471158 -0.686428 -0.200114 0.235596 3.620267
1 136.34696 -8.690781 -0.939295 -0.356042 -2.268103 -1.466220 3.357127 0.250862 2.527722 0.187751 0.532595 2.295705 0.188550 10.471158 -0.686428 -0.200114 0.235596 3.620267
1 136.34696 -8.690781 -0.939295 -0.356042 -2.268103 -1.466220 3.357127 0.250862 2.527722 0.187751 0.532595 2.295705 0.188550 10.471158 -0.686428 -0.200114 0.235596 3.620267
1 136.34696 -8.690781 -0.939295 -0.356042 -2.268103 -1.466220 3.357127 0.250862 2.527722 0.187751 0.532595 2.295705 0.188550 10.471158 -0.686428 -0.200114 0.235596 3.620267
1 136.34696 -8.690781 -0.939295 -0.356042 -2.268103 -1.466220 3.357127 0.250862 2.527722 0.187751 0.532595 2.295705 0.188550 10.471158 -0.686428 -0.200114 0.235596 3.620267
1 136.34696 -8.690781 -0.939295 -0.356042 -2.268103 -1.466220 3.357127 0.250862 2.527722 0.187751 0.532595 2.295705 0.188550 10.471158 -0.686428 -0.200114 0.235596 3.620267
1 136.34696 -8.690781 -0.939295 -0.356042 -2.268103 -1.466220 3.357127 0.250862 2.527722 0.187751 0.532595 2.295705 0.188550 10.471158 -0.686428 -0.200114 0.235596 3.620267
1 136.34696 -8.690781 -0.939295 -0.356042 -2.268103 -1.466220 3.357127 0.250862 2.527722 0.187751 0.532595 2.295705 0.188550 10.471158 -0.686428 -0.200114 0.235596 3.620267
1 136.34696 -8.690781 -0.939295 -0.356042 -2.268103 -1.466220 3.357127 0.250862 2.527722 0.187751 0.532595 2.295705 0.188550 10.471158 -0.686428 -0.200114 0.235596 3.620267
1 136.34696 -8.690781 -0.939295 -0.356042 -2.268103 -1.466220 3.357127 0.250862 2.527722 0.187751 0.532595 2.295705 0.188550 10.471158 -0.686428 -0.200114 0.235596 3.620267
1 136.34696 -8.690781 -0.939295 -0.356042 -2.268103 -1.466220 3.357127 0.250862 2.527722 0.187751 0.532595 2.295705 0.188550 10.471158 -0.686428 -0.200114 0.235596 3.620267
1 136.34696 -8.690781 -0.939295 -0.356042 -2.268103 -1.466220 3.357127 0.250862 2.527722 0.187751 0.532595 2.295705 0.188550 10.471158 -0.686428 -0.200114 0.235596 3.620267
1 136.34696 -8.690781 -0.939295 -0.356042 -2.268103 -1.466220 3.357127 0.250862 2.527722 0.187751 0.532595 2.295705 0.188550 10.471158 -0.686428 -0.200114 0.235596 3.620267
1 136.34696 -8.690781 -0.939295 -0.356042 -2.268103 -1.466220 3.357127 0.250862 2.527722 0.187751 0.532595 2.295705 0.188550 10.471158 -0.686428 -0.200114 0.235596 3.620267
