1 inf -8.577984 -0.572794 -0.478675 -1.993824 -1.031678 3.201157 0.861685 2.854687 0.538727 0.380941 1.301386 0.423219 9.998015 -0.741613 -0.425903 -0.040067 4.127647
1 inf -8.551547 -0.570324 -0.481706 -1.965368 -1.049544 3.161541 0.855949 2.857920 0.549213 0.349544 1.279572 0.395995 9.978462 -0.712700 -0.435005 -0.091909 4.108489
1 inf -8.561656 -0.542410 -0.507310 -1.933774 -1.041550 3.153061 0.906340 2.851561 0.581093 0.354910 1.280860 0.363516 9.947812 -0.717010 -0.427496 -0.100337 4.154921
1 inf -8.574021 -0.557362 -0.488147 -1.942454 -1.045295 3.173248 0.887266 2.849096 0.583994 0.348241 1.250653 0.331105 9.910900 -0.674322 -0.411143 -0.089422 4.194724
1 inf -8.552992 -0.547174 -0.488778 -1.934289 -1.055959 3.158382 0.932660 2.842323 0.598023 0.344378 1.258110 0.311282 9.920789 -0.684395 -0.371795 -0.089691 4.186812
1 inf -8.540885 -0.532504 -0.481232 -1.933352 -1.035283 3.164653 0.942141 2.825859 0.573084 0.328481 1.252722 0.320648 9.928449 -0.711388 -0.393406 -0.087421 4.199615
1 inf -8.559609 -0.509169 -0.439728 -1.930461 -1.058799 3.168489 0.970737 2.844193 0.573112 0.347986 1.226385 0.326849 9.977834 -0.701290 -0.402630 -0.129492 4.167075
1 inf -8.566435 -0.510461 -0.458060 -1.924245 -1.047290 3.193307 0.960046 2.796788 0.579183 0.291537 1.213689 0.364046 9.969121 -0.696791 -0.383698 -0.156743 4.170495
1 inf -8.597423 -0.544093 -0.453673 -1.917706 -1.056132 3.213329 0.944486 2.755628 0.571262 0.263796 1.216275 0.337423 9.940707 -0.690891 -0.383589 -0.154851 4.088430
1 inf -8.585738 -0.516756 -0.490015 -1.890560 -1.025868 3.195168 0.924263 2.740958 0.532839 0.259201 1.232425 0.298086 9.912449 -0.713071 -0.387796 -0.137300 4.045042
1 inf -8.608394 -0.567461 -0.498161 -1.893390 -1.064950 3.208758 0.883726 2.737681 0.538212 0.268735 1.268062 0.311444 9.922064 -0.696249 -0.416399 -0.166864 4.024437
1 inf -8.606650 -0.589746 -0.472488 -1.853630 -1.033552 3.210038 0.879823 2.749986 0.537718 0.242271 1.260474 0.335259 9.953146 -0.683284 -0.425676 -0.175678 4.012276
1 inf -8.603422 -0.610783 -0.464532 -1.852391 -1.074740 3.241439 0.878555 2.737174 0.536784 0.234420 1.253388 0.326566 9.946744 -0.661068 -0.402850 -0.217180 4.014188
1 inf -8.558565 -0.581663 -0.466654 -1.797030 -1.131602 3.272828 0.871028 2.761975 0.530350 0.237441 1.260899 0.298383 9.953749 -0.677092 -0.442177 -0.252496 3.995923
1 inf -8.568667 -0.608555 -0.463956 -1.781709 -1.145044 3.273997 0.900731 2.806582 0.556835 0.215382 1.240427 0.280776 9.927465 -0.657605 -0.460296 -0.213286 4.016513
1 inf -8.553921 -0.632321 -0.446744 -1.812582 -1.169097 3.268476 0.900326 2.805360 0.575047 0.211420 1.285524 0.305365 9.937924 -0.692050 -0.439141 -0.196849 3.991328
1 inf -8.576003 -0.627534 -0.472302 -1.827007 -1.153374 3.249191 0.871817 2.845943 0.587593 0.200617 1.263651 0.296929 9.941943 -0.676052 -0.403377 -0.205413 3.971990
1 inf -8.593766 -0.643586 -0.444261 -1.820928 -1.132539 3.287276 0.874222 2.886412 0.576048 0.197205 1.256996 0.310343 9.943146 -0.681196 -0.428621 -0.206654 4.009126
1 inf -8.648771 -0.651350 -0.440192 -1.810609 -1.103225 3.307053 0.902604 2.882721 0.568353 0.189500 1.253621 0.332487 9.941554 -0.666473 -0.396505 -0.206622 3.995591
1 inf -8.607159 -0.651560 -0.399378 -1.805738 -1.096994 3.263965 0.873171 2.894173 0.544029 0.193430 1.204530 0.322975 9.958258 -0.712438 -0.387345 -0.176861 3.977577
1 inf -8.605209 -0.633363 -0.429339 -1.810649 -1.066394 3.247298 0.906396 2.896525 0.575480 0.186227 1.205453 0.337387 9.987500 -0.710215 -0.366806 -0.174844 4.001819
1 inf -8.574536 -0.622554 -0.495030 -1.810445 -1.061309 3.236099 0.925177 2.864763 0.579894 0.179528 1.198547 0.346937 9.988739 -0.711452 -0.352663 -0.159654 3.984846
1 inf -8.588047 -0.621978 -0.494563 -1.814098 -1.056958 3.241956 0.921856 2.868830 0.567189 0.189333 1.213021 0.308178 9.997667 -0.714631 -0.340202 -0.154398 3.990615
1 inf -8.583859 -0.639092 -0.530041 -1.789972 -1.038344 3.246384 0.923191 2.855513 0.604336 0.201769 1.225441 0.351358 9.971871 -0.740112 -0.358911 -0.152362 3.984176
1 inf -8.586896 -0.648211 -0.555400 -1.810799 -1.018240 3.251045 0.962076 2.852337 0.599574 0.200901 1.246358 0.344348 9.972272 -0.730331 -0.390227 -0.164614 3.968946
1 inf -8.588065 -0.684942 -0.566410 -1.814713 -1.002612 3.253074 0.976911 2.838552 0.620295 0.222015 1.250016 0.337339 9.963671 -0.740806 -0.395515 -0.153612 3.985733
1 inf -8.627121 -0.688355 -0.528244 -1.814597 -1.007922 3.234345 0.976968 2.885830 0.639069 0.196388 1.262405 0.328930 10.010283 -0.754182 -0.390269 -0.105836 4.000516
1 inf -8.631154 -0.669558 -0.577592 -1.828885 -1.030210 3.218399 0.983037 2.891527 0.644991 0.176264 1.272281 0.318159 10.056141 -0.787590 -0.380711 -0.069690 3.998708
1 inf -8.646754 -0.632920 -0.565633 -1.837592 -1.049515 3.200569 0.989240 2.899631 0.637709 0.146307 1.249269 0.330410 10.045339 -0.797660 -0.358612 -0.093858 4.036346
1 inf -8.653933 -0.643204 -0.540095 -1.838027 -1.072052 3.221395 0.967545 2.937016 0.638009 0.192821 1.248379 0.340733 10.058806 -0.787848 -0.377968 -0.113698 4.008400
1 inf -8.678579 -0.648086 -0.547236 -1.863780 -1.050138 3.242635 0.962946 2.925830 0.635211 0.232391 1.252501 0.345980 10.073916 -0.802921 -0.381250 -0.127911 3.982722
1 inf -8.683616 -0.656597 -0.570163 -1.873181 -1.067495 3.238840 0.961482 2.912033 0.659847 0.238410 1.264863 0.341146 10.078299 -0.805925 -0.344509 -0.103698 3.993008
1 inf -8.694425 -0.635698 -0.601937 -1.858184 -1.089980 3.280451 0.958797 2.923973 0.652657 0.192398 1.268047 0.322406 10.036232 -0.818231 -0.362201 -0.097416 3.989777
1 inf -8.701594 -0.652288 -0.553810 -1.849593 -1.056009 3.256576 0.954700 2.947393 0.594079 0.184691 1.225300 0.298894 10.038587 -0.796038 -0.343733 -0.077859 3.959043
1 inf -8.739054 -0.682134 -0.492081 -1.869358 -1.038463 3.237536 0.934774 2.914174 0.593302 0.217158 1.184643 0.316939 10.027181 -0.808593 -0.298100 -0.063560 3.984433
1 inf -8.757629 -0.698561 -0.498659 -1.883861 -1.036917 3.264255 0.892778 2.911848 0.614837 0.197507 1.184569 0.316852 9.984272 -0.772254 -0.294269 -0.076512 3.963669
1 inf -8.747067 -0.669785 -0.542851 -1.867299 -1.031108 3.300126 0.894599 2.905888 0.605803 0.183916 1.180305 0.347002 9.951891 -0.798212 -0.298686 -0.095490 3.966966
1 inf -8.739561 -0.670289 -0.534230 -1.898856 -1.043201 3.283229 0.892486 2.892517 0.618982 0.171523 1.177453 0.365535 9.960723 -0.822717 -0.291065 -0.064558 3.939215
1 inf -8.705332 -0.688646 -0.496599 -1.886242 -1.038153 3.257784 0.868751 2.883208 0.601878 0.179271 1.164535 0.415266 9.992111 -0.814376 -0.278931 -0.049164 3.960064
1 inf -8.690201 -0.706135 -0.487988 -1.876060 -1.055284 3.218425 0.841848 2.895740 0.590817 0.153887 1.146985 0.419859 9.960740 -0.800152 -0.287055 -0.042233 3.944546
1 inf -8.648473 -0.756057 -0.474911 -1.853785 -1.056753 3.243085 0.850567 2.861567 0.580441 0.171271 1.137439 0.429443 9.957169 -0.800495 -0.294388 -0.028119 3.975423
1 inf -8.630279 -0.765994 -0.449770 -1.864704 -1.067605 3.241008 0.866747 2.859626 0.580061 0.197528 1.137448 0.427999 9.975202 -0.809481 -0.290652 -0.027662 3.969398
1 inf -8.629498 -0.724514 -0.454207 -1.851966 -1.051699 3.260665 0.876920 2.887788 0.579775 0.206818 1.151587 0.409933 9.950607 -0.786715 -0.264463 -0.015456 3.987126
1 inf -8.607889 -0.736948 -0.462789 -1.869168 -1.055415 3.236644 0.890824 2.905623 0.602104 0.232032 1.130509 0.394395 9.997669 -0.789453 -0.283819 -0.019837 3.991487
1 inf -8.618917 -0.733075 -0.468554 -1.869519 -1.053267 3.257536 0.860555 2.924519 0.587436 0.224698 1.089705 0.390656 9.993596 -0.812791 -0.267790 -0.040739 3.953355
1 inf -8.641930 -0.734872 -0.470327 -1.841688 -1.046668 3.275344 0.861302 2.939401 0.590564 0.233913 1.067044 0.389505 9.992680 -0.831712 -0.294874 -0.070390 3.968824
1 inf -8.624570 -0.720416 -0.464132 -1.814510 -1.082873 3.268158 0.859115 2.929727 0.581140 0.215548 1.049130 0.420644 9.963004 -0.844461 -0.311401 -0.062982 3.987410
1 inf -8.633600 -0.754433 -0.487941 -1.790250 -1.088374 3.273447 0.855586 2.935486 0.594969 0.190227 0.980198 0.412979 9.927405 -0.825078 -0.333850 -0.062462 3.994466
1 inf -8.644483 -0.731096 -0.458814 -1.775109 -1.115427 3.272276 0.841959 2.941516 0.592537 0.188443 0.947739 0.382705 9.925535 -0.821082 -0.326032 -0.097719 3.991860
1 inf -8.633325 -0.743551 -0.422959 -1.806674 -1.153581 3.268521 0.833660 2.912110 0.608705 0.214285 0.938242 0.383443 9.923451 -0.863874 -0.283187 -0.092674 3.981898
1 inf -8.649777 -0.737494 -0.437047 -1.834545 -1.170039 3.274374 0.798157 2.918498 0.607625 0.239337 0.931890 0.354774 9.921300 -0.886052 -0.321047 -0.115830 4.007011
1 inf -8.629520 -0.722476 -0.410767 -1.845658 -1.166240 3.265160 0.818268 2.903921 0.595524 0.221351 0.956419 0.349061 9.943854 -0.878324 -0.295984 -0.127335 3.969905
1 inf -8.636485 -0.710535 -0.407889 -1.875390 -1.136833 3.244468 0.775797 2.893983 0.602251 0.243913 0.941143 0.310344 9.951989 -0.870925 -0.279320 -0.127611 3.972797
1 inf -8.637146 -0.715987 -0.396343 -1.878759 -1.123574 3.218031 0.770631 2.876697 0.570486 0.245147 0.922381 0.350794 9.969560 -0.898807 -0.300453 -0.110640 4.013475
1 inf -8.650957 -0.713164 -0.374609 -1.914154 -1.140119 3.216100 0.768872 2.893652 0.554019 0.259748 0.884843 0.344245 9.967194 -0.887665 -0.357012 -0.131358 3.993880
1 inf -8.666071 -0.704555 -0.337632 -1.960828 -1.151281 3.205356 0.791089 2.898678 0.546740 0.270855 0.901636 0.323809 9.974698 -0.905356 -0.340006 -0.130763 3.982160
1 inf -8.652810 -0.706847 -0.347326 -1.960465 -1.145907 3.233094 0.796546 2.908078 0.541987 0.261614 0.902066 0.351382 9.980665 -0.900317 -0.325209 -0.121827 3.998334
1 inf -8.659989 -0.717131 -0.321788 -1.960900 -1.168444 3.253920 0.774851 2.945463 0.542287 0.308128 0.901176 0.361705 9.994132 -0.890505 -0.344565 -0.141667 3.970388
1 inf -8.608927 -0.737059 -0.332730 -1.947694 -1.150121 3.241545 0.784651 2.974251 0.530714 0.305867 0.897896 0.357382 9.980684 -0.907647 -0.370792 -0.154956 3.948573
1 inf -8.594837 -0.707416 -0.350248 -1.943688 -1.120344 3.254040 0.765618 2.961076 0.537787 0.305535 0.900132 0.372148 9.962538 -0.891702 -0.338786 -0.137430 3.969074
1 inf -8.578413 -0.684449 -0.368559 -1.961735 -1.096237 3.255030 0.785313 2.965246 0.592393 0.301623 0.903743 0.401778 9.981156 -0.907656 -0.345977 -0.136647 3.971538
1 inf -8.567170 -0.666166 -0.403921 -1.984753 -1.061129 3.255624 0.813612 2.980145 0.599524 0.321976 0.909772 0.408871 9.968197 -0.894954 -0.366144 -0.115108 3.986125
1 inf -8.535982 -0.672732 -0.381336 -1.980462 -1.055697 3.241600 0.790149 2.962756 0.631357 0.333726 0.934250 0.396567 9.958504 -0.901193 -0.341549 -0.124104 3.974232
1 inf -8.537482 -0.663906 -0.367272 -1.984603 -1.070567 3.265384 0.777959 2.962833 0.629420 0.316160 0.968672 0.415439 9.981940 -0.893286 -0.307004 -0.113521 3.979377
1 inf -8.542394 -0.646644 -0.366755 -2.006856 -1.056164 3.259153 0.797310 2.934102 0.651034 0.327184 0.960470 0.414078 10.005286 -0.906245 -0.300619 -0.110010 3.952159
1 inf -8.551367 -0.601571 -0.371857 -2.032597 -1.068752 3.226740 0.774850 2.931280 0.632472 0.301861 0.994207 0.432720 9.996360 -0.917481 -0.314973 -0.100483 3.993154
1 inf -8.551774 -0.587619 -0.394225 -2.033645 -1.067603 3.242979 0.791134 2.934753 0.625940 0.310272 0.996929 0.399683 9.992326 -0.887225 -0.294109 -0.145571 3.993888
1 inf -8.573343 -0.629346 -0.383006 -2.064283 -1.094984 3.268661 0.796380 2.939014 0.632609 0.340171 1.018174 0.391919 9.997130 -0.887960 -0.296707 -0.141852 3.996983
1 inf -8.588775 -0.618309 -0.414888 -2.090851 -1.119521 3.291209 0.801199 2.945294 0.605197 0.307312 1.033450 0.405736 9.977916 -0.847067 -0.300005 -0.147114 3.978406
1 inf -8.583196 -0.614177 -0.426168 -2.129669 -1.113892 3.321290 0.793026 2.961874 0.585465 0.312502 1.028752 0.427952 9.985825 -0.824651 -0.264018 -0.180444 3.971313
1 inf -8.584279 -0.614865 -0.426127 -2.131036 -1.100850 3.336313 0.774970 2.967935 0.615171 0.291889 1.052784 0.417263 9.984307 -0.821774 -0.262225 -0.221852 3.955116
1 inf -8.594951 -0.599855 -0.433441 -2.146169 -1.088733 3.344592 0.751845 2.925533 0.613173 0.303938 1.062106 0.401254 10.048096 -0.806458 -0.279112 -0.213902 3.932903
1 inf -8.628041 -0.604122 -0.421831 -2.159284 -1.076293 3.347457 0.748283 2.925094 0.601513 0.319636 1.069920 0.405742 10.024968 -0.781753 -0.237493 -0.199251 3.936626
1 inf -8.594772 -0.599116 -0.440013 -2.178327 -1.059474 3.398270 0.759801 2.945848 0.614632 0.299460 1.070623 0.409862 10.027650 -0.760248 -0.226392 -0.186544 3.932573
1 inf -8.627913 -0.625836 -0.445702 -2.209972 -1.062472 3.437929 0.767917 2.930360 0.641581 0.304462 1.084776 0.377241 10.011116 -0.728819 -0.196784 -0.169224 3.913022
1 inf -8.608039 -0.610996 -0.471529 -2.217042 -1.067966 3.435634 0.769529 2.966339 0.654098 0.272508 1.059915 0.393030 9.981008 -0.733873 -0.204198 -0.159378 3.927861
1 inf -8.605768 -0.609900 -0.456660 -2.225332 -1.065627 3.401980 0.789874 2.955841 0.688285 0.298732 1.067518 0.364087 9.932797 -0.727631 -0.198091 -0.177632 3.943719
1 inf -8.625015 -0.630281 -0.506174 -2.198505 -1.079858 3.388551 0.808654 2.937230 0.687626 0.291219 1.078428 0.318507 9.962584 -0.745931 -0.198863 -0.150040 3.970974
1 inf -8.651389 -0.594630 -0.464375 -2.183413 -1.107042 3.414738 0.820801 2.969769 0.689554 0.293917 1.085922 0.281924 9.979988 -0.775835 -0.205040 -0.146919 3.945197
1 inf -8.664843 -0.559091 -0.473551 -2.184013 -1.105284 3.398634 0.837680 2.958080 0.683900 0.302472 1.098526 0.254072 9.945813 -0.792033 -0.233452 -0.175355 3.975408
1 inf -8.667084 -0.568127 -0.486841 -2.182455 -1.140674 3.385505 0.833658 2.983911 0.678584 0.319080 1.092226 0.257113 9.937458 -0.818483 -0.207908 -0.185119 3.953615
1 inf -8.698414 -0.569918 -0.448708 -2.156456 -1.138571 3.352331 0.833369 2.974187 0.691058 0.299415 1.090385 0.270317 9.936098 -0.787938 -0.209930 -0.182012 3.961924
1 inf -8.680447 -0.600903 -0.483067 -2.176211 -1.099703 3.320754 0.860235 2.994812 0.687098 0.303938 1.066946 0.285923 9.962607 -0.811223 -0.228737 -0.185210 3.934044
1 inf -8.660768 -0.572509 -0.476806 -2.173062 -1.104963 3.291818 0.836200 2.993718 0.639623 0.340474 1.081987 0.324336 9.962013 -0.792403 -0.222778 -0.186464 3.946760
1 inf -8.649493 -0.576110 -0.474002 -2.161079 -1.118278 3.307998 0.822226 2.968986 0.648365 0.323677 1.057647 0.362986 9.975753 -0.806711 -0.173851 -0.166466 3.936537
1 inf -8.656672 -0.586394 -0.448464 -2.161514 -1.140815 3.328824 0.800531 2.969286 0.694879 0.322787 1.067970 0.376453 9.985565 -0.826067 -0.193691 -0.194412 3.929328
1 inf -8.629217 -0.583220 -0.426509 -2.159204 -1.126130 3.324547 0.813505 2.974071 0.688288 0.319164 1.058025 0.363235 10.038571 -0.808379 -0.216400 -0.183940 3.923620
1 inf -8.595419 -0.617824 -0.432874 -2.181433 -1.100609 3.303199 0.822445 2.968079 0.681321 0.303594 1.026868 0.376271 10.006912 -0.813073 -0.235144 -0.195089 3.950731
1 inf -8.601637 -0.598891 -0.450231 -2.181167 -1.104796 3.267039 0.820785 2.951655 0.696951 0.281217 1.017224 0.368833 9.993811 -0.803474 -0.230726 -0.170932 3.952109
1 inf -8.590719 -0.635282 -0.442913 -2.146112 -1.117807 3.258173 0.813782 2.951749 0.691139 0.271805 1.049200 0.396943 9.971872 -0.767681 -0.209684 -0.175790 3.914902
1 inf -8.586821 -0.624889 -0.452420 -2.132835 -1.107715 3.263294 0.790718 2.960159 0.655343 0.278931 1.076249 0.426523 9.947303 -0.730170 -0.205426 -0.190798 3.953248
1 inf -8.600713 -0.605239 -0.442175 -2.126071 -1.127941 3.283291 0.791370 2.940219 0.659849 0.282932 1.059403 0.430942 9.979713 -0.678022 -0.209682 -0.201383 3.977917
1 inf -8.587666 -0.566587 -0.460946 -2.164976 -1.118691 3.288921 0.793387 2.934823 0.651716 0.297092 1.080322 0.433968 10.016248 -0.654300 -0.240821 -0.173861 3.955040
1 inf -8.575059 -0.546810 -0.486290 -2.162487 -1.122151 3.311885 0.797023 2.904565 0.667913 0.295905 1.071979 0.438425 9.981608 -0.648607 -0.246188 -0.171440 3.952784
1 inf -8.586506 -0.552891 -0.499474 -2.197482 -1.114468 3.324597 0.791425 2.902886 0.671944 0.299127 1.091363 0.458395 10.000738 -0.632917 -0.252694 -0.157474 3.950197
1 inf -8.610234 -0.539463 -0.462158 -2.189875 -1.121797 3.371091 0.814383 2.909107 0.672838 0.276745 1.100702 0.460556 10.006029 -0.672385 -0.245937 -0.143331 3.953149
1 inf -8.554315 -0.565367 -0.466366 -2.179940 -1.087264 3.332505 0.817263 2.883446 0.670321 0.259061 1.071012 0.483425 10.017161 -0.649574 -0.282801 -0.120205 3.944667
1 inf -8.533996 -0.570185 -0.495280 -2.201481 -1.081469 3.332488 0.834555 2.871711 0.661147 0.222446 1.061743 0.488808 9.982032 -0.638072 -0.296557 -0.164552 3.929297
1 inf -8.547395 -0.558500 -0.486362 -2.199091 -1.079065 3.324651 0.839231 2.853480 0.677255 0.229629 1.094956 0.475882 9.969219 -0.628789 -0.347101 -0.160311 3.941332
1 inf -8.542075 -0.553878 -0.476670 -2.236204 -1.097514 3.370120 0.841416 2.837254 0.663380 0.225153 1.054933 0.477061 9.975502 -0.589503 -0.350848 -0.169422 3.915808
1 inf -8.552335 -0.495938 -0.472009 -2.231044 -1.105156 3.390159 0.813375 2.858277 0.653658 0.221705 1.057214 0.475324 9.993686 -0.559695 -0.351034 -0.144771 3.891075
1 inf -8.533269 -0.503619 -0.459747 -2.244558 -1.091231 3.367520 0.813023 2.908239 0.694717 0.224104 1.101306 0.510003 9.991749 -0.542273 -0.324675 -0.191757 3.888810
1 inf -8.505542 -0.571735 -0.462949 -2.243246 -1.064678 3.365432 0.782125 2.875033 0.670615 0.224343 1.100651 0.499811 10.003512 -0.582265 -0.338570 -0.236452 3.875259
1 inf -8.514895 -0.559716 -0.499537 -2.224275 -1.059170 3.380096 0.788626 2.875976 0.617781 0.220846 1.119674 0.471358 9.968977 -0.584780 -0.287070 -0.235622 3.833505
1 inf -8.502668 -0.574265 -0.490733 -2.204274 -1.069071 3.356528 0.761742 2.883039 0.594952 0.205628 1.128534 0.461763 9.938279 -0.601053 -0.281305 -0.193595 3.829642
1 inf -8.531140 -0.547470 -0.476028 -2.210624 -1.079154 3.340878 0.745116 2.861948 0.609825 0.206174 1.164624 0.477929 9.917927 -0.581670 -0.275784 -0.233602 3.821279
1 inf -8.518695 -0.550779 -0.430304 -2.233760 -1.068073 3.322924 0.716443 2.902227 0.629785 0.198790 1.205116 0.500974 9.927647 -0.557482 -0.270637 -0.219315 3.790122
1 inf -8.520708 -0.604667 -0.453334 -2.233808 -1.059805 3.329347 0.673596 2.893636 0.626451 0.188893 1.215325 0.500008 9.941225 -0.559137 -0.283483 -0.228938 3.789727
1 inf -8.496241 -0.586185 -0.458779 -2.275700 -1.039172 3.335763 0.662078 2.895382 0.631291 0.137040 1.219198 0.509134 9.958414 -0.538609 -0.244130 -0.209615 3.778899
1 inf -8.508005 -0.608295 -0.474785 -2.256045 -1.040737 3.343448 0.660135 2.865668 0.659910 0.124288 1.237040 0.487001 9.958620 -0.556914 -0.253129 -0.194957 3.757125
1 inf -8.477865 -0.656382 -0.457569 -2.248745 -1.004802 3.337024 0.634420 2.838987 0.640601 0.132254 1.237881 0.497797 9.972554 -0.534206 -0.232082 -0.208941 3.784279
1 inf -8.447288 -0.678068 -0.509628 -2.249707 -1.005157 3.331425 0.664682 2.850782 0.601827 0.153980 1.211177 0.506119 9.970449 -0.533274 -0.254959 -0.232732 3.789682
1 inf -8.461240 -0.658842 -0.517550 -2.220403 -1.025713 3.308956 0.686301 2.818174 0.599512 0.129806 1.195394 0.499403 9.993473 -0.539949 -0.240331 -0.217226 3.804032
1 inf -8.476277 -0.696239 -0.549950 -2.193558 -1.025171 3.276424 0.699488 2.843155 0.629352 0.140571 1.183068 0.489897 9.990274 -0.540495 -0.252713 -0.254823 3.779713
1 inf -8.483456 -0.706523 -0.524412 -2.193993 -1.047708 3.297250 0.677793 2.880540 0.629652 0.187085 1.182178 0.500220 10.003741 -0.530683 -0.272069 -0.274663 3.751767
1 inf -8.468250 -0.706832 -0.508441 -2.205682 -1.030357 3.308836 0.677383 2.864339 0.610661 0.186614 1.217067 0.483095 10.017379 -0.537108 -0.300008 -0.302329 3.775838
1 inf -8.451376 -0.727233 -0.505599 -2.200792 -1.016063 3.302517 0.667744 2.895410 0.652410 0.167625 1.234381 0.478390 10.033437 -0.543557 -0.312122 -0.289894 3.738288
1 inf -8.428982 -0.681155 -0.522647 -2.170939 -1.038311 3.273539 0.664170 2.865068 0.640629 0.220176 1.265096 0.488668 10.032453 -0.537152 -0.307154 -0.286207 3.755675
1 inf -8.413967 -0.653839 -0.503235 -2.201111 -1.045554 3.295795 0.670893 2.873979 0.635502 0.216492 1.235982 0.497863 10.030078 -0.568111 -0.317994 -0.299519 3.734510
1 inf -8.404565 -0.705849 -0.492572 -2.214997 -1.021085 3.351771 0.644633 2.864786 0.632405 0.243746 1.260975 0.474604 10.014054 -0.582712 -0.340497 -0.315648 3.687129
1 inf -8.406150 -0.675958 -0.535463 -2.224339 -1.030471 3.326793 0.627339 2.869405 0.625133 0.277266 1.273388 0.491554 10.008404 -0.572408 -0.358412 -0.354689 3.703601
1 inf -8.388347 -0.694299 -0.533910 -2.222072 -1.028964 3.338834 0.605180 2.829633 0.611198 0.258791 1.264308 0.481246 10.012823 -0.581350 -0.348784 -0.336809 3.721028
1 inf -8.382072 -0.671201 -0.539312 -2.217863 -1.014731 3.335522 0.607659 2.814838 0.601617 0.237393 1.244062 0.460794 9.992854 -0.549994 -0.355672 -0.331049 3.738023
1 inf -8.389302 -0.634219 -0.562873 -2.238523 -1.027235 3.340568 0.607916 2.776039 0.647703 0.244333 1.293310 0.449639 9.993203 -0.532258 -0.399873 -0.356791 3.770495
1 inf -8.365395 -0.676928 -0.565666 -2.213925 -1.003275 3.364997 0.607547 2.783987 0.645754 0.208144 1.264398 0.476580 9.977753 -0.533073 -0.393738 -0.356330 3.751013
1 inf -8.361289 -0.666168 -0.577362 -2.226199 -1.018957 3.384483 0.612498 2.778481 0.622829 0.194712 1.264168 0.488084 9.975822 -0.541337 -0.353701 -0.304340 3.757181
1 inf -8.370498 -0.654797 -0.547991 -2.184419 -1.014808 3.409480 0.574847 2.790868 0.603098 0.149726 1.250157 0.458177 9.969980 -0.538575 -0.351874 -0.322004 3.730034
1 inf -8.348943 -0.658614 -0.541406 -2.164033 -1.027004 3.418347 0.585522 2.801551 0.601414 0.180444 1.290594 0.454696 9.986278 -0.518074 -0.326764 -0.297406 3.738695
1 inf -8.336180 -0.625013 -0.553797 -2.160360 -1.015150 3.440764 0.632540 2.835087 0.588324 0.158504 1.290047 0.433074 9.962447 -0.512190 -0.346439 -0.300049 3.761495
1 inf -8.347716 -0.600286 -0.526634 -2.173334 -1.043013 3.428541 0.612152 2.798225 0.566876 0.178997 1.322980 0.446818 9.980241 -0.529251 -0.333421 -0.268312 3.735162
1 inf -8.390073 -0.603871 -0.508893 -2.175093 -1.025000 3.404995 0.611517 2.775623 0.537293 0.195865 1.319685 0.470340 9.929129 -0.521803 -0.353779 -0.238313 3.771412
1 inf -8.392535 -0.606735 -0.489801 -2.166246 -1.040050 3.422909 0.576653 2.781490 0.560154 0.192597 1.363683 0.457234 9.916410 -0.543012 -0.378199 -0.248067 3.777145
1 inf -8.415563 -0.607024 -0.468684 -2.192514 -1.043192 3.432599 0.579906 2.812083 0.570664 0.184066 1.334839 0.484716 9.924207 -0.539979 -0.376444 -0.264734 3.760607
1 inf -8.410923 -0.581221 -0.456812 -2.259937 -1.059634 3.423188 0.587312 2.808075 0.571430 0.209942 1.348418 0.499885 9.891361 -0.536854 -0.363889 -0.275862 3.727602
1 inf -8.413671 -0.577071 -0.440299 -2.235375 -1.049028 3.445817 0.597591 2.799493 0.558926 0.186017 1.324959 0.501392 9.923853 -0.567319 -0.356968 -0.271001 3.759620
1 inf -8.404052 -0.563791 -0.435461 -2.206281 -1.054368 3.456741 0.608540 2.808798 0.573854 0.158606 1.315760 0.538170 9.910631 -0.569122 -0.339240 -0.245042 3.763496
1 inf -8.428589 -0.555874 -0.433728 -2.152975 -1.083497 3.434714 0.618007 2.759013 0.553638 0.161510 1.337486 0.523248 9.916409 -0.550405 -0.366414 -0.216001 3.757183
1 inf -8.451969 -0.547300 -0.462222 -2.157381 -1.051374 3.453469 0.600645 2.746700 0.621191 0.153896 1.334638 0.536724 9.940373 -0.541377 -0.362351 -0.204775 3.789304
1 inf -8.523473 -0.568567 -0.462178 -2.159640 -1.033520 3.461867 0.630794 2.729962 0.626353 0.135331 1.349538 0.534625 9.923429 -0.516169 -0.327012 -0.227857 3.801298
1 inf -8.498863 -0.529117 -0.415284 -2.225252 -1.035005 3.444798 0.607296 2.733734 0.619765 0.122787 1.380120 0.576336 9.928014 -0.534996 -0.325672 -0.202327 3.826488
1 inf -8.494752 -0.523597 -0.417237 -2.212044 -1.065261 3.424772 0.629943 2.755105 0.656431 0.161488 1.395371 0.589001 9.951110 -0.526253 -0.334315 -0.224136 3.829936
1 inf -8.468141 -0.526791 -0.419139 -2.197752 -1.074454 3.398841 0.629787 2.715843 0.635184 0.174670 1.413814 0.572267 9.977264 -0.509343 -0.346798 -0.207647 3.866704
1 inf -8.460777 -0.544708 -0.412092 -2.247905 -1.080542 3.407628 0.606058 2.709127 0.628003 0.133069 1.456534 0.555185 9.998022 -0.525290 -0.327120 -0.181789 3.889126
1 inf -8.463538 -0.518360 -0.405765 -2.205957 -1.087032 3.412942 0.623990 2.707882 0.614553 0.124234 1.476815 0.524794 9.986718 -0.545024 -0.380332 -0.196396 3.879639
1 inf -8.470717 -0.528644 -0.380227 -2.206392 -1.109569 3.433768 0.602295 2.745267 0.614853 0.170748 1.475925 0.535117 10.000185 -0.535212 -0.399688 -0.216236 3.851693
1 inf -8.469317 -0.523089 -0.375841 -2.210709 -1.168330 3.442787 0.613000 2.726082 0.573508 0.186067 1.480587 0.569321 9.982975 -0.538287 -0.386491 -0.184475 3.927225
1 inf -8.432740 -0.567244 -0.373924 -2.208602 -1.147273 3.454081 0.617092 2.733959 0.575492 0.190106 1.490212 0.589982 9.981287 -0.548598 -0.352630 -0.192596 3.896991
1 inf -8.409958 -0.589323 -0.400681 -2.154229 -1.117526 3.457877 0.648594 2.763491 0.576480 0.214662 1.490212 0.557469 9.989396 -0.573076 -0.359006 -0.185457 3.916446
1 inf -8.395115 -0.585716 -0.408055 -2.159990 -1.158908 3.461936 0.663179 2.794398 0.575486 0.228329 1.487265 0.584600 10.019902 -0.612051 -0.353151 -0.198188 3.921975
1 inf -8.388820 -0.579010 -0.450234 -2.180468 -1.140829 3.455054 0.665244 2.804251 0.576445 0.261918 1.500034 0.575736 10.034815 -0.608743 -0.341520 -0.209017 3.938107
1 inf -8.400123 -0.590083 -0.447004 -2.179538 -1.160426 3.452841 0.648464 2.773939 0.556734 0.247779 1.466819 0.535512 10.038170 -0.616139 -0.328909 -0.222674 3.943465
1 inf -8.433853 -0.575853 -0.448025 -2.192883 -1.187728 3.450405 0.629718 2.762992 0.538921 0.232954 1.481884 0.580754 10.070706 -0.657059 -0.332248 -0.219343 3.942465
1 inf -8.426769 -0.554169 -0.448844 -2.238215 -1.204708 3.422664 0.613880 2.780265 0.536615 0.204149 1.509762 0.580307 10.096256 -0.690706 -0.336287 -0.215303 3.944529
1 inf -8.418015 -0.569287 -0.425869 -2.203897 -1.224184 3.430304 0.585382 2.771320 0.576253 0.195685 1.493465 0.579043 10.129779 -0.687230 -0.363815 -0.209208 3.934858
1 inf -8.425017 -0.604842 -0.425444 -2.221816 -1.250359 3.405985 0.593259 2.771544 0.543481 0.201078 1.504512 0.610844 10.125615 -0.649245 -0.331328 -0.193386 3.939352
1 inf -8.449410 -0.582979 -0.443239 -2.231415 -1.262566 3.387618 0.573045 2.812700 0.513573 0.162622 1.508437 0.628464 10.083934 -0.632525 -0.347316 -0.194265 3.942241
1 inf -8.452897 -0.570367 -0.458066 -2.225030 -1.312297 3.451814 0.585909 2.831316 0.520462 0.189364 1.527336 0.605166 10.062616 -0.629201 -0.336199 -0.199149 3.961776
1 inf -8.438754 -0.590038 -0.440353 -2.205590 -1.265082 3.444050 0.603924 2.837627 0.463838 0.247813 1.525369 0.592276 10.060983 -0.625265 -0.308965 -0.130570 3.954151
1 inf -8.429800 -0.597036 -0.448198 -2.207101 -1.266081 3.467623 0.594119 2.841711 0.451760 0.242248 1.510091 0.587592 10.091320 -0.617515 -0.319109 -0.178217 3.961906
1 inf -8.420953 -0.605518 -0.457234 -2.230892 -1.256300 3.470014 0.555802 2.824651 0.432101 0.227218 1.478375 0.586881 10.155971 -0.603521 -0.327281 -0.201401 3.927809
1 inf -8.402134 -0.615629 -0.468077 -2.224630 -1.257326 3.450914 0.538883 2.855214 0.398519 0.228499 1.471695 0.611532 10.148911 -0.634035 -0.336594 -0.244256 3.936436
1 inf -8.397575 -0.650297 -0.458509 -2.250315 -1.218583 3.458626 0.567839 2.859296 0.423073 0.238663 1.497590 0.592116 10.113942 -0.623022 -0.350556 -0.249221 3.907826
1 inf -8.420048 -0.647598 -0.418749 -2.239187 -1.181821 3.442906 0.593389 2.897899 0.433795 0.253423 1.494053 0.596463 10.096034 -0.615120 -0.356942 -0.237199 3.913761
1 inf -8.443920 -0.652911 -0.445465 -2.244829 -1.145763 3.410257 0.602745 2.900711 0.458698 0.228355 1.434146 0.652034 10.121396 -0.622827 -0.329038 -0.239130 3.909137
1 inf -8.451099 -0.663195 -0.419927 -2.245264 -1.168300 3.431083 0.581050 2.938096 0.458998 0.274869 1.433256 0.662357 10.134863 -0.613015 -0.348394 -0.258970 3.881191
1 inf -8.413073 -0.653936 -0.444731 -2.259938 -1.207051 3.406699 0.556775 2.959676 0.439675 0.279167 1.447415 0.618856 10.104384 -0.622992 -0.346822 -0.263821 3.863346
1 inf -8.375470 -0.661993 -0.431899 -2.259334 -1.182564 3.386050 0.537166 2.919952 0.439152 0.267984 1.489672 0.622306 10.167362 -0.633162 -0.377951 -0.241434 3.859799
1 inf -8.407008 -0.698325 -0.427965 -2.228284 -1.149753 3.392646 0.528939 2.903177 0.435453 0.250912 1.472204 0.660031 10.143667 -0.653059 -0.388308 -0.218342 3.867714
1 inf -8.378625 -0.739878 -0.436194 -2.203852 -1.139571 3.399506 0.531096 2.877574 0.432081 0.268873 1.480342 0.677160 10.148104 -0.658601 -0.375751 -0.259849 3.866621
1 inf -8.401166 -0.722384 -0.411839 -2.167219 -1.205376 3.422816 0.517799 2.882926 0.432004 0.276157 1.455028 0.680205 10.132387 -0.668313 -0.362444 -0.243863 3.858550
1 inf -8.397696 -0.707300 -0.398163 -2.134843 -1.226165 3.428850 0.515137 2.847560 0.462146 0.255068 1.478356 0.688039 10.118216 -0.679258 -0.350480 -0.249849 3.838683
1 inf -8.396925 -0.738818 -0.397011 -2.128886 -1.224060 3.432340 0.540592 2.870338 0.454573 0.271927 1.469924 0.681309 10.091438 -0.683702 -0.344425 -0.251890 3.857659
1 inf -8.417039 -0.745378 -0.388873 -2.131322 -1.210665 3.391277 0.549164 2.865295 0.464387 0.261706 1.490843 0.696657 10.059178 -0.669308 -0.313000 -0.234304 3.826393
1 inf -8.432969 -0.792201 -0.402231 -2.091943 -1.191017 3.340974 0.571770 2.885438 0.459368 0.252294 1.479821 0.679572 10.082664 -0.657945 -0.261966 -0.265475 3.816141
1 inf -8.421661 -0.804519 -0.399571 -2.092015 -1.169728 3.333764 0.567344 2.886360 0.448733 0.287578 1.503062 0.675973 10.116485 -0.634788 -0.244257 -0.257595 3.810059
1 inf -8.447476 -0.794055 -0.383387 -2.091678 -1.181034 3.336353 0.565426 2.907945 0.417219 0.284139 1.506416 0.683769 10.094720 -0.609341 -0.238830 -0.242294 3.790845
1 inf -8.398132 -0.759285 -0.386842 -2.100169 -1.184504 3.338639 0.541605 2.877528 0.408474 0.255081 1.504714 0.682710 10.059127 -0.645390 -0.250121 -0.264265 3.776659
1 inf -8.427606 -0.734865 -0.390621 -2.093055 -1.170217 3.336451 0.517177 2.914700 0.433369 0.275951 1.480759 0.692038 10.041227 -0.662561 -0.277352 -0.277634 3.783271
1 inf -8.475906 -0.715949 -0.396718 -2.090413 -1.175316 3.354536 0.524296 2.914200 0.397352 0.279554 1.468945 0.690570 10.042836 -0.673021 -0.282422 -0.262443 3.807823
1 inf -8.451887 -0.719227 -0.406549 -2.094406 -1.194967 3.343297 0.552274 2.914770 0.394516 0.289415 1.446141 0.659116 10.051022 -0.651657 -0.305825 -0.246978 3.801432
1 inf -8.416709 -0.726696 -0.363196 -2.099092 -1.170239 3.304950 0.555323 2.909792 0.395950 0.267569 1.459822 0.662508 10.074238 -0.658582 -0.281744 -0.241684 3.818837
1 inf -8.398519 -0.744884 -0.378627 -2.119736 -1.176979 3.288435 0.559431 2.940900 0.373344 0.287430 1.451098 0.635738 10.127251 -0.645814 -0.287422 -0.227151 3.821004
1 inf -8.395628 -0.727973 -0.369760 -2.120950 -1.176843 3.304412 0.596147 2.926437 0.367696 0.278149 1.465164 0.666032 10.098429 -0.644234 -0.288718 -0.216470 3.849360
1 inf -8.377412 -0.771192 -0.347277 -2.118247 -1.164477 3.317758 0.554018 2.934357 0.399168 0.297218 1.446429 0.696440 10.122481 -0.680586 -0.295021 -0.209403 3.823266
1 inf -8.378940 -0.760639 -0.388395 -2.134407 -1.164202 3.297665 0.529491 2.906460 0.384639 0.292346 1.452329 0.676363 10.127641 -0.672474 -0.290321 -0.197475 3.834800
1 inf -8.376776 -0.799326 -0.393296 -2.143500 -1.197378 3.301981 0.541615 2.914216 0.388326 0.270507 1.446207 0.677304 10.107057 -0.696111 -0.280033 -0.201153 3.835033
1 inf -8.370854 -0.785737 -0.379335 -2.145516 -1.215080 3.289729 0.521284 2.909739 0.388240 0.260680 1.418509 0.682255 10.108731 -0.706213 -0.282412 -0.229840 3.821808
1 inf -8.370000 -0.776163 -0.367473 -2.155270 -1.214547 3.308432 0.532173 2.895619 0.360075 0.247548 1.411990 0.688362 10.095421 -0.714576 -0.304102 -0.191215 3.852306
1 inf -8.328850 -0.775834 -0.359099 -2.161997 -1.220583 3.275226 0.563259 2.915857 0.351647 0.239587 1.425837 0.683291 10.108070 -0.746315 -0.295115 -0.227658 3.850882
1 inf -8.332510 -0.804028 -0.353272 -2.141199 -1.240451 3.305174 0.590748 2.986599 0.377249 0.263834 1.400968 0.681576 10.124846 -0.750145 -0.316459 -0.181630 3.868713
1 inf -8.340362 -0.807861 -0.336133 -2.158195 -1.261981 3.297879 0.584615 2.975517 0.360919 0.279066 1.393506 0.659065 10.099464 -0.782563 -0.283153 -0.178231 3.850896
1 inf -8.327067 -0.827465 -0.362162 -2.122062 -1.251633 3.277563 0.569606 2.973341 0.347452 0.291632 1.372086 0.641045 10.089670 -0.775433 -0.326430 -0.205728 3.844152
1 inf -8.333384 -0.857508 -0.329999 -2.114223 -1.239733 3.258914 0.566897 2.959776 0.339611 0.314590 1.406648 0.614852 10.074208 -0.786520 -0.347462 -0.203754 3.800304
1 inf -8.346905 -0.872371 -0.362341 -2.132289 -1.223276 3.263153 0.560293 2.994602 0.342834 0.305223 1.414617 0.638377 10.095281 -0.773681 -0.333898 -0.238576 3.798273
1 inf -8.354084 -0.882655 -0.336803 -2.132724 -1.245813 3.283979 0.538598 2.994902 0.389348 0.304333 1.424940 0.651844 10.105093 -0.793037 -0.353738 -0.266522 3.791064
1 inf -8.357346 -0.879894 -0.353894 -2.090280 -1.243604 3.267548 0.563623 2.973286 0.417811 0.325069 1.434685 0.611904 10.109736 -0.795765 -0.333081 -0.260985 3.788425
1 inf -8.393788 -0.886999 -0.366566 -2.080836 -1.244294 3.270694 0.573781 2.997392 0.382441 0.332940 1.438900 0.623696 10.118021 -0.806493 -0.315404 -0.267832 3.746635
1 inf -8.406344 -0.874279 -0.341919 -2.073051 -1.238395 3.251182 0.597920 2.990534 0.384081 0.304765 1.453552 0.653427 10.103047 -0.838449 -0.283744 -0.254319 3.752354
1 inf -8.414620 -0.834204 -0.351021 -2.107218 -1.260473 3.265752 0.606585 2.970125 0.398562 0.331208 1.454170 0.672397 10.101201 -0.815175 -0.267955 -0.264498 3.757844
1 inf -8.367398 -0.825333 -0.336835 -2.147288 -1.242425 3.279594 0.616846 2.996604 0.394187 0.338735 1.427103 0.696845 10.097707 -0.817098 -0.316033 -0.258334 3.779404
1 inf -8.374601 -0.797500 -0.327737 -2.173475 -1.253470 3.298133 0.589424 2.981062 0.418597 0.362308 1.429405 0.645203 10.130022 -0.803193 -0.317654 -0.262785 3.781769
1 inf -8.335447 -0.803892 -0.309357 -2.189077 -1.267603 3.301584 0.587049 2.962977 0.400896 0.381202 1.408802 0.675174 10.091214 -0.837958 -0.306867 -0.235635 3.755706
1 inf -8.295576 -0.800415 -0.260305 -2.221043 -1.275802 3.303905 0.592988 2.972878 0.401479 0.374088 1.397935 0.669209 10.066084 -0.846277 -0.314896 -0.240040 3.766678
1 inf -8.281081 -0.791443 -0.277911 -2.224501 -1.309566 3.317955 0.602270 2.999061 0.381085 0.352650 1.408529 0.656590 10.097546 -0.831996 -0.322267 -0.254284 3.768906
1 inf -8.296302 -0.814194 -0.301207 -2.206631 -1.338107 3.321391 0.627716 2.963454 0.391561 0.371850 1.403329 0.675239 10.117412 -0.869319 -0.286748 -0.268115 3.758973
1 inf -8.290278 -0.852579 -0.261514 -2.212705 -1.324250 3.311681 0.632695 2.962475 0.394815 0.353541 1.397994 0.658511 10.107510 -0.860164 -0.296226 -0.282627 3.755056
1 inf -8.306051 -0.836457 -0.228831 -2.210944 -1.336457 3.333520 0.659566 2.956176 0.396253 0.372525 1.434590 0.646301 10.087028 -0.855300 -0.286433 -0.241276 3.750658
1 inf -8.314796 -0.797121 -0.215180 -2.169258 -1.359164 3.313523 0.675643 2.988738 0.389535 0.401066 1.427282 0.686267 10.092680 -0.847496 -0.285176 -0.226437 3.742651
1 inf -8.319663 -0.745389 -0.224927 -2.174363 -1.336179 3.300365 0.647907 2.987000 0.375177 0.374943 1.416402 0.693054 10.080351 -0.828991 -0.313255 -0.233306 3.717538
1 inf -8.288867 -0.775003 -0.220966 -2.194573 -1.311841 3.305747 0.660259 2.996552 0.376479 0.350902 1.449169 0.690394 10.086260 -0.846808 -0.321643 -0.253271 3.676637
1 inf -8.266088 -0.750778 -0.188444 -2.208003 -1.339731 3.326315 0.661942 2.974425 0.402097 0.322961 1.452419 0.684029 10.122641 -0.877206 -0.318134 -0.229906 3.677656
1 inf -8.285475 -0.760922 -0.194469 -2.222154 -1.344157 3.304247 0.654371 2.988196 0.457536 0.347589 1.427894 0.652100 10.116453 -0.898564 -0.327190 -0.275280 3.703963
1 inf -8.314794 -0.802335 -0.222091 -2.201439 -1.371825 3.318437 0.653194 2.982446 0.424121 0.366264 1.435992 0.654318 10.094451 -0.932753 -0.305725 -0.318434 3.727095
1 inf -8.325447 -0.777539 -0.215254 -2.181675 -1.381613 3.297007 0.612958 2.970073 0.415128 0.348381 1.429688 0.660512 10.107730 -0.941322 -0.302637 -0.319838 3.737109
1 inf -8.317069 -0.770762 -0.213848 -2.145801 -1.347894 3.240294 0.576883 2.962164 0.419216 0.352180 1.428109 0.675229 10.133828 -0.947283 -0.312504 -0.303461 3.740309
1 inf -8.339498 -0.736566 -0.188457 -2.216233 -1.348133 3.230708 0.544882 2.976721 0.436153 0.353664 1.406334 0.667615 10.126890 -0.959926 -0.273221 -0.272481 3.736894
1 inf -8.355448 -0.700212 -0.216464 -2.248454 -1.360820 3.269400 0.577178 2.965288 0.434457 0.337748 1.411239 0.652247 10.102757 -0.939237 -0.246721 -0.303578 3.741607
1 inf -8.340166 -0.695061 -0.203793 -2.275992 -1.331282 3.257523 0.606553 2.941747 0.400275 0.331214 1.401788 0.637333 10.091844 -0.938653 -0.236370 -0.261528 3.737905
1 inf -8.379079 -0.713375 -0.182574 -2.275230 -1.328464 3.250475 0.589998 2.901095 0.412806 0.349029 1.383432 0.634707 10.099055 -0.935555 -0.232949 -0.268673 3.767213
1 inf -8.337174 -0.697387 -0.200736 -2.276118 -1.336003 3.272702 0.576457 2.908854 0.427456 0.378092 1.363181 0.627230 10.118812 -0.954385 -0.225449 -0.263974 3.743638
1 inf -8.361284 -0.743920 -0.205013 -2.287157 -1.364655 3.244780 0.579642 2.884653 0.449715 0.372631 1.331389 0.632267 10.116205 -0.960796 -0.226808 -0.266828 3.766846
1 inf -8.384169 -0.734426 -0.222707 -2.302967 -1.404331 3.274180 0.565897 2.933554 0.433572 0.393260 1.324750 0.619999 10.118985 -1.017925 -0.207512 -0.252584 3.787522
1 inf -8.404265 -0.721898 -0.200280 -2.310312 -1.477916 3.274537 0.553126 2.914200 0.454212 0.348193 1.344974 0.615626 10.076873 -1.021542 -0.206870 -0.262779 3.794124
1 inf -8.382751 -0.763975 -0.205402 -2.333511 -1.441843 3.263178 0.575968 2.866083 0.427225 0.319099 1.341103 0.601984 10.076273 -1.009629 -0.222985 -0.256255 3.804303
1 inf -8.389930 -0.774259 -0.179864 -2.333946 -1.464380 3.284004 0.554273 2.903468 0.427525 0.365613 1.340213 0.612307 10.089740 -0.999817 -0.242341 -0.276095 3.776357
1 inf -8.381489 -0.780250 -0.166786 -2.307739 -1.472106 3.277537 0.547011 2.863444 0.405974 0.367589 1.342739 0.576493 10.126097 -0.963416 -0.259790 -0.264156 3.780493
1 inf -8.376812 -0.778742 -0.183798 -2.329985 -1.462382 3.259306 0.549601 2.876154 0.435130 0.337649 1.345102 0.591561 10.142701 -0.978264 -0.239117 -0.271475 3.778062
1 inf -8.368065 -0.783275 -0.194631 -2.337180 -1.463025 3.271268 0.553007 2.877610 0.411771 0.350292 1.369097 0.627693 10.118493 -0.949878 -0.216040 -0.267168 3.781156
1 inf -8.361660 -0.756399 -0.184202 -2.296668 -1.458200 3.280892 0.536547 2.857555 0.424015 0.336699 1.336203 0.598910 10.107756 -0.915271 -0.243898 -0.286531 3.776474
1 inf -8.374280 -0.730437 -0.185142 -2.324242 -1.424112 3.277589 0.514172 2.879074 0.441208 0.361117 1.340894 0.615229 10.106818 -0.842295 -0.218988 -0.251582 3.778108
1 inf -8.363148 -0.699713 -0.156055 -2.328090 -1.427925 3.289144 0.468391 2.862793 0.424542 0.369114 1.327687 0.612779 10.081526 -0.827225 -0.226854 -0.245025 3.763642
