1 inf -8.264354 -0.677501 -0.740118 -1.686607 -1.050482 2.702446 -0.116466 2.144072 -0.073515 0.941638 2.252041 -0.060888 9.804239 -1.318737 -0.974587 0.450390 3.598921
1 inf -8.287909 -0.681908 -0.730738 -1.643288 -1.050562 2.702532 -0.117078 2.147947 -0.065610 0.949363 2.276236 -0.052456 9.810113 -1.340071 -0.948233 0.443942 3.574623
1 inf -8.258714 -0.714574 -0.739553 -1.620479 -1.086283 2.711236 -0.135101 2.171296 -0.102262 0.934957 2.260395 -0.060101 9.798620 -1.310706 -0.967494 0.464582 3.594322
1 inf -8.283171 -0.755780 -0.755017 -1.662837 -1.054155 2.714556 -0.126970 2.198026 -0.104459 0.917800 2.239088 -0.076604 9.798544 -1.301793 -0.993547 0.462446 3.588158
1 inf -8.262135 -0.771633 -0.758436 -1.663766 -1.022874 2.750131 -0.116368 2.199758 -0.105869 0.960921 2.222590 -0.059323 9.807848 -1.257256 -0.968218 0.438631 3.568891
1 inf -8.275583 -0.755271 -0.708439 -1.667838 -1.027750 2.747569 -0.125425 2.226616 -0.095911 0.963038 2.248261 -0.093965 9.770919 -1.226320 -0.949071 0.427323 3.594183
1 inf -8.280489 -0.730912 -0.711297 -1.657428 -1.040258 2.767880 -0.153806 2.236391 -0.087506 0.966352 2.229136 -0.084346 9.783263 -1.216854 -0.979087 0.426112 3.582300
1 inf -8.287690 -0.737217 -0.721987 -1.701360 -1.050186 2.755067 -0.138139 2.206667 -0.122536 0.965003 2.253454 -0.113290 9.808903 -1.196252 -0.975003 0.456757 3.575878
1 inf -8.341484 -0.753236 -0.746387 -1.704618 -1.050421 2.704595 -0.121533 2.164396 -0.126645 0.940182 2.249018 -0.109504 9.827806 -1.187714 -0.988743 0.442048 3.580309
1 inf -8.326192 -0.758713 -0.733009 -1.672587 -1.073124 2.712046 -0.096072 2.160916 -0.122328 0.993940 2.242059 -0.098453 9.841576 -1.236712 -0.955980 0.429837 3.589371
1 inf -8.310426 -0.746144 -0.732190 -1.705677 -1.077661 2.724852 -0.115051 2.184429 -0.134687 0.984465 2.243786 -0.106301 9.830435 -1.211269 -0.954704 0.448637 3.547002
1 inf -8.296991 -0.773533 -0.734044 -1.690031 -1.085010 2.728198 -0.116915 2.164227 -0.158327 0.963043 2.222550 -0.117105 9.787271 -1.227455 -0.955777 0.457854 3.561375
1 inf -8.282047 -0.797073 -0.699089 -1.660656 -1.091755 2.700897 -0.103652 2.157577 -0.158557 0.944194 2.206267 -0.129411 9.760430 -1.230481 -0.936783 0.443312 3.609664
1 inf -8.296133 -0.753306 -0.645405 -1.655383 -1.047982 2.716944 -0.118523 2.125344 -0.175091 0.940764 2.214744 -0.091657 9.793335 -1.271702 -0.921584 0.412530 3.587609
1 inf -8.296622 -0.775665 -0.666400 -1.696113 -1.037947 2.698668 -0.090877 2.129795 -0.151250 0.964393 2.215071 -0.086152 9.800781 -1.313378 -0.950044 0.424524 3.568079
1 inf -8.321283 -0.761471 -0.681258 -1.695599 -1.016008 2.695699 -0.089803 2.122863 -0.175612 0.976671 2.200448 -0.071571 9.780378 -1.306965 -0.962730 0.475526 3.566059
1 inf -8.352677 -0.819007 -0.698820 -1.676028 -1.056912 2.709669 -0.051113 2.065518 -0.141575 0.969352 2.189359 -0.076881 9.772018 -1.309542 -0.930987 0.490693 3.541546
1 inf -8.357221 -0.821087 -0.700370 -1.707829 -1.051335 2.719821 -0.054448 2.051250 -0.100598 0.949773 2.194487 -0.035143 9.739718 -1.328014 -0.921064 0.524546 3.546188
1 inf -8.378143 -0.815573 -0.703339 -1.706816 -1.072983 2.746775 -0.047416 2.052881 -0.099336 0.968281 2.176982 -0.060816 9.734105 -1.365045 -0.885127 0.524030 3.566029
1 inf -8.359912 -0.825111 -0.722223 -1.715436 -1.079100 2.751980 -0.072093 2.025902 -0.116515 0.974559 2.180708 -0.082636 9.701090 -1.334828 -0.873114 0.526061 3.586881
1 inf -8.376819 -0.852981 -0.750063 -1.726015 -1.068519 2.749354 -0.052973 1.988067 -0.075143 0.997453 2.169670 -0.056063 9.691801 -1.341650 -0.876041 0.542859 3.607502
1 inf -8.385037 -0.849568 -0.726440 -1.719238 -1.073522 2.784536 -0.087082 2.025790 -0.073914 0.988111 2.166070 -0.052639 9.718191 -1.338205 -0.885921 0.510499 3.610347
1 inf -8.390402 -0.840826 -0.782864 -1.720664 -1.095511 2.789869 -0.047904 2.001241 -0.044662 0.957590 2.155971 -0.032439 9.712058 -1.326858 -0.889802 0.535678 3.607426
1 inf -8.405302 -0.851236 -0.792588 -1.754165 -1.102440 2.767061 -0.032987 2.007876 -0.029699 0.959871 2.161307 0.016950 9.721474 -1.322738 -0.849714 0.552524 3.616451
1 inf -8.417935 -0.857726 -0.803709 -1.692245 -1.116862 2.780014 -0.004615 1.979569 -0.052842 0.978660 2.110834 0.053547 9.690563 -1.366087 -0.856618 0.537012 3.624714
1 inf -8.415490 -0.880181 -0.790641 -1.678453 -1.110395 2.783171 -0.018856 1.970012 -0.039596 0.960112 2.077794 0.049362 9.687261 -1.366647 -0.836333 0.539747 3.629532
1 inf -8.444437 -0.859882 -0.781161 -1.642962 -1.069150 2.786702 -0.012040 1.952417 -0.056053 0.991874 2.063633 0.037783 9.667433 -1.368344 -0.868000 0.539030 3.663732
1 inf -8.410194 -0.846144 -0.772196 -1.662859 -1.033286 2.751893 0.011128 1.938581 -0.063264 0.981530 2.048122 0.027276 9.669720 -1.407829 -0.848897 0.514238 3.645804
1 inf -8.455989 -0.851056 -0.791499 -1.686934 -1.049116 2.750073 -0.021994 1.914073 -0.080390 0.976351 2.045162 0.002765 9.655907 -1.352523 -0.839659 0.529304 3.670544
1 inf -8.447341 -0.797169 -0.835550 -1.664851 -1.036725 2.770426 -0.015109 1.911730 -0.061606 0.960785 2.033173 0.019921 9.673977 -1.352740 -0.876383 0.503678 3.651724
1 inf -8.458325 -0.814665 -0.833329 -1.643688 -1.007113 2.778715 -0.003897 1.904858 -0.067874 0.946927 1.999290 0.044465 9.699339 -1.321992 -0.900910 0.496717 3.683194
1 inf -8.415979 -0.827348 -0.832906 -1.679782 -1.014175 2.801841 -0.066838 1.965018 -0.065897 0.996493 1.991824 0.038955 9.725332 -1.343114 -0.916807 0.533247 3.681042
1 inf -8.424975 -0.823160 -0.829204 -1.679468 -1.001519 2.823367 -0.095960 1.959955 -0.060588 0.988011 2.035270 0.076636 9.726495 -1.334752 -0.881349 0.534301 3.682641
1 inf -8.399856 -0.821765 -0.821401 -1.668606 -1.015772 2.776883 -0.079418 1.941247 -0.068367 0.964008 2.037221 0.117887 9.732373 -1.355106 -0.876349 0.554515 3.686684
1 inf -8.374811 -0.774863 -0.853723 -1.659917 -1.049485 2.789519 -0.083840 1.972022 -0.067744 0.991286 2.031363 0.087838 9.741438 -1.370732 -0.845524 0.551304 3.697082
1 inf -8.390266 -0.777151 -0.840518 -1.651217 -1.030285 2.783462 -0.071730 1.953276 -0.079292 0.973745 2.021662 0.109884 9.742335 -1.332546 -0.817974 0.528027 3.683163
1 inf -8.376777 -0.782540 -0.823018 -1.646048 -1.012373 2.803490 -0.085854 1.949915 -0.078183 0.962132 2.020861 0.111055 9.740949 -1.316043 -0.811336 0.520839 3.686699
1 inf -8.394612 -0.795715 -0.837961 -1.686471 -1.030193 2.781821 -0.091804 1.928664 -0.087861 0.990935 2.033322 0.132856 9.718339 -1.330122 -0.794651 0.562335 3.690028
1 inf -8.361328 -0.795347 -0.855952 -1.672870 -1.038390 2.815010 -0.087137 1.891308 -0.076937 0.991346 2.032471 0.118107 9.703329 -1.376462 -0.778411 0.581434 3.697977
1 inf -8.359781 -0.797998 -0.825677 -1.656553 -1.055612 2.828034 -0.096119 1.921847 -0.094347 0.976408 2.010525 0.116939 9.713475 -1.376176 -0.777432 0.585283 3.709041
1 inf -8.365506 -0.801107 -0.811413 -1.662252 -1.074008 2.802630 -0.097918 1.893510 -0.066627 0.994183 1.951880 0.074948 9.714644 -1.366431 -0.775756 0.579212 3.722950
1 inf -8.334656 -0.759882 -0.769922 -1.657217 -1.090889 2.827199 -0.070529 1.885898 -0.052137 0.984142 1.949035 0.062321 9.723604 -1.381348 -0.779229 0.540361 3.719292
1 inf -8.340733 -0.775542 -0.744328 -1.651336 -1.089176 2.830695 -0.105941 1.856889 -0.072644 0.964765 1.948279 0.029734 9.737708 -1.346448 -0.783416 0.551326 3.720512
1 inf -8.369149 -0.749120 -0.743976 -1.639082 -1.124893 2.825079 -0.109715 1.882314 -0.135386 0.950621 1.906497 0.014972 9.722082 -1.345355 -0.750066 0.550189 3.685829
1 inf -8.400163 -0.735228 -0.735571 -1.628838 -1.098083 2.864789 -0.130829 1.910409 -0.162713 0.962448 1.923550 0.014243 9.748179 -1.368561 -0.774343 0.587818 3.708450
1 inf -8.436098 -0.746082 -0.764398 -1.662105 -1.135045 2.808655 -0.076762 1.918910 -0.157006 0.974410 1.949003 0.025734 9.749666 -1.344847 -0.793890 0.571814 3.710277
1 inf -8.474388 -0.742031 -0.773817 -1.645489 -1.143218 2.809181 -0.091159 1.886611 -0.150473 0.951393 1.933792 0.019990 9.715049 -1.360572 -0.843859 0.575122 3.671946
1 inf -8.450433 -0.769479 -0.799827 -1.664245 -1.126344 2.796295 -0.059503 1.912058 -0.128888 0.993267 1.986028 0.029556 9.715524 -1.374721 -0.812861 0.588071 3.674083
1 inf -8.433691 -0.755258 -0.781935 -1.664779 -1.130239 2.787396 -0.076341 1.932113 -0.121898 0.958401 1.972633 0.027893 9.732128 -1.385069 -0.792445 0.561013 3.657702
1 inf -8.424960 -0.739232 -0.760692 -1.643429 -1.119882 2.740357 -0.061131 1.950366 -0.136494 0.985655 1.957745 -0.001023 9.708892 -1.418732 -0.803587 0.523514 3.654044
1 inf -8.428952 -0.721559 -0.774550 -1.622779 -1.097233 2.766719 -0.036799 1.931365 -0.143509 0.981188 1.967952 0.019253 9.707234 -1.386982 -0.835722 0.493440 3.643698
1 inf -8.423836 -0.770362 -0.804731 -1.623290 -1.098978 2.731643 -0.023649 1.920477 -0.139241 0.974578 1.958801 0.009588 9.693267 -1.386345 -0.861112 0.497978 3.642019
1 inf -8.443241 -0.798796 -0.797426 -1.617638 -1.109042 2.776736 -0.032329 1.905453 -0.140195 0.980899 1.959197 -0.014383 9.671764 -1.352790 -0.812409 0.518443 3.609906
1 inf -8.470144 -0.782345 -0.769731 -1.611359 -1.139019 2.759204 -0.046541 1.898350 -0.170943 0.949005 1.990865 -0.006960 9.668790 -1.348702 -0.822661 0.519713 3.594673
1 inf -8.467452 -0.829958 -0.781374 -1.576905 -1.111695 2.785245 -0.050808 1.890006 -0.171315 0.922312 2.003648 -0.022009 9.629761 -1.351547 -0.825328 0.494262 3.604258
1 inf -8.480694 -0.777465 -0.765912 -1.553016 -1.138254 2.786568 -0.024210 1.905234 -0.153981 0.945385 1.996820 0.029612 9.648578 -1.325396 -0.832350 0.521705 3.613373
1 inf -8.480869 -0.759512 -0.738953 -1.565185 -1.196187 2.812513 -0.021050 1.904912 -0.187442 0.889231 1.983998 0.030233 9.625951 -1.332225 -0.855686 0.532331 3.640646
1 inf -8.479202 -0.755039 -0.764822 -1.598176 -1.171291 2.779569 -0.071966 1.913705 -0.194032 0.915390 1.947230 0.038703 9.604636 -1.318544 -0.881076 0.545683 3.660027
1 inf -8.449221 -0.755481 -0.740203 -1.603414 -1.198211 2.793363 -0.105159 1.927541 -0.179474 0.898472 1.950710 0.038565 9.621495 -1.283378 -0.849431 0.542544 3.666572
1 inf -8.425070 -0.738024 -0.733801 -1.614308 -1.221849 2.789688 -0.091261 1.936088 -0.188683 0.883752 1.988701 0.059624 9.613126 -1.287713 -0.857934 0.580601 3.683788
1 inf -8.408261 -0.755446 -0.757252 -1.582127 -1.232457 2.813004 -0.103595 1.902806 -0.186093 0.892410 1.968269 0.053350 9.633459 -1.274585 -0.864541 0.592082 3.680710
1 inf -8.437309 -0.714921 -0.745300 -1.577237 -1.201254 2.826596 -0.091425 1.905524 -0.149569 0.940757 1.975363 0.092025 9.638344 -1.282002 -0.875682 0.609097 3.667952
1 inf -8.428007 -0.754946 -0.737360 -1.571662 -1.213397 2.808675 -0.085492 1.914615 -0.137585 0.917578 1.994788 0.093831 9.615925 -1.321242 -0.845742 0.621368 3.714545
1 inf -8.417888 -0.736288 -0.734967 -1.574803 -1.221564 2.756462 -0.113150 1.937338 -0.131466 0.939154 2.014801 0.077038 9.603439 -1.350522 -0.837103 0.603166 3.715234
1 inf -8.413084 -0.707619 -0.738743 -1.587081 -1.220247 2.720994 -0.093036 1.943495 -0.147792 0.884972 2.011010 0.079478 9.632202 -1.381666 -0.834146 0.606625 3.726608
1 inf -8.408715 -0.690997 -0.712065 -1.610208 -1.243240 2.735425 -0.096497 1.968379 -0.139171 0.892133 2.026435 0.066672 9.642612 -1.336315 -0.808076 0.577779 3.683328
1 inf -8.406906 -0.680662 -0.687388 -1.586913 -1.228906 2.730045 -0.057279 1.961530 -0.193506 0.912980 2.007343 0.052621 9.677896 -1.321344 -0.827905 0.567724 3.680998
1 inf -8.420784 -0.686816 -0.668110 -1.624828 -1.231628 2.713074 -0.071658 1.967195 -0.151410 0.941246 1.961752 0.057183 9.698864 -1.337228 -0.832767 0.570418 3.685060
1 inf -8.411008 -0.731852 -0.679999 -1.604847 -1.226532 2.754603 -0.060952 1.934926 -0.119745 0.950817 1.942010 0.020557 9.664468 -1.324835 -0.813361 0.566599 3.644668
1 inf -8.425387 -0.688393 -0.636169 -1.568473 -1.262600 2.746136 -0.084408 1.939430 -0.101055 0.930020 1.911882 -0.000202 9.680617 -1.301869 -0.824525 0.582590 3.623835
1 inf -8.423058 -0.711275 -0.628769 -1.566004 -1.255466 2.719898 -0.100855 1.942773 -0.122986 0.929357 1.911182 0.033275 9.660446 -1.303392 -0.825813 0.604311 3.616290
1 inf -8.480775 -0.689118 -0.587580 -1.545597 -1.181573 2.721069 -0.064108 1.969954 -0.087365 0.927499 1.893476 0.007112 9.674151 -1.308982 -0.803751 0.597910 3.630092
1 inf -8.514262 -0.648003 -0.615030 -1.581825 -1.168726 2.716872 -0.049713 1.959817 -0.039387 0.920281 1.913020 0.019868 9.711768 -1.317986 -0.817096 0.571207 3.613549
1 inf -8.537723 -0.639528 -0.606398 -1.602846 -1.174915 2.659634 -0.037399 1.939570 -0.045679 0.882215 1.927760 0.011029 9.739315 -1.304920 -0.806428 0.533118 3.588589
1 inf -8.505563 -0.617782 -0.583098 -1.616536 -1.168477 2.657442 -0.080319 1.979474 -0.062863 0.904591 1.912894 0.031123 9.731216 -1.292983 -0.782738 0.533838 3.612166
1 inf -8.500576 -0.631432 -0.576064 -1.621234 -1.143341 2.658822 -0.083178 1.974387 -0.049036 0.931152 1.935166 0.052587 9.761102 -1.284076 -0.777597 0.567444 3.590643
1 inf -8.487508 -0.637195 -0.574845 -1.612937 -1.179560 2.652666 -0.048002 1.940356 -0.053413 0.940790 1.935406 0.038755 9.743908 -1.278992 -0.778172 0.584760 3.566053
1 inf -8.506427 -0.625424 -0.575446 -1.575484 -1.191354 2.696876 -0.058340 1.975443 -0.009099 0.919726 1.911081 0.037162 9.733112 -1.259168 -0.750961 0.582617 3.544114
1 inf -8.497397 -0.618422 -0.573453 -1.603544 -1.220143 2.689888 -0.038268 2.041960 -0.000193 0.879831 1.932959 0.047125 9.727740 -1.261663 -0.778712 0.579075 3.517648
1 inf -8.489439 -0.630735 -0.606891 -1.583355 -1.199614 2.700938 -0.044078 2.020268 -0.038533 0.898878 1.944484 0.066906 9.734417 -1.229281 -0.755371 0.595743 3.519935
1 inf -8.507440 -0.663165 -0.624393 -1.570171 -1.170676 2.681275 -0.059057 2.029826 -0.059815 0.914627 1.962318 0.073982 9.770939 -1.240307 -0.740574 0.597175 3.518486
1 inf -8.517652 -0.710950 -0.615280 -1.582934 -1.207437 2.685295 -0.095871 2.038811 -0.049708 0.914089 1.976412 0.054545 9.761581 -1.237989 -0.711757 0.601248 3.535655
1 inf -8.560469 -0.724089 -0.615247 -1.577320 -1.235296 2.680254 -0.097280 2.008622 -0.099652 0.932857 1.977192 0.080224 9.744152 -1.233627 -0.715034 0.601093 3.556189
1 inf -8.562278 -0.729928 -0.581782 -1.562588 -1.245533 2.669288 -0.094457 1.983677 -0.063254 0.947875 1.963419 0.093174 9.753460 -1.220820 -0.736311 0.602628 3.568636
1 inf -8.566077 -0.743983 -0.573983 -1.599317 -1.237935 2.684525 -0.083003 1.946627 -0.088166 0.931863 1.959755 0.120562 9.764230 -1.226905 -0.776687 0.596452 3.568353
1 inf -8.584601 -0.716398 -0.577827 -1.570447 -1.228027 2.690742 -0.100956 1.978058 -0.074096 0.912726 1.946119 0.135665 9.754266 -1.244027 -0.788925 0.615708 3.552869
1 inf -8.577444 -0.708926 -0.604987 -1.592092 -1.204254 2.724932 -0.079158 1.957292 -0.086215 0.925556 1.936679 0.132281 9.773849 -1.271716 -0.817637 0.589610 3.569302
1 inf -8.565189 -0.708562 -0.602475 -1.596141 -1.183145 2.737565 -0.087153 1.970553 -0.097401 0.922879 1.910025 0.160448 9.760585 -1.259906 -0.808837 0.605120 3.557416
1 inf -8.585132 -0.752636 -0.592648 -1.625342 -1.177717 2.751987 -0.106045 1.987383 -0.091508 0.933066 1.906338 0.185980 9.754796 -1.247497 -0.862807 0.598723 3.536709
1 inf -8.613280 -0.759064 -0.610635 -1.661777 -1.210898 2.750190 -0.103985 1.994738 -0.112951 0.924230 1.907198 0.174876 9.746400 -1.273595 -0.864606 0.609198 3.541115
1 inf -8.628998 -0.800876 -0.581507 -1.700937 -1.221485 2.745786 -0.106932 1.971540 -0.072021 0.900382 1.931937 0.192821 9.720732 -1.268566 -0.872258 0.584061 3.545307
1 inf -8.629390 -0.795199 -0.596227 -1.718472 -1.208489 2.749255 -0.107110 1.982127 -0.046672 0.899789 1.909102 0.199855 9.721443 -1.281173 -0.830002 0.596655 3.532338
1 inf -8.609849 -0.799366 -0.623530 -1.713081 -1.189459 2.722064 -0.124633 1.964419 -0.033624 0.860299 1.912545 0.207984 9.754496 -1.283625 -0.811179 0.591379 3.529601
1 inf -8.573952 -0.795204 -0.620727 -1.751407 -1.185305 2.736517 -0.129349 1.941853 -0.044183 0.830042 1.899899 0.200834 9.745152 -1.275558 -0.835311 0.509393 3.541082
1 inf -8.580169 -0.768450 -0.605248 -1.751755 -1.213424 2.734166 -0.144605 1.933226 -0.086872 0.825094 1.863495 0.211258 9.774121 -1.276260 -0.847772 0.530117 3.526484
1 inf -8.557749 -0.761590 -0.556267 -1.759776 -1.201824 2.709092 -0.140289 1.949975 -0.115050 0.869994 1.884232 0.213373 9.792045 -1.277042 -0.838873 0.534175 3.570077
1 inf -8.547610 -0.776440 -0.563899 -1.768286 -1.176817 2.708888 -0.136560 1.925671 -0.095402 0.885114 1.850705 0.160023 9.808952 -1.264536 -0.869421 0.557611 3.569357
1 inf -8.533236 -0.769013 -0.551304 -1.787330 -1.169842 2.775249 -0.140546 1.923743 -0.097841 0.875217 1.863417 0.178817 9.760686 -1.291734 -0.869326 0.594984 3.567408
1 inf -8.530488 -0.784056 -0.513412 -1.837253 -1.145477 2.795127 -0.137386 1.939148 -0.080628 0.884670 1.850745 0.168776 9.763929 -1.302774 -0.907502 0.585199 3.552199
1 inf -8.519152 -0.758103 -0.520999 -1.841221 -1.169039 2.800961 -0.134759 1.945240 -0.077641 0.896497 1.828052 0.138587 9.815395 -1.292642 -0.892978 0.585821 3.514341
1 inf -8.493317 -0.770241 -0.507486 -1.870146 -1.157203 2.802484 -0.090846 1.963322 -0.061702 0.929367 1.818153 0.108844 9.813497 -1.331643 -0.925507 0.591317 3.554350
1 inf -8.497311 -0.742452 -0.490407 -1.862571 -1.156304 2.788172 -0.115568 1.952150 -0.104209 0.928703 1.835205 0.151212 9.760608 -1.324127 -0.929405 0.559706 3.589620
1 inf -8.481821 -0.767817 -0.515817 -1.838934 -1.110427 2.747943 -0.074323 1.964245 -0.094689 0.903279 1.833861 0.110902 9.757609 -1.325390 -0.902818 0.555636 3.636485
1 inf -8.476806 -0.748677 -0.506664 -1.840869 -1.122118 2.733590 -0.035728 2.020496 -0.095651 0.892520 1.806823 0.093399 9.743911 -1.324031 -0.934263 0.551611 3.627927
1 inf -8.459000 -0.727287 -0.523182 -1.848238 -1.135798 2.702357 -0.002045 2.028354 -0.075097 0.924132 1.813638 0.137230 9.764843 -1.358515 -0.918312 0.551181 3.613075
1 inf -8.435230 -0.719489 -0.548006 -1.844443 -1.134449 2.703223 -0.019497 2.010546 -0.070797 0.934384 1.793051 0.139160 9.763141 -1.355946 -0.937943 0.542516 3.591588
1 inf -8.443417 -0.685339 -0.564665 -1.835677 -1.130521 2.688300 -0.015867 1.959419 -0.093171 0.951129 1.825324 0.166610 9.716199 -1.375185 -0.916700 0.557199 3.595307
1 inf -8.484091 -0.687798 -0.530606 -1.847444 -1.144037 2.659121 -0.042324 1.995618 -0.109661 0.949819 1.842179 0.179362 9.733671 -1.394695 -0.901807 0.586887 3.604879
1 inf -8.459676 -0.699708 -0.527389 -1.852143 -1.131951 2.673993 -0.041218 1.984296 -0.130574 0.929985 1.829092 0.196658 9.729893 -1.419115 -0.876040 0.563754 3.618727
1 inf -8.435768 -0.692954 -0.502526 -1.859196 -1.125789 2.683530 -0.006727 1.931914 -0.151895 0.913986 1.842931 0.164889 9.703099 -1.430220 -0.921930 0.573671 3.598998
1 inf -8.477440 -0.717132 -0.511834 -1.862256 -1.117121 2.699085 0.011014 1.901152 -0.133633 0.925000 1.834532 0.148335 9.693690 -1.421486 -0.910691 0.597707 3.603257
1 inf -8.503086 -0.689839 -0.547910 -1.903015 -1.106859 2.726319 -0.015401 1.889899 -0.107681 0.935698 1.824461 0.189779 9.668450 -1.395935 -0.907868 0.586066 3.636165
1 inf -8.498265 -0.693684 -0.575848 -1.945780 -1.111856 2.725772 -0.016221 1.903270 -0.117998 0.870088 1.841089 0.190966 9.664048 -1.398298 -0.909419 0.578167 3.635489
1 inf -8.475772 -0.683876 -0.551600 -1.936225 -1.057643 2.735452 -0.009330 1.932091 -0.118901 0.855292 1.880388 0.212392 9.670518 -1.420142 -0.920861 0.544331 3.651155
1 inf -8.492165 -0.662022 -0.552752 -1.928989 -1.054877 2.750933 0.022922 1.897977 -0.101506 0.855812 1.898309 0.185465 9.645456 -1.425498 -0.891723 0.521528 3.654560
1 inf -8.486625 -0.612840 -0.545537 -1.907810 -1.044062 2.746582 0.020042 1.937902 -0.107504 0.843433 1.894353 0.182305 9.656049 -1.438872 -0.888505 0.515171 3.631089
1 inf -8.488393 -0.645008 -0.522586 -1.915604 -1.051976 2.734731 0.009694 1.921908 -0.137834 0.877874 1.887585 0.207993 9.652458 -1.457714 -0.851264 0.523681 3.605289
1 inf -8.505050 -0.639821 -0.531444 -1.911210 -1.038274 2.717898 0.011403 1.934285 -0.132250 0.853525 1.895343 0.195641 9.649912 -1.505766 -0.859833 0.553587 3.613047
1 inf -8.509471 -0.637858 -0.573755 -1.944029 -1.051267 2.710396 0.012800 1.919001 -0.132693 0.834217 1.891572 0.170021 9.633426 -1.473247 -0.874021 0.582620 3.597838
1 inf -8.516348 -0.634339 -0.577581 -1.950004 -1.012945 2.666453 -0.046110 1.886784 -0.113403 0.874634 1.903403 0.153186 9.658676 -1.521958 -0.862827 0.560877 3.604469
1 inf -8.501909 -0.626780 -0.625616 -1.966982 -1.012364 2.649515 -0.045754 1.894922 -0.124069 0.855876 1.889603 0.160950 9.639130 -1.520182 -0.863975 0.581538 3.585699
1 inf -8.533936 -0.581528 -0.636417 -1.947871 -1.034927 2.689419 -0.039088 1.910209 -0.121527 0.872461 1.884461 0.178696 9.645047 -1.543430 -0.907924 0.553737 3.602014
1 inf -8.521274 -0.579908 -0.624814 -1.950355 -1.043085 2.644702 -0.046581 1.910903 -0.104266 0.876543 1.868253 0.186293 9.677089 -1.593108 -0.884604 0.576690 3.599732
1 inf -8.508483 -0.563947 -0.594625 -1.961688 -1.027631 2.647750 -0.044103 1.907908 -0.125925 0.881120 1.863041 0.172701 9.646427 -1.553563 -0.870536 0.579059 3.601568
1 inf -8.499560 -0.569633 -0.585629 -1.970092 -1.040303 2.628531 -0.037792 1.912461 -0.146893 0.917724 1.852762 0.202243 9.640623 -1.555510 -0.867367 0.572873 3.607894
1 inf -8.492873 -0.573398 -0.542192 -1.983884 -1.029718 2.636277 -0.066639 1.892287 -0.101266 0.927413 1.863000 0.227124 9.675817 -1.529062 -0.872080 0.570400 3.605959
1 inf -8.479116 -0.578080 -0.551862 -2.006499 -1.010446 2.618128 -0.093659 1.905130 -0.113581 0.956923 1.850568 0.232636 9.677833 -1.564080 -0.859007 0.588348 3.604749
1 inf -8.449873 -0.611652 -0.582738 -2.043581 -1.015692 2.608534 -0.075796 1.859652 -0.087238 0.952948 1.841001 0.218796 9.679285 -1.592818 -0.836025 0.600471 3.590665
1 inf -8.431360 -0.624125 -0.582555 -2.071154 -1.021290 2.601049 -0.102676 1.830392 -0.071400 0.942395 1.826050 0.249866 9.666158 -1.575382 -0.856042 0.598273 3.620096
1 inf -8.427877 -0.654005 -0.606657 -2.048117 -1.033571 2.638488 -0.082492 1.815579 -0.081334 0.962093 1.812405 0.242087 9.683520 -1.564890 -0.860606 0.590057 3.624463
1 inf -8.445510 -0.634508 -0.601371 -2.035628 -1.046731 2.657588 -0.088452 1.823116 -0.146035 0.932640 1.786139 0.233634 9.676433 -1.555764 -0.863267 0.608136 3.644545
1 inf -8.429088 -0.645191 -0.588672 -2.031263 -1.024434 2.678022 -0.056824 1.828001 -0.137899 0.959532 1.815890 0.249242 9.662928 -1.588083 -0.868225 0.581833 3.667429
1 inf -8.398161 -0.645709 -0.621431 -2.009980 -1.017615 2.661843 -0.033706 1.796670 -0.160256 0.944298 1.819763 0.250730 9.670487 -1.575543 -0.862961 0.590594 3.660343
1 inf -8.387047 -0.667542 -0.633212 -2.063270 -1.029268 2.646122 -0.034771 1.797923 -0.174176 0.980387 1.827975 0.269236 9.710612 -1.613079 -0.850309 0.612298 3.680307
1 inf -8.445135 -0.687515 -0.657431 -2.069955 -1.073759 2.628009 -0.039368 1.804660 -0.189048 0.993331 1.813022 0.288005 9.709467 -1.584870 -0.871304 0.654686 3.653336
1 inf -8.414277 -0.719183 -0.634352 -2.047893 -1.077455 2.616400 0.004986 1.808543 -0.174398 0.982480 1.808368 0.292317 9.718483 -1.618397 -0.874408 0.598461 3.654815
1 inf -8.420539 -0.680433 -0.647000 -2.017212 -1.097347 2.646901 -0.003152 1.779903 -0.169795 0.973560 1.755189 0.277638 9.712212 -1.642949 -0.872334 0.596385 3.667180
1 inf -8.422101 -0.640582 -0.682914 -1.969777 -1.082760 2.668417 -0.023853 1.766559 -0.211771 0.957077 1.731575 0.275975 9.706121 -1.635097 -0.854803 0.585597 3.660204
1 inf -8.385324 -0.614638 -0.674878 -1.996446 -1.086699 2.697008 -0.008086 1.717356 -0.267000 0.976962 1.736437 0.248680 9.749779 -1.604193 -0.849777 0.575940 3.632836
1 inf -8.389051 -0.588215 -0.682518 -1.997592 -1.111181 2.682616 0.011876 1.726138 -0.268379 0.990219 1.706812 0.257295 9.753059 -1.626827 -0.882226 0.552281 3.630090
1 inf -8.388216 -0.569869 -0.702417 -2.012251 -1.139136 2.686667 0.046067 1.707873 -0.300080 0.977984 1.694710 0.269714 9.719667 -1.630438 -0.900462 0.530368 3.628450
1 inf -8.408464 -0.544626 -0.679463 -1.974067 -1.111677 2.677433 0.064862 1.712611 -0.314112 0.969558 1.664172 0.236180 9.738686 -1.605497 -0.918423 0.552916 3.585765
1 inf -8.441951 -0.503511 -0.706913 -2.010295 -1.098830 2.673236 0.079257 1.702474 -0.266134 0.962340 1.683716 0.248936 9.776303 -1.614501 -0.931768 0.526213 3.569222
1 inf -8.487346 -0.524320 -0.723493 -2.007368 -1.095475 2.705735 0.096813 1.706229 -0.271481 0.937624 1.689436 0.257704 9.704395 -1.608668 -0.942926 0.490716 3.612610
1 inf -8.473043 -0.513631 -0.723707 -1.983616 -1.089520 2.664263 0.081573 1.734150 -0.244584 0.950393 1.731593 0.230685 9.730447 -1.582915 -0.962678 0.476995 3.610489
1 inf -8.437251 -0.498258 -0.702547 -1.984832 -1.079389 2.665781 0.111492 1.715809 -0.244780 0.954843 1.769182 0.252254 9.776456 -1.558824 -0.916278 0.485884 3.635203
1 inf -8.448999 -0.486516 -0.709292 -2.032529 -1.081970 2.652622 0.104147 1.707714 -0.277323 0.959185 1.773435 0.203461 9.768844 -1.529220 -0.893436 0.477748 3.630317
1 inf -8.470390 -0.495000 -0.680236 -2.056672 -1.079048 2.658871 0.099929 1.708544 -0.230779 0.958653 1.775105 0.212459 9.794314 -1.547017 -0.887920 0.491215 3.664066
1 inf -8.452418 -0.493511 -0.673677 -2.062624 -1.058082 2.643819 0.075487 1.753284 -0.268569 0.958718 1.766376 0.189159 9.779645 -1.536829 -0.864032 0.487400 3.688019
1 inf -8.424440 -0.470337 -0.667264 -2.086058 -1.054571 2.696123 0.059182 1.753051 -0.282971 0.961615 1.804577 0.205260 9.744214 -1.524188 -0.842265 0.494099 3.694495
1 inf -8.446264 -0.475128 -0.688251 -2.090141 -1.049984 2.671747 0.024093 1.757157 -0.253113 0.988363 1.806047 0.196909 9.780066 -1.530203 -0.813653 0.465855 3.741976
1 inf -8.445372 -0.461915 -0.709833 -2.080349 -1.092650 2.672569 -0.006920 1.770973 -0.249409 0.998702 1.799772 0.162412 9.757319 -1.498280 -0.756458 0.455698 3.726459
1 inf -8.420547 -0.486801 -0.696150 -2.061547 -1.104489 2.641880 0.003871 1.747794 -0.263521 0.986180 1.807841 0.192355 9.788087 -1.494837 -0.760927 0.461782 3.735922
1 inf -8.427713 -0.495679 -0.708373 -2.067706 -1.084228 2.672228 0.013277 1.723687 -0.271235 0.963988 1.801913 0.184228 9.773927 -1.474496 -0.779916 0.470379 3.720707
1 inf -8.453717 -0.503633 -0.698611 -2.074260 -1.104403 2.679885 0.006582 1.715731 -0.270911 0.963105 1.809336 0.205071 9.769634 -1.448283 -0.790210 0.476734 3.707487
1 inf -8.456623 -0.533015 -0.683767 -2.085727 -1.105271 2.645061 0.013358 1.723341 -0.276738 0.962257 1.810785 0.203902 9.840402 -1.438447 -0.788078 0.468958 3.683389
1 inf -8.446430 -0.551298 -0.667817 -2.084009 -1.092011 2.641449 0.004426 1.695772 -0.235776 0.954737 1.815895 0.231387 9.841572 -1.462501 -0.757792 0.481332 3.698457
1 inf -8.428952 -0.560885 -0.658648 -2.081217 -1.090122 2.619322 -0.045686 1.707789 -0.259205 0.983102 1.787018 0.196380 9.834025 -1.460466 -0.763685 0.474353 3.731640
1 inf -8.412972 -0.569839 -0.695728 -2.082806 -1.060799 2.637061 -0.035900 1.675498 -0.270404 0.955085 1.823139 0.195320 9.858229 -1.451918 -0.742963 0.491077 3.708941
1 inf -8.400699 -0.580186 -0.713236 -2.072841 -1.062053 2.648332 -0.043824 1.678754 -0.255324 0.992548 1.841856 0.169909 9.880989 -1.450702 -0.749920 0.497765 3.696656
1 inf -8.416030 -0.553409 -0.720695 -2.110807 -1.051760 2.604588 -0.030461 1.665024 -0.241607 0.981583 1.810447 0.194867 9.858150 -1.432188 -0.754381 0.532018 3.717441
1 inf -8.458773 -0.524015 -0.729611 -2.065320 -1.068820 2.616409 -0.047287 1.676858 -0.211225 0.965481 1.771440 0.160786 9.852029 -1.406632 -0.744190 0.525773 3.726292
1 inf -8.467905 -0.552291 -0.736494 -2.092122 -1.074051 2.626986 -0.050498 1.679085 -0.182817 0.958528 1.779861 0.216607 9.845142 -1.395679 -0.710356 0.528687 3.722953
1 inf -8.481921 -0.543079 -0.712422 -2.115981 -1.058363 2.639157 -0.060486 1.675322 -0.199432 0.958001 1.806074 0.210806 9.901812 -1.397141 -0.696425 0.534472 3.693596
1 inf -8.461103 -0.578209 -0.701495 -2.133223 -1.070707 2.654727 -0.057195 1.674386 -0.207543 0.947249 1.793873 0.228535 9.924400 -1.407162 -0.699390 0.547522 3.692573
1 inf -8.452666 -0.575531 -0.693943 -2.132036 -1.088188 2.639076 -0.062691 1.702162 -0.176675 0.923613 1.777096 0.221354 9.938094 -1.420318 -0.707998 0.568002 3.678914
1 inf -8.468579 -0.582210 -0.682167 -2.127776 -1.105161 2.691467 -0.078956 1.665934 -0.167191 0.928231 1.800020 0.203240 9.904593 -1.399639 -0.683543 0.555176 3.633351
1 inf -8.425872 -0.551158 -0.673666 -2.140336 -1.098177 2.670012 -0.083665 1.659479 -0.159297 0.925797 1.789297 0.215258 9.910937 -1.393777 -0.694150 0.544107 3.641370
1 inf -8.402516 -0.579628 -0.665690 -2.133780 -1.119742 2.686811 -0.077535 1.677381 -0.205895 0.898973 1.801770 0.203566 9.906443 -1.418755 -0.685908 0.533075 3.661050
1 inf -8.415321 -0.642377 -0.668442 -2.112237 -1.120011 2.722652 -0.091950 1.682608 -0.232839 0.924644 1.802322 0.185786 9.872153 -1.400724 -0.667797 0.528737 3.696006
1 inf -8.385803 -0.692357 -0.676347 -2.089872 -1.117735 2.690887 -0.109498 1.643200 -0.216763 0.916964 1.815010 0.176888 9.859740 -1.399967 -0.637955 0.580520 3.672955
1 inf -8.372637 -0.662408 -0.673298 -2.089588 -1.136371 2.683045 -0.093234 1.624428 -0.235339 0.889399 1.819060 0.199224 9.858065 -1.415087 -0.613086 0.580558 3.666889
1 inf -8.363689 -0.653569 -0.699402 -2.086677 -1.171784 2.669266 -0.106680 1.588663 -0.199475 0.866712 1.834406 0.208893 9.828756 -1.451655 -0.592037 0.562194 3.677670
1 inf -8.378222 -0.655519 -0.757948 -2.093319 -1.133189 2.697086 -0.093437 1.580229 -0.188066 0.866669 1.815630 0.227121 9.789717 -1.432140 -0.577309 0.570727 3.686292
1 inf -8.374262 -0.675595 -0.760331 -2.118911 -1.081516 2.740995 -0.108844 1.589840 -0.207989 0.860660 1.816390 0.234318 9.768344 -1.426231 -0.548452 0.548504 3.705897
1 inf -8.347834 -0.726473 -0.762409 -2.118910 -1.111709 2.766807 -0.099402 1.602668 -0.222093 0.888422 1.813462 0.220623 9.774422 -1.441680 -0.525009 0.543980 3.725688
1 inf -8.401679 -0.737958 -0.768465 -2.115777 -1.107080 2.783637 -0.082802 1.572758 -0.210430 0.877367 1.823187 0.246097 9.783033 -1.438514 -0.509506 0.565675 3.742979
1 inf -8.439294 -0.751419 -0.730409 -2.152214 -1.081754 2.781438 -0.061889 1.562203 -0.242476 0.863399 1.846473 0.236246 9.811486 -1.461223 -0.495925 0.577604 3.733527
1 inf -8.453402 -0.740859 -0.752128 -2.148276 -1.065563 2.797194 -0.081898 1.578851 -0.268461 0.840620 1.841347 0.242697 9.805063 -1.441621 -0.497859 0.576037 3.713589
1 inf -8.473834 -0.721743 -0.760420 -2.159693 -1.030958 2.785698 -0.083014 1.592300 -0.289899 0.831008 1.840839 0.287610 9.790615 -1.440952 -0.482881 0.594764 3.735713
1 inf -8.499058 -0.745824 -0.758565 -2.158129 -1.039273 2.803130 -0.070350 1.578790 -0.282869 0.873779 1.863275 0.304956 9.777704 -1.440346 -0.469815 0.571381 3.705056
1 inf -8.520131 -0.810627 -0.732457 -2.176391 -1.037155 2.797679 -0.104093 1.582990 -0.268543 0.862440 1.890851 0.333260 9.782493 -1.426745 -0.454181 0.573077 3.715762
1 inf -8.507919 -0.844883 -0.707833 -2.120410 -1.023317 2.773238 -0.138672 1.594023 -0.259374 0.868091 1.886719 0.349334 9.794096 -1.426364 -0.471582 0.517453 3.726641
1 inf -8.502771 -0.827803 -0.731103 -2.120133 -1.058815 2.738664 -0.110767 1.608732 -0.272586 0.851999 1.879239 0.337957 9.830901 -1.437457 -0.476200 0.506260 3.711510
1 inf -8.492051 -0.833600 -0.732689 -2.111423 -1.080032 2.716271 -0.115674 1.593120 -0.278372 0.874235 1.869451 0.312089 9.849248 -1.371463 -0.503384 0.532865 3.722035
1 inf -8.469033 -0.841445 -0.702787 -2.112582 -1.061467 2.707774 -0.140298 1.607527 -0.259390 0.857278 1.852725 0.319922 9.823103 -1.361657 -0.467261 0.586787 3.713232
1 inf -8.454223 -0.824344 -0.723823 -2.084336 -1.066070 2.748956 -0.119623 1.618253 -0.235257 0.827487 1.833655 0.298295 9.807695 -1.379682 -0.477526 0.578061 3.705157
1 inf -8.472817 -0.833190 -0.737796 -2.075551 -1.010556 2.719351 -0.132427 1.608303 -0.196508 0.850932 1.858215 0.276775 9.856783 -1.370046 -0.483185 0.556231 3.677991
1 inf -8.464589 -0.849818 -0.733108 -2.088793 -1.037717 2.687337 -0.132636 1.598862 -0.205229 0.822072 1.868261 0.260139 9.843322 -1.375177 -0.485705 0.608638 3.718824
1 inf -8.478488 -0.857529 -0.711211 -2.091896 -1.025780 2.634793 -0.121913 1.609105 -0.198749 0.862827 1.891038 0.241859 9.861631 -1.365283 -0.460366 0.607656 3.745809
1 inf -8.500346 -0.842369 -0.719468 -2.084675 -1.021971 2.629953 -0.117035 1.599342 -0.197655 0.873785 1.893493 0.251605 9.875315 -1.372689 -0.457167 0.601332 3.781580
1 inf -8.528017 -0.870402 -0.732971 -2.052851 -1.036409 2.648403 -0.132761 1.574333 -0.215233 0.864538 1.876238 0.269099 9.894490 -1.370640 -0.496070 0.618210 3.742708
1 inf -8.566889 -0.895756 -0.753278 -2.011577 -1.047971 2.652250 -0.114335 1.609156 -0.202700 0.866142 1.852494 0.285099 9.892792 -1.399006 -0.497569 0.596199 3.737666
1 inf -8.564064 -0.929402 -0.791991 -2.009139 -1.038316 2.634279 -0.110543 1.551154 -0.208618 0.865771 1.857108 0.292667 9.899671 -1.411014 -0.470452 0.590175 3.700100
1 inf -8.543830 -0.960090 -0.768671 -1.967242 -1.036710 2.643941 -0.102828 1.549917 -0.185353 0.842630 1.856187 0.270592 9.874330 -1.393442 -0.474562 0.594145 3.708446
1 inf -8.551797 -0.949917 -0.725149 -1.954115 -1.042971 2.635751 -0.115365 1.532572 -0.211828 0.827335 1.872989 0.264793 9.939727 -1.397582 -0.470580 0.563121 3.686818
1 inf -8.537717 -0.920791 -0.721083 -1.979204 -1.063142 2.628930 -0.100518 1.525174 -0.185129 0.822779 1.846986 0.300197 9.900862 -1.425246 -0.459995 0.575047 3.694814
1 inf -8.507963 -0.924096 -0.716047 -1.984761 -1.110934 2.607414 -0.089991 1.489765 -0.180974 0.855190 1.860553 0.345378 9.880983 -1.386820 -0.488541 0.593671 3.680843
1 inf -8.525031 -0.904093 -0.729162 -2.038709 -1.093610 2.598516 -0.112916 1.523352 -0.157237 0.864254 1.872004 0.363297 9.895013 -1.386094 -0.464567 0.618766 3.700752
1 inf -8.506030 -0.900032 -0.731227 -2.017704 -1.037432 2.580711 -0.099567 1.530226 -0.184490 0.857117 1.876289 0.355809 9.872353 -1.362750 -0.432343 0.637691 3.672610
1 inf -8.499756 -0.919344 -0.718095 -2.046611 -1.059252 2.557846 -0.071868 1.524350 -0.168325 0.880470 1.907223 0.312384 9.905988 -1.367311 -0.427427 0.653317 3.635285
1 inf -8.456377 -0.884471 -0.742438 -2.066739 -1.057334 2.562819 -0.090133 1.529476 -0.140653 0.878994 1.876794 0.333101 9.919626 -1.378372 -0.460808 0.678322 3.665789
1 inf -8.486503 -0.894923 -0.729096 -2.032840 -1.071044 2.546060 -0.124838 1.497600 -0.125309 0.881608 1.912441 0.368802 9.973264 -1.395257 -0.477969 0.686828 3.691683
1 inf -8.473919 -0.907971 -0.751404 -2.030152 -1.033273 2.559366 -0.116153 1.517867 -0.147091 0.848935 1.959915 0.405878 9.958563 -1.415629 -0.501431 0.667072 3.694654
1 inf -8.489103 -0.889095 -0.740072 -2.034450 -1.044975 2.564624 -0.126121 1.519664 -0.167563 0.864847 1.968288 0.389533 9.984512 -1.425902 -0.465496 0.658652 3.688119
1 inf -8.477402 -0.888847 -0.734350 -2.060103 -1.018073 2.575872 -0.115252 1.525361 -0.130806 0.887979 1.929562 0.396057 9.971571 -1.348767 -0.469061 0.682819 3.661976
1 inf -8.511706 -0.892946 -0.689204 -2.090060 -1.005164 2.587890 -0.121217 1.542297 -0.191300 0.899725 1.953228 0.349962 9.984169 -1.349461 -0.456334 0.648263 3.673725
1 inf -8.517270 -0.916362 -0.708625 -2.076328 -1.013759 2.577843 -0.115947 1.536572 -0.192464 0.866789 1.920090 0.369025 9.986983 -1.399840 -0.483603 0.682897 3.667642
1 inf -8.522989 -0.882844 -0.728674 -2.079401 -1.017963 2.594678 -0.128767 1.505533 -0.179739 0.832592 1.927978 0.365951 9.986797 -1.403622 -0.445520 0.686212 3.645138
1 inf -8.505584 -0.849877 -0.736636 -2.067216 -1.049795 2.595431 -0.144793 1.522919 -0.132455 0.852870 1.962094 0.364438 10.000620 -1.391882 -0.406201 0.646562 3.671094
1 inf -8.539558 -0.833700 -0.768008 -2.075838 -1.032186 2.571970 -0.111929 1.530397 -0.101831 0.847575 1.935111 0.370442 10.016301 -1.343666 -0.418135 0.646019 3.661663
1 inf -8.573045 -0.792585 -0.795458 -2.112066 -1.019339 2.567773 -0.097534 1.520260 -0.053853 0.840357 1.954655 0.383198 10.053918 -1.352670 -0.431480 0.619316 3.645120
1 inf -8.542368 -0.762634 -0.767559 -2.165541 -1.046170 2.578006 -0.082872 1.527731 -0.039003 0.830183 1.958926 0.390673 10.065880 -1.366582 -0.424940 0.655905 3.597062
1 inf -8.521728 -0.728610 -0.747375 -2.148211 -1.054305 2.569291 -0.065103 1.555168 -0.034626 0.821995 1.934547 0.367980 10.071886 -1.391210 -0.426710 0.626978 3.612515
1 inf -8.492751 -0.697458 -0.755345 -2.124842 -1.035025 2.551829 -0.068654 1.568044 -0.064060 0.824353 1.968031 0.342742 10.076922 -1.385305 -0.420937 0.632024 3.620311
1 inf -8.487676 -0.683148 -0.755383 -2.134079 -1.007099 2.589372 -0.069469 1.566138 -0.059076 0.794079 1.973596 0.352930 10.087404 -1.357979 -0.418979 0.647051 3.637598
1 inf -8.501257 -0.639558 -0.730014 -2.106248 -1.028545 2.589759 -0.076917 1.580690 -0.067326 0.762003 1.970160 0.376650 10.103919 -1.353642 -0.432326 0.665338 3.633019
1 inf -8.490161 -0.637317 -0.747054 -2.119735 -1.007396 2.607463 -0.072136 1.607129 -0.056047 0.761434 1.975758 0.350346 10.108172 -1.395561 -0.456519 0.626104 3.630022
1 inf -8.503211 -0.654646 -0.758975 -2.141607 -1.023465 2.647268 -0.082624 1.601374 -0.060553 0.777829 1.970476 0.368980 10.080087 -1.415351 -0.460346 0.634470 3.619777
1 inf -8.467780 -0.674102 -0.771956 -2.141491 -1.032049 2.633073 -0.097119 1.574332 -0.064029 0.769193 1.969414 0.400510 10.081952 -1.402396 -0.440862 0.625450 3.627688
1 inf -8.492500 -0.644086 -0.721685 -2.104978 -1.054628 2.614103 -0.053012 1.597395 -0.077436 0.745856 1.939061 0.402814 10.094998 -1.379214 -0.437983 0.641886 3.618673
1 inf -8.494143 -0.639431 -0.763384 -2.098661 -1.072702 2.610852 -0.081834 1.582803 -0.064912 0.781610 1.987290 0.374408 10.115796 -1.378956 -0.448718 0.614571 3.630509
1 inf -8.488159 -0.611045 -0.790337 -2.101222 -1.047219 2.590341 -0.085325 1.576751 -0.042675 0.825148 1.971250 0.366310 10.119058 -1.368690 -0.449838 0.612449 3.634068
1 inf -8.461535 -0.608327 -0.800678 -2.080107 -1.051646 2.569935 -0.059461 1.567823 -0.034270 0.837756 1.977104 0.379903 10.133613 -1.378396 -0.464639 0.622360 3.642905
1 inf -8.465689 -0.599916 -0.794352 -2.048625 -1.052355 2.569896 -0.059847 1.578369 -0.008041 0.856497 1.947698 0.353296 10.122291 -1.391481 -0.492643 0.638786 3.631611
1 inf -8.478451 -0.571725 -0.784610 -2.054912 -1.051986 2.544918 -0.038160 1.542171 0.009225 0.843149 1.959009 0.316264 10.120690 -1.413151 -0.511748 0.636778 3.647050
1 inf -8.499096 -0.547791 -0.801090 -2.045777 -1.014364 2.564880 -0.021454 1.518747 -0.021487 0.861016 1.978593 0.306006 10.097986 -1.378440 -0.455320 0.657534 3.669049
1 inf -8.501680 -0.504924 -0.771949 -2.033630 -1.033845 2.549990 -0.011422 1.575147 -0.079163 0.876790 1.995582 0.292842 10.098415 -1.352881 -0.439078 0.656217 3.677195
1 inf -8.505980 -0.485561 -0.759207 -2.036918 -1.022887 2.547123 0.006404 1.584098 -0.093443 0.895661 2.009319 0.317033 10.065924 -1.368151 -0.425272 0.659311 3.698467
1 inf -8.530223 -0.425362 -0.785607 -2.033098 -1.052712 2.541242 0.032621 1.594008 -0.105284 0.898819 2.044044 0.321065 10.091247 -1.368039 -0.444231 0.668767 3.688746
1 inf -8.542677 -0.419572 -0.770145 -2.034041 -1.055245 2.587270 0.062685 1.634381 -0.106870 0.855422 2.044825 0.312484 10.099512 -1.386111 -0.443442 0.685798 3.671054
1 inf -8.498328 -0.437839 -0.744981 -2.023250 -1.077171 2.556595 0.061367 1.623240 -0.100506 0.796763 2.035346 0.303692 10.080982 -1.366886 -0.429470 0.657454 3.633400
1 inf -8.494041 -0.432764 -0.753809 -2.030165 -1.077684 2.558813 0.108307 1.623270 -0.115049 0.809015 2.032409 0.290814 10.065631 -1.348142 -0.409982 0.641627 3.606636
1 inf -8.531263 -0.452922 -0.741585 -2.027049 -1.074458 2.556413 0.119003 1.621561 -0.091560 0.814167 2.027322 0.298060 10.036180 -1.357253 -0.404544 0.620014 3.645326
1 inf -8.538292 -0.470873 -0.718807 -2.049571 -1.062095 2.561838 0.155986 1.637081 -0.086689 0.835088 2.039659 0.265960 10.014599 -1.340903 -0.388421 0.612985 3.651306
1 inf -8.532324 -0.496713 -0.725616 -2.045850 -1.119719 2.576926 0.176943 1.612516 -0.088733 0.843947 2.052951 0.268936 10.044994 -1.345147 -0.364594 0.604784 3.666428
1 inf -8.560484 -0.497455 -0.712052 -2.032345 -1.114999 2.567908 0.197856 1.625907 -0.069673 0.885125 2.035842 0.236136 10.018942 -1.374030 -0.430353 0.605635 3.669230
1 inf -8.514353 -0.488050 -0.741115 -2.065055 -1.081473 2.546001 0.209802 1.645764 -0.066551 0.909874 1.996633 0.240564 10.018958 -1.355574 -0.422167 0.611822 3.664157
1 inf -8.540609 -0.514717 -0.703333 -2.031991 -1.117957 2.592567 0.232697 1.634083 -0.052935 0.932841 2.004707 0.264263 10.002152 -1.350243 -0.444845 0.649376 3.653315
1 inf -8.546517 -0.477678 -0.726836 -2.052978 -1.086643 2.614186 0.194025 1.635969 -0.040874 0.939203 2.025896 0.268344 10.032015 -1.327683 -0.424997 0.709909 3.678964
1 inf -8.550317 -0.451769 -0.728200 -2.055405 -1.108748 2.605695 0.172533 1.617794 -0.085124 0.957748 2.035194 0.221423 10.000226 -1.316861 -0.410246 0.694580 3.691144
1 inf -8.565323 -0.441845 -0.696755 -2.099511 -1.103103 2.654700 0.175017 1.612117 -0.070753 0.970958 2.034557 0.212489 10.030251 -1.328606 -0.404815 0.673886 3.665665
1 inf -8.544614 -0.450278 -0.733099 -2.109157 -1.121412 2.655492 0.157166 1.611908 -0.046212 0.999645 2.042715 0.244205 10.076277 -1.351904 -0.411593 0.672551 3.677287
1 inf -8.584963 -0.446623 -0.726639 -2.135080 -1.146492 2.624777 0.129668 1.611350 -0.035942 0.991850 2.067177 0.265479 10.076771 -1.334233 -0.405301 0.702264 3.703816
1 inf -8.580976 -0.439996 -0.741435 -2.186193 -1.132093 2.639812 0.156200 1.643422 -0.017766 0.994128 2.098595 0.222550 10.074234 -1.332699 -0.423900 0.689862 3.706860
1 inf -8.562932 -0.454221 -0.745023 -2.128081 -1.134430 2.636371 0.134756 1.636122 -0.004343 0.984978 2.087565 0.248670 10.084677 -1.297279 -0.429443 0.672212 3.672641
1 inf -8.580967 -0.409405 -0.770592 -2.127575 -1.119390 2.611132 0.094927 1.649344 0.004583 0.976909 2.062355 0.236350 10.074487 -1.297814 -0.425886 0.670840 3.665315
1 inf -8.549848 -0.390697 -0.757073 -2.148111 -1.098068 2.572951 0.083247 1.634220 -0.014784 0.964268 2.087767 0.220358 10.055040 -1.307225 -0.446929 0.694166 3.635777
1 inf -8.526927 -0.381392 -0.779059 -2.129301 -1.078174 2.645147 0.087504 1.611171 -0.039910 0.943450 2.095344 0.212428 10.069033 -1.345189 -0.460349 0.695309 3.667237
1 inf -8.514855 -0.394770 -0.749818 -2.111278 -1.105211 2.621916 0.105327 1.571913 -0.064953 0.957542 2.071641 0.223032 10.079401 -1.340066 -0.457878 0.649839 3.642359
1 inf -8.504413 -0.373149 -0.766200 -2.127613 -1.118459 2.630659 0.086940 1.576428 -0.060019 0.967245 2.090802 0.254306 10.049501 -1.332096 -0.459783 0.648934 3.619656
1 inf -8.514882 -0.360973 -0.774238 -2.146350 -1.124927 2.649507 0.053282 1.589746 -0.084317 0.954884 2.117115 0.277921 10.033292 -1.337522 -0.474006 0.626116 3.626495
1 inf -8.493692 -0.334173 -0.816219 -2.176332 -1.120821 2.640248 0.029635 1.564272 -0.084226 0.934773 2.098870 0.309778 10.031754 -1.358857 -0.492568 0.600679 3.587624
1 inf -8.519165 -0.324301 -0.805270 -2.163998 -1.122038 2.669259 0.007303 1.594346 -0.067448 0.920152 2.094225 0.279610 9.976751 -1.357607 -0.501178 0.630450 3.577454
1 inf -8.535082 -0.298242 -0.797692 -2.167273 -1.131685 2.682861 0.029128 1.614943 -0.058217 0.942106 2.065928 0.297241 9.973586 -1.335669 -0.489123 0.620745 3.565159
1 inf -8.536033 -0.349974 -0.801185 -2.177507 -1.146669 2.698041 0.056460 1.605104 -0.036378 0.968634 2.031577 0.257750 9.941564 -1.340581 -0.495909 0.616167 3.579844
1 inf -8.534998 -0.376949 -0.749634 -2.175329 -1.166900 2.705229 0.022134 1.612807 0.002771 0.996566 2.037704 0.297068 9.923055 -1.327039 -0.532235 0.650059 3.599309
1 inf -8.503974 -0.378331 -0.737562 -2.158881 -1.155873 2.672149 -0.006982 1.613898 -0.001719 0.985522 2.089825 0.317851 9.907850 -1.295451 -0.553136 0.606579 3.620337
1 inf -8.519237 -0.365068 -0.768193 -2.184594 -1.165805 2.675988 -0.015233 1.649426 0.019266 0.969725 2.072695 0.293682 9.926013 -1.306675 -0.576138 0.572417 3.621511
1 inf -8.543197 -0.365907 -0.757668 -2.167618 -1.201304 2.678106 0.013084 1.631293 0.022140 0.944668 2.089507 0.298435 9.908974 -1.306799 -0.557855 0.622423 3.599402
1 inf -8.549930 -0.358850 -0.772557 -2.151743 -1.198261 2.642017 0.039307 1.608258 0.015600 0.969676 2.080005 0.271426 9.902795 -1.322023 -0.582870 0.646279 3.625309
1 inf -8.529810 -0.372981 -0.816460 -2.152034 -1.175007 2.661946 0.064038 1.641121 -0.032537 0.952409 2.078134 0.265010 9.922334 -1.319333 -0.570994 0.650107 3.641832
1 inf -8.571614 -0.372815 -0.803935 -2.122644 -1.180096 2.621085 0.078602 1.647453 -0.025126 0.932243 2.070773 0.266582 9.949000 -1.314566 -0.562246 0.657349 3.666493
1 inf -8.576924 -0.370327 -0.809106 -2.147364 -1.197532 2.617559 0.052674 1.653845 0.031259 0.921575 2.063369 0.257399 9.944652 -1.331062 -0.539359 0.669850 3.683863
1 inf -8.605989 -0.319944 -0.850388 -2.158923 -1.208338 2.624897 0.056102 1.654360 0.030386 0.907386 2.078117 0.267443 9.955307 -1.375953 -0.547139 0.694002 3.696624
1 inf -8.629811 -0.314177 -0.881627 -2.175411 -1.226824 2.623731 0.054984 1.667253 0.009393 0.900411 2.103988 0.239255 9.976977 -1.323033 -0.529291 0.684304 3.677078
1 inf -8.624348 -0.300908 -0.880256 -2.200469 -1.208687 2.644551 0.050234 1.642898 0.022950 0.893956 2.093862 0.240968 9.981087 -1.308911 -0.509979 0.701601 3.625780
1 inf -8.621698 -0.286095 -0.907243 -2.165232 -1.212821 2.653680 0.104977 1.646754 0.060627 0.891263 2.103196 0.243489 9.970691 -1.315187 -0.497029 0.735434 3.660911
1 inf -8.618007 -0.275232 -0.869400 -2.186887 -1.170933 2.675527 0.099742 1.637810 0.080522 0.878352 2.058389 0.237922 9.991749 -1.357209 -0.464231 0.690162 3.657738
1 inf -8.626688 -0.264575 -0.820525 -2.178378 -1.165168 2.668022 0.105805 1.649626 0.086005 0.871051 2.056939 0.221699 10.000265 -1.337444 -0.494807 0.683318 3.679447
1 inf -8.609449 -0.267253 -0.813376 -2.196861 -1.193423 2.719248 0.108594 1.622463 0.106911 0.875889 2.069954 0.214702 10.022049 -1.319969 -0.496342 0.647356 3.684598
1 inf -8.615037 -0.300381 -0.782310 -2.203497 -1.159340 2.715249 0.101328 1.624079 0.121906 0.873197 2.077042 0.178054 10.040174 -1.316148 -0.480546 0.640202 3.669737
1 inf -8.626954 -0.334536 -0.771564 -2.202656 -1.126492 2.731264 0.093107 1.575705 0.096419 0.881130 2.086418 0.164379 10.033795 -1.317981 -0.500503 0.644650 3.649507
1 inf -8.651740 -0.323210 -0.800048 -2.178118 -1.141510 2.713596 0.112508 1.571012 0.076327 0.911718 2.066154 0.246338 10.029681 -1.339745 -0.487597 0.645034 3.664792
1 inf -8.678440 -0.364060 -0.805015 -2.188267 -1.142292 2.734600 0.131638 1.576554 0.060467 0.903029 2.072882 0.208959 10.008821 -1.356930 -0.478871 0.611324 3.668764
1 inf -8.712460 -0.369067 -0.806946 -2.160467 -1.097810 2.752088 0.129752 1.540950 0.079443 0.863738 2.038466 0.203944 10.005374 -1.391927 -0.468620 0.600473 3.671644
1 inf -8.721485 -0.401058 -0.857392 -2.147533 -1.115995 2.777097 0.131794 1.527130 0.080621 0.876929 2.047797 0.168993 10.024180 -1.404887 -0.443677 0.596483 3.680995
1 inf -8.709684 -0.429230 -0.897747 -2.136901 -1.109447 2.790869 0.104675 1.508601 0.093016 0.919583 2.054867 0.151579 10.012397 -1.382377 -0.429625 0.597621 3.670532
1 inf -8.695170 -0.394322 -0.883213 -2.113626 -1.101863 2.819779 0.131599 1.493956 0.086069 0.920340 2.079437 0.121263 10.029330 -1.355336 -0.389644 0.607737 3.642705
