1 165.3078 -8.670885 -0.948335 -0.311260 -2.226236 -1.392175 3.388954 0.233104 2.549509 0.132993 0.589239 2.295139 0.141752 10.485344 -0.744524 -0.235601 0.191524 3.642405
1 139.87436 -8.662341 -0.947363 -0.308756 -2.226698 -1.379148 3.408248 0.248924 2.559964 0.160202 0.580600 2.303223 0.134969 10.463608 -0.720770 -0.237972 0.196293 3.614981
1 139.87436 -8.662341 -0.947363 -0.308756 -2.226698 -1.379148 3.408248 0.248924 2.559964 0.160202 0.580600 2.303223 0.134969 10.463608 -0.720770 -0.237972 0.196293 3.614981
1 139.87436 -8.662341 -0.947363 -0.308756 -2.226698 -1.379148 3.408248 0.248924 2.559964 0.160202 0.580600 2.303223 0.134969 10.463608 -0.720770 -0.237972 0.196293 3.614981
1 139.87436 -8.662341 -0.947363 -0.308756 -2.226698 -1.379148 3.408248 0.248924 2.559964 0.160202 0.580600 2.303223 0.134969 10.463608 -0.720770 -0.237972 0.196293 3.614981
1 139.87436 -8.662341 -0.947363 -0.308756 -2.226698 -1.379148 3.408248 0.248924 2.559964 0.160202 0.580600 2.303223 0.134969 10.463608 -0.720770 -0.237972 0.196293 3.614981
1 139.87436 -8.662341 -0.947363 -0.308756 -2.226698 -1.379148 3.408248 0.248924 2.559964 0.160202 0.580600 2.303223 0.134969 10.463608 -0.720770 -0.237972 0.196293 3.614981
1 139.87436 -8.662341 -0.947363 -0.308756 -2.226698 -1.379148 3.408248 0.248924 2.559964 0.160202 0.580600 2.303223 0.134969 10.463608 -0.720770 -0.237972 0.196293 3.614981
1 135.62255 -8.656333 -0.953582 -0.290452 -2.227867 -1.347784 3.382195 0.265217 2.535460 0.155525 0.568261 2.314299 0.148644 10.438614 -0.730899 -0.233589 0.224758 3.617732
1 135.62255 -8.656333 -0.953582 -0.290452 -2.227867 -1.347784 3.382195 0.265217 2.535460 0.155525 0.568261 2.314299 0.148644 10.438614 -0.730899 -0.233589 0.224758 3.617732
1 135.62255 -8.656333 -0.953582 -0.290452 -2.227867 -1.347784 3.382195 0.265217 2.535460 0.155525 0.568261 2.314299 0.148644 10.438614 -0.730899 -0.233589 0.224758 3.617732
1 136.04588 -8.653248 -0.967511 -0.271992 -2.235874 -1.350810 3.409057 0.273567 2.544092 0.159171 0.532219 2.320549 0.165480 10.433741 -0.746411 -0.188866 0.230503 3.575845
1 136.04588 -8.653248 -0.967511 -0.271992 -2.235874 -1.350810 3.409057 0.273567 2.544092 0.159171 0.532219 2.320549 0.165480 10.433741 -0.746411 -0.188866 0.230503 3.575845
1 136.04588 -8.653248 -0.967511 -0.271992 -2.235874 -1.350810 3.409057 0.273567 2.544092 0.159171 0.532219 2.320549 0.165480 10.433741 -0.746411 -0.188866 0.230503 3.575845
1 136.04588 -8.653248 -0.967511 -0.271992 -2.235874 -1.350810 3.409057 0.273567 2.544092 0.159171 0.532219 2.320549 0.165480 10.433741 -0.746411 -0.188866 0.230503 3.575845
1 136.04588 -8.653248 -0.967511 -0.271992 -2.235874 -1.350810 3.409057 0.273567 2.544092 0.159171 0.532219 2.320549 0.165480 10.433741 -0.746411 -0.188866 0.230503 3.575845
1 136.04588 -8.653248 -0.967511 -0.271992 -2.235874 -1.350810 3.409057 0.273567 2.544092 0.159171 0.532219 2.320549 0.165480 10.433741 -0.746411 -0.188866 0.230503 3.575845
1 136.04588 -8.653248 -0.967511 -0.271992 -2.235874 -1.350810 3.409057 0.273567 2.544092 0.159171 0.532219 2.320549 0.165480 10.433741 -0.746411 -0.188866 0.230503 3.575845
1 136.04588 -8.653248 -0.967511 -0.271992 -2.235874 -1.350810 3.409057 0.273567 2.544092 0.159171 0.532219 2.320549 0.165480 10.433741 -0.746411 -0.188866 0.230503 3.575845
1 136.04588 -8.653248 -0.967511 -0.271992 -2.235874 -1.350810 3.409057 0.273567 2.544092 0.159171 0.532219 2.320549 0.165480 10.433741 -0.746411 -0.188866 0.230503 3.575845
1 136.04588 -8.653248 -0.967511 -0.271992 -2.235874 -1.350810 3.409057 0.273567 2.544092 0.159171 0.532219 2.320549 0.165480 10.433741 -0.746411 -0.188866 0.230503 3.575845
1 132.01493 -8.664271 -0.956969 -0.264009 -2.210001 -1.327770 3.417981 0.241881 2.537509 0.167473 0.620365 2.317353 0.168806 10.420584 -0.780839 -0.201313 0.249311 3.585258
1 132.01493 -8.664271 -0.956969 -0.264009 -2.210001 -1.327770 3.417981 0.241881 2.537509 0.167473 0.620365 2.317353 0.168806 10.420584 -0.780839 -0.201313 0.249311 3.585258
1 132.01493 -8.664271 -0.956969 -0.264009 -2.210001 -1.327770 3.417981 0.241881 2.537509 0.167473 0.620365 2.317353 0.168806 10.420584 -0.780839 -0.201313 0.249311 3.585258
1 132.01493 -8.664271 -0.956969 -0.264009 -2.210001 -1.327770 3.417981 0.241881 2.537509 0.167473 0.620365 2.317353 0.168806 10.420584 -0.780839 -0.201313 0.249311 3.585258
1 132.01493 -8.664271 -0.956969 -0.264009 -2.210001 -1.327770 3.417981 0.241881 2.537509 0.167473 0.620365 2.317353 0.168806 10.420584 -0.780839 -0.201313 0.249311 3.585258
1 132.01493 -8.664271 -0.956969 -0.264009 -2.210001 -1.327770 3.417981 0.241881 2.537509 0.167473 0.620365 2.317353 0.168806 10.420584 -0.780839 -0.201313 0.249311 3.585258
1 132.01493 -8.664271 -0.956969 -0.264009 -2.210001 -1.327770 3.417981 0.241881 2.537509 0.167473 0.620365 2.317353 0.168806 10.420584 -0.780839 -0.201313 0.249311 3.585258
1 132.01493 -8.664271 -0.956969 -0.264009 -2.210001 -1.327770 3.417981 0.241881 2.537509 0.167473 0.620365 2.317353 0.168806 10.420584 -0.780839 -0.201313 0.249311 3.585258
1 132.01493 -8.664271 -0.956969 -0.264009 -2.210001 -1.327770 3.417981 0.241881 2.537509 0.167473 0.620365 2.317353 0.168806 10.420584 -0.780839 -0.201313 0.249311 3.585258
1 132.01493 -8.664271 -0.956969 -0.264009 -2.210001 -1.327770 3.417981 0.241881 2.537509 0.167473 0.620365 2.317353 0.168806 10.420584 -0.780839 -0.201313 0.249311 3.585258
1 132.01493 -8.664271 -0.956969 -0.264009 -2.210001 -1.327770 3.417981 0.241881 2.537509 0.167473 0.620365 2.317353 0.168806 10.420584 -0.780839 -0.201313 0.249311 3.585258
1 132.01493 -8.664271 -0.956969 -0.264009 -2.210001 -1.327770 3.417981 0.241881 2.537509 0.167473 0.620365 2.317353 0.168806 10.420584 -0.780839 -0.201313 0.249311 3.585258
1 132.01493 -8.664271 -0.956969 -0.264009 -2.210001 -1.327770 3.417981 0.241881 2.537509 0.167473 0.620365 2.317353 0.168806 10.420584 -0.780839 -0.201313 0.249311 3.585258
1 132.01493 -8.664271 -0.956969 -0.264009 -2.210001 -1.327770 3.417981 0.241881 2.537509 0.167473 0.620365 2.317353 0.168806 10.420584 -0.780839 -0.201313 0.249311 3.585258
1 132.01493 -8.664271 -0.956969 -0.264009 -2.210001 -1.327770 3.417981 0.241881 2.537509 0.167473 0.620365 2.317353 0.168806 10.420584 -0.780839 -0.201313 0.249311 3.585258
1 132.01493 -8.664271 -0.956969 -0.264009 -2.210001 -1.327770 3.417981 0.241881 2.537509 0.167473 0.620365 2.317353 0.168806 10.420584 -0.780839 -0.201313 0.249311 3.585258
1 132.01493 -8.664271 -0.956969 -0.264009 -2.210001 -1.327770 3.417981 0.241881 2.537509 0.167473 0.620365 2.317353 0.168806 10.420584 -0.780839 -0.201313 0.249311 3.585258
1 132.01493 -8.664271 -0.956969 -0.264009 -2.210001 -1.327770 3.417981 0.241881 2.537509 0.167473 0.620365 2.317353 0.168806 10.420584 -0.780839 -0.201313 0.249311 3.585258
1 132.01493 -8.664271 -0.956969 -0.264009 -2.210001 -1.327770 3.417981 0.241881 2.537509 0.167473 0.620365 2.317353 0.168806 10.420584 -0.780839 -0.201313 0.249311 3.585258
1 132.01493 -8.664271 -0.956969 -0.264009 -2.210001 -1.327770 3.417981 0.241881 2.537509 0.167473 0.620365 2.317353 0.168806 10.420584 -0.780839 -0.201313 0.249311 3.585258
1 132.01493 -8.664271 -0.956969 -0.264009 -2.210001 -1.327770 3.417981 0.241881 2.537509 0.167473 0.620365 2.317353 0.168806 10.420584 -0.780839 -0.201313 0.249311 3.585258
1 132.01493 -8.664271 -0.956969 -0.264009 -2.210001 -1.327770 3.417981 0.241881 2.537509 0.167473 0.620365 2.317353 0.168806 10.420584 -0.780839 -0.201313 0.249311 3.585258
1 132.01493 -8.664271 -0.956969 -0.264009 -2.210001 -1.327770 3.417981 0.241881 2.537509 0.167473 0.620365 2.317353 0.168806 10.420584 -0.780839 -0.201313 0.249311 3.585258
1 132.01493 -8.664271 -0.956969 -0.264009 -2.210001 -1.327770 3.417981 0.241881 2.537509 0.167473 0.620365 2.317353 0.168806 10.420584 -0.780839 -0.201313 0.249311 3.585258
1 132.01493 -8.664271 -0.956969 -0.264009 -2.210001 -1.327770 3.417981 0.241881 2.537509 0.167473 0.620365 2.317353 0.168806 10.420584 -0.780839 -0.201313 0.249311 3.585258
1 132.01493 -8.664271 -0.956969 -0.264009 -2.210001 -1.327770 3.417981 0.241881 2.537509 0.167473 0.620365 2.317353 0.168806 10.420584 -0.780839 -0.201313 0.249311 3.585258
1 132.01493 -8.664271 -0.956969 -0.264009 -2.210001 -1.327770 3.417981 0.241881 2.537509 0.167473 0.620365 2.317353 0.168806 10.420584 -0.780839 -0.201313 0.249311 3.585258
1 132.01493 -8.664271 -0.956969 -0.264009 -2.210001 -1.327770 3.417981 0.241881 2.537509 0.167473 0.620365 2.317353 0.168806 10.420584 -0.780839 -0.201313 0.249311 3.585258
1 132.01493 -8.664271 -0.956969 -0.264009 -2.210001 -1.327770 3.417981 0.241881 2.537509 0.167473 0.620365 2.317353 0.168806 10.420584 -0.780839 -0.201313 0.249311 3.585258
1 132.01493 -8.664271 -0.956969 -0.264009 -2.210001 -1.327770 3.417981 0.241881 2.537509 0.167473 0.620365 2.317353 0.168806 10.420584 -0.780839 -0.201313 0.249311 3.585258
1 132.01493 -8.664271 -0.956969 -0.264009 -2.210001 -1.327770 3.417981 0.241881 2.537509 0.167473 0.620365 2.317353 0.168806 10.420584 -0.780839 -0.201313 0.249311 3.585258
1 132.01493 -8.664271 -0.956969 -0.264009 -2.210001 -1.327770 3.417981 0.241881 2.537509 0.167473 0.620365 2.317353 0.168806 10.420584 -0.780839 -0.201313 0.249311 3.585258
1 132.01493 -8.664271 -0.956969 -0.264009 -2.210001 -1.327770 3.417981 0.241881 2.537509 0.167473 0.620365 2.317353 0.168806 10.420584 -0.780839 -0.201313 0.249311 3.585258
1 132.01493 -8.664271 -0.956969 -0.264009 -2.210001 -1.327770 3.417981 0.241881 2.537509 0.167473 0.620365 2.317353 0.168806 10.420584 -0.780839 -0.201313 0.249311 3.585258
1 132.01493 -8.664271 -0.956969 -0.264009 -2.210001 -1.327770 3.417981 0.241881 2.537509 0.167473 0.620365 2.317353 0.168806 10.420584 -0.780839 -0.201313 0.249311 3.585258
1 132.01493 -8.664271 -0.956969 -0.264009 -2.210001 -1.327770 3.417981 0.241881 2.537509 0.167473 0.620365 2.317353 0.168806 10.420584 -0.780839 -0.201313 0.249311 3.585258
1 132.01493 -8.664271 -0.956969 -0.264009 -2.210001 -1.327770 3.417981 0.241881 2.537509 0.167473 0.620365 2.317353 0.168806 10.420584 -0.780839 -0.201313 0.249311 3.585258
1 132.01493 -8.664271 -0.956969 -0.264009 -2.210001 -1.327770 3.417981 0.241881 2.537509 0.167473 0.620365 2.317353 0.168806 10.420584 -0.780839 -0.201313 0.249311 3.585258
1 132.01493 -8.664271 -0.956969 -0.264009 -2.210001 -1.327770 3.417981 0.241881 2.537509 0.167473 0.620365 2.317353 0.168806 10.420584 -0.780839 -0.201313 0.249311 3.585258
1 132.01493 -8.664271 -0.956969 -0.264009 -2.210001 -1.327770 3.417981 0.241881 2.537509 0.167473 0.620365 2.317353 0.168806 10.420584 -0.780839 -0.201313 0.249311 3.585258
1 132.01493 -8.664271 -0.956969 -0.264009 -2.210001 -1.327770 3.417981 0.241881 2.537509 0.167473 0.620365 2.317353 0.168806 10.420584 -0.780839 -0.201313 0.249311 3.585258
1 132.01493 -8.664271 -0.956969 -0.264009 -2.210001 -1.327770 3.417981 0.241881 2.537509 0.167473 0.620365 2.317353 0.168806 10.420584 -0.780839 -0.201313 0.249311 3.585258
1 132.01493 -8.664271 -0.956969 -0.264009 -2.210001 -1.327770 3.417981 0.241881 2.537509 0.167473 0.620365 2.317353 0.168806 10.420584 -0.780839 -0.201313 0.249311 3.585258
1 132.01493 -8.664271 -0.956969 -0.264009 -2.210001 -1.327770 3.417981 0.241881 2.537509 0.167473 0.620365 2.317353 0.168806 10.420584 -0.780839 -0.201313 0.249311 3.585258
1 132.01493 -8.664271 -0.956969 -0.264009 -2.210001 -1.327770 3.417981 0.241881 2.537509 0.167473 0.620365 2.317353 0.168806 10.420584 -0.780839 -0.201313 0.249311 3.585258
1 132.01493 -8.664271 -0.956969 -0.264009 -2.210001 -1.327770 3.417981 0.241881 2.537509 0.167473 0.620365 2.317353 0.168806 10.420584 -0.780839 -0.201313 0.249311 3.585258
1 132.01493 -8.664271 -0.956969 -0.264009 -2.210001 -1.327770 3.417981 0.241881 2.537509 0.167473 0.620365 2.317353 0.168806 10.420584 -0.780839 -0.201313 0.249311 3.585258
1 132.01493 -8.664271 -0.956969 -0.264009 -2.210001 -1.327770 3.417981 0.241881 2.537509 0.167473 0.620365 2.317353 0.168806 10.420584 -0.780839 -0.201313 0.249311 3.585258
1 132.01493 -8.664271 -0.956969 -0.264009 -2.210001 -1.327770 3.417981 0.241881 2.537509 0.167473 0.620365 2.317353 0.168806 10.420584 -0.780839 -0.201313 0.249311 3.585258
1 132.01493 -8.664271 -0.956969 -0.264009 -2.210001 -1.327770 3.417981 0.241881 2.537509 0.167473 0.620365 2.317353 0.168806 10.420584 -0.780839 -0.201313 0.249311 3.585258
1 132.01493 -8.664271 -0.956969 -0.264009 -2.210001 -1.327770 3.417981 0.241881 2.537509 0.167473 0.620365 2.317353 0.168806 10.420584 -0.780839 -0.201313 0.249311 3.585258
1 132.01493 -8.664271 -0.956969 -0.264009 -2.210001 -1.327770 3.417981 0.241881 2.537509 0.167473 0.620365 2.317353 0.168806 10.420584 -0.780839 -0.201313 0.249311 3.585258
1 132.01493 -8.664271 -0.956969 -0.264009 -2.210001 -1.327770 3.417981 0.241881 2.537509 0.167473 0.620365 2.317353 0.168806 10.420584 -0.780839 -0.201313 0.249311 3.585258
1 132.01493 -8.664271 -0.956969 -0.264009 -2.210001 -1.327770 3.417981 0.241881 2.537509 0.167473 0.620365 2.317353 0.168806 10.420584 -0.780839 -0.201313 0.249311 3.585258
1 132.01493 -8.664271 -0.956969 -0.264009 -2.210001 -1.327770 3.417981 0.241881 2.537509 0.167473 0.620365 2.317353 0.168806 10.420584 -0.780839 -0.201313 0.249311 3.585258
1 132.01493 -8.664271 -0.956969 -0.264009 -2.210001 -1.327770 3.417981 0.241881 2.537509 0.167473 0.620365 2.317353 0.168806 10.420584 -0.780839 -0.201313 0.249311 3.585258
1 132.01493 -8.664271 -0.956969 -0.264009 -2.210001 -1.327770 3.417981 0.241881 2.537509 0.167473 0.620365 2.317353 0.168806 10.420584 -0.780839 -0.201313 0.249311 3.585258
1 132.01493 -8.664271 -0.956969 -0.264009 -2.210001 -1.327770 3.417981 0.241881 2.537509 0.167473 0.620365 2.317353 0.168806 10.420584 -0.780839 -0.201313 0.249311 3.585258
1 132.01493 -8.664271 -0.956969 -0.264009 -2.210001 -1.327770 3.417981 0.241881 2.537509 0.167473 0.620365 2.317353 0.168806 10.420584 -0.780839 -0.201313 0.249311 3.585258
1 132.01493 -8.664271 -0.956969 -0.264009 -2.210001 -1.327770 3.417981 0.241881 2.537509 0.167473 0.620365 2.317353 0.168806 10.420584 -0.780839 -0.201313 0.249311 3.585258
1 132.01493 -8.664271 -0.956969 -0.264009 -2.210001 -1.327770 3.417981 0.241881 2.537509 0.167473 0.620365 2.317353 0.168806 10.420584 -0.780839 -0.201313 0.249311 3.585258
1 132.01493 -8.664271 -0.956969 -0.264009 -2.210001 -1.327770 3.417981 0.241881 2.537509 0.167473 0.620365 2.317353 0.168806 10.420584 -0.780839 -0.201313 0.249311 3.585258
1 132.01493 -8.664271 -0.956969 -0.264009 -2.210001 -1.327770 3.417981 0.241881 2.537509 0.167473 0.620365 2.317353 0.168806 10.420584 -0.780839 -0.201313 0.249311 3.585258
1 132.01493 -8.664271 -0.956969 -0.264009 -2.210001 -1.327770 3.417981 0.241881 2.537509 0.167473 0.620365 2.317353 0.168806 10.420584 -0.780839 -0.201313 0.249311 3.585258
1 132.01493 -8.664271 -0.956969 -0.264009 -2.210001 -1.327770 3.417981 0.241881 2.537509 0.167473 0.620365 2.317353 0.168806 10.420584 -0.780839 -0.201313 0.249311 3.585258
1 132.01493 -8.664271 -0.956969 -0.264009 -2.210001 -1.327770 3.417981 0.241881 2.537509 0.167473 0.620365 2.317353 0.168806 10.420584 -0.780839 -0.201313 0.249311 3.585258
1 132.01493 -8.664271 -0.956969 -0.264009 -2.210001 -1.327770 3.417981 0.241881 2.537509 0.167473 0.620365 2.317353 0.168806 10.420584 -0.780839 -0.201313 0.249311 3.585258
1 132.01493 -8.664271 -0.956969 -0.264009 -2.210001 -1.327770 3.417981 0.241881 2.537509 0.167473 0.620365 2.317353 0.168806 10.420584 -0.780839 -0.201313 0.249311 3.585258
1 132.01493 -8.664271 -0.956969 -0.264009 -2.210001 -1.327770 3.417981 0.241881 2.537509 0.167473 0.620365 2.317353 0.168806 10.420584 -0.780839 -0.201313 0.249311 3.585258
1 132.01493 -8.664271 -0.956969 -0.264009 -2.210001 -1.327770 3.417981 0.241881 2.537509 0.167473 0.620365 2.317353 0.168806 10.420584 -0.780839 -0.201313 0.249311 3.585258
1 132.01493 -8.664271 -0.956969 -0.264009 -2.210001 -1.327770 3.417981 0.241881 2.537509 0.167473 0.620365 2.317353 0.168806 10.420584 -0.780839 -0.201313 0.249311 3.585258
1 132.01493 -8.664271 -0.956969 -0.264009 -2.210001 -1.327770 3.417981 0.241881 2.537509 0.167473 0.620365 2.317353 0.168806 10.420584 -0.780839 -0.201313 0.249311 3.585258
1 132.01493 -8.664271 -0.956969 -0.264009 -2.210001 -1.327770 3.417981 0.241881 2.537509 0.167473 0.620365 2.317353 0.168806 10.420584 -0.780839 -0.201313 0.249311 3.585258
1 132.01493 -8.664271 -0.956969 -0.264009 -2.210001 -1.327770 3.417981 0.241881 2.537509 0.167473 0.620365 2.317353 0.168806 10.420584 -0.780839 -0.201313 0.249311 3.585258
1 132.01493 -8.664271 -0.956969 -0.264009 -2.210001 -1.327770 3.417981 0.241881 2.537509 0.167473 0.620365 2.317353 0.168806 10.420584 -0.780839 -0.201313 0.249311 3.585258
1 132.01493 -8.664271 -0.956969 -0.264009 -2.210001 -1.327770 3.417981 0.241881 2.537509 0.167473 0.620365 2.317353 0.168806 10.420584 -0.780839 -0.201313 0.249311 3.585258
1 132.01493 -8.664271 -0.956969 -0.264009 -2.210001 -1.327770 3.417981 0.241881 2.537509 0.167473 0.620365 2.317353 0.168806 10.420584 -0.780839 -0.201313 0.249311 3.585258
1 132.01493 -8.664271 -0.956969 -0.264009 -2.210001 -1.327770 3.417981 0.241881 2.537509 0.167473 0.620365 2.317353 0.168806 10.420584 -0.780839 -0.201313 0.249311 3.585258
1 132.01493 -8.664271 -0.956969 -0.264009 -2.210001 -1.327770 3.417981 0.241881 2.537509 0.167473 0.620365 2.317353 0.168806 10.420584 -0.780839 -0.201313 0.249311 3.585258
1 132.01493 -8.664271 -0.956969 -0.264009 -2.210001 -1.327770 3.417981 0.241881 2.537509 0.167473 0.620365 2.317353 0.168806 10.420584 -0.780839 -0.201313 0.249311 3.585258
1 132.01493 -8.664271 -0.956969 -0.264009 -2.210001 -1.327770 3.417981 0.241881 2.537509 0.167473 0.620365 2.317353 0.168806 10.420584 -0.780839 -0.201313 0.249311 3.585258
1 132.01493 -8.664271 -0.956969 -0.264009 -2.210001 -1.327770 3.417981 0.241881 2.537509 0.167473 0.620365 2.317353 0.168806 10.420584 -0.780839 -0.201313 0.249311 3.585258
1 132.01493 -8.664271 -0.956969 -0.264009 -2.210001 -1.327770 3.417981 0.241881 2.537509 0.167473 0.620365 2.317353 0.168806 10.420584 -0.780839 -0.201313 0.249311 3.585258
1 132.01493 -8.664271 -0.956969 -0.264009 -2.210001 -1.327770 3.417981 0.241881 2.537509 0.167473 0.620365 2.317353 0.168806 10.420584 -0.780839 -0.201313 0.249311 3.585258
1 132.01493 -8.664271 -0.956969 -0.264009 -2.210001 -1.327770 3.417981 0.241881 2.537509 0.167473 0.620365 2.317353 0.168806 10.420584 -0.780839 -0.201313 0.249311 3.585258
1 132.01493 -8.664271 -0.956969 -0.264009 -2.210001 -1.327770 3.417981 0.241881 2.537509 0.167473 0.620365 2.317353 0.168806 10.420584 -0.780839 -0.201313 0.249311 3.585258
1 132.01493 -8.664271 -0.956969 -0.264009 -2.210001 -1.327770 3.417981 0.241881 2.537509 0.167473 0.620365 2.317353 0.168806 10.420584 -0.780839 -0.201313 0.249311 3.585258
1 132.01493 -8.664271 -0.956969 -0.264009 -2.210001 -1.327770 3.417981 0.241881 2.537509 0.167473 0.620365 2.317353 0.168806 10.420584 -0.780839 -0.201313 0.249311 3.585258
1 132.01493 -8.664271 -0.956969 -0.264009 -2.210001 -1.327770 3.417981 0.241881 2.537509 0.167473 0.620365 2.317353 0.168806 10.420584 -0.780839 -0.201313 0.249311 3.585258
1 132.01493 -8.664271 -0.956969 -0.264009 -2.210001 -1.327770 3.417981 0.241881 2.537509 0.167473 0.620365 2.317353 0.168806 10.420584 -0.780839 -0.201313 0.249311 3.585258
1 132.01493 -8.664271 -0.956969 -0.264009 -2.210001 -1.327770 3.417981 0.241881 2.537509 0.167473 0.620365 2.317353 0.168806 10.420584 -0.780839 -0.201313 0.249311 3.585258
1 132.01493 -8.664271 -0.956969 -0.264009 -2.210001 -1.327770 3.417981 0.241881 2.537509 0.167473 0.620365 2.317353 0.168806 10.420584 -0.780839 -0.201313 0.249311 3.585258
1 132.01493 -8.664271 -0.956969 -0.264009 -2.210001 -1.327770 3.417981 0.241881 2.537509 0.167473 0.620365 2.317353 0.168806 10.420584 -0.780839 -0.201313 0.249311 3.585258
1 132.01493 -8.664271 -0.956969 -0.264009 -2.210001 -1.327770 3.417981 0.241881 2.537509 0.167473 0.620365 2.317353 0.168806 10.420584 -0.780839 -0.201313 0.249311 3.585258
1 132.01493 -8.664271 -0.956969 -0.264009 -2.210001 -1.327770 3.417981 0.241881 2.537509 0.167473 0.620365 2.317353 0.168806 10.420584 -0.780839 -0.201313 0.249311 3.585258
1 132.01493 -8.664271 -0.956969 -0.264009 -2.210001 -1.327770 3.417981 0.241881 2.537509 0.167473 0.620365 2.317353 0.168806 10.420584 -0.780839 -0.201313 0.249311 3.585258
1 132.01493 -8.664271 -0.956969 -0.264009 -2.210001 -1.327770 3.417981 0.241881 2.537509 0.167473 0.620365 2.317353 0.168806 10.420584 -0.780839 -0.201313 0.249311 3.585258
1 132.01493 -8.664271 -0.956969 -0.264009 -2.210001 -1.327770 3.417981 0.241881 2.537509 0.167473 0.620365 2.317353 0.168806 10.420584 -0.780839 -0.201313 0.249311 3.585258
1 132.01493 -8.664271 -0.956969 -0.264009 -2.210001 -1.327770 3.417981 0.241881 2.537509 0.167473 0.620365 2.317353 0.168806 10.420584 -0.780839 -0.201313 0.249311 3.585258
1 132.01493 -8.664271 -0.956969 -0.264009 -2.210001 -1.327770 3.417981 0.241881 2.537509 0.167473 0.620365 2.317353 0.168806 10.420584 -0.780839 -0.201313 0.249311 3.585258
1 132.01493 -8.664271 -0.956969 -0.264009 -2.210001 -1.327770 3.417981 0.241881 2.537509 0.167473 0.620365 2.317353 0.168806 10.420584 -0.780839 -0.201313 0.249311 3.585258
1 132.01493 -8.664271 -0.956969 -0.264009 -2.210001 -1.327770 3.417981 0.241881 2.537509 0.167473 0.620365 2.317353 0.168806 10.420584 -0.780839 -0.201313 0.249311 3.585258
1 132.01493 -8.664271 -0.956969 -0.264009 -2.210001 -1.327770 3.417981 0.241881 2.537509 0.167473 0.620365 2.317353 0.168806 10.420584 -0.780839 -0.201313 0.249311 3.585258
1 132.01493 -8.664271 -0.956969 -0.264009 -2.210001 -1.327770 3.417981 0.241881 2.537509 0.167473 0.620365 2.317353 0.168806 10.420584 -0.780839 -0.201313 0.249311 3.585258
1 132.01493 -8.664271 -0.956969 -0.264009 -2.210001 -1.327770 3.417981 0.241881 2.537509 0.167473 0.620365 2.317353 0.168806 10.420584 -0.780839 -0.201313 0.249311 3.585258
1 132.01493 -8.664271 -0.956969 -0.264009 -2.210001 -1.327770 3.417981 0.241881 2.537509 0.167473 0.620365 2.317353 0.168806 10.420584 -0.780839 -0.201313 0.249311 3.585258
1 132.01493 -8.664271 -0.956969 -0.264009 -2.210001 -1.327770 3.417981 0.241881 2.537509 0.167473 0.620365 2.317353 0.168806 10.420584 -0.780839 -0.201313 0.249311 3.585258
1 132.01493 -8.664271 -0.956969 -0.264009 -2.210001 -1.327770 3.417981 0.241881 2.537509 0.167473 0.620365 2.317353 0.168806 10.420584 -0.780839 -0.201313 0.249311 3.585258
1 132.01493 -8.664271 -0.956969 -0.264009 -2.210001 -1.327770 3.417981 0.241881 2.537509 0.167473 0.620365 2.317353 0.168806 10.420584 -0.780839 -0.201313 0.249311 3.585258
1 132.01493 -8.664271 -0.956969 -0.264009 -2.210001 -1.327770 3.417981 0.241881 2.537509 0.167473 0.620365 2.317353 0.168806 10.420584 -0.780839 -0.201313 0.249311 3.585258
1 132.01493 -8.664271 -0.956969 -0.264009 -2.210001 -1.327770 3.417981 0.241881 2.537509 0.167473 0.620365 2.317353 0.168806 10.420584 -0.780839 -0.201313 0.249311 3.585258
1 132.01493 -8.664271 -0.956969 -0.264009 -2.210001 -1.327770 3.417981 0.241881 2.537509 0.167473 0.620365 2.317353 0.168806 10.420584 -0.780839 -0.201313 0.249311 3.585258
1 132.01493 -8.664271 -0.956969 -0.264009 -2.210001 -1.327770 3.417981 0.241881 2.537509 0.167473 0.620365 2.317353 0.168806 10.420584 -0.780839 -0.201313 0.249311 3.585258
1 132.01493 -8.664271 -0.956969 -0.264009 -2.210001 -1.327770 3.417981 0.241881 2.537509 0.167473 0.620365 2.317353 0.168806 10.420584 -0.780839 -0.201313 0.249311 3.585258
1 132.01493 -8.664271 -0.956969 -0.264009 -2.210001 -1.327770 3.417981 0.241881 2.537509 0.167473 0.620365 2.317353 0.168806 10.420584 -0.780839 -0.201313 0.249311 3.585258
1 132.01493 -8.664271 -0.956969 -0.264009 -2.210001 -1.327770 3.417981 0.241881 2.537509 0.167473 0.620365 2.317353 0.168806 10.420584 -0.780839 -0.201313 0.249311 3.585258
1 132.01493 -8.664271 -0.956969 -0.264009 -2.210001 -1.327770 3.417981 0.241881 2.537509 0.167473 0.620365 2.317353 0.168806 10.420584 -0.780839 -0.201313 0.249311 3.585258
1 132.01493 -8.664271 -0.956969 -0.264009 -2.210001 -1.327770 3.417981 0.241881 2.537509 0.167473 0.620365 2.317353 0.168806 10.420584 -0.780839 -0.201313 0.249311 3.585258
1 132.01493 -8.664271 -0.956969 -0.264009 -2.210001 -1.327770 3.417981 0.241881 2.537509 0.167473 0.620365 2.317353 0.168806 10.420584 -0.780839 -0.201313 0.249311 3.585258
1 132.01493 -8.664271 -0.956969 -0.264009 -2.210001 -1.327770 3.417981 0.241881 2.537509 0.167473 0.620365 2.317353 0.168806 10.420584 -0.780839 -0.201313 0.249311 3.585258
1 132.01493 -8.664271 -0.956969 -0.264009 -2.210001 -1.327770 3.417981 0.241881 2.537509 0.167473 0.620365 2.317353 0.168806 10.420584 -0.780839 -0.201313 0.249311 3.585258
1 132.01493 -8.664271 -0.956969 -0.264009 -2.210001 -1.327770 3.417981 0.241881 2.537509 0.167473 0.620365 2.317353 0.168806 10.420584 -0.780839 -0.201313 0.249311 3.585258
1 132.01493 -8.664271 -0.956969 -0.264009 -2.210001 -1.327770 3.417981 0.241881 2.537509 0.167473 0.620365 2.317353 0.168806 10.420584 -0.780839 -0.201313 0.249311 3.585258
1 132.01493 -8.664271 -0.956969 -0.264009 -2.210001 -1.327770 3.417981 0.241881 2.537509 0.167473 0.620365 2.317353 0.168806 10.420584 -0.780839 -0.201313 0.249311 3.585258
1 132.01493 -8.664271 -0.956969 -0.264009 -2.210001 -1.327770 3.417981 0.241881 2.537509 0.167473 0.620365 2.317353 0.168806 10.420584 -0.780839 -0.201313 0.249311 3.585258
1 132.01493 -8.664271 -0.956969 -0.264009 -2.210001 -1.327770 3.417981 0.241881 2.537509 0.167473 0.620365 2.317353 0.168806 10.420584 -0.780839 -0.201313 0.249311 3.585258
1 132.01493 -8.664271 -0.956969 -0.264009 -2.210001 -1.327770 3.417981 0.241881 2.537509 0.167473 0.620365 2.317353 0.168806 10.420584 -0.780839 -0.201313 0.249311 3.585258
1 132.01493 -8.664271 -0.956969 -0.264009 -2.210001 -1.327770 3.417981 0.241881 2.537509 0.167473 0.620365 2.317353 0.168806 10.420584 -0.780839 -0.201313 0.249311 3.585258
1 132.01493 -8.664271 -0.956969 -0.264009 -2.210001 -1.327770 3.417981 0.241881 2.537509 0.167473 0.620365 2.317353 0.168806 10.420584 -0.780839 -0.201313 0.249311 3.585258
1 132.01493 -8.664271 -0.956969 -0.264009 -2.210001 -1.327770 3.417981 0.241881 2.537509 0.167473 0.620365 2.317353 0.168806 10.420584 -0.780839 -0.201313 0.249311 3.585258
1 132.01493 -8.664271 -0.956969 -0.264009 -2.210001 -1.327770 3.417981 0.241881 2.537509 0.167473 0.620365 2.317353 0.168806 10.420584 -0.780839 -0.201313 0.249311 3.585258
1 132.01493 -8.664271 -0.956969 -0.264009 -2.210001 -1.327770 3.417981 0.241881 2.537509 0.167473 0.620365 2.317353 0.168806 10.420584 -0.780839 -0.201313 0.249311 3.585258
1 132.01493 -8.664271 -0.956969 -0.264009 -2.210001 -1.327770 3.417981 0.241881 2.537509 0.167473 0.620365 2.317353 0.168806 10.420584 -0.780839 -0.201313 0.249311 3.585258
1 132.01493 -8.664271 -0.956969 -0.264009 -2.210001 -1.327770 3.417981 0.241881 2.537509 0.167473 0.620365 2.317353 0.168806 10.420584 -0.780839 -0.201313 0.249311 3.585258
1 132.01493 -8.664271 -0.956969 -0.264009 -2.210001 -1.327770 3.417981 0.241881 2.537509 0.167473 0.620365 2.317353 0.168806 10.420584 -0.780839 -0.201313 0.249311 3.585258
1 132.01493 -8.664271 -0.956969 -0.264009 -2.210001 -1.327770 3.417981 0.241881 2.537509 0.167473 0.620365 2.317353 0.168806 10.420584 -0.780839 -0.201313 0.249311 3.585258
1 132.01493 -8.664271 -0.956969 -0.264009 -2.210001 -1.327770 3.417981 0.241881 2.537509 0.167473 0.620365 2.317353 0.168806 10.420584 -0.780839 -0.201313 0.249311 3.585258
1 132.01493 -8.664271 -0.956969 -0.264009 -2.210001 -1.327770 3.417981 0.241881 2.537509 0.167473 0.620365 2.317353 0.168806 10.420584 -0.780839 -0.201313 0.249311 3.585258
1 132.01493 -8.664271 -0.956969 -0.264009 -2.210001 -1.327770 3.417981 0.241881 2.537509 0.167473 0.620365 2.317353 0.168806 10.420584 -0.780839 -0.201313 0.249311 3.585258
