1 145.07815 -8.732818 -0.966207 -0.279873 -2.221508 -1.413486 3.388370 0.247140 2.544369 0.169270 0.590355 2.292351 0.153219 10.460648 -0.748317 -0.292140 0.192424 3.621797
1 145.07815 -8.732818 -0.966207 -0.279873 -2.221508 -1.413486 3.388370 0.247140 2.544369 0.169270 0.590355 2.292351 0.153219 10.460648 -0.748317 -0.292140 0.192424 3.621797
1 138.261 -8.755814 -0.968540 -0.256991 -2.190309 -1.398771 3.359033 0.246621 2.564237 0.151700 0.566189 2.290395 0.152778 10.462151 -0.755641 -0.281528 0.207448 3.620467
1 138.261 -8.755814 -0.968540 -0.256991 -2.190309 -1.398771 3.359033 0.246621 2.564237 0.151700 0.566189 2.290395 0.152778 10.462151 -0.755641 -0.281528 0.207448 3.620467
1 138.261 -8.755814 -0.968540 -0.256991 -2.190309 -1.398771 3.359033 0.246621 2.564237 0.151700 0.566189 2.290395 0.152778 10.462151 -0.755641 -0.281528 0.207448 3.620467
1 138.261 -8.755814 -0.968540 -0.256991 -2.190309 -1.398771 3.359033 0.246621 2.564237 0.151700 0.566189 2.290395 0.152778 10.462151 -0.755641 -0.281528 0.207448 3.620467
1 138.261 -8.755814 -0.968540 -0.256991 -2.190309 -1.398771 3.359033 0.246621 2.564237 0.151700 0.566189 2.290395 0.152778 10.462151 -0.755641 -0.281528 0.207448 3.620467
1 138.261 -8.755814 -0.968540 -0.256991 -2.190309 -1.398771 3.359033 0.246621 2.564237 0.151700 0.566189 2.290395 0.152778 10.462151 -0.755641 -0.281528 0.207448 3.620467
1 138.261 -8.755814 -0.968540 -0.256991 -2.190309 -1.398771 3.359033 0.246621 2.564237 0.151700 0.566189 2.290395 0.152778 10.462151 -0.755641 -0.281528 0.207448 3.620467
1 138.261 -8.755814 -0.968540 -0.256991 -2.190309 -1.398771 3.359033 0.246621 2.564237 0.151700 0.566189 2.290395 0.152778 10.462151 -0.755641 -0.281528 0.207448 3.620467
1 138.261 -8.755814 -0.968540 -0.256991 -2.190309 -1.398771 3.359033 0.246621 2.564237 0.151700 0.566189 2.290395 0.152778 10.462151 -0.755641 -0.281528 0.207448 3.620467
1 138.261 -8.755814 -0.968540 -0.256991 -2.190309 -1.398771 3.359033 0.246621 2.564237 0.151700 0.566189 2.290395 0.152778 10.462151 -0.755641 -0.281528 0.207448 3.620467
1 137.58702 -8.760160 -0.947175 -0.292723 -2.169025 -1.404600 3.344741 0.239174 2.569373 0.141401 0.572741 2.259673 0.174918 10.471064 -0.778354 -0.288391 0.184029 3.617166
1 137.58702 -8.760160 -0.947175 -0.292723 -2.169025 -1.404600 3.344741 0.239174 2.569373 0.141401 0.572741 2.259673 0.174918 10.471064 -0.778354 -0.288391 0.184029 3.617166
1 137.58702 -8.760160 -0.947175 -0.292723 -2.169025 -1.404600 3.344741 0.239174 2.569373 0.141401 0.572741 2.259673 0.174918 10.471064 -0.778354 -0.288391 0.184029 3.617166
1 137.58702 -8.760160 -0.947175 -0.292723 -2.169025 -1.404600 3.344741 0.239174 2.569373 0.141401 0.572741 2.259673 0.174918 10.471064 -0.778354 -0.288391 0.184029 3.617166
1 137.58702 -8.760160 -0.947175 -0.292723 -2.169025 -1.404600 3.344741 0.239174 2.569373 0.141401 0.572741 2.259673 0.174918 10.471064 -0.778354 -0.288391 0.184029 3.617166
1 137.58702 -8.760160 -0.947175 -0.292723 -2.169025 -1.404600 3.344741 0.239174 2.569373 0.141401 0.572741 2.259673 0.174918 10.471064 -0.778354 -0.288391 0.184029 3.617166
1 137.58702 -8.760160 -0.947175 -0.292723 -2.169025 -1.404600 3.344741 0.239174 2.569373 0.141401 0.572741 2.259673 0.174918 10.471064 -0.778354 -0.288391 0.184029 3.617166
1 137.58702 -8.760160 -0.947175 -0.292723 -2.169025 -1.404600 3.344741 0.239174 2.569373 0.141401 0.572741 2.259673 0.174918 10.471064 -0.778354 -0.288391 0.184029 3.617166
1 137.58702 -8.760160 -0.947175 -0.292723 -2.169025 -1.404600 3.344741 0.239174 2.569373 0.141401 0.572741 2.259673 0.174918 10.471064 -0.778354 -0.288391 0.184029 3.617166
1 137.58702 -8.760160 -0.947175 -0.292723 -2.169025 -1.404600 3.344741 0.239174 2.569373 0.141401 0.572741 2.259673 0.174918 10.471064 -0.778354 -0.288391 0.184029 3.617166
1 137.58702 -8.760160 -0.947175 -0.292723 -2.169025 -1.404600 3.344741 0.239174 2.569373 0.141401 0.572741 2.259673 0.174918 10.471064 -0.778354 -0.288391 0.184029 3.617166
1 137.58702 -8.760160 -0.947175 -0.292723 -2.169025 -1.404600 3.344741 0.239174 2.569373 0.141401 0.572741 2.259673 0.174918 10.471064 -0.778354 -0.288391 0.184029 3.617166
1 137.58702 -8.760160 -0.947175 -0.292723 -2.169025 -1.404600 3.344741 0.239174 2.569373 0.141401 0.572741 2.259673 0.174918 10.471064 -0.778354 -0.288391 0.184029 3.617166
1 137.58702 -8.760160 -0.947175 -0.292723 -2.169025 -1.404600 3.344741 0.239174 2.569373 0.141401 0.572741 2.259673 0.174918 10.471064 -0.778354 -0.288391 0.184029 3.617166
1 137.58702 -8.760160 -0.947175 -0.292723 -2.169025 -1.404600 3.344741 0.239174 2.569373 0.141401 0.572741 2.259673 0.174918 10.471064 -0.778354 -0.288391 0.184029 3.617166
1 137.58702 -8.760160 -0.947175 -0.292723 -2.169025 -1.404600 3.344741 0.239174 2.569373 0.141401 0.572741 2.259673 0.174918 10.471064 -0.778354 -0.288391 0.184029 3.617166
1 137.58702 -8.760160 -0.947175 -0.292723 -2.169025 -1.404600 3.344741 0.239174 2.569373 0.141401 0.572741 2.259673 0.174918 10.471064 -0.778354 -0.288391 0.184029 3.617166
1 137.58702 -8.760160 -0.947175 -0.292723 -2.169025 -1.404600 3.344741 0.239174 2.569373 0.141401 0.572741 2.259673 0.174918 10.471064 -0.778354 -0.288391 0.184029 3.617166
1 137.58702 -8.760160 -0.947175 -0.292723 -2.169025 -1.404600 3.344741 0.239174 2.569373 0.141401 0.572741 2.259673 0.174918 10.471064 -0.778354 -0.288391 0.184029 3.617166
1 137.58702 -8.760160 -0.947175 -0.292723 -2.169025 -1.404600 3.344741 0.239174 2.569373 0.141401 0.572741 2.259673 0.174918 10.471064 -0.778354 -0.288391 0.184029 3.617166
1 137.58702 -8.760160 -0.947175 -0.292723 -2.169025 -1.404600 3.344741 0.239174 2.569373 0.141401 0.572741 2.259673 0.174918 10.471064 -0.778354 -0.288391 0.184029 3.617166
1 137.58702 -8.760160 -0.947175 -0.292723 -2.169025 -1.404600 3.344741 0.239174 2.569373 0.141401 0.572741 2.259673 0.174918 10.471064 -0.778354 -0.288391 0.184029 3.617166
1 137.58702 -8.760160 -0.947175 -0.292723 -2.169025 -1.404600 3.344741 0.239174 2.569373 0.141401 0.572741 2.259673 0.174918 10.471064 -0.778354 -0.288391 0.184029 3.617166
1 137.58702 -8.760160 -0.947175 -0.292723 -2.169025 -1.404600 3.344741 0.239174 2.569373 0.141401 0.572741 2.259673 0.174918 10.471064 -0.778354 -0.288391 0.184029 3.617166
1 137.58702 -8.760160 -0.947175 -0.292723 -2.169025 -1.404600 3.344741 0.239174 2.569373 0.141401 0.572741 2.259673 0.174918 10.471064 -0.778354 -0.288391 0.184029 3.617166
1 137.58702 -8.760160 -0.947175 -0.292723 -2.169025 -1.404600 3.344741 0.239174 2.569373 0.141401 0.572741 2.259673 0.174918 10.471064 -0.778354 -0.288391 0.184029 3.617166
1 137.58702 -8.760160 -0.947175 -0.292723 -2.169025 -1.404600 3.344741 0.239174 2.569373 0.141401 0.572741 2.259673 0.174918 10.471064 -0.778354 -0.288391 0.184029 3.617166
1 137.58702 -8.760160 -0.947175 -0.292723 -2.169025 -1.404600 3.344741 0.239174 2.569373 0.141401 0.572741 2.259673 0.174918 10.471064 -0.778354 -0.288391 0.184029 3.617166
1 137.58702 -8.760160 -0.947175 -0.292723 -2.169025 -1.404600 3.344741 0.239174 2.569373 0.141401 0.572741 2.259673 0.174918 10.471064 -0.778354 -0.288391 0.184029 3.617166
1 137.58702 -8.760160 -0.947175 -0.292723 -2.169025 -1.404600 3.344741 0.239174 2.569373 0.141401 0.572741 2.259673 0.174918 10.471064 -0.778354 -0.288391 0.184029 3.617166
1 137.58702 -8.760160 -0.947175 -0.292723 -2.169025 -1.404600 3.344741 0.239174 2.569373 0.141401 0.572741 2.259673 0.174918 10.471064 -0.778354 -0.288391 0.184029 3.617166
1 137.58702 -8.760160 -0.947175 -0.292723 -2.169025 -1.404600 3.344741 0.239174 2.569373 0.141401 0.572741 2.259673 0.174918 10.471064 -0.778354 -0.288391 0.184029 3.617166
1 137.58702 -8.760160 -0.947175 -0.292723 -2.169025 -1.404600 3.344741 0.239174 2.569373 0.141401 0.572741 2.259673 0.174918 10.471064 -0.778354 -0.288391 0.184029 3.617166
1 137.58702 -8.760160 -0.947175 -0.292723 -2.169025 -1.404600 3.344741 0.239174 2.569373 0.141401 0.572741 2.259673 0.174918 10.471064 -0.778354 -0.288391 0.184029 3.617166
1 137.58702 -8.760160 -0.947175 -0.292723 -2.169025 -1.404600 3.344741 0.239174 2.569373 0.141401 0.572741 2.259673 0.174918 10.471064 -0.778354 -0.288391 0.184029 3.617166
1 137.58702 -8.760160 -0.947175 -0.292723 -2.169025 -1.404600 3.344741 0.239174 2.569373 0.141401 0.572741 2.259673 0.174918 10.471064 -0.778354 -0.288391 0.184029 3.617166
1 137.58702 -8.760160 -0.947175 -0.292723 -2.169025 -1.404600 3.344741 0.239174 2.569373 0.141401 0.572741 2.259673 0.174918 10.471064 -0.778354 -0.288391 0.184029 3.617166
1 137.58702 -8.760160 -0.947175 -0.292723 -2.169025 -1.404600 3.344741 0.239174 2.569373 0.141401 0.572741 2.259673 0.174918 10.471064 -0.778354 -0.288391 0.184029 3.617166
1 137.58702 -8.760160 -0.947175 -0.292723 -2.169025 -1.404600 3.344741 0.239174 2.569373 0.141401 0.572741 2.259673 0.174918 10.471064 -0.778354 -0.288391 0.184029 3.617166
1 137.58702 -8.760160 -0.947175 -0.292723 -2.169025 -1.404600 3.344741 0.239174 2.569373 0.141401 0.572741 2.259673 0.174918 10.471064 -0.778354 -0.288391 0.184029 3.617166
1 137.58702 -8.760160 -0.947175 -0.292723 -2.169025 -1.404600 3.344741 0.239174 2.569373 0.141401 0.572741 2.259673 0.174918 10.471064 -0.778354 -0.288391 0.184029 3.617166
1 137.58702 -8.760160 -0.947175 -0.292723 -2.169025 -1.404600 3.344741 0.239174 2.569373 0.141401 0.572741 2.259673 0.174918 10.471064 -0.778354 -0.288391 0.184029 3.617166
1 137.58702 -8.760160 -0.947175 -0.292723 -2.169025 -1.404600 3.344741 0.239174 2.569373 0.141401 0.572741 2.259673 0.174918 10.471064 -0.778354 -0.288391 0.184029 3.617166
1 137.58702 -8.760160 -0.947175 -0.292723 -2.169025 -1.404600 3.344741 0.239174 2.569373 0.141401 0.572741 2.259673 0.174918 10.471064 -0.778354 -0.288391 0.184029 3.617166
1 137.58702 -8.760160 -0.947175 -0.292723 -2.169025 -1.404600 3.344741 0.239174 2.569373 0.141401 0.572741 2.259673 0.174918 10.471064 -0.778354 -0.288391 0.184029 3.617166
1 137.58702 -8.760160 -0.947175 -0.292723 -2.169025 -1.404600 3.344741 0.239174 2.569373 0.141401 0.572741 2.259673 0.174918 10.471064 -0.778354 -0.288391 0.184029 3.617166
1 137.58702 -8.760160 -0.947175 -0.292723 -2.169025 -1.404600 3.344741 0.239174 2.569373 0.141401 0.572741 2.259673 0.174918 10.471064 -0.778354 -0.288391 0.184029 3.617166
1 137.58702 -8.760160 -0.947175 -0.292723 -2.169025 -1.404600 3.344741 0.239174 2.569373 0.141401 0.572741 2.259673 0.174918 10.471064 -0.778354 -0.288391 0.184029 3.617166
1 137.58702 -8.760160 -0.947175 -0.292723 -2.169025 -1.404600 3.344741 0.239174 2.569373 0.141401 0.572741 2.259673 0.174918 10.471064 -0.778354 -0.288391 0.184029 3.617166
1 137.58702 -8.760160 -0.947175 -0.292723 -2.169025 -1.404600 3.344741 0.239174 2.569373 0.141401 0.572741 2.259673 0.174918 10.471064 -0.778354 -0.288391 0.184029 3.617166
1 137.58702 -8.760160 -0.947175 -0.292723 -2.169025 -1.404600 3.344741 0.239174 2.569373 0.141401 0.572741 2.259673 0.174918 10.471064 -0.778354 -0.288391 0.184029 3.617166
1 137.58702 -8.760160 -0.947175 -0.292723 -2.169025 -1.404600 3.344741 0.239174 2.569373 0.141401 0.572741 2.259673 0.174918 10.471064 -0.778354 -0.288391 0.184029 3.617166
1 137.58702 -8.760160 -0.947175 -0.292723 -2.169025 -1.404600 3.344741 0.239174 2.569373 0.141401 0.572741 2.259673 0.174918 10.471064 -0.778354 -0.288391 0.184029 3.617166
1 137.58702 -8.760160 -0.947175 -0.292723 -2.169025 -1.404600 3.344741 0.239174 2.569373 0.141401 0.572741 2.259673 0.174918 10.471064 -0.778354 -0.288391 0.184029 3.617166
1 137.58702 -8.760160 -0.947175 -0.292723 -2.169025 -1.404600 3.344741 0.239174 2.569373 0.141401 0.572741 2.259673 0.174918 10.471064 -0.778354 -0.288391 0.184029 3.617166
1 137.58702 -8.760160 -0.947175 -0.292723 -2.169025 -1.404600 3.344741 0.239174 2.569373 0.141401 0.572741 2.259673 0.174918 10.471064 -0.778354 -0.288391 0.184029 3.617166
1 137.58702 -8.760160 -0.947175 -0.292723 -2.169025 -1.404600 3.344741 0.239174 2.569373 0.141401 0.572741 2.259673 0.174918 10.471064 -0.778354 -0.288391 0.184029 3.617166
1 137.58702 -8.760160 -0.947175 -0.292723 -2.169025 -1.404600 3.344741 0.239174 2.569373 0.141401 0.572741 2.259673 0.174918 10.471064 -0.778354 -0.288391 0.184029 3.617166
1 137.58702 -8.760160 -0.947175 -0.292723 -2.169025 -1.404600 3.344741 0.239174 2.569373 0.141401 0.572741 2.259673 0.174918 10.471064 -0.778354 -0.288391 0.184029 3.617166
1 137.58702 -8.760160 -0.947175 -0.292723 -2.169025 -1.404600 3.344741 0.239174 2.569373 0.141401 0.572741 2.259673 0.174918 10.471064 -0.778354 -0.288391 0.184029 3.617166
1 137.58702 -8.760160 -0.947175 -0.292723 -2.169025 -1.404600 3.344741 0.239174 2.569373 0.141401 0.572741 2.259673 0.174918 10.471064 -0.778354 -0.288391 0.184029 3.617166
1 137.58702 -8.760160 -0.947175 -0.292723 -2.169025 -1.404600 3.344741 0.239174 2.569373 0.141401 0.572741 2.259673 0.174918 10.471064 -0.778354 -0.288391 0.184029 3.617166
1 137.58702 -8.760160 -0.947175 -0.292723 -2.169025 -1.404600 3.344741 0.239174 2.569373 0.141401 0.572741 2.259673 0.174918 10.471064 -0.778354 -0.288391 0.184029 3.617166
1 137.58702 -8.760160 -0.947175 -0.292723 -2.169025 -1.404600 3.344741 0.239174 2.569373 0.141401 0.572741 2.259673 0.174918 10.471064 -0.778354 -0.288391 0.184029 3.617166
1 137.58702 -8.760160 -0.947175 -0.292723 -2.169025 -1.404600 3.344741 0.239174 2.569373 0.141401 0.572741 2.259673 0.174918 10.471064 -0.778354 -0.288391 0.184029 3.617166
1 137.58702 -8.760160 -0.947175 -0.292723 -2.169025 -1.404600 3.344741 0.239174 2.569373 0.141401 0.572741 2.259673 0.174918 10.471064 -0.778354 -0.288391 0.184029 3.617166
1 137.58702 -8.760160 -0.947175 -0.292723 -2.169025 -1.404600 3.344741 0.239174 2.569373 0.141401 0.572741 2.259673 0.174918 10.471064 -0.778354 -0.288391 0.184029 3.617166
1 137.58702 -8.760160 -0.947175 -0.292723 -2.169025 -1.404600 3.344741 0.239174 2.569373 0.141401 0.572741 2.259673 0.174918 10.471064 -0.778354 -0.288391 0.184029 3.617166
1 137.58702 -8.760160 -0.947175 -0.292723 -2.169025 -1.404600 3.344741 0.239174 2.569373 0.141401 0.572741 2.259673 0.174918 10.471064 -0.778354 -0.288391 0.184029 3.617166
1 137.58702 -8.760160 -0.947175 -0.292723 -2.169025 -1.404600 3.344741 0.239174 2.569373 0.141401 0.572741 2.259673 0.174918 10.471064 -0.778354 -0.288391 0.184029 3.617166
1 137.58702 -8.760160 -0.947175 -0.292723 -2.169025 -1.404600 3.344741 0.239174 2.569373 0.141401 0.572741 2.259673 0.174918 10.471064 -0.778354 -0.288391 0.184029 3.617166
1 137.58702 -8.760160 -0.947175 -0.292723 -2.169025 -1.404600 3.344741 0.239174 2.569373 0.141401 0.572741 2.259673 0.174918 10.471064 -0.778354 -0.288391 0.184029 3.617166
1 137.58702 -8.760160 -0.947175 -0.292723 -2.169025 -1.404600 3.344741 0.239174 2.569373 0.141401 0.572741 2.259673 0.174918 10.471064 -0.778354 -0.288391 0.184029 3.617166
1 137.58702 -8.760160 -0.947175 -0.292723 -2.169025 -1.404600 3.344741 0.239174 2.569373 0.141401 0.572741 2.259673 0.174918 10.471064 -0.778354 -0.288391 0.184029 3.617166
1 137.58702 -8.760160 -0.947175 -0.292723 -2.169025 -1.404600 3.344741 0.239174 2.569373 0.141401 0.572741 2.259673 0.174918 10.471064 -0.778354 -0.288391 0.184029 3.617166
1 137.58702 -8.760160 -0.947175 -0.292723 -2.169025 -1.404600 3.344741 0.239174 2.569373 0.141401 0.572741 2.259673 0.174918 10.471064 -0.778354 -0.288391 0.184029 3.617166
1 137.58702 -8.760160 -0.947175 -0.292723 -2.169025 -1.404600 3.344741 0.239174 2.569373 0.141401 0.572741 2.259673 0.174918 10.471064 -0.778354 -0.288391 0.184029 3.617166
1 137.58702 -8.760160 -0.947175 -0.292723 -2.169025 -1.404600 3.344741 0.239174 2.569373 0.141401 0.572741 2.259673 0.174918 10.471064 -0.778354 -0.288391 0.184029 3.617166
1 137.58702 -8.760160 -0.947175 -0.292723 -2.169025 -1.404600 3.344741 0.239174 2.569373 0.141401 0.572741 2.259673 0.174918 10.471064 -0.778354 -0.288391 0.184029 3.617166
1 137.58702 -8.760160 -0.947175 -0.292723 -2.169025 -1.404600 3.344741 0.239174 2.569373 0.141401 0.572741 2.259673 0.174918 10.471064 -0.778354 -0.288391 0.184029 3.617166
1 137.58702 -8.760160 -0.947175 -0.292723 -2.169025 -1.404600 3.344741 0.239174 2.569373 0.141401 0.572741 2.259673 0.174918 10.471064 -0.778354 -0.288391 0.184029 3.617166
1 137.58702 -8.760160 -0.947175 -0.292723 -2.169025 -1.404600 3.344741 0.239174 2.569373 0.141401 0.572741 2.259673 0.174918 10.471064 -0.778354 -0.288391 0.184029 3.617166
1 137.58702 -8.760160 -0.947175 -0.292723 -2.169025 -1.404600 3.344741 0.239174 2.569373 0.141401 0.572741 2.259673 0.174918 10.471064 -0.778354 -0.288391 0.184029 3.617166
1 137.58702 -8.760160 -0.947175 -0.292723 -2.169025 -1.404600 3.344741 0.239174 2.569373 0.141401 0.572741 2.259673 0.174918 10.471064 -0.778354 -0.288391 0.184029 3.617166
1 137.58702 -8.760160 -0.947175 -0.292723 -2.169025 -1.404600 3.344741 0.239174 2.569373 0.141401 0.572741 2.259673 0.174918 10.471064 -0.778354 -0.288391 0.184029 3.617166
1 137.58702 -8.760160 -0.947175 -0.292723 -2.169025 -1.404600 3.344741 0.239174 2.569373 0.141401 0.572741 2.259673 0.174918 10.471064 -0.778354 -0.288391 0.184029 3.617166
1 137.58702 -8.760160 -0.947175 -0.292723 -2.169025 -1.404600 3.344741 0.239174 2.569373 0.141401 0.572741 2.259673 0.174918 10.471064 -0.778354 -0.288391 0.184029 3.617166
1 137.58702 -8.760160 -0.947175 -0.292723 -2.169025 -1.404600 3.344741 0.239174 2.569373 0.141401 0.572741 2.259673 0.174918 10.471064 -0.778354 -0.288391 0.184029 3.617166
1 137.58702 -8.760160 -0.947175 -0.292723 -2.169025 -1.404600 3.344741 0.239174 2.569373 0.141401 0.572741 2.259673 0.174918 10.471064 -0.778354 -0.288391 0.184029 3.617166
1 137.58702 -8.760160 -0.947175 -0.292723 -2.169025 -1.404600 3.344741 0.239174 2.569373 0.141401 0.572741 2.259673 0.174918 10.471064 -0.778354 -0.288391 0.184029 3.617166
1 137.58702 -8.760160 -0.947175 -0.292723 -2.169025 -1.404600 3.344741 0.239174 2.569373 0.141401 0.572741 2.259673 0.174918 10.471064 -0.778354 -0.288391 0.184029 3.617166
1 137.58702 -8.760160 -0.947175 -0.292723 -2.169025 -1.404600 3.344741 0.239174 2.569373 0.141401 0.572741 2.259673 0.174918 10.471064 -0.778354 -0.288391 0.184029 3.617166
1 137.58702 -8.760160 -0.947175 -0.292723 -2.169025 -1.404600 3.344741 0.239174 2.569373 0.141401 0.572741 2.259673 0.174918 10.471064 -0.778354 -0.288391 0.184029 3.617166
1 137.58702 -8.760160 -0.947175 -0.292723 -2.169025 -1.404600 3.344741 0.239174 2.569373 0.141401 0.572741 2.259673 0.174918 10.471064 -0.778354 -0.288391 0.184029 3.617166
1 137.58702 -8.760160 -0.947175 -0.292723 -2.169025 -1.404600 3.344741 0.239174 2.569373 0.141401 0.572741 2.259673 0.174918 10.471064 -0.778354 -0.288391 0.184029 3.617166
1 137.58702 -8.760160 -0.947175 -0.292723 -2.169025 -1.404600 3.344741 0.239174 2.569373 0.141401 0.572741 2.259673 0.174918 10.471064 -0.778354 -0.288391 0.184029 3.617166
1 137.58702 -8.760160 -0.947175 -0.292723 -2.169025 -1.404600 3.344741 0.239174 2.569373 0.141401 0.572741 2.259673 0.174918 10.471064 -0.778354 -0.288391 0.184029 3.617166
1 137.58702 -8.760160 -0.947175 -0.292723 -2.169025 -1.404600 3.344741 0.239174 2.569373 0.141401 0.572741 2.259673 0.174918 10.471064 -0.778354 -0.288391 0.184029 3.617166
1 137.58702 -8.760160 -0.947175 -0.292723 -2.169025 -1.404600 3.344741 0.239174 2.569373 0.141401 0.572741 2.259673 0.174918 10.471064 -0.778354 -0.288391 0.184029 3.617166
1 137.58702 -8.760160 -0.947175 -0.292723 -2.169025 -1.404600 3.344741 0.239174 2.569373 0.141401 0.572741 2.259673 0.174918 10.471064 -0.778354 -0.288391 0.184029 3.617166
1 137.58702 -8.760160 -0.947175 -0.292723 -2.169025 -1.404600 3.344741 0.239174 2.569373 0.141401 0.572741 2.259673 0.174918 10.471064 -0.778354 -0.288391 0.184029 3.617166
1 137.58702 -8.760160 -0.947175 -0.292723 -2.169025 -1.404600 3.344741 0.239174 2.569373 0.141401 0.572741 2.259673 0.174918 10.471064 -0.778354 -0.288391 0.184029 3.617166
1 137.58702 -8.760160 -0.947175 -0.292723 -2.169025 -1.404600 3.344741 0.239174 2.569373 0.141401 0.572741 2.259673 0.174918 10.471064 -0.778354 -0.288391 0.184029 3.617166
1 137.58702 -8.760160 -0.947175 -0.292723 -2.169025 -1.404600 3.344741 0.239174 2.569373 0.141401 0.572741 2.259673 0.174918 10.471064 -0.778354 -0.288391 0.184029 3.617166
1 137.58702 -8.760160 -0.947175 -0.292723 -2.169025 -1.404600 3.344741 0.239174 2.569373 0.141401 0.572741 2.259673 0.174918 10.471064 -0.778354 -0.288391 0.184029 3.617166
1 137.58702 -8.760160 -0.947175 -0.292723 -2.169025 -1.404600 3.344741 0.239174 2.569373 0.141401 0.572741 2.259673 0.174918 10.471064 -0.778354 -0.288391 0.184029 3.617166
1 137.58702 -8.760160 -0.947175 -0.292723 -2.169025 -1.404600 3.344741 0.239174 2.569373 0.141401 0.572741 2.259673 0.174918 10.471064 -0.778354 -0.288391 0.184029 3.617166
1 137.58702 -8.760160 -0.947175 -0.292723 -2.169025 -1.404600 3.344741 0.239174 2.569373 0.141401 0.572741 2.259673 0.174918 10.471064 -0.778354 -0.288391 0.184029 3.617166
1 137.58702 -8.760160 -0.947175 -0.292723 -2.169025 -1.404600 3.344741 0.239174 2.569373 0.141401 0.572741 2.259673 0.174918 10.471064 -0.778354 -0.288391 0.184029 3.617166
1 137.58702 -8.760160 -0.947175 -0.292723 -2.169025 -1.404600 3.344741 0.239174 2.569373 0.141401 0.572741 2.259673 0.174918 10.471064 -0.778354 -0.288391 0.184029 3.617166
1 137.58702 -8.760160 -0.947175 -0.292723 -2.169025 -1.404600 3.344741 0.239174 2.569373 0.141401 0.572741 2.259673 0.174918 10.471064 -0.778354 -0.288391 0.184029 3.617166
1 137.58702 -8.760160 -0.947175 -0.292723 -2.169025 -1.404600 3.344741 0.239174 2.569373 0.141401 0.572741 2.259673 0.174918 10.471064 -0.778354 -0.288391 0.184029 3.617166
1 137.58702 -8.760160 -0.947175 -0.292723 -2.169025 -1.404600 3.344741 0.239174 2.569373 0.141401 0.572741 2.259673 0.174918 10.471064 -0.778354 -0.288391 0.184029 3.617166
1 137.58702 -8.760160 -0.947175 -0.292723 -2.169025 -1.404600 3.344741 0.239174 2.569373 0.141401 0.572741 2.259673 0.174918 10.471064 -0.778354 -0.288391 0.184029 3.617166
1 137.58702 -8.760160 -0.947175 -0.292723 -2.169025 -1.404600 3.344741 0.239174 2.569373 0.141401 0.572741 2.259673 0.174918 10.471064 -0.778354 -0.288391 0.184029 3.617166
1 137.58702 -8.760160 -0.947175 -0.292723 -2.169025 -1.404600 3.344741 0.239174 2.569373 0.141401 0.572741 2.259673 0.174918 10.471064 -0.778354 -0.288391 0.184029 3.617166
1 137.58702 -8.760160 -0.947175 -0.292723 -2.169025 -1.404600 3.344741 0.239174 2.569373 0.141401 0.572741 2.259673 0.174918 10.471064 -0.778354 -0.288391 0.184029 3.617166
1 137.58702 -8.760160 -0.947175 -0.292723 -2.169025 -1.404600 3.344741 0.239174 2.569373 0.141401 0.572741 2.259673 0.174918 10.471064 -0.778354 -0.288391 0.184029 3.617166
1 137.58702 -8.760160 -0.947175 -0.292723 -2.169025 -1.404600 3.344741 0.239174 2.569373 0.141401 0.572741 2.259673 0.174918 10.471064 -0.778354 -0.288391 0.184029 3.617166
1 137.58702 -8.760160 -0.947175 -0.292723 -2.169025 -1.404600 3.344741 0.239174 2.569373 0.141401 0.572741 2.259673 0.174918 10.471064 -0.778354 -0.288391 0.184029 3.617166
1 137.58702 -8.760160 -0.947175 -0.292723 -2.169025 -1.404600 3.344741 0.239174 2.569373 0.141401 0.572741 2.259673 0.174918 10.471064 -0.778354 -0.288391 0.184029 3.617166
1 137.58702 -8.760160 -0.947175 -0.292723 -2.169025 -1.404600 3.344741 0.239174 2.569373 0.141401 0.572741 2.259673 0.174918 10.471064 -0.778354 -0.288391 0.184029 3.617166
1 137.58702 -8.760160 -0.947175 -0.292723 -2.169025 -1.404600 3.344741 0.239174 2.569373 0.141401 0.572741 2.259673 0.174918 10.471064 -0.778354 -0.288391 0.184029 3.617166
1 137.58702 -8.760160 -0.947175 -0.292723 -2.169025 -1.404600 3.344741 0.239174 2.569373 0.141401 0.572741 2.259673 0.174918 10.471064 -0.778354 -0.288391 0.184029 3.617166
1 137.58702 -8.760160 -0.947175 -0.292723 -2.169025 -1.404600 3.344741 0.239174 2.569373 0.141401 0.572741 2.259673 0.174918 10.471064 -0.778354 -0.288391 0.184029 3.617166
1 137.58702 -8.760160 -0.947175 -0.292723 -2.169025 -1.404600 3.344741 0.239174 2.569373 0.141401 0.572741 2.259673 0.174918 10.471064 -0.778354 -0.288391 0.184029 3.617166
1 137.58702 -8.760160 -0.947175 -0.292723 -2.169025 -1.404600 3.344741 0.239174 2.569373 0.141401 0.572741 2.259673 0.174918 10.471064 -0.778354 -0.288391 0.184029 3.617166
1 137.58702 -8.760160 -0.947175 -0.292723 -2.169025 -1.404600 3.344741 0.239174 2.569373 0.141401 0.572741 2.259673 0.174918 10.471064 -0.778354 -0.288391 0.184029 3.617166
1 137.58702 -8.760160 -0.947175 -0.292723 -2.169025 -1.404600 3.344741 0.239174 2.569373 0.141401 0.572741 2.259673 0.174918 10.471064 -0.778354 -0.288391 0.184029 3.617166
1 137.58702 -8.760160 -0.947175 -0.292723 -2.169025 -1.404600 3.344741 0.239174 2.569373 0.141401 0.572741 2.259673 0.174918 10.471064 -0.778354 -0.288391 0.184029 3.617166
1 137.58702 -8.760160 -0.947175 -0.292723 -2.169025 -1.404600 3.344741 0.239174 2.569373 0.141401 0.572741 2.259673 0.174918 10.471064 -0.778354 -0.288391 0.184029 3.617166
1 137.58702 -8.760160 -0.947175 -0.292723 -2.169025 -1.404600 3.344741 0.239174 2.569373 0.141401 0.572741 2.259673 0.174918 10.471064 -0.778354 -0.288391 0.184029 3.617166
1 137.58702 -8.760160 -0.947175 -0.292723 -2.169025 -1.404600 3.344741 0.239174 2.569373 0.141401 0.572741 2.259673 0.174918 10.471064 -0.778354 -0.288391 0.184029 3.617166
1 137.58702 -8.760160 -0.947175 -0.292723 -2.169025 -1.404600 3.344741 0.239174 2.569373 0.141401 0.572741 2.259673 0.174918 10.471064 -0.778354 -0.288391 0.184029 3.617166
1 137.58702 -8.760160 -0.947175 -0.292723 -2.169025 -1.404600 3.344741 0.239174 2.569373 0.141401 0.572741 2.259673 0.174918 10.471064 -0.778354 -0.288391 0.184029 3.617166
1 137.58702 -8.760160 -0.947175 -0.292723 -2.169025 -1.404600 3.344741 0.239174 2.569373 0.141401 0.572741 2.259673 0.174918 10.471064 -0.778354 -0.288391 0.184029 3.617166
1 137.58702 -8.760160 -0.947175 -0.292723 -2.169025 -1.404600 3.344741 0.239174 2.569373 0.141401 0.572741 2.259673 0.174918 10.471064 -0.778354 -0.288391 0.184029 3.617166
1 137.58702 -8.760160 -0.947175 -0.292723 -2.169025 -1.404600 3.344741 0.239174 2.569373 0.141401 0.572741 2.259673 0.174918 10.471064 -0.778354 -0.288391 0.184029 3.617166
1 137.58702 -8.760160 -0.947175 -0.292723 -2.169025 -1.404600 3.344741 0.239174 2.569373 0.141401 0.572741 2.259673 0.174918 10.471064 -0.778354 -0.288391 0.184029 3.617166
1 137.58702 -8.760160 -0.947175 -0.292723 -2.169025 -1.404600 3.344741 0.239174 2.569373 0.141401 0.572741 2.259673 0.174918 10.471064 -0.778354 -0.288391 0.184029 3.617166
1 137.58702 -8.760160 -0.947175 -0.292723 -2.169025 -1.404600 3.344741 0.239174 2.569373 0.141401 0.572741 2.259673 0.174918 10.471064 -0.778354 -0.288391 0.184029 3.617166
1 137.58702 -8.760160 -0.947175 -0.292723 -2.169025 -1.404600 3.344741 0.239174 2.569373 0.141401 0.572741 2.259673 0.174918 10.471064 -0.778354 -0.288391 0.184029 3.617166
1 137.58702 -8.760160 -0.947175 -0.292723 -2.169025 -1.404600 3.344741 0.239174 2.569373 0.141401 0.572741 2.259673 0.174918 10.471064 -0.778354 -0.288391 0.184029 3.617166
1 137.58702 -8.760160 -0.947175 -0.292723 -2.169025 -1.404600 3.344741 0.239174 2.569373 0.141401 0.572741 2.259673 0.174918 10.471064 -0.778354 -0.288391 0.184029 3.617166
1 137.58702 -8.760160 -0.947175 -0.292723 -2.169025 -1.404600 3.344741 0.239174 2.569373 0.141401 0.572741 2.259673 0.174918 10.471064 -0.778354 -0.288391 0.184029 3.617166
1 137.58702 -8.760160 -0.947175 -0.292723 -2.169025 -1.404600 3.344741 0.239174 2.569373 0.141401 0.572741 2.259673 0.174918 10.471064 -0.778354 -0.288391 0.184029 3.617166
1 137.58702 -8.760160 -0.947175 -0.292723 -2.169025 -1.404600 3.344741 0.239174 2.569373 0.141401 0.572741 2.259673 0.174918 10.471064 -0.778354 -0.288391 0.184029 3.617166
1 137.58702 -8.760160 -0.947175 -0.292723 -2.169025 -1.404600 3.344741 0.239174 2.569373 0.141401 0.572741 2.259673 0.174918 10.471064 -0.778354 -0.288391 0.184029 3.617166
