1 239.95978 -8.069034 -0.622180 -0.325065 -1.564207 -1.306969 2.931547 0.669173 2.369401 0.026099 0.903203 2.383526 0.226598 10.588182 -0.287466 -0.649941 -0.077577 3.504160
1 239.95978 -8.069034 -0.622180 -0.325065 -1.564207 -1.306969 2.931547 0.669173 2.369401 0.026099 0.903203 2.383526 0.226598 10.588182 -0.287466 -0.649941 -0.077577 3.504160
1 230.30399 -8.076405 -0.619206 -0.329636 -1.589198 -1.284355 2.965963 0.630504 2.359512 0.043678 0.916960 2.374942 0.232484 10.576562 -0.294356 -0.622706 -0.081876 3.516839
1 208.05436 -8.067504 -0.617098 -0.350479 -1.628725 -1.312096 2.975722 0.627389 2.363142 0.031863 0.916614 2.389837 0.223936 10.538755 -0.256026 -0.607102 -0.083669 3.509846
1 208.05436 -8.067504 -0.617098 -0.350479 -1.628725 -1.312096 2.975722 0.627389 2.363142 0.031863 0.916614 2.389837 0.223936 10.538755 -0.256026 -0.607102 -0.083669 3.509846
1 208.05436 -8.067504 -0.617098 -0.350479 -1.628725 -1.312096 2.975722 0.627389 2.363142 0.031863 0.916614 2.389837 0.223936 10.538755 -0.256026 -0.607102 -0.083669 3.509846
1 208.05436 -8.067504 -0.617098 -0.350479 -1.628725 -1.312096 2.975722 0.627389 2.363142 0.031863 0.916614 2.389837 0.223936 10.538755 -0.256026 -0.607102 -0.083669 3.509846
1 208.05436 -8.067504 -0.617098 -0.350479 -1.628725 -1.312096 2.975722 0.627389 2.363142 0.031863 0.916614 2.389837 0.223936 10.538755 -0.256026 -0.607102 -0.083669 3.509846
1 208.05436 -8.067504 -0.617098 -0.350479 -1.628725 -1.312096 2.975722 0.627389 2.363142 0.031863 0.916614 2.389837 0.223936 10.538755 -0.256026 -0.607102 -0.083669 3.509846
1 208.05436 -8.067504 -0.617098 -0.350479 -1.628725 -1.312096 2.975722 0.627389 2.363142 0.031863 0.916614 2.389837 0.223936 10.538755 -0.256026 -0.607102 -0.083669 3.509846
1 208.05436 -8.067504 -0.617098 -0.350479 -1.628725 -1.312096 2.975722 0.627389 2.363142 0.031863 0.916614 2.389837 0.223936 10.538755 -0.256026 -0.607102 -0.083669 3.509846
1 208.05436 -8.067504 -0.617098 -0.350479 -1.628725 -1.312096 2.975722 0.627389 2.363142 0.031863 0.916614 2.389837 0.223936 10.538755 -0.256026 -0.607102 -0.083669 3.509846
1 208.05436 -8.067504 -0.617098 -0.350479 -1.628725 -1.312096 2.975722 0.627389 2.363142 0.031863 0.916614 2.389837 0.223936 10.538755 -0.256026 -0.607102 -0.083669 3.509846
1 208.05436 -8.067504 -0.617098 -0.350479 -1.628725 -1.312096 2.975722 0.627389 2.363142 0.031863 0.916614 2.389837 0.223936 10.538755 -0.256026 -0.607102 -0.083669 3.509846
1 197.46432 -8.041715 -0.610789 -0.330213 -1.634176 -1.311320 3.004223 0.600144 2.360588 0.020182 0.956367 2.402358 0.229713 10.547618 -0.273094 -0.613988 -0.067281 3.494470
1 197.46432 -8.041715 -0.610789 -0.330213 -1.634176 -1.311320 3.004223 0.600144 2.360588 0.020182 0.956367 2.402358 0.229713 10.547618 -0.273094 -0.613988 -0.067281 3.494470
1 197.46432 -8.041715 -0.610789 -0.330213 -1.634176 -1.311320 3.004223 0.600144 2.360588 0.020182 0.956367 2.402358 0.229713 10.547618 -0.273094 -0.613988 -0.067281 3.494470
1 194.25617 -8.091621 -0.603378 -0.325490 -1.614736 -1.306633 3.022729 0.607668 2.429731 -0.001014 0.986268 2.430888 0.267486 10.541495 -0.230896 -0.618522 -0.035403 3.458974
1 182.22204 -8.079049 -0.614333 -0.314698 -1.626425 -1.309978 3.033154 0.620544 2.470815 -0.001535 0.941431 2.459527 0.283052 10.554975 -0.251777 -0.592565 -0.050436 3.449802
1 174.7512 -8.076207 -0.646461 -0.327891 -1.638660 -1.295414 3.061035 0.609547 2.445674 -0.003566 0.894894 2.461595 0.292525 10.547248 -0.227188 -0.593224 -0.024699 3.457254
1 174.7512 -8.076207 -0.646461 -0.327891 -1.638660 -1.295414 3.061035 0.609547 2.445674 -0.003566 0.894894 2.461595 0.292525 10.547248 -0.227188 -0.593224 -0.024699 3.457254
1 174.7512 -8.076207 -0.646461 -0.327891 -1.638660 -1.295414 3.061035 0.609547 2.445674 -0.003566 0.894894 2.461595 0.292525 10.547248 -0.227188 -0.593224 -0.024699 3.457254
1 174.7512 -8.076207 -0.646461 -0.327891 -1.638660 -1.295414 3.061035 0.609547 2.445674 -0.003566 0.894894 2.461595 0.292525 10.547248 -0.227188 -0.593224 -0.024699 3.457254
1 174.7512 -8.076207 -0.646461 -0.327891 -1.638660 -1.295414 3.061035 0.609547 2.445674 -0.003566 0.894894 2.461595 0.292525 10.547248 -0.227188 -0.593224 -0.024699 3.457254
1 169.74955 -8.069341 -0.673699 -0.343920 -1.620676 -1.304228 3.064165 0.613341 2.480189 0.036449 0.935374 2.471133 0.269239 10.575371 -0.211902 -0.610324 -0.011319 3.465770
1 169.74955 -8.069341 -0.673699 -0.343920 -1.620676 -1.304228 3.064165 0.613341 2.480189 0.036449 0.935374 2.471133 0.269239 10.575371 -0.211902 -0.610324 -0.011319 3.465770
1 162.92343 -8.030530 -0.651112 -0.358871 -1.603108 -1.332430 3.083944 0.617458 2.485138 0.040596 0.939841 2.467372 0.292381 10.592330 -0.229179 -0.605796 -0.021399 3.456105
1 159.30092 -8.046050 -0.649195 -0.358549 -1.598335 -1.309272 3.129088 0.599326 2.477109 0.051596 0.899396 2.424331 0.298762 10.592414 -0.251995 -0.569975 -0.020741 3.440970
1 159.30092 -8.046050 -0.649195 -0.358549 -1.598335 -1.309272 3.129088 0.599326 2.477109 0.051596 0.899396 2.424331 0.298762 10.592414 -0.251995 -0.569975 -0.020741 3.440970
1 159.30092 -8.046050 -0.649195 -0.358549 -1.598335 -1.309272 3.129088 0.599326 2.477109 0.051596 0.899396 2.424331 0.298762 10.592414 -0.251995 -0.569975 -0.020741 3.440970
1 159.30092 -8.046050 -0.649195 -0.358549 -1.598335 -1.309272 3.129088 0.599326 2.477109 0.051596 0.899396 2.424331 0.298762 10.592414 -0.251995 -0.569975 -0.020741 3.440970
1 159.30092 -8.046050 -0.649195 -0.358549 -1.598335 -1.309272 3.129088 0.599326 2.477109 0.051596 0.899396 2.424331 0.298762 10.592414 -0.251995 -0.569975 -0.020741 3.440970
1 148.09503 -8.050668 -0.613575 -0.358195 -1.610665 -1.327891 3.130245 0.588963 2.419101 0.040758 0.908988 2.451844 0.307496 10.549033 -0.255008 -0.589744 -0.001264 3.427963
1 148.09503 -8.050668 -0.613575 -0.358195 -1.610665 -1.327891 3.130245 0.588963 2.419101 0.040758 0.908988 2.451844 0.307496 10.549033 -0.255008 -0.589744 -0.001264 3.427963
1 148.09503 -8.050668 -0.613575 -0.358195 -1.610665 -1.327891 3.130245 0.588963 2.419101 0.040758 0.908988 2.451844 0.307496 10.549033 -0.255008 -0.589744 -0.001264 3.427963
1 148.09503 -8.050668 -0.613575 -0.358195 -1.610665 -1.327891 3.130245 0.588963 2.419101 0.040758 0.908988 2.451844 0.307496 10.549033 -0.255008 -0.589744 -0.001264 3.427963
1 148.09503 -8.050668 -0.613575 -0.358195 -1.610665 -1.327891 3.130245 0.588963 2.419101 0.040758 0.908988 2.451844 0.307496 10.549033 -0.255008 -0.589744 -0.001264 3.427963
1 147.77826 -8.041592 -0.617248 -0.343040 -1.594897 -1.326548 3.122158 0.554226 2.406535 0.041137 0.877041 2.428827 0.280624 10.508965 -0.284380 -0.582230 -0.020371 3.433897
1 147.77826 -8.041592 -0.617248 -0.343040 -1.594897 -1.326548 3.122158 0.554226 2.406535 0.041137 0.877041 2.428827 0.280624 10.508965 -0.284380 -0.582230 -0.020371 3.433897
1 147.77826 -8.041592 -0.617248 -0.343040 -1.594897 -1.326548 3.122158 0.554226 2.406535 0.041137 0.877041 2.428827 0.280624 10.508965 -0.284380 -0.582230 -0.020371 3.433897
1 147.77826 -8.041592 -0.617248 -0.343040 -1.594897 -1.326548 3.122158 0.554226 2.406535 0.041137 0.877041 2.428827 0.280624 10.508965 -0.284380 -0.582230 -0.020371 3.433897
1 147.77826 -8.041592 -0.617248 -0.343040 -1.594897 -1.326548 3.122158 0.554226 2.406535 0.041137 0.877041 2.428827 0.280624 10.508965 -0.284380 -0.582230 -0.020371 3.433897
1 131.0908 -8.070259 -0.574038 -0.328058 -1.627542 -1.326672 3.131074 0.533559 2.402017 0.087561 0.888988 2.420288 0.251078 10.520545 -0.274673 -0.584183 0.019406 3.438288
1 131.0908 -8.070259 -0.574038 -0.328058 -1.627542 -1.326672 3.131074 0.533559 2.402017 0.087561 0.888988 2.420288 0.251078 10.520545 -0.274673 -0.584183 0.019406 3.438288
1 131.0908 -8.070259 -0.574038 -0.328058 -1.627542 -1.326672 3.131074 0.533559 2.402017 0.087561 0.888988 2.420288 0.251078 10.520545 -0.274673 -0.584183 0.019406 3.438288
1 116.15535 -8.088162 -0.571624 -0.315862 -1.620440 -1.351837 3.144965 0.534299 2.433985 0.096688 0.910488 2.426484 0.248659 10.505573 -0.274328 -0.570584 0.026686 3.455969
1 94.606448 -8.092625 -0.568264 -0.290850 -1.626779 -1.373397 3.165651 0.562274 2.405475 0.098736 0.882530 2.444885 0.222762 10.443346 -0.312425 -0.606057 0.052477 3.435894
1 90.590068 -8.125179 -0.553156 -0.254094 -1.666183 -1.403831 3.161154 0.513803 2.404615 0.094196 0.880196 2.452058 0.215026 10.441758 -0.323797 -0.600168 0.081010 3.421469
1 90.590068 -8.125179 -0.553156 -0.254094 -1.666183 -1.403831 3.161154 0.513803 2.404615 0.094196 0.880196 2.452058 0.215026 10.441758 -0.323797 -0.600168 0.081010 3.421469
1 87.431231 -8.116608 -0.559838 -0.227066 -1.652489 -1.419726 3.179998 0.524713 2.449097 0.073812 0.881502 2.442849 0.244553 10.449281 -0.319315 -0.569463 0.083135 3.423222
1 85.767066 -8.117722 -0.568975 -0.223582 -1.652302 -1.433652 3.145743 0.516045 2.482916 0.098396 0.917543 2.398141 0.212098 10.438926 -0.352666 -0.590716 0.126083 3.421901
1 85.767066 -8.117722 -0.568975 -0.223582 -1.652302 -1.433652 3.145743 0.516045 2.482916 0.098396 0.917543 2.398141 0.212098 10.438926 -0.352666 -0.590716 0.126083 3.421901
1 82.752271 -8.111835 -0.554284 -0.250191 -1.642702 -1.456641 3.158509 0.521839 2.478846 0.134567 0.923312 2.415694 0.210694 10.417682 -0.340469 -0.591782 0.117695 3.439115
1 81.732596 -8.111768 -0.565525 -0.257404 -1.645242 -1.458656 3.165048 0.516726 2.451103 0.097736 0.933162 2.374048 0.203122 10.405084 -0.341909 -0.634724 0.086941 3.448795
1 81.935072 -8.107582 -0.610235 -0.241285 -1.645663 -1.439634 3.155719 0.530463 2.457128 0.113795 0.940261 2.358125 0.201881 10.390123 -0.342259 -0.632125 0.092435 3.431276
1 81.935072 -8.107582 -0.610235 -0.241285 -1.645663 -1.439634 3.155719 0.530463 2.457128 0.113795 0.940261 2.358125 0.201881 10.390123 -0.342259 -0.632125 0.092435 3.431276
1 82.295685 -8.074323 -0.637312 -0.248839 -1.627647 -1.420492 3.169717 0.552503 2.468646 0.117918 0.962139 2.350712 0.191610 10.404219 -0.292554 -0.650580 0.096883 3.423958
1 76.913362 -8.028969 -0.607859 -0.273091 -1.675833 -1.418257 3.196993 0.548208 2.488066 0.142554 0.983969 2.377665 0.221028 10.421649 -0.319527 -0.644850 0.137869 3.446068
1 76.749437 -8.031741 -0.621281 -0.245961 -1.665868 -1.413687 3.181314 0.529265 2.503091 0.107988 0.974060 2.386192 0.218120 10.420144 -0.338528 -0.579901 0.141056 3.455315
1 70.668384 -8.022074 -0.646309 -0.216234 -1.664235 -1.425171 3.136023 0.528131 2.447736 0.116364 0.959872 2.436079 0.250113 10.410648 -0.356045 -0.573497 0.178148 3.477175
1 70.04345 -8.016798 -0.682744 -0.191525 -1.699879 -1.394142 3.171934 0.513551 2.452664 0.081686 0.985170 2.414977 0.246368 10.389973 -0.345904 -0.574406 0.138220 3.487372
1 70.04345 -8.016798 -0.682744 -0.191525 -1.699879 -1.394142 3.171934 0.513551 2.452664 0.081686 0.985170 2.414977 0.246368 10.389973 -0.345904 -0.574406 0.138220 3.487372
1 66.003063 -8.020735 -0.673581 -0.210741 -1.672588 -1.357430 3.178291 0.486353 2.428988 0.089497 0.973124 2.395796 0.243670 10.396118 -0.323337 -0.588035 0.134350 3.511099
1 66.003063 -8.020735 -0.673581 -0.210741 -1.672588 -1.357430 3.178291 0.486353 2.428988 0.089497 0.973124 2.395796 0.243670 10.396118 -0.323337 -0.588035 0.134350 3.511099
1 66.003063 -8.020735 -0.673581 -0.210741 -1.672588 -1.357430 3.178291 0.486353 2.428988 0.089497 0.973124 2.395796 0.243670 10.396118 -0.323337 -0.588035 0.134350 3.511099
1 66.003063 -8.020735 -0.673581 -0.210741 -1.672588 -1.357430 3.178291 0.486353 2.428988 0.089497 0.973124 2.395796 0.243670 10.396118 -0.323337 -0.588035 0.134350 3.511099
1 66.003063 -8.020735 -0.673581 -0.210741 -1.672588 -1.357430 3.178291 0.486353 2.428988 0.089497 0.973124 2.395796 0.243670 10.396118 -0.323337 -0.588035 0.134350 3.511099
1 66.003063 -8.020735 -0.673581 -0.210741 -1.672588 -1.357430 3.178291 0.486353 2.428988 0.089497 0.973124 2.395796 0.243670 10.396118 -0.323337 -0.588035 0.134350 3.511099
1 66.003063 -8.020735 -0.673581 -0.210741 -1.672588 -1.357430 3.178291 0.486353 2.428988 0.089497 0.973124 2.395796 0.243670 10.396118 -0.323337 -0.588035 0.134350 3.511099
1 66.003063 -8.020735 -0.673581 -0.210741 -1.672588 -1.357430 3.178291 0.486353 2.428988 0.089497 0.973124 2.395796 0.243670 10.396118 -0.323337 -0.588035 0.134350 3.511099
1 66.003063 -8.020735 -0.673581 -0.210741 -1.672588 -1.357430 3.178291 0.486353 2.428988 0.089497 0.973124 2.395796 0.243670 10.396118 -0.323337 -0.588035 0.134350 3.511099
1 66.003063 -8.020735 -0.673581 -0.210741 -1.672588 -1.357430 3.178291 0.486353 2.428988 0.089497 0.973124 2.395796 0.243670 10.396118 -0.323337 -0.588035 0.134350 3.511099
1 66.003063 -8.020735 -0.673581 -0.210741 -1.672588 -1.357430 3.178291 0.486353 2.428988 0.089497 0.973124 2.395796 0.243670 10.396118 -0.323337 -0.588035 0.134350 3.511099
1 66.003063 -8.020735 -0.673581 -0.210741 -1.672588 -1.357430 3.178291 0.486353 2.428988 0.089497 0.973124 2.395796 0.243670 10.396118 -0.323337 -0.588035 0.134350 3.511099
1 66.003063 -8.020735 -0.673581 -0.210741 -1.672588 -1.357430 3.178291 0.486353 2.428988 0.089497 0.973124 2.395796 0.243670 10.396118 -0.323337 -0.588035 0.134350 3.511099
1 66.003063 -8.020735 -0.673581 -0.210741 -1.672588 -1.357430 3.178291 0.486353 2.428988 0.089497 0.973124 2.395796 0.243670 10.396118 -0.323337 -0.588035 0.134350 3.511099
1 66.003063 -8.020735 -0.673581 -0.210741 -1.672588 -1.357430 3.178291 0.486353 2.428988 0.089497 0.973124 2.395796 0.243670 10.396118 -0.323337 -0.588035 0.134350 3.511099
1 66.003063 -8.020735 -0.673581 -0.210741 -1.672588 -1.357430 3.178291 0.486353 2.428988 0.089497 0.973124 2.395796 0.243670 10.396118 -0.323337 -0.588035 0.134350 3.511099
1 65.893495 -8.023816 -0.648153 -0.191190 -1.660987 -1.373142 3.210103 0.489503 2.432149 0.088148 0.944165 2.398098 0.245871 10.366785 -0.333523 -0.600289 0.099489 3.495943
1 65.893495 -8.023816 -0.648153 -0.191190 -1.660987 -1.373142 3.210103 0.489503 2.432149 0.088148 0.944165 2.398098 0.245871 10.366785 -0.333523 -0.600289 0.099489 3.495943
1 65.893495 -8.023816 -0.648153 -0.191190 -1.660987 -1.373142 3.210103 0.489503 2.432149 0.088148 0.944165 2.398098 0.245871 10.366785 -0.333523 -0.600289 0.099489 3.495943
1 65.893495 -8.023816 -0.648153 -0.191190 -1.660987 -1.373142 3.210103 0.489503 2.432149 0.088148 0.944165 2.398098 0.245871 10.366785 -0.333523 -0.600289 0.099489 3.495943
1 65.893495 -8.023816 -0.648153 -0.191190 -1.660987 -1.373142 3.210103 0.489503 2.432149 0.088148 0.944165 2.398098 0.245871 10.366785 -0.333523 -0.600289 0.099489 3.495943
1 65.893495 -8.023816 -0.648153 -0.191190 -1.660987 -1.373142 3.210103 0.489503 2.432149 0.088148 0.944165 2.398098 0.245871 10.366785 -0.333523 -0.600289 0.099489 3.495943
1 65.893495 -8.023816 -0.648153 -0.191190 -1.660987 -1.373142 3.210103 0.489503 2.432149 0.088148 0.944165 2.398098 0.245871 10.366785 -0.333523 -0.600289 0.099489 3.495943
1 65.893495 -8.023816 -0.648153 -0.191190 -1.660987 -1.373142 3.210103 0.489503 2.432149 0.088148 0.944165 2.398098 0.245871 10.366785 -0.333523 -0.600289 0.099489 3.495943
1 65.893495 -8.023816 -0.648153 -0.191190 -1.660987 -1.373142 3.210103 0.489503 2.432149 0.088148 0.944165 2.398098 0.245871 10.366785 -0.333523 -0.600289 0.099489 3.495943
1 65.893495 -8.023816 -0.648153 -0.191190 -1.660987 -1.373142 3.210103 0.489503 2.432149 0.088148 0.944165 2.398098 0.245871 10.366785 -0.333523 -0.600289 0.099489 3.495943
1 65.893495 -8.023816 -0.648153 -0.191190 -1.660987 -1.373142 3.210103 0.489503 2.432149 0.088148 0.944165 2.398098 0.245871 10.366785 -0.333523 -0.600289 0.099489 3.495943
1 65.893495 -8.023816 -0.648153 -0.191190 -1.660987 -1.373142 3.210103 0.489503 2.432149 0.088148 0.944165 2.398098 0.245871 10.366785 -0.333523 -0.600289 0.099489 3.495943
1 65.893495 -8.023816 -0.648153 -0.191190 -1.660987 -1.373142 3.210103 0.489503 2.432149 0.088148 0.944165 2.398098 0.245871 10.366785 -0.333523 -0.600289 0.099489 3.495943
1 65.893495 -8.023816 -0.648153 -0.191190 -1.660987 -1.373142 3.210103 0.489503 2.432149 0.088148 0.944165 2.398098 0.245871 10.366785 -0.333523 -0.600289 0.099489 3.495943
1 65.893495 -8.023816 -0.648153 -0.191190 -1.660987 -1.373142 3.210103 0.489503 2.432149 0.088148 0.944165 2.398098 0.245871 10.366785 -0.333523 -0.600289 0.099489 3.495943
1 65.893495 -8.023816 -0.648153 -0.191190 -1.660987 -1.373142 3.210103 0.489503 2.432149 0.088148 0.944165 2.398098 0.245871 10.366785 -0.333523 -0.600289 0.099489 3.495943
1 65.893495 -8.023816 -0.648153 -0.191190 -1.660987 -1.373142 3.210103 0.489503 2.432149 0.088148 0.944165 2.398098 0.245871 10.366785 -0.333523 -0.600289 0.099489 3.495943
1 65.893495 -8.023816 -0.648153 -0.191190 -1.660987 -1.373142 3.210103 0.489503 2.432149 0.088148 0.944165 2.398098 0.245871 10.366785 -0.333523 -0.600289 0.099489 3.495943
1 65.893495 -8.023816 -0.648153 -0.191190 -1.660987 -1.373142 3.210103 0.489503 2.432149 0.088148 0.944165 2.398098 0.245871 10.366785 -0.333523 -0.600289 0.099489 3.495943
1 65.893495 -8.023816 -0.648153 -0.191190 -1.660987 -1.373142 3.210103 0.489503 2.432149 0.088148 0.944165 2.398098 0.245871 10.366785 -0.333523 -0.600289 0.099489 3.495943
1 65.893495 -8.023816 -0.648153 -0.191190 -1.660987 -1.373142 3.210103 0.489503 2.432149 0.088148 0.944165 2.398098 0.245871 10.366785 -0.333523 -0.600289 0.099489 3.495943
1 65.893495 -8.023816 -0.648153 -0.191190 -1.660987 -1.373142 3.210103 0.489503 2.432149 0.088148 0.944165 2.398098 0.245871 10.366785 -0.333523 -0.600289 0.099489 3.495943
1 65.893495 -8.023816 -0.648153 -0.191190 -1.660987 -1.373142 3.210103 0.489503 2.432149 0.088148 0.944165 2.398098 0.245871 10.366785 -0.333523 -0.600289 0.099489 3.495943
1 65.893495 -8.023816 -0.648153 -0.191190 -1.660987 -1.373142 3.210103 0.489503 2.432149 0.088148 0.944165 2.398098 0.245871 10.366785 -0.333523 -0.600289 0.099489 3.495943
1 65.893495 -8.023816 -0.648153 -0.191190 -1.660987 -1.373142 3.210103 0.489503 2.432149 0.088148 0.944165 2.398098 0.245871 10.366785 -0.333523 -0.600289 0.099489 3.495943
1 65.893495 -8.023816 -0.648153 -0.191190 -1.660987 -1.373142 3.210103 0.489503 2.432149 0.088148 0.944165 2.398098 0.245871 10.366785 -0.333523 -0.600289 0.099489 3.495943
1 65.893495 -8.023816 -0.648153 -0.191190 -1.660987 -1.373142 3.210103 0.489503 2.432149 0.088148 0.944165 2.398098 0.245871 10.366785 -0.333523 -0.600289 0.099489 3.495943
1 65.893495 -8.023816 -0.648153 -0.191190 -1.660987 -1.373142 3.210103 0.489503 2.432149 0.088148 0.944165 2.398098 0.245871 10.366785 -0.333523 -0.600289 0.099489 3.495943
1 65.893495 -8.023816 -0.648153 -0.191190 -1.660987 -1.373142 3.210103 0.489503 2.432149 0.088148 0.944165 2.398098 0.245871 10.366785 -0.333523 -0.600289 0.099489 3.495943
1 65.765096 -7.993717 -0.673291 -0.198999 -1.677161 -1.324215 3.253940 0.489211 2.414819 0.101693 0.920409 2.407258 0.202757 10.378516 -0.352590 -0.622436 0.120985 3.493073
1 65.765096 -7.993717 -0.673291 -0.198999 -1.677161 -1.324215 3.253940 0.489211 2.414819 0.101693 0.920409 2.407258 0.202757 10.378516 -0.352590 -0.622436 0.120985 3.493073
1 65.765096 -7.993717 -0.673291 -0.198999 -1.677161 -1.324215 3.253940 0.489211 2.414819 0.101693 0.920409 2.407258 0.202757 10.378516 -0.352590 -0.622436 0.120985 3.493073
1 65.765096 -7.993717 -0.673291 -0.198999 -1.677161 -1.324215 3.253940 0.489211 2.414819 0.101693 0.920409 2.407258 0.202757 10.378516 -0.352590 -0.622436 0.120985 3.493073
1 65.765096 -7.993717 -0.673291 -0.198999 -1.677161 -1.324215 3.253940 0.489211 2.414819 0.101693 0.920409 2.407258 0.202757 10.378516 -0.352590 -0.622436 0.120985 3.493073
1 65.765096 -7.993717 -0.673291 -0.198999 -1.677161 -1.324215 3.253940 0.489211 2.414819 0.101693 0.920409 2.407258 0.202757 10.378516 -0.352590 -0.622436 0.120985 3.493073
1 65.765096 -7.993717 -0.673291 -0.198999 -1.677161 -1.324215 3.253940 0.489211 2.414819 0.101693 0.920409 2.407258 0.202757 10.378516 -0.352590 -0.622436 0.120985 3.493073
1 65.765096 -7.993717 -0.673291 -0.198999 -1.677161 -1.324215 3.253940 0.489211 2.414819 0.101693 0.920409 2.407258 0.202757 10.378516 -0.352590 -0.622436 0.120985 3.493073
1 65.765096 -7.993717 -0.673291 -0.198999 -1.677161 -1.324215 3.253940 0.489211 2.414819 0.101693 0.920409 2.407258 0.202757 10.378516 -0.352590 -0.622436 0.120985 3.493073
1 65.765096 -7.993717 -0.673291 -0.198999 -1.677161 -1.324215 3.253940 0.489211 2.414819 0.101693 0.920409 2.407258 0.202757 10.378516 -0.352590 -0.622436 0.120985 3.493073
1 65.765096 -7.993717 -0.673291 -0.198999 -1.677161 -1.324215 3.253940 0.489211 2.414819 0.101693 0.920409 2.407258 0.202757 10.378516 -0.352590 -0.622436 0.120985 3.493073
1 65.765096 -7.993717 -0.673291 -0.198999 -1.677161 -1.324215 3.253940 0.489211 2.414819 0.101693 0.920409 2.407258 0.202757 10.378516 -0.352590 -0.622436 0.120985 3.493073
1 65.765096 -7.993717 -0.673291 -0.198999 -1.677161 -1.324215 3.253940 0.489211 2.414819 0.101693 0.920409 2.407258 0.202757 10.378516 -0.352590 -0.622436 0.120985 3.493073
1 65.765096 -7.993717 -0.673291 -0.198999 -1.677161 -1.324215 3.253940 0.489211 2.414819 0.101693 0.920409 2.407258 0.202757 10.378516 -0.352590 -0.622436 0.120985 3.493073
1 65.765096 -7.993717 -0.673291 -0.198999 -1.677161 -1.324215 3.253940 0.489211 2.414819 0.101693 0.920409 2.407258 0.202757 10.378516 -0.352590 -0.622436 0.120985 3.493073
1 65.968588 -8.024971 -0.630993 -0.233582 -1.666255 -1.328115 3.207815 0.479643 2.407047 0.117244 0.919632 2.386327 0.212179 10.361040 -0.387254 -0.615078 0.097210 3.517753
1 65.968588 -8.024971 -0.630993 -0.233582 -1.666255 -1.328115 3.207815 0.479643 2.407047 0.117244 0.919632 2.386327 0.212179 10.361040 -0.387254 -0.615078 0.097210 3.517753
1 65.968588 -8.024971 -0.630993 -0.233582 -1.666255 -1.328115 3.207815 0.479643 2.407047 0.117244 0.919632 2.386327 0.212179 10.361040 -0.387254 -0.615078 0.097210 3.517753
1 65.968588 -8.024971 -0.630993 -0.233582 -1.666255 -1.328115 3.207815 0.479643 2.407047 0.117244 0.919632 2.386327 0.212179 10.361040 -0.387254 -0.615078 0.097210 3.517753
1 65.807323 -8.025906 -0.627840 -0.278069 -1.658990 -1.333853 3.223328 0.436102 2.392430 0.129080 0.950202 2.395924 0.232992 10.407577 -0.405444 -0.582134 0.107423 3.471896
1 65.807323 -8.025906 -0.627840 -0.278069 -1.658990 -1.333853 3.223328 0.436102 2.392430 0.129080 0.950202 2.395924 0.232992 10.407577 -0.405444 -0.582134 0.107423 3.471896
1 65.807323 -8.025906 -0.627840 -0.278069 -1.658990 -1.333853 3.223328 0.436102 2.392430 0.129080 0.950202 2.395924 0.232992 10.407577 -0.405444 -0.582134 0.107423 3.471896
1 63.875302 -8.024138 -0.630857 -0.272542 -1.668886 -1.335560 3.255751 0.466252 2.412574 0.124156 0.986776 2.405545 0.284963 10.377148 -0.364788 -0.570712 0.120687 3.419717
1 63.526111 -8.012544 -0.623304 -0.250666 -1.694436 -1.322048 3.254517 0.457586 2.383988 0.139476 0.987263 2.409345 0.309777 10.396026 -0.338564 -0.525011 0.118203 3.443326
1 62.779087 -7.993749 -0.668325 -0.198315 -1.710421 -1.318594 3.238779 0.491225 2.358243 0.130029 0.982801 2.423268 0.320852 10.383468 -0.358470 -0.493133 0.126517 3.463280
1 62.779087 -7.993749 -0.668325 -0.198315 -1.710421 -1.318594 3.238779 0.491225 2.358243 0.130029 0.982801 2.423268 0.320852 10.383468 -0.358470 -0.493133 0.126517 3.463280
1 62.779087 -7.993749 -0.668325 -0.198315 -1.710421 -1.318594 3.238779 0.491225 2.358243 0.130029 0.982801 2.423268 0.320852 10.383468 -0.358470 -0.493133 0.126517 3.463280
1 62.779087 -7.993749 -0.668325 -0.198315 -1.710421 -1.318594 3.238779 0.491225 2.358243 0.130029 0.982801 2.423268 0.320852 10.383468 -0.358470 -0.493133 0.126517 3.463280
1 63.042997 -8.008060 -0.661706 -0.212294 -1.707912 -1.299966 3.246090 0.491272 2.330974 0.136365 0.983315 2.448541 0.306229 10.368194 -0.370051 -0.521969 0.151505 3.446693
1 63.042997 -8.008060 -0.661706 -0.212294 -1.707912 -1.299966 3.246090 0.491272 2.330974 0.136365 0.983315 2.448541 0.306229 10.368194 -0.370051 -0.521969 0.151505 3.446693
1 63.042997 -8.008060 -0.661706 -0.212294 -1.707912 -1.299966 3.246090 0.491272 2.330974 0.136365 0.983315 2.448541 0.306229 10.368194 -0.370051 -0.521969 0.151505 3.446693
1 61.185421 -8.003628 -0.633068 -0.239181 -1.768314 -1.323129 3.247476 0.498007 2.320867 0.165907 0.984643 2.438801 0.271633 10.374932 -0.339677 -0.517364 0.147991 3.467838
1 59.319982 -8.019223 -0.622962 -0.216576 -1.774964 -1.328775 3.232913 0.536867 2.305335 0.163562 0.980782 2.458941 0.254394 10.351009 -0.351595 -0.515425 0.165142 3.493164
1 59.319982 -8.019223 -0.622962 -0.216576 -1.774964 -1.328775 3.232913 0.536867 2.305335 0.163562 0.980782 2.458941 0.254394 10.351009 -0.351595 -0.515425 0.165142 3.493164
1 59.319982 -8.019223 -0.622962 -0.216576 -1.774964 -1.328775 3.232913 0.536867 2.305335 0.163562 0.980782 2.458941 0.254394 10.351009 -0.351595 -0.515425 0.165142 3.493164
1 59.319982 -8.019223 -0.622962 -0.216576 -1.774964 -1.328775 3.232913 0.536867 2.305335 0.163562 0.980782 2.458941 0.254394 10.351009 -0.351595 -0.515425 0.165142 3.493164
1 58.449787 -8.030821 -0.616971 -0.230271 -1.753809 -1.314207 3.223262 0.522463 2.321778 0.141511 0.953701 2.448208 0.259580 10.344854 -0.373490 -0.475722 0.219272 3.489316
1 58.449787 -8.030821 -0.616971 -0.230271 -1.753809 -1.314207 3.223262 0.522463 2.321778 0.141511 0.953701 2.448208 0.259580 10.344854 -0.373490 -0.475722 0.219272 3.489316
1 58.449787 -8.030821 -0.616971 -0.230271 -1.753809 -1.314207 3.223262 0.522463 2.321778 0.141511 0.953701 2.448208 0.259580 10.344854 -0.373490 -0.475722 0.219272 3.489316
1 58.449787 -8.030821 -0.616971 -0.230271 -1.753809 -1.314207 3.223262 0.522463 2.321778 0.141511 0.953701 2.448208 0.259580 10.344854 -0.373490 -0.475722 0.219272 3.489316
1 58.449787 -8.030821 -0.616971 -0.230271 -1.753809 -1.314207 3.223262 0.522463 2.321778 0.141511 0.953701 2.448208 0.259580 10.344854 -0.373490 -0.475722 0.219272 3.489316
1 58.449787 -8.030821 -0.616971 -0.230271 -1.753809 -1.314207 3.223262 0.522463 2.321778 0.141511 0.953701 2.448208 0.259580 10.344854 -0.373490 -0.475722 0.219272 3.489316
1 58.449787 -8.030821 -0.616971 -0.230271 -1.753809 -1.314207 3.223262 0.522463 2.321778 0.141511 0.953701 2.448208 0.259580 10.344854 -0.373490 -0.475722 0.219272 3.489316
1 58.449787 -8.030821 -0.616971 -0.230271 -1.753809 -1.314207 3.223262 0.522463 2.321778 0.141511 0.953701 2.448208 0.259580 10.344854 -0.373490 -0.475722 0.219272 3.489316
1 58.449787 -8.030821 -0.616971 -0.230271 -1.753809 -1.314207 3.223262 0.522463 2.321778 0.141511 0.953701 2.448208 0.259580 10.344854 -0.373490 -0.475722 0.219272 3.489316
1 58.449787 -8.030821 -0.616971 -0.230271 -1.753809 -1.314207 3.223262 0.522463 2.321778 0.141511 0.953701 2.448208 0.259580 10.344854 -0.373490 -0.475722 0.219272 3.489316
1 57.935515 -8.039297 -0.616570 -0.233028 -1.746840 -1.319022 3.218671 0.515394 2.322741 0.151140 0.982059 2.479404 0.273539 10.347690 -0.391828 -0.455288 0.224287 3.504229
1 57.935515 -8.039297 -0.616570 -0.233028 -1.746840 -1.319022 3.218671 0.515394 2.322741 0.151140 0.982059 2.479404 0.273539 10.347690 -0.391828 -0.455288 0.224287 3.504229
1 56.639915 -8.025770 -0.608155 -0.240854 -1.755855 -1.295050 3.251112 0.546182 2.364955 0.164910 0.970096 2.454929 0.286090 10.356932 -0.432934 -0.436498 0.227758 3.484204
1 56.639915 -8.025770 -0.608155 -0.240854 -1.755855 -1.295050 3.251112 0.546182 2.364955 0.164910 0.970096 2.454929 0.286090 10.356932 -0.432934 -0.436498 0.227758 3.484204
1 56.639915 -8.025770 -0.608155 -0.240854 -1.755855 -1.295050 3.251112 0.546182 2.364955 0.164910 0.970096 2.454929 0.286090 10.356932 -0.432934 -0.436498 0.227758 3.484204
1 56.639915 -8.025770 -0.608155 -0.240854 -1.755855 -1.295050 3.251112 0.546182 2.364955 0.164910 0.970096 2.454929 0.286090 10.356932 -0.432934 -0.436498 0.227758 3.484204
1 56.203126 -8.020477 -0.586556 -0.232821 -1.746965 -1.325333 3.279376 0.525537 2.378481 0.185668 0.980919 2.456112 0.281545 10.358995 -0.500381 -0.467902 0.220747 3.444879
1 55.468476 -8.021843 -0.593192 -0.207334 -1.760355 -1.330897 3.261889 0.518120 2.400881 0.201237 0.963257 2.434456 0.238747 10.374568 -0.502866 -0.482419 0.239431 3.475697
1 55.468476 -8.021843 -0.593192 -0.207334 -1.760355 -1.330897 3.261889 0.518120 2.400881 0.201237 0.963257 2.434456 0.238747 10.374568 -0.502866 -0.482419 0.239431 3.475697
1 55.468476 -8.021843 -0.593192 -0.207334 -1.760355 -1.330897 3.261889 0.518120 2.400881 0.201237 0.963257 2.434456 0.238747 10.374568 -0.502866 -0.482419 0.239431 3.475697
1 55.468476 -8.021843 -0.593192 -0.207334 -1.760355 -1.330897 3.261889 0.518120 2.400881 0.201237 0.963257 2.434456 0.238747 10.374568 -0.502866 -0.482419 0.239431 3.475697
1 55.468476 -8.021843 -0.593192 -0.207334 -1.760355 -1.330897 3.261889 0.518120 2.400881 0.201237 0.963257 2.434456 0.238747 10.374568 -0.502866 -0.482419 0.239431 3.475697
1 55.77663 -8.032902 -0.605919 -0.172088 -1.762082 -1.285936 3.276538 0.517902 2.410699 0.189087 0.983175 2.431218 0.236758 10.353396 -0.543369 -0.515779 0.217809 3.448944
1 55.77663 -8.032902 -0.605919 -0.172088 -1.762082 -1.285936 3.276538 0.517902 2.410699 0.189087 0.983175 2.431218 0.236758 10.353396 -0.543369 -0.515779 0.217809 3.448944
1 55.77663 -8.032902 -0.605919 -0.172088 -1.762082 -1.285936 3.276538 0.517902 2.410699 0.189087 0.983175 2.431218 0.236758 10.353396 -0.543369 -0.515779 0.217809 3.448944
1 55.77663 -8.032902 -0.605919 -0.172088 -1.762082 -1.285936 3.276538 0.517902 2.410699 0.189087 0.983175 2.431218 0.236758 10.353396 -0.543369 -0.515779 0.217809 3.448944
1 55.77663 -8.032902 -0.605919 -0.172088 -1.762082 -1.285936 3.276538 0.517902 2.410699 0.189087 0.983175 2.431218 0.236758 10.353396 -0.543369 -0.515779 0.217809 3.448944
1 55.77663 -8.032902 -0.605919 -0.172088 -1.762082 -1.285936 3.276538 0.517902 2.410699 0.189087 0.983175 2.431218 0.236758 10.353396 -0.543369 -0.515779 0.217809 3.448944
1 55.77663 -8.032902 -0.605919 -0.172088 -1.762082 -1.285936 3.276538 0.517902 2.410699 0.189087 0.983175 2.431218 0.236758 10.353396 -0.543369 -0.515779 0.217809 3.448944
1 55.77663 -8.032902 -0.605919 -0.172088 -1.762082 -1.285936 3.276538 0.517902 2.410699 0.189087 0.983175 2.431218 0.236758 10.353396 -0.543369 -0.515779 0.217809 3.448944
1 55.77663 -8.032902 -0.605919 -0.172088 -1.762082 -1.285936 3.276538 0.517902 2.410699 0.189087 0.983175 2.431218 0.236758 10.353396 -0.543369 -0.515779 0.217809 3.448944
1 55.531969 -8.029438 -0.608752 -0.183852 -1.752679 -1.273444 3.299185 0.549439 2.408269 0.157767 0.975827 2.436110 0.207984 10.340820 -0.527304 -0.495784 0.224008 3.460293
1 55.531969 -8.029438 -0.608752 -0.183852 -1.752679 -1.273444 3.299185 0.549439 2.408269 0.157767 0.975827 2.436110 0.207984 10.340820 -0.527304 -0.495784 0.224008 3.460293
1 54.836563 -8.023879 -0.641334 -0.191755 -1.769327 -1.229494 3.252107 0.526957 2.390349 0.144508 0.954232 2.405792 0.208833 10.320398 -0.529954 -0.524241 0.204346 3.473807
1 54.836563 -8.023879 -0.641334 -0.191755 -1.769327 -1.229494 3.252107 0.526957 2.390349 0.144508 0.954232 2.405792 0.208833 10.320398 -0.529954 -0.524241 0.204346 3.473807
1 54.836563 -8.023879 -0.641334 -0.191755 -1.769327 -1.229494 3.252107 0.526957 2.390349 0.144508 0.954232 2.405792 0.208833 10.320398 -0.529954 -0.524241 0.204346 3.473807
1 54.836563 -8.023879 -0.641334 -0.191755 -1.769327 -1.229494 3.252107 0.526957 2.390349 0.144508 0.954232 2.405792 0.208833 10.320398 -0.529954 -0.524241 0.204346 3.473807
1 54.836563 -8.023879 -0.641334 -0.191755 -1.769327 -1.229494 3.252107 0.526957 2.390349 0.144508 0.954232 2.405792 0.208833 10.320398 -0.529954 -0.524241 0.204346 3.473807
1 54.836563 -8.023879 -0.641334 -0.191755 -1.769327 -1.229494 3.252107 0.526957 2.390349 0.144508 0.954232 2.405792 0.208833 10.320398 -0.529954 -0.524241 0.204346 3.473807
1 54.030238 -8.007047 -0.630833 -0.177113 -1.775569 -1.209132 3.251183 0.540379 2.377857 0.151719 0.953996 2.428802 0.209341 10.352358 -0.510662 -0.539167 0.222915 3.492910
1 53.919032 -7.974873 -0.644722 -0.188203 -1.759286 -1.191988 3.271962 0.556040 2.357951 0.136126 0.959449 2.407578 0.200597 10.351640 -0.488198 -0.524711 0.238078 3.510083
1 53.919032 -7.974873 -0.644722 -0.188203 -1.759286 -1.191988 3.271962 0.556040 2.357951 0.136126 0.959449 2.407578 0.200597 10.351640 -0.488198 -0.524711 0.238078 3.510083
1 52.61233 -7.952166 -0.632567 -0.253909 -1.785404 -1.220521 3.276826 0.567763 2.343277 0.111508 0.985506 2.398000 0.189967 10.374750 -0.548522 -0.516526 0.266425 3.503727
1 52.61233 -7.952166 -0.632567 -0.253909 -1.785404 -1.220521 3.276826 0.567763 2.343277 0.111508 0.985506 2.398000 0.189967 10.374750 -0.548522 -0.516526 0.266425 3.503727
1 50.959661 -7.940528 -0.660253 -0.274696 -1.785232 -1.224781 3.259872 0.563979 2.380350 0.108737 0.999662 2.406076 0.197183 10.329249 -0.586236 -0.509645 0.252593 3.531560
1 50.959661 -7.940528 -0.660253 -0.274696 -1.785232 -1.224781 3.259872 0.563979 2.380350 0.108737 0.999662 2.406076 0.197183 10.329249 -0.586236 -0.509645 0.252593 3.531560
1 50.959661 -7.940528 -0.660253 -0.274696 -1.785232 -1.224781 3.259872 0.563979 2.380350 0.108737 0.999662 2.406076 0.197183 10.329249 -0.586236 -0.509645 0.252593 3.531560
1 50.959661 -7.940528 -0.660253 -0.274696 -1.785232 -1.224781 3.259872 0.563979 2.380350 0.108737 0.999662 2.406076 0.197183 10.329249 -0.586236 -0.509645 0.252593 3.531560
1 49.919267 -7.973992 -0.634158 -0.314818 -1.792085 -1.178928 3.265944 0.557510 2.363255 0.124317 0.968424 2.395878 0.165365 10.337946 -0.570435 -0.506164 0.241348 3.533141
1 49.919267 -7.973992 -0.634158 -0.314818 -1.792085 -1.178928 3.265944 0.557510 2.363255 0.124317 0.968424 2.395878 0.165365 10.337946 -0.570435 -0.506164 0.241348 3.533141
1 49.919267 -7.973992 -0.634158 -0.314818 -1.792085 -1.178928 3.265944 0.557510 2.363255 0.124317 0.968424 2.395878 0.165365 10.337946 -0.570435 -0.506164 0.241348 3.533141
1 49.919267 -7.973992 -0.634158 -0.314818 -1.792085 -1.178928 3.265944 0.557510 2.363255 0.124317 0.968424 2.395878 0.165365 10.337946 -0.570435 -0.506164 0.241348 3.533141
1 49.919267 -7.973992 -0.634158 -0.314818 -1.792085 -1.178928 3.265944 0.557510 2.363255 0.124317 0.968424 2.395878 0.165365 10.337946 -0.570435 -0.506164 0.241348 3.533141
1 49.919267 -7.973992 -0.634158 -0.314818 -1.792085 -1.178928 3.265944 0.557510 2.363255 0.124317 0.968424 2.395878 0.165365 10.337946 -0.570435 -0.506164 0.241348 3.533141
1 49.919267 -7.973992 -0.634158 -0.314818 -1.792085 -1.178928 3.265944 0.557510 2.363255 0.124317 0.968424 2.395878 0.165365 10.337946 -0.570435 -0.506164 0.241348 3.533141
1 49.919267 -7.973992 -0.634158 -0.314818 -1.792085 -1.178928 3.265944 0.557510 2.363255 0.124317 0.968424 2.395878 0.165365 10.337946 -0.570435 -0.506164 0.241348 3.533141
1 49.919267 -7.973992 -0.634158 -0.314818 -1.792085 -1.178928 3.265944 0.557510 2.363255 0.124317 0.968424 2.395878 0.165365 10.337946 -0.570435 -0.506164 0.241348 3.533141
1 49.919267 -7.973992 -0.634158 -0.314818 -1.792085 -1.178928 3.265944 0.557510 2.363255 0.124317 0.968424 2.395878 0.165365 10.337946 -0.570435 -0.506164 0.241348 3.533141
1 49.919267 -7.973992 -0.634158 -0.314818 -1.792085 -1.178928 3.265944 0.557510 2.363255 0.124317 0.968424 2.395878 0.165365 10.337946 -0.570435 -0.506164 0.241348 3.533141
1 49.919267 -7.973992 -0.634158 -0.314818 -1.792085 -1.178928 3.265944 0.557510 2.363255 0.124317 0.968424 2.395878 0.165365 10.337946 -0.570435 -0.506164 0.241348 3.533141
1 49.919267 -7.973992 -0.634158 -0.314818 -1.792085 -1.178928 3.265944 0.557510 2.363255 0.124317 0.968424 2.395878 0.165365 10.337946 -0.570435 -0.506164 0.241348 3.533141
1 49.919267 -7.973992 -0.634158 -0.314818 -1.792085 -1.178928 3.265944 0.557510 2.363255 0.124317 0.968424 2.395878 0.165365 10.337946 -0.570435 -0.506164 0.241348 3.533141
1 49.919267 -7.973992 -0.634158 -0.314818 -1.792085 -1.178928 3.265944 0.557510 2.363255 0.124317 0.968424 2.395878 0.165365 10.337946 -0.570435 -0.506164 0.241348 3.533141
1 49.919267 -7.973992 -0.634158 -0.314818 -1.792085 -1.178928 3.265944 0.557510 2.363255 0.124317 0.968424 2.395878 0.165365 10.337946 -0.570435 -0.506164 0.241348 3.533141
1 49.919267 -7.973992 -0.634158 -0.314818 -1.792085 -1.178928 3.265944 0.557510 2.363255 0.124317 0.968424 2.395878 0.165365 10.337946 -0.570435 -0.506164 0.241348 3.533141
1 49.919267 -7.973992 -0.634158 -0.314818 -1.792085 -1.178928 3.265944 0.557510 2.363255 0.124317 0.968424 2.395878 0.165365 10.337946 -0.570435 -0.506164 0.241348 3.533141
1 49.919267 -7.973992 -0.634158 -0.314818 -1.792085 -1.178928 3.265944 0.557510 2.363255 0.124317 0.968424 2.395878 0.165365 10.337946 -0.570435 -0.506164 0.241348 3.533141
1 49.919267 -7.973992 -0.634158 -0.314818 -1.792085 -1.178928 3.265944 0.557510 2.363255 0.124317 0.968424 2.395878 0.165365 10.337946 -0.570435 -0.506164 0.241348 3.533141
1 49.919267 -7.973992 -0.634158 -0.314818 -1.792085 -1.178928 3.265944 0.557510 2.363255 0.124317 0.968424 2.395878 0.165365 10.337946 -0.570435 -0.506164 0.241348 3.533141
1 49.919267 -7.973992 -0.634158 -0.314818 -1.792085 -1.178928 3.265944 0.557510 2.363255 0.124317 0.968424 2.395878 0.165365 10.337946 -0.570435 -0.506164 0.241348 3.533141
1 49.919267 -7.973992 -0.634158 -0.314818 -1.792085 -1.178928 3.265944 0.557510 2.363255 0.124317 0.968424 2.395878 0.165365 10.337946 -0.570435 -0.506164 0.241348 3.533141
1 49.919267 -7.973992 -0.634158 -0.314818 -1.792085 -1.178928 3.265944 0.557510 2.363255 0.124317 0.968424 2.395878 0.165365 10.337946 -0.570435 -0.506164 0.241348 3.533141
1 49.919267 -7.973992 -0.634158 -0.314818 -1.792085 -1.178928 3.265944 0.557510 2.363255 0.124317 0.968424 2.395878 0.165365 10.337946 -0.570435 -0.506164 0.241348 3.533141
1 50.428756 -7.978027 -0.667742 -0.301306 -1.843212 -1.186883 3.257783 0.557838 2.357003 0.104321 0.963628 2.397781 0.155964 10.356140 -0.594659 -0.527577 0.239010 3.547524
1 50.428756 -7.978027 -0.667742 -0.301306 -1.843212 -1.186883 3.257783 0.557838 2.357003 0.104321 0.963628 2.397781 0.155964 10.356140 -0.594659 -0.527577 0.239010 3.547524
1 50.428756 -7.978027 -0.667742 -0.301306 -1.843212 -1.186883 3.257783 0.557838 2.357003 0.104321 0.963628 2.397781 0.155964 10.356140 -0.594659 -0.527577 0.239010 3.547524
1 50.428756 -7.978027 -0.667742 -0.301306 -1.843212 -1.186883 3.257783 0.557838 2.357003 0.104321 0.963628 2.397781 0.155964 10.356140 -0.594659 -0.527577 0.239010 3.547524
1 50.428756 -7.978027 -0.667742 -0.301306 -1.843212 -1.186883 3.257783 0.557838 2.357003 0.104321 0.963628 2.397781 0.155964 10.356140 -0.594659 -0.527577 0.239010 3.547524
1 48.656722 -7.952439 -0.693545 -0.323091 -1.831800 -1.169178 3.263443 0.587961 2.385990 0.096925 0.988545 2.351584 0.106204 10.370085 -0.571777 -0.497426 0.227107 3.557442
1 48.656722 -7.952439 -0.693545 -0.323091 -1.831800 -1.169178 3.263443 0.587961 2.385990 0.096925 0.988545 2.351584 0.106204 10.370085 -0.571777 -0.497426 0.227107 3.557442
1 48.656722 -7.952439 -0.693545 -0.323091 -1.831800 -1.169178 3.263443 0.587961 2.385990 0.096925 0.988545 2.351584 0.106204 10.370085 -0.571777 -0.497426 0.227107 3.557442
1 48.656722 -7.952439 -0.693545 -0.323091 -1.831800 -1.169178 3.263443 0.587961 2.385990 0.096925 0.988545 2.351584 0.106204 10.370085 -0.571777 -0.497426 0.227107 3.557442
1 48.656722 -7.952439 -0.693545 -0.323091 -1.831800 -1.169178 3.263443 0.587961 2.385990 0.096925 0.988545 2.351584 0.106204 10.370085 -0.571777 -0.497426 0.227107 3.557442
1 48.656722 -7.952439 -0.693545 -0.323091 -1.831800 -1.169178 3.263443 0.587961 2.385990 0.096925 0.988545 2.351584 0.106204 10.370085 -0.571777 -0.497426 0.227107 3.557442
1 48.656722 -7.952439 -0.693545 -0.323091 -1.831800 -1.169178 3.263443 0.587961 2.385990 0.096925 0.988545 2.351584 0.106204 10.370085 -0.571777 -0.497426 0.227107 3.557442
1 48.656722 -7.952439 -0.693545 -0.323091 -1.831800 -1.169178 3.263443 0.587961 2.385990 0.096925 0.988545 2.351584 0.106204 10.370085 -0.571777 -0.497426 0.227107 3.557442
1 48.656722 -7.952439 -0.693545 -0.323091 -1.831800 -1.169178 3.263443 0.587961 2.385990 0.096925 0.988545 2.351584 0.106204 10.370085 -0.571777 -0.497426 0.227107 3.557442
1 48.656722 -7.952439 -0.693545 -0.323091 -1.831800 -1.169178 3.263443 0.587961 2.385990 0.096925 0.988545 2.351584 0.106204 10.370085 -0.571777 -0.497426 0.227107 3.557442
1 48.656722 -7.952439 -0.693545 -0.323091 -1.831800 -1.169178 3.263443 0.587961 2.385990 0.096925 0.988545 2.351584 0.106204 10.370085 -0.571777 -0.497426 0.227107 3.557442
1 48.979595 -7.934011 -0.702929 -0.339462 -1.823830 -1.172072 3.262311 0.605232 2.376662 0.078777 0.993409 2.344059 0.099082 10.335435 -0.599594 -0.522179 0.223422 3.518522
1 48.979595 -7.934011 -0.702929 -0.339462 -1.823830 -1.172072 3.262311 0.605232 2.376662 0.078777 0.993409 2.344059 0.099082 10.335435 -0.599594 -0.522179 0.223422 3.518522
1 48.979595 -7.934011 -0.702929 -0.339462 -1.823830 -1.172072 3.262311 0.605232 2.376662 0.078777 0.993409 2.344059 0.099082 10.335435 -0.599594 -0.522179 0.223422 3.518522
1 48.979595 -7.934011 -0.702929 -0.339462 -1.823830 -1.172072 3.262311 0.605232 2.376662 0.078777 0.993409 2.344059 0.099082 10.335435 -0.599594 -0.522179 0.223422 3.518522
1 48.979595 -7.934011 -0.702929 -0.339462 -1.823830 -1.172072 3.262311 0.605232 2.376662 0.078777 0.993409 2.344059 0.099082 10.335435 -0.599594 -0.522179 0.223422 3.518522
1 48.979595 -7.934011 -0.702929 -0.339462 -1.823830 -1.172072 3.262311 0.605232 2.376662 0.078777 0.993409 2.344059 0.099082 10.335435 -0.599594 -0.522179 0.223422 3.518522
1 48.979595 -7.934011 -0.702929 -0.339462 -1.823830 -1.172072 3.262311 0.605232 2.376662 0.078777 0.993409 2.344059 0.099082 10.335435 -0.599594 -0.522179 0.223422 3.518522
1 48.979595 -7.934011 -0.702929 -0.339462 -1.823830 -1.172072 3.262311 0.605232 2.376662 0.078777 0.993409 2.344059 0.099082 10.335435 -0.599594 -0.522179 0.223422 3.518522
1 48.979595 -7.934011 -0.702929 -0.339462 -1.823830 -1.172072 3.262311 0.605232 2.376662 0.078777 0.993409 2.344059 0.099082 10.335435 -0.599594 -0.522179 0.223422 3.518522
1 48.979595 -7.934011 -0.702929 -0.339462 -1.823830 -1.172072 3.262311 0.605232 2.376662 0.078777 0.993409 2.344059 0.099082 10.335435 -0.599594 -0.522179 0.223422 3.518522
1 48.979595 -7.934011 -0.702929 -0.339462 -1.823830 -1.172072 3.262311 0.605232 2.376662 0.078777 0.993409 2.344059 0.099082 10.335435 -0.599594 -0.522179 0.223422 3.518522
1 48.979595 -7.934011 -0.702929 -0.339462 -1.823830 -1.172072 3.262311 0.605232 2.376662 0.078777 0.993409 2.344059 0.099082 10.335435 -0.599594 -0.522179 0.223422 3.518522
1 49.140326 -7.873576 -0.701166 -0.323958 -1.836172 -1.152643 3.274907 0.576048 2.369181 0.125410 0.978575 2.318371 0.112399 10.357854 -0.588469 -0.542910 0.196688 3.544647
1 49.140326 -7.873576 -0.701166 -0.323958 -1.836172 -1.152643 3.274907 0.576048 2.369181 0.125410 0.978575 2.318371 0.112399 10.357854 -0.588469 -0.542910 0.196688 3.544647
1 49.140326 -7.873576 -0.701166 -0.323958 -1.836172 -1.152643 3.274907 0.576048 2.369181 0.125410 0.978575 2.318371 0.112399 10.357854 -0.588469 -0.542910 0.196688 3.544647
1 49.052567 -7.888367 -0.705291 -0.313052 -1.808781 -1.181116 3.274596 0.569123 2.368189 0.127138 0.992690 2.321962 0.098748 10.370953 -0.608850 -0.583394 0.198949 3.531321
1 49.052567 -7.888367 -0.705291 -0.313052 -1.808781 -1.181116 3.274596 0.569123 2.368189 0.127138 0.992690 2.321962 0.098748 10.370953 -0.608850 -0.583394 0.198949 3.531321
1 49.052567 -7.888367 -0.705291 -0.313052 -1.808781 -1.181116 3.274596 0.569123 2.368189 0.127138 0.992690 2.321962 0.098748 10.370953 -0.608850 -0.583394 0.198949 3.531321
1 49.052567 -7.888367 -0.705291 -0.313052 -1.808781 -1.181116 3.274596 0.569123 2.368189 0.127138 0.992690 2.321962 0.098748 10.370953 -0.608850 -0.583394 0.198949 3.531321
1 48.014578 -7.885361 -0.703017 -0.293065 -1.819929 -1.198836 3.254720 0.571966 2.376582 0.124747 0.979007 2.281575 0.077727 10.364388 -0.598858 -0.575964 0.246935 3.528591
1 48.014578 -7.885361 -0.703017 -0.293065 -1.819929 -1.198836 3.254720 0.571966 2.376582 0.124747 0.979007 2.281575 0.077727 10.364388 -0.598858 -0.575964 0.246935 3.528591
1 48.014578 -7.885361 -0.703017 -0.293065 -1.819929 -1.198836 3.254720 0.571966 2.376582 0.124747 0.979007 2.281575 0.077727 10.364388 -0.598858 -0.575964 0.246935 3.528591
1 47.724092 -7.869443 -0.730213 -0.321366 -1.823482 -1.222663 3.263340 0.555069 2.353261 0.119265 0.970620 2.249617 0.044001 10.381091 -0.606763 -0.603080 0.233426 3.516059
1 45.184422 -7.857440 -0.771385 -0.311708 -1.839340 -1.199882 3.248282 0.543369 2.334870 0.116887 0.955042 2.322871 0.037096 10.377729 -0.642715 -0.597404 0.241970 3.516909
1 45.465148 -7.852961 -0.763359 -0.327170 -1.809582 -1.175945 3.270402 0.575172 2.337851 0.096275 0.967440 2.320743 0.037616 10.374851 -0.647512 -0.588551 0.214621 3.549112
1 45.465148 -7.852961 -0.763359 -0.327170 -1.809582 -1.175945 3.270402 0.575172 2.337851 0.096275 0.967440 2.320743 0.037616 10.374851 -0.647512 -0.588551 0.214621 3.549112
1 45.465148 -7.852961 -0.763359 -0.327170 -1.809582 -1.175945 3.270402 0.575172 2.337851 0.096275 0.967440 2.320743 0.037616 10.374851 -0.647512 -0.588551 0.214621 3.549112
1 45.465148 -7.852961 -0.763359 -0.327170 -1.809582 -1.175945 3.270402 0.575172 2.337851 0.096275 0.967440 2.320743 0.037616 10.374851 -0.647512 -0.588551 0.214621 3.549112
1 45.465148 -7.852961 -0.763359 -0.327170 -1.809582 -1.175945 3.270402 0.575172 2.337851 0.096275 0.967440 2.320743 0.037616 10.374851 -0.647512 -0.588551 0.214621 3.549112
1 45.598621 -7.855746 -0.738554 -0.322114 -1.816516 -1.158027 3.275217 0.551251 2.355519 0.113308 0.955234 2.339646 -0.002485 10.388270 -0.650077 -0.619320 0.224839 3.519227
1 45.598621 -7.855746 -0.738554 -0.322114 -1.816516 -1.158027 3.275217 0.551251 2.355519 0.113308 0.955234 2.339646 -0.002485 10.388270 -0.650077 -0.619320 0.224839 3.519227
1 45.598621 -7.855746 -0.738554 -0.322114 -1.816516 -1.158027 3.275217 0.551251 2.355519 0.113308 0.955234 2.339646 -0.002485 10.388270 -0.650077 -0.619320 0.224839 3.519227
1 45.598621 -7.855746 -0.738554 -0.322114 -1.816516 -1.158027 3.275217 0.551251 2.355519 0.113308 0.955234 2.339646 -0.002485 10.388270 -0.650077 -0.619320 0.224839 3.519227
1 45.694729 -7.857746 -0.714788 -0.337586 -1.849448 -1.155837 3.279440 0.573051 2.365845 0.097274 0.921132 2.337072 0.016546 10.378712 -0.637494 -0.637749 0.214207 3.538438
1 45.694729 -7.857746 -0.714788 -0.337586 -1.849448 -1.155837 3.279440 0.573051 2.365845 0.097274 0.921132 2.337072 0.016546 10.378712 -0.637494 -0.637749 0.214207 3.538438
1 45.694729 -7.857746 -0.714788 -0.337586 -1.849448 -1.155837 3.279440 0.573051 2.365845 0.097274 0.921132 2.337072 0.016546 10.378712 -0.637494 -0.637749 0.214207 3.538438
1 45.694729 -7.857746 -0.714788 -0.337586 -1.849448 -1.155837 3.279440 0.573051 2.365845 0.097274 0.921132 2.337072 0.016546 10.378712 -0.637494 -0.637749 0.214207 3.538438
1 45.694729 -7.857746 -0.714788 -0.337586 -1.849448 -1.155837 3.279440 0.573051 2.365845 0.097274 0.921132 2.337072 0.016546 10.378712 -0.637494 -0.637749 0.214207 3.538438
1 45.694729 -7.857746 -0.714788 -0.337586 -1.849448 -1.155837 3.279440 0.573051 2.365845 0.097274 0.921132 2.337072 0.016546 10.378712 -0.637494 -0.637749 0.214207 3.538438
1 45.694729 -7.857746 -0.714788 -0.337586 -1.849448 -1.155837 3.279440 0.573051 2.365845 0.097274 0.921132 2.337072 0.016546 10.378712 -0.637494 -0.637749 0.214207 3.538438
1 45.694729 -7.857746 -0.714788 -0.337586 -1.849448 -1.155837 3.279440 0.573051 2.365845 0.097274 0.921132 2.337072 0.016546 10.378712 -0.637494 -0.637749 0.214207 3.538438
1 45.694729 -7.857746 -0.714788 -0.337586 -1.849448 -1.155837 3.279440 0.573051 2.365845 0.097274 0.921132 2.337072 0.016546 10.378712 -0.637494 -0.637749 0.214207 3.538438
1 45.694729 -7.857746 -0.714788 -0.337586 -1.849448 -1.155837 3.279440 0.573051 2.365845 0.097274 0.921132 2.337072 0.016546 10.378712 -0.637494 -0.637749 0.214207 3.538438
1 45.694729 -7.857746 -0.714788 -0.337586 -1.849448 -1.155837 3.279440 0.573051 2.365845 0.097274 0.921132 2.337072 0.016546 10.378712 -0.637494 -0.637749 0.214207 3.538438
1 45.694729 -7.857746 -0.714788 -0.337586 -1.849448 -1.155837 3.279440 0.573051 2.365845 0.097274 0.921132 2.337072 0.016546 10.378712 -0.637494 -0.637749 0.214207 3.538438
1 46.005868 -7.857027 -0.665531 -0.321932 -1.831157 -1.171682 3.277945 0.595891 2.372086 0.094061 0.953153 2.334941 0.026277 10.369753 -0.591240 -0.658097 0.227317 3.500587
1 46.005868 -7.857027 -0.665531 -0.321932 -1.831157 -1.171682 3.277945 0.595891 2.372086 0.094061 0.953153 2.334941 0.026277 10.369753 -0.591240 -0.658097 0.227317 3.500587
1 46.005868 -7.857027 -0.665531 -0.321932 -1.831157 -1.171682 3.277945 0.595891 2.372086 0.094061 0.953153 2.334941 0.026277 10.369753 -0.591240 -0.658097 0.227317 3.500587
1 46.074749 -7.829721 -0.670278 -0.326975 -1.807800 -1.171128 3.224460 0.605069 2.355421 0.079247 0.956925 2.340170 0.024190 10.378356 -0.594964 -0.673360 0.208960 3.481698
1 46.074749 -7.829721 -0.670278 -0.326975 -1.807800 -1.171128 3.224460 0.605069 2.355421 0.079247 0.956925 2.340170 0.024190 10.378356 -0.594964 -0.673360 0.208960 3.481698
1 46.074749 -7.829721 -0.670278 -0.326975 -1.807800 -1.171128 3.224460 0.605069 2.355421 0.079247 0.956925 2.340170 0.024190 10.378356 -0.594964 -0.673360 0.208960 3.481698
1 46.074749 -7.829721 -0.670278 -0.326975 -1.807800 -1.171128 3.224460 0.605069 2.355421 0.079247 0.956925 2.340170 0.024190 10.378356 -0.594964 -0.673360 0.208960 3.481698
1 46.074749 -7.829721 -0.670278 -0.326975 -1.807800 -1.171128 3.224460 0.605069 2.355421 0.079247 0.956925 2.340170 0.024190 10.378356 -0.594964 -0.673360 0.208960 3.481698
1 46.074749 -7.829721 -0.670278 -0.326975 -1.807800 -1.171128 3.224460 0.605069 2.355421 0.079247 0.956925 2.340170 0.024190 10.378356 -0.594964 -0.673360 0.208960 3.481698
1 46.074749 -7.829721 -0.670278 -0.326975 -1.807800 -1.171128 3.224460 0.605069 2.355421 0.079247 0.956925 2.340170 0.024190 10.378356 -0.594964 -0.673360 0.208960 3.481698
1 46.074749 -7.829721 -0.670278 -0.326975 -1.807800 -1.171128 3.224460 0.605069 2.355421 0.079247 0.956925 2.340170 0.024190 10.378356 -0.594964 -0.673360 0.208960 3.481698
1 46.074749 -7.829721 -0.670278 -0.326975 -1.807800 -1.171128 3.224460 0.605069 2.355421 0.079247 0.956925 2.340170 0.024190 10.378356 -0.594964 -0.673360 0.208960 3.481698
1 46.074749 -7.829721 -0.670278 -0.326975 -1.807800 -1.171128 3.224460 0.605069 2.355421 0.079247 0.956925 2.340170 0.024190 10.378356 -0.594964 -0.673360 0.208960 3.481698
1 46.074749 -7.829721 -0.670278 -0.326975 -1.807800 -1.171128 3.224460 0.605069 2.355421 0.079247 0.956925 2.340170 0.024190 10.378356 -0.594964 -0.673360 0.208960 3.481698
1 46.074749 -7.829721 -0.670278 -0.326975 -1.807800 -1.171128 3.224460 0.605069 2.355421 0.079247 0.956925 2.340170 0.024190 10.378356 -0.594964 -0.673360 0.208960 3.481698
1 46.074749 -7.829721 -0.670278 -0.326975 -1.807800 -1.171128 3.224460 0.605069 2.355421 0.079247 0.956925 2.340170 0.024190 10.378356 -0.594964 -0.673360 0.208960 3.481698
1 46.074749 -7.829721 -0.670278 -0.326975 -1.807800 -1.171128 3.224460 0.605069 2.355421 0.079247 0.956925 2.340170 0.024190 10.378356 -0.594964 -0.673360 0.208960 3.481698
1 45.217987 -7.856591 -0.724286 -0.332232 -1.812539 -1.181053 3.229894 0.587383 2.352907 0.106778 0.975468 2.302191 0.052992 10.373943 -0.573989 -0.686022 0.207325 3.490027
1 45.217987 -7.856591 -0.724286 -0.332232 -1.812539 -1.181053 3.229894 0.587383 2.352907 0.106778 0.975468 2.302191 0.052992 10.373943 -0.573989 -0.686022 0.207325 3.490027
1 45.624319 -7.879675 -0.705074 -0.319920 -1.805947 -1.198634 3.230941 0.575141 2.374805 0.074072 0.985044 2.306347 0.057375 10.370683 -0.561136 -0.678612 0.229933 3.494659
1 45.624319 -7.879675 -0.705074 -0.319920 -1.805947 -1.198634 3.230941 0.575141 2.374805 0.074072 0.985044 2.306347 0.057375 10.370683 -0.561136 -0.678612 0.229933 3.494659
1 45.815882 -7.842993 -0.691718 -0.339144 -1.791943 -1.192443 3.223234 0.596398 2.385608 0.069336 0.977483 2.318019 0.085724 10.338957 -0.546244 -0.645283 0.204927 3.506416
1 45.815882 -7.842993 -0.691718 -0.339144 -1.791943 -1.192443 3.223234 0.596398 2.385608 0.069336 0.977483 2.318019 0.085724 10.338957 -0.546244 -0.645283 0.204927 3.506416
1 45.815882 -7.842993 -0.691718 -0.339144 -1.791943 -1.192443 3.223234 0.596398 2.385608 0.069336 0.977483 2.318019 0.085724 10.338957 -0.546244 -0.645283 0.204927 3.506416
1 45.815882 -7.842993 -0.691718 -0.339144 -1.791943 -1.192443 3.223234 0.596398 2.385608 0.069336 0.977483 2.318019 0.085724 10.338957 -0.546244 -0.645283 0.204927 3.506416
1 45.815882 -7.842993 -0.691718 -0.339144 -1.791943 -1.192443 3.223234 0.596398 2.385608 0.069336 0.977483 2.318019 0.085724 10.338957 -0.546244 -0.645283 0.204927 3.506416
1 45.815882 -7.842993 -0.691718 -0.339144 -1.791943 -1.192443 3.223234 0.596398 2.385608 0.069336 0.977483 2.318019 0.085724 10.338957 -0.546244 -0.645283 0.204927 3.506416
1 45.815882 -7.842993 -0.691718 -0.339144 -1.791943 -1.192443 3.223234 0.596398 2.385608 0.069336 0.977483 2.318019 0.085724 10.338957 -0.546244 -0.645283 0.204927 3.506416
1 45.815882 -7.842993 -0.691718 -0.339144 -1.791943 -1.192443 3.223234 0.596398 2.385608 0.069336 0.977483 2.318019 0.085724 10.338957 -0.546244 -0.645283 0.204927 3.506416
1 45.815882 -7.842993 -0.691718 -0.339144 -1.791943 -1.192443 3.223234 0.596398 2.385608 0.069336 0.977483 2.318019 0.085724 10.338957 -0.546244 -0.645283 0.204927 3.506416
1 45.815882 -7.842993 -0.691718 -0.339144 -1.791943 -1.192443 3.223234 0.596398 2.385608 0.069336 0.977483 2.318019 0.085724 10.338957 -0.546244 -0.645283 0.204927 3.506416
1 45.815882 -7.842993 -0.691718 -0.339144 -1.791943 -1.192443 3.223234 0.596398 2.385608 0.069336 0.977483 2.318019 0.085724 10.338957 -0.546244 -0.645283 0.204927 3.506416
1 45.815882 -7.842993 -0.691718 -0.339144 -1.791943 -1.192443 3.223234 0.596398 2.385608 0.069336 0.977483 2.318019 0.085724 10.338957 -0.546244 -0.645283 0.204927 3.506416
1 45.815882 -7.842993 -0.691718 -0.339144 -1.791943 -1.192443 3.223234 0.596398 2.385608 0.069336 0.977483 2.318019 0.085724 10.338957 -0.546244 -0.645283 0.204927 3.506416
1 45.815882 -7.842993 -0.691718 -0.339144 -1.791943 -1.192443 3.223234 0.596398 2.385608 0.069336 0.977483 2.318019 0.085724 10.338957 -0.546244 -0.645283 0.204927 3.506416
1 45.815882 -7.842993 -0.691718 -0.339144 -1.791943 -1.192443 3.223234 0.596398 2.385608 0.069336 0.977483 2.318019 0.085724 10.338957 -0.546244 -0.645283 0.204927 3.506416
1 44.282749 -7.808666 -0.649456 -0.349308 -1.827273 -1.189034 3.240545 0.601419 2.376977 0.090329 0.969000 2.309289 0.060593 10.376382 -0.522423 -0.645262 0.222581 3.471158
1 44.282749 -7.808666 -0.649456 -0.349308 -1.827273 -1.189034 3.240545 0.601419 2.376977 0.090329 0.969000 2.309289 0.060593 10.376382 -0.522423 -0.645262 0.222581 3.471158
1 44.282749 -7.808666 -0.649456 -0.349308 -1.827273 -1.189034 3.240545 0.601419 2.376977 0.090329 0.969000 2.309289 0.060593 10.376382 -0.522423 -0.645262 0.222581 3.471158
1 44.282749 -7.808666 -0.649456 -0.349308 -1.827273 -1.189034 3.240545 0.601419 2.376977 0.090329 0.969000 2.309289 0.060593 10.376382 -0.522423 -0.645262 0.222581 3.471158
1 44.282749 -7.808666 -0.649456 -0.349308 -1.827273 -1.189034 3.240545 0.601419 2.376977 0.090329 0.969000 2.309289 0.060593 10.376382 -0.522423 -0.645262 0.222581 3.471158
1 44.282749 -7.808666 -0.649456 -0.349308 -1.827273 -1.189034 3.240545 0.601419 2.376977 0.090329 0.969000 2.309289 0.060593 10.376382 -0.522423 -0.645262 0.222581 3.471158
1 44.282749 -7.808666 -0.649456 -0.349308 -1.827273 -1.189034 3.240545 0.601419 2.376977 0.090329 0.969000 2.309289 0.060593 10.376382 -0.522423 -0.645262 0.222581 3.471158
1 44.282749 -7.808666 -0.649456 -0.349308 -1.827273 -1.189034 3.240545 0.601419 2.376977 0.090329 0.969000 2.309289 0.060593 10.376382 -0.522423 -0.645262 0.222581 3.471158
1 44.282749 -7.808666 -0.649456 -0.349308 -1.827273 -1.189034 3.240545 0.601419 2.376977 0.090329 0.969000 2.309289 0.060593 10.376382 -0.522423 -0.645262 0.222581 3.471158
1 44.282749 -7.808666 -0.649456 -0.349308 -1.827273 -1.189034 3.240545 0.601419 2.376977 0.090329 0.969000 2.309289 0.060593 10.376382 -0.522423 -0.645262 0.222581 3.471158
1 44.282749 -7.808666 -0.649456 -0.349308 -1.827273 -1.189034 3.240545 0.601419 2.376977 0.090329 0.969000 2.309289 0.060593 10.376382 -0.522423 -0.645262 0.222581 3.471158
1 44.282749 -7.808666 -0.649456 -0.349308 -1.827273 -1.189034 3.240545 0.601419 2.376977 0.090329 0.969000 2.309289 0.060593 10.376382 -0.522423 -0.645262 0.222581 3.471158
1 44.282749 -7.808666 -0.649456 -0.349308 -1.827273 -1.189034 3.240545 0.601419 2.376977 0.090329 0.969000 2.309289 0.060593 10.376382 -0.522423 -0.645262 0.222581 3.471158
1 44.282749 -7.808666 -0.649456 -0.349308 -1.827273 -1.189034 3.240545 0.601419 2.376977 0.090329 0.969000 2.309289 0.060593 10.376382 -0.522423 -0.645262 0.222581 3.471158
1 44.282749 -7.808666 -0.649456 -0.349308 -1.827273 -1.189034 3.240545 0.601419 2.376977 0.090329 0.969000 2.309289 0.060593 10.376382 -0.522423 -0.645262 0.222581 3.471158
1 44.282749 -7.808666 -0.649456 -0.349308 -1.827273 -1.189034 3.240545 0.601419 2.376977 0.090329 0.969000 2.309289 0.060593 10.376382 -0.522423 -0.645262 0.222581 3.471158
1 44.282749 -7.808666 -0.649456 -0.349308 -1.827273 -1.189034 3.240545 0.601419 2.376977 0.090329 0.969000 2.309289 0.060593 10.376382 -0.522423 -0.645262 0.222581 3.471158
1 44.282749 -7.808666 -0.649456 -0.349308 -1.827273 -1.189034 3.240545 0.601419 2.376977 0.090329 0.969000 2.309289 0.060593 10.376382 -0.522423 -0.645262 0.222581 3.471158
1 44.282749 -7.808666 -0.649456 -0.349308 -1.827273 -1.189034 3.240545 0.601419 2.376977 0.090329 0.969000 2.309289 0.060593 10.376382 -0.522423 -0.645262 0.222581 3.471158
1 44.282749 -7.808666 -0.649456 -0.349308 -1.827273 -1.189034 3.240545 0.601419 2.376977 0.090329 0.969000 2.309289 0.060593 10.376382 -0.522423 -0.645262 0.222581 3.471158
1 44.282749 -7.808666 -0.649456 -0.349308 -1.827273 -1.189034 3.240545 0.601419 2.376977 0.090329 0.969000 2.309289 0.060593 10.376382 -0.522423 -0.645262 0.222581 3.471158
1 44.282749 -7.808666 -0.649456 -0.349308 -1.827273 -1.189034 3.240545 0.601419 2.376977 0.090329 0.969000 2.309289 0.060593 10.376382 -0.522423 -0.645262 0.222581 3.471158
1 44.282749 -7.808666 -0.649456 -0.349308 -1.827273 -1.189034 3.240545 0.601419 2.376977 0.090329 0.969000 2.309289 0.060593 10.376382 -0.522423 -0.645262 0.222581 3.471158
1 44.282749 -7.808666 -0.649456 -0.349308 -1.827273 -1.189034 3.240545 0.601419 2.376977 0.090329 0.969000 2.309289 0.060593 10.376382 -0.522423 -0.645262 0.222581 3.471158
1 44.282749 -7.808666 -0.649456 -0.349308 -1.827273 -1.189034 3.240545 0.601419 2.376977 0.090329 0.969000 2.309289 0.060593 10.376382 -0.522423 -0.645262 0.222581 3.471158
1 44.253459 -7.774645 -0.646592 -0.322360 -1.785180 -1.183732 3.263340 0.576709 2.405181 0.098911 0.979176 2.336612 0.096342 10.373653 -0.552300 -0.655388 0.240050 3.464502
1 44.253459 -7.774645 -0.646592 -0.322360 -1.785180 -1.183732 3.263340 0.576709 2.405181 0.098911 0.979176 2.336612 0.096342 10.373653 -0.552300 -0.655388 0.240050 3.464502
1 44.253459 -7.774645 -0.646592 -0.322360 -1.785180 -1.183732 3.263340 0.576709 2.405181 0.098911 0.979176 2.336612 0.096342 10.373653 -0.552300 -0.655388 0.240050 3.464502
1 44.253459 -7.774645 -0.646592 -0.322360 -1.785180 -1.183732 3.263340 0.576709 2.405181 0.098911 0.979176 2.336612 0.096342 10.373653 -0.552300 -0.655388 0.240050 3.464502
1 44.253459 -7.774645 -0.646592 -0.322360 -1.785180 -1.183732 3.263340 0.576709 2.405181 0.098911 0.979176 2.336612 0.096342 10.373653 -0.552300 -0.655388 0.240050 3.464502
1 44.253459 -7.774645 -0.646592 -0.322360 -1.785180 -1.183732 3.263340 0.576709 2.405181 0.098911 0.979176 2.336612 0.096342 10.373653 -0.552300 -0.655388 0.240050 3.464502
1 44.253459 -7.774645 -0.646592 -0.322360 -1.785180 -1.183732 3.263340 0.576709 2.405181 0.098911 0.979176 2.336612 0.096342 10.373653 -0.552300 -0.655388 0.240050 3.464502
1 44.253459 -7.774645 -0.646592 -0.322360 -1.785180 -1.183732 3.263340 0.576709 2.405181 0.098911 0.979176 2.336612 0.096342 10.373653 -0.552300 -0.655388 0.240050 3.464502
1 44.253459 -7.774645 -0.646592 -0.322360 -1.785180 -1.183732 3.263340 0.576709 2.405181 0.098911 0.979176 2.336612 0.096342 10.373653 -0.552300 -0.655388 0.240050 3.464502
1 44.299059 -7.778151 -0.663339 -0.322208 -1.736227 -1.225574 3.259640 0.591739 2.378415 0.099051 0.926369 2.320924 0.120318 10.366025 -0.590219 -0.655625 0.237167 3.446693
1 44.299059 -7.778151 -0.663339 -0.322208 -1.736227 -1.225574 3.259640 0.591739 2.378415 0.099051 0.926369 2.320924 0.120318 10.366025 -0.590219 -0.655625 0.237167 3.446693
1 44.299059 -7.778151 -0.663339 -0.322208 -1.736227 -1.225574 3.259640 0.591739 2.378415 0.099051 0.926369 2.320924 0.120318 10.366025 -0.590219 -0.655625 0.237167 3.446693
1 45.898334 -7.759286 -0.688799 -0.347374 -1.726106 -1.206111 3.266785 0.556311 2.378559 0.110521 0.939349 2.321993 0.118677 10.362804 -0.596857 -0.641867 0.254097 3.415724
1 45.898334 -7.759286 -0.688799 -0.347374 -1.726106 -1.206111 3.266785 0.556311 2.378559 0.110521 0.939349 2.321993 0.118677 10.362804 -0.596857 -0.641867 0.254097 3.415724
1 45.898334 -7.759286 -0.688799 -0.347374 -1.726106 -1.206111 3.266785 0.556311 2.378559 0.110521 0.939349 2.321993 0.118677 10.362804 -0.596857 -0.641867 0.254097 3.415724
1 45.898334 -7.759286 -0.688799 -0.347374 -1.726106 -1.206111 3.266785 0.556311 2.378559 0.110521 0.939349 2.321993 0.118677 10.362804 -0.596857 -0.641867 0.254097 3.415724
1 44.817287 -7.755573 -0.660787 -0.356896 -1.717881 -1.197331 3.245532 0.561340 2.432240 0.099956 0.929877 2.332523 0.100216 10.374394 -0.585719 -0.627890 0.268639 3.416838
1 44.817287 -7.755573 -0.660787 -0.356896 -1.717881 -1.197331 3.245532 0.561340 2.432240 0.099956 0.929877 2.332523 0.100216 10.374394 -0.585719 -0.627890 0.268639 3.416838
1 44.817287 -7.755573 -0.660787 -0.356896 -1.717881 -1.197331 3.245532 0.561340 2.432240 0.099956 0.929877 2.332523 0.100216 10.374394 -0.585719 -0.627890 0.268639 3.416838
1 44.817287 -7.755573 -0.660787 -0.356896 -1.717881 -1.197331 3.245532 0.561340 2.432240 0.099956 0.929877 2.332523 0.100216 10.374394 -0.585719 -0.627890 0.268639 3.416838
1 43.712701 -7.745438 -0.659929 -0.368237 -1.724654 -1.204618 3.211634 0.515680 2.427523 0.105121 0.962773 2.344026 0.129929 10.389722 -0.601131 -0.624698 0.284971 3.376502
1 43.712701 -7.745438 -0.659929 -0.368237 -1.724654 -1.204618 3.211634 0.515680 2.427523 0.105121 0.962773 2.344026 0.129929 10.389722 -0.601131 -0.624698 0.284971 3.376502
1 43.712701 -7.745438 -0.659929 -0.368237 -1.724654 -1.204618 3.211634 0.515680 2.427523 0.105121 0.962773 2.344026 0.129929 10.389722 -0.601131 -0.624698 0.284971 3.376502
1 43.712701 -7.745438 -0.659929 -0.368237 -1.724654 -1.204618 3.211634 0.515680 2.427523 0.105121 0.962773 2.344026 0.129929 10.389722 -0.601131 -0.624698 0.284971 3.376502
1 43.712701 -7.745438 -0.659929 -0.368237 -1.724654 -1.204618 3.211634 0.515680 2.427523 0.105121 0.962773 2.344026 0.129929 10.389722 -0.601131 -0.624698 0.284971 3.376502
1 43.712701 -7.745438 -0.659929 -0.368237 -1.724654 -1.204618 3.211634 0.515680 2.427523 0.105121 0.962773 2.344026 0.129929 10.389722 -0.601131 -0.624698 0.284971 3.376502
1 43.712701 -7.745438 -0.659929 -0.368237 -1.724654 -1.204618 3.211634 0.515680 2.427523 0.105121 0.962773 2.344026 0.129929 10.389722 -0.601131 -0.624698 0.284971 3.376502
1 43.712701 -7.745438 -0.659929 -0.368237 -1.724654 -1.204618 3.211634 0.515680 2.427523 0.105121 0.962773 2.344026 0.129929 10.389722 -0.601131 -0.624698 0.284971 3.376502
1 43.712701 -7.745438 -0.659929 -0.368237 -1.724654 -1.204618 3.211634 0.515680 2.427523 0.105121 0.962773 2.344026 0.129929 10.389722 -0.601131 -0.624698 0.284971 3.376502
1 43.712701 -7.745438 -0.659929 -0.368237 -1.724654 -1.204618 3.211634 0.515680 2.427523 0.105121 0.962773 2.344026 0.129929 10.389722 -0.601131 -0.624698 0.284971 3.376502
1 43.712701 -7.745438 -0.659929 -0.368237 -1.724654 -1.204618 3.211634 0.515680 2.427523 0.105121 0.962773 2.344026 0.129929 10.389722 -0.601131 -0.624698 0.284971 3.376502
1 43.712701 -7.745438 -0.659929 -0.368237 -1.724654 -1.204618 3.211634 0.515680 2.427523 0.105121 0.962773 2.344026 0.129929 10.389722 -0.601131 -0.624698 0.284971 3.376502
1 43.712701 -7.745438 -0.659929 -0.368237 -1.724654 -1.204618 3.211634 0.515680 2.427523 0.105121 0.962773 2.344026 0.129929 10.389722 -0.601131 -0.624698 0.284971 3.376502
1 43.712701 -7.745438 -0.659929 -0.368237 -1.724654 -1.204618 3.211634 0.515680 2.427523 0.105121 0.962773 2.344026 0.129929 10.389722 -0.601131 -0.624698 0.284971 3.376502
1 43.712701 -7.745438 -0.659929 -0.368237 -1.724654 -1.204618 3.211634 0.515680 2.427523 0.105121 0.962773 2.344026 0.129929 10.389722 -0.601131 -0.624698 0.284971 3.376502
1 43.712701 -7.745438 -0.659929 -0.368237 -1.724654 -1.204618 3.211634 0.515680 2.427523 0.105121 0.962773 2.344026 0.129929 10.389722 -0.601131 -0.624698 0.284971 3.376502
1 43.712701 -7.745438 -0.659929 -0.368237 -1.724654 -1.204618 3.211634 0.515680 2.427523 0.105121 0.962773 2.344026 0.129929 10.389722 -0.601131 -0.624698 0.284971 3.376502
1 43.712701 -7.745438 -0.659929 -0.368237 -1.724654 -1.204618 3.211634 0.515680 2.427523 0.105121 0.962773 2.344026 0.129929 10.389722 -0.601131 -0.624698 0.284971 3.376502
1 43.712701 -7.745438 -0.659929 -0.368237 -1.724654 -1.204618 3.211634 0.515680 2.427523 0.105121 0.962773 2.344026 0.129929 10.389722 -0.601131 -0.624698 0.284971 3.376502
