1 inf -8.513242 -0.931026 -0.217267 -2.323572 -1.484237 3.467051 0.270465 2.522830 0.213504 0.588331 2.278467 0.109450 10.346946 -0.263052 0.231755 3.621548
1 inf -8.509056 -0.931668 -0.179869 -2.343649 -1.494699 3.452395 0.231662 2.544601 0.199232 0.557615 2.308427 0.101453 10.344485 -0.247849 0.240457 3.661397
1 inf -8.549516 -0.934552 -0.174076 -2.356987 -1.506033 3.462430 0.222433 2.530586 0.218336 0.553012 2.273615 0.121065 10.360029 -0.244755 0.250232 3.651839
1 inf -8.539637 -0.902323 -0.193937 -2.380981 -1.526458 3.470562 0.220287 2.538646 0.198049 0.506464 2.265533 0.118133 10.341429 -0.225746 0.220574 3.653192
1 inf -8.532052 -0.901019 -0.217635 -2.388903 -1.531304 3.446149 0.243494 2.548534 0.165001 0.498424 2.260826 0.100348 10.376031 -0.234147 0.212885 3.697858
1 289.95944 -8.559724 -0.929679 -0.222691 -2.393454 -1.509654 3.439707 0.245443 2.519714 0.175536 0.479815 2.297288 0.083073 10.362422 -0.196038 0.220826 3.703137
1 289.95944 -8.559724 -0.929679 -0.222691 -2.393454 -1.509654 3.439707 0.245443 2.519714 0.175536 0.479815 2.297288 0.083073 10.362422 -0.196038 0.220826 3.703137
1 289.95944 -8.559724 -0.929679 -0.222691 -2.393454 -1.509654 3.439707 0.245443 2.519714 0.175536 0.479815 2.297288 0.083073 10.362422 -0.196038 0.220826 3.703137
1 289.95944 -8.559724 -0.929679 -0.222691 -2.393454 -1.509654 3.439707 0.245443 2.519714 0.175536 0.479815 2.297288 0.083073 10.362422 -0.196038 0.220826 3.703137
1 289.95944 -8.559724 -0.929679 -0.222691 -2.393454 -1.509654 3.439707 0.245443 2.519714 0.175536 0.479815 2.297288 0.083073 10.362422 -0.196038 0.220826 3.703137
1 289.95944 -8.559724 -0.929679 -0.222691 -2.393454 -1.509654 3.439707 0.245443 2.519714 0.175536 0.479815 2.297288 0.083073 10.362422 -0.196038 0.220826 3.703137
1 289.95944 -8.559724 -0.929679 -0.222691 -2.393454 -1.509654 3.439707 0.245443 2.519714 0.175536 0.479815 2.297288 0.083073 10.362422 -0.196038 0.220826 3.703137
1 289.95944 -8.559724 -0.929679 -0.222691 -2.393454 -1.509654 3.439707 0.245443 2.519714 0.175536 0.479815 2.297288 0.083073 10.362422 -0.196038 0.220826 3.703137
1 289.1356 -8.547272 -0.953116 -0.218122 -2.383162 -1.483995 3.436164 0.238554 2.536862 0.155995 0.484831 2.324175 0.064533 10.340377 -0.193752 0.209292 3.747562
1 289.1356 -8.547272 -0.953116 -0.218122 -2.383162 -1.483995 3.436164 0.238554 2.536862 0.155995 0.484831 2.324175 0.064533 10.340377 -0.193752 0.209292 3.747562
1 289.1356 -8.547272 -0.953116 -0.218122 -2.383162 -1.483995 3.436164 0.238554 2.536862 0.155995 0.484831 2.324175 0.064533 10.340377 -0.193752 0.209292 3.747562
1 289.1356 -8.547272 -0.953116 -0.218122 -2.383162 -1.483995 3.436164 0.238554 2.536862 0.155995 0.484831 2.324175 0.064533 10.340377 -0.193752 0.209292 3.747562
1 289.1356 -8.547272 -0.953116 -0.218122 -2.383162 -1.483995 3.436164 0.238554 2.536862 0.155995 0.484831 2.324175 0.064533 10.340377 -0.193752 0.209292 3.747562
1 289.1356 -8.547272 -0.953116 -0.218122 -2.383162 -1.483995 3.436164 0.238554 2.536862 0.155995 0.484831 2.324175 0.064533 10.340377 -0.193752 0.209292 3.747562
1 289.1356 -8.547272 -0.953116 -0.218122 -2.383162 -1.483995 3.436164 0.238554 2.536862 0.155995 0.484831 2.324175 0.064533 10.340377 -0.193752 0.209292 3.747562
1 289.1356 -8.547272 -0.953116 -0.218122 -2.383162 -1.483995 3.436164 0.238554 2.536862 0.155995 0.484831 2.324175 0.064533 10.340377 -0.193752 0.209292 3.747562
1 289.1356 -8.547272 -0.953116 -0.218122 -2.383162 -1.483995 3.436164 0.238554 2.536862 0.155995 0.484831 2.324175 0.064533 10.340377 -0.193752 0.209292 3.747562
1 289.1356 -8.547272 -0.953116 -0.218122 -2.383162 -1.483995 3.436164 0.238554 2.536862 0.155995 0.484831 2.324175 0.064533 10.340377 -0.193752 0.209292 3.747562
1 289.1356 -8.547272 -0.953116 -0.218122 -2.383162 -1.483995 3.436164 0.238554 2.536862 0.155995 0.484831 2.324175 0.064533 10.340377 -0.193752 0.209292 3.747562
1 289.1356 -8.547272 -0.953116 -0.218122 -2.383162 -1.483995 3.436164 0.238554 2.536862 0.155995 0.484831 2.324175 0.064533 10.340377 -0.193752 0.209292 3.747562
1 289.1356 -8.547272 -0.953116 -0.218122 -2.383162 -1.483995 3.436164 0.238554 2.536862 0.155995 0.484831 2.324175 0.064533 10.340377 -0.193752 0.209292 3.747562
1 286.91501 -8.514133 -0.967463 -0.222882 -2.383005 -1.476004 3.431530 0.222194 2.536108 0.185944 0.433775 2.345994 0.128633 10.341369 -0.204838 0.212114 3.748713
1 286.91501 -8.514133 -0.967463 -0.222882 -2.383005 -1.476004 3.431530 0.222194 2.536108 0.185944 0.433775 2.345994 0.128633 10.341369 -0.204838 0.212114 3.748713
1 286.91501 -8.514133 -0.967463 -0.222882 -2.383005 -1.476004 3.431530 0.222194 2.536108 0.185944 0.433775 2.345994 0.128633 10.341369 -0.204838 0.212114 3.748713
1 286.91501 -8.514133 -0.967463 -0.222882 -2.383005 -1.476004 3.431530 0.222194 2.536108 0.185944 0.433775 2.345994 0.128633 10.341369 -0.204838 0.212114 3.748713
1 282.55143 -8.493777 -0.978780 -0.182933 -2.376272 -1.504533 3.421780 0.220006 2.509108 0.231577 0.428336 2.351371 0.108567 10.315069 -0.196644 0.247633 3.745657
1 282.55143 -8.493777 -0.978780 -0.182933 -2.376272 -1.504533 3.421780 0.220006 2.509108 0.231577 0.428336 2.351371 0.108567 10.315069 -0.196644 0.247633 3.745657
1 282.55143 -8.493777 -0.978780 -0.182933 -2.376272 -1.504533 3.421780 0.220006 2.509108 0.231577 0.428336 2.351371 0.108567 10.315069 -0.196644 0.247633 3.745657
1 282.55143 -8.493777 -0.978780 -0.182933 -2.376272 -1.504533 3.421780 0.220006 2.509108 0.231577 0.428336 2.351371 0.108567 10.315069 -0.196644 0.247633 3.745657
1 282.55143 -8.493777 -0.978780 -0.182933 -2.376272 -1.504533 3.421780 0.220006 2.509108 0.231577 0.428336 2.351371 0.108567 10.315069 -0.196644 0.247633 3.745657
1 282.55143 -8.493777 -0.978780 -0.182933 -2.376272 -1.504533 3.421780 0.220006 2.509108 0.231577 0.428336 2.351371 0.108567 10.315069 -0.196644 0.247633 3.745657
1 282.55143 -8.493777 -0.978780 -0.182933 -2.376272 -1.504533 3.421780 0.220006 2.509108 0.231577 0.428336 2.351371 0.108567 10.315069 -0.196644 0.247633 3.745657
1 282.55143 -8.493777 -0.978780 -0.182933 -2.376272 -1.504533 3.421780 0.220006 2.509108 0.231577 0.428336 2.351371 0.108567 10.315069 -0.196644 0.247633 3.745657
1 281.71227 -8.514549 -0.976501 -0.189030 -2.393896 -1.510749 3.392065 0.199750 2.509326 0.226939 0.409815 2.350170 0.144365 10.330668 -0.176235 0.243857 3.712953
1 281.71227 -8.514549 -0.976501 -0.189030 -2.393896 -1.510749 3.392065 0.199750 2.509326 0.226939 0.409815 2.350170 0.144365 10.330668 -0.176235 0.243857 3.712953
1 281.71227 -8.514549 -0.976501 -0.189030 -2.393896 -1.510749 3.392065 0.199750 2.509326 0.226939 0.409815 2.350170 0.144365 10.330668 -0.176235 0.243857 3.712953
1 281.71227 -8.514549 -0.976501 -0.189030 -2.393896 -1.510749 3.392065 0.199750 2.509326 0.226939 0.409815 2.350170 0.144365 10.330668 -0.176235 0.243857 3.712953
1 281.71227 -8.514549 -0.976501 -0.189030 -2.393896 -1.510749 3.392065 0.199750 2.509326 0.226939 0.409815 2.350170 0.144365 10.330668 -0.176235 0.243857 3.712953
1 281.71227 -8.514549 -0.976501 -0.189030 -2.393896 -1.510749 3.392065 0.199750 2.509326 0.226939 0.409815 2.350170 0.144365 10.330668 -0.176235 0.243857 3.712953
1 281.71227 -8.514549 -0.976501 -0.189030 -2.393896 -1.510749 3.392065 0.199750 2.509326 0.226939 0.409815 2.350170 0.144365 10.330668 -0.176235 0.243857 3.712953
1 281.71227 -8.514549 -0.976501 -0.189030 -2.393896 -1.510749 3.392065 0.199750 2.509326 0.226939 0.409815 2.350170 0.144365 10.330668 -0.176235 0.243857 3.712953
1 281.71227 -8.514549 -0.976501 -0.189030 -2.393896 -1.510749 3.392065 0.199750 2.509326 0.226939 0.409815 2.350170 0.144365 10.330668 -0.176235 0.243857 3.712953
1 281.71227 -8.514549 -0.976501 -0.189030 -2.393896 -1.510749 3.392065 0.199750 2.509326 0.226939 0.409815 2.350170 0.144365 10.330668 -0.176235 0.243857 3.712953
1 281.71227 -8.514549 -0.976501 -0.189030 -2.393896 -1.510749 3.392065 0.199750 2.509326 0.226939 0.409815 2.350170 0.144365 10.330668 -0.176235 0.243857 3.712953
1 281.71227 -8.514549 -0.976501 -0.189030 -2.393896 -1.510749 3.392065 0.199750 2.509326 0.226939 0.409815 2.350170 0.144365 10.330668 -0.176235 0.243857 3.712953
1 281.71227 -8.514549 -0.976501 -0.189030 -2.393896 -1.510749 3.392065 0.199750 2.509326 0.226939 0.409815 2.350170 0.144365 10.330668 -0.176235 0.243857 3.712953
1 281.71227 -8.514549 -0.976501 -0.189030 -2.393896 -1.510749 3.392065 0.199750 2.509326 0.226939 0.409815 2.350170 0.144365 10.330668 -0.176235 0.243857 3.712953
1 281.71227 -8.514549 -0.976501 -0.189030 -2.393896 -1.510749 3.392065 0.199750 2.509326 0.226939 0.409815 2.350170 0.144365 10.330668 -0.176235 0.243857 3.712953
1 281.71227 -8.514549 -0.976501 -0.189030 -2.393896 -1.510749 3.392065 0.199750 2.509326 0.226939 0.409815 2.350170 0.144365 10.330668 -0.176235 0.243857 3.712953
1 281.71227 -8.514549 -0.976501 -0.189030 -2.393896 -1.510749 3.392065 0.199750 2.509326 0.226939 0.409815 2.350170 0.144365 10.330668 -0.176235 0.243857 3.712953
1 281.71227 -8.514549 -0.976501 -0.189030 -2.393896 -1.510749 3.392065 0.199750 2.509326 0.226939 0.409815 2.350170 0.144365 10.330668 -0.176235 0.243857 3.712953
1 281.71227 -8.514549 -0.976501 -0.189030 -2.393896 -1.510749 3.392065 0.199750 2.509326 0.226939 0.409815 2.350170 0.144365 10.330668 -0.176235 0.243857 3.712953
1 281.71227 -8.514549 -0.976501 -0.189030 -2.393896 -1.510749 3.392065 0.199750 2.509326 0.226939 0.409815 2.350170 0.144365 10.330668 -0.176235 0.243857 3.712953
1 281.71227 -8.514549 -0.976501 -0.189030 -2.393896 -1.510749 3.392065 0.199750 2.509326 0.226939 0.409815 2.350170 0.144365 10.330668 -0.176235 0.243857 3.712953
1 281.71227 -8.514549 -0.976501 -0.189030 -2.393896 -1.510749 3.392065 0.199750 2.509326 0.226939 0.409815 2.350170 0.144365 10.330668 -0.176235 0.243857 3.712953
1 281.71227 -8.514549 -0.976501 -0.189030 -2.393896 -1.510749 3.392065 0.199750 2.509326 0.226939 0.409815 2.350170 0.144365 10.330668 -0.176235 0.243857 3.712953
1 281.71227 -8.514549 -0.976501 -0.189030 -2.393896 -1.510749 3.392065 0.199750 2.509326 0.226939 0.409815 2.350170 0.144365 10.330668 -0.176235 0.243857 3.712953
1 281.71227 -8.514549 -0.976501 -0.189030 -2.393896 -1.510749 3.392065 0.199750 2.509326 0.226939 0.409815 2.350170 0.144365 10.330668 -0.176235 0.243857 3.712953
1 281.71227 -8.514549 -0.976501 -0.189030 -2.393896 -1.510749 3.392065 0.199750 2.509326 0.226939 0.409815 2.350170 0.144365 10.330668 -0.176235 0.243857 3.712953
1 281.71227 -8.514549 -0.976501 -0.189030 -2.393896 -1.510749 3.392065 0.199750 2.509326 0.226939 0.409815 2.350170 0.144365 10.330668 -0.176235 0.243857 3.712953
1 281.71227 -8.514549 -0.976501 -0.189030 -2.393896 -1.510749 3.392065 0.199750 2.509326 0.226939 0.409815 2.350170 0.144365 10.330668 -0.176235 0.243857 3.712953
1 281.71227 -8.514549 -0.976501 -0.189030 -2.393896 -1.510749 3.392065 0.199750 2.509326 0.226939 0.409815 2.350170 0.144365 10.330668 -0.176235 0.243857 3.712953
1 281.71227 -8.514549 -0.976501 -0.189030 -2.393896 -1.510749 3.392065 0.199750 2.509326 0.226939 0.409815 2.350170 0.144365 10.330668 -0.176235 0.243857 3.712953
