1 inf -8.615635 -0.757429 -0.978223 -1.543256 -1.361387 2.594287 0.354416 2.270964 0.330409 0.194009 2.658220 0.511652 10.120283 -1.687076 -0.218413 -0.422167 4.637306
1 inf -8.633237 -0.758840 -0.965877 -1.560761 -1.340626 2.554169 0.352921 2.291119 0.327369 0.183532 2.670412 0.539522 10.112489 -1.694358 -0.242840 -0.449127 4.637563
1 inf -8.625082 -0.749848 -0.981227 -1.581249 -1.334819 2.548325 0.340763 2.288942 0.364610 0.198971 2.651709 0.525979 10.120337 -1.711833 -0.272751 -0.445380 4.651523
1 inf -8.644063 -0.768376 -0.994679 -1.632668 -1.331272 2.543730 0.360606 2.250404 0.346912 0.183146 2.664659 0.526554 10.108629 -1.680624 -0.290379 -0.444838 4.676604
1 inf -8.674750 -0.768595 -0.975354 -1.630537 -1.340032 2.555975 0.365185 2.252793 0.355319 0.199421 2.692177 0.528414 10.079625 -1.691318 -0.282438 -0.464108 4.711773
1 inf -8.691791 -0.730458 -0.968345 -1.626784 -1.346570 2.575440 0.332730 2.254423 0.319390 0.202228 2.718910 0.553039 10.073325 -1.722027 -0.293676 -0.498659 4.751977
1 inf -8.659886 -0.737621 -0.969864 -1.611768 -1.313264 2.555553 0.334997 2.258651 0.297644 0.186174 2.775074 0.500437 10.090294 -1.708063 -0.328907 -0.498016 4.723690
1 inf -8.655809 -0.715840 -0.976412 -1.561492 -1.289932 2.622442 0.356165 2.269061 0.261783 0.146084 2.767211 0.498853 10.093264 -1.714752 -0.336985 -0.511860 4.698190
1 inf -8.641016 -0.665990 -0.985166 -1.622852 -1.305983 2.589423 0.344599 2.287412 0.252757 0.138728 2.752518 0.534765 10.095736 -1.720393 -0.372152 -0.498238 4.723634
1 inf -8.654923 -0.645430 -0.996628 -1.661748 -1.274338 2.544387 0.319555 2.292227 0.218531 0.130096 2.727727 0.545442 10.095295 -1.684451 -0.371155 -0.492595 4.707762
1 inf -8.653220 -0.637405 -0.943578 -1.711972 -1.292215 2.552190 0.339496 2.355644 0.212174 0.123839 2.727272 0.525590 10.134873 -1.702786 -0.363519 -0.458250 4.698561
1 inf -8.658998 -0.653097 -0.956196 -1.676295 -1.309201 2.618135 0.312592 2.336987 0.205085 0.151249 2.726864 0.550572 10.195021 -1.690709 -0.346883 -0.432210 4.686417
1 inf -8.666245 -0.650065 -0.939278 -1.651126 -1.331716 2.622164 0.299824 2.318666 0.206896 0.123899 2.765454 0.579341 10.209825 -1.706698 -0.331904 -0.424215 4.702253
1 inf -8.660801 -0.628279 -0.960945 -1.633873 -1.313495 2.631843 0.304721 2.301971 0.205670 0.104205 2.743866 0.582714 10.224031 -1.739818 -0.367308 -0.409069 4.690689
1 inf -8.654250 -0.607152 -0.939664 -1.628280 -1.350469 2.629836 0.315128 2.272331 0.257599 0.087728 2.735852 0.616852 10.258186 -1.713393 -0.396403 -0.399975 4.712778
1 inf -8.606726 -0.615826 -0.953286 -1.605259 -1.381746 2.668620 0.307573 2.285344 0.221021 0.060900 2.716666 0.598928 10.271214 -1.708386 -0.410391 -0.406973 4.728564
1 inf -8.627579 -0.594084 -0.952070 -1.614753 -1.354027 2.687921 0.322608 2.267890 0.185017 0.064427 2.711795 0.581734 10.254528 -1.726184 -0.403442 -0.380981 4.765917
1 inf -8.672172 -0.587103 -0.913987 -1.610984 -1.346709 2.703908 0.336015 2.218711 0.154343 0.091736 2.698212 0.568727 10.252021 -1.731744 -0.373566 -0.424753 4.750153
1 inf -8.687902 -0.597601 -0.916564 -1.617739 -1.331520 2.695771 0.335603 2.211545 0.135387 0.065243 2.687182 0.577433 10.267142 -1.698082 -0.407592 -0.448123 4.741132
1 inf -8.654827 -0.594289 -0.928574 -1.619960 -1.337123 2.700596 0.316675 2.219907 0.127952 0.053413 2.664126 0.548634 10.246185 -1.682970 -0.413151 -0.448367 4.722631
1 inf -8.631286 -0.549428 -0.935454 -1.624680 -1.313406 2.714560 0.317543 2.253032 0.147648 0.063022 2.631693 0.550906 10.239486 -1.669983 -0.422994 -0.433529 4.751337
1 inf -8.651936 -0.535295 -0.926333 -1.614086 -1.341194 2.737026 0.328129 2.236017 0.135345 0.074620 2.627454 0.578221 10.262775 -1.687350 -0.442743 -0.410894 4.742882
1 inf -8.597373 -0.526989 -0.929111 -1.608161 -1.339316 2.723357 0.331867 2.264573 0.109629 0.083327 2.658216 0.585377 10.280130 -1.698711 -0.450721 -0.487257 4.735489
1 inf -8.609359 -0.533731 -0.927063 -1.616771 -1.376424 2.745984 0.323206 2.259598 0.103101 0.093276 2.665656 0.596520 10.301021 -1.695099 -0.442632 -0.486833 4.720320
1 inf -8.625935 -0.557015 -0.946909 -1.622538 -1.376938 2.730996 0.313864 2.275837 0.122211 0.116276 2.663486 0.626691 10.302023 -1.687139 -0.435592 -0.469383 4.694558
1 inf -8.637954 -0.541888 -0.972655 -1.651874 -1.353503 2.745777 0.301569 2.275692 0.143479 0.137328 2.634534 0.617349 10.312796 -1.708036 -0.439800 -0.450238 4.674144
1 inf -8.654977 -0.554642 -0.999705 -1.629905 -1.342029 2.752978 0.306111 2.231043 0.111686 0.190269 2.587483 0.595023 10.331222 -1.704665 -0.413939 -0.434294 4.636471
1 inf -8.661470 -0.550989 -0.962074 -1.624978 -1.335601 2.762506 0.296165 2.229809 0.115273 0.172610 2.623273 0.574143 10.294625 -1.737736 -0.421575 -0.449194 4.631214
1 inf -8.657954 -0.573293 -0.978310 -1.656884 -1.311707 2.778618 0.285945 2.254889 0.149323 0.205031 2.629499 0.595053 10.313741 -1.727791 -0.411666 -0.422722 4.627560
1 inf -8.673818 -0.561538 -0.971336 -1.639297 -1.317511 2.740890 0.250355 2.296767 0.141557 0.207419 2.598733 0.564353 10.367259 -1.697642 -0.419844 -0.412968 4.637944
1 inf -8.655968 -0.600147 -0.962707 -1.605071 -1.348584 2.707929 0.255320 2.283091 0.157530 0.213734 2.636559 0.608645 10.384168 -1.699412 -0.417771 -0.405090 4.629115
1 inf -8.632745 -0.607358 -0.980069 -1.621344 -1.341779 2.686209 0.241022 2.298869 0.179290 0.197826 2.635728 0.651020 10.382993 -1.686792 -0.428395 -0.425921 4.629302
1 inf -8.633430 -0.599640 -0.970444 -1.623015 -1.313730 2.709646 0.258992 2.331325 0.201957 0.210034 2.627258 0.680568 10.388045 -1.685040 -0.441874 -0.393491 4.621879
1 inf -8.629897 -0.564749 -0.958862 -1.598164 -1.301399 2.708461 0.269376 2.328775 0.193425 0.220719 2.661756 0.670431 10.388447 -1.679266 -0.439004 -0.421528 4.630596
1 inf -8.616602 -0.581210 -0.971811 -1.598292 -1.297083 2.691815 0.238275 2.373845 0.185125 0.187231 2.652338 0.682605 10.410963 -1.657719 -0.411529 -0.422556 4.570096
1 inf -8.618482 -0.599518 -0.999206 -1.597207 -1.302083 2.662849 0.193797 2.404261 0.166653 0.159286 2.683317 0.694931 10.413064 -1.654552 -0.434369 -0.418788 4.562310
1 inf -8.621619 -0.605885 -0.992731 -1.589138 -1.306552 2.666764 0.171484 2.417941 0.168622 0.162972 2.684696 0.693737 10.462206 -1.648550 -0.497551 -0.471123 4.549499
1 inf -8.659371 -0.611520 -0.995142 -1.577689 -1.301197 2.643266 0.194247 2.447315 0.171690 0.198514 2.721007 0.661226 10.520084 -1.666924 -0.501157 -0.439323 4.555377
1 inf -8.682263 -0.592101 -0.973594 -1.563364 -1.283538 2.616690 0.207449 2.456242 0.173689 0.209306 2.728907 0.618411 10.557422 -1.640443 -0.488949 -0.448963 4.570490
1 inf -8.670892 -0.564776 -0.970931 -1.567558 -1.271842 2.601611 0.204148 2.435236 0.177381 0.218158 2.702874 0.644690 10.567476 -1.654349 -0.499799 -0.443121 4.582311
1 inf -8.702864 -0.557306 -0.997305 -1.590331 -1.258256 2.589071 0.214423 2.403918 0.216610 0.221227 2.693218 0.678169 10.600258 -1.676522 -0.503258 -0.479294 4.577834
1 inf -8.717665 -0.542924 -0.998151 -1.610395 -1.259045 2.562877 0.250702 2.410785 0.192169 0.220061 2.683949 0.661671 10.621573 -1.663168 -0.520571 -0.467775 4.571072
1 inf -8.734170 -0.545110 -0.972984 -1.634246 -1.237330 2.548839 0.264984 2.386526 0.173294 0.195710 2.694028 0.656059 10.648545 -1.618157 -0.543429 -0.453078 4.558703
1 inf -8.721957 -0.514354 -0.956849 -1.661609 -1.234087 2.534447 0.263929 2.375591 0.191412 0.222035 2.701500 0.657997 10.658114 -1.633896 -0.535032 -0.432922 4.566771
1 inf -8.720607 -0.492107 -0.955565 -1.620369 -1.186691 2.556719 0.284198 2.377698 0.201690 0.224643 2.699608 0.689134 10.673786 -1.597691 -0.533174 -0.426162 4.588128
1 inf -8.709453 -0.543213 -0.963861 -1.644934 -1.201013 2.562356 0.323929 2.387283 0.212691 0.217561 2.694486 0.653673 10.674964 -1.644892 -0.523183 -0.416881 4.589932
1 inf -8.729563 -0.567438 -0.957593 -1.622071 -1.201411 2.582540 0.306694 2.410813 0.204008 0.198603 2.692188 0.669952 10.678421 -1.665556 -0.506206 -0.420637 4.583364
1 inf -8.728825 -0.560354 -0.948197 -1.629243 -1.201052 2.598801 0.317950 2.440817 0.182063 0.164652 2.723166 0.671351 10.715372 -1.698128 -0.490483 -0.419155 4.575188
1 inf -8.753430 -0.592095 -0.929006 -1.587844 -1.206642 2.585441 0.307451 2.443448 0.202469 0.181794 2.699294 0.651652 10.761784 -1.714848 -0.474040 -0.444085 4.578743
1 inf -8.799276 -0.583110 -0.913705 -1.623427 -1.212610 2.587512 0.314581 2.467954 0.184249 0.177670 2.699690 0.627443 10.758769 -1.677295 -0.462515 -0.447012 4.567737
1 inf -8.795385 -0.565346 -0.902576 -1.618441 -1.233489 2.595853 0.322239 2.464885 0.193465 0.208698 2.694719 0.660280 10.754768 -1.651167 -0.494791 -0.456479 4.548019
1 inf -8.820214 -0.558948 -0.890420 -1.590119 -1.207628 2.584353 0.349541 2.456064 0.172990 0.211408 2.652963 0.632257 10.745075 -1.618505 -0.492523 -0.443507 4.524179
1 inf -8.837397 -0.562511 -0.884736 -1.608832 -1.259681 2.563461 0.318370 2.439330 0.170840 0.255672 2.692294 0.606398 10.751177 -1.611705 -0.491451 -0.432266 4.536465
1 inf -8.864274 -0.564300 -0.912997 -1.579162 -1.275007 2.541675 0.328469 2.452385 0.197611 0.247575 2.682899 0.587492 10.759203 -1.591545 -0.485908 -0.436979 4.499255
1 inf -8.859448 -0.558944 -0.873699 -1.541670 -1.316841 2.518284 0.310932 2.491313 0.186210 0.249340 2.717662 0.627835 10.725375 -1.575129 -0.438640 -0.426258 4.509400
1 inf -8.855262 -0.562049 -0.889883 -1.543561 -1.308840 2.498773 0.312037 2.498818 0.197045 0.247709 2.751653 0.628396 10.755754 -1.571059 -0.419929 -0.456748 4.473448
1 inf -8.831324 -0.532093 -0.862566 -1.540814 -1.318221 2.472887 0.327671 2.462856 0.170224 0.223481 2.732853 0.629786 10.800862 -1.592722 -0.401412 -0.400754 4.456727
1 inf -8.845318 -0.510145 -0.863891 -1.564338 -1.305216 2.500627 0.314559 2.479237 0.168720 0.233986 2.741599 0.610321 10.775417 -1.603889 -0.409308 -0.446247 4.468407
1 inf -8.838635 -0.498640 -0.881973 -1.589864 -1.352532 2.467728 0.299408 2.467501 0.171917 0.231998 2.726781 0.606605 10.772971 -1.616321 -0.388049 -0.407341 4.463455
1 inf -8.835637 -0.484875 -0.900599 -1.588528 -1.393740 2.462138 0.289615 2.454342 0.170958 0.169544 2.728635 0.586306 10.770288 -1.644031 -0.356091 -0.382444 4.506620
1 inf -8.829905 -0.455236 -0.895373 -1.596446 -1.364841 2.445352 0.287401 2.411746 0.127062 0.151491 2.726513 0.563524 10.763383 -1.665171 -0.334284 -0.411479 4.489782
1 inf -8.844820 -0.455141 -0.881392 -1.587413 -1.374140 2.467813 0.274832 2.437642 0.126405 0.173746 2.707063 0.554412 10.741723 -1.674004 -0.331525 -0.414501 4.460645
1 inf -8.817660 -0.429731 -0.911225 -1.595851 -1.380912 2.448526 0.286571 2.451654 0.149083 0.160263 2.709636 0.559765 10.717480 -1.685682 -0.298391 -0.453078 4.489362
1 inf -8.824561 -0.416257 -0.918124 -1.588694 -1.370218 2.416961 0.286997 2.464253 0.112873 0.171263 2.731001 0.571216 10.723695 -1.676757 -0.307741 -0.429963 4.505554
1 inf -8.818630 -0.385251 -0.905912 -1.586429 -1.365936 2.412825 0.241224 2.464932 0.095539 0.150424 2.738289 0.575931 10.695729 -1.683370 -0.302241 -0.412451 4.521335
1 inf -8.831465 -0.332468 -0.888985 -1.570598 -1.390580 2.416770 0.246979 2.469844 0.114695 0.179044 2.735112 0.557216 10.704942 -1.675464 -0.296769 -0.415541 4.522918
1 inf -8.881770 -0.334982 -0.885745 -1.594614 -1.439984 2.407736 0.275601 2.440505 0.112482 0.193361 2.740660 0.576602 10.727259 -1.640798 -0.327354 -0.398913 4.500813
1 inf -8.848277 -0.321635 -0.883506 -1.626290 -1.428063 2.393820 0.241651 2.446858 0.129599 0.185496 2.729042 0.586553 10.718474 -1.615837 -0.350715 -0.399255 4.495644
1 inf -8.822726 -0.301616 -0.906156 -1.652823 -1.427719 2.411515 0.224875 2.481598 0.150451 0.187058 2.738134 0.572594 10.724591 -1.633613 -0.369339 -0.414576 4.471883
1 inf -8.846373 -0.283392 -0.871938 -1.668243 -1.425779 2.411500 0.216731 2.474734 0.122552 0.173271 2.756519 0.589758 10.719661 -1.641329 -0.375873 -0.410642 4.467254
1 inf -8.861500 -0.299996 -0.889205 -1.676775 -1.424341 2.406876 0.175030 2.528544 0.165753 0.132076 2.721912 0.575442 10.715383 -1.637355 -0.369580 -0.399585 4.456236
1 inf -8.868830 -0.303033 -0.884539 -1.664066 -1.394949 2.383140 0.174685 2.516948 0.193376 0.130950 2.698742 0.588669 10.725440 -1.634556 -0.367378 -0.398867 4.511543
1 inf -8.882400 -0.317751 -0.878814 -1.671271 -1.399913 2.366210 0.210715 2.569229 0.197289 0.123329 2.700923 0.593894 10.756324 -1.607658 -0.380882 -0.386802 4.546677
1 inf -8.882350 -0.287908 -0.862867 -1.650144 -1.401690 2.384620 0.175099 2.554350 0.195037 0.122680 2.684160 0.583460 10.761375 -1.638706 -0.379963 -0.391833 4.586501
1 inf -8.866656 -0.301314 -0.862495 -1.659487 -1.410248 2.401943 0.173198 2.519980 0.242927 0.095191 2.695969 0.569141 10.726152 -1.669608 -0.380548 -0.364862 4.567367
1 inf -8.872583 -0.280037 -0.869959 -1.640822 -1.377040 2.385261 0.187349 2.503509 0.253830 0.084998 2.693826 0.573486 10.700899 -1.649422 -0.377285 -0.350988 4.587523
1 inf -8.863725 -0.263985 -0.886273 -1.652639 -1.416796 2.373557 0.170758 2.521932 0.283111 0.100180 2.728025 0.581613 10.723368 -1.634062 -0.374551 -0.387045 4.559640
1 inf -8.880283 -0.305912 -0.891124 -1.647031 -1.399539 2.380636 0.166156 2.506790 0.259903 0.105251 2.693115 0.592458 10.720644 -1.631984 -0.389715 -0.364614 4.522294
1 inf -8.847496 -0.327670 -0.891318 -1.675317 -1.426490 2.397628 0.189407 2.523272 0.247054 0.100276 2.682924 0.554343 10.744032 -1.677820 -0.353419 -0.371731 4.516572
1 inf -8.851530 -0.328216 -0.912033 -1.660368 -1.413304 2.402314 0.168011 2.528453 0.252274 0.100530 2.662451 0.557559 10.734261 -1.694989 -0.358929 -0.338238 4.534306
1 inf -8.855975 -0.312121 -0.916082 -1.654628 -1.429352 2.384251 0.179807 2.542488 0.227517 0.126853 2.628549 0.557307 10.737540 -1.693600 -0.378097 -0.330993 4.528604
1 inf -8.859332 -0.329712 -0.923682 -1.652447 -1.437335 2.374377 0.161833 2.564627 0.225221 0.098896 2.598372 0.569367 10.755546 -1.656669 -0.395518 -0.344945 4.566941
1 inf -8.870108 -0.313337 -0.901565 -1.675201 -1.409941 2.364313 0.144236 2.579386 0.212960 0.129975 2.591070 0.582084 10.751128 -1.637402 -0.396698 -0.308638 4.577551
1 inf -8.848947 -0.383797 -0.900054 -1.685055 -1.425563 2.362851 0.093702 2.595950 0.232715 0.139261 2.582027 0.571123 10.745834 -1.612446 -0.392967 -0.325265 4.577705
1 inf -8.847883 -0.347647 -0.945878 -1.681232 -1.416747 2.352933 0.070628 2.592399 0.264292 0.108638 2.551959 0.567266 10.793967 -1.646767 -0.415923 -0.319997 4.571975
1 inf -8.870184 -0.309361 -0.913161 -1.694291 -1.422548 2.382987 0.103874 2.595093 0.245429 0.121413 2.519539 0.578540 10.776214 -1.611117 -0.420741 -0.326965 4.553917
1 inf -8.892557 -0.362189 -0.925092 -1.703734 -1.426295 2.410752 0.112415 2.596321 0.245515 0.114839 2.517839 0.553671 10.807018 -1.623152 -0.432027 -0.324694 4.558281
1 inf -8.872662 -0.331563 -0.928014 -1.717916 -1.441465 2.415286 0.119563 2.547469 0.253240 0.089386 2.497778 0.512334 10.803536 -1.589980 -0.413342 -0.337382 4.608939
1 inf -8.832655 -0.322819 -0.908948 -1.747692 -1.430644 2.411231 0.095965 2.534601 0.236194 0.080750 2.503969 0.502230 10.800033 -1.550323 -0.425181 -0.303413 4.594565
1 inf -8.833208 -0.330651 -0.894822 -1.740092 -1.404173 2.431071 0.091780 2.541248 0.244954 0.080826 2.526311 0.493103 10.808674 -1.551461 -0.446531 -0.301166 4.546328
1 inf -8.837139 -0.353973 -0.866231 -1.775893 -1.404433 2.438629 0.127559 2.551664 0.232359 0.055508 2.525929 0.447673 10.805454 -1.515883 -0.440915 -0.299321 4.535026
1 inf -8.826114 -0.335708 -0.903228 -1.809686 -1.392557 2.454970 0.061474 2.546302 0.237316 0.059497 2.550736 0.423386 10.834575 -1.521563 -0.487394 -0.284001 4.582635
1 inf -8.792831 -0.329424 -0.891534 -1.850580 -1.428947 2.445224 0.058709 2.570455 0.217898 0.024871 2.538296 0.425633 10.820441 -1.561980 -0.493237 -0.309791 4.574494
1 inf -8.847697 -0.324110 -0.904992 -1.891411 -1.434851 2.458933 0.092289 2.592223 0.222814 0.025432 2.526534 0.399969 10.813396 -1.575552 -0.465948 -0.322719 4.605637
1 inf -8.811925 -0.294127 -0.923769 -1.950848 -1.425264 2.508632 0.084390 2.586425 0.196467 0.022124 2.530129 0.405634 10.796487 -1.535857 -0.452888 -0.309001 4.616705
1 inf -8.833650 -0.285080 -0.919059 -1.936982 -1.350637 2.512403 0.080120 2.568979 0.190078 0.038513 2.573455 0.355570 10.820820 -1.563388 -0.449612 -0.265032 4.630057
1 inf -8.839494 -0.238969 -0.913550 -1.946460 -1.363763 2.493870 0.088025 2.544397 0.234636 0.014781 2.571895 0.378279 10.781962 -1.522830 -0.467576 -0.268089 4.664518
1 inf -8.857618 -0.247113 -0.928964 -1.955257 -1.343423 2.454314 0.068323 2.542563 0.246711 0.016003 2.611890 0.346171 10.780480 -1.501225 -0.484696 -0.271403 4.632223
1 inf -8.810982 -0.255426 -0.933402 -1.978579 -1.334819 2.448019 0.013087 2.538176 0.251537 0.029551 2.640971 0.315265 10.805314 -1.477410 -0.455341 -0.271906 4.597239
1 inf -8.790938 -0.279312 -0.885815 -1.979944 -1.337965 2.435140 0.009465 2.514277 0.274507 0.017490 2.667251 0.328614 10.802025 -1.486109 -0.487902 -0.267542 4.620708
1 inf -8.799129 -0.260065 -0.868247 -1.984111 -1.310857 2.421590 0.018592 2.481313 0.252033 -0.003724 2.678716 0.306383 10.829694 -1.461210 -0.469951 -0.285731 4.587068
1 inf -8.770781 -0.257862 -0.899114 -1.934838 -1.259284 2.401357 0.027947 2.459385 0.254682 -0.001254 2.695633 0.297329 10.851575 -1.483351 -0.450672 -0.305672 4.573959
1 inf -8.823444 -0.254381 -0.887967 -1.934437 -1.268242 2.381565 0.027837 2.461521 0.245970 0.043950 2.724538 0.279928 10.868750 -1.479413 -0.445044 -0.311730 4.548495
1 inf -8.808311 -0.289281 -0.897366 -1.934069 -1.304486 2.400002 0.001080 2.471682 0.225677 0.041448 2.740461 0.324544 10.852382 -1.500088 -0.439171 -0.359103 4.568360
1 inf -8.842560 -0.308345 -0.877921 -1.937579 -1.320746 2.394505 0.019592 2.448463 0.221627 0.033953 2.761751 0.329653 10.856409 -1.474739 -0.465742 -0.374257 4.558320
1 inf -8.836227 -0.289398 -0.873028 -1.935711 -1.327070 2.388102 0.008331 2.452491 0.200860 0.075609 2.769546 0.366412 10.835640 -1.469406 -0.471085 -0.390276 4.549402
1 inf -8.825863 -0.315651 -0.877580 -1.910328 -1.321571 2.406780 -0.004474 2.452506 0.255363 0.067441 2.760883 0.377105 10.820048 -1.429078 -0.448965 -0.378407 4.574896
1 inf -8.796281 -0.335384 -0.869519 -1.918948 -1.350096 2.432019 -0.022842 2.485111 0.215482 0.060973 2.793789 0.361113 10.839964 -1.442627 -0.424283 -0.392044 4.572786
1 inf -8.819757 -0.329129 -0.851762 -1.934654 -1.351897 2.455935 -0.038043 2.492418 0.253488 0.046425 2.808744 0.389068 10.874349 -1.433443 -0.460682 -0.418458 4.548419
1 inf -8.834315 -0.324780 -0.848174 -1.913705 -1.341959 2.437137 -0.033380 2.495133 0.251062 0.021933 2.788619 0.350910 10.918334 -1.450031 -0.488066 -0.396863 4.565433
1 inf -8.823746 -0.324166 -0.880156 -1.888328 -1.361832 2.422068 -0.045558 2.496948 0.235142 0.018197 2.796404 0.356165 10.950527 -1.438252 -0.479021 -0.424376 4.568538
1 inf -8.877475 -0.307815 -0.865707 -1.885552 -1.337905 2.397951 -0.080465 2.525677 0.255503 0.028840 2.801005 0.341021 10.911832 -1.444473 -0.519987 -0.458452 4.583148
1 inf -8.884761 -0.307590 -0.865589 -1.894604 -1.327969 2.376793 -0.086763 2.513361 0.263057 0.027179 2.849673 0.362436 10.924276 -1.455124 -0.556495 -0.514717 4.644793
1 inf -8.866061 -0.310487 -0.833228 -1.902696 -1.299839 2.405754 -0.067431 2.523337 0.255150 0.017871 2.892216 0.345108 10.947591 -1.446862 -0.558756 -0.485499 4.601582
1 inf -8.865605 -0.292779 -0.861656 -1.897973 -1.294361 2.427602 -0.077042 2.551838 0.283869 0.021825 2.920370 0.317304 10.961432 -1.466007 -0.524305 -0.494473 4.594416
1 inf -8.839365 -0.291472 -0.846500 -1.925440 -1.282739 2.483445 -0.029397 2.595596 0.273372 0.021695 2.936548 0.299355 10.968465 -1.434845 -0.487904 -0.474514 4.567688
1 inf -8.823784 -0.283613 -0.833591 -1.921064 -1.276177 2.474869 -0.025014 2.569267 0.273412 -0.010310 2.953803 0.348922 10.954111 -1.428128 -0.490726 -0.498932 4.585899
1 inf -8.884391 -0.290580 -0.866680 -1.955786 -1.273882 2.472889 -0.028468 2.532746 0.265030 -0.017496 2.929679 0.342491 10.945060 -1.400181 -0.516620 -0.481165 4.552299
1 inf -8.874357 -0.302339 -0.890962 -1.939331 -1.277102 2.474334 -0.052004 2.558051 0.240435 -0.002074 2.941314 0.340789 10.936301 -1.371166 -0.526942 -0.481609 4.593632
1 inf -8.850507 -0.232394 -0.930259 -1.931842 -1.292922 2.447399 -0.037835 2.580247 0.240996 -0.010699 2.989906 0.369613 10.933096 -1.349603 -0.527445 -0.484433 4.614061
1 inf -8.887944 -0.233373 -0.849985 -1.948948 -1.309859 2.455313 -0.115043 2.599072 0.232978 -0.026254 2.965538 0.321236 10.905939 -1.379318 -0.556818 -0.472425 4.655288
1 inf -8.928777 -0.228437 -0.825632 -1.971114 -1.342700 2.394661 -0.143013 2.587499 0.224404 -0.034861 2.964697 0.319425 10.915410 -1.368088 -0.551485 -0.475104 4.664266
1 inf -8.934442 -0.230727 -0.841376 -1.945588 -1.365874 2.404730 -0.117103 2.575072 0.214887 -0.048129 2.965451 0.325741 10.947933 -1.396063 -0.591326 -0.460311 4.687791
1 inf -8.952651 -0.208205 -0.838974 -1.931738 -1.343726 2.423879 -0.100552 2.527627 0.217312 -0.043442 2.945509 0.332118 10.930509 -1.406645 -0.596419 -0.437454 4.648114
1 inf -8.945099 -0.183482 -0.837816 -1.958939 -1.313198 2.412051 -0.078064 2.532166 0.225272 -0.047552 2.966865 0.343681 10.922209 -1.460951 -0.611916 -0.417779 4.629093
1 inf -8.916317 -0.200391 -0.838795 -1.924698 -1.349539 2.381276 -0.076061 2.529001 0.214533 -0.037796 2.938489 0.359083 10.939796 -1.474104 -0.586869 -0.442756 4.619861
1 inf -8.906916 -0.182345 -0.840069 -1.930446 -1.330243 2.395151 -0.060815 2.552110 0.227251 -0.042328 2.958338 0.349340 10.948210 -1.464773 -0.548574 -0.459583 4.586661
1 inf -8.883923 -0.196545 -0.870956 -1.891158 -1.337391 2.366504 -0.041166 2.574622 0.238683 -0.042462 2.957063 0.355475 10.910034 -1.414034 -0.535660 -0.458622 4.582222
1 inf -8.879509 -0.174167 -0.842274 -1.862601 -1.304798 2.367200 -0.009428 2.572148 0.234420 -0.032018 2.958660 0.355332 10.903324 -1.403041 -0.542627 -0.490654 4.563452
1 inf -8.894072 -0.181834 -0.844823 -1.841738 -1.340645 2.355417 -0.007285 2.573569 0.235796 -0.039009 2.963987 0.330339 10.883494 -1.383374 -0.566214 -0.500322 4.582578
1 inf -8.919175 -0.203970 -0.841132 -1.889178 -1.363303 2.373071 -0.045390 2.568755 0.213055 -0.070098 2.958972 0.305973 10.912054 -1.398396 -0.583903 -0.490472 4.586551
1 inf -8.979611 -0.196794 -0.882720 -1.901173 -1.393568 2.368346 -0.092692 2.553524 0.216912 -0.035601 2.955119 0.291260 10.903406 -1.392241 -0.608521 -0.483523 4.595406
1 inf -8.940309 -0.201630 -0.914293 -1.899980 -1.387583 2.403430 -0.084611 2.518839 0.235937 -0.056422 2.972041 0.336807 10.886019 -1.405072 -0.639872 -0.522142 4.613117
1 inf -8.950427 -0.177469 -0.908629 -1.924130 -1.389112 2.417833 -0.067996 2.516223 0.219724 -0.050915 2.947190 0.355585 10.904044 -1.393190 -0.632526 -0.531664 4.623966
1 inf -8.924794 -0.186054 -0.885167 -1.938389 -1.406841 2.391596 -0.053945 2.512164 0.247713 -0.033169 2.946838 0.357460 10.892189 -1.427843 -0.646395 -0.539667 4.613903
1 inf -8.920140 -0.187045 -0.878755 -1.932360 -1.425645 2.421812 -0.069336 2.510572 0.233035 -0.034310 2.950539 0.368898 10.894132 -1.413101 -0.669232 -0.535378 4.640362
1 inf -8.942668 -0.151274 -0.868869 -1.922696 -1.401655 2.466627 -0.067758 2.504765 0.256269 -0.054668 2.914154 0.360843 10.888758 -1.391977 -0.702847 -0.525116 4.608808
1 inf -8.963605 -0.149469 -0.823024 -1.931115 -1.393439 2.501156 -0.049561 2.514235 0.261112 -0.077744 2.908797 0.363231 10.891849 -1.419170 -0.672138 -0.564502 4.609568
1 inf -8.957021 -0.118736 -0.849979 -1.937807 -1.382635 2.516765 -0.055324 2.508937 0.274197 -0.129912 2.922688 0.335381 10.865188 -1.424225 -0.705738 -0.558646 4.614352
1 inf -8.966058 -0.118362 -0.817773 -1.928692 -1.383152 2.509503 -0.033305 2.478726 0.286220 -0.096356 2.990425 0.308019 10.886864 -1.449139 -0.732587 -0.564487 4.611632
1 inf -8.983455 -0.144821 -0.817163 -1.917541 -1.386232 2.547587 -0.007394 2.505550 0.290902 -0.075916 2.989102 0.305529 10.871474 -1.477526 -0.745121 -0.580581 4.611565
1 inf -8.971173 -0.139428 -0.806012 -1.917620 -1.398803 2.549671 0.000204 2.509633 0.339848 -0.082080 2.958396 0.275332 10.882327 -1.482350 -0.767094 -0.614044 4.635201
1 inf -8.990029 -0.077015 -0.856710 -1.912072 -1.436515 2.560534 -0.026487 2.485012 0.289369 -0.080587 2.949279 0.323718 10.888122 -1.479380 -0.714546 -0.613275 4.649177
1 inf -8.932388 -0.077041 -0.860605 -1.899826 -1.411903 2.513614 -0.032560 2.467811 0.269474 -0.078425 2.949232 0.310461 10.926204 -1.475299 -0.722531 -0.575161 4.650570
1 inf -8.922575 -0.084302 -0.849653 -1.928881 -1.407978 2.531882 -0.011033 2.475510 0.288727 -0.106414 2.947536 0.333603 10.908694 -1.442046 -0.663255 -0.570804 4.644388
1 inf -8.948597 -0.054273 -0.881418 -1.924026 -1.417096 2.482317 -0.065759 2.501239 0.276091 -0.117600 2.945955 0.308946 10.934653 -1.445341 -0.677751 -0.559556 4.618279
1 inf -8.970075 -0.026081 -0.918451 -1.897294 -1.416354 2.490481 -0.043453 2.491909 0.268305 -0.105070 2.955626 0.324374 10.903702 -1.439970 -0.673935 -0.599957 4.587134
1 inf -8.972505 -0.035339 -0.963443 -1.899349 -1.389292 2.467743 -0.070292 2.511832 0.256565 -0.088987 2.944419 0.332438 10.893660 -1.430805 -0.657706 -0.565701 4.546235
1 inf -8.989727 -0.002131 -0.943529 -1.890084 -1.372061 2.447593 -0.064023 2.495815 0.265365 -0.076125 2.931507 0.353775 10.891916 -1.422410 -0.684091 -0.537775 4.546371
1 inf -9.013100 -0.007025 -0.924848 -1.895754 -1.369081 2.462325 -0.087545 2.505419 0.294135 -0.086764 2.915315 0.374831 10.901515 -1.394984 -0.675905 -0.537193 4.538331
1 inf -8.977406 -0.006445 -0.942704 -1.848800 -1.396243 2.463066 -0.099383 2.526363 0.242926 -0.053252 2.918291 0.406804 10.919203 -1.401282 -0.685534 -0.567409 4.556070
1 inf -8.992046 -0.015736 -0.929870 -1.834717 -1.388145 2.439879 -0.073704 2.556040 0.237271 -0.064712 2.923551 0.415045 10.933570 -1.391797 -0.637428 -0.577892 4.541627
1 inf -9.006100 -0.024722 -0.914494 -1.819650 -1.387606 2.435661 -0.122478 2.493616 0.242170 -0.071259 2.900722 0.404864 10.944433 -1.387095 -0.603280 -0.577407 4.562124
1 inf -9.010099 -0.012182 -0.904816 -1.812749 -1.378494 2.432050 -0.153986 2.464080 0.230619 -0.089652 2.866289 0.420032 10.913851 -1.398130 -0.589480 -0.553511 4.528177
1 inf -8.984187 -0.026139 -0.937587 -1.819977 -1.387858 2.420822 -0.173529 2.417448 0.258531 -0.073717 2.925389 0.453590 10.923354 -1.404696 -0.576721 -0.559597 4.537007
1 inf -8.982556 -0.037148 -0.942705 -1.808934 -1.341862 2.442328 -0.136067 2.444788 0.252261 -0.086682 2.932483 0.437439 10.924717 -1.418600 -0.558221 -0.544808 4.528312
1 inf -8.986932 -0.024098 -0.968164 -1.792684 -1.342023 2.421161 -0.138036 2.427772 0.249038 -0.059711 2.915843 0.434094 10.951618 -1.421346 -0.511771 -0.568563 4.516161
1 inf -8.980691 -0.016193 -0.973178 -1.802975 -1.314506 2.402542 -0.153906 2.431646 0.248397 -0.084572 2.924934 0.459343 10.940566 -1.402419 -0.525195 -0.552158 4.520978
1 inf -8.950440 -0.001841 -0.962023 -1.816094 -1.322543 2.408989 -0.156736 2.418860 0.252221 -0.065518 2.915192 0.447664 10.930877 -1.370737 -0.559308 -0.574251 4.557205
1 inf -8.923673 -0.027247 -0.954626 -1.808052 -1.307272 2.447222 -0.177335 2.425869 0.222672 -0.066091 2.921146 0.401840 10.954622 -1.399417 -0.551380 -0.575113 4.575377
1 inf -8.964535 -0.056998 -0.961087 -1.845396 -1.294305 2.434864 -0.168713 2.406429 0.225896 -0.083263 2.946250 0.414244 10.978000 -1.414952 -0.547480 -0.600052 4.576546
1 inf -8.952554 -0.087812 -0.974153 -1.803545 -1.324823 2.430433 -0.184565 2.452374 0.246853 -0.089965 2.932426 0.434994 10.984863 -1.406627 -0.567185 -0.602312 4.574542
1 inf -8.974334 -0.080844 -0.936507 -1.795964 -1.313496 2.434014 -0.162999 2.465649 0.208302 -0.067203 2.969695 0.423061 10.986421 -1.403270 -0.562771 -0.620870 4.564251
1 inf -8.988057 -0.064232 -0.942228 -1.847034 -1.342989 2.458011 -0.172390 2.471684 0.204774 -0.083372 2.994235 0.435355 10.953606 -1.430076 -0.528492 -0.638235 4.530204
1 inf -8.963853 -0.083746 -0.905375 -1.811474 -1.361166 2.474653 -0.170030 2.521859 0.158487 -0.117494 2.998231 0.414351 10.959613 -1.403447 -0.543147 -0.590682 4.599597
1 inf -8.962646 -0.091547 -0.918313 -1.821584 -1.344228 2.495756 -0.170783 2.516038 0.195092 -0.132076 2.946362 0.381807 10.974696 -1.399811 -0.514665 -0.613246 4.601959
1 inf -8.982393 -0.089831 -0.891946 -1.846523 -1.344077 2.503426 -0.159689 2.521096 0.174083 -0.123468 2.930164 0.385463 10.998793 -1.387822 -0.520682 -0.605416 4.607971
1 inf -8.973026 -0.120051 -0.935053 -1.849901 -1.346346 2.480952 -0.168250 2.503880 0.188706 -0.106697 2.914926 0.356210 11.023515 -1.433863 -0.539287 -0.568938 4.647346
1 inf -8.977789 -0.161291 -0.960069 -1.882113 -1.361014 2.482959 -0.154305 2.517296 0.191282 -0.101929 2.951640 0.342393 11.025627 -1.470966 -0.510134 -0.559873 4.633365
1 inf -8.980600 -0.152322 -0.964425 -1.854627 -1.361996 2.484249 -0.136929 2.525709 0.151128 -0.139257 2.920828 0.319999 10.986979 -1.483491 -0.483173 -0.553126 4.622008
1 inf -8.928502 -0.176177 -0.962035 -1.836873 -1.380960 2.510244 -0.124587 2.505633 0.147179 -0.129631 2.935669 0.308292 10.980034 -1.465478 -0.465746 -0.543404 4.602826
1 inf -8.935003 -0.170894 -0.978393 -1.881636 -1.391287 2.463185 -0.139681 2.517995 0.114709 -0.131619 2.961155 0.308325 10.983381 -1.478019 -0.469414 -0.579170 4.651814
1 inf -8.920277 -0.147016 -0.990821 -1.884975 -1.376374 2.444018 -0.107535 2.512061 0.166233 -0.119171 2.940983 0.302768 10.962475 -1.490645 -0.474628 -0.592342 4.653440
1 inf -8.977576 -0.143331 -0.990262 -1.887392 -1.359260 2.446799 -0.138572 2.498386 0.168317 -0.122725 2.927983 0.320499 10.966513 -1.468351 -0.470492 -0.627605 4.657467
1 inf -8.976696 -0.147504 -0.977234 -1.909638 -1.339125 2.422287 -0.115491 2.484265 0.155677 -0.106562 2.913413 0.281910 10.931539 -1.444341 -0.463798 -0.609455 4.646406
1 inf -8.958600 -0.152861 -0.984755 -1.907010 -1.308238 2.423805 -0.085470 2.475996 0.153343 -0.096958 2.947545 0.285771 10.915403 -1.462385 -0.469351 -0.569217 4.629097
1 inf -8.990843 -0.188468 -0.961363 -1.926861 -1.309082 2.404957 -0.086685 2.487391 0.150907 -0.097665 2.963435 0.283650 10.926848 -1.455980 -0.516302 -0.602193 4.619245
1 inf -9.002509 -0.149115 -0.936286 -1.909329 -1.340392 2.371312 -0.065154 2.504922 0.166849 -0.115199 2.985268 0.264937 10.891993 -1.480793 -0.513262 -0.569514 4.593509
1 inf -8.967295 -0.104362 -0.968693 -1.934088 -1.386938 2.330665 -0.064540 2.516949 0.169083 -0.139750 2.990233 0.275331 10.897016 -1.442874 -0.513545 -0.528644 4.573099
1 inf -8.977343 -0.084938 -0.951819 -1.916670 -1.411973 2.357413 -0.066542 2.491612 0.186635 -0.137587 2.977381 0.288955 10.923357 -1.435645 -0.488145 -0.527955 4.543534
1 inf -8.965159 -0.125540 -0.944504 -1.899762 -1.423058 2.366226 -0.053378 2.468539 0.152689 -0.127120 2.981346 0.270152 10.917213 -1.441460 -0.479170 -0.529093 4.554167
1 inf -8.999204 -0.094731 -0.945613 -1.930327 -1.399406 2.337355 -0.023987 2.455454 0.171343 -0.157956 2.966959 0.272162 10.872779 -1.431422 -0.460036 -0.581134 4.543011
1 inf -9.005926 -0.109401 -0.958444 -1.930419 -1.407887 2.344051 -0.026892 2.434436 0.149468 -0.176983 2.954111 0.279192 10.905058 -1.406550 -0.451808 -0.627962 4.542263
1 inf -8.988755 -0.098585 -0.958186 -1.955168 -1.393062 2.369662 0.040254 2.412529 0.148741 -0.182947 2.997655 0.264002 10.893793 -1.429506 -0.462291 -0.613939 4.507444
1 inf -8.965118 -0.121863 -0.932328 -1.935067 -1.366457 2.414024 0.040024 2.426526 0.193449 -0.197511 2.988282 0.292046 10.910484 -1.429111 -0.453977 -0.603648 4.502193
1 inf -9.002277 -0.123910 -0.924701 -1.947172 -1.360478 2.410083 0.025102 2.466861 0.192891 -0.219666 2.972493 0.289564 10.895759 -1.426984 -0.453979 -0.571091 4.514521
1 inf -9.018897 -0.110000 -0.913226 -1.938735 -1.360015 2.425596 0.002171 2.455349 0.190390 -0.228044 2.978722 0.301120 10.886121 -1.425175 -0.456338 -0.545134 4.498365
1 inf -9.012355 -0.112069 -0.923732 -1.930891 -1.356407 2.432075 -0.013194 2.427368 0.214265 -0.209691 2.992713 0.332497 10.889859 -1.421340 -0.480216 -0.586515 4.501684
1 inf -9.018006 -0.137065 -0.917938 -1.936240 -1.332729 2.394721 -0.018063 2.377097 0.265146 -0.199807 2.938186 0.285378 10.900448 -1.446300 -0.454856 -0.606085 4.498123
1 inf -9.016081 -0.155699 -0.941320 -1.918764 -1.300549 2.394797 -0.035381 2.367275 0.266963 -0.175551 2.978701 0.306378 10.892662 -1.427724 -0.430422 -0.629775 4.497752
1 inf -9.012476 -0.161153 -0.944213 -1.963467 -1.301768 2.360383 -0.042155 2.372887 0.265413 -0.188681 2.979340 0.314717 10.872019 -1.427984 -0.419819 -0.609325 4.519127
1 inf -9.015060 -0.168516 -0.936370 -1.957381 -1.270978 2.369939 -0.062771 2.333733 0.260179 -0.152007 2.985124 0.297621 10.862228 -1.405909 -0.424013 -0.614513 4.521754
1 inf -9.003879 -0.166087 -0.990138 -1.947036 -1.265461 2.383578 -0.057203 2.341814 0.257571 -0.116934 2.959953 0.276721 10.858359 -1.387033 -0.461794 -0.634131 4.521826
1 inf -8.976597 -0.168187 -0.978746 -1.921927 -1.266211 2.393396 -0.057886 2.321795 0.279181 -0.130792 2.979182 0.246379 10.854724 -1.374803 -0.486346 -0.627101 4.517164
1 inf -8.966159 -0.143476 -0.968798 -1.955625 -1.254344 2.427700 -0.039653 2.343469 0.269109 -0.117515 2.990585 0.259582 10.844024 -1.375069 -0.485602 -0.625715 4.538115
1 inf -9.003362 -0.107137 -0.961429 -1.986264 -1.269215 2.431329 -0.009852 2.332759 0.252999 -0.072393 2.968653 0.243369 10.877520 -1.373612 -0.497893 -0.632646 4.528199
1 inf -9.022140 -0.090296 -0.968457 -1.980768 -1.265197 2.437071 -0.014877 2.305551 0.230440 -0.063513 2.973245 0.241511 10.867227 -1.355871 -0.506905 -0.628371 4.556783
1 inf -9.024570 -0.082856 -0.958168 -1.965691 -1.284478 2.439361 -0.018016 2.280095 0.270279 -0.009736 2.982649 0.221336 10.864241 -1.380805 -0.525022 -0.639211 4.567344
1 inf -9.020783 -0.072528 -0.965683 -1.953557 -1.293985 2.459125 -0.014818 2.306978 0.251343 0.000743 2.994417 0.166079 10.879795 -1.418678 -0.532885 -0.658128 4.608367
1 inf -9.024509 -0.078683 -0.951370 -1.941842 -1.267872 2.467565 -0.023169 2.314696 0.226231 -0.008964 2.988118 0.172489 10.868217 -1.423335 -0.519055 -0.668927 4.608808
1 inf -9.027822 -0.075313 -0.957445 -1.962574 -1.277596 2.460231 -0.030268 2.336459 0.252267 0.010296 2.962380 0.163541 10.892713 -1.416799 -0.532312 -0.711772 4.601378
1 inf -9.017385 -0.071910 -0.973661 -1.961445 -1.282840 2.464887 -0.018912 2.314094 0.266998 0.044345 2.974036 0.145788 10.895208 -1.397980 -0.528932 -0.674271 4.615207
1 inf -8.993202 -0.084741 -0.960417 -1.949000 -1.309983 2.439263 -0.001841 2.343612 0.270870 0.039904 2.942162 0.115763 10.906546 -1.386298 -0.526701 -0.663920 4.632841
1 inf -8.964854 -0.082538 -0.991284 -1.899727 -1.258410 2.419030 0.007514 2.321684 0.273519 0.042374 2.959079 0.106709 10.928427 -1.408439 -0.507422 -0.683861 4.619732
1 inf -8.942583 -0.101837 -0.975504 -1.890644 -1.227760 2.474297 -0.004759 2.326954 0.251495 0.000281 2.980744 0.109443 10.937417 -1.427735 -0.509132 -0.705480 4.599361
1 inf -8.918488 -0.106549 -0.999454 -1.884184 -1.217831 2.471461 -0.016509 2.332975 0.205205 0.004296 2.960653 0.121534 10.934077 -1.408745 -0.542381 -0.695289 4.588241
1 inf -8.895423 -0.076770 -0.983200 -1.881000 -1.192288 2.503314 0.003338 2.346985 0.207873 0.029363 2.951996 0.113213 10.887306 -1.358709 -0.542033 -0.664685 4.619181
1 inf -8.890582 -0.075280 -0.983269 -1.877883 -1.181130 2.509019 0.052031 2.368644 0.240175 0.035346 2.969200 0.080809 10.893778 -1.336978 -0.546574 -0.688306 4.572683
1 inf -8.900366 -0.071507 -0.978315 -1.857060 -1.181205 2.491534 0.059212 2.408220 0.214625 0.052885 2.957027 0.021648 10.949784 -1.320445 -0.559796 -0.682174 4.556352
1 inf -8.953882 -0.058333 -0.971417 -1.894241 -1.126616 2.511312 0.049961 2.431194 0.187620 0.028347 2.934231 0.026512 10.956889 -1.332628 -0.534414 -0.640783 4.581688
1 inf -8.941892 -0.079408 -0.987270 -1.929971 -1.150445 2.513302 0.057653 2.467203 0.192737 0.015565 2.944987 0.008340 10.975025 -1.337189 -0.552930 -0.646337 4.622722
1 inf -8.913563 -0.074096 -0.990811 -1.915332 -1.148440 2.515925 0.056472 2.482476 0.196815 0.008285 2.928616 -0.030948 10.967974 -1.275712 -0.575163 -0.672412 4.627857
1 inf -8.907213 -0.079454 -0.995535 -1.916660 -1.125268 2.516006 0.059063 2.485999 0.173923 -0.016462 2.914237 -0.019665 10.974825 -1.278219 -0.559123 -0.659005 4.634836
1 inf -8.919377 -0.072975 -0.950642 -1.931751 -1.100784 2.451041 0.076588 2.508885 0.160061 -0.006743 2.924001 -0.056790 10.949566 -1.291679 -0.555183 -0.635812 4.643997
1 inf -8.937330 -0.056400 -0.958479 -1.956586 -1.107117 2.431636 0.072076 2.492551 0.153632 -0.018198 2.924309 -0.078828 10.968316 -1.271868 -0.591306 -0.631834 4.622601
1 inf -8.927177 -0.072678 -0.990625 -1.919550 -1.130299 2.463575 0.082658 2.474271 0.146287 -0.031706 2.916152 -0.062214 10.947442 -1.273718 -0.612391 -0.665945 4.600423
1 inf -8.917657 -0.074462 -0.992237 -1.883465 -1.109240 2.450576 0.085749 2.453013 0.142900 0.003448 2.854433 -0.031499 10.911804 -1.235527 -0.621782 -0.657049 4.591006
1 inf -8.916050 -0.098267 -0.991044 -1.841030 -1.128142 2.464317 0.088241 2.462783 0.091786 0.025652 2.832761 -0.004716 10.908048 -1.251737 -0.606447 -0.606862 4.608547
1 inf -8.923544 -0.100520 -0.991144 -1.834210 -1.120318 2.470295 0.125983 2.452578 0.068203 0.013646 2.839417 -0.039493 10.919984 -1.225442 -0.594838 -0.599539 4.634216
1 inf -8.930497 -0.104633 -0.996464 -1.816764 -1.120643 2.470656 0.120844 2.460429 0.076017 -0.018679 2.835997 -0.030656 10.887953 -1.239416 -0.622431 -0.594681 4.609684
1 inf -8.944288 -0.091603 -0.965805 -1.812716 -1.089282 2.437005 0.170788 2.470710 0.090290 -0.040068 2.848868 -0.024271 10.891259 -1.237053 -0.622873 -0.614552 4.577723
1 inf -8.942848 -0.091999 -0.933642 -1.814696 -1.048144 2.466360 0.147505 2.461601 0.083837 -0.032901 2.848391 -0.025655 10.866656 -1.223361 -0.619800 -0.623802 4.589486
1 inf -8.907232 -0.099687 -0.924918 -1.797383 -1.064402 2.489913 0.148334 2.471297 0.107179 -0.008474 2.797764 -0.014773 10.910402 -1.214548 -0.578578 -0.598490 4.575728
1 inf -8.920916 -0.095666 -0.927051 -1.790050 -1.048927 2.487226 0.152917 2.460729 0.064783 -0.012995 2.752740 -0.013594 10.882189 -1.210823 -0.544898 -0.549814 4.588579
1 inf -8.961707 -0.051499 -0.934086 -1.793163 -1.050814 2.467189 0.143605 2.457665 0.052037 0.000569 2.749711 0.015987 10.896332 -1.257248 -0.529662 -0.571903 4.597108
1 inf -8.960452 -0.068230 -0.974437 -1.790476 -1.069728 2.461978 0.160618 2.444994 0.024608 0.018395 2.770191 0.002837 10.945080 -1.267643 -0.496709 -0.533454 4.606554
1 inf -8.968868 -0.056971 -0.972244 -1.768506 -1.106414 2.463210 0.138670 2.447888 0.008735 0.026693 2.767405 0.024498 10.966840 -1.305897 -0.499800 -0.519706 4.587438
1 inf -8.971054 -0.037009 -0.987363 -1.798718 -1.113654 2.428764 0.126026 2.427894 0.047003 0.055861 2.773317 0.017333 10.944820 -1.342196 -0.507986 -0.490752 4.600946
1 inf -8.963501 -0.051057 -0.970168 -1.819879 -1.179741 2.439609 0.124625 2.405634 0.004733 0.039056 2.755945 0.038153 10.928080 -1.361126 -0.534684 -0.508607 4.593059
1 inf -8.982545 -0.044519 -0.967751 -1.819962 -1.174220 2.449288 0.124932 2.391939 0.010691 0.041102 2.773423 0.005063 10.918616 -1.379412 -0.548802 -0.499039 4.648088
1 inf -8.982490 -0.046551 -0.970030 -1.798774 -1.188394 2.445104 0.158226 2.393029 0.034445 0.062694 2.816703 -0.015579 10.947809 -1.381971 -0.526348 -0.480422 4.659384
1 inf -8.971548 -0.037846 -0.962011 -1.812849 -1.189588 2.441635 0.129127 2.425832 0.058088 0.096419 2.820335 -0.009939 10.951524 -1.377154 -0.487199 -0.434758 4.636323
1 inf -9.002366 -0.020535 -0.975243 -1.800049 -1.182681 2.427141 0.131002 2.437830 0.069837 0.131539 2.772951 -0.010470 10.925695 -1.399078 -0.449267 -0.432727 4.690768
1 inf -9.024657 -0.033692 -0.971315 -1.808543 -1.212438 2.427227 0.160773 2.441425 0.029228 0.106330 2.782910 -0.037082 10.966208 -1.409673 -0.441678 -0.416530 4.691885
1 inf -9.022099 -0.021778 -0.995535 -1.862126 -1.230172 2.432522 0.149459 2.412477 0.036708 0.082602 2.767909 -0.036381 10.994498 -1.386285 -0.452967 -0.420244 4.673425
1 inf -8.990442 -0.011055 -0.977096 -1.883132 -1.244351 2.443620 0.137795 2.448890 0.054016 0.090811 2.760248 -0.024482 10.984983 -1.396792 -0.485410 -0.409228 4.666114
1 inf -8.899083 -0.022192 -0.940888 -1.902192 -1.236013 2.414347 0.107766 2.435808 0.040223 0.076757 2.783661 -0.003108 10.975008 -1.396000 -0.501720 -0.397560 4.677035
1 inf -8.877999 -0.048630 -0.918362 -1.880384 -1.238290 2.434726 0.105731 2.455327 0.034591 0.080590 2.768010 0.006377 10.970780 -1.422572 -0.540569 -0.412278 4.677154
1 inf -8.853848 -0.083295 -0.928784 -1.866702 -1.262419 2.426647 0.084290 2.459518 0.008998 0.074808 2.768272 0.014381 10.972550 -1.416016 -0.580867 -0.438350 4.687920
1 inf -8.844742 -0.072649 -0.919678 -1.850724 -1.260518 2.452863 0.074728 2.460933 -0.002176 0.053966 2.760855 0.037140 10.981588 -1.364648 -0.585907 -0.416364 4.694603
1 inf -8.881349 -0.077230 -0.923607 -1.891715 -1.267531 2.426308 0.038495 2.459638 -0.019734 0.032152 2.751964 0.045931 10.971266 -1.380708 -0.620320 -0.432151 4.637718
1 inf -8.878118 -0.096090 -0.934625 -1.877751 -1.266404 2.418268 0.075019 2.466113 -0.040346 0.017360 2.754743 0.057267 10.987220 -1.384635 -0.621547 -0.435249 4.629194
1 inf -8.867624 -0.106501 -0.904214 -1.867947 -1.291120 2.383243 0.090582 2.468293 -0.073857 0.022279 2.753991 0.059227 10.999457 -1.362356 -0.604206 -0.409220 4.611672
1 inf -8.874811 -0.093398 -0.893696 -1.911562 -1.272418 2.372937 0.097267 2.455876 -0.069094 0.023108 2.752486 0.030549 11.006426 -1.387666 -0.538644 -0.432379 4.593330
1 inf -8.883939 -0.132060 -0.905467 -1.910299 -1.262348 2.379093 0.122580 2.455449 -0.089357 0.021402 2.739326 0.043490 10.946328 -1.387675 -0.555986 -0.418186 4.587692
1 inf -8.879527 -0.132935 -0.888398 -1.932099 -1.319928 2.387552 0.164536 2.479615 -0.109652 0.011264 2.730784 0.004405 10.957464 -1.402683 -0.561345 -0.443040 4.598933
1 inf -8.888125 -0.091524 -0.856905 -1.939906 -1.297689 2.403840 0.184300 2.482462 -0.106611 0.022013 2.724726 -0.001699 10.946366 -1.388401 -0.550925 -0.442692 4.563484
1 inf -8.920662 -0.081545 -0.887953 -1.969074 -1.253651 2.371983 0.130857 2.478930 -0.129683 0.027828 2.744616 0.013119 10.968100 -1.376729 -0.535271 -0.399899 4.563446
1 inf -8.905089 -0.057895 -0.921562 -1.977182 -1.259934 2.387830 0.121701 2.489499 -0.147555 0.047887 2.786866 0.053987 10.980903 -1.354688 -0.526724 -0.398966 4.547176
1 inf -8.914350 -0.044623 -0.945842 -1.982197 -1.223036 2.400884 0.121712 2.515253 -0.162603 0.089746 2.782552 0.039044 10.945461 -1.321989 -0.534836 -0.395332 4.557378
1 inf -8.909342 -0.030633 -0.929750 -2.014748 -1.201723 2.397979 0.089186 2.526099 -0.176702 0.063842 2.796255 0.059981 10.963613 -1.352832 -0.554076 -0.368373 4.576015
1 inf -8.901713 -0.062330 -0.903688 -2.024254 -1.199858 2.384842 0.124025 2.526580 -0.182546 0.081293 2.773050 0.065532 10.967928 -1.354824 -0.576457 -0.357704 4.599408
1 inf -8.882385 -0.026378 -0.921864 -2.017170 -1.193108 2.407440 0.122059 2.518154 -0.214116 0.046210 2.776599 0.056730 10.945713 -1.350228 -0.600608 -0.348697 4.608595
1 inf -8.881077 -0.008439 -0.915738 -2.054006 -1.216419 2.441175 0.147416 2.506820 -0.242189 0.038278 2.787062 0.048478 10.927676 -1.346821 -0.589012 -0.359834 4.594126
1 inf -8.888052 -0.027827 -0.890450 -2.036951 -1.188375 2.435200 0.182974 2.505185 -0.211953 0.020777 2.822728 0.086226 10.925173 -1.380832 -0.601292 -0.356770 4.551515
1 inf -8.896685 -0.016910 -0.874406 -2.029978 -1.218225 2.436857 0.216156 2.481998 -0.168453 0.013049 2.851440 0.092549 10.896421 -1.404524 -0.600904 -0.362701 4.563216
1 inf -8.877613 -0.046828 -0.873973 -2.014930 -1.193875 2.474248 0.234456 2.497549 -0.205414 -0.021072 2.874315 0.123699 10.890968 -1.401690 -0.604940 -0.367022 4.539545
1 inf -8.900220 -0.064970 -0.892948 -2.047044 -1.222102 2.475125 0.208685 2.511529 -0.223864 -0.015589 2.881687 0.123337 10.903987 -1.412382 -0.595969 -0.390983 4.515171
1 inf -8.939870 -0.087112 -0.889103 -2.045194 -1.224745 2.478124 0.189680 2.504919 -0.232561 -0.005654 2.866924 0.113346 10.917488 -1.398885 -0.594887 -0.418787 4.509931
1 inf -8.932511 -0.066758 -0.835203 -2.032483 -1.260826 2.452150 0.168859 2.507182 -0.185094 -0.016205 2.865679 0.090298 10.904595 -1.403416 -0.609344 -0.425969 4.477065
1 inf -8.939913 -0.095227 -0.843206 -2.005852 -1.259523 2.409011 0.160426 2.521215 -0.200859 0.001784 2.848900 0.122348 10.887571 -1.408800 -0.623492 -0.420004 4.472354
1 inf -8.929482 -0.106319 -0.851047 -1.979378 -1.266154 2.432331 0.141476 2.501944 -0.203472 -0.018268 2.846251 0.117680 10.865303 -1.404445 -0.646640 -0.427343 4.483372
1 inf -8.959221 -0.088250 -0.842431 -1.971627 -1.250342 2.393326 0.152631 2.477958 -0.206987 -0.025494 2.850961 0.114486 10.873254 -1.362665 -0.668186 -0.445226 4.443038
1 inf -8.927899 -0.106975 -0.851874 -1.948273 -1.244079 2.393094 0.132902 2.472012 -0.216351 -0.004792 2.825575 0.146973 10.905686 -1.393754 -0.676252 -0.501427 4.454722
1 inf -8.886749 -0.127772 -0.862991 -1.931022 -1.236542 2.341404 0.128413 2.468731 -0.227597 -0.026475 2.863805 0.161652 10.916586 -1.428212 -0.681595 -0.473746 4.469497
1 inf -8.886080 -0.133531 -0.849207 -1.959958 -1.213774 2.340540 0.139939 2.491479 -0.217837 -0.018515 2.869317 0.139982 10.950456 -1.466910 -0.702111 -0.481762 4.514963
1 inf -8.871575 -0.094467 -0.862856 -1.984271 -1.212455 2.351589 0.125654 2.473743 -0.218591 -0.004423 2.873122 0.129805 10.955919 -1.436644 -0.718055 -0.467442 4.516936
1 inf -8.865462 -0.105612 -0.845667 -1.960922 -1.257060 2.341806 0.140992 2.472460 -0.186641 0.009235 2.849798 0.099308 10.967550 -1.462598 -0.723918 -0.504296 4.487529
1 inf -8.866660 -0.059602 -0.813558 -1.977119 -1.234338 2.323273 0.104301 2.463980 -0.188976 -0.009118 2.859362 0.135965 10.983837 -1.495100 -0.719785 -0.492948 4.463448
1 inf -8.882010 -0.055712 -0.806697 -1.962123 -1.222550 2.307872 0.097856 2.457941 -0.168636 0.018188 2.867043 0.153766 10.937283 -1.461226 -0.700564 -0.487194 4.448656
1 inf -8.875855 -0.038042 -0.777831 -1.964387 -1.226520 2.287499 0.085197 2.448625 -0.116801 0.021761 2.885665 0.148190 10.962448 -1.472214 -0.705069 -0.431097 4.485815
1 inf -8.866053 -0.012497 -0.748990 -1.920576 -1.221564 2.310941 0.116333 2.455840 -0.132039 0.016429 2.863916 0.141136 10.945143 -1.470586 -0.735577 -0.438482 4.471379
1 inf -8.861477 -0.028825 -0.764187 -1.920176 -1.233233 2.327800 0.124836 2.478255 -0.158055 0.044272 2.847129 0.141160 10.994204 -1.515746 -0.757195 -0.456047 4.493253
1 inf -8.865526 -0.017259 -0.782159 -1.892323 -1.182218 2.307644 0.133519 2.469476 -0.178485 0.068747 2.837037 0.133642 10.973979 -1.517520 -0.739036 -0.458406 4.500330
1 inf -8.893641 -0.055201 -0.780618 -1.868740 -1.142485 2.338733 0.157426 2.490806 -0.162292 0.085724 2.862574 0.119433 11.016069 -1.547627 -0.744349 -0.447455 4.519504
1 inf -8.891423 -0.120990 -0.775240 -1.867216 -1.153897 2.337892 0.140948 2.473738 -0.168648 0.059122 2.855088 0.097958 11.017687 -1.536609 -0.773263 -0.438841 4.510445
1 inf -8.906837 -0.142661 -0.765727 -1.856517 -1.144544 2.341646 0.139703 2.499428 -0.179518 0.018170 2.821392 0.067374 11.035794 -1.548106 -0.789758 -0.448041 4.505816
1 inf -8.895096 -0.115246 -0.811189 -1.845587 -1.176270 2.332112 0.082981 2.490691 -0.162906 0.020306 2.777820 0.047598 11.024706 -1.531395 -0.809890 -0.454248 4.495224
1 inf -8.966204 -0.170206 -0.790336 -1.809143 -1.148848 2.315775 0.083065 2.470546 -0.163600 0.037757 2.774974 0.013447 10.978804 -1.482730 -0.809815 -0.465874 4.512201
1 inf -8.947807 -0.202834 -0.791143 -1.780299 -1.178207 2.339266 0.057427 2.475102 -0.157232 0.004388 2.809793 0.036130 10.945651 -1.496042 -0.817743 -0.461696 4.521577
1 inf -8.953538 -0.202449 -0.799661 -1.749559 -1.194348 2.336964 0.053258 2.497927 -0.164432 0.030101 2.853395 0.007657 10.973028 -1.481941 -0.847184 -0.469378 4.499942
1 inf -8.937550 -0.201843 -0.780790 -1.775037 -1.182215 2.352664 -0.003655 2.469169 -0.172449 0.024625 2.877040 0.032917 10.934551 -1.506011 -0.852686 -0.461360 4.465970
1 inf -8.938902 -0.218108 -0.759304 -1.723395 -1.180600 2.350272 -0.004738 2.454006 -0.133299 0.013423 2.846473 0.038738 10.934530 -1.518867 -0.829162 -0.493789 4.487018
1 inf -8.949365 -0.234564 -0.769377 -1.749081 -1.138969 2.297451 -0.005354 2.415216 -0.174141 0.032132 2.837790 0.033216 10.925199 -1.489098 -0.852607 -0.444530 4.454328
1 inf -8.944236 -0.208044 -0.766033 -1.720047 -1.121700 2.289619 -0.003350 2.394890 -0.149574 0.020158 2.824791 0.021561 10.937852 -1.491934 -0.864451 -0.476960 4.467011
1 inf -8.961330 -0.189819 -0.785714 -1.738821 -1.106470 2.269743 -0.002090 2.411448 -0.115917 0.042203 2.835955 0.068450 10.904785 -1.507972 -0.869992 -0.470925 4.452814
1 inf -8.971473 -0.196702 -0.786643 -1.781226 -1.110306 2.264717 0.011414 2.415162 -0.131348 0.039754 2.837968 0.083663 10.885031 -1.517185 -0.846810 -0.490938 4.482732
1 inf -8.941650 -0.151711 -0.787869 -1.780873 -1.125132 2.276489 0.048197 2.421920 -0.121940 0.060797 2.858038 0.081836 10.906887 -1.524144 -0.818627 -0.534534 4.536462
1 inf -8.937128 -0.178277 -0.809425 -1.793567 -1.115582 2.307571 0.049473 2.417719 -0.126228 0.090825 2.881262 0.056666 10.926847 -1.522519 -0.822936 -0.487372 4.551061
1 inf -8.917577 -0.169991 -0.796306 -1.787574 -1.134830 2.346334 0.012686 2.395031 -0.112495 0.098905 2.870916 0.083697 10.956238 -1.497468 -0.821539 -0.486295 4.550481
1 inf -8.906542 -0.193593 -0.811539 -1.780539 -1.163593 2.331518 0.015809 2.419957 -0.116030 0.108924 2.888864 0.087060 10.958221 -1.484652 -0.821157 -0.512034 4.562225
1 inf -8.886782 -0.220481 -0.807390 -1.772779 -1.147708 2.333144 0.003282 2.395131 -0.094093 0.090317 2.889648 0.098910 10.978511 -1.435504 -0.867933 -0.489227 4.542802
1 inf -8.905795 -0.205394 -0.801260 -1.752326 -1.136068 2.322339 -0.013150 2.417158 -0.097579 0.091336 2.858724 0.106866 11.029434 -1.412471 -0.861472 -0.455833 4.534665
1 inf -8.915869 -0.231906 -0.810305 -1.713945 -1.118299 2.340127 -0.011474 2.498972 -0.122653 0.063385 2.845333 0.105823 11.044208 -1.423075 -0.866538 -0.477869 4.564247
1 inf -8.916591 -0.237049 -0.817496 -1.706222 -1.099702 2.353153 0.000800 2.499826 -0.132454 0.075992 2.883367 0.110889 11.037009 -1.412434 -0.825647 -0.505262 4.601626
1 inf -8.911811 -0.241570 -0.817105 -1.677332 -1.123461 2.344915 -0.049955 2.498938 -0.109478 0.066606 2.896068 0.143064 11.034050 -1.401412 -0.786440 -0.522782 4.584030
1 inf -8.900306 -0.237022 -0.812831 -1.672117 -1.149109 2.335009 -0.047274 2.511333 -0.113552 0.047591 2.859953 0.105399 11.008935 -1.397342 -0.799861 -0.562090 4.573873
1 inf -8.903892 -0.253541 -0.820236 -1.690940 -1.138607 2.311289 -0.025157 2.529031 -0.126853 0.037694 2.855232 0.087597 11.041136 -1.379523 -0.802372 -0.556441 4.559164
1 inf -8.955489 -0.204913 -0.851206 -1.716735 -1.142787 2.299840 -0.000808 2.529804 -0.124648 0.008472 2.842216 0.073192 11.051098 -1.333596 -0.779597 -0.552680 4.566873
1 inf -8.965562 -0.246423 -0.835858 -1.724792 -1.151847 2.311265 0.010015 2.525006 -0.140485 0.029329 2.864196 0.093023 11.036377 -1.330785 -0.809703 -0.597374 4.551277
1 inf -8.942892 -0.228924 -0.824561 -1.720819 -1.137152 2.298552 -0.001268 2.536212 -0.143010 -0.015033 2.862026 0.062957 11.033363 -1.365282 -0.842080 -0.638824 4.558720
1 inf -8.919535 -0.227678 -0.853806 -1.717091 -1.145406 2.293637 0.017682 2.538342 -0.171654 -0.001413 2.865747 0.061981 10.992998 -1.382749 -0.863510 -0.669217 4.572236
1 inf -8.891187 -0.225475 -0.884673 -1.667818 -1.093833 2.273404 0.027037 2.516414 -0.169005 0.001057 2.882664 0.052927 11.014879 -1.404890 -0.844231 -0.689158 4.559127
1 inf -8.902116 -0.226770 -0.908506 -1.686546 -1.107183 2.266608 0.044216 2.530554 -0.148475 -0.009445 2.941714 0.037916 11.065845 -1.388649 -0.803864 -0.743013 4.554240
1 inf -8.887636 -0.272113 -0.901719 -1.695874 -1.083525 2.255646 0.023358 2.518180 -0.147912 -0.014579 2.946662 0.049215 11.103239 -1.377540 -0.821085 -0.769681 4.520606
1 inf -8.871016 -0.291082 -0.887863 -1.674563 -1.078686 2.265444 -0.005404 2.529859 -0.156089 0.007555 2.890075 0.072537 11.105531 -1.336859 -0.822136 -0.767060 4.514270
1 inf -8.908542 -0.326954 -0.894887 -1.722195 -1.086761 2.248042 0.010878 2.478349 -0.130335 0.024881 2.869121 0.111634 11.077668 -1.318564 -0.836347 -0.761662 4.512952
1 inf -8.891972 -0.368863 -0.857631 -1.698624 -1.086852 2.241744 0.012784 2.488113 -0.205353 0.006888 2.839245 0.061152 11.108616 -1.315276 -0.844632 -0.761458 4.518382
1 inf -8.876918 -0.323027 -0.856704 -1.682066 -1.096811 2.261798 -0.007273 2.468735 -0.200742 -0.023466 2.864312 0.088536 11.132457 -1.299963 -0.851371 -0.753552 4.503764
1 inf -8.877563 -0.320896 -0.881129 -1.671992 -1.096131 2.247994 0.007831 2.455048 -0.169315 -0.036112 2.876919 0.095690 11.109035 -1.330772 -0.892435 -0.765694 4.488728
1 inf -8.885013 -0.332632 -0.890475 -1.685573 -1.081605 2.252914 -0.029049 2.472588 -0.157550 -0.032450 2.850762 0.067819 11.163659 -1.348044 -0.907093 -0.739656 4.486920
1 inf -8.891017 -0.306968 -0.914091 -1.670516 -1.098974 2.272325 -0.038625 2.448078 -0.150413 -0.034481 2.840940 0.049909 11.167855 -1.322334 -0.901111 -0.770950 4.511342
1 inf -8.909423 -0.316887 -0.905475 -1.697281 -1.120725 2.276339 -0.032370 2.413604 -0.166105 -0.038744 2.842568 0.031282 11.177868 -1.305674 -0.894325 -0.801316 4.493658
1 inf -8.892817 -0.313477 -0.946127 -1.719460 -1.131888 2.287221 -0.025579 2.461144 -0.218187 -0.019527 2.827331 0.049898 11.151071 -1.273667 -0.874357 -0.806708 4.491417
1 inf -8.865339 -0.320224 -0.947316 -1.716285 -1.157684 2.304876 -0.019469 2.457738 -0.246512 -0.009847 2.813742 0.043226 11.143799 -1.249365 -0.821644 -0.786559 4.474686
1 inf -8.870777 -0.290862 -0.942939 -1.711116 -1.176893 2.316476 0.001733 2.484574 -0.245631 -0.027938 2.790450 0.012383 11.158377 -1.224995 -0.809711 -0.789983 4.445642
1 inf -8.859411 -0.318923 -0.927348 -1.719838 -1.146472 2.316516 -0.006900 2.471494 -0.235220 0.012814 2.776258 0.026180 11.168164 -1.213916 -0.807150 -0.802827 4.468490
1 inf -8.858246 -0.308784 -0.972182 -1.689761 -1.155776 2.326396 -0.020914 2.473852 -0.220903 0.027564 2.807979 0.050087 11.139922 -1.190213 -0.819029 -0.777326 4.441790
1 inf -8.811870 -0.297907 -0.970625 -1.694762 -1.171461 2.317625 -0.045906 2.425280 -0.248404 0.030361 2.854789 0.040553 11.171086 -1.168510 -0.802777 -0.775300 4.457330
1 inf -8.847025 -0.304520 -0.973098 -1.692318 -1.186047 2.293678 -0.073071 2.428777 -0.247658 0.027478 2.867364 0.033534 11.159209 -1.154692 -0.803345 -0.755785 4.444401
1 inf -8.855064 -0.329785 -0.946181 -1.680640 -1.226803 2.274810 -0.071992 2.397342 -0.239480 0.028323 2.856918 0.018519 11.188529 -1.190534 -0.784453 -0.754330 4.432850
1 inf -8.871382 -0.324966 -0.923183 -1.721833 -1.227732 2.289734 -0.072197 2.381323 -0.223020 0.003821 2.843616 0.006322 11.190369 -1.233429 -0.834106 -0.773240 4.431262
1 inf -8.899095 -0.329112 -0.919254 -1.676322 -1.237828 2.313693 -0.070028 2.398486 -0.237262 -0.012423 2.870434 0.012520 11.178775 -1.268420 -0.848855 -0.768755 4.444906
1 inf -8.882366 -0.329142 -0.923122 -1.673401 -1.232837 2.268192 -0.109673 2.406644 -0.240990 0.000679 2.872961 -0.039395 11.190402 -1.247768 -0.840979 -0.760926 4.418363
1 inf -8.882665 -0.317471 -0.923713 -1.678168 -1.219235 2.285111 -0.095334 2.388843 -0.276060 -0.015811 2.904652 -0.001217 11.236916 -1.244950 -0.830137 -0.771354 4.400609
1 inf -8.890392 -0.333283 -0.919598 -1.663012 -1.216238 2.291551 -0.126177 2.378586 -0.282957 0.024264 2.931641 -0.033066 11.232454 -1.243976 -0.823456 -0.764131 4.444189
1 inf -8.889004 -0.370958 -0.935034 -1.678596 -1.206705 2.294699 -0.138447 2.387322 -0.328010 0.017338 2.953412 -0.068171 11.242227 -1.252181 -0.805363 -0.786409 4.431607
1 inf -8.910256 -0.364152 -0.951312 -1.671739 -1.210303 2.319419 -0.153516 2.389716 -0.345887 0.006300 2.969142 -0.062081 11.249959 -1.241654 -0.804678 -0.774146 4.442388
1 inf -8.917920 -0.345389 -0.941410 -1.707919 -1.235265 2.321851 -0.180051 2.400201 -0.352359 0.016807 2.988717 -0.075380 11.231953 -1.211733 -0.826682 -0.806910 4.444455
1 inf -8.922691 -0.360662 -0.932886 -1.690012 -1.292413 2.329341 -0.164107 2.364290 -0.343557 -0.004311 2.981555 -0.095452 11.237759 -1.228529 -0.838123 -0.803109 4.440313
1 inf -8.932716 -0.381860 -0.934860 -1.723870 -1.325201 2.343790 -0.177824 2.362123 -0.361117 -0.013265 2.970190 -0.075373 11.254715 -1.258894 -0.825215 -0.800974 4.436477
1 inf -8.886958 -0.377007 -0.924458 -1.705966 -1.346968 2.355773 -0.179473 2.372351 -0.342935 0.004297 2.953715 -0.087861 11.288095 -1.252465 -0.867873 -0.766983 4.449105
1 inf -8.853850 -0.380374 -0.912902 -1.714555 -1.314797 2.353173 -0.192443 2.369549 -0.337872 0.002065 2.952127 -0.098375 11.256287 -1.249700 -0.880562 -0.781177 4.431377
1 inf -8.887468 -0.332860 -0.915800 -1.768858 -1.300318 2.333481 -0.199736 2.346040 -0.340640 0.006663 2.986730 -0.131141 11.259021 -1.248726 -0.877098 -0.776945 4.398201
1 inf -8.853601 -0.276919 -0.933552 -1.769478 -1.266249 2.329608 -0.205639 2.350663 -0.356573 0.040150 2.982943 -0.137823 11.269145 -1.219084 -0.871664 -0.813235 4.401306
1 inf -8.852679 -0.300543 -0.921816 -1.806919 -1.283258 2.312906 -0.161481 2.368055 -0.363026 0.024449 2.997852 -0.131829 11.332831 -1.215083 -0.813904 -0.817466 4.396427
1 inf -8.842671 -0.277640 -0.918782 -1.805637 -1.296371 2.310688 -0.199661 2.343697 -0.340117 0.006693 2.974410 -0.115184 11.316701 -1.252291 -0.818089 -0.809018 4.387032
1 inf -8.870731 -0.236101 -0.922217 -1.761447 -1.249421 2.295764 -0.220634 2.336187 -0.344744 0.013017 2.946073 -0.142467 11.314252 -1.221045 -0.828810 -0.797239 4.398340
1 inf -8.878754 -0.207240 -0.923720 -1.789737 -1.261198 2.260689 -0.217217 2.362269 -0.320461 0.023629 2.965497 -0.126971 11.297107 -1.226148 -0.807934 -0.809783 4.399433
1 inf -8.846874 -0.188828 -0.930649 -1.837982 -1.309619 2.253663 -0.226742 2.347464 -0.308067 0.035242 2.959265 -0.146717 11.303829 -1.211458 -0.821346 -0.796668 4.399776
1 inf -8.839098 -0.197720 -0.934939 -1.832028 -1.337007 2.255759 -0.206126 2.354404 -0.318854 0.013850 2.985975 -0.186027 11.332963 -1.248604 -0.805650 -0.745338 4.394684
1 inf -8.838957 -0.205081 -0.976781 -1.864000 -1.356624 2.263750 -0.252756 2.368912 -0.307461 0.020477 2.987324 -0.196494 11.348612 -1.249200 -0.799404 -0.753372 4.370989
1 inf -8.836773 -0.199884 -0.981062 -1.810337 -1.315194 2.225194 -0.250842 2.411064 -0.303777 0.018710 2.999694 -0.202072 11.327389 -1.243182 -0.793291 -0.767973 4.368262
1 inf -8.832096 -0.240463 -0.963760 -1.816560 -1.304454 2.199966 -0.248697 2.402733 -0.305596 0.043454 2.991620 -0.202792 11.349112 -1.252606 -0.787887 -0.790939 4.339098
1 inf -8.783342 -0.267705 -0.959820 -1.792655 -1.301159 2.204045 -0.242084 2.410970 -0.283350 0.063683 2.962899 -0.229682 11.353406 -1.264115 -0.825408 -0.792446 4.337748
1 inf -8.809231 -0.287646 -0.966596 -1.831113 -1.260613 2.235366 -0.250633 2.424921 -0.331757 0.103566 2.963795 -0.209899 11.362312 -1.273519 -0.826616 -0.844923 4.311703
1 inf -8.801859 -0.253762 -0.923864 -1.861181 -1.271531 2.210934 -0.244554 2.437637 -0.298191 0.059512 2.998875 -0.207094 11.355166 -1.243034 -0.802551 -0.840562 4.320401
1 inf -8.818129 -0.279215 -0.963117 -1.858833 -1.265914 2.222804 -0.257644 2.476157 -0.271386 0.075958 2.996114 -0.206571 11.349650 -1.194150 -0.814913 -0.817458 4.314616
1 inf -8.831199 -0.312144 -0.948876 -1.855840 -1.259828 2.223848 -0.202016 2.494129 -0.249180 0.109854 2.985308 -0.171364 11.357091 -1.193174 -0.811364 -0.845762 4.329299
1 inf -8.819855 -0.331720 -0.954999 -1.838646 -1.280644 2.199416 -0.227808 2.515700 -0.229274 0.109499 2.988314 -0.168636 11.348498 -1.182116 -0.822235 -0.859488 4.334800
1 inf -8.832535 -0.323810 -0.952191 -1.826566 -1.292723 2.176840 -0.224593 2.543418 -0.211226 0.140078 2.952707 -0.129376 11.335826 -1.175059 -0.799490 -0.860948 4.308982
1 inf -8.853626 -0.315025 -0.926550 -1.813517 -1.277375 2.164801 -0.221756 2.551635 -0.227968 0.178138 2.967831 -0.111712 11.338899 -1.171041 -0.798679 -0.848996 4.323918
1 inf -8.854915 -0.301277 -0.929072 -1.802082 -1.283893 2.207809 -0.206203 2.557878 -0.257553 0.169296 2.960582 -0.104091 11.342593 -1.211793 -0.799410 -0.828414 4.333829
1 inf -8.832571 -0.304656 -0.929769 -1.823895 -1.301998 2.208113 -0.244987 2.543050 -0.253784 0.150809 2.938365 -0.062036 11.320951 -1.212775 -0.797409 -0.860415 4.316915
1 inf -8.833173 -0.284414 -0.935566 -1.788757 -1.348909 2.231327 -0.241748 2.546747 -0.258645 0.118371 2.957580 -0.072526 11.305338 -1.206169 -0.823727 -0.856620 4.327103
1 inf -8.835858 -0.254812 -0.950620 -1.767687 -1.361969 2.221631 -0.260450 2.511340 -0.249795 0.084946 2.942659 -0.076746 11.303966 -1.203322 -0.849730 -0.815927 4.300458
1 inf -8.830137 -0.270369 -0.946496 -1.765491 -1.370272 2.195532 -0.251164 2.518145 -0.244593 0.083916 2.961244 -0.112759 11.297480 -1.231249 -0.829575 -0.809950 4.301469
1 inf -8.835261 -0.278096 -0.965079 -1.764159 -1.365972 2.203955 -0.244763 2.507072 -0.244664 0.061125 2.982962 -0.069004 11.326835 -1.232321 -0.843207 -0.773265 4.315219
1 inf -8.823055 -0.241303 -0.988291 -1.785725 -1.388695 2.226118 -0.238672 2.523125 -0.256430 0.088205 2.957153 -0.068335 11.314369 -1.204466 -0.859332 -0.754648 4.329968
1 inf -8.826204 -0.249083 -0.982428 -1.775989 -1.381978 2.216500 -0.232451 2.511542 -0.261497 0.129630 2.950243 -0.076819 11.288772 -1.255006 -0.858610 -0.751678 4.322947
1 inf -8.832978 -0.252813 -0.974276 -1.771457 -1.380456 2.214903 -0.271695 2.518058 -0.263525 0.100411 2.912877 -0.068899 11.299073 -1.228966 -0.844078 -0.757000 4.341741
1 inf -8.828487 -0.233534 -0.993842 -1.781143 -1.377697 2.222646 -0.279618 2.528638 -0.262871 0.054211 2.909124 -0.066846 11.294080 -1.213671 -0.819162 -0.723013 4.337828
1 inf -8.801160 -0.226152 -0.999393 -1.811620 -1.399445 2.233511 -0.251023 2.566447 -0.239522 0.063709 2.925307 -0.080933 11.317569 -1.210828 -0.824099 -0.751502 4.357114
1 inf -8.775940 -0.207335 -0.974405 -1.839580 -1.410812 2.261827 -0.257596 2.538783 -0.243276 0.092276 2.917763 -0.073164 11.322005 -1.181234 -0.829321 -0.754998 4.329325
1 inf -8.790088 -0.215851 -0.939338 -1.894318 -1.452280 2.236359 -0.290068 2.561185 -0.254004 0.094012 2.893762 -0.084054 11.317505 -1.201483 -0.799063 -0.783220 4.340945
1 inf -8.771959 -0.241629 -0.918782 -1.863300 -1.424121 2.215158 -0.300644 2.557491 -0.263442 0.110129 2.909177 -0.124351 11.282010 -1.176118 -0.812784 -0.775364 4.340240
1 inf -8.778587 -0.227047 -0.877773 -1.876548 -1.442536 2.232091 -0.258437 2.516115 -0.252935 0.059822 2.898995 -0.107325 11.265564 -1.215692 -0.780276 -0.760048 4.305348
1 inf -8.775389 -0.251743 -0.904375 -1.861028 -1.414889 2.224075 -0.212073 2.543901 -0.261109 0.053745 2.907749 -0.103923 11.244776 -1.224412 -0.742454 -0.795284 4.293216
1 inf -8.750267 -0.249228 -0.874700 -1.837221 -1.398425 2.230208 -0.197861 2.555328 -0.242709 0.069489 2.902121 -0.131027 11.241626 -1.211592 -0.736495 -0.810361 4.285438
1 inf -8.717218 -0.243805 -0.934644 -1.861300 -1.368455 2.223467 -0.176434 2.573699 -0.285743 0.074988 2.852291 -0.149038 11.245663 -1.223441 -0.743131 -0.805617 4.271602
1 inf -8.656755 -0.269249 -0.959830 -1.845711 -1.365108 2.231987 -0.164294 2.548755 -0.294674 0.061461 2.823002 -0.153197 11.233714 -1.228839 -0.709217 -0.777213 4.282615
1 inf -8.635882 -0.267353 -0.936763 -1.828113 -1.379488 2.205730 -0.160946 2.525628 -0.298483 0.034416 2.817912 -0.137362 11.242827 -1.214164 -0.703954 -0.798012 4.302056
1 inf -8.652055 -0.259996 -0.932731 -1.833237 -1.400334 2.192452 -0.176992 2.533703 -0.315748 0.082078 2.829335 -0.099143 11.288362 -1.201244 -0.695419 -0.795454 4.258211
1 inf -8.668592 -0.276611 -0.922808 -1.860797 -1.394397 2.181069 -0.179030 2.574796 -0.317496 0.078469 2.859929 -0.102262 11.275202 -1.190802 -0.724301 -0.812781 4.253357
1 inf -8.670245 -0.275039 -0.923292 -1.902059 -1.420070 2.196284 -0.183533 2.560329 -0.334586 0.092002 2.838573 -0.115863 11.290458 -1.169890 -0.724390 -0.812956 4.219790
1 inf -8.665917 -0.244824 -0.840722 -1.873003 -1.461016 2.176103 -0.177114 2.563287 -0.330572 0.077803 2.847722 -0.129843 11.276667 -1.179864 -0.729909 -0.795338 4.217063
1 inf -8.665755 -0.229300 -0.861183 -1.878124 -1.435939 2.227555 -0.180310 2.543391 -0.282170 0.094658 2.848914 -0.094926 11.284761 -1.199080 -0.696374 -0.776480 4.180661
1 inf -8.649929 -0.194260 -0.856835 -1.892179 -1.430968 2.235580 -0.178766 2.587535 -0.264296 0.064474 2.857804 -0.055675 11.281451 -1.185528 -0.662286 -0.754862 4.153595
1 inf -8.676403 -0.198448 -0.836288 -1.861583 -1.432171 2.188565 -0.190576 2.594434 -0.272176 0.047375 2.886855 -0.006057 11.257312 -1.202657 -0.702884 -0.731225 4.163681
1 inf -8.676652 -0.199489 -0.867826 -1.825924 -1.439771 2.203066 -0.155094 2.593711 -0.303499 0.040978 2.882664 0.007992 11.247491 -1.177585 -0.667869 -0.742062 4.134512
1 inf -8.728467 -0.220609 -0.885642 -1.808546 -1.437210 2.206738 -0.148019 2.566876 -0.304762 0.020749 2.863992 -0.003930 11.179622 -1.168395 -0.651365 -0.760624 4.190648
1 inf -8.661441 -0.238670 -0.890391 -1.798398 -1.439028 2.213478 -0.165976 2.568610 -0.327445 0.042189 2.851525 -0.018258 11.228037 -1.173328 -0.665749 -0.782120 4.158387
1 inf -8.642299 -0.227195 -0.928235 -1.792865 -1.447165 2.217915 -0.141199 2.572041 -0.346007 0.039047 2.879326 0.013093 11.231751 -1.184191 -0.691376 -0.765734 4.179879
1 inf -8.661335 -0.214831 -0.916925 -1.795098 -1.432640 2.250075 -0.133693 2.584402 -0.329774 0.037081 2.876999 0.002338 11.207369 -1.193729 -0.677422 -0.775353 4.185433
1 inf -8.703848 -0.206791 -0.898997 -1.803156 -1.431576 2.271449 -0.117207 2.618121 -0.320319 0.037242 2.883240 0.004805 11.194100 -1.203526 -0.644757 -0.775960 4.207777
1 inf -8.712382 -0.212786 -0.925468 -1.812168 -1.431277 2.294875 -0.116001 2.616755 -0.302624 0.044083 2.920501 -0.005279 11.154648 -1.222155 -0.641249 -0.780124 4.198527
1 inf -8.729272 -0.205365 -0.953148 -1.819229 -1.447892 2.286532 -0.116123 2.603587 -0.310276 0.032313 2.938276 -0.000269 11.137363 -1.243384 -0.655793 -0.836334 4.207076
1 inf -8.734042 -0.209698 -0.918216 -1.829149 -1.488759 2.286531 -0.075895 2.618154 -0.280098 0.041993 2.923841 0.002332 11.137005 -1.251588 -0.598271 -0.810954 4.222150
1 inf -8.742237 -0.220609 -0.940898 -1.829337 -1.480873 2.277264 -0.066948 2.639999 -0.306749 0.079098 2.936775 0.033448 11.113443 -1.262861 -0.581525 -0.811027 4.194862
1 inf -8.738936 -0.247676 -0.924406 -1.835160 -1.523192 2.283140 -0.058808 2.618300 -0.342224 0.113603 2.860476 0.036279 11.122055 -1.263646 -0.554848 -0.823093 4.191790
1 inf -8.751540 -0.249644 -0.927762 -1.863379 -1.542952 2.289006 -0.090600 2.611027 -0.348034 0.109663 2.855435 0.050928 11.105323 -1.260932 -0.567195 -0.814225 4.215102
1 inf -8.763443 -0.227475 -0.925650 -1.834826 -1.548356 2.294300 -0.109752 2.579596 -0.332894 0.109847 2.829795 0.040075 11.102400 -1.274151 -0.535424 -0.882942 4.220208
1 inf -8.776066 -0.254943 -0.912348 -1.815729 -1.558537 2.311450 -0.146793 2.525175 -0.328921 0.121880 2.835616 0.046790 11.110669 -1.304139 -0.543996 -0.882940 4.202929
1 inf -8.747846 -0.221925 -0.900247 -1.829110 -1.582926 2.316739 -0.129045 2.535617 -0.332465 0.118423 2.843386 0.045707 11.109049 -1.251602 -0.524450 -0.899491 4.185533
1 inf -8.712140 -0.193586 -0.891307 -1.804411 -1.639170 2.318287 -0.112249 2.544626 -0.316520 0.137857 2.835662 0.031846 11.081818 -1.259192 -0.528254 -0.901306 4.190709
1 inf -8.706478 -0.196870 -0.922594 -1.796258 -1.645256 2.331624 -0.113397 2.532064 -0.317840 0.157669 2.825285 0.025793 11.117234 -1.260420 -0.518268 -0.915444 4.190942
1 inf -8.697746 -0.193086 -0.942134 -1.813921 -1.638366 2.333553 -0.119659 2.557362 -0.296065 0.162800 2.819975 0.011056 11.111436 -1.255275 -0.500026 -0.891871 4.176632
1 inf -8.696771 -0.165676 -0.943572 -1.797324 -1.700573 2.364244 -0.076400 2.565306 -0.307940 0.146207 2.840411 -0.014084 11.135290 -1.256743 -0.515374 -0.878129 4.217115
1 inf -8.712437 -0.177717 -0.960936 -1.794122 -1.727488 2.339155 -0.067130 2.545386 -0.339568 0.153917 2.811614 -0.025558 11.133717 -1.258504 -0.514101 -0.871909 4.185127
1 inf -8.659882 -0.170168 -0.968045 -1.810600 -1.762667 2.362276 -0.097208 2.558996 -0.350724 0.163105 2.749089 -0.066163 11.132614 -1.282915 -0.500330 -0.862768 4.177219
1 inf -8.613232 -0.148144 -0.994561 -1.839233 -1.791698 2.339099 -0.125412 2.550385 -0.397820 0.167979 2.716900 -0.085044 11.124773 -1.282698 -0.510695 -0.842594 4.168049
1 inf -8.618562 -0.158099 -0.979291 -1.858604 -1.783103 2.352614 -0.148451 2.614802 -0.408024 0.112093 2.711281 -0.059701 11.123978 -1.284294 -0.497420 -0.835813 4.160134
1 inf -8.611298 -0.173397 -0.989963 -1.817216 -1.822459 2.362859 -0.158331 2.598397 -0.437089 0.121098 2.741164 -0.091439 11.124982 -1.280344 -0.524741 -0.823846 4.131014
1 inf -8.607834 -0.143572 -0.984693 -1.837663 -1.834145 2.400795 -0.151467 2.588010 -0.461416 0.083030 2.750619 -0.073080 11.133024 -1.260138 -0.516604 -0.785300 4.160251
