1 94.632978 -8.321474 -0.392062 -0.657054 -2.962337 -1.984903 2.681450 0.025556 2.748357 0.420393 0.958201 2.681816 0.387355 10.276553 -0.454662 -0.549458 -0.675349 3.615277
1 84.176943 -8.368728 -0.365110 -0.668677 -2.958148 -1.959472 2.696726 0.075555 2.744966 0.437523 0.917501 2.667428 0.400850 10.264821 -0.451754 -0.529435 -0.685723 3.631658
1 84.176943 -8.368728 -0.365110 -0.668677 -2.958148 -1.959472 2.696726 0.075555 2.744966 0.437523 0.917501 2.667428 0.400850 10.264821 -0.451754 -0.529435 -0.685723 3.631658
1 80.857453 -8.389454 -0.414168 -0.664078 -2.952816 -1.968950 2.671696 0.081358 2.744596 0.411063 0.956059 2.603002 0.390254 10.246022 -0.416122 -0.529759 -0.682994 3.637139
1 78.719214 -8.428446 -0.455072 -0.664507 -2.965917 -1.959761 2.646288 0.047118 2.698872 0.444627 0.946780 2.624620 0.396387 10.237906 -0.405533 -0.532045 -0.700790 3.640845
1 78.719214 -8.428446 -0.455072 -0.664507 -2.965917 -1.959761 2.646288 0.047118 2.698872 0.444627 0.946780 2.624620 0.396387 10.237906 -0.405533 -0.532045 -0.700790 3.640845
1 78.719214 -8.428446 -0.455072 -0.664507 -2.965917 -1.959761 2.646288 0.047118 2.698872 0.444627 0.946780 2.624620 0.396387 10.237906 -0.405533 -0.532045 -0.700790 3.640845
1 78.719214 -8.428446 -0.455072 -0.664507 -2.965917 -1.959761 2.646288 0.047118 2.698872 0.444627 0.946780 2.624620 0.396387 10.237906 -0.405533 -0.532045 -0.700790 3.640845
1 78.719214 -8.428446 -0.455072 -0.664507 -2.965917 -1.959761 2.646288 0.047118 2.698872 0.444627 0.946780 2.624620 0.396387 10.237906 -0.405533 -0.532045 -0.700790 3.640845
1 78.719214 -8.428446 -0.455072 -0.664507 -2.965917 -1.959761 2.646288 0.047118 2.698872 0.444627 0.946780 2.624620 0.396387 10.237906 -0.405533 -0.532045 -0.700790 3.640845
1 79.624026 -8.401959 -0.480784 -0.687250 -2.975941 -1.960233 2.645656 0.028266 2.720312 0.437394 0.996044 2.640423 0.324884 10.230897 -0.451843 -0.514354 -0.689535 3.674935
1 79.624026 -8.401959 -0.480784 -0.687250 -2.975941 -1.960233 2.645656 0.028266 2.720312 0.437394 0.996044 2.640423 0.324884 10.230897 -0.451843 -0.514354 -0.689535 3.674935
1 79.624026 -8.401959 -0.480784 -0.687250 -2.975941 -1.960233 2.645656 0.028266 2.720312 0.437394 0.996044 2.640423 0.324884 10.230897 -0.451843 -0.514354 -0.689535 3.674935
1 79.624026 -8.401959 -0.480784 -0.687250 -2.975941 -1.960233 2.645656 0.028266 2.720312 0.437394 0.996044 2.640423 0.324884 10.230897 -0.451843 -0.514354 -0.689535 3.674935
1 79.624026 -8.401959 -0.480784 -0.687250 -2.975941 -1.960233 2.645656 0.028266 2.720312 0.437394 0.996044 2.640423 0.324884 10.230897 -0.451843 -0.514354 -0.689535 3.674935
1 78.943992 -8.401484 -0.469742 -0.668933 -2.970654 -1.962748 2.641751 0.049904 2.735618 0.411284 0.976979 2.627415 0.319646 10.225089 -0.461628 -0.514832 -0.711247 3.724207
1 78.943992 -8.401484 -0.469742 -0.668933 -2.970654 -1.962748 2.641751 0.049904 2.735618 0.411284 0.976979 2.627415 0.319646 10.225089 -0.461628 -0.514832 -0.711247 3.724207
1 77.516434 -8.375460 -0.432770 -0.674161 -2.967937 -1.952663 2.673347 0.108114 2.740809 0.404346 0.997049 2.669442 0.300112 10.244601 -0.483608 -0.516788 -0.689395 3.729716
1 77.516434 -8.375460 -0.432770 -0.674161 -2.967937 -1.952663 2.673347 0.108114 2.740809 0.404346 0.997049 2.669442 0.300112 10.244601 -0.483608 -0.516788 -0.689395 3.729716
1 77.516434 -8.375460 -0.432770 -0.674161 -2.967937 -1.952663 2.673347 0.108114 2.740809 0.404346 0.997049 2.669442 0.300112 10.244601 -0.483608 -0.516788 -0.689395 3.729716
1 77.516434 -8.375460 -0.432770 -0.674161 -2.967937 -1.952663 2.673347 0.108114 2.740809 0.404346 0.997049 2.669442 0.300112 10.244601 -0.483608 -0.516788 -0.689395 3.729716
1 73.252455 -8.386835 -0.448184 -0.683023 -2.948278 -1.948364 2.660863 0.114800 2.717968 0.435191 0.985905 2.650841 0.282488 10.232679 -0.495184 -0.537407 -0.723730 3.705566
1 73.252455 -8.386835 -0.448184 -0.683023 -2.948278 -1.948364 2.660863 0.114800 2.717968 0.435191 0.985905 2.650841 0.282488 10.232679 -0.495184 -0.537407 -0.723730 3.705566
1 73.252455 -8.386835 -0.448184 -0.683023 -2.948278 -1.948364 2.660863 0.114800 2.717968 0.435191 0.985905 2.650841 0.282488 10.232679 -0.495184 -0.537407 -0.723730 3.705566
1 73.252455 -8.386835 -0.448184 -0.683023 -2.948278 -1.948364 2.660863 0.114800 2.717968 0.435191 0.985905 2.650841 0.282488 10.232679 -0.495184 -0.537407 -0.723730 3.705566
1 73.252455 -8.386835 -0.448184 -0.683023 -2.948278 -1.948364 2.660863 0.114800 2.717968 0.435191 0.985905 2.650841 0.282488 10.232679 -0.495184 -0.537407 -0.723730 3.705566
1 73.252455 -8.386835 -0.448184 -0.683023 -2.948278 -1.948364 2.660863 0.114800 2.717968 0.435191 0.985905 2.650841 0.282488 10.232679 -0.495184 -0.537407 -0.723730 3.705566
1 73.252455 -8.386835 -0.448184 -0.683023 -2.948278 -1.948364 2.660863 0.114800 2.717968 0.435191 0.985905 2.650841 0.282488 10.232679 -0.495184 -0.537407 -0.723730 3.705566
1 73.252455 -8.386835 -0.448184 -0.683023 -2.948278 -1.948364 2.660863 0.114800 2.717968 0.435191 0.985905 2.650841 0.282488 10.232679 -0.495184 -0.537407 -0.723730 3.705566
1 73.252455 -8.386835 -0.448184 -0.683023 -2.948278 -1.948364 2.660863 0.114800 2.717968 0.435191 0.985905 2.650841 0.282488 10.232679 -0.495184 -0.537407 -0.723730 3.705566
1 73.252455 -8.386835 -0.448184 -0.683023 -2.948278 -1.948364 2.660863 0.114800 2.717968 0.435191 0.985905 2.650841 0.282488 10.232679 -0.495184 -0.537407 -0.723730 3.705566
1 73.252455 -8.386835 -0.448184 -0.683023 -2.948278 -1.948364 2.660863 0.114800 2.717968 0.435191 0.985905 2.650841 0.282488 10.232679 -0.495184 -0.537407 -0.723730 3.705566
1 73.252455 -8.386835 -0.448184 -0.683023 -2.948278 -1.948364 2.660863 0.114800 2.717968 0.435191 0.985905 2.650841 0.282488 10.232679 -0.495184 -0.537407 -0.723730 3.705566
1 73.252455 -8.386835 -0.448184 -0.683023 -2.948278 -1.948364 2.660863 0.114800 2.717968 0.435191 0.985905 2.650841 0.282488 10.232679 -0.495184 -0.537407 -0.723730 3.705566
1 73.252455 -8.386835 -0.448184 -0.683023 -2.948278 -1.948364 2.660863 0.114800 2.717968 0.435191 0.985905 2.650841 0.282488 10.232679 -0.495184 -0.537407 -0.723730 3.705566
1 73.252455 -8.386835 -0.448184 -0.683023 -2.948278 -1.948364 2.660863 0.114800 2.717968 0.435191 0.985905 2.650841 0.282488 10.232679 -0.495184 -0.537407 -0.723730 3.705566
1 72.990856 -8.424915 -0.433416 -0.686335 -2.952743 -1.944356 2.672292 0.104144 2.713511 0.434722 0.999625 2.669563 0.282026 10.174246 -0.475429 -0.576937 -0.732207 3.703279
1 72.990856 -8.424915 -0.433416 -0.686335 -2.952743 -1.944356 2.672292 0.104144 2.713511 0.434722 0.999625 2.669563 0.282026 10.174246 -0.475429 -0.576937 -0.732207 3.703279
1 72.990856 -8.424915 -0.433416 -0.686335 -2.952743 -1.944356 2.672292 0.104144 2.713511 0.434722 0.999625 2.669563 0.282026 10.174246 -0.475429 -0.576937 -0.732207 3.703279
1 72.990856 -8.424915 -0.433416 -0.686335 -2.952743 -1.944356 2.672292 0.104144 2.713511 0.434722 0.999625 2.669563 0.282026 10.174246 -0.475429 -0.576937 -0.732207 3.703279
1 72.990856 -8.424915 -0.433416 -0.686335 -2.952743 -1.944356 2.672292 0.104144 2.713511 0.434722 0.999625 2.669563 0.282026 10.174246 -0.475429 -0.576937 -0.732207 3.703279
1 72.990856 -8.424915 -0.433416 -0.686335 -2.952743 -1.944356 2.672292 0.104144 2.713511 0.434722 0.999625 2.669563 0.282026 10.174246 -0.475429 -0.576937 -0.732207 3.703279
1 72.990856 -8.424915 -0.433416 -0.686335 -2.952743 -1.944356 2.672292 0.104144 2.713511 0.434722 0.999625 2.669563 0.282026 10.174246 -0.475429 -0.576937 -0.732207 3.703279
1 72.990856 -8.424915 -0.433416 -0.686335 -2.952743 -1.944356 2.672292 0.104144 2.713511 0.434722 0.999625 2.669563 0.282026 10.174246 -0.475429 -0.576937 -0.732207 3.703279
1 72.990856 -8.424915 -0.433416 -0.686335 -2.952743 -1.944356 2.672292 0.104144 2.713511 0.434722 0.999625 2.669563 0.282026 10.174246 -0.475429 -0.576937 -0.732207 3.703279
1 72.990856 -8.424915 -0.433416 -0.686335 -2.952743 -1.944356 2.672292 0.104144 2.713511 0.434722 0.999625 2.669563 0.282026 10.174246 -0.475429 -0.576937 -0.732207 3.703279
1 72.990856 -8.424915 -0.433416 -0.686335 -2.952743 -1.944356 2.672292 0.104144 2.713511 0.434722 0.999625 2.669563 0.282026 10.174246 -0.475429 -0.576937 -0.732207 3.703279
1 72.990856 -8.424915 -0.433416 -0.686335 -2.952743 -1.944356 2.672292 0.104144 2.713511 0.434722 0.999625 2.669563 0.282026 10.174246 -0.475429 -0.576937 -0.732207 3.703279
1 72.990856 -8.424915 -0.433416 -0.686335 -2.952743 -1.944356 2.672292 0.104144 2.713511 0.434722 0.999625 2.669563 0.282026 10.174246 -0.475429 -0.576937 -0.732207 3.703279
1 72.990856 -8.424915 -0.433416 -0.686335 -2.952743 -1.944356 2.672292 0.104144 2.713511 0.434722 0.999625 2.669563 0.282026 10.174246 -0.475429 -0.576937 -0.732207 3.703279
1 72.990856 -8.424915 -0.433416 -0.686335 -2.952743 -1.944356 2.672292 0.104144 2.713511 0.434722 0.999625 2.669563 0.282026 10.174246 -0.475429 -0.576937 -0.732207 3.703279
1 72.990856 -8.424915 -0.433416 -0.686335 -2.952743 -1.944356 2.672292 0.104144 2.713511 0.434722 0.999625 2.669563 0.282026 10.174246 -0.475429 -0.576937 -0.732207 3.703279
1 71.180539 -8.478056 -0.444360 -0.712850 -2.958749 -1.953139 2.666648 0.086621 2.737873 0.419127 0.982267 2.705456 0.284859 10.187236 -0.523826 -0.565576 -0.726060 3.691469
1 71.180539 -8.478056 -0.444360 -0.712850 -2.958749 -1.953139 2.666648 0.086621 2.737873 0.419127 0.982267 2.705456 0.284859 10.187236 -0.523826 -0.565576 -0.726060 3.691469
1 71.180539 -8.478056 -0.444360 -0.712850 -2.958749 -1.953139 2.666648 0.086621 2.737873 0.419127 0.982267 2.705456 0.284859 10.187236 -0.523826 -0.565576 -0.726060 3.691469
1 71.180539 -8.478056 -0.444360 -0.712850 -2.958749 -1.953139 2.666648 0.086621 2.737873 0.419127 0.982267 2.705456 0.284859 10.187236 -0.523826 -0.565576 -0.726060 3.691469
1 71.180539 -8.478056 -0.444360 -0.712850 -2.958749 -1.953139 2.666648 0.086621 2.737873 0.419127 0.982267 2.705456 0.284859 10.187236 -0.523826 -0.565576 -0.726060 3.691469
1 71.180539 -8.478056 -0.444360 -0.712850 -2.958749 -1.953139 2.666648 0.086621 2.737873 0.419127 0.982267 2.705456 0.284859 10.187236 -0.523826 -0.565576 -0.726060 3.691469
1 71.180539 -8.478056 -0.444360 -0.712850 -2.958749 -1.953139 2.666648 0.086621 2.737873 0.419127 0.982267 2.705456 0.284859 10.187236 -0.523826 -0.565576 -0.726060 3.691469
1 71.180539 -8.478056 -0.444360 -0.712850 -2.958749 -1.953139 2.666648 0.086621 2.737873 0.419127 0.982267 2.705456 0.284859 10.187236 -0.523826 -0.565576 -0.726060 3.691469
1 71.180539 -8.478056 -0.444360 -0.712850 -2.958749 -1.953139 2.666648 0.086621 2.737873 0.419127 0.982267 2.705456 0.284859 10.187236 -0.523826 -0.565576 -0.726060 3.691469
1 71.180539 -8.478056 -0.444360 -0.712850 -2.958749 -1.953139 2.666648 0.086621 2.737873 0.419127 0.982267 2.705456 0.284859 10.187236 -0.523826 -0.565576 -0.726060 3.691469
1 71.180539 -8.478056 -0.444360 -0.712850 -2.958749 -1.953139 2.666648 0.086621 2.737873 0.419127 0.982267 2.705456 0.284859 10.187236 -0.523826 -0.565576 -0.726060 3.691469
1 71.180539 -8.478056 -0.444360 -0.712850 -2.958749 -1.953139 2.666648 0.086621 2.737873 0.419127 0.982267 2.705456 0.284859 10.187236 -0.523826 -0.565576 -0.726060 3.691469
1 71.180539 -8.478056 -0.444360 -0.712850 -2.958749 -1.953139 2.666648 0.086621 2.737873 0.419127 0.982267 2.705456 0.284859 10.187236 -0.523826 -0.565576 -0.726060 3.691469
1 71.180539 -8.478056 -0.444360 -0.712850 -2.958749 -1.953139 2.666648 0.086621 2.737873 0.419127 0.982267 2.705456 0.284859 10.187236 -0.523826 -0.565576 -0.726060 3.691469
1 71.180539 -8.478056 -0.444360 -0.712850 -2.958749 -1.953139 2.666648 0.086621 2.737873 0.419127 0.982267 2.705456 0.284859 10.187236 -0.523826 -0.565576 -0.726060 3.691469
1 71.180539 -8.478056 -0.444360 -0.712850 -2.958749 -1.953139 2.666648 0.086621 2.737873 0.419127 0.982267 2.705456 0.284859 10.187236 -0.523826 -0.565576 -0.726060 3.691469
1 71.180539 -8.478056 -0.444360 -0.712850 -2.958749 -1.953139 2.666648 0.086621 2.737873 0.419127 0.982267 2.705456 0.284859 10.187236 -0.523826 -0.565576 -0.726060 3.691469
1 71.180539 -8.478056 -0.444360 -0.712850 -2.958749 -1.953139 2.666648 0.086621 2.737873 0.419127 0.982267 2.705456 0.284859 10.187236 -0.523826 -0.565576 -0.726060 3.691469
1 71.180539 -8.478056 -0.444360 -0.712850 -2.958749 -1.953139 2.666648 0.086621 2.737873 0.419127 0.982267 2.705456 0.284859 10.187236 -0.523826 -0.565576 -0.726060 3.691469
1 71.180539 -8.478056 -0.444360 -0.712850 -2.958749 -1.953139 2.666648 0.086621 2.737873 0.419127 0.982267 2.705456 0.284859 10.187236 -0.523826 -0.565576 -0.726060 3.691469
1 71.180539 -8.478056 -0.444360 -0.712850 -2.958749 -1.953139 2.666648 0.086621 2.737873 0.419127 0.982267 2.705456 0.284859 10.187236 -0.523826 -0.565576 -0.726060 3.691469
1 71.180539 -8.478056 -0.444360 -0.712850 -2.958749 -1.953139 2.666648 0.086621 2.737873 0.419127 0.982267 2.705456 0.284859 10.187236 -0.523826 -0.565576 -0.726060 3.691469
1 71.180539 -8.478056 -0.444360 -0.712850 -2.958749 -1.953139 2.666648 0.086621 2.737873 0.419127 0.982267 2.705456 0.284859 10.187236 -0.523826 -0.565576 -0.726060 3.691469
1 71.180539 -8.478056 -0.444360 -0.712850 -2.958749 -1.953139 2.666648 0.086621 2.737873 0.419127 0.982267 2.705456 0.284859 10.187236 -0.523826 -0.565576 -0.726060 3.691469
1 71.180539 -8.478056 -0.444360 -0.712850 -2.958749 -1.953139 2.666648 0.086621 2.737873 0.419127 0.982267 2.705456 0.284859 10.187236 -0.523826 -0.565576 -0.726060 3.691469
1 71.180539 -8.478056 -0.444360 -0.712850 -2.958749 -1.953139 2.666648 0.086621 2.737873 0.419127 0.982267 2.705456 0.284859 10.187236 -0.523826 -0.565576 -0.726060 3.691469
1 71.180539 -8.478056 -0.444360 -0.712850 -2.958749 -1.953139 2.666648 0.086621 2.737873 0.419127 0.982267 2.705456 0.284859 10.187236 -0.523826 -0.565576 -0.726060 3.691469
1 71.180539 -8.478056 -0.444360 -0.712850 -2.958749 -1.953139 2.666648 0.086621 2.737873 0.419127 0.982267 2.705456 0.284859 10.187236 -0.523826 -0.565576 -0.726060 3.691469
1 71.180539 -8.478056 -0.444360 -0.712850 -2.958749 -1.953139 2.666648 0.086621 2.737873 0.419127 0.982267 2.705456 0.284859 10.187236 -0.523826 -0.565576 -0.726060 3.691469
1 71.180539 -8.478056 -0.444360 -0.712850 -2.958749 -1.953139 2.666648 0.086621 2.737873 0.419127 0.982267 2.705456 0.284859 10.187236 -0.523826 -0.565576 -0.726060 3.691469
1 71.180539 -8.478056 -0.444360 -0.712850 -2.958749 -1.953139 2.666648 0.086621 2.737873 0.419127 0.982267 2.705456 0.284859 10.187236 -0.523826 -0.565576 -0.726060 3.691469
1 71.180539 -8.478056 -0.444360 -0.712850 -2.958749 -1.953139 2.666648 0.086621 2.737873 0.419127 0.982267 2.705456 0.284859 10.187236 -0.523826 -0.565576 -0.726060 3.691469
1 71.180539 -8.478056 -0.444360 -0.712850 -2.958749 -1.953139 2.666648 0.086621 2.737873 0.419127 0.982267 2.705456 0.284859 10.187236 -0.523826 -0.565576 -0.726060 3.691469
1 71.180539 -8.478056 -0.444360 -0.712850 -2.958749 -1.953139 2.666648 0.086621 2.737873 0.419127 0.982267 2.705456 0.284859 10.187236 -0.523826 -0.565576 -0.726060 3.691469
1 71.180539 -8.478056 -0.444360 -0.712850 -2.958749 -1.953139 2.666648 0.086621 2.737873 0.419127 0.982267 2.705456 0.284859 10.187236 -0.523826 -0.565576 -0.726060 3.691469
1 71.180539 -8.478056 -0.444360 -0.712850 -2.958749 -1.953139 2.666648 0.086621 2.737873 0.419127 0.982267 2.705456 0.284859 10.187236 -0.523826 -0.565576 -0.726060 3.691469
1 71.180539 -8.478056 -0.444360 -0.712850 -2.958749 -1.953139 2.666648 0.086621 2.737873 0.419127 0.982267 2.705456 0.284859 10.187236 -0.523826 -0.565576 -0.726060 3.691469
1 71.180539 -8.478056 -0.444360 -0.712850 -2.958749 -1.953139 2.666648 0.086621 2.737873 0.419127 0.982267 2.705456 0.284859 10.187236 -0.523826 -0.565576 -0.726060 3.691469
1 71.180539 -8.478056 -0.444360 -0.712850 -2.958749 -1.953139 2.666648 0.086621 2.737873 0.419127 0.982267 2.705456 0.284859 10.187236 -0.523826 -0.565576 -0.726060 3.691469
1 71.180539 -8.478056 -0.444360 -0.712850 -2.958749 -1.953139 2.666648 0.086621 2.737873 0.419127 0.982267 2.705456 0.284859 10.187236 -0.523826 -0.565576 -0.726060 3.691469
1 71.180539 -8.478056 -0.444360 -0.712850 -2.958749 -1.953139 2.666648 0.086621 2.737873 0.419127 0.982267 2.705456 0.284859 10.187236 -0.523826 -0.565576 -0.726060 3.691469
1 71.180539 -8.478056 -0.444360 -0.712850 -2.958749 -1.953139 2.666648 0.086621 2.737873 0.419127 0.982267 2.705456 0.284859 10.187236 -0.523826 -0.565576 -0.726060 3.691469
1 71.180539 -8.478056 -0.444360 -0.712850 -2.958749 -1.953139 2.666648 0.086621 2.737873 0.419127 0.982267 2.705456 0.284859 10.187236 -0.523826 -0.565576 -0.726060 3.691469
1 71.180539 -8.478056 -0.444360 -0.712850 -2.958749 -1.953139 2.666648 0.086621 2.737873 0.419127 0.982267 2.705456 0.284859 10.187236 -0.523826 -0.565576 -0.726060 3.691469
1 71.180539 -8.478056 -0.444360 -0.712850 -2.958749 -1.953139 2.666648 0.086621 2.737873 0.419127 0.982267 2.705456 0.284859 10.187236 -0.523826 -0.565576 -0.726060 3.691469
1 71.180539 -8.478056 -0.444360 -0.712850 -2.958749 -1.953139 2.666648 0.086621 2.737873 0.419127 0.982267 2.705456 0.284859 10.187236 -0.523826 -0.565576 -0.726060 3.691469
1 71.180539 -8.478056 -0.444360 -0.712850 -2.958749 -1.953139 2.666648 0.086621 2.737873 0.419127 0.982267 2.705456 0.284859 10.187236 -0.523826 -0.565576 -0.726060 3.691469
1 71.180539 -8.478056 -0.444360 -0.712850 -2.958749 -1.953139 2.666648 0.086621 2.737873 0.419127 0.982267 2.705456 0.284859 10.187236 -0.523826 -0.565576 -0.726060 3.691469
1 71.180539 -8.478056 -0.444360 -0.712850 -2.958749 -1.953139 2.666648 0.086621 2.737873 0.419127 0.982267 2.705456 0.284859 10.187236 -0.523826 -0.565576 -0.726060 3.691469
1 71.180539 -8.478056 -0.444360 -0.712850 -2.958749 -1.953139 2.666648 0.086621 2.737873 0.419127 0.982267 2.705456 0.284859 10.187236 -0.523826 -0.565576 -0.726060 3.691469
1 71.180539 -8.478056 -0.444360 -0.712850 -2.958749 -1.953139 2.666648 0.086621 2.737873 0.419127 0.982267 2.705456 0.284859 10.187236 -0.523826 -0.565576 -0.726060 3.691469
1 71.180539 -8.478056 -0.444360 -0.712850 -2.958749 -1.953139 2.666648 0.086621 2.737873 0.419127 0.982267 2.705456 0.284859 10.187236 -0.523826 -0.565576 -0.726060 3.691469
1 71.180539 -8.478056 -0.444360 -0.712850 -2.958749 -1.953139 2.666648 0.086621 2.737873 0.419127 0.982267 2.705456 0.284859 10.187236 -0.523826 -0.565576 -0.726060 3.691469
1 71.180539 -8.478056 -0.444360 -0.712850 -2.958749 -1.953139 2.666648 0.086621 2.737873 0.419127 0.982267 2.705456 0.284859 10.187236 -0.523826 -0.565576 -0.726060 3.691469
1 71.180539 -8.478056 -0.444360 -0.712850 -2.958749 -1.953139 2.666648 0.086621 2.737873 0.419127 0.982267 2.705456 0.284859 10.187236 -0.523826 -0.565576 -0.726060 3.691469
1 71.180539 -8.478056 -0.444360 -0.712850 -2.958749 -1.953139 2.666648 0.086621 2.737873 0.419127 0.982267 2.705456 0.284859 10.187236 -0.523826 -0.565576 -0.726060 3.691469
1 71.180539 -8.478056 -0.444360 -0.712850 -2.958749 -1.953139 2.666648 0.086621 2.737873 0.419127 0.982267 2.705456 0.284859 10.187236 -0.523826 -0.565576 -0.726060 3.691469
1 71.180539 -8.478056 -0.444360 -0.712850 -2.958749 -1.953139 2.666648 0.086621 2.737873 0.419127 0.982267 2.705456 0.284859 10.187236 -0.523826 -0.565576 -0.726060 3.691469
1 71.180539 -8.478056 -0.444360 -0.712850 -2.958749 -1.953139 2.666648 0.086621 2.737873 0.419127 0.982267 2.705456 0.284859 10.187236 -0.523826 -0.565576 -0.726060 3.691469
1 71.180539 -8.478056 -0.444360 -0.712850 -2.958749 -1.953139 2.666648 0.086621 2.737873 0.419127 0.982267 2.705456 0.284859 10.187236 -0.523826 -0.565576 -0.726060 3.691469
1 71.180539 -8.478056 -0.444360 -0.712850 -2.958749 -1.953139 2.666648 0.086621 2.737873 0.419127 0.982267 2.705456 0.284859 10.187236 -0.523826 -0.565576 -0.726060 3.691469
1 71.180539 -8.478056 -0.444360 -0.712850 -2.958749 -1.953139 2.666648 0.086621 2.737873 0.419127 0.982267 2.705456 0.284859 10.187236 -0.523826 -0.565576 -0.726060 3.691469
1 71.180539 -8.478056 -0.444360 -0.712850 -2.958749 -1.953139 2.666648 0.086621 2.737873 0.419127 0.982267 2.705456 0.284859 10.187236 -0.523826 -0.565576 -0.726060 3.691469
1 71.180539 -8.478056 -0.444360 -0.712850 -2.958749 -1.953139 2.666648 0.086621 2.737873 0.419127 0.982267 2.705456 0.284859 10.187236 -0.523826 -0.565576 -0.726060 3.691469
1 71.180539 -8.478056 -0.444360 -0.712850 -2.958749 -1.953139 2.666648 0.086621 2.737873 0.419127 0.982267 2.705456 0.284859 10.187236 -0.523826 -0.565576 -0.726060 3.691469
1 71.180539 -8.478056 -0.444360 -0.712850 -2.958749 -1.953139 2.666648 0.086621 2.737873 0.419127 0.982267 2.705456 0.284859 10.187236 -0.523826 -0.565576 -0.726060 3.691469
1 71.180539 -8.478056 -0.444360 -0.712850 -2.958749 -1.953139 2.666648 0.086621 2.737873 0.419127 0.982267 2.705456 0.284859 10.187236 -0.523826 -0.565576 -0.726060 3.691469
1 72.03777 -8.502882 -0.425685 -0.727669 -2.969650 -1.940533 2.667134 0.097739 2.741759 0.407557 0.983927 2.676415 0.252951 10.152295 -0.524602 -0.569553 -0.727466 3.693302
1 72.03777 -8.502882 -0.425685 -0.727669 -2.969650 -1.940533 2.667134 0.097739 2.741759 0.407557 0.983927 2.676415 0.252951 10.152295 -0.524602 -0.569553 -0.727466 3.693302
1 72.03777 -8.502882 -0.425685 -0.727669 -2.969650 -1.940533 2.667134 0.097739 2.741759 0.407557 0.983927 2.676415 0.252951 10.152295 -0.524602 -0.569553 -0.727466 3.693302
1 72.03777 -8.502882 -0.425685 -0.727669 -2.969650 -1.940533 2.667134 0.097739 2.741759 0.407557 0.983927 2.676415 0.252951 10.152295 -0.524602 -0.569553 -0.727466 3.693302
1 72.03777 -8.502882 -0.425685 -0.727669 -2.969650 -1.940533 2.667134 0.097739 2.741759 0.407557 0.983927 2.676415 0.252951 10.152295 -0.524602 -0.569553 -0.727466 3.693302
1 72.03777 -8.502882 -0.425685 -0.727669 -2.969650 -1.940533 2.667134 0.097739 2.741759 0.407557 0.983927 2.676415 0.252951 10.152295 -0.524602 -0.569553 -0.727466 3.693302
1 72.03777 -8.502882 -0.425685 -0.727669 -2.969650 -1.940533 2.667134 0.097739 2.741759 0.407557 0.983927 2.676415 0.252951 10.152295 -0.524602 -0.569553 -0.727466 3.693302
1 72.03777 -8.502882 -0.425685 -0.727669 -2.969650 -1.940533 2.667134 0.097739 2.741759 0.407557 0.983927 2.676415 0.252951 10.152295 -0.524602 -0.569553 -0.727466 3.693302
1 72.575865 -8.487129 -0.422597 -0.760426 -2.988274 -1.940836 2.642327 0.098815 2.758239 0.413160 0.984994 2.693165 0.275418 10.166770 -0.556188 -0.575058 -0.745061 3.692281
1 70.569466 -8.483645 -0.418084 -0.756870 -3.038910 -1.935790 2.638786 0.117127 2.753869 0.396306 0.988386 2.675592 0.244396 10.177615 -0.564036 -0.579215 -0.721658 3.682166
1 70.569466 -8.483645 -0.418084 -0.756870 -3.038910 -1.935790 2.638786 0.117127 2.753869 0.396306 0.988386 2.675592 0.244396 10.177615 -0.564036 -0.579215 -0.721658 3.682166
1 70.569466 -8.483645 -0.418084 -0.756870 -3.038910 -1.935790 2.638786 0.117127 2.753869 0.396306 0.988386 2.675592 0.244396 10.177615 -0.564036 -0.579215 -0.721658 3.682166
1 70.569466 -8.483645 -0.418084 -0.756870 -3.038910 -1.935790 2.638786 0.117127 2.753869 0.396306 0.988386 2.675592 0.244396 10.177615 -0.564036 -0.579215 -0.721658 3.682166
1 70.569466 -8.483645 -0.418084 -0.756870 -3.038910 -1.935790 2.638786 0.117127 2.753869 0.396306 0.988386 2.675592 0.244396 10.177615 -0.564036 -0.579215 -0.721658 3.682166
1 70.569466 -8.483645 -0.418084 -0.756870 -3.038910 -1.935790 2.638786 0.117127 2.753869 0.396306 0.988386 2.675592 0.244396 10.177615 -0.564036 -0.579215 -0.721658 3.682166
1 70.569466 -8.483645 -0.418084 -0.756870 -3.038910 -1.935790 2.638786 0.117127 2.753869 0.396306 0.988386 2.675592 0.244396 10.177615 -0.564036 -0.579215 -0.721658 3.682166
1 70.569466 -8.483645 -0.418084 -0.756870 -3.038910 -1.935790 2.638786 0.117127 2.753869 0.396306 0.988386 2.675592 0.244396 10.177615 -0.564036 -0.579215 -0.721658 3.682166
1 70.569466 -8.483645 -0.418084 -0.756870 -3.038910 -1.935790 2.638786 0.117127 2.753869 0.396306 0.988386 2.675592 0.244396 10.177615 -0.564036 -0.579215 -0.721658 3.682166
1 70.569466 -8.483645 -0.418084 -0.756870 -3.038910 -1.935790 2.638786 0.117127 2.753869 0.396306 0.988386 2.675592 0.244396 10.177615 -0.564036 -0.579215 -0.721658 3.682166
1 71.264969 -8.461573 -0.418170 -0.777837 -3.003877 -1.922854 2.643410 0.109608 2.740544 0.402244 0.983835 2.650212 0.221800 10.159449 -0.587631 -0.603988 -0.725517 3.693395
1 71.264969 -8.461573 -0.418170 -0.777837 -3.003877 -1.922854 2.643410 0.109608 2.740544 0.402244 0.983835 2.650212 0.221800 10.159449 -0.587631 -0.603988 -0.725517 3.693395
1 71.264969 -8.461573 -0.418170 -0.777837 -3.003877 -1.922854 2.643410 0.109608 2.740544 0.402244 0.983835 2.650212 0.221800 10.159449 -0.587631 -0.603988 -0.725517 3.693395
1 71.264969 -8.461573 -0.418170 -0.777837 -3.003877 -1.922854 2.643410 0.109608 2.740544 0.402244 0.983835 2.650212 0.221800 10.159449 -0.587631 -0.603988 -0.725517 3.693395
1 71.264969 -8.461573 -0.418170 -0.777837 -3.003877 -1.922854 2.643410 0.109608 2.740544 0.402244 0.983835 2.650212 0.221800 10.159449 -0.587631 -0.603988 -0.725517 3.693395
1 71.264969 -8.461573 -0.418170 -0.777837 -3.003877 -1.922854 2.643410 0.109608 2.740544 0.402244 0.983835 2.650212 0.221800 10.159449 -0.587631 -0.603988 -0.725517 3.693395
1 71.264969 -8.461573 -0.418170 -0.777837 -3.003877 -1.922854 2.643410 0.109608 2.740544 0.402244 0.983835 2.650212 0.221800 10.159449 -0.587631 -0.603988 -0.725517 3.693395
1 71.264969 -8.461573 -0.418170 -0.777837 -3.003877 -1.922854 2.643410 0.109608 2.740544 0.402244 0.983835 2.650212 0.221800 10.159449 -0.587631 -0.603988 -0.725517 3.693395
1 71.264969 -8.461573 -0.418170 -0.777837 -3.003877 -1.922854 2.643410 0.109608 2.740544 0.402244 0.983835 2.650212 0.221800 10.159449 -0.587631 -0.603988 -0.725517 3.693395
1 71.264969 -8.461573 -0.418170 -0.777837 -3.003877 -1.922854 2.643410 0.109608 2.740544 0.402244 0.983835 2.650212 0.221800 10.159449 -0.587631 -0.603988 -0.725517 3.693395
1 71.264969 -8.461573 -0.418170 -0.777837 -3.003877 -1.922854 2.643410 0.109608 2.740544 0.402244 0.983835 2.650212 0.221800 10.159449 -0.587631 -0.603988 -0.725517 3.693395
1 71.264969 -8.461573 -0.418170 -0.777837 -3.003877 -1.922854 2.643410 0.109608 2.740544 0.402244 0.983835 2.650212 0.221800 10.159449 -0.587631 -0.603988 -0.725517 3.693395
1 71.264969 -8.461573 -0.418170 -0.777837 -3.003877 -1.922854 2.643410 0.109608 2.740544 0.402244 0.983835 2.650212 0.221800 10.159449 -0.587631 -0.603988 -0.725517 3.693395
1 71.264969 -8.461573 -0.418170 -0.777837 -3.003877 -1.922854 2.643410 0.109608 2.740544 0.402244 0.983835 2.650212 0.221800 10.159449 -0.587631 -0.603988 -0.725517 3.693395
1 71.264969 -8.461573 -0.418170 -0.777837 -3.003877 -1.922854 2.643410 0.109608 2.740544 0.402244 0.983835 2.650212 0.221800 10.159449 -0.587631 -0.603988 -0.725517 3.693395
1 71.264969 -8.461573 -0.418170 -0.777837 -3.003877 -1.922854 2.643410 0.109608 2.740544 0.402244 0.983835 2.650212 0.221800 10.159449 -0.587631 -0.603988 -0.725517 3.693395
1 71.264969 -8.461573 -0.418170 -0.777837 -3.003877 -1.922854 2.643410 0.109608 2.740544 0.402244 0.983835 2.650212 0.221800 10.159449 -0.587631 -0.603988 -0.725517 3.693395
1 71.264969 -8.461573 -0.418170 -0.777837 -3.003877 -1.922854 2.643410 0.109608 2.740544 0.402244 0.983835 2.650212 0.221800 10.159449 -0.587631 -0.603988 -0.725517 3.693395
1 71.264969 -8.461573 -0.418170 -0.777837 -3.003877 -1.922854 2.643410 0.109608 2.740544 0.402244 0.983835 2.650212 0.221800 10.159449 -0.587631 -0.603988 -0.725517 3.693395
1 71.264969 -8.461573 -0.418170 -0.777837 -3.003877 -1.922854 2.643410 0.109608 2.740544 0.402244 0.983835 2.650212 0.221800 10.159449 -0.587631 -0.603988 -0.725517 3.693395
1 71.264969 -8.461573 -0.418170 -0.777837 -3.003877 -1.922854 2.643410 0.109608 2.740544 0.402244 0.983835 2.650212 0.221800 10.159449 -0.587631 -0.603988 -0.725517 3.693395
1 71.264969 -8.461573 -0.418170 -0.777837 -3.003877 -1.922854 2.643410 0.109608 2.740544 0.402244 0.983835 2.650212 0.221800 10.159449 -0.587631 -0.603988 -0.725517 3.693395
1 71.264969 -8.461573 -0.418170 -0.777837 -3.003877 -1.922854 2.643410 0.109608 2.740544 0.402244 0.983835 2.650212 0.221800 10.159449 -0.587631 -0.603988 -0.725517 3.693395
1 71.264969 -8.461573 -0.418170 -0.777837 -3.003877 -1.922854 2.643410 0.109608 2.740544 0.402244 0.983835 2.650212 0.221800 10.159449 -0.587631 -0.603988 -0.725517 3.693395
1 71.264969 -8.461573 -0.418170 -0.777837 -3.003877 -1.922854 2.643410 0.109608 2.740544 0.402244 0.983835 2.650212 0.221800 10.159449 -0.587631 -0.603988 -0.725517 3.693395
1 71.264969 -8.461573 -0.418170 -0.777837 -3.003877 -1.922854 2.643410 0.109608 2.740544 0.402244 0.983835 2.650212 0.221800 10.159449 -0.587631 -0.603988 -0.725517 3.693395
1 71.264969 -8.461573 -0.418170 -0.777837 -3.003877 -1.922854 2.643410 0.109608 2.740544 0.402244 0.983835 2.650212 0.221800 10.159449 -0.587631 -0.603988 -0.725517 3.693395
1 71.264969 -8.461573 -0.418170 -0.777837 -3.003877 -1.922854 2.643410 0.109608 2.740544 0.402244 0.983835 2.650212 0.221800 10.159449 -0.587631 -0.603988 -0.725517 3.693395
1 71.264969 -8.461573 -0.418170 -0.777837 -3.003877 -1.922854 2.643410 0.109608 2.740544 0.402244 0.983835 2.650212 0.221800 10.159449 -0.587631 -0.603988 -0.725517 3.693395
1 71.264969 -8.461573 -0.418170 -0.777837 -3.003877 -1.922854 2.643410 0.109608 2.740544 0.402244 0.983835 2.650212 0.221800 10.159449 -0.587631 -0.603988 -0.725517 3.693395
1 71.264969 -8.461573 -0.418170 -0.777837 -3.003877 -1.922854 2.643410 0.109608 2.740544 0.402244 0.983835 2.650212 0.221800 10.159449 -0.587631 -0.603988 -0.725517 3.693395
1 71.264969 -8.461573 -0.418170 -0.777837 -3.003877 -1.922854 2.643410 0.109608 2.740544 0.402244 0.983835 2.650212 0.221800 10.159449 -0.587631 -0.603988 -0.725517 3.693395
1 71.264969 -8.461573 -0.418170 -0.777837 -3.003877 -1.922854 2.643410 0.109608 2.740544 0.402244 0.983835 2.650212 0.221800 10.159449 -0.587631 -0.603988 -0.725517 3.693395
1 71.264969 -8.461573 -0.418170 -0.777837 -3.003877 -1.922854 2.643410 0.109608 2.740544 0.402244 0.983835 2.650212 0.221800 10.159449 -0.587631 -0.603988 -0.725517 3.693395
1 71.264969 -8.461573 -0.418170 -0.777837 -3.003877 -1.922854 2.643410 0.109608 2.740544 0.402244 0.983835 2.650212 0.221800 10.159449 -0.587631 -0.603988 -0.725517 3.693395
1 71.264969 -8.461573 -0.418170 -0.777837 -3.003877 -1.922854 2.643410 0.109608 2.740544 0.402244 0.983835 2.650212 0.221800 10.159449 -0.587631 -0.603988 -0.725517 3.693395
1 71.264969 -8.461573 -0.418170 -0.777837 -3.003877 -1.922854 2.643410 0.109608 2.740544 0.402244 0.983835 2.650212 0.221800 10.159449 -0.587631 -0.603988 -0.725517 3.693395
1 71.264969 -8.461573 -0.418170 -0.777837 -3.003877 -1.922854 2.643410 0.109608 2.740544 0.402244 0.983835 2.650212 0.221800 10.159449 -0.587631 -0.603988 -0.725517 3.693395
1 71.264969 -8.461573 -0.418170 -0.777837 -3.003877 -1.922854 2.643410 0.109608 2.740544 0.402244 0.983835 2.650212 0.221800 10.159449 -0.587631 -0.603988 -0.725517 3.693395
1 71.264969 -8.461573 -0.418170 -0.777837 -3.003877 -1.922854 2.643410 0.109608 2.740544 0.402244 0.983835 2.650212 0.221800 10.159449 -0.587631 -0.603988 -0.725517 3.693395
1 71.264969 -8.461573 -0.418170 -0.777837 -3.003877 -1.922854 2.643410 0.109608 2.740544 0.402244 0.983835 2.650212 0.221800 10.159449 -0.587631 -0.603988 -0.725517 3.693395
1 71.264969 -8.461573 -0.418170 -0.777837 -3.003877 -1.922854 2.643410 0.109608 2.740544 0.402244 0.983835 2.650212 0.221800 10.159449 -0.587631 -0.603988 -0.725517 3.693395
1 68.321731 -8.470885 -0.443027 -0.766939 -2.998142 -1.898335 2.675179 0.132182 2.767245 0.385985 0.979550 2.641022 0.265367 10.158449 -0.566530 -0.634874 -0.736925 3.698034
1 68.321731 -8.470885 -0.443027 -0.766939 -2.998142 -1.898335 2.675179 0.132182 2.767245 0.385985 0.979550 2.641022 0.265367 10.158449 -0.566530 -0.634874 -0.736925 3.698034
1 68.321731 -8.470885 -0.443027 -0.766939 -2.998142 -1.898335 2.675179 0.132182 2.767245 0.385985 0.979550 2.641022 0.265367 10.158449 -0.566530 -0.634874 -0.736925 3.698034
1 68.321731 -8.470885 -0.443027 -0.766939 -2.998142 -1.898335 2.675179 0.132182 2.767245 0.385985 0.979550 2.641022 0.265367 10.158449 -0.566530 -0.634874 -0.736925 3.698034
1 68.321731 -8.470885 -0.443027 -0.766939 -2.998142 -1.898335 2.675179 0.132182 2.767245 0.385985 0.979550 2.641022 0.265367 10.158449 -0.566530 -0.634874 -0.736925 3.698034
1 68.321731 -8.470885 -0.443027 -0.766939 -2.998142 -1.898335 2.675179 0.132182 2.767245 0.385985 0.979550 2.641022 0.265367 10.158449 -0.566530 -0.634874 -0.736925 3.698034
1 68.321731 -8.470885 -0.443027 -0.766939 -2.998142 -1.898335 2.675179 0.132182 2.767245 0.385985 0.979550 2.641022 0.265367 10.158449 -0.566530 -0.634874 -0.736925 3.698034
1 68.321731 -8.470885 -0.443027 -0.766939 -2.998142 -1.898335 2.675179 0.132182 2.767245 0.385985 0.979550 2.641022 0.265367 10.158449 -0.566530 -0.634874 -0.736925 3.698034
1 68.321731 -8.470885 -0.443027 -0.766939 -2.998142 -1.898335 2.675179 0.132182 2.767245 0.385985 0.979550 2.641022 0.265367 10.158449 -0.566530 -0.634874 -0.736925 3.698034
1 68.321731 -8.470885 -0.443027 -0.766939 -2.998142 -1.898335 2.675179 0.132182 2.767245 0.385985 0.979550 2.641022 0.265367 10.158449 -0.566530 -0.634874 -0.736925 3.698034
1 68.321731 -8.470885 -0.443027 -0.766939 -2.998142 -1.898335 2.675179 0.132182 2.767245 0.385985 0.979550 2.641022 0.265367 10.158449 -0.566530 -0.634874 -0.736925 3.698034
1 68.321731 -8.470885 -0.443027 -0.766939 -2.998142 -1.898335 2.675179 0.132182 2.767245 0.385985 0.979550 2.641022 0.265367 10.158449 -0.566530 -0.634874 -0.736925 3.698034
1 68.321731 -8.470885 -0.443027 -0.766939 -2.998142 -1.898335 2.675179 0.132182 2.767245 0.385985 0.979550 2.641022 0.265367 10.158449 -0.566530 -0.634874 -0.736925 3.698034
1 68.321731 -8.470885 -0.443027 -0.766939 -2.998142 -1.898335 2.675179 0.132182 2.767245 0.385985 0.979550 2.641022 0.265367 10.158449 -0.566530 -0.634874 -0.736925 3.698034
1 68.321731 -8.470885 -0.443027 -0.766939 -2.998142 -1.898335 2.675179 0.132182 2.767245 0.385985 0.979550 2.641022 0.265367 10.158449 -0.566530 -0.634874 -0.736925 3.698034
1 68.321731 -8.470885 -0.443027 -0.766939 -2.998142 -1.898335 2.675179 0.132182 2.767245 0.385985 0.979550 2.641022 0.265367 10.158449 -0.566530 -0.634874 -0.736925 3.698034
1 68.321731 -8.470885 -0.443027 -0.766939 -2.998142 -1.898335 2.675179 0.132182 2.767245 0.385985 0.979550 2.641022 0.265367 10.158449 -0.566530 -0.634874 -0.736925 3.698034
1 68.321731 -8.470885 -0.443027 -0.766939 -2.998142 -1.898335 2.675179 0.132182 2.767245 0.385985 0.979550 2.641022 0.265367 10.158449 -0.566530 -0.634874 -0.736925 3.698034
1 68.321731 -8.470885 -0.443027 -0.766939 -2.998142 -1.898335 2.675179 0.132182 2.767245 0.385985 0.979550 2.641022 0.265367 10.158449 -0.566530 -0.634874 -0.736925 3.698034
1 68.321731 -8.470885 -0.443027 -0.766939 -2.998142 -1.898335 2.675179 0.132182 2.767245 0.385985 0.979550 2.641022 0.265367 10.158449 -0.566530 -0.634874 -0.736925 3.698034
1 68.321731 -8.470885 -0.443027 -0.766939 -2.998142 -1.898335 2.675179 0.132182 2.767245 0.385985 0.979550 2.641022 0.265367 10.158449 -0.566530 -0.634874 -0.736925 3.698034
1 68.321731 -8.470885 -0.443027 -0.766939 -2.998142 -1.898335 2.675179 0.132182 2.767245 0.385985 0.979550 2.641022 0.265367 10.158449 -0.566530 -0.634874 -0.736925 3.698034
1 68.321731 -8.470885 -0.443027 -0.766939 -2.998142 -1.898335 2.675179 0.132182 2.767245 0.385985 0.979550 2.641022 0.265367 10.158449 -0.566530 -0.634874 -0.736925 3.698034
1 68.321731 -8.470885 -0.443027 -0.766939 -2.998142 -1.898335 2.675179 0.132182 2.767245 0.385985 0.979550 2.641022 0.265367 10.158449 -0.566530 -0.634874 -0.736925 3.698034
1 68.321731 -8.470885 -0.443027 -0.766939 -2.998142 -1.898335 2.675179 0.132182 2.767245 0.385985 0.979550 2.641022 0.265367 10.158449 -0.566530 -0.634874 -0.736925 3.698034
1 68.321731 -8.470885 -0.443027 -0.766939 -2.998142 -1.898335 2.675179 0.132182 2.767245 0.385985 0.979550 2.641022 0.265367 10.158449 -0.566530 -0.634874 -0.736925 3.698034
1 68.321731 -8.470885 -0.443027 -0.766939 -2.998142 -1.898335 2.675179 0.132182 2.767245 0.385985 0.979550 2.641022 0.265367 10.158449 -0.566530 -0.634874 -0.736925 3.698034
1 68.321731 -8.470885 -0.443027 -0.766939 -2.998142 -1.898335 2.675179 0.132182 2.767245 0.385985 0.979550 2.641022 0.265367 10.158449 -0.566530 -0.634874 -0.736925 3.698034
1 68.321731 -8.470885 -0.443027 -0.766939 -2.998142 -1.898335 2.675179 0.132182 2.767245 0.385985 0.979550 2.641022 0.265367 10.158449 -0.566530 -0.634874 -0.736925 3.698034
1 68.321731 -8.470885 -0.443027 -0.766939 -2.998142 -1.898335 2.675179 0.132182 2.767245 0.385985 0.979550 2.641022 0.265367 10.158449 -0.566530 -0.634874 -0.736925 3.698034
1 68.321731 -8.470885 -0.443027 -0.766939 -2.998142 -1.898335 2.675179 0.132182 2.767245 0.385985 0.979550 2.641022 0.265367 10.158449 -0.566530 -0.634874 -0.736925 3.698034
1 68.321731 -8.470885 -0.443027 -0.766939 -2.998142 -1.898335 2.675179 0.132182 2.767245 0.385985 0.979550 2.641022 0.265367 10.158449 -0.566530 -0.634874 -0.736925 3.698034
1 68.321731 -8.470885 -0.443027 -0.766939 -2.998142 -1.898335 2.675179 0.132182 2.767245 0.385985 0.979550 2.641022 0.265367 10.158449 -0.566530 -0.634874 -0.736925 3.698034
1 68.321731 -8.470885 -0.443027 -0.766939 -2.998142 -1.898335 2.675179 0.132182 2.767245 0.385985 0.979550 2.641022 0.265367 10.158449 -0.566530 -0.634874 -0.736925 3.698034
1 68.321731 -8.470885 -0.443027 -0.766939 -2.998142 -1.898335 2.675179 0.132182 2.767245 0.385985 0.979550 2.641022 0.265367 10.158449 -0.566530 -0.634874 -0.736925 3.698034
1 68.321731 -8.470885 -0.443027 -0.766939 -2.998142 -1.898335 2.675179 0.132182 2.767245 0.385985 0.979550 2.641022 0.265367 10.158449 -0.566530 -0.634874 -0.736925 3.698034
1 68.321731 -8.470885 -0.443027 -0.766939 -2.998142 -1.898335 2.675179 0.132182 2.767245 0.385985 0.979550 2.641022 0.265367 10.158449 -0.566530 -0.634874 -0.736925 3.698034
1 68.321731 -8.470885 -0.443027 -0.766939 -2.998142 -1.898335 2.675179 0.132182 2.767245 0.385985 0.979550 2.641022 0.265367 10.158449 -0.566530 -0.634874 -0.736925 3.698034
1 68.321731 -8.470885 -0.443027 -0.766939 -2.998142 -1.898335 2.675179 0.132182 2.767245 0.385985 0.979550 2.641022 0.265367 10.158449 -0.566530 -0.634874 -0.736925 3.698034
1 68.321731 -8.470885 -0.443027 -0.766939 -2.998142 -1.898335 2.675179 0.132182 2.767245 0.385985 0.979550 2.641022 0.265367 10.158449 -0.566530 -0.634874 -0.736925 3.698034
1 68.321731 -8.470885 -0.443027 -0.766939 -2.998142 -1.898335 2.675179 0.132182 2.767245 0.385985 0.979550 2.641022 0.265367 10.158449 -0.566530 -0.634874 -0.736925 3.698034
1 68.321731 -8.470885 -0.443027 -0.766939 -2.998142 -1.898335 2.675179 0.132182 2.767245 0.385985 0.979550 2.641022 0.265367 10.158449 -0.566530 -0.634874 -0.736925 3.698034
1 68.321731 -8.470885 -0.443027 -0.766939 -2.998142 -1.898335 2.675179 0.132182 2.767245 0.385985 0.979550 2.641022 0.265367 10.158449 -0.566530 -0.634874 -0.736925 3.698034
1 68.321731 -8.470885 -0.443027 -0.766939 -2.998142 -1.898335 2.675179 0.132182 2.767245 0.385985 0.979550 2.641022 0.265367 10.158449 -0.566530 -0.634874 -0.736925 3.698034
1 68.321731 -8.470885 -0.443027 -0.766939 -2.998142 -1.898335 2.675179 0.132182 2.767245 0.385985 0.979550 2.641022 0.265367 10.158449 -0.566530 -0.634874 -0.736925 3.698034
1 68.321731 -8.470885 -0.443027 -0.766939 -2.998142 -1.898335 2.675179 0.132182 2.767245 0.385985 0.979550 2.641022 0.265367 10.158449 -0.566530 -0.634874 -0.736925 3.698034
1 68.321731 -8.470885 -0.443027 -0.766939 -2.998142 -1.898335 2.675179 0.132182 2.767245 0.385985 0.979550 2.641022 0.265367 10.158449 -0.566530 -0.634874 -0.736925 3.698034
1 68.321731 -8.470885 -0.443027 -0.766939 -2.998142 -1.898335 2.675179 0.132182 2.767245 0.385985 0.979550 2.641022 0.265367 10.158449 -0.566530 -0.634874 -0.736925 3.698034
1 68.321731 -8.470885 -0.443027 -0.766939 -2.998142 -1.898335 2.675179 0.132182 2.767245 0.385985 0.979550 2.641022 0.265367 10.158449 -0.566530 -0.634874 -0.736925 3.698034
1 68.321731 -8.470885 -0.443027 -0.766939 -2.998142 -1.898335 2.675179 0.132182 2.767245 0.385985 0.979550 2.641022 0.265367 10.158449 -0.566530 -0.634874 -0.736925 3.698034
1 68.321731 -8.470885 -0.443027 -0.766939 -2.998142 -1.898335 2.675179 0.132182 2.767245 0.385985 0.979550 2.641022 0.265367 10.158449 -0.566530 -0.634874 -0.736925 3.698034
1 68.321731 -8.470885 -0.443027 -0.766939 -2.998142 -1.898335 2.675179 0.132182 2.767245 0.385985 0.979550 2.641022 0.265367 10.158449 -0.566530 -0.634874 -0.736925 3.698034
1 68.321731 -8.470885 -0.443027 -0.766939 -2.998142 -1.898335 2.675179 0.132182 2.767245 0.385985 0.979550 2.641022 0.265367 10.158449 -0.566530 -0.634874 -0.736925 3.698034
1 68.321731 -8.470885 -0.443027 -0.766939 -2.998142 -1.898335 2.675179 0.132182 2.767245 0.385985 0.979550 2.641022 0.265367 10.158449 -0.566530 -0.634874 -0.736925 3.698034
1 68.321731 -8.470885 -0.443027 -0.766939 -2.998142 -1.898335 2.675179 0.132182 2.767245 0.385985 0.979550 2.641022 0.265367 10.158449 -0.566530 -0.634874 -0.736925 3.698034
1 68.321731 -8.470885 -0.443027 -0.766939 -2.998142 -1.898335 2.675179 0.132182 2.767245 0.385985 0.979550 2.641022 0.265367 10.158449 -0.566530 -0.634874 -0.736925 3.698034
1 68.321731 -8.470885 -0.443027 -0.766939 -2.998142 -1.898335 2.675179 0.132182 2.767245 0.385985 0.979550 2.641022 0.265367 10.158449 -0.566530 -0.634874 -0.736925 3.698034
1 68.321731 -8.470885 -0.443027 -0.766939 -2.998142 -1.898335 2.675179 0.132182 2.767245 0.385985 0.979550 2.641022 0.265367 10.158449 -0.566530 -0.634874 -0.736925 3.698034
1 68.321731 -8.470885 -0.443027 -0.766939 -2.998142 -1.898335 2.675179 0.132182 2.767245 0.385985 0.979550 2.641022 0.265367 10.158449 -0.566530 -0.634874 -0.736925 3.698034
1 68.321731 -8.470885 -0.443027 -0.766939 -2.998142 -1.898335 2.675179 0.132182 2.767245 0.385985 0.979550 2.641022 0.265367 10.158449 -0.566530 -0.634874 -0.736925 3.698034
1 68.321731 -8.470885 -0.443027 -0.766939 -2.998142 -1.898335 2.675179 0.132182 2.767245 0.385985 0.979550 2.641022 0.265367 10.158449 -0.566530 -0.634874 -0.736925 3.698034
1 68.321731 -8.470885 -0.443027 -0.766939 -2.998142 -1.898335 2.675179 0.132182 2.767245 0.385985 0.979550 2.641022 0.265367 10.158449 -0.566530 -0.634874 -0.736925 3.698034
1 68.321731 -8.470885 -0.443027 -0.766939 -2.998142 -1.898335 2.675179 0.132182 2.767245 0.385985 0.979550 2.641022 0.265367 10.158449 -0.566530 -0.634874 -0.736925 3.698034
1 68.321731 -8.470885 -0.443027 -0.766939 -2.998142 -1.898335 2.675179 0.132182 2.767245 0.385985 0.979550 2.641022 0.265367 10.158449 -0.566530 -0.634874 -0.736925 3.698034
1 68.321731 -8.470885 -0.443027 -0.766939 -2.998142 -1.898335 2.675179 0.132182 2.767245 0.385985 0.979550 2.641022 0.265367 10.158449 -0.566530 -0.634874 -0.736925 3.698034
1 68.321731 -8.470885 -0.443027 -0.766939 -2.998142 -1.898335 2.675179 0.132182 2.767245 0.385985 0.979550 2.641022 0.265367 10.158449 -0.566530 -0.634874 -0.736925 3.698034
1 68.321731 -8.470885 -0.443027 -0.766939 -2.998142 -1.898335 2.675179 0.132182 2.767245 0.385985 0.979550 2.641022 0.265367 10.158449 -0.566530 -0.634874 -0.736925 3.698034
1 68.321731 -8.470885 -0.443027 -0.766939 -2.998142 -1.898335 2.675179 0.132182 2.767245 0.385985 0.979550 2.641022 0.265367 10.158449 -0.566530 -0.634874 -0.736925 3.698034
1 68.321731 -8.470885 -0.443027 -0.766939 -2.998142 -1.898335 2.675179 0.132182 2.767245 0.385985 0.979550 2.641022 0.265367 10.158449 -0.566530 -0.634874 -0.736925 3.698034
1 68.321731 -8.470885 -0.443027 -0.766939 -2.998142 -1.898335 2.675179 0.132182 2.767245 0.385985 0.979550 2.641022 0.265367 10.158449 -0.566530 -0.634874 -0.736925 3.698034
1 68.321731 -8.470885 -0.443027 -0.766939 -2.998142 -1.898335 2.675179 0.132182 2.767245 0.385985 0.979550 2.641022 0.265367 10.158449 -0.566530 -0.634874 -0.736925 3.698034
1 68.321731 -8.470885 -0.443027 -0.766939 -2.998142 -1.898335 2.675179 0.132182 2.767245 0.385985 0.979550 2.641022 0.265367 10.158449 -0.566530 -0.634874 -0.736925 3.698034
1 68.321731 -8.470885 -0.443027 -0.766939 -2.998142 -1.898335 2.675179 0.132182 2.767245 0.385985 0.979550 2.641022 0.265367 10.158449 -0.566530 -0.634874 -0.736925 3.698034
1 68.321731 -8.470885 -0.443027 -0.766939 -2.998142 -1.898335 2.675179 0.132182 2.767245 0.385985 0.979550 2.641022 0.265367 10.158449 -0.566530 -0.634874 -0.736925 3.698034
1 68.321731 -8.470885 -0.443027 -0.766939 -2.998142 -1.898335 2.675179 0.132182 2.767245 0.385985 0.979550 2.641022 0.265367 10.158449 -0.566530 -0.634874 -0.736925 3.698034
1 68.321731 -8.470885 -0.443027 -0.766939 -2.998142 -1.898335 2.675179 0.132182 2.767245 0.385985 0.979550 2.641022 0.265367 10.158449 -0.566530 -0.634874 -0.736925 3.698034
1 68.321731 -8.470885 -0.443027 -0.766939 -2.998142 -1.898335 2.675179 0.132182 2.767245 0.385985 0.979550 2.641022 0.265367 10.158449 -0.566530 -0.634874 -0.736925 3.698034
1 68.581857 -8.495200 -0.459473 -0.761904 -3.005650 -1.889427 2.675508 0.185598 2.746167 0.391127 0.980741 2.660363 0.256623 10.149365 -0.553302 -0.635922 -0.741923 3.708669
1 68.581857 -8.495200 -0.459473 -0.761904 -3.005650 -1.889427 2.675508 0.185598 2.746167 0.391127 0.980741 2.660363 0.256623 10.149365 -0.553302 -0.635922 -0.741923 3.708669
1 68.581857 -8.495200 -0.459473 -0.761904 -3.005650 -1.889427 2.675508 0.185598 2.746167 0.391127 0.980741 2.660363 0.256623 10.149365 -0.553302 -0.635922 -0.741923 3.708669
1 68.581857 -8.495200 -0.459473 -0.761904 -3.005650 -1.889427 2.675508 0.185598 2.746167 0.391127 0.980741 2.660363 0.256623 10.149365 -0.553302 -0.635922 -0.741923 3.708669
1 68.581857 -8.495200 -0.459473 -0.761904 -3.005650 -1.889427 2.675508 0.185598 2.746167 0.391127 0.980741 2.660363 0.256623 10.149365 -0.553302 -0.635922 -0.741923 3.708669
1 68.581857 -8.495200 -0.459473 -0.761904 -3.005650 -1.889427 2.675508 0.185598 2.746167 0.391127 0.980741 2.660363 0.256623 10.149365 -0.553302 -0.635922 -0.741923 3.708669
1 68.581857 -8.495200 -0.459473 -0.761904 -3.005650 -1.889427 2.675508 0.185598 2.746167 0.391127 0.980741 2.660363 0.256623 10.149365 -0.553302 -0.635922 -0.741923 3.708669
1 68.581857 -8.495200 -0.459473 -0.761904 -3.005650 -1.889427 2.675508 0.185598 2.746167 0.391127 0.980741 2.660363 0.256623 10.149365 -0.553302 -0.635922 -0.741923 3.708669
1 68.581857 -8.495200 -0.459473 -0.761904 -3.005650 -1.889427 2.675508 0.185598 2.746167 0.391127 0.980741 2.660363 0.256623 10.149365 -0.553302 -0.635922 -0.741923 3.708669
1 68.581857 -8.495200 -0.459473 -0.761904 -3.005650 -1.889427 2.675508 0.185598 2.746167 0.391127 0.980741 2.660363 0.256623 10.149365 -0.553302 -0.635922 -0.741923 3.708669
1 68.581857 -8.495200 -0.459473 -0.761904 -3.005650 -1.889427 2.675508 0.185598 2.746167 0.391127 0.980741 2.660363 0.256623 10.149365 -0.553302 -0.635922 -0.741923 3.708669
1 68.581857 -8.495200 -0.459473 -0.761904 -3.005650 -1.889427 2.675508 0.185598 2.746167 0.391127 0.980741 2.660363 0.256623 10.149365 -0.553302 -0.635922 -0.741923 3.708669
1 68.581857 -8.495200 -0.459473 -0.761904 -3.005650 -1.889427 2.675508 0.185598 2.746167 0.391127 0.980741 2.660363 0.256623 10.149365 -0.553302 -0.635922 -0.741923 3.708669
1 68.581857 -8.495200 -0.459473 -0.761904 -3.005650 -1.889427 2.675508 0.185598 2.746167 0.391127 0.980741 2.660363 0.256623 10.149365 -0.553302 -0.635922 -0.741923 3.708669
1 68.581857 -8.495200 -0.459473 -0.761904 -3.005650 -1.889427 2.675508 0.185598 2.746167 0.391127 0.980741 2.660363 0.256623 10.149365 -0.553302 -0.635922 -0.741923 3.708669
1 68.581857 -8.495200 -0.459473 -0.761904 -3.005650 -1.889427 2.675508 0.185598 2.746167 0.391127 0.980741 2.660363 0.256623 10.149365 -0.553302 -0.635922 -0.741923 3.708669
1 68.581857 -8.495200 -0.459473 -0.761904 -3.005650 -1.889427 2.675508 0.185598 2.746167 0.391127 0.980741 2.660363 0.256623 10.149365 -0.553302 -0.635922 -0.741923 3.708669
1 68.581857 -8.495200 -0.459473 -0.761904 -3.005650 -1.889427 2.675508 0.185598 2.746167 0.391127 0.980741 2.660363 0.256623 10.149365 -0.553302 -0.635922 -0.741923 3.708669
1 68.581857 -8.495200 -0.459473 -0.761904 -3.005650 -1.889427 2.675508 0.185598 2.746167 0.391127 0.980741 2.660363 0.256623 10.149365 -0.553302 -0.635922 -0.741923 3.708669
1 68.581857 -8.495200 -0.459473 -0.761904 -3.005650 -1.889427 2.675508 0.185598 2.746167 0.391127 0.980741 2.660363 0.256623 10.149365 -0.553302 -0.635922 -0.741923 3.708669
1 68.581857 -8.495200 -0.459473 -0.761904 -3.005650 -1.889427 2.675508 0.185598 2.746167 0.391127 0.980741 2.660363 0.256623 10.149365 -0.553302 -0.635922 -0.741923 3.708669
1 68.581857 -8.495200 -0.459473 -0.761904 -3.005650 -1.889427 2.675508 0.185598 2.746167 0.391127 0.980741 2.660363 0.256623 10.149365 -0.553302 -0.635922 -0.741923 3.708669
1 68.581857 -8.495200 -0.459473 -0.761904 -3.005650 -1.889427 2.675508 0.185598 2.746167 0.391127 0.980741 2.660363 0.256623 10.149365 -0.553302 -0.635922 -0.741923 3.708669
1 68.581857 -8.495200 -0.459473 -0.761904 -3.005650 -1.889427 2.675508 0.185598 2.746167 0.391127 0.980741 2.660363 0.256623 10.149365 -0.553302 -0.635922 -0.741923 3.708669
1 68.581857 -8.495200 -0.459473 -0.761904 -3.005650 -1.889427 2.675508 0.185598 2.746167 0.391127 0.980741 2.660363 0.256623 10.149365 -0.553302 -0.635922 -0.741923 3.708669
1 68.581857 -8.495200 -0.459473 -0.761904 -3.005650 -1.889427 2.675508 0.185598 2.746167 0.391127 0.980741 2.660363 0.256623 10.149365 -0.553302 -0.635922 -0.741923 3.708669
1 68.581857 -8.495200 -0.459473 -0.761904 -3.005650 -1.889427 2.675508 0.185598 2.746167 0.391127 0.980741 2.660363 0.256623 10.149365 -0.553302 -0.635922 -0.741923 3.708669
1 68.581857 -8.495200 -0.459473 -0.761904 -3.005650 -1.889427 2.675508 0.185598 2.746167 0.391127 0.980741 2.660363 0.256623 10.149365 -0.553302 -0.635922 -0.741923 3.708669
1 68.581857 -8.495200 -0.459473 -0.761904 -3.005650 -1.889427 2.675508 0.185598 2.746167 0.391127 0.980741 2.660363 0.256623 10.149365 -0.553302 -0.635922 -0.741923 3.708669
1 68.581857 -8.495200 -0.459473 -0.761904 -3.005650 -1.889427 2.675508 0.185598 2.746167 0.391127 0.980741 2.660363 0.256623 10.149365 -0.553302 -0.635922 -0.741923 3.708669
1 68.581857 -8.495200 -0.459473 -0.761904 -3.005650 -1.889427 2.675508 0.185598 2.746167 0.391127 0.980741 2.660363 0.256623 10.149365 -0.553302 -0.635922 -0.741923 3.708669
1 66.871654 -8.496189 -0.437316 -0.745098 -3.041806 -1.915523 2.660787 0.210555 2.740197 0.384937 0.979398 2.664594 0.299541 10.149305 -0.561894 -0.617586 -0.687287 3.713107
1 66.871654 -8.496189 -0.437316 -0.745098 -3.041806 -1.915523 2.660787 0.210555 2.740197 0.384937 0.979398 2.664594 0.299541 10.149305 -0.561894 -0.617586 -0.687287 3.713107
1 66.871654 -8.496189 -0.437316 -0.745098 -3.041806 -1.915523 2.660787 0.210555 2.740197 0.384937 0.979398 2.664594 0.299541 10.149305 -0.561894 -0.617586 -0.687287 3.713107
1 66.871654 -8.496189 -0.437316 -0.745098 -3.041806 -1.915523 2.660787 0.210555 2.740197 0.384937 0.979398 2.664594 0.299541 10.149305 -0.561894 -0.617586 -0.687287 3.713107
1 66.871654 -8.496189 -0.437316 -0.745098 -3.041806 -1.915523 2.660787 0.210555 2.740197 0.384937 0.979398 2.664594 0.299541 10.149305 -0.561894 -0.617586 -0.687287 3.713107
1 66.871654 -8.496189 -0.437316 -0.745098 -3.041806 -1.915523 2.660787 0.210555 2.740197 0.384937 0.979398 2.664594 0.299541 10.149305 -0.561894 -0.617586 -0.687287 3.713107
1 66.871654 -8.496189 -0.437316 -0.745098 -3.041806 -1.915523 2.660787 0.210555 2.740197 0.384937 0.979398 2.664594 0.299541 10.149305 -0.561894 -0.617586 -0.687287 3.713107
1 66.871654 -8.496189 -0.437316 -0.745098 -3.041806 -1.915523 2.660787 0.210555 2.740197 0.384937 0.979398 2.664594 0.299541 10.149305 -0.561894 -0.617586 -0.687287 3.713107
1 66.871654 -8.496189 -0.437316 -0.745098 -3.041806 -1.915523 2.660787 0.210555 2.740197 0.384937 0.979398 2.664594 0.299541 10.149305 -0.561894 -0.617586 -0.687287 3.713107
1 66.871654 -8.496189 -0.437316 -0.745098 -3.041806 -1.915523 2.660787 0.210555 2.740197 0.384937 0.979398 2.664594 0.299541 10.149305 -0.561894 -0.617586 -0.687287 3.713107
1 66.871654 -8.496189 -0.437316 -0.745098 -3.041806 -1.915523 2.660787 0.210555 2.740197 0.384937 0.979398 2.664594 0.299541 10.149305 -0.561894 -0.617586 -0.687287 3.713107
1 66.871654 -8.496189 -0.437316 -0.745098 -3.041806 -1.915523 2.660787 0.210555 2.740197 0.384937 0.979398 2.664594 0.299541 10.149305 -0.561894 -0.617586 -0.687287 3.713107
1 66.871654 -8.496189 -0.437316 -0.745098 -3.041806 -1.915523 2.660787 0.210555 2.740197 0.384937 0.979398 2.664594 0.299541 10.149305 -0.561894 -0.617586 -0.687287 3.713107
1 66.871654 -8.496189 -0.437316 -0.745098 -3.041806 -1.915523 2.660787 0.210555 2.740197 0.384937 0.979398 2.664594 0.299541 10.149305 -0.561894 -0.617586 -0.687287 3.713107
1 66.871654 -8.496189 -0.437316 -0.745098 -3.041806 -1.915523 2.660787 0.210555 2.740197 0.384937 0.979398 2.664594 0.299541 10.149305 -0.561894 -0.617586 -0.687287 3.713107
1 66.871654 -8.496189 -0.437316 -0.745098 -3.041806 -1.915523 2.660787 0.210555 2.740197 0.384937 0.979398 2.664594 0.299541 10.149305 -0.561894 -0.617586 -0.687287 3.713107
1 66.871654 -8.496189 -0.437316 -0.745098 -3.041806 -1.915523 2.660787 0.210555 2.740197 0.384937 0.979398 2.664594 0.299541 10.149305 -0.561894 -0.617586 -0.687287 3.713107
1 66.871654 -8.496189 -0.437316 -0.745098 -3.041806 -1.915523 2.660787 0.210555 2.740197 0.384937 0.979398 2.664594 0.299541 10.149305 -0.561894 -0.617586 -0.687287 3.713107
1 66.871654 -8.496189 -0.437316 -0.745098 -3.041806 -1.915523 2.660787 0.210555 2.740197 0.384937 0.979398 2.664594 0.299541 10.149305 -0.561894 -0.617586 -0.687287 3.713107
1 66.871654 -8.496189 -0.437316 -0.745098 -3.041806 -1.915523 2.660787 0.210555 2.740197 0.384937 0.979398 2.664594 0.299541 10.149305 -0.561894 -0.617586 -0.687287 3.713107
1 66.871654 -8.496189 -0.437316 -0.745098 -3.041806 -1.915523 2.660787 0.210555 2.740197 0.384937 0.979398 2.664594 0.299541 10.149305 -0.561894 -0.617586 -0.687287 3.713107
1 66.871654 -8.496189 -0.437316 -0.745098 -3.041806 -1.915523 2.660787 0.210555 2.740197 0.384937 0.979398 2.664594 0.299541 10.149305 -0.561894 -0.617586 -0.687287 3.713107
1 66.871654 -8.496189 -0.437316 -0.745098 -3.041806 -1.915523 2.660787 0.210555 2.740197 0.384937 0.979398 2.664594 0.299541 10.149305 -0.561894 -0.617586 -0.687287 3.713107
1 66.871654 -8.496189 -0.437316 -0.745098 -3.041806 -1.915523 2.660787 0.210555 2.740197 0.384937 0.979398 2.664594 0.299541 10.149305 -0.561894 -0.617586 -0.687287 3.713107
1 66.871654 -8.496189 -0.437316 -0.745098 -3.041806 -1.915523 2.660787 0.210555 2.740197 0.384937 0.979398 2.664594 0.299541 10.149305 -0.561894 -0.617586 -0.687287 3.713107
1 66.871654 -8.496189 -0.437316 -0.745098 -3.041806 -1.915523 2.660787 0.210555 2.740197 0.384937 0.979398 2.664594 0.299541 10.149305 -0.561894 -0.617586 -0.687287 3.713107
1 66.871654 -8.496189 -0.437316 -0.745098 -3.041806 -1.915523 2.660787 0.210555 2.740197 0.384937 0.979398 2.664594 0.299541 10.149305 -0.561894 -0.617586 -0.687287 3.713107
1 66.871654 -8.496189 -0.437316 -0.745098 -3.041806 -1.915523 2.660787 0.210555 2.740197 0.384937 0.979398 2.664594 0.299541 10.149305 -0.561894 -0.617586 -0.687287 3.713107
1 66.871654 -8.496189 -0.437316 -0.745098 -3.041806 -1.915523 2.660787 0.210555 2.740197 0.384937 0.979398 2.664594 0.299541 10.149305 -0.561894 -0.617586 -0.687287 3.713107
1 66.871654 -8.496189 -0.437316 -0.745098 -3.041806 -1.915523 2.660787 0.210555 2.740197 0.384937 0.979398 2.664594 0.299541 10.149305 -0.561894 -0.617586 -0.687287 3.713107
1 66.871654 -8.496189 -0.437316 -0.745098 -3.041806 -1.915523 2.660787 0.210555 2.740197 0.384937 0.979398 2.664594 0.299541 10.149305 -0.561894 -0.617586 -0.687287 3.713107
1 66.871654 -8.496189 -0.437316 -0.745098 -3.041806 -1.915523 2.660787 0.210555 2.740197 0.384937 0.979398 2.664594 0.299541 10.149305 -0.561894 -0.617586 -0.687287 3.713107
1 66.871654 -8.496189 -0.437316 -0.745098 -3.041806 -1.915523 2.660787 0.210555 2.740197 0.384937 0.979398 2.664594 0.299541 10.149305 -0.561894 -0.617586 -0.687287 3.713107
1 66.871654 -8.496189 -0.437316 -0.745098 -3.041806 -1.915523 2.660787 0.210555 2.740197 0.384937 0.979398 2.664594 0.299541 10.149305 -0.561894 -0.617586 -0.687287 3.713107
1 66.871654 -8.496189 -0.437316 -0.745098 -3.041806 -1.915523 2.660787 0.210555 2.740197 0.384937 0.979398 2.664594 0.299541 10.149305 -0.561894 -0.617586 -0.687287 3.713107
1 66.871654 -8.496189 -0.437316 -0.745098 -3.041806 -1.915523 2.660787 0.210555 2.740197 0.384937 0.979398 2.664594 0.299541 10.149305 -0.561894 -0.617586 -0.687287 3.713107
1 66.871654 -8.496189 -0.437316 -0.745098 -3.041806 -1.915523 2.660787 0.210555 2.740197 0.384937 0.979398 2.664594 0.299541 10.149305 -0.561894 -0.617586 -0.687287 3.713107
1 66.871654 -8.496189 -0.437316 -0.745098 -3.041806 -1.915523 2.660787 0.210555 2.740197 0.384937 0.979398 2.664594 0.299541 10.149305 -0.561894 -0.617586 -0.687287 3.713107
1 66.871654 -8.496189 -0.437316 -0.745098 -3.041806 -1.915523 2.660787 0.210555 2.740197 0.384937 0.979398 2.664594 0.299541 10.149305 -0.561894 -0.617586 -0.687287 3.713107
1 66.871654 -8.496189 -0.437316 -0.745098 -3.041806 -1.915523 2.660787 0.210555 2.740197 0.384937 0.979398 2.664594 0.299541 10.149305 -0.561894 -0.617586 -0.687287 3.713107
1 66.871654 -8.496189 -0.437316 -0.745098 -3.041806 -1.915523 2.660787 0.210555 2.740197 0.384937 0.979398 2.664594 0.299541 10.149305 -0.561894 -0.617586 -0.687287 3.713107
1 66.871654 -8.496189 -0.437316 -0.745098 -3.041806 -1.915523 2.660787 0.210555 2.740197 0.384937 0.979398 2.664594 0.299541 10.149305 -0.561894 -0.617586 -0.687287 3.713107
1 66.871654 -8.496189 -0.437316 -0.745098 -3.041806 -1.915523 2.660787 0.210555 2.740197 0.384937 0.979398 2.664594 0.299541 10.149305 -0.561894 -0.617586 -0.687287 3.713107
1 66.871654 -8.496189 -0.437316 -0.745098 -3.041806 -1.915523 2.660787 0.210555 2.740197 0.384937 0.979398 2.664594 0.299541 10.149305 -0.561894 -0.617586 -0.687287 3.713107
1 66.871654 -8.496189 -0.437316 -0.745098 -3.041806 -1.915523 2.660787 0.210555 2.740197 0.384937 0.979398 2.664594 0.299541 10.149305 -0.561894 -0.617586 -0.687287 3.713107
1 66.871654 -8.496189 -0.437316 -0.745098 -3.041806 -1.915523 2.660787 0.210555 2.740197 0.384937 0.979398 2.664594 0.299541 10.149305 -0.561894 -0.617586 -0.687287 3.713107
1 66.871654 -8.496189 -0.437316 -0.745098 -3.041806 -1.915523 2.660787 0.210555 2.740197 0.384937 0.979398 2.664594 0.299541 10.149305 -0.561894 -0.617586 -0.687287 3.713107
1 66.871654 -8.496189 -0.437316 -0.745098 -3.041806 -1.915523 2.660787 0.210555 2.740197 0.384937 0.979398 2.664594 0.299541 10.149305 -0.561894 -0.617586 -0.687287 3.713107
1 66.871654 -8.496189 -0.437316 -0.745098 -3.041806 -1.915523 2.660787 0.210555 2.740197 0.384937 0.979398 2.664594 0.299541 10.149305 -0.561894 -0.617586 -0.687287 3.713107
1 66.871654 -8.496189 -0.437316 -0.745098 -3.041806 -1.915523 2.660787 0.210555 2.740197 0.384937 0.979398 2.664594 0.299541 10.149305 -0.561894 -0.617586 -0.687287 3.713107
1 66.871654 -8.496189 -0.437316 -0.745098 -3.041806 -1.915523 2.660787 0.210555 2.740197 0.384937 0.979398 2.664594 0.299541 10.149305 -0.561894 -0.617586 -0.687287 3.713107
1 66.871654 -8.496189 -0.437316 -0.745098 -3.041806 -1.915523 2.660787 0.210555 2.740197 0.384937 0.979398 2.664594 0.299541 10.149305 -0.561894 -0.617586 -0.687287 3.713107
1 66.871654 -8.496189 -0.437316 -0.745098 -3.041806 -1.915523 2.660787 0.210555 2.740197 0.384937 0.979398 2.664594 0.299541 10.149305 -0.561894 -0.617586 -0.687287 3.713107
1 66.871654 -8.496189 -0.437316 -0.745098 -3.041806 -1.915523 2.660787 0.210555 2.740197 0.384937 0.979398 2.664594 0.299541 10.149305 -0.561894 -0.617586 -0.687287 3.713107
1 66.871654 -8.496189 -0.437316 -0.745098 -3.041806 -1.915523 2.660787 0.210555 2.740197 0.384937 0.979398 2.664594 0.299541 10.149305 -0.561894 -0.617586 -0.687287 3.713107
1 66.871654 -8.496189 -0.437316 -0.745098 -3.041806 -1.915523 2.660787 0.210555 2.740197 0.384937 0.979398 2.664594 0.299541 10.149305 -0.561894 -0.617586 -0.687287 3.713107
1 66.871654 -8.496189 -0.437316 -0.745098 -3.041806 -1.915523 2.660787 0.210555 2.740197 0.384937 0.979398 2.664594 0.299541 10.149305 -0.561894 -0.617586 -0.687287 3.713107
1 66.871654 -8.496189 -0.437316 -0.745098 -3.041806 -1.915523 2.660787 0.210555 2.740197 0.384937 0.979398 2.664594 0.299541 10.149305 -0.561894 -0.617586 -0.687287 3.713107
1 66.871654 -8.496189 -0.437316 -0.745098 -3.041806 -1.915523 2.660787 0.210555 2.740197 0.384937 0.979398 2.664594 0.299541 10.149305 -0.561894 -0.617586 -0.687287 3.713107
1 66.871654 -8.496189 -0.437316 -0.745098 -3.041806 -1.915523 2.660787 0.210555 2.740197 0.384937 0.979398 2.664594 0.299541 10.149305 -0.561894 -0.617586 -0.687287 3.713107
1 66.871654 -8.496189 -0.437316 -0.745098 -3.041806 -1.915523 2.660787 0.210555 2.740197 0.384937 0.979398 2.664594 0.299541 10.149305 -0.561894 -0.617586 -0.687287 3.713107
1 66.871654 -8.496189 -0.437316 -0.745098 -3.041806 -1.915523 2.660787 0.210555 2.740197 0.384937 0.979398 2.664594 0.299541 10.149305 -0.561894 -0.617586 -0.687287 3.713107
1 66.871654 -8.496189 -0.437316 -0.745098 -3.041806 -1.915523 2.660787 0.210555 2.740197 0.384937 0.979398 2.664594 0.299541 10.149305 -0.561894 -0.617586 -0.687287 3.713107
1 66.871654 -8.496189 -0.437316 -0.745098 -3.041806 -1.915523 2.660787 0.210555 2.740197 0.384937 0.979398 2.664594 0.299541 10.149305 -0.561894 -0.617586 -0.687287 3.713107
1 66.871654 -8.496189 -0.437316 -0.745098 -3.041806 -1.915523 2.660787 0.210555 2.740197 0.384937 0.979398 2.664594 0.299541 10.149305 -0.561894 -0.617586 -0.687287 3.713107
1 66.871654 -8.496189 -0.437316 -0.745098 -3.041806 -1.915523 2.660787 0.210555 2.740197 0.384937 0.979398 2.664594 0.299541 10.149305 -0.561894 -0.617586 -0.687287 3.713107
1 66.871654 -8.496189 -0.437316 -0.745098 -3.041806 -1.915523 2.660787 0.210555 2.740197 0.384937 0.979398 2.664594 0.299541 10.149305 -0.561894 -0.617586 -0.687287 3.713107
1 66.871654 -8.496189 -0.437316 -0.745098 -3.041806 -1.915523 2.660787 0.210555 2.740197 0.384937 0.979398 2.664594 0.299541 10.149305 -0.561894 -0.617586 -0.687287 3.713107
1 66.871654 -8.496189 -0.437316 -0.745098 -3.041806 -1.915523 2.660787 0.210555 2.740197 0.384937 0.979398 2.664594 0.299541 10.149305 -0.561894 -0.617586 -0.687287 3.713107
1 66.871654 -8.496189 -0.437316 -0.745098 -3.041806 -1.915523 2.660787 0.210555 2.740197 0.384937 0.979398 2.664594 0.299541 10.149305 -0.561894 -0.617586 -0.687287 3.713107
1 66.871654 -8.496189 -0.437316 -0.745098 -3.041806 -1.915523 2.660787 0.210555 2.740197 0.384937 0.979398 2.664594 0.299541 10.149305 -0.561894 -0.617586 -0.687287 3.713107
1 66.871654 -8.496189 -0.437316 -0.745098 -3.041806 -1.915523 2.660787 0.210555 2.740197 0.384937 0.979398 2.664594 0.299541 10.149305 -0.561894 -0.617586 -0.687287 3.713107
1 66.871654 -8.496189 -0.437316 -0.745098 -3.041806 -1.915523 2.660787 0.210555 2.740197 0.384937 0.979398 2.664594 0.299541 10.149305 -0.561894 -0.617586 -0.687287 3.713107
1 66.871654 -8.496189 -0.437316 -0.745098 -3.041806 -1.915523 2.660787 0.210555 2.740197 0.384937 0.979398 2.664594 0.299541 10.149305 -0.561894 -0.617586 -0.687287 3.713107
1 66.871654 -8.496189 -0.437316 -0.745098 -3.041806 -1.915523 2.660787 0.210555 2.740197 0.384937 0.979398 2.664594 0.299541 10.149305 -0.561894 -0.617586 -0.687287 3.713107
1 66.871654 -8.496189 -0.437316 -0.745098 -3.041806 -1.915523 2.660787 0.210555 2.740197 0.384937 0.979398 2.664594 0.299541 10.149305 -0.561894 -0.617586 -0.687287 3.713107
1 66.871654 -8.496189 -0.437316 -0.745098 -3.041806 -1.915523 2.660787 0.210555 2.740197 0.384937 0.979398 2.664594 0.299541 10.149305 -0.561894 -0.617586 -0.687287 3.713107
1 66.871654 -8.496189 -0.437316 -0.745098 -3.041806 -1.915523 2.660787 0.210555 2.740197 0.384937 0.979398 2.664594 0.299541 10.149305 -0.561894 -0.617586 -0.687287 3.713107
1 66.871654 -8.496189 -0.437316 -0.745098 -3.041806 -1.915523 2.660787 0.210555 2.740197 0.384937 0.979398 2.664594 0.299541 10.149305 -0.561894 -0.617586 -0.687287 3.713107
1 66.871654 -8.496189 -0.437316 -0.745098 -3.041806 -1.915523 2.660787 0.210555 2.740197 0.384937 0.979398 2.664594 0.299541 10.149305 -0.561894 -0.617586 -0.687287 3.713107
1 66.871654 -8.496189 -0.437316 -0.745098 -3.041806 -1.915523 2.660787 0.210555 2.740197 0.384937 0.979398 2.664594 0.299541 10.149305 -0.561894 -0.617586 -0.687287 3.713107
1 66.871654 -8.496189 -0.437316 -0.745098 -3.041806 -1.915523 2.660787 0.210555 2.740197 0.384937 0.979398 2.664594 0.299541 10.149305 -0.561894 -0.617586 -0.687287 3.713107
1 66.871654 -8.496189 -0.437316 -0.745098 -3.041806 -1.915523 2.660787 0.210555 2.740197 0.384937 0.979398 2.664594 0.299541 10.149305 -0.561894 -0.617586 -0.687287 3.713107
1 66.871654 -8.496189 -0.437316 -0.745098 -3.041806 -1.915523 2.660787 0.210555 2.740197 0.384937 0.979398 2.664594 0.299541 10.149305 -0.561894 -0.617586 -0.687287 3.713107
1 66.871654 -8.496189 -0.437316 -0.745098 -3.041806 -1.915523 2.660787 0.210555 2.740197 0.384937 0.979398 2.664594 0.299541 10.149305 -0.561894 -0.617586 -0.687287 3.713107
1 66.871654 -8.496189 -0.437316 -0.745098 -3.041806 -1.915523 2.660787 0.210555 2.740197 0.384937 0.979398 2.664594 0.299541 10.149305 -0.561894 -0.617586 -0.687287 3.713107
1 66.871654 -8.496189 -0.437316 -0.745098 -3.041806 -1.915523 2.660787 0.210555 2.740197 0.384937 0.979398 2.664594 0.299541 10.149305 -0.561894 -0.617586 -0.687287 3.713107
1 66.871654 -8.496189 -0.437316 -0.745098 -3.041806 -1.915523 2.660787 0.210555 2.740197 0.384937 0.979398 2.664594 0.299541 10.149305 -0.561894 -0.617586 -0.687287 3.713107
1 66.871654 -8.496189 -0.437316 -0.745098 -3.041806 -1.915523 2.660787 0.210555 2.740197 0.384937 0.979398 2.664594 0.299541 10.149305 -0.561894 -0.617586 -0.687287 3.713107
1 66.871654 -8.496189 -0.437316 -0.745098 -3.041806 -1.915523 2.660787 0.210555 2.740197 0.384937 0.979398 2.664594 0.299541 10.149305 -0.561894 -0.617586 -0.687287 3.713107
1 66.871654 -8.496189 -0.437316 -0.745098 -3.041806 -1.915523 2.660787 0.210555 2.740197 0.384937 0.979398 2.664594 0.299541 10.149305 -0.561894 -0.617586 -0.687287 3.713107
1 66.871654 -8.496189 -0.437316 -0.745098 -3.041806 -1.915523 2.660787 0.210555 2.740197 0.384937 0.979398 2.664594 0.299541 10.149305 -0.561894 -0.617586 -0.687287 3.713107
1 66.871654 -8.496189 -0.437316 -0.745098 -3.041806 -1.915523 2.660787 0.210555 2.740197 0.384937 0.979398 2.664594 0.299541 10.149305 -0.561894 -0.617586 -0.687287 3.713107
1 66.871654 -8.496189 -0.437316 -0.745098 -3.041806 -1.915523 2.660787 0.210555 2.740197 0.384937 0.979398 2.664594 0.299541 10.149305 -0.561894 -0.617586 -0.687287 3.713107
1 66.871654 -8.496189 -0.437316 -0.745098 -3.041806 -1.915523 2.660787 0.210555 2.740197 0.384937 0.979398 2.664594 0.299541 10.149305 -0.561894 -0.617586 -0.687287 3.713107
1 66.871654 -8.496189 -0.437316 -0.745098 -3.041806 -1.915523 2.660787 0.210555 2.740197 0.384937 0.979398 2.664594 0.299541 10.149305 -0.561894 -0.617586 -0.687287 3.713107
1 66.871654 -8.496189 -0.437316 -0.745098 -3.041806 -1.915523 2.660787 0.210555 2.740197 0.384937 0.979398 2.664594 0.299541 10.149305 -0.561894 -0.617586 -0.687287 3.713107
1 66.871654 -8.496189 -0.437316 -0.745098 -3.041806 -1.915523 2.660787 0.210555 2.740197 0.384937 0.979398 2.664594 0.299541 10.149305 -0.561894 -0.617586 -0.687287 3.713107
1 67.554507 -8.525198 -0.437862 -0.725532 -3.027630 -1.966210 2.658100 0.234579 2.712142 0.402184 0.963389 2.667074 0.290922 10.152337 -0.563544 -0.587927 -0.687856 3.743332
1 67.554507 -8.525198 -0.437862 -0.725532 -3.027630 -1.966210 2.658100 0.234579 2.712142 0.402184 0.963389 2.667074 0.290922 10.152337 -0.563544 -0.587927 -0.687856 3.743332
1 67.554507 -8.525198 -0.437862 -0.725532 -3.027630 -1.966210 2.658100 0.234579 2.712142 0.402184 0.963389 2.667074 0.290922 10.152337 -0.563544 -0.587927 -0.687856 3.743332
1 67.554507 -8.525198 -0.437862 -0.725532 -3.027630 -1.966210 2.658100 0.234579 2.712142 0.402184 0.963389 2.667074 0.290922 10.152337 -0.563544 -0.587927 -0.687856 3.743332
1 67.554507 -8.525198 -0.437862 -0.725532 -3.027630 -1.966210 2.658100 0.234579 2.712142 0.402184 0.963389 2.667074 0.290922 10.152337 -0.563544 -0.587927 -0.687856 3.743332
1 67.554507 -8.525198 -0.437862 -0.725532 -3.027630 -1.966210 2.658100 0.234579 2.712142 0.402184 0.963389 2.667074 0.290922 10.152337 -0.563544 -0.587927 -0.687856 3.743332
1 67.554507 -8.525198 -0.437862 -0.725532 -3.027630 -1.966210 2.658100 0.234579 2.712142 0.402184 0.963389 2.667074 0.290922 10.152337 -0.563544 -0.587927 -0.687856 3.743332
1 67.554507 -8.525198 -0.437862 -0.725532 -3.027630 -1.966210 2.658100 0.234579 2.712142 0.402184 0.963389 2.667074 0.290922 10.152337 -0.563544 -0.587927 -0.687856 3.743332
1 67.554507 -8.525198 -0.437862 -0.725532 -3.027630 -1.966210 2.658100 0.234579 2.712142 0.402184 0.963389 2.667074 0.290922 10.152337 -0.563544 -0.587927 -0.687856 3.743332
1 67.554507 -8.525198 -0.437862 -0.725532 -3.027630 -1.966210 2.658100 0.234579 2.712142 0.402184 0.963389 2.667074 0.290922 10.152337 -0.563544 -0.587927 -0.687856 3.743332
1 67.554507 -8.525198 -0.437862 -0.725532 -3.027630 -1.966210 2.658100 0.234579 2.712142 0.402184 0.963389 2.667074 0.290922 10.152337 -0.563544 -0.587927 -0.687856 3.743332
1 67.554507 -8.525198 -0.437862 -0.725532 -3.027630 -1.966210 2.658100 0.234579 2.712142 0.402184 0.963389 2.667074 0.290922 10.152337 -0.563544 -0.587927 -0.687856 3.743332
1 67.554507 -8.525198 -0.437862 -0.725532 -3.027630 -1.966210 2.658100 0.234579 2.712142 0.402184 0.963389 2.667074 0.290922 10.152337 -0.563544 -0.587927 -0.687856 3.743332
1 67.554507 -8.525198 -0.437862 -0.725532 -3.027630 -1.966210 2.658100 0.234579 2.712142 0.402184 0.963389 2.667074 0.290922 10.152337 -0.563544 -0.587927 -0.687856 3.743332
1 67.554507 -8.525198 -0.437862 -0.725532 -3.027630 -1.966210 2.658100 0.234579 2.712142 0.402184 0.963389 2.667074 0.290922 10.152337 -0.563544 -0.587927 -0.687856 3.743332
1 67.554507 -8.525198 -0.437862 -0.725532 -3.027630 -1.966210 2.658100 0.234579 2.712142 0.402184 0.963389 2.667074 0.290922 10.152337 -0.563544 -0.587927 -0.687856 3.743332
1 67.554507 -8.525198 -0.437862 -0.725532 -3.027630 -1.966210 2.658100 0.234579 2.712142 0.402184 0.963389 2.667074 0.290922 10.152337 -0.563544 -0.587927 -0.687856 3.743332
1 67.554507 -8.525198 -0.437862 -0.725532 -3.027630 -1.966210 2.658100 0.234579 2.712142 0.402184 0.963389 2.667074 0.290922 10.152337 -0.563544 -0.587927 -0.687856 3.743332
1 67.554507 -8.525198 -0.437862 -0.725532 -3.027630 -1.966210 2.658100 0.234579 2.712142 0.402184 0.963389 2.667074 0.290922 10.152337 -0.563544 -0.587927 -0.687856 3.743332
1 67.554507 -8.525198 -0.437862 -0.725532 -3.027630 -1.966210 2.658100 0.234579 2.712142 0.402184 0.963389 2.667074 0.290922 10.152337 -0.563544 -0.587927 -0.687856 3.743332
1 67.554507 -8.525198 -0.437862 -0.725532 -3.027630 -1.966210 2.658100 0.234579 2.712142 0.402184 0.963389 2.667074 0.290922 10.152337 -0.563544 -0.587927 -0.687856 3.743332
1 67.554507 -8.525198 -0.437862 -0.725532 -3.027630 -1.966210 2.658100 0.234579 2.712142 0.402184 0.963389 2.667074 0.290922 10.152337 -0.563544 -0.587927 -0.687856 3.743332
1 67.554507 -8.525198 -0.437862 -0.725532 -3.027630 -1.966210 2.658100 0.234579 2.712142 0.402184 0.963389 2.667074 0.290922 10.152337 -0.563544 -0.587927 -0.687856 3.743332
1 67.554507 -8.525198 -0.437862 -0.725532 -3.027630 -1.966210 2.658100 0.234579 2.712142 0.402184 0.963389 2.667074 0.290922 10.152337 -0.563544 -0.587927 -0.687856 3.743332
1 67.554507 -8.525198 -0.437862 -0.725532 -3.027630 -1.966210 2.658100 0.234579 2.712142 0.402184 0.963389 2.667074 0.290922 10.152337 -0.563544 -0.587927 -0.687856 3.743332
1 67.554507 -8.525198 -0.437862 -0.725532 -3.027630 -1.966210 2.658100 0.234579 2.712142 0.402184 0.963389 2.667074 0.290922 10.152337 -0.563544 -0.587927 -0.687856 3.743332
1 67.554507 -8.525198 -0.437862 -0.725532 -3.027630 -1.966210 2.658100 0.234579 2.712142 0.402184 0.963389 2.667074 0.290922 10.152337 -0.563544 -0.587927 -0.687856 3.743332
1 67.554507 -8.525198 -0.437862 -0.725532 -3.027630 -1.966210 2.658100 0.234579 2.712142 0.402184 0.963389 2.667074 0.290922 10.152337 -0.563544 -0.587927 -0.687856 3.743332
1 67.554507 -8.525198 -0.437862 -0.725532 -3.027630 -1.966210 2.658100 0.234579 2.712142 0.402184 0.963389 2.667074 0.290922 10.152337 -0.563544 -0.587927 -0.687856 3.743332
1 67.554507 -8.525198 -0.437862 -0.725532 -3.027630 -1.966210 2.658100 0.234579 2.712142 0.402184 0.963389 2.667074 0.290922 10.152337 -0.563544 -0.587927 -0.687856 3.743332
1 67.554507 -8.525198 -0.437862 -0.725532 -3.027630 -1.966210 2.658100 0.234579 2.712142 0.402184 0.963389 2.667074 0.290922 10.152337 -0.563544 -0.587927 -0.687856 3.743332
1 67.554507 -8.525198 -0.437862 -0.725532 -3.027630 -1.966210 2.658100 0.234579 2.712142 0.402184 0.963389 2.667074 0.290922 10.152337 -0.563544 -0.587927 -0.687856 3.743332
1 67.554507 -8.525198 -0.437862 -0.725532 -3.027630 -1.966210 2.658100 0.234579 2.712142 0.402184 0.963389 2.667074 0.290922 10.152337 -0.563544 -0.587927 -0.687856 3.743332
1 67.554507 -8.525198 -0.437862 -0.725532 -3.027630 -1.966210 2.658100 0.234579 2.712142 0.402184 0.963389 2.667074 0.290922 10.152337 -0.563544 -0.587927 -0.687856 3.743332
1 67.554507 -8.525198 -0.437862 -0.725532 -3.027630 -1.966210 2.658100 0.234579 2.712142 0.402184 0.963389 2.667074 0.290922 10.152337 -0.563544 -0.587927 -0.687856 3.743332
1 67.554507 -8.525198 -0.437862 -0.725532 -3.027630 -1.966210 2.658100 0.234579 2.712142 0.402184 0.963389 2.667074 0.290922 10.152337 -0.563544 -0.587927 -0.687856 3.743332
1 67.554507 -8.525198 -0.437862 -0.725532 -3.027630 -1.966210 2.658100 0.234579 2.712142 0.402184 0.963389 2.667074 0.290922 10.152337 -0.563544 -0.587927 -0.687856 3.743332
1 67.587464 -8.535681 -0.439414 -0.713378 -3.014410 -1.966511 2.698610 0.260471 2.707468 0.389709 0.959350 2.651262 0.291289 10.162902 -0.586566 -0.575865 -0.712148 3.737529
1 67.587464 -8.535681 -0.439414 -0.713378 -3.014410 -1.966511 2.698610 0.260471 2.707468 0.389709 0.959350 2.651262 0.291289 10.162902 -0.586566 -0.575865 -0.712148 3.737529
1 67.587464 -8.535681 -0.439414 -0.713378 -3.014410 -1.966511 2.698610 0.260471 2.707468 0.389709 0.959350 2.651262 0.291289 10.162902 -0.586566 -0.575865 -0.712148 3.737529
1 67.587464 -8.535681 -0.439414 -0.713378 -3.014410 -1.966511 2.698610 0.260471 2.707468 0.389709 0.959350 2.651262 0.291289 10.162902 -0.586566 -0.575865 -0.712148 3.737529
1 67.587464 -8.535681 -0.439414 -0.713378 -3.014410 -1.966511 2.698610 0.260471 2.707468 0.389709 0.959350 2.651262 0.291289 10.162902 -0.586566 -0.575865 -0.712148 3.737529
1 67.587464 -8.535681 -0.439414 -0.713378 -3.014410 -1.966511 2.698610 0.260471 2.707468 0.389709 0.959350 2.651262 0.291289 10.162902 -0.586566 -0.575865 -0.712148 3.737529
1 67.587464 -8.535681 -0.439414 -0.713378 -3.014410 -1.966511 2.698610 0.260471 2.707468 0.389709 0.959350 2.651262 0.291289 10.162902 -0.586566 -0.575865 -0.712148 3.737529
1 67.587464 -8.535681 -0.439414 -0.713378 -3.014410 -1.966511 2.698610 0.260471 2.707468 0.389709 0.959350 2.651262 0.291289 10.162902 -0.586566 -0.575865 -0.712148 3.737529
1 67.587464 -8.535681 -0.439414 -0.713378 -3.014410 -1.966511 2.698610 0.260471 2.707468 0.389709 0.959350 2.651262 0.291289 10.162902 -0.586566 -0.575865 -0.712148 3.737529
1 67.587464 -8.535681 -0.439414 -0.713378 -3.014410 -1.966511 2.698610 0.260471 2.707468 0.389709 0.959350 2.651262 0.291289 10.162902 -0.586566 -0.575865 -0.712148 3.737529
1 67.587464 -8.535681 -0.439414 -0.713378 -3.014410 -1.966511 2.698610 0.260471 2.707468 0.389709 0.959350 2.651262 0.291289 10.162902 -0.586566 -0.575865 -0.712148 3.737529
1 67.587464 -8.535681 -0.439414 -0.713378 -3.014410 -1.966511 2.698610 0.260471 2.707468 0.389709 0.959350 2.651262 0.291289 10.162902 -0.586566 -0.575865 -0.712148 3.737529
1 67.587464 -8.535681 -0.439414 -0.713378 -3.014410 -1.966511 2.698610 0.260471 2.707468 0.389709 0.959350 2.651262 0.291289 10.162902 -0.586566 -0.575865 -0.712148 3.737529
1 67.583678 -8.568761 -0.465278 -0.724026 -3.045536 -1.944620 2.715376 0.254949 2.753813 0.385393 0.955293 2.634503 0.285928 10.157822 -0.579007 -0.584848 -0.714715 3.730427
1 67.583678 -8.568761 -0.465278 -0.724026 -3.045536 -1.944620 2.715376 0.254949 2.753813 0.385393 0.955293 2.634503 0.285928 10.157822 -0.579007 -0.584848 -0.714715 3.730427
1 67.583678 -8.568761 -0.465278 -0.724026 -3.045536 -1.944620 2.715376 0.254949 2.753813 0.385393 0.955293 2.634503 0.285928 10.157822 -0.579007 -0.584848 -0.714715 3.730427
1 67.583678 -8.568761 -0.465278 -0.724026 -3.045536 -1.944620 2.715376 0.254949 2.753813 0.385393 0.955293 2.634503 0.285928 10.157822 -0.579007 -0.584848 -0.714715 3.730427
1 67.583678 -8.568761 -0.465278 -0.724026 -3.045536 -1.944620 2.715376 0.254949 2.753813 0.385393 0.955293 2.634503 0.285928 10.157822 -0.579007 -0.584848 -0.714715 3.730427
1 67.583678 -8.568761 -0.465278 -0.724026 -3.045536 -1.944620 2.715376 0.254949 2.753813 0.385393 0.955293 2.634503 0.285928 10.157822 -0.579007 -0.584848 -0.714715 3.730427
1 67.583678 -8.568761 -0.465278 -0.724026 -3.045536 -1.944620 2.715376 0.254949 2.753813 0.385393 0.955293 2.634503 0.285928 10.157822 -0.579007 -0.584848 -0.714715 3.730427
1 67.583678 -8.568761 -0.465278 -0.724026 -3.045536 -1.944620 2.715376 0.254949 2.753813 0.385393 0.955293 2.634503 0.285928 10.157822 -0.579007 -0.584848 -0.714715 3.730427
1 67.583678 -8.568761 -0.465278 -0.724026 -3.045536 -1.944620 2.715376 0.254949 2.753813 0.385393 0.955293 2.634503 0.285928 10.157822 -0.579007 -0.584848 -0.714715 3.730427
1 67.583678 -8.568761 -0.465278 -0.724026 -3.045536 -1.944620 2.715376 0.254949 2.753813 0.385393 0.955293 2.634503 0.285928 10.157822 -0.579007 -0.584848 -0.714715 3.730427
1 67.583678 -8.568761 -0.465278 -0.724026 -3.045536 -1.944620 2.715376 0.254949 2.753813 0.385393 0.955293 2.634503 0.285928 10.157822 -0.579007 -0.584848 -0.714715 3.730427
1 67.583678 -8.568761 -0.465278 -0.724026 -3.045536 -1.944620 2.715376 0.254949 2.753813 0.385393 0.955293 2.634503 0.285928 10.157822 -0.579007 -0.584848 -0.714715 3.730427
1 67.583678 -8.568761 -0.465278 -0.724026 -3.045536 -1.944620 2.715376 0.254949 2.753813 0.385393 0.955293 2.634503 0.285928 10.157822 -0.579007 -0.584848 -0.714715 3.730427
1 67.583678 -8.568761 -0.465278 -0.724026 -3.045536 -1.944620 2.715376 0.254949 2.753813 0.385393 0.955293 2.634503 0.285928 10.157822 -0.579007 -0.584848 -0.714715 3.730427
1 67.583678 -8.568761 -0.465278 -0.724026 -3.045536 -1.944620 2.715376 0.254949 2.753813 0.385393 0.955293 2.634503 0.285928 10.157822 -0.579007 -0.584848 -0.714715 3.730427
1 67.583678 -8.568761 -0.465278 -0.724026 -3.045536 -1.944620 2.715376 0.254949 2.753813 0.385393 0.955293 2.634503 0.285928 10.157822 -0.579007 -0.584848 -0.714715 3.730427
1 67.583678 -8.568761 -0.465278 -0.724026 -3.045536 -1.944620 2.715376 0.254949 2.753813 0.385393 0.955293 2.634503 0.285928 10.157822 -0.579007 -0.584848 -0.714715 3.730427
1 67.583678 -8.568761 -0.465278 -0.724026 -3.045536 -1.944620 2.715376 0.254949 2.753813 0.385393 0.955293 2.634503 0.285928 10.157822 -0.579007 -0.584848 -0.714715 3.730427
1 67.583678 -8.568761 -0.465278 -0.724026 -3.045536 -1.944620 2.715376 0.254949 2.753813 0.385393 0.955293 2.634503 0.285928 10.157822 -0.579007 -0.584848 -0.714715 3.730427
1 67.583678 -8.568761 -0.465278 -0.724026 -3.045536 -1.944620 2.715376 0.254949 2.753813 0.385393 0.955293 2.634503 0.285928 10.157822 -0.579007 -0.584848 -0.714715 3.730427
