1 inf -8.069034 -0.622180 -0.325065 -1.564207 -1.306969 2.931547 0.669173 2.369401 0.026099 0.903203 2.383526 0.226598 10.588182 -0.287466 -0.649941 -0.077577 3.504160
1 inf -8.097624 -0.618661 -0.303277 -1.520249 -1.320604 2.950214 0.651680 2.393359 -0.003005 0.933209 2.376435 0.227556 10.575183 -0.270543 -0.617046 -0.085789 3.482166
1 inf -8.113490 -0.615939 -0.312322 -1.535316 -1.348740 3.000152 0.665493 2.377411 -0.000866 0.927382 2.297737 0.245487 10.633764 -0.299362 -0.591275 -0.064346 3.451414
1 inf -8.101872 -0.623245 -0.321684 -1.576704 -1.349953 2.994983 0.683767 2.366826 0.002053 0.930755 2.292368 0.244307 10.606779 -0.282662 -0.584316 -0.057181 3.453100
1 inf -8.140632 -0.625395 -0.339760 -1.576559 -1.332972 2.967507 0.654193 2.380289 -0.026454 0.919258 2.290577 0.308980 10.610393 -0.286209 -0.601137 -0.055448 3.479090
1 inf -8.155247 -0.618824 -0.363083 -1.555255 -1.298936 2.963832 0.651965 2.397226 -0.029049 0.890208 2.256399 0.316139 10.620822 -0.281191 -0.574019 -0.066105 3.480455
1 inf -8.169284 -0.635893 -0.356013 -1.543318 -1.299111 2.959543 0.639521 2.427795 -0.035733 0.907291 2.244411 0.340596 10.626879 -0.231288 -0.556966 -0.066730 3.460464
1 inf -8.154603 -0.645586 -0.334239 -1.544698 -1.328922 2.961578 0.621993 2.419325 -0.029584 0.910952 2.224086 0.346450 10.648657 -0.229193 -0.553664 -0.089732 3.442488
1 inf -8.140323 -0.686108 -0.320644 -1.566747 -1.320545 2.938394 0.588054 2.401774 -0.020763 0.922432 2.272137 0.327614 10.656640 -0.217131 -0.540554 -0.091317 3.471109
1 inf -8.160358 -0.700759 -0.320960 -1.540790 -1.300252 2.906958 0.579591 2.388552 0.010286 0.907093 2.265249 0.330135 10.651022 -0.197383 -0.529370 -0.100629 3.460162
1 inf -8.171185 -0.668798 -0.324726 -1.540655 -1.304127 2.914412 0.573955 2.421168 0.004530 0.870077 2.268196 0.359996 10.638183 -0.170967 -0.556433 -0.087665 3.447512
1 inf -8.194743 -0.698407 -0.312611 -1.550956 -1.312517 2.877255 0.577399 2.424420 0.014409 0.845068 2.261517 0.350201 10.660337 -0.147533 -0.554819 -0.085798 3.471454
1 inf -8.199499 -0.728944 -0.331913 -1.547014 -1.317462 2.893006 0.573843 2.412621 -0.000453 0.806976 2.251821 0.349599 10.641356 -0.164883 -0.564743 -0.045059 3.469036
1 inf -8.238977 -0.709918 -0.328206 -1.562856 -1.307426 2.871522 0.617976 2.401057 -0.017513 0.812358 2.283838 0.340870 10.646989 -0.159356 -0.548410 -0.045620 3.449194
1 inf -8.237003 -0.705805 -0.348941 -1.538392 -1.293246 2.846757 0.627217 2.403366 -0.001860 0.847276 2.257304 0.305758 10.619232 -0.172896 -0.539155 -0.047115 3.447129
1 inf -8.246316 -0.664329 -0.345870 -1.549759 -1.307974 2.859400 0.636159 2.403386 0.040646 0.843935 2.243866 0.302040 10.587947 -0.188728 -0.556678 -0.067947 3.427179
1 inf -8.248124 -0.668481 -0.316045 -1.534936 -1.300567 2.833152 0.609253 2.412281 0.040028 0.872996 2.267896 0.277248 10.598599 -0.179017 -0.549330 -0.091245 3.448094
1 inf -8.253729 -0.673624 -0.310432 -1.534282 -1.288144 2.860668 0.591052 2.424326 0.067725 0.833340 2.243278 0.276874 10.590030 -0.144098 -0.571727 -0.094806 3.456276
1 inf -8.276992 -0.717342 -0.316432 -1.542559 -1.247054 2.846197 0.595591 2.401403 0.002841 0.799675 2.229531 0.293081 10.625785 -0.206579 -0.530373 -0.090143 3.433429
1 inf -8.276563 -0.696108 -0.336905 -1.544642 -1.249082 2.818583 0.620418 2.423072 0.019921 0.778898 2.218454 0.304051 10.664723 -0.185123 -0.496218 -0.070019 3.431726
1 inf -8.260524 -0.690129 -0.347057 -1.526631 -1.257741 2.822402 0.633701 2.376387 0.005304 0.795686 2.225863 0.276768 10.598871 -0.188355 -0.515712 -0.046161 3.432025
1 inf -8.278155 -0.712794 -0.350402 -1.516101 -1.213045 2.828271 0.627677 2.346649 0.028205 0.806243 2.243944 0.248866 10.598368 -0.223703 -0.558404 -0.056578 3.445100
1 inf -8.249103 -0.700399 -0.363960 -1.519857 -1.219755 2.819633 0.663991 2.340784 0.034137 0.758862 2.238413 0.217129 10.594081 -0.225432 -0.566705 -0.094460 3.443747
1 inf -8.280940 -0.714262 -0.355771 -1.529486 -1.208656 2.810419 0.675196 2.355136 0.012106 0.780620 2.258076 0.200300 10.581400 -0.245794 -0.555987 -0.079470 3.426405
1 inf -8.288672 -0.720002 -0.368425 -1.549548 -1.173331 2.878654 0.670876 2.351177 -0.011935 0.830415 2.262857 0.224997 10.611463 -0.249233 -0.567928 -0.046701 3.444273
1 inf -8.309798 -0.710245 -0.382469 -1.566221 -1.158723 2.869611 0.645479 2.327780 -0.016290 0.820740 2.289572 0.172961 10.646723 -0.216491 -0.568650 -0.077479 3.455559
1 inf -8.342637 -0.767497 -0.385900 -1.533547 -1.178077 2.891078 0.657449 2.323238 -0.016439 0.787448 2.295553 0.153056 10.677659 -0.203985 -0.512326 -0.082289 3.437267
1 inf -8.328145 -0.760052 -0.427350 -1.501536 -1.198035 2.897248 0.662357 2.288737 -0.005406 0.758654 2.322818 0.173508 10.646909 -0.166423 -0.532766 -0.071714 3.455966
1 inf -8.354082 -0.760226 -0.362185 -1.447268 -1.229153 2.869929 0.707397 2.307533 0.011319 0.753166 2.329954 0.153022 10.643039 -0.133864 -0.552417 -0.053645 3.459821
1 inf -8.330919 -0.726924 -0.339049 -1.421086 -1.247886 2.855353 0.700152 2.327658 0.038709 0.730192 2.279101 0.164957 10.643692 -0.100618 -0.537196 -0.070506 3.441218
1 inf -8.321234 -0.686189 -0.373653 -1.441633 -1.252910 2.887902 0.692044 2.321162 0.006458 0.708672 2.277834 0.160892 10.662953 -0.098247 -0.572071 -0.101257 3.475679
1 inf -8.339403 -0.714476 -0.404161 -1.462664 -1.253063 2.842855 0.669403 2.316986 -0.032175 0.734318 2.279793 0.134576 10.653635 -0.064246 -0.569452 -0.108169 3.501328
1 inf -8.345365 -0.692257 -0.401753 -1.463007 -1.233043 2.840804 0.680883 2.314919 -0.016400 0.705592 2.281723 0.125101 10.651057 -0.072437 -0.584199 -0.103042 3.477772
1 inf -8.363150 -0.706672 -0.390437 -1.455578 -1.231676 2.846234 0.680675 2.309895 -0.042976 0.740295 2.284929 0.100267 10.624102 -0.075308 -0.556613 -0.085208 3.494119
1 inf -8.350458 -0.717479 -0.367042 -1.482177 -1.238364 2.827073 0.685925 2.355117 -0.057622 0.778542 2.294627 0.126589 10.630173 -0.043302 -0.566099 -0.083750 3.524385
1 inf -8.357910 -0.753242 -0.398952 -1.491672 -1.267959 2.856063 0.705500 2.368036 -0.060464 0.778459 2.281165 0.107401 10.606963 -0.044855 -0.570025 -0.081217 3.518858
1 inf -8.363968 -0.745246 -0.433678 -1.508880 -1.226856 2.875430 0.694468 2.413607 -0.040138 0.754228 2.275923 0.122611 10.561940 -0.032346 -0.584162 -0.095637 3.528638
1 inf -8.405663 -0.733902 -0.439966 -1.516080 -1.247134 2.905574 0.649067 2.428391 -0.002639 0.736412 2.273771 0.158259 10.557084 -0.029108 -0.598341 -0.095253 3.525484
1 inf -8.419278 -0.775637 -0.448213 -1.463464 -1.242706 2.938661 0.646347 2.413820 0.007204 0.705339 2.284360 0.174583 10.524523 -0.016615 -0.546777 -0.084653 3.536069
1 inf -8.435667 -0.758467 -0.436895 -1.453603 -1.225153 2.939549 0.622264 2.397635 0.009619 0.715372 2.312371 0.148084 10.503501 -0.053988 -0.558321 -0.087607 3.549692
1 inf -8.435387 -0.767948 -0.433386 -1.467231 -1.211214 2.936041 0.646578 2.404458 0.003369 0.748730 2.320755 0.148328 10.488632 -0.026042 -0.584670 -0.057945 3.581748
1 inf -8.413126 -0.743327 -0.422113 -1.470167 -1.184996 2.949164 0.638853 2.391754 0.009235 0.732017 2.341827 0.146693 10.496366 -0.065869 -0.615357 -0.086539 3.598509
1 inf -8.373952 -0.707041 -0.454235 -1.464486 -1.183369 2.925521 0.642697 2.386424 0.021021 0.724195 2.391414 0.151455 10.511846 -0.039178 -0.611860 -0.082708 3.592654
1 inf -8.334876 -0.679170 -0.457163 -1.471641 -1.162543 2.892830 0.652633 2.426159 0.032439 0.697843 2.383621 0.116552 10.536302 -0.026692 -0.603562 -0.077513 3.592495
1 inf -8.347680 -0.679484 -0.482403 -1.446785 -1.161278 2.928226 0.649398 2.428436 -0.006473 0.705222 2.382378 0.130646 10.530707 -0.002246 -0.618134 -0.053810 3.604665
1 inf -8.307900 -0.719997 -0.496998 -1.394440 -1.163798 2.926807 0.616597 2.444518 0.002671 0.651397 2.384730 0.173581 10.541505 -0.012906 -0.610536 -0.039620 3.609621
1 inf -8.352054 -0.744111 -0.490478 -1.394166 -1.208397 2.892497 0.610313 2.409139 0.028464 0.645479 2.351855 0.151238 10.487246 -0.026969 -0.609730 -0.033886 3.654352
1 inf -8.327559 -0.721642 -0.475645 -1.365113 -1.173390 2.848372 0.663390 2.438645 0.056710 0.667731 2.336786 0.133434 10.514262 -0.030023 -0.624184 -0.022049 3.644495
1 inf -8.320259 -0.725697 -0.470729 -1.369647 -1.174424 2.826437 0.655433 2.428701 0.069523 0.674488 2.325226 0.169743 10.513587 -0.035101 -0.666712 0.007633 3.631191
1 inf -8.291500 -0.752471 -0.438808 -1.409425 -1.181738 2.841644 0.652691 2.391424 0.091611 0.690858 2.332474 0.193392 10.524948 -0.072815 -0.685691 0.015316 3.643834
1 inf -8.295819 -0.740628 -0.446898 -1.410619 -1.190663 2.858143 0.664695 2.389019 0.118590 0.691163 2.348966 0.181059 10.532876 -0.061129 -0.739266 0.011826 3.625919
1 inf -8.314488 -0.716212 -0.435979 -1.399133 -1.187499 2.844113 0.667545 2.353347 0.108126 0.635469 2.344821 0.151969 10.526321 -0.089140 -0.765158 0.038896 3.612570
1 inf -8.334340 -0.692604 -0.434641 -1.428246 -1.156540 2.803770 0.656839 2.346957 0.101295 0.654504 2.337209 0.147899 10.547234 -0.104451 -0.748995 0.035253 3.609411
1 inf -8.301868 -0.678144 -0.474380 -1.478382 -1.154949 2.784486 0.679327 2.378589 0.096420 0.649961 2.329862 0.122945 10.577621 -0.091630 -0.723163 0.032421 3.594327
1 inf -8.333788 -0.664049 -0.493015 -1.487830 -1.154248 2.810713 0.672918 2.399012 0.107838 0.668856 2.345945 0.145598 10.572132 -0.115786 -0.715905 0.048005 3.602049
1 inf -8.287900 -0.661053 -0.485924 -1.515057 -1.147199 2.784097 0.683273 2.415592 0.108884 0.637745 2.352830 0.152168 10.574234 -0.117196 -0.739180 0.034548 3.608758
1 inf -8.294438 -0.651328 -0.446898 -1.521160 -1.137205 2.779674 0.706966 2.458862 0.107381 0.632489 2.349820 0.135155 10.583177 -0.113532 -0.712973 0.058801 3.555901
1 inf -8.289404 -0.668986 -0.449957 -1.543368 -1.140113 2.778684 0.690883 2.471213 0.086030 0.660893 2.304383 0.187760 10.557517 -0.078444 -0.715263 0.023180 3.547223
1 inf -8.266241 -0.635684 -0.426821 -1.517186 -1.158846 2.764108 0.683638 2.491338 0.113420 0.637919 2.253530 0.199695 10.558170 -0.045198 -0.700042 0.006319 3.528620
1 inf -8.324318 -0.624769 -0.451367 -1.544605 -1.144427 2.768693 0.659854 2.484350 0.115066 0.670830 2.244100 0.192473 10.523714 -0.045785 -0.686642 0.000750 3.526291
1 inf -8.311299 -0.622245 -0.467594 -1.543449 -1.166597 2.780981 0.655257 2.475825 0.084535 0.688049 2.275334 0.183151 10.553436 -0.033814 -0.684108 -0.010260 3.529914
1 inf -8.315206 -0.621554 -0.480945 -1.585282 -1.176284 2.786861 0.635390 2.463660 0.104387 0.668374 2.275285 0.213223 10.549499 -0.012875 -0.684878 -0.022010 3.551857
1 inf -8.294188 -0.657422 -0.456876 -1.586986 -1.229353 2.760348 0.652259 2.470225 0.107817 0.652257 2.280459 0.250198 10.539423 -0.015589 -0.694118 -0.043588 3.557948
1 inf -8.238817 -0.679912 -0.477615 -1.548354 -1.219282 2.748869 0.668615 2.513932 0.114208 0.630399 2.281253 0.253375 10.518643 -0.025304 -0.662469 -0.052470 3.543317
1 inf -8.222708 -0.675938 -0.504729 -1.509346 -1.229665 2.718268 0.643519 2.504973 0.098792 0.626452 2.239159 0.270273 10.502359 -0.055280 -0.648286 -0.046131 3.567890
1 inf -8.239853 -0.715581 -0.535695 -1.524217 -1.222289 2.734301 0.660495 2.529421 0.114318 0.654581 2.276880 0.294369 10.493872 -0.058045 -0.627822 -0.073335 3.548161
1 inf -8.220196 -0.699571 -0.555294 -1.510030 -1.214292 2.756404 0.671254 2.511835 0.092965 0.719572 2.300402 0.284587 10.458953 -0.058898 -0.607029 -0.091767 3.533080
1 inf -8.218875 -0.709901 -0.553437 -1.505086 -1.199904 2.783077 0.679649 2.486957 0.121256 0.687354 2.310860 0.261332 10.472380 -0.079947 -0.609702 -0.087445 3.542421
1 inf -8.231498 -0.671870 -0.572032 -1.556050 -1.212922 2.756157 0.693875 2.508957 0.112183 0.717741 2.300875 0.246830 10.438027 -0.094480 -0.661250 -0.061873 3.539188
1 inf -8.195015 -0.678608 -0.583784 -1.553063 -1.234851 2.777468 0.714866 2.530129 0.123053 0.728526 2.272827 0.203950 10.428648 -0.094262 -0.632251 -0.070010 3.544579
1 inf -8.187209 -0.641058 -0.613590 -1.544983 -1.247204 2.764639 0.738933 2.540727 0.132939 0.687912 2.307650 0.208979 10.438512 -0.096301 -0.627079 -0.073765 3.562526
1 inf -8.185559 -0.616618 -0.639578 -1.555699 -1.230216 2.764948 0.706516 2.523703 0.163311 0.645872 2.299625 0.193553 10.441141 -0.063368 -0.590785 -0.061188 3.567884
1 inf -8.171222 -0.628826 -0.660540 -1.592490 -1.203732 2.719380 0.674350 2.514032 0.179464 0.657937 2.282242 0.241514 10.407447 -0.071698 -0.595984 -0.053942 3.563425
1 inf -8.193520 -0.626962 -0.648391 -1.591581 -1.217436 2.713201 0.630016 2.504827 0.209276 0.690182 2.309457 0.225596 10.441294 -0.051160 -0.570369 -0.057183 3.556524
1 inf -8.176570 -0.635191 -0.645111 -1.589024 -1.179276 2.727108 0.644190 2.477647 0.200556 0.675867 2.336991 0.222682 10.451995 -0.076632 -0.573875 -0.052085 3.535087
1 inf -8.185580 -0.623774 -0.642106 -1.569792 -1.162234 2.704207 0.670824 2.458210 0.193453 0.691159 2.365905 0.192006 10.420537 -0.080368 -0.580387 -0.031417 3.534219
1 inf -8.162602 -0.592438 -0.665285 -1.547503 -1.097390 2.701668 0.691817 2.499185 0.196014 0.684698 2.366274 0.213287 10.460885 -0.060062 -0.584770 -0.016174 3.560324
1 inf -8.177631 -0.582114 -0.650923 -1.555125 -1.094929 2.674487 0.701003 2.496022 0.201054 0.714254 2.367960 0.223854 10.484869 -0.063166 -0.578894 0.011859 3.545355
1 inf -8.162061 -0.554466 -0.664596 -1.544530 -1.074843 2.656127 0.701005 2.504422 0.191192 0.705935 2.379864 0.219973 10.488060 -0.067420 -0.598412 0.013687 3.577387
1 inf -8.177738 -0.519755 -0.676863 -1.538307 -1.082504 2.652194 0.722555 2.516266 0.164221 0.714249 2.348370 0.187404 10.490337 -0.091125 -0.564022 0.032717 3.597331
1 inf -8.213941 -0.512718 -0.655975 -1.525806 -1.074339 2.647941 0.734458 2.550975 0.169677 0.711588 2.318919 0.167467 10.475249 -0.075493 -0.588232 -0.002434 3.607068
1 inf -8.218999 -0.486910 -0.663853 -1.511319 -1.103474 2.652234 0.730285 2.596681 0.200011 0.719785 2.328719 0.171465 10.512354 -0.090412 -0.616662 0.006994 3.601740
1 inf -8.231636 -0.461900 -0.647429 -1.553146 -1.127501 2.662103 0.728342 2.635038 0.183039 0.707103 2.338354 0.183910 10.477518 -0.040180 -0.664043 -0.003011 3.592100
1 inf -8.274734 -0.485315 -0.661328 -1.534758 -1.182883 2.666140 0.696153 2.631579 0.193175 0.695212 2.319884 0.175359 10.502769 -0.036623 -0.692728 -0.004928 3.601648
1 inf -8.286819 -0.501637 -0.660499 -1.564567 -1.163807 2.660255 0.699200 2.621362 0.185701 0.690417 2.306145 0.170049 10.529862 -0.034689 -0.676883 -0.007560 3.623417
1 inf -8.313129 -0.531735 -0.666785 -1.541024 -1.145597 2.682796 0.678630 2.644650 0.158917 0.695312 2.311971 0.192029 10.510519 -0.042827 -0.686642 -0.005282 3.647892
1 inf -8.304758 -0.540828 -0.662167 -1.528097 -1.120436 2.672479 0.679722 2.634156 0.138000 0.688422 2.322165 0.162434 10.525122 -0.055328 -0.666597 -0.029224 3.636369
1 inf -8.331915 -0.533796 -0.658493 -1.501017 -1.127920 2.682006 0.666280 2.603246 0.137981 0.720443 2.341029 0.160610 10.534711 -0.062020 -0.668735 -0.016893 3.640881
1 inf -8.332382 -0.529696 -0.649007 -1.492932 -1.136132 2.671434 0.670112 2.603414 0.163632 0.751534 2.353769 0.147503 10.564707 -0.068503 -0.626167 -0.046827 3.633799
1 inf -8.336113 -0.558930 -0.657043 -1.464123 -1.161296 2.663397 0.653249 2.603929 0.176849 0.764991 2.340166 0.138934 10.573121 -0.046153 -0.653568 -0.061712 3.637127
1 inf -8.312950 -0.525628 -0.633907 -1.437941 -1.180029 2.648821 0.646004 2.624054 0.204239 0.742017 2.289313 0.150869 10.573774 -0.012907 -0.638347 -0.078573 3.618524
1 inf -8.330688 -0.508378 -0.623634 -1.461029 -1.202536 2.643965 0.666187 2.620842 0.215539 0.770601 2.290206 0.118119 10.567878 -0.021554 -0.618183 -0.075875 3.640909
1 inf -8.336519 -0.507423 -0.592596 -1.452055 -1.197575 2.646473 0.669716 2.607538 0.199908 0.735989 2.275442 0.121547 10.558047 -0.019960 -0.645195 -0.094522 3.675333
1 inf -8.337744 -0.505168 -0.640873 -1.458387 -1.211992 2.635114 0.660442 2.629218 0.158473 0.738966 2.275231 0.139151 10.582574 -0.013226 -0.667234 -0.100246 3.641958
1 inf -8.332225 -0.458884 -0.612093 -1.456345 -1.220137 2.621991 0.661243 2.648787 0.172595 0.710924 2.276138 0.143641 10.580145 -0.007539 -0.670336 -0.109370 3.643986
1 inf -8.292060 -0.470062 -0.630573 -1.491340 -1.253451 2.594314 0.680153 2.618315 0.135639 0.708179 2.294786 0.123198 10.569693 -0.020448 -0.690960 -0.118407 3.619133
1 inf -8.275391 -0.472696 -0.571726 -1.467011 -1.265419 2.622965 0.656071 2.603970 0.141769 0.744881 2.246939 0.129947 10.553827 -0.049671 -0.688080 -0.114453 3.613158
1 inf -8.272434 -0.472018 -0.540911 -1.474812 -1.296535 2.661031 0.674406 2.621024 0.152134 0.721483 2.225148 0.150563 10.572753 -0.025434 -0.722584 -0.107764 3.593545
1 inf -8.269875 -0.471927 -0.518198 -1.497179 -1.293147 2.656464 0.696346 2.580928 0.155998 0.695741 2.207337 0.147938 10.579726 -0.036321 -0.738186 -0.130515 3.561844
1 inf -8.251850 -0.498445 -0.466679 -1.536062 -1.262126 2.648312 0.701748 2.569573 0.184188 0.698180 2.176864 0.159535 10.568331 -0.002713 -0.721624 -0.121744 3.558777
1 inf -8.236370 -0.486192 -0.457605 -1.556951 -1.221625 2.628328 0.655610 2.577072 0.199045 0.711421 2.150690 0.137549 10.570459 -0.004031 -0.732446 -0.131312 3.561515
1 inf -8.194017 -0.453244 -0.442223 -1.525394 -1.214993 2.637303 0.652217 2.608502 0.202509 0.698434 2.109116 0.169124 10.572769 -0.023453 -0.745828 -0.152878 3.567358
1 inf -8.202311 -0.505306 -0.408924 -1.521150 -1.241455 2.613170 0.629579 2.671663 0.206368 0.719797 2.070005 0.184394 10.587600 -0.024669 -0.783924 -0.159129 3.550600
1 inf -8.203864 -0.504873 -0.442980 -1.540076 -1.259289 2.614226 0.659065 2.670227 0.221061 0.708298 2.071083 0.146092 10.602981 -0.042019 -0.769785 -0.142334 3.570366
1 inf -8.238861 -0.511818 -0.441511 -1.550094 -1.258335 2.614728 0.677925 2.699674 0.222130 0.701954 2.071050 0.150439 10.612582 -0.057821 -0.761668 -0.147104 3.580059
1 inf -8.253418 -0.486960 -0.480467 -1.543233 -1.314696 2.643371 0.670568 2.708309 0.231945 0.695801 2.120884 0.182859 10.575273 -0.064391 -0.791773 -0.145581 3.565200
1 inf -8.275518 -0.478087 -0.505776 -1.522227 -1.279818 2.671409 0.633824 2.723131 0.227211 0.688172 2.157010 0.167360 10.580463 -0.056299 -0.785285 -0.137173 3.594738
1 inf -8.260202 -0.492690 -0.517154 -1.544727 -1.278812 2.681392 0.609587 2.741607 0.270544 0.689202 2.166156 0.167683 10.607007 -0.082159 -0.824480 -0.135848 3.583485
1 inf -8.284732 -0.479736 -0.549951 -1.495466 -1.270496 2.660754 0.577449 2.764363 0.251618 0.680810 2.134557 0.148840 10.612016 -0.072974 -0.848200 -0.134375 3.570727
1 inf -8.302628 -0.474556 -0.573703 -1.495290 -1.278780 2.655295 0.578312 2.778744 0.237410 0.688866 2.116558 0.155231 10.631157 -0.092463 -0.837636 -0.143502 3.545243
1 inf -8.286804 -0.492897 -0.535245 -1.510604 -1.277148 2.672007 0.509357 2.741057 0.210924 0.684801 2.117089 0.152569 10.663951 -0.100507 -0.858242 -0.165731 3.537204
1 inf -8.296745 -0.531879 -0.512262 -1.507314 -1.278142 2.661694 0.501021 2.747655 0.209027 0.709840 2.140510 0.152351 10.675077 -0.100397 -0.879131 -0.177336 3.524061
1 inf -8.232432 -0.519156 -0.478642 -1.485384 -1.256910 2.635038 0.525743 2.747880 0.215741 0.708574 2.151304 0.153609 10.662340 -0.066957 -0.854832 -0.163655 3.525327
1 inf -8.252384 -0.516473 -0.486033 -1.489355 -1.266297 2.674796 0.530331 2.763207 0.163107 0.721009 2.148916 0.172428 10.661674 -0.071356 -0.834022 -0.106651 3.511788
1 inf -8.234977 -0.512586 -0.471773 -1.476474 -1.250334 2.688171 0.542416 2.770432 0.173100 0.725483 2.156472 0.196880 10.681836 -0.106546 -0.830772 -0.104877 3.509347
1 inf -8.273129 -0.547226 -0.507847 -1.463922 -1.254042 2.685033 0.567231 2.756520 0.184571 0.720704 2.170308 0.214641 10.701727 -0.126668 -0.835146 -0.113952 3.510224
1 inf -8.234903 -0.551733 -0.503290 -1.450668 -1.252936 2.693411 0.565947 2.763966 0.213579 0.741405 2.175987 0.190033 10.733275 -0.125644 -0.866778 -0.099306 3.469777
1 inf -8.229728 -0.489418 -0.526285 -1.415035 -1.264227 2.707582 0.544260 2.789002 0.176588 0.734165 2.198767 0.203477 10.751172 -0.146751 -0.879811 -0.112472 3.452728
1 inf -8.225795 -0.475296 -0.511891 -1.388752 -1.263675 2.699109 0.544983 2.815152 0.159770 0.749810 2.151223 0.199470 10.738951 -0.176058 -0.937459 -0.098117 3.465929
1 inf -8.184804 -0.465667 -0.535909 -1.358689 -1.227549 2.707840 0.585851 2.795782 0.190124 0.749229 2.159945 0.210017 10.761082 -0.180673 -0.972759 -0.102914 3.453985
1 inf -8.222164 -0.497247 -0.555613 -1.330688 -1.212678 2.693533 0.568833 2.786689 0.178483 0.737843 2.107675 0.231725 10.751998 -0.158214 -0.958267 -0.121806 3.439003
1 inf -8.251707 -0.537839 -0.557282 -1.369513 -1.252850 2.737420 0.567305 2.790222 0.186881 0.757228 2.108526 0.224624 10.793129 -0.147402 -0.991386 -0.124561 3.483098
1 inf -8.277279 -0.544331 -0.577057 -1.410678 -1.286253 2.734115 0.582025 2.818253 0.180776 0.716995 2.098553 0.221596 10.787696 -0.159175 -1.006905 -0.144694 3.498967
1 inf -8.289957 -0.513941 -0.593367 -1.385765 -1.287965 2.711271 0.577905 2.834313 0.178278 0.709622 2.088329 0.236440 10.817389 -0.157847 -1.025836 -0.120067 3.469912
1 inf -8.266794 -0.480639 -0.570231 -1.359583 -1.306698 2.696695 0.570660 2.854438 0.205668 0.686648 2.037476 0.248375 10.818042 -0.124601 -1.010615 -0.136928 3.451309
1 inf -8.264260 -0.512692 -0.549350 -1.367334 -1.311299 2.712313 0.586536 2.837511 0.214072 0.684046 2.054661 0.270529 10.784697 -0.116519 -1.013673 -0.171203 3.440438
1 inf -8.263998 -0.501667 -0.563949 -1.368549 -1.302155 2.712554 0.645712 2.805599 0.232906 0.706626 2.066384 0.274766 10.767582 -0.112900 -1.028332 -0.124220 3.455187
1 inf -8.258200 -0.493481 -0.600012 -1.395023 -1.314784 2.689807 0.604023 2.817885 0.231030 0.683646 2.065906 0.289786 10.802088 -0.134638 -1.044632 -0.151865 3.419945
1 inf -8.217164 -0.472890 -0.585476 -1.403787 -1.295698 2.684798 0.617784 2.787792 0.202650 0.705674 2.065564 0.263567 10.792250 -0.140844 -1.048061 -0.101573 3.467084
1 inf -8.183354 -0.469486 -0.594824 -1.411272 -1.304155 2.684391 0.621405 2.768402 0.209699 0.706278 2.077193 0.264929 10.818601 -0.131826 -1.054035 -0.068398 3.479559
1 inf -8.145871 -0.442187 -0.618724 -1.432064 -1.308327 2.672337 0.614304 2.780763 0.207169 0.716715 2.079032 0.247287 10.799784 -0.122181 -1.034896 -0.033994 3.453166
1 inf -8.131374 -0.443910 -0.593116 -1.440414 -1.349496 2.648468 0.646926 2.744262 0.206371 0.737440 2.102398 0.252031 10.783360 -0.125443 -1.052774 -0.017406 3.449670
1 inf -8.134156 -0.444743 -0.583124 -1.467913 -1.345452 2.672901 0.623095 2.719962 0.220745 0.754198 2.077039 0.224819 10.765746 -0.116350 -1.077354 -0.010537 3.442464
1 inf -8.141380 -0.421064 -0.563446 -1.448900 -1.352466 2.686524 0.609083 2.706992 0.194832 0.743881 2.049538 0.243876 10.802593 -0.151259 -1.045735 0.023630 3.486655
1 inf -8.152871 -0.395730 -0.541789 -1.464422 -1.347865 2.686173 0.605638 2.730905 0.182333 0.751560 2.050078 0.244210 10.791167 -0.105232 -1.032676 0.048282 3.499991
1 inf -8.131367 -0.420155 -0.541618 -1.473913 -1.358953 2.678860 0.585279 2.697674 0.198087 0.770732 2.068005 0.249212 10.789359 -0.081822 -1.004960 0.041399 3.504817
1 inf -8.138710 -0.429270 -0.516113 -1.464332 -1.317776 2.686484 0.582272 2.705759 0.158784 0.784530 2.085396 0.224011 10.809425 -0.086019 -1.032782 0.041451 3.475166
1 inf -8.150741 -0.448676 -0.524487 -1.461625 -1.297646 2.690645 0.558081 2.709468 0.153975 0.785107 2.058745 0.193104 10.803619 -0.042989 -1.058129 0.023104 3.458927
1 inf -8.128984 -0.410236 -0.477692 -1.446186 -1.291613 2.680629 0.580372 2.731967 0.153839 0.807977 2.093898 0.182636 10.813302 -0.050521 -1.072417 0.053696 3.483035
1 inf -8.138133 -0.457786 -0.488413 -1.476970 -1.283768 2.664316 0.589018 2.749715 0.138004 0.834942 2.051283 0.181170 10.825204 -0.063285 -1.086929 0.051306 3.477414
1 inf -8.120483 -0.452526 -0.486653 -1.474129 -1.294293 2.673832 0.591852 2.745634 0.099296 0.837681 2.029380 0.217150 10.847205 -0.051930 -1.077184 0.077747 3.466312
1 inf -8.132120 -0.455643 -0.481669 -1.535325 -1.330693 2.660128 0.590867 2.743887 0.093786 0.840130 2.038562 0.234968 10.876407 -0.050031 -1.074830 0.081321 3.480840
1 inf -8.131465 -0.472476 -0.492172 -1.572929 -1.315035 2.701144 0.604132 2.756008 0.103894 0.875931 2.031469 0.223022 10.911011 -0.048596 -1.092033 0.109192 3.471447
1 inf -8.097919 -0.482744 -0.508403 -1.560980 -1.315117 2.735682 0.615935 2.758589 0.100888 0.850164 2.043858 0.214618 10.880329 -0.034512 -1.115588 0.089007 3.447953
1 inf -8.053262 -0.486463 -0.510582 -1.563503 -1.301128 2.725187 0.608510 2.745970 0.122941 0.802009 2.051416 0.190895 10.906748 -0.013159 -1.130768 0.098307 3.418630
1 inf -8.061326 -0.493490 -0.520592 -1.556090 -1.299186 2.733755 0.612660 2.750303 0.159481 0.814453 2.063272 0.214091 10.936302 -0.030442 -1.104599 0.137480 3.400195
1 inf -8.073213 -0.477066 -0.464117 -1.544024 -1.290776 2.755797 0.603138 2.721067 0.155003 0.849165 2.041656 0.235743 10.955676 -0.071352 -1.101405 0.171138 3.392553
1 inf -8.066330 -0.509056 -0.466456 -1.548499 -1.308410 2.732832 0.590794 2.702808 0.109329 0.855824 2.035922 0.254255 10.977603 -0.103049 -1.128139 0.174938 3.369881
1 inf -8.075718 -0.530497 -0.477712 -1.523935 -1.302413 2.733532 0.614260 2.713059 0.139700 0.875708 2.049227 0.223881 10.983691 -0.102241 -1.124447 0.192787 3.399564
1 inf -8.071244 -0.544987 -0.421585 -1.489684 -1.334575 2.679121 0.609236 2.684836 0.148766 0.890626 2.045818 0.220473 10.987956 -0.120540 -1.148961 0.197160 3.379913
1 inf -8.021298 -0.518753 -0.403840 -1.458651 -1.344733 2.670330 0.612082 2.724688 0.176415 0.892207 2.035523 0.211730 10.963877 -0.133370 -1.162834 0.208192 3.374662
1 inf -8.006065 -0.548183 -0.374760 -1.432149 -1.370153 2.638958 0.611332 2.759154 0.162969 0.889153 2.015708 0.202770 10.923509 -0.141704 -1.183482 0.202233 3.371034
1 inf -8.034161 -0.521779 -0.363761 -1.433176 -1.346086 2.657546 0.641840 2.722287 0.148479 0.886006 2.014046 0.174870 10.945205 -0.107758 -1.176015 0.224642 3.387122
1 inf -8.043546 -0.543505 -0.383822 -1.414221 -1.347618 2.642966 0.656692 2.704773 0.148669 0.901531 1.988576 0.197971 10.952531 -0.125530 -1.153951 0.189770 3.360420
1 inf -8.023128 -0.531683 -0.369395 -1.369657 -1.352451 2.632843 0.633413 2.711509 0.127169 0.937018 1.993685 0.193519 10.959650 -0.129180 -1.165604 0.200077 3.364063
1 inf -8.018114 -0.561868 -0.359192 -1.329521 -1.379549 2.596640 0.602575 2.693788 0.135067 0.927522 1.977864 0.226966 10.967366 -0.092374 -1.132514 0.223106 3.352053
1 inf -7.994951 -0.528566 -0.336056 -1.303339 -1.398282 2.582064 0.595330 2.713913 0.162457 0.904548 1.927011 0.238901 10.968019 -0.059128 -1.117293 0.206245 3.333450
1 inf -7.977026 -0.509442 -0.349850 -1.323597 -1.394816 2.583723 0.606042 2.723754 0.119381 0.908034 1.903167 0.239234 10.952038 -0.016591 -1.107182 0.230792 3.341041
1 inf -7.981494 -0.487158 -0.353047 -1.319645 -1.389382 2.587241 0.656287 2.704390 0.130032 0.901098 1.881940 0.200922 10.917556 -0.015678 -1.062881 0.259967 3.355738
1 inf -7.984096 -0.502294 -0.334685 -1.309780 -1.443989 2.583624 0.628885 2.649022 0.096789 0.893565 1.905398 0.211780 10.929551 -0.031055 -1.052423 0.226981 3.327868
1 inf -7.982034 -0.495643 -0.337832 -1.270698 -1.501342 2.573846 0.616578 2.658930 0.125285 0.897016 1.879129 0.193692 10.904853 -0.004996 -1.041799 0.232210 3.318380
1 inf -7.995021 -0.474862 -0.344451 -1.280179 -1.489642 2.562493 0.626483 2.649023 0.150009 0.858438 1.901501 0.244803 10.912166 -0.007270 -1.051028 0.231701 3.289474
1 inf -7.989812 -0.516377 -0.339190 -1.273953 -1.488622 2.582663 0.614199 2.649992 0.145153 0.859024 1.910627 0.292075 10.903404 -0.010917 -1.064515 0.216675 3.322293
1 inf -8.010670 -0.514640 -0.372971 -1.267008 -1.478471 2.592607 0.629696 2.597963 0.140136 0.885314 1.882246 0.271016 10.928472 -0.009435 -1.084721 0.211178 3.316230
1 inf -7.997582 -0.580123 -0.380026 -1.258463 -1.449785 2.581816 0.623688 2.575547 0.159699 0.876830 1.875886 0.257797 10.917843 -0.036582 -1.083802 0.228192 3.314661
1 inf -7.925945 -0.550914 -0.365811 -1.238119 -1.485205 2.565646 0.627139 2.558948 0.163498 0.892501 1.874201 0.262464 10.890500 -0.037678 -1.068114 0.230101 3.332168
1 inf -7.961693 -0.543408 -0.387873 -1.261076 -1.495455 2.553400 0.621536 2.593642 0.204451 0.917478 1.844496 0.263447 10.885043 -0.056102 -1.056678 0.241041 3.326680
1 inf -7.950589 -0.558597 -0.422355 -1.254249 -1.480919 2.543229 0.650940 2.607053 0.117646 0.897295 1.860282 0.272335 10.865615 -0.057583 -1.057879 0.246384 3.315356
1 inf -7.969541 -0.561532 -0.390946 -1.254395 -1.464511 2.531323 0.663753 2.600345 0.131953 0.926685 1.855450 0.252442 10.855080 -0.036632 -1.040211 0.239485 3.288769
1 inf -7.959626 -0.571232 -0.399280 -1.254626 -1.464236 2.516916 0.660468 2.597038 0.131857 0.925902 1.839000 0.235579 10.852845 -0.031680 -1.068572 0.226468 3.266865
1 inf -7.965263 -0.605512 -0.407947 -1.267746 -1.473906 2.515708 0.667719 2.618537 0.145701 0.901274 1.860359 0.190819 10.806704 -0.045022 -1.064954 0.230538 3.266021
1 inf -7.989315 -0.623083 -0.399276 -1.253771 -1.445686 2.536566 0.699276 2.603271 0.146464 0.926946 1.851765 0.207579 10.862653 -0.054427 -1.095432 0.281016 3.258922
1 inf -7.989527 -0.673933 -0.392710 -1.267942 -1.412480 2.545029 0.735675 2.602277 0.137721 0.963376 1.850135 0.172889 10.854943 -0.082827 -1.103742 0.290409 3.257868
1 inf -7.975469 -0.660640 -0.392607 -1.303007 -1.381032 2.560908 0.740349 2.576504 0.115284 0.948851 1.811971 0.180408 10.845454 -0.080368 -1.102372 0.282150 3.266160
1 inf -7.961756 -0.688345 -0.390512 -1.331242 -1.349367 2.569928 0.754684 2.603171 0.119397 0.949306 1.764756 0.186634 10.837369 -0.041070 -1.085714 0.276948 3.260192
1 inf -7.992386 -0.674578 -0.387067 -1.346969 -1.347622 2.564821 0.714722 2.608096 0.111012 0.922902 1.779082 0.209921 10.813880 -0.054341 -1.103659 0.290688 3.231743
1 inf -7.989242 -0.725976 -0.389915 -1.381045 -1.339438 2.589211 0.736582 2.608390 0.132031 0.897466 1.767904 0.225255 10.805567 -0.053876 -1.071853 0.273822 3.249243
1 inf -7.966079 -0.692674 -0.366779 -1.354863 -1.358171 2.574635 0.729337 2.628515 0.159421 0.874492 1.717051 0.237190 10.806220 -0.020630 -1.056632 0.256961 3.230640
1 inf -7.972164 -0.685936 -0.384684 -1.301152 -1.350241 2.559554 0.720617 2.662737 0.156968 0.861258 1.695457 0.251753 10.801778 -0.002225 -1.051178 0.234076 3.215452
1 inf -7.996441 -0.692311 -0.368558 -1.297467 -1.339763 2.559979 0.733843 2.621410 0.162738 0.853503 1.709041 0.254796 10.813680 -0.005363 -1.080178 0.233865 3.227472
1 inf -7.987023 -0.719360 -0.384258 -1.288393 -1.347258 2.549195 0.710856 2.625806 0.142125 0.903881 1.679403 0.253101 10.821787 -0.014345 -1.079608 0.274013 3.223356
1 inf -7.969058 -0.749951 -0.380532 -1.302077 -1.316674 2.550427 0.695088 2.586789 0.114530 0.876670 1.692139 0.246726 10.860542 -0.001165 -1.079421 0.251396 3.159508
1 inf -7.968873 -0.749088 -0.358469 -1.324019 -1.334510 2.539509 0.710860 2.646459 0.148412 0.840318 1.670736 0.257461 10.847715 -0.002030 -1.122353 0.248873 3.169598
1 inf -8.001839 -0.795150 -0.376142 -1.313217 -1.309488 2.542991 0.709659 2.623404 0.148435 0.832711 1.650749 0.248695 10.873668 -0.018071 -1.121158 0.257476 3.177410
1 inf -8.021500 -0.791510 -0.417144 -1.349863 -1.329700 2.578275 0.682893 2.664929 0.139957 0.819690 1.644241 0.235326 10.912221 -0.028411 -1.157220 0.208934 3.220715
1 inf -7.998483 -0.787099 -0.417551 -1.369132 -1.306992 2.556004 0.705186 2.665005 0.141006 0.812967 1.664745 0.222580 10.947923 -0.030301 -1.190918 0.194447 3.209861
1 inf -7.995043 -0.754272 -0.426546 -1.378152 -1.373131 2.497115 0.685808 2.632001 0.141278 0.829075 1.627775 0.209881 10.975662 -0.043225 -1.203681 0.203282 3.182925
1 inf -7.983651 -0.746564 -0.398512 -1.388359 -1.346421 2.499462 0.716524 2.642316 0.143478 0.793724 1.660160 0.189237 10.969606 -0.074089 -1.213917 0.209933 3.153392
1 inf -7.987465 -0.766311 -0.429011 -1.380782 -1.382153 2.476804 0.740530 2.643501 0.128132 0.763396 1.655329 0.239767 10.970630 -0.071041 -1.197931 0.242095 3.161811
1 inf -7.988597 -0.793425 -0.439059 -1.378125 -1.403666 2.414524 0.730383 2.610055 0.095792 0.772211 1.670132 0.248277 10.986581 -0.074099 -1.227933 0.214638 3.149677
1 inf -7.964682 -0.801448 -0.436388 -1.402748 -1.369015 2.401750 0.711667 2.577852 0.112066 0.782294 1.673144 0.215691 10.974576 -0.042510 -1.213209 0.177398 3.174141
1 inf -7.946862 -0.771445 -0.446549 -1.416961 -1.378670 2.396034 0.704116 2.609384 0.115701 0.783315 1.677962 0.205908 10.993511 -0.017678 -1.230543 0.178596 3.156814
1 inf -7.921543 -0.784372 -0.440659 -1.416466 -1.360184 2.382462 0.721093 2.578857 0.148318 0.814544 1.690534 0.211972 11.008055 -0.011640 -1.254954 0.177058 3.154161
1 inf -7.905349 -0.813126 -0.441986 -1.439556 -1.358833 2.362148 0.697889 2.593532 0.141091 0.802476 1.700393 0.222003 11.035441 -0.017022 -1.245793 0.149609 3.183052
1 inf -7.884065 -0.849378 -0.441606 -1.460128 -1.374177 2.391494 0.713008 2.605825 0.156422 0.842681 1.711175 0.224331 11.041736 -0.037515 -1.254665 0.173894 3.145781
1 inf -7.895171 -0.840785 -0.428654 -1.474317 -1.390185 2.384558 0.751870 2.603759 0.168110 0.817661 1.714438 0.211162 11.044302 -0.053059 -1.256651 0.195954 3.125406
1 inf -7.875625 -0.858672 -0.458455 -1.484189 -1.394019 2.400437 0.767580 2.622743 0.218447 0.797030 1.683921 0.184916 10.990488 -0.072560 -1.212235 0.176436 3.133484
1 inf -7.879138 -0.879275 -0.443050 -1.527103 -1.408738 2.392255 0.746730 2.590924 0.246627 0.822666 1.661123 0.198266 10.997541 -0.075577 -1.197695 0.152022 3.119282
1 inf -7.883657 -0.897275 -0.438899 -1.523499 -1.386774 2.385653 0.704997 2.590426 0.273919 0.829430 1.647826 0.206000 11.008406 -0.055754 -1.189736 0.140582 3.097221
1 inf -7.882969 -0.920718 -0.433825 -1.555083 -1.318249 2.385721 0.698673 2.631538 0.297758 0.859422 1.670356 0.217384 10.983104 -0.043068 -1.197313 0.140284 3.095904
1 inf -7.872235 -0.922237 -0.474023 -1.518184 -1.374971 2.411571 0.706341 2.641903 0.301130 0.833693 1.662691 0.261701 10.952799 -0.007338 -1.212678 0.121349 3.107081
1 inf -7.899597 -0.924919 -0.491102 -1.483742 -1.377846 2.428045 0.689809 2.623263 0.283117 0.802079 1.629873 0.232581 10.945104 -0.007550 -1.184122 0.118673 3.086903
1 inf -7.875216 -0.909433 -0.478814 -1.460344 -1.340657 2.430426 0.680440 2.647796 0.287175 0.843419 1.655687 0.237513 10.943245 -0.005895 -1.225201 0.122108 3.099537
1 inf -7.868260 -0.902498 -0.475305 -1.478368 -1.318498 2.408985 0.634383 2.655173 0.286935 0.835551 1.608237 0.216039 10.928978 -0.012286 -1.232732 0.140924 3.106606
1 inf -7.874192 -0.893273 -0.510715 -1.460999 -1.317062 2.392630 0.664855 2.675604 0.327667 0.842059 1.604889 0.254795 10.938221 -0.008800 -1.234495 0.136406 3.118407
1 inf -7.887758 -0.898615 -0.516587 -1.439192 -1.329939 2.389512 0.651934 2.691002 0.299878 0.838664 1.564220 0.249313 10.952997 -0.013053 -1.216888 0.132751 3.097872
1 inf -7.923911 -0.871009 -0.538877 -1.442562 -1.377178 2.392738 0.646048 2.698744 0.313276 0.806921 1.522050 0.234617 10.922361 -0.056865 -1.229218 0.162863 3.094944
1 inf -7.906620 -0.852363 -0.505222 -1.418703 -1.397842 2.428332 0.668151 2.704569 0.301049 0.837632 1.541299 0.204523 10.910174 -0.030931 -1.248036 0.131019 3.118690
1 inf -7.909610 -0.829251 -0.526366 -1.433981 -1.402996 2.420188 0.675221 2.716498 0.298811 0.869213 1.579811 0.176079 10.880242 -0.038873 -1.298754 0.134516 3.086266
1 inf -7.894929 -0.823410 -0.527464 -1.424779 -1.407665 2.394950 0.686759 2.747302 0.298759 0.879029 1.572373 0.143405 10.901329 -0.038729 -1.319138 0.122775 3.100834
1 inf -7.927039 -0.804260 -0.561000 -1.424232 -1.419546 2.396655 0.712529 2.787172 0.302666 0.886604 1.565805 0.111339 10.900862 -0.037636 -1.353392 0.130702 3.126715
1 inf -7.903876 -0.770958 -0.537864 -1.398050 -1.438279 2.382079 0.705284 2.807297 0.330056 0.863630 1.514952 0.123274 10.901515 -0.004390 -1.338171 0.113841 3.108112
1 inf -7.932530 -0.741593 -0.590811 -1.416675 -1.427476 2.379393 0.725609 2.809341 0.358248 0.859002 1.504626 0.083688 10.888403 -0.026641 -1.361482 0.131256 3.109964
1 inf -7.931242 -0.756713 -0.585144 -1.421743 -1.394622 2.365521 0.727186 2.816990 0.360002 0.880032 1.505419 0.094886 10.911967 -0.050770 -1.338486 0.131209 3.160711
1 inf -7.935126 -0.748136 -0.560064 -1.438903 -1.409750 2.390869 0.724116 2.826030 0.363859 0.881636 1.517395 0.091009 10.898431 -0.046395 -1.286358 0.094759 3.157784
1 inf -7.950418 -0.741384 -0.501281 -1.421964 -1.429941 2.352440 0.688252 2.841369 0.388625 0.856939 1.536709 0.102218 10.902036 -0.069793 -1.275022 0.075709 3.102180
1 inf -7.973772 -0.731310 -0.530146 -1.420921 -1.445275 2.296650 0.702770 2.861750 0.399226 0.853598 1.542654 0.094966 10.880321 -0.067064 -1.249567 0.104161 3.083112
1 inf -7.996495 -0.715032 -0.541650 -1.416053 -1.415652 2.282696 0.733498 2.843446 0.402092 0.866487 1.564463 0.111593 10.886132 -0.034167 -1.235747 0.086694 3.123399
1 inf -7.994038 -0.731546 -0.542635 -1.445316 -1.418800 2.264753 0.686975 2.877868 0.429561 0.893495 1.568583 0.092817 10.867433 -0.023246 -1.215376 0.126671 3.058824
1 inf -7.995047 -0.718173 -0.559561 -1.441999 -1.432826 2.254158 0.662381 2.885166 0.458307 0.930758 1.586819 0.109364 10.881095 -0.010862 -1.201311 0.083368 3.086002
1 inf -8.039560 -0.713279 -0.543917 -1.438481 -1.452648 2.276237 0.662216 2.890262 0.466087 0.971987 1.577583 0.113039 10.851806 -0.029443 -1.210302 0.091974 3.131429
1 inf -8.011348 -0.692435 -0.499470 -1.461537 -1.451657 2.269927 0.632979 2.896552 0.483794 0.979464 1.580412 0.118790 10.853339 -0.056753 -1.164403 0.094218 3.166683
1 inf -7.997797 -0.721736 -0.471061 -1.448908 -1.460770 2.304906 0.591369 2.899257 0.511130 0.993859 1.601075 0.142861 10.836782 -0.076860 -1.149734 0.123521 3.188642
1 inf -8.007099 -0.715349 -0.479268 -1.458839 -1.514374 2.311286 0.571799 2.891874 0.529453 0.964352 1.601026 0.154858 10.847615 -0.041109 -1.194806 0.134502 3.186490
1 inf -8.019146 -0.747657 -0.494956 -1.482341 -1.507248 2.293657 0.547277 2.900244 0.550166 0.961959 1.630951 0.145670 10.840012 -0.057829 -1.209586 0.154382 3.179510
1 inf -7.999285 -0.754138 -0.506677 -1.505876 -1.495968 2.309289 0.569436 2.892009 0.508026 0.985272 1.611621 0.129694 10.849451 -0.048554 -1.215919 0.153557 3.116390
1 inf -7.971131 -0.741439 -0.482943 -1.474746 -1.471388 2.295005 0.575721 2.931086 0.497316 0.968175 1.632381 0.123644 10.825951 -0.041656 -1.210124 0.134824 3.109802
1 inf -7.964202 -0.768459 -0.465345 -1.483406 -1.484158 2.293805 0.601905 2.972342 0.508961 0.964272 1.598942 0.137696 10.835245 -0.084012 -1.194148 0.109735 3.083169
1 inf -7.947156 -0.789250 -0.482590 -1.506369 -1.429647 2.247830 0.630264 2.975957 0.508660 0.964541 1.617380 0.145415 10.852820 -0.061747 -1.208586 0.103468 3.053894
1 inf -7.908973 -0.756133 -0.468247 -1.543226 -1.464295 2.259588 0.653274 2.946247 0.479770 0.951771 1.621322 0.110840 10.826684 -0.091507 -1.198830 0.106264 3.045485
1 inf -7.911677 -0.761065 -0.462884 -1.574188 -1.475670 2.241897 0.664037 2.979542 0.458321 0.942111 1.626184 0.113537 10.796093 -0.066668 -1.199178 0.123770 3.000914
1 inf -7.928750 -0.783938 -0.480452 -1.530351 -1.443501 2.222852 0.697147 2.957212 0.459663 0.972317 1.634620 0.097283 10.842275 -0.091740 -1.195193 0.121214 3.015561
1 inf -7.939113 -0.801343 -0.511562 -1.494674 -1.453640 2.219391 0.707630 2.945830 0.457615 0.959679 1.633529 0.117556 10.839905 -0.066111 -1.150132 0.119056 3.072825
1 inf -7.918638 -0.845628 -0.506445 -1.493982 -1.472104 2.219362 0.739850 2.946896 0.452669 0.949709 1.635338 0.103638 10.845194 -0.094332 -1.148817 0.143315 3.079021
1 inf -7.933481 -0.848895 -0.494406 -1.488688 -1.476566 2.213557 0.737479 2.934194 0.430161 0.965595 1.647439 0.131875 10.806090 -0.105170 -1.079933 0.166386 3.125684
1 inf -7.942656 -0.848860 -0.539477 -1.483175 -1.470631 2.182412 0.769857 2.919611 0.396377 0.943101 1.649728 0.125757 10.820886 -0.084606 -1.086314 0.134573 3.105934
1 inf -7.976307 -0.823929 -0.567676 -1.489441 -1.471023 2.255621 0.762225 2.932650 0.392445 0.936079 1.645248 0.110847 10.866605 -0.093813 -1.091319 0.172092 3.106636
1 inf -7.987961 -0.832913 -0.570355 -1.491063 -1.444403 2.274084 0.740319 2.980997 0.389330 0.935205 1.648059 0.112147 10.853129 -0.077485 -1.082610 0.175456 3.122862
1 inf -7.997861 -0.834908 -0.543941 -1.485527 -1.438950 2.254704 0.762050 2.994601 0.422766 0.920753 1.665340 0.142308 10.802327 -0.058025 -1.094409 0.170379 3.152175
1 inf -7.979932 -0.806080 -0.508281 -1.517365 -1.434225 2.245593 0.743729 2.975392 0.433183 0.922897 1.665844 0.144867 10.810562 -0.076596 -1.060210 0.196966 3.145734
1 inf -8.005151 -0.786402 -0.497817 -1.510487 -1.453101 2.246518 0.755294 2.977452 0.408800 0.907642 1.674917 0.138334 10.812319 -0.091732 -1.049339 0.202645 3.165027
1 inf -8.010613 -0.810420 -0.504437 -1.510738 -1.446967 2.259755 0.761937 2.992862 0.425520 0.893317 1.671967 0.118092 10.818293 -0.078387 -1.059317 0.200533 3.184426
1 inf -7.999716 -0.795597 -0.505953 -1.531579 -1.437901 2.275267 0.786781 2.960200 0.438770 0.903646 1.695237 0.088144 10.788869 -0.083201 -1.066283 0.224171 3.204524
1 inf -7.978189 -0.808451 -0.513348 -1.525223 -1.447333 2.235665 0.773569 2.949931 0.398274 0.879243 1.688210 0.101520 10.794118 -0.046743 -1.083797 0.229770 3.213944
1 inf -7.947856 -0.814138 -0.521188 -1.539936 -1.445605 2.250475 0.770595 2.933333 0.381471 0.894317 1.646389 0.100502 10.791830 -0.001725 -1.123975 0.210826 3.198399
1 inf -7.924693 -0.780836 -0.498052 -1.513754 -1.464338 2.235899 0.763350 2.953458 0.408861 0.871343 1.595536 0.112437 10.792483 -0.018586 -1.142578 0.219294 3.199995
1 inf -7.915093 -0.783134 -0.471553 -1.505109 -1.472410 2.249430 0.766880 2.913834 0.427762 0.864927 1.560610 0.098048 10.745421 -0.023665 -1.146913 0.260652 3.191596
1 inf -7.907055 -0.799184 -0.470598 -1.538694 -1.459692 2.229146 0.749839 2.919113 0.419629 0.901210 1.522610 0.076407 10.766773 -0.061242 -1.129623 0.272807 3.201158
1 inf -7.904385 -0.798863 -0.507780 -1.536072 -1.426745 2.200777 0.714806 2.923884 0.432073 0.947883 1.518256 0.083464 10.754127 -0.061926 -1.119004 0.240256 3.184168
1 inf -7.925586 -0.807712 -0.501298 -1.534526 -1.420923 2.192538 0.725300 2.898187 0.461000 0.935652 1.530343 0.074634 10.793649 -0.107078 -1.103244 0.237876 3.190325
1 inf -7.912803 -0.793080 -0.490091 -1.534501 -1.423379 2.210686 0.706747 2.855834 0.423132 0.933157 1.539707 0.072877 10.797754 -0.111921 -1.148415 0.242369 3.176058
1 inf -7.918689 -0.791876 -0.533381 -1.544298 -1.440841 2.187242 0.676917 2.838460 0.408254 0.939718 1.516131 0.090768 10.815605 -0.097782 -1.151849 0.255472 3.193224
1 inf -7.937726 -0.777526 -0.551260 -1.543560 -1.449469 2.179186 0.666523 2.845840 0.435850 0.912961 1.523710 0.031528 10.802022 -0.109064 -1.127656 0.228224 3.163933
