1 inf -8.391864 -0.830626 -0.532979 -2.422183 -1.812468 3.202153 -0.444293 2.501528 0.254886 0.774696 2.837267 -0.077894 10.678430 -0.362224 -0.295415 -0.450082 3.581084
1 inf -8.413881 -0.852559 -0.544442 -2.416244 -1.804578 3.235930 -0.409121 2.496192 0.199892 0.769459 2.820728 -0.045952 10.678090 -0.384922 -0.286787 -0.444243 3.591404
1 inf -8.416839 -0.854413 -0.566454 -2.398434 -1.818021 3.214462 -0.403144 2.497638 0.203203 0.790825 2.809587 -0.023158 10.658571 -0.404604 -0.273010 -0.460821 3.606070
1 inf -8.377369 -0.887261 -0.569647 -2.392819 -1.814300 3.158424 -0.425875 2.487373 0.187384 0.795226 2.812587 -0.037814 10.679143 -0.408575 -0.232023 -0.471021 3.597375
1 inf -8.375299 -0.853743 -0.546464 -2.400461 -1.832838 3.139052 -0.471069 2.495557 0.193492 0.792466 2.810804 -0.047514 10.660653 -0.430364 -0.264281 -0.444784 3.610443
1 inf -8.387259 -0.843214 -0.491719 -2.398954 -1.800592 3.133513 -0.479272 2.526950 0.166056 0.793396 2.778424 -0.031869 10.678904 -0.403273 -0.264501 -0.438023 3.604132
1 inf -8.413855 -0.833801 -0.451404 -2.369896 -1.853111 3.128292 -0.478179 2.518796 0.173589 0.796439 2.813560 -0.041943 10.676780 -0.412230 -0.279122 -0.430582 3.601990
1 inf -8.425565 -0.834243 -0.447130 -2.366879 -1.856420 3.144979 -0.501691 2.507300 0.162115 0.773200 2.834690 -0.049612 10.705315 -0.436091 -0.315701 -0.442381 3.596765
1 303.12199 -8.417749 -0.845689 -0.457464 -2.339184 -1.843334 3.122786 -0.457161 2.544336 0.168164 0.761385 2.823197 -0.041600 10.696462 -0.405766 -0.308858 -0.496465 3.603677
1 303.12199 -8.417749 -0.845689 -0.457464 -2.339184 -1.843334 3.122786 -0.457161 2.544336 0.168164 0.761385 2.823197 -0.041600 10.696462 -0.405766 -0.308858 -0.496465 3.603677
1 303.12199 -8.417749 -0.845689 -0.457464 -2.339184 -1.843334 3.122786 -0.457161 2.544336 0.168164 0.761385 2.823197 -0.041600 10.696462 -0.405766 -0.308858 -0.496465 3.603677
1 303.12199 -8.417749 -0.845689 -0.457464 -2.339184 -1.843334 3.122786 -0.457161 2.544336 0.168164 0.761385 2.823197 -0.041600 10.696462 -0.405766 -0.308858 -0.496465 3.603677
1 296.81317 -8.414472 -0.820835 -0.449295 -2.316511 -1.845420 3.122796 -0.438815 2.507393 0.174978 0.743080 2.806503 -0.066871 10.689870 -0.400007 -0.314008 -0.531253 3.616915
1 264.47039 -8.416873 -0.841499 -0.471595 -2.312339 -1.891603 3.090094 -0.412670 2.549775 0.169583 0.740933 2.814382 -0.047017 10.687095 -0.377310 -0.326678 -0.481109 3.587334
1 258.1432 -8.386430 -0.830909 -0.432583 -2.320941 -1.862279 3.142899 -0.397906 2.574047 0.177549 0.775470 2.849642 -0.062346 10.705349 -0.364984 -0.335611 -0.466495 3.591843
1 258.1432 -8.386430 -0.830909 -0.432583 -2.320941 -1.862279 3.142899 -0.397906 2.574047 0.177549 0.775470 2.849642 -0.062346 10.705349 -0.364984 -0.335611 -0.466495 3.591843
1 258.1432 -8.386430 -0.830909 -0.432583 -2.320941 -1.862279 3.142899 -0.397906 2.574047 0.177549 0.775470 2.849642 -0.062346 10.705349 -0.364984 -0.335611 -0.466495 3.591843
1 241.37704 -8.371693 -0.877383 -0.430518 -2.312271 -1.869799 3.172128 -0.394347 2.564181 0.212088 0.775882 2.827161 -0.082175 10.678804 -0.375538 -0.336899 -0.496489 3.582309
1 234.96601 -8.355453 -0.850352 -0.439770 -2.280703 -1.892890 3.206315 -0.393674 2.565673 0.255857 0.785091 2.871177 -0.080791 10.690790 -0.396771 -0.301825 -0.498156 3.543974
1 230.53528 -8.370191 -0.850625 -0.421933 -2.272176 -1.893388 3.218345 -0.422753 2.570775 0.273890 0.765076 2.868312 -0.096160 10.705006 -0.371348 -0.257587 -0.488542 3.519995
1 223.6664 -8.377238 -0.826540 -0.400452 -2.315853 -1.895423 3.190884 -0.413419 2.553855 0.275207 0.768824 2.875969 -0.091822 10.743217 -0.327461 -0.234925 -0.508752 3.494237
1 223.6664 -8.377238 -0.826540 -0.400452 -2.315853 -1.895423 3.190884 -0.413419 2.553855 0.275207 0.768824 2.875969 -0.091822 10.743217 -0.327461 -0.234925 -0.508752 3.494237
1 178.30884 -8.401713 -0.834666 -0.368167 -2.294917 -1.885501 3.163437 -0.409448 2.541125 0.287986 0.775268 2.863316 -0.100721 10.727050 -0.308787 -0.226871 -0.502705 3.531865
1 128.95181 -8.400243 -0.839787 -0.373602 -2.301455 -1.891473 3.116845 -0.408639 2.546560 0.316072 0.783277 2.830799 -0.122850 10.725272 -0.322047 -0.201359 -0.525469 3.548367
1 128.95181 -8.400243 -0.839787 -0.373602 -2.301455 -1.891473 3.116845 -0.408639 2.546560 0.316072 0.783277 2.830799 -0.122850 10.725272 -0.322047 -0.201359 -0.525469 3.548367
1 127.93558 -8.411582 -0.831096 -0.373205 -2.295899 -1.899729 3.116436 -0.395684 2.579748 0.310360 0.800762 2.811158 -0.121588 10.761454 -0.272810 -0.220900 -0.560975 3.567374
1 127.93558 -8.411582 -0.831096 -0.373205 -2.295899 -1.899729 3.116436 -0.395684 2.579748 0.310360 0.800762 2.811158 -0.121588 10.761454 -0.272810 -0.220900 -0.560975 3.567374
1 127.93558 -8.411582 -0.831096 -0.373205 -2.295899 -1.899729 3.116436 -0.395684 2.579748 0.310360 0.800762 2.811158 -0.121588 10.761454 -0.272810 -0.220900 -0.560975 3.567374
1 127.93558 -8.411582 -0.831096 -0.373205 -2.295899 -1.899729 3.116436 -0.395684 2.579748 0.310360 0.800762 2.811158 -0.121588 10.761454 -0.272810 -0.220900 -0.560975 3.567374
1 126.97889 -8.406839 -0.778090 -0.321917 -2.269605 -1.944443 3.071405 -0.404018 2.629397 0.272545 0.800987 2.765666 -0.114920 10.776060 -0.279358 -0.213399 -0.574625 3.546831
1 126.97889 -8.406839 -0.778090 -0.321917 -2.269605 -1.944443 3.071405 -0.404018 2.629397 0.272545 0.800987 2.765666 -0.114920 10.776060 -0.279358 -0.213399 -0.574625 3.546831
1 125.96045 -8.408765 -0.823472 -0.297775 -2.283139 -1.907756 3.036115 -0.393022 2.621585 0.271083 0.819047 2.787828 -0.136804 10.794397 -0.266411 -0.191122 -0.597783 3.570277
1 125.96045 -8.408765 -0.823472 -0.297775 -2.283139 -1.907756 3.036115 -0.393022 2.621585 0.271083 0.819047 2.787828 -0.136804 10.794397 -0.266411 -0.191122 -0.597783 3.570277
1 125.96045 -8.408765 -0.823472 -0.297775 -2.283139 -1.907756 3.036115 -0.393022 2.621585 0.271083 0.819047 2.787828 -0.136804 10.794397 -0.266411 -0.191122 -0.597783 3.570277
1 119.17548 -8.407202 -0.796106 -0.264254 -2.270787 -1.901640 3.016106 -0.403879 2.671587 0.270646 0.815385 2.780680 -0.149817 10.795398 -0.263720 -0.186589 -0.580070 3.596135
1 119.17548 -8.407202 -0.796106 -0.264254 -2.270787 -1.901640 3.016106 -0.403879 2.671587 0.270646 0.815385 2.780680 -0.149817 10.795398 -0.263720 -0.186589 -0.580070 3.596135
1 119.17548 -8.407202 -0.796106 -0.264254 -2.270787 -1.901640 3.016106 -0.403879 2.671587 0.270646 0.815385 2.780680 -0.149817 10.795398 -0.263720 -0.186589 -0.580070 3.596135
1 119.17548 -8.407202 -0.796106 -0.264254 -2.270787 -1.901640 3.016106 -0.403879 2.671587 0.270646 0.815385 2.780680 -0.149817 10.795398 -0.263720 -0.186589 -0.580070 3.596135
1 119.17548 -8.407202 -0.796106 -0.264254 -2.270787 -1.901640 3.016106 -0.403879 2.671587 0.270646 0.815385 2.780680 -0.149817 10.795398 -0.263720 -0.186589 -0.580070 3.596135
1 118.11577 -8.430521 -0.823829 -0.248256 -2.300567 -1.919501 3.037054 -0.389442 2.702958 0.268085 0.821021 2.792347 -0.188771 10.765119 -0.298394 -0.172812 -0.577881 3.577803
1 118.11577 -8.430521 -0.823829 -0.248256 -2.300567 -1.919501 3.037054 -0.389442 2.702958 0.268085 0.821021 2.792347 -0.188771 10.765119 -0.298394 -0.172812 -0.577881 3.577803
1 118.11577 -8.430521 -0.823829 -0.248256 -2.300567 -1.919501 3.037054 -0.389442 2.702958 0.268085 0.821021 2.792347 -0.188771 10.765119 -0.298394 -0.172812 -0.577881 3.577803
1 115.58389 -8.418903 -0.853418 -0.220796 -2.287532 -1.898700 3.006287 -0.404774 2.669965 0.272234 0.837879 2.773126 -0.197704 10.748358 -0.294317 -0.169411 -0.544892 3.590367
1 115.58389 -8.418903 -0.853418 -0.220796 -2.287532 -1.898700 3.006287 -0.404774 2.669965 0.272234 0.837879 2.773126 -0.197704 10.748358 -0.294317 -0.169411 -0.544892 3.590367
1 112.17389 -8.416358 -0.882900 -0.239793 -2.336595 -1.869408 2.981527 -0.407708 2.651943 0.263618 0.845961 2.771145 -0.198579 10.714594 -0.312256 -0.183337 -0.533761 3.601990
1 112.17389 -8.416358 -0.882900 -0.239793 -2.336595 -1.869408 2.981527 -0.407708 2.651943 0.263618 0.845961 2.771145 -0.198579 10.714594 -0.312256 -0.183337 -0.533761 3.601990
1 112.17389 -8.416358 -0.882900 -0.239793 -2.336595 -1.869408 2.981527 -0.407708 2.651943 0.263618 0.845961 2.771145 -0.198579 10.714594 -0.312256 -0.183337 -0.533761 3.601990
1 112.17389 -8.416358 -0.882900 -0.239793 -2.336595 -1.869408 2.981527 -0.407708 2.651943 0.263618 0.845961 2.771145 -0.198579 10.714594 -0.312256 -0.183337 -0.533761 3.601990
1 112.17389 -8.416358 -0.882900 -0.239793 -2.336595 -1.869408 2.981527 -0.407708 2.651943 0.263618 0.845961 2.771145 -0.198579 10.714594 -0.312256 -0.183337 -0.533761 3.601990
1 112.17389 -8.416358 -0.882900 -0.239793 -2.336595 -1.869408 2.981527 -0.407708 2.651943 0.263618 0.845961 2.771145 -0.198579 10.714594 -0.312256 -0.183337 -0.533761 3.601990
1 112.17389 -8.416358 -0.882900 -0.239793 -2.336595 -1.869408 2.981527 -0.407708 2.651943 0.263618 0.845961 2.771145 -0.198579 10.714594 -0.312256 -0.183337 -0.533761 3.601990
1 112.17389 -8.416358 -0.882900 -0.239793 -2.336595 -1.869408 2.981527 -0.407708 2.651943 0.263618 0.845961 2.771145 -0.198579 10.714594 -0.312256 -0.183337 -0.533761 3.601990
1 112.17389 -8.416358 -0.882900 -0.239793 -2.336595 -1.869408 2.981527 -0.407708 2.651943 0.263618 0.845961 2.771145 -0.198579 10.714594 -0.312256 -0.183337 -0.533761 3.601990
1 112.17389 -8.416358 -0.882900 -0.239793 -2.336595 -1.869408 2.981527 -0.407708 2.651943 0.263618 0.845961 2.771145 -0.198579 10.714594 -0.312256 -0.183337 -0.533761 3.601990
1 112.17389 -8.416358 -0.882900 -0.239793 -2.336595 -1.869408 2.981527 -0.407708 2.651943 0.263618 0.845961 2.771145 -0.198579 10.714594 -0.312256 -0.183337 -0.533761 3.601990
1 112.17389 -8.416358 -0.882900 -0.239793 -2.336595 -1.869408 2.981527 -0.407708 2.651943 0.263618 0.845961 2.771145 -0.198579 10.714594 -0.312256 -0.183337 -0.533761 3.601990
1 112.17389 -8.416358 -0.882900 -0.239793 -2.336595 -1.869408 2.981527 -0.407708 2.651943 0.263618 0.845961 2.771145 -0.198579 10.714594 -0.312256 -0.183337 -0.533761 3.601990
1 112.17389 -8.416358 -0.882900 -0.239793 -2.336595 -1.869408 2.981527 -0.407708 2.651943 0.263618 0.845961 2.771145 -0.198579 10.714594 -0.312256 -0.183337 -0.533761 3.601990
1 112.17389 -8.416358 -0.882900 -0.239793 -2.336595 -1.869408 2.981527 -0.407708 2.651943 0.263618 0.845961 2.771145 -0.198579 10.714594 -0.312256 -0.183337 -0.533761 3.601990
1 112.17389 -8.416358 -0.882900 -0.239793 -2.336595 -1.869408 2.981527 -0.407708 2.651943 0.263618 0.845961 2.771145 -0.198579 10.714594 -0.312256 -0.183337 -0.533761 3.601990
1 112.17389 -8.416358 -0.882900 -0.239793 -2.336595 -1.869408 2.981527 -0.407708 2.651943 0.263618 0.845961 2.771145 -0.198579 10.714594 -0.312256 -0.183337 -0.533761 3.601990
1 105.88616 -8.409674 -0.872932 -0.249414 -2.347801 -1.879498 2.998963 -0.410806 2.626872 0.275683 0.849320 2.756255 -0.201899 10.689865 -0.336783 -0.153126 -0.545916 3.601814
1 105.88616 -8.409674 -0.872932 -0.249414 -2.347801 -1.879498 2.998963 -0.410806 2.626872 0.275683 0.849320 2.756255 -0.201899 10.689865 -0.336783 -0.153126 -0.545916 3.601814
1 105.88616 -8.409674 -0.872932 -0.249414 -2.347801 -1.879498 2.998963 -0.410806 2.626872 0.275683 0.849320 2.756255 -0.201899 10.689865 -0.336783 -0.153126 -0.545916 3.601814
1 105.88616 -8.409674 -0.872932 -0.249414 -2.347801 -1.879498 2.998963 -0.410806 2.626872 0.275683 0.849320 2.756255 -0.201899 10.689865 -0.336783 -0.153126 -0.545916 3.601814
1 105.88616 -8.409674 -0.872932 -0.249414 -2.347801 -1.879498 2.998963 -0.410806 2.626872 0.275683 0.849320 2.756255 -0.201899 10.689865 -0.336783 -0.153126 -0.545916 3.601814
1 105.88616 -8.409674 -0.872932 -0.249414 -2.347801 -1.879498 2.998963 -0.410806 2.626872 0.275683 0.849320 2.756255 -0.201899 10.689865 -0.336783 -0.153126 -0.545916 3.601814
1 104.62107 -8.414147 -0.869914 -0.268672 -2.321172 -1.910122 3.008275 -0.385801 2.638373 0.275222 0.869449 2.746906 -0.234082 10.687460 -0.323306 -0.121271 -0.500211 3.615962
1 104.62107 -8.414147 -0.869914 -0.268672 -2.321172 -1.910122 3.008275 -0.385801 2.638373 0.275222 0.869449 2.746906 -0.234082 10.687460 -0.323306 -0.121271 -0.500211 3.615962
1 104.62107 -8.414147 -0.869914 -0.268672 -2.321172 -1.910122 3.008275 -0.385801 2.638373 0.275222 0.869449 2.746906 -0.234082 10.687460 -0.323306 -0.121271 -0.500211 3.615962
1 104.62107 -8.414147 -0.869914 -0.268672 -2.321172 -1.910122 3.008275 -0.385801 2.638373 0.275222 0.869449 2.746906 -0.234082 10.687460 -0.323306 -0.121271 -0.500211 3.615962
1 104.62107 -8.414147 -0.869914 -0.268672 -2.321172 -1.910122 3.008275 -0.385801 2.638373 0.275222 0.869449 2.746906 -0.234082 10.687460 -0.323306 -0.121271 -0.500211 3.615962
1 104.62107 -8.414147 -0.869914 -0.268672 -2.321172 -1.910122 3.008275 -0.385801 2.638373 0.275222 0.869449 2.746906 -0.234082 10.687460 -0.323306 -0.121271 -0.500211 3.615962
1 104.62107 -8.414147 -0.869914 -0.268672 -2.321172 -1.910122 3.008275 -0.385801 2.638373 0.275222 0.869449 2.746906 -0.234082 10.687460 -0.323306 -0.121271 -0.500211 3.615962
1 104.62107 -8.414147 -0.869914 -0.268672 -2.321172 -1.910122 3.008275 -0.385801 2.638373 0.275222 0.869449 2.746906 -0.234082 10.687460 -0.323306 -0.121271 -0.500211 3.615962
1 102.12699 -8.436595 -0.862638 -0.260882 -2.292132 -1.901067 2.997454 -0.385707 2.643100 0.274305 0.855519 2.752897 -0.204368 10.669820 -0.326778 -0.112700 -0.509425 3.595808
1 102.12699 -8.436595 -0.862638 -0.260882 -2.292132 -1.901067 2.997454 -0.385707 2.643100 0.274305 0.855519 2.752897 -0.204368 10.669820 -0.326778 -0.112700 -0.509425 3.595808
1 102.12699 -8.436595 -0.862638 -0.260882 -2.292132 -1.901067 2.997454 -0.385707 2.643100 0.274305 0.855519 2.752897 -0.204368 10.669820 -0.326778 -0.112700 -0.509425 3.595808
1 102.12699 -8.436595 -0.862638 -0.260882 -2.292132 -1.901067 2.997454 -0.385707 2.643100 0.274305 0.855519 2.752897 -0.204368 10.669820 -0.326778 -0.112700 -0.509425 3.595808
1 102.12699 -8.436595 -0.862638 -0.260882 -2.292132 -1.901067 2.997454 -0.385707 2.643100 0.274305 0.855519 2.752897 -0.204368 10.669820 -0.326778 -0.112700 -0.509425 3.595808
1 100.42185 -8.472691 -0.858456 -0.265142 -2.289907 -1.868698 2.987352 -0.395169 2.647652 0.304951 0.849723 2.752692 -0.202325 10.647671 -0.371431 -0.100426 -0.508215 3.598928
1 100.42185 -8.472691 -0.858456 -0.265142 -2.289907 -1.868698 2.987352 -0.395169 2.647652 0.304951 0.849723 2.752692 -0.202325 10.647671 -0.371431 -0.100426 -0.508215 3.598928
1 97.18214 -8.470717 -0.859387 -0.274911 -2.294654 -1.835245 3.019325 -0.383173 2.664275 0.316735 0.854252 2.739293 -0.207314 10.612561 -0.356662 -0.113184 -0.482596 3.595575
1 97.18214 -8.470717 -0.859387 -0.274911 -2.294654 -1.835245 3.019325 -0.383173 2.664275 0.316735 0.854252 2.739293 -0.207314 10.612561 -0.356662 -0.113184 -0.482596 3.595575
1 97.18214 -8.470717 -0.859387 -0.274911 -2.294654 -1.835245 3.019325 -0.383173 2.664275 0.316735 0.854252 2.739293 -0.207314 10.612561 -0.356662 -0.113184 -0.482596 3.595575
1 94.387747 -8.459375 -0.857797 -0.265752 -2.285350 -1.832277 2.999985 -0.413101 2.662814 0.315496 0.838934 2.722400 -0.206322 10.605759 -0.355656 -0.128216 -0.457283 3.617567
1 94.387747 -8.459375 -0.857797 -0.265752 -2.285350 -1.832277 2.999985 -0.413101 2.662814 0.315496 0.838934 2.722400 -0.206322 10.605759 -0.355656 -0.128216 -0.457283 3.617567
1 94.387747 -8.459375 -0.857797 -0.265752 -2.285350 -1.832277 2.999985 -0.413101 2.662814 0.315496 0.838934 2.722400 -0.206322 10.605759 -0.355656 -0.128216 -0.457283 3.617567
1 94.387747 -8.459375 -0.857797 -0.265752 -2.285350 -1.832277 2.999985 -0.413101 2.662814 0.315496 0.838934 2.722400 -0.206322 10.605759 -0.355656 -0.128216 -0.457283 3.617567
1 94.387747 -8.459375 -0.857797 -0.265752 -2.285350 -1.832277 2.999985 -0.413101 2.662814 0.315496 0.838934 2.722400 -0.206322 10.605759 -0.355656 -0.128216 -0.457283 3.617567
1 81.54018 -8.452638 -0.811388 -0.293483 -2.294082 -1.836966 3.005446 -0.401837 2.688832 0.300761 0.834473 2.729004 -0.212581 10.556501 -0.374878 -0.147823 -0.466531 3.627521
1 81.54018 -8.452638 -0.811388 -0.293483 -2.294082 -1.836966 3.005446 -0.401837 2.688832 0.300761 0.834473 2.729004 -0.212581 10.556501 -0.374878 -0.147823 -0.466531 3.627521
1 81.54018 -8.452638 -0.811388 -0.293483 -2.294082 -1.836966 3.005446 -0.401837 2.688832 0.300761 0.834473 2.729004 -0.212581 10.556501 -0.374878 -0.147823 -0.466531 3.627521
1 81.54018 -8.452638 -0.811388 -0.293483 -2.294082 -1.836966 3.005446 -0.401837 2.688832 0.300761 0.834473 2.729004 -0.212581 10.556501 -0.374878 -0.147823 -0.466531 3.627521
1 77.603379 -8.450039 -0.827360 -0.318489 -2.316156 -1.836046 3.020425 -0.383156 2.691302 0.256788 0.849110 2.732622 -0.248183 10.544351 -0.367167 -0.148785 -0.424703 3.616616
1 77.603379 -8.450039 -0.827360 -0.318489 -2.316156 -1.836046 3.020425 -0.383156 2.691302 0.256788 0.849110 2.732622 -0.248183 10.544351 -0.367167 -0.148785 -0.424703 3.616616
1 75.068646 -8.457041 -0.818206 -0.314061 -2.290054 -1.816339 2.985297 -0.408090 2.684259 0.279406 0.826657 2.761413 -0.261006 10.540883 -0.368046 -0.147790 -0.412422 3.644135
1 75.068646 -8.457041 -0.818206 -0.314061 -2.290054 -1.816339 2.985297 -0.408090 2.684259 0.279406 0.826657 2.761413 -0.261006 10.540883 -0.368046 -0.147790 -0.412422 3.644135
1 75.068646 -8.457041 -0.818206 -0.314061 -2.290054 -1.816339 2.985297 -0.408090 2.684259 0.279406 0.826657 2.761413 -0.261006 10.540883 -0.368046 -0.147790 -0.412422 3.644135
1 75.068646 -8.457041 -0.818206 -0.314061 -2.290054 -1.816339 2.985297 -0.408090 2.684259 0.279406 0.826657 2.761413 -0.261006 10.540883 -0.368046 -0.147790 -0.412422 3.644135
1 75.068646 -8.457041 -0.818206 -0.314061 -2.290054 -1.816339 2.985297 -0.408090 2.684259 0.279406 0.826657 2.761413 -0.261006 10.540883 -0.368046 -0.147790 -0.412422 3.644135
1 75.068646 -8.457041 -0.818206 -0.314061 -2.290054 -1.816339 2.985297 -0.408090 2.684259 0.279406 0.826657 2.761413 -0.261006 10.540883 -0.368046 -0.147790 -0.412422 3.644135
1 75.068646 -8.457041 -0.818206 -0.314061 -2.290054 -1.816339 2.985297 -0.408090 2.684259 0.279406 0.826657 2.761413 -0.261006 10.540883 -0.368046 -0.147790 -0.412422 3.644135
1 75.068646 -8.457041 -0.818206 -0.314061 -2.290054 -1.816339 2.985297 -0.408090 2.684259 0.279406 0.826657 2.761413 -0.261006 10.540883 -0.368046 -0.147790 -0.412422 3.644135
1 75.068646 -8.457041 -0.818206 -0.314061 -2.290054 -1.816339 2.985297 -0.408090 2.684259 0.279406 0.826657 2.761413 -0.261006 10.540883 -0.368046 -0.147790 -0.412422 3.644135
1 75.068646 -8.457041 -0.818206 -0.314061 -2.290054 -1.816339 2.985297 -0.408090 2.684259 0.279406 0.826657 2.761413 -0.261006 10.540883 -0.368046 -0.147790 -0.412422 3.644135
1 75.068646 -8.457041 -0.818206 -0.314061 -2.290054 -1.816339 2.985297 -0.408090 2.684259 0.279406 0.826657 2.761413 -0.261006 10.540883 -0.368046 -0.147790 -0.412422 3.644135
1 75.068646 -8.457041 -0.818206 -0.314061 -2.290054 -1.816339 2.985297 -0.408090 2.684259 0.279406 0.826657 2.761413 -0.261006 10.540883 -0.368046 -0.147790 -0.412422 3.644135
1 75.068646 -8.457041 -0.818206 -0.314061 -2.290054 -1.816339 2.985297 -0.408090 2.684259 0.279406 0.826657 2.761413 -0.261006 10.540883 -0.368046 -0.147790 -0.412422 3.644135
1 75.068646 -8.457041 -0.818206 -0.314061 -2.290054 -1.816339 2.985297 -0.408090 2.684259 0.279406 0.826657 2.761413 -0.261006 10.540883 -0.368046 -0.147790 -0.412422 3.644135
1 75.068646 -8.457041 -0.818206 -0.314061 -2.290054 -1.816339 2.985297 -0.408090 2.684259 0.279406 0.826657 2.761413 -0.261006 10.540883 -0.368046 -0.147790 -0.412422 3.644135
1 75.068646 -8.457041 -0.818206 -0.314061 -2.290054 -1.816339 2.985297 -0.408090 2.684259 0.279406 0.826657 2.761413 -0.261006 10.540883 -0.368046 -0.147790 -0.412422 3.644135
1 75.068646 -8.457041 -0.818206 -0.314061 -2.290054 -1.816339 2.985297 -0.408090 2.684259 0.279406 0.826657 2.761413 -0.261006 10.540883 -0.368046 -0.147790 -0.412422 3.644135
1 75.068646 -8.457041 -0.818206 -0.314061 -2.290054 -1.816339 2.985297 -0.408090 2.684259 0.279406 0.826657 2.761413 -0.261006 10.540883 -0.368046 -0.147790 -0.412422 3.644135
1 75.068646 -8.457041 -0.818206 -0.314061 -2.290054 -1.816339 2.985297 -0.408090 2.684259 0.279406 0.826657 2.761413 -0.261006 10.540883 -0.368046 -0.147790 -0.412422 3.644135
1 75.068646 -8.457041 -0.818206 -0.314061 -2.290054 -1.816339 2.985297 -0.408090 2.684259 0.279406 0.826657 2.761413 -0.261006 10.540883 -0.368046 -0.147790 -0.412422 3.644135
1 75.068646 -8.457041 -0.818206 -0.314061 -2.290054 -1.816339 2.985297 -0.408090 2.684259 0.279406 0.826657 2.761413 -0.261006 10.540883 -0.368046 -0.147790 -0.412422 3.644135
1 75.068646 -8.457041 -0.818206 -0.314061 -2.290054 -1.816339 2.985297 -0.408090 2.684259 0.279406 0.826657 2.761413 -0.261006 10.540883 -0.368046 -0.147790 -0.412422 3.644135
1 75.068646 -8.457041 -0.818206 -0.314061 -2.290054 -1.816339 2.985297 -0.408090 2.684259 0.279406 0.826657 2.761413 -0.261006 10.540883 -0.368046 -0.147790 -0.412422 3.644135
1 75.068646 -8.457041 -0.818206 -0.314061 -2.290054 -1.816339 2.985297 -0.408090 2.684259 0.279406 0.826657 2.761413 -0.261006 10.540883 -0.368046 -0.147790 -0.412422 3.644135
1 75.068646 -8.457041 -0.818206 -0.314061 -2.290054 -1.816339 2.985297 -0.408090 2.684259 0.279406 0.826657 2.761413 -0.261006 10.540883 -0.368046 -0.147790 -0.412422 3.644135
1 75.068646 -8.457041 -0.818206 -0.314061 -2.290054 -1.816339 2.985297 -0.408090 2.684259 0.279406 0.826657 2.761413 -0.261006 10.540883 -0.368046 -0.147790 -0.412422 3.644135
1 75.068646 -8.457041 -0.818206 -0.314061 -2.290054 -1.816339 2.985297 -0.408090 2.684259 0.279406 0.826657 2.761413 -0.261006 10.540883 -0.368046 -0.147790 -0.412422 3.644135
1 75.068646 -8.457041 -0.818206 -0.314061 -2.290054 -1.816339 2.985297 -0.408090 2.684259 0.279406 0.826657 2.761413 -0.261006 10.540883 -0.368046 -0.147790 -0.412422 3.644135
1 75.068646 -8.457041 -0.818206 -0.314061 -2.290054 -1.816339 2.985297 -0.408090 2.684259 0.279406 0.826657 2.761413 -0.261006 10.540883 -0.368046 -0.147790 -0.412422 3.644135
1 75.068646 -8.457041 -0.818206 -0.314061 -2.290054 -1.816339 2.985297 -0.408090 2.684259 0.279406 0.826657 2.761413 -0.261006 10.540883 -0.368046 -0.147790 -0.412422 3.644135
1 75.068646 -8.457041 -0.818206 -0.314061 -2.290054 -1.816339 2.985297 -0.408090 2.684259 0.279406 0.826657 2.761413 -0.261006 10.540883 -0.368046 -0.147790 -0.412422 3.644135
1 75.068646 -8.457041 -0.818206 -0.314061 -2.290054 -1.816339 2.985297 -0.408090 2.684259 0.279406 0.826657 2.761413 -0.261006 10.540883 -0.368046 -0.147790 -0.412422 3.644135
1 75.068646 -8.457041 -0.818206 -0.314061 -2.290054 -1.816339 2.985297 -0.408090 2.684259 0.279406 0.826657 2.761413 -0.261006 10.540883 -0.368046 -0.147790 -0.412422 3.644135
1 75.068646 -8.457041 -0.818206 -0.314061 -2.290054 -1.816339 2.985297 -0.408090 2.684259 0.279406 0.826657 2.761413 -0.261006 10.540883 -0.368046 -0.147790 -0.412422 3.644135
1 75.068646 -8.457041 -0.818206 -0.314061 -2.290054 -1.816339 2.985297 -0.408090 2.684259 0.279406 0.826657 2.761413 -0.261006 10.540883 -0.368046 -0.147790 -0.412422 3.644135
1 75.068646 -8.457041 -0.818206 -0.314061 -2.290054 -1.816339 2.985297 -0.408090 2.684259 0.279406 0.826657 2.761413 -0.261006 10.540883 -0.368046 -0.147790 -0.412422 3.644135
1 75.44628 -8.476367 -0.837513 -0.325852 -2.292846 -1.836808 2.993404 -0.411327 2.698919 0.296697 0.842593 2.784701 -0.254801 10.527377 -0.376533 -0.147104 -0.408213 3.627416
1 75.44628 -8.476367 -0.837513 -0.325852 -2.292846 -1.836808 2.993404 -0.411327 2.698919 0.296697 0.842593 2.784701 -0.254801 10.527377 -0.376533 -0.147104 -0.408213 3.627416
1 75.470827 -8.473133 -0.833681 -0.301987 -2.292038 -1.853573 2.998033 -0.374411 2.702492 0.280131 0.846689 2.800081 -0.253996 10.515548 -0.373719 -0.104737 -0.425907 3.593079
1 75.470827 -8.473133 -0.833681 -0.301987 -2.292038 -1.853573 2.998033 -0.374411 2.702492 0.280131 0.846689 2.800081 -0.253996 10.515548 -0.373719 -0.104737 -0.425907 3.593079
1 75.470827 -8.473133 -0.833681 -0.301987 -2.292038 -1.853573 2.998033 -0.374411 2.702492 0.280131 0.846689 2.800081 -0.253996 10.515548 -0.373719 -0.104737 -0.425907 3.593079
1 73.342787 -8.502222 -0.853943 -0.285305 -2.297140 -1.848236 2.982461 -0.392450 2.716950 0.302908 0.831156 2.787561 -0.245646 10.494396 -0.345591 -0.113110 -0.425239 3.585910
1 71.999336 -8.490884 -0.869964 -0.294255 -2.247224 -1.794685 3.023447 -0.398394 2.726145 0.251661 0.844881 2.796887 -0.269129 10.467154 -0.374169 -0.167971 -0.429945 3.595220
1 71.999336 -8.490884 -0.869964 -0.294255 -2.247224 -1.794685 3.023447 -0.398394 2.726145 0.251661 0.844881 2.796887 -0.269129 10.467154 -0.374169 -0.167971 -0.429945 3.595220
1 71.999336 -8.490884 -0.869964 -0.294255 -2.247224 -1.794685 3.023447 -0.398394 2.726145 0.251661 0.844881 2.796887 -0.269129 10.467154 -0.374169 -0.167971 -0.429945 3.595220
1 71.999336 -8.490884 -0.869964 -0.294255 -2.247224 -1.794685 3.023447 -0.398394 2.726145 0.251661 0.844881 2.796887 -0.269129 10.467154 -0.374169 -0.167971 -0.429945 3.595220
1 71.999336 -8.490884 -0.869964 -0.294255 -2.247224 -1.794685 3.023447 -0.398394 2.726145 0.251661 0.844881 2.796887 -0.269129 10.467154 -0.374169 -0.167971 -0.429945 3.595220
1 71.999336 -8.490884 -0.869964 -0.294255 -2.247224 -1.794685 3.023447 -0.398394 2.726145 0.251661 0.844881 2.796887 -0.269129 10.467154 -0.374169 -0.167971 -0.429945 3.595220
1 71.999336 -8.490884 -0.869964 -0.294255 -2.247224 -1.794685 3.023447 -0.398394 2.726145 0.251661 0.844881 2.796887 -0.269129 10.467154 -0.374169 -0.167971 -0.429945 3.595220
1 71.999336 -8.490884 -0.869964 -0.294255 -2.247224 -1.794685 3.023447 -0.398394 2.726145 0.251661 0.844881 2.796887 -0.269129 10.467154 -0.374169 -0.167971 -0.429945 3.595220
1 71.999336 -8.490884 -0.869964 -0.294255 -2.247224 -1.794685 3.023447 -0.398394 2.726145 0.251661 0.844881 2.796887 -0.269129 10.467154 -0.374169 -0.167971 -0.429945 3.595220
1 72.686374 -8.479557 -0.893238 -0.311673 -2.218782 -1.770970 3.024614 -0.367332 2.725025 0.286419 0.842643 2.797220 -0.252372 10.450486 -0.376598 -0.170127 -0.428184 3.570569
1 73.293282 -8.461449 -0.879667 -0.330898 -2.236909 -1.764293 3.058458 -0.396418 2.727709 0.311102 0.822900 2.816521 -0.246865 10.451963 -0.373381 -0.172123 -0.421607 3.535215
1 73.293282 -8.461449 -0.879667 -0.330898 -2.236909 -1.764293 3.058458 -0.396418 2.727709 0.311102 0.822900 2.816521 -0.246865 10.451963 -0.373381 -0.172123 -0.421607 3.535215
1 73.293282 -8.461449 -0.879667 -0.330898 -2.236909 -1.764293 3.058458 -0.396418 2.727709 0.311102 0.822900 2.816521 -0.246865 10.451963 -0.373381 -0.172123 -0.421607 3.535215
1 72.163596 -8.499056 -0.886101 -0.312785 -2.255761 -1.766398 3.060251 -0.393356 2.727643 0.298888 0.804309 2.812747 -0.237318 10.453169 -0.359956 -0.158916 -0.406860 3.566670
1 67.354697 -8.501197 -0.918928 -0.307970 -2.258530 -1.758219 3.071560 -0.389589 2.718539 0.286455 0.810777 2.788177 -0.225650 10.437234 -0.368883 -0.125393 -0.395247 3.549922
1 67.354697 -8.501197 -0.918928 -0.307970 -2.258530 -1.758219 3.071560 -0.389589 2.718539 0.286455 0.810777 2.788177 -0.225650 10.437234 -0.368883 -0.125393 -0.395247 3.549922
1 65.946968 -8.462369 -0.905458 -0.314284 -2.227147 -1.771572 3.085778 -0.389234 2.701226 0.293542 0.791134 2.772424 -0.240824 10.445547 -0.306954 -0.085068 -0.404298 3.550492
1 65.946968 -8.462369 -0.905458 -0.314284 -2.227147 -1.771572 3.085778 -0.389234 2.701226 0.293542 0.791134 2.772424 -0.240824 10.445547 -0.306954 -0.085068 -0.404298 3.550492
1 65.946968 -8.462369 -0.905458 -0.314284 -2.227147 -1.771572 3.085778 -0.389234 2.701226 0.293542 0.791134 2.772424 -0.240824 10.445547 -0.306954 -0.085068 -0.404298 3.550492
1 65.946968 -8.462369 -0.905458 -0.314284 -2.227147 -1.771572 3.085778 -0.389234 2.701226 0.293542 0.791134 2.772424 -0.240824 10.445547 -0.306954 -0.085068 -0.404298 3.550492
1 65.946968 -8.462369 -0.905458 -0.314284 -2.227147 -1.771572 3.085778 -0.389234 2.701226 0.293542 0.791134 2.772424 -0.240824 10.445547 -0.306954 -0.085068 -0.404298 3.550492
1 62.329437 -8.448710 -0.878281 -0.361405 -2.218617 -1.779642 3.083519 -0.406445 2.669848 0.294259 0.788901 2.775546 -0.246045 10.435527 -0.285111 -0.099925 -0.388871 3.546800
1 62.329437 -8.448710 -0.878281 -0.361405 -2.218617 -1.779642 3.083519 -0.406445 2.669848 0.294259 0.788901 2.775546 -0.246045 10.435527 -0.285111 -0.099925 -0.388871 3.546800
1 62.329437 -8.448710 -0.878281 -0.361405 -2.218617 -1.779642 3.083519 -0.406445 2.669848 0.294259 0.788901 2.775546 -0.246045 10.435527 -0.285111 -0.099925 -0.388871 3.546800
1 62.329437 -8.448710 -0.878281 -0.361405 -2.218617 -1.779642 3.083519 -0.406445 2.669848 0.294259 0.788901 2.775546 -0.246045 10.435527 -0.285111 -0.099925 -0.388871 3.546800
1 62.329437 -8.448710 -0.878281 -0.361405 -2.218617 -1.779642 3.083519 -0.406445 2.669848 0.294259 0.788901 2.775546 -0.246045 10.435527 -0.285111 -0.099925 -0.388871 3.546800
1 61.950925 -8.433505 -0.883718 -0.376181 -2.202281 -1.772932 3.041295 -0.373325 2.674751 0.300083 0.828340 2.741991 -0.228009 10.422849 -0.270639 -0.119096 -0.387432 3.562452
1 62.332102 -8.412832 -0.923540 -0.364054 -2.212811 -1.756714 3.032606 -0.356036 2.637292 0.311308 0.831008 2.738569 -0.246674 10.425773 -0.264356 -0.144339 -0.429882 3.603069
1 62.332102 -8.412832 -0.923540 -0.364054 -2.212811 -1.756714 3.032606 -0.356036 2.637292 0.311308 0.831008 2.738569 -0.246674 10.425773 -0.264356 -0.144339 -0.429882 3.603069
1 62.332102 -8.412832 -0.923540 -0.364054 -2.212811 -1.756714 3.032606 -0.356036 2.637292 0.311308 0.831008 2.738569 -0.246674 10.425773 -0.264356 -0.144339 -0.429882 3.603069
1 62.332102 -8.412832 -0.923540 -0.364054 -2.212811 -1.756714 3.032606 -0.356036 2.637292 0.311308 0.831008 2.738569 -0.246674 10.425773 -0.264356 -0.144339 -0.429882 3.603069
1 62.332102 -8.412832 -0.923540 -0.364054 -2.212811 -1.756714 3.032606 -0.356036 2.637292 0.311308 0.831008 2.738569 -0.246674 10.425773 -0.264356 -0.144339 -0.429882 3.603069
1 62.332102 -8.412832 -0.923540 -0.364054 -2.212811 -1.756714 3.032606 -0.356036 2.637292 0.311308 0.831008 2.738569 -0.246674 10.425773 -0.264356 -0.144339 -0.429882 3.603069
1 61.928954 -8.362608 -0.916195 -0.370265 -2.231359 -1.773548 3.025095 -0.348006 2.636574 0.311312 0.844107 2.735054 -0.281487 10.394805 -0.260404 -0.170580 -0.395801 3.581499
1 61.928954 -8.362608 -0.916195 -0.370265 -2.231359 -1.773548 3.025095 -0.348006 2.636574 0.311312 0.844107 2.735054 -0.281487 10.394805 -0.260404 -0.170580 -0.395801 3.581499
1 55.984239 -8.388561 -0.914304 -0.373860 -2.177048 -1.775755 3.045534 -0.363186 2.618958 0.311424 0.871802 2.751713 -0.277168 10.423422 -0.251400 -0.151809 -0.405190 3.590592
1 55.984239 -8.388561 -0.914304 -0.373860 -2.177048 -1.775755 3.045534 -0.363186 2.618958 0.311424 0.871802 2.751713 -0.277168 10.423422 -0.251400 -0.151809 -0.405190 3.590592
1 55.984239 -8.388561 -0.914304 -0.373860 -2.177048 -1.775755 3.045534 -0.363186 2.618958 0.311424 0.871802 2.751713 -0.277168 10.423422 -0.251400 -0.151809 -0.405190 3.590592
1 55.984239 -8.388561 -0.914304 -0.373860 -2.177048 -1.775755 3.045534 -0.363186 2.618958 0.311424 0.871802 2.751713 -0.277168 10.423422 -0.251400 -0.151809 -0.405190 3.590592
1 55.984239 -8.388561 -0.914304 -0.373860 -2.177048 -1.775755 3.045534 -0.363186 2.618958 0.311424 0.871802 2.751713 -0.277168 10.423422 -0.251400 -0.151809 -0.405190 3.590592
1 55.984239 -8.388561 -0.914304 -0.373860 -2.177048 -1.775755 3.045534 -0.363186 2.618958 0.311424 0.871802 2.751713 -0.277168 10.423422 -0.251400 -0.151809 -0.405190 3.590592
1 55.984239 -8.388561 -0.914304 -0.373860 -2.177048 -1.775755 3.045534 -0.363186 2.618958 0.311424 0.871802 2.751713 -0.277168 10.423422 -0.251400 -0.151809 -0.405190 3.590592
1 55.984239 -8.388561 -0.914304 -0.373860 -2.177048 -1.775755 3.045534 -0.363186 2.618958 0.311424 0.871802 2.751713 -0.277168 10.423422 -0.251400 -0.151809 -0.405190 3.590592
1 55.984239 -8.388561 -0.914304 -0.373860 -2.177048 -1.775755 3.045534 -0.363186 2.618958 0.311424 0.871802 2.751713 -0.277168 10.423422 -0.251400 -0.151809 -0.405190 3.590592
1 55.984239 -8.388561 -0.914304 -0.373860 -2.177048 -1.775755 3.045534 -0.363186 2.618958 0.311424 0.871802 2.751713 -0.277168 10.423422 -0.251400 -0.151809 -0.405190 3.590592
1 55.984239 -8.388561 -0.914304 -0.373860 -2.177048 -1.775755 3.045534 -0.363186 2.618958 0.311424 0.871802 2.751713 -0.277168 10.423422 -0.251400 -0.151809 -0.405190 3.590592
1 55.984239 -8.388561 -0.914304 -0.373860 -2.177048 -1.775755 3.045534 -0.363186 2.618958 0.311424 0.871802 2.751713 -0.277168 10.423422 -0.251400 -0.151809 -0.405190 3.590592
1 55.984239 -8.388561 -0.914304 -0.373860 -2.177048 -1.775755 3.045534 -0.363186 2.618958 0.311424 0.871802 2.751713 -0.277168 10.423422 -0.251400 -0.151809 -0.405190 3.590592
1 55.984239 -8.388561 -0.914304 -0.373860 -2.177048 -1.775755 3.045534 -0.363186 2.618958 0.311424 0.871802 2.751713 -0.277168 10.423422 -0.251400 -0.151809 -0.405190 3.590592
1 55.984239 -8.388561 -0.914304 -0.373860 -2.177048 -1.775755 3.045534 -0.363186 2.618958 0.311424 0.871802 2.751713 -0.277168 10.423422 -0.251400 -0.151809 -0.405190 3.590592
1 55.984239 -8.388561 -0.914304 -0.373860 -2.177048 -1.775755 3.045534 -0.363186 2.618958 0.311424 0.871802 2.751713 -0.277168 10.423422 -0.251400 -0.151809 -0.405190 3.590592
1 55.984239 -8.388561 -0.914304 -0.373860 -2.177048 -1.775755 3.045534 -0.363186 2.618958 0.311424 0.871802 2.751713 -0.277168 10.423422 -0.251400 -0.151809 -0.405190 3.590592
1 55.984239 -8.388561 -0.914304 -0.373860 -2.177048 -1.775755 3.045534 -0.363186 2.618958 0.311424 0.871802 2.751713 -0.277168 10.423422 -0.251400 -0.151809 -0.405190 3.590592
1 55.984239 -8.388561 -0.914304 -0.373860 -2.177048 -1.775755 3.045534 -0.363186 2.618958 0.311424 0.871802 2.751713 -0.277168 10.423422 -0.251400 -0.151809 -0.405190 3.590592
1 55.984239 -8.388561 -0.914304 -0.373860 -2.177048 -1.775755 3.045534 -0.363186 2.618958 0.311424 0.871802 2.751713 -0.277168 10.423422 -0.251400 -0.151809 -0.405190 3.590592
1 55.984239 -8.388561 -0.914304 -0.373860 -2.177048 -1.775755 3.045534 -0.363186 2.618958 0.311424 0.871802 2.751713 -0.277168 10.423422 -0.251400 -0.151809 -0.405190 3.590592
1 55.984239 -8.388561 -0.914304 -0.373860 -2.177048 -1.775755 3.045534 -0.363186 2.618958 0.311424 0.871802 2.751713 -0.277168 10.423422 -0.251400 -0.151809 -0.405190 3.590592
1 55.984239 -8.388561 -0.914304 -0.373860 -2.177048 -1.775755 3.045534 -0.363186 2.618958 0.311424 0.871802 2.751713 -0.277168 10.423422 -0.251400 -0.151809 -0.405190 3.590592
1 55.984239 -8.388561 -0.914304 -0.373860 -2.177048 -1.775755 3.045534 -0.363186 2.618958 0.311424 0.871802 2.751713 -0.277168 10.423422 -0.251400 -0.151809 -0.405190 3.590592
1 55.984239 -8.388561 -0.914304 -0.373860 -2.177048 -1.775755 3.045534 -0.363186 2.618958 0.311424 0.871802 2.751713 -0.277168 10.423422 -0.251400 -0.151809 -0.405190 3.590592
1 55.984239 -8.388561 -0.914304 -0.373860 -2.177048 -1.775755 3.045534 -0.363186 2.618958 0.311424 0.871802 2.751713 -0.277168 10.423422 -0.251400 -0.151809 -0.405190 3.590592
1 55.984239 -8.388561 -0.914304 -0.373860 -2.177048 -1.775755 3.045534 -0.363186 2.618958 0.311424 0.871802 2.751713 -0.277168 10.423422 -0.251400 -0.151809 -0.405190 3.590592
1 55.984239 -8.388561 -0.914304 -0.373860 -2.177048 -1.775755 3.045534 -0.363186 2.618958 0.311424 0.871802 2.751713 -0.277168 10.423422 -0.251400 -0.151809 -0.405190 3.590592
1 55.984239 -8.388561 -0.914304 -0.373860 -2.177048 -1.775755 3.045534 -0.363186 2.618958 0.311424 0.871802 2.751713 -0.277168 10.423422 -0.251400 -0.151809 -0.405190 3.590592
1 55.984239 -8.388561 -0.914304 -0.373860 -2.177048 -1.775755 3.045534 -0.363186 2.618958 0.311424 0.871802 2.751713 -0.277168 10.423422 -0.251400 -0.151809 -0.405190 3.590592
1 55.984239 -8.388561 -0.914304 -0.373860 -2.177048 -1.775755 3.045534 -0.363186 2.618958 0.311424 0.871802 2.751713 -0.277168 10.423422 -0.251400 -0.151809 -0.405190 3.590592
1 55.984239 -8.388561 -0.914304 -0.373860 -2.177048 -1.775755 3.045534 -0.363186 2.618958 0.311424 0.871802 2.751713 -0.277168 10.423422 -0.251400 -0.151809 -0.405190 3.590592
1 55.984239 -8.388561 -0.914304 -0.373860 -2.177048 -1.775755 3.045534 -0.363186 2.618958 0.311424 0.871802 2.751713 -0.277168 10.423422 -0.251400 -0.151809 -0.405190 3.590592
1 55.984239 -8.388561 -0.914304 -0.373860 -2.177048 -1.775755 3.045534 -0.363186 2.618958 0.311424 0.871802 2.751713 -0.277168 10.423422 -0.251400 -0.151809 -0.405190 3.590592
1 55.984239 -8.388561 -0.914304 -0.373860 -2.177048 -1.775755 3.045534 -0.363186 2.618958 0.311424 0.871802 2.751713 -0.277168 10.423422 -0.251400 -0.151809 -0.405190 3.590592
1 55.984239 -8.388561 -0.914304 -0.373860 -2.177048 -1.775755 3.045534 -0.363186 2.618958 0.311424 0.871802 2.751713 -0.277168 10.423422 -0.251400 -0.151809 -0.405190 3.590592
1 55.984239 -8.388561 -0.914304 -0.373860 -2.177048 -1.775755 3.045534 -0.363186 2.618958 0.311424 0.871802 2.751713 -0.277168 10.423422 -0.251400 -0.151809 -0.405190 3.590592
1 55.984239 -8.388561 -0.914304 -0.373860 -2.177048 -1.775755 3.045534 -0.363186 2.618958 0.311424 0.871802 2.751713 -0.277168 10.423422 -0.251400 -0.151809 -0.405190 3.590592
1 55.984239 -8.388561 -0.914304 -0.373860 -2.177048 -1.775755 3.045534 -0.363186 2.618958 0.311424 0.871802 2.751713 -0.277168 10.423422 -0.251400 -0.151809 -0.405190 3.590592
1 55.984239 -8.388561 -0.914304 -0.373860 -2.177048 -1.775755 3.045534 -0.363186 2.618958 0.311424 0.871802 2.751713 -0.277168 10.423422 -0.251400 -0.151809 -0.405190 3.590592
1 55.984239 -8.388561 -0.914304 -0.373860 -2.177048 -1.775755 3.045534 -0.363186 2.618958 0.311424 0.871802 2.751713 -0.277168 10.423422 -0.251400 -0.151809 -0.405190 3.590592
1 55.984239 -8.388561 -0.914304 -0.373860 -2.177048 -1.775755 3.045534 -0.363186 2.618958 0.311424 0.871802 2.751713 -0.277168 10.423422 -0.251400 -0.151809 -0.405190 3.590592
1 55.984239 -8.388561 -0.914304 -0.373860 -2.177048 -1.775755 3.045534 -0.363186 2.618958 0.311424 0.871802 2.751713 -0.277168 10.423422 -0.251400 -0.151809 -0.405190 3.590592
1 55.984239 -8.388561 -0.914304 -0.373860 -2.177048 -1.775755 3.045534 -0.363186 2.618958 0.311424 0.871802 2.751713 -0.277168 10.423422 -0.251400 -0.151809 -0.405190 3.590592
1 55.984239 -8.388561 -0.914304 -0.373860 -2.177048 -1.775755 3.045534 -0.363186 2.618958 0.311424 0.871802 2.751713 -0.277168 10.423422 -0.251400 -0.151809 -0.405190 3.590592
1 55.984239 -8.388561 -0.914304 -0.373860 -2.177048 -1.775755 3.045534 -0.363186 2.618958 0.311424 0.871802 2.751713 -0.277168 10.423422 -0.251400 -0.151809 -0.405190 3.590592
1 55.984239 -8.388561 -0.914304 -0.373860 -2.177048 -1.775755 3.045534 -0.363186 2.618958 0.311424 0.871802 2.751713 -0.277168 10.423422 -0.251400 -0.151809 -0.405190 3.590592
1 55.984239 -8.388561 -0.914304 -0.373860 -2.177048 -1.775755 3.045534 -0.363186 2.618958 0.311424 0.871802 2.751713 -0.277168 10.423422 -0.251400 -0.151809 -0.405190 3.590592
1 55.984239 -8.388561 -0.914304 -0.373860 -2.177048 -1.775755 3.045534 -0.363186 2.618958 0.311424 0.871802 2.751713 -0.277168 10.423422 -0.251400 -0.151809 -0.405190 3.590592
1 55.984239 -8.388561 -0.914304 -0.373860 -2.177048 -1.775755 3.045534 -0.363186 2.618958 0.311424 0.871802 2.751713 -0.277168 10.423422 -0.251400 -0.151809 -0.405190 3.590592
1 55.984239 -8.388561 -0.914304 -0.373860 -2.177048 -1.775755 3.045534 -0.363186 2.618958 0.311424 0.871802 2.751713 -0.277168 10.423422 -0.251400 -0.151809 -0.405190 3.590592
1 55.984239 -8.388561 -0.914304 -0.373860 -2.177048 -1.775755 3.045534 -0.363186 2.618958 0.311424 0.871802 2.751713 -0.277168 10.423422 -0.251400 -0.151809 -0.405190 3.590592
1 55.984239 -8.388561 -0.914304 -0.373860 -2.177048 -1.775755 3.045534 -0.363186 2.618958 0.311424 0.871802 2.751713 -0.277168 10.423422 -0.251400 -0.151809 -0.405190 3.590592
1 55.984239 -8.388561 -0.914304 -0.373860 -2.177048 -1.775755 3.045534 -0.363186 2.618958 0.311424 0.871802 2.751713 -0.277168 10.423422 -0.251400 -0.151809 -0.405190 3.590592
1 55.984239 -8.388561 -0.914304 -0.373860 -2.177048 -1.775755 3.045534 -0.363186 2.618958 0.311424 0.871802 2.751713 -0.277168 10.423422 -0.251400 -0.151809 -0.405190 3.590592
1 55.984239 -8.388561 -0.914304 -0.373860 -2.177048 -1.775755 3.045534 -0.363186 2.618958 0.311424 0.871802 2.751713 -0.277168 10.423422 -0.251400 -0.151809 -0.405190 3.590592
1 55.984239 -8.388561 -0.914304 -0.373860 -2.177048 -1.775755 3.045534 -0.363186 2.618958 0.311424 0.871802 2.751713 -0.277168 10.423422 -0.251400 -0.151809 -0.405190 3.590592
1 55.984239 -8.388561 -0.914304 -0.373860 -2.177048 -1.775755 3.045534 -0.363186 2.618958 0.311424 0.871802 2.751713 -0.277168 10.423422 -0.251400 -0.151809 -0.405190 3.590592
1 55.984239 -8.388561 -0.914304 -0.373860 -2.177048 -1.775755 3.045534 -0.363186 2.618958 0.311424 0.871802 2.751713 -0.277168 10.423422 -0.251400 -0.151809 -0.405190 3.590592
1 55.984239 -8.388561 -0.914304 -0.373860 -2.177048 -1.775755 3.045534 -0.363186 2.618958 0.311424 0.871802 2.751713 -0.277168 10.423422 -0.251400 -0.151809 -0.405190 3.590592
1 55.984239 -8.388561 -0.914304 -0.373860 -2.177048 -1.775755 3.045534 -0.363186 2.618958 0.311424 0.871802 2.751713 -0.277168 10.423422 -0.251400 -0.151809 -0.405190 3.590592
1 55.984239 -8.388561 -0.914304 -0.373860 -2.177048 -1.775755 3.045534 -0.363186 2.618958 0.311424 0.871802 2.751713 -0.277168 10.423422 -0.251400 -0.151809 -0.405190 3.590592
1 55.984239 -8.388561 -0.914304 -0.373860 -2.177048 -1.775755 3.045534 -0.363186 2.618958 0.311424 0.871802 2.751713 -0.277168 10.423422 -0.251400 -0.151809 -0.405190 3.590592
1 55.984239 -8.388561 -0.914304 -0.373860 -2.177048 -1.775755 3.045534 -0.363186 2.618958 0.311424 0.871802 2.751713 -0.277168 10.423422 -0.251400 -0.151809 -0.405190 3.590592
1 55.984239 -8.388561 -0.914304 -0.373860 -2.177048 -1.775755 3.045534 -0.363186 2.618958 0.311424 0.871802 2.751713 -0.277168 10.423422 -0.251400 -0.151809 -0.405190 3.590592
1 55.984239 -8.388561 -0.914304 -0.373860 -2.177048 -1.775755 3.045534 -0.363186 2.618958 0.311424 0.871802 2.751713 -0.277168 10.423422 -0.251400 -0.151809 -0.405190 3.590592
1 55.984239 -8.388561 -0.914304 -0.373860 -2.177048 -1.775755 3.045534 -0.363186 2.618958 0.311424 0.871802 2.751713 -0.277168 10.423422 -0.251400 -0.151809 -0.405190 3.590592
1 55.984239 -8.388561 -0.914304 -0.373860 -2.177048 -1.775755 3.045534 -0.363186 2.618958 0.311424 0.871802 2.751713 -0.277168 10.423422 -0.251400 -0.151809 -0.405190 3.590592
1 55.984239 -8.388561 -0.914304 -0.373860 -2.177048 -1.775755 3.045534 -0.363186 2.618958 0.311424 0.871802 2.751713 -0.277168 10.423422 -0.251400 -0.151809 -0.405190 3.590592
1 57.639309 -8.396402 -0.947462 -0.389858 -2.181549 -1.793069 3.026629 -0.352034 2.611638 0.312210 0.913090 2.700625 -0.277798 10.422357 -0.262291 -0.136620 -0.377033 3.604349
1 57.639309 -8.396402 -0.947462 -0.389858 -2.181549 -1.793069 3.026629 -0.352034 2.611638 0.312210 0.913090 2.700625 -0.277798 10.422357 -0.262291 -0.136620 -0.377033 3.604349
1 57.639309 -8.396402 -0.947462 -0.389858 -2.181549 -1.793069 3.026629 -0.352034 2.611638 0.312210 0.913090 2.700625 -0.277798 10.422357 -0.262291 -0.136620 -0.377033 3.604349
1 57.639309 -8.396402 -0.947462 -0.389858 -2.181549 -1.793069 3.026629 -0.352034 2.611638 0.312210 0.913090 2.700625 -0.277798 10.422357 -0.262291 -0.136620 -0.377033 3.604349
1 57.639309 -8.396402 -0.947462 -0.389858 -2.181549 -1.793069 3.026629 -0.352034 2.611638 0.312210 0.913090 2.700625 -0.277798 10.422357 -0.262291 -0.136620 -0.377033 3.604349
1 57.639309 -8.396402 -0.947462 -0.389858 -2.181549 -1.793069 3.026629 -0.352034 2.611638 0.312210 0.913090 2.700625 -0.277798 10.422357 -0.262291 -0.136620 -0.377033 3.604349
1 57.639309 -8.396402 -0.947462 -0.389858 -2.181549 -1.793069 3.026629 -0.352034 2.611638 0.312210 0.913090 2.700625 -0.277798 10.422357 -0.262291 -0.136620 -0.377033 3.604349
1 57.639309 -8.396402 -0.947462 -0.389858 -2.181549 -1.793069 3.026629 -0.352034 2.611638 0.312210 0.913090 2.700625 -0.277798 10.422357 -0.262291 -0.136620 -0.377033 3.604349
1 57.639309 -8.396402 -0.947462 -0.389858 -2.181549 -1.793069 3.026629 -0.352034 2.611638 0.312210 0.913090 2.700625 -0.277798 10.422357 -0.262291 -0.136620 -0.377033 3.604349
1 57.639309 -8.396402 -0.947462 -0.389858 -2.181549 -1.793069 3.026629 -0.352034 2.611638 0.312210 0.913090 2.700625 -0.277798 10.422357 -0.262291 -0.136620 -0.377033 3.604349
1 57.639309 -8.396402 -0.947462 -0.389858 -2.181549 -1.793069 3.026629 -0.352034 2.611638 0.312210 0.913090 2.700625 -0.277798 10.422357 -0.262291 -0.136620 -0.377033 3.604349
1 57.639309 -8.396402 -0.947462 -0.389858 -2.181549 -1.793069 3.026629 -0.352034 2.611638 0.312210 0.913090 2.700625 -0.277798 10.422357 -0.262291 -0.136620 -0.377033 3.604349
1 57.639309 -8.396402 -0.947462 -0.389858 -2.181549 -1.793069 3.026629 -0.352034 2.611638 0.312210 0.913090 2.700625 -0.277798 10.422357 -0.262291 -0.136620 -0.377033 3.604349
1 57.639309 -8.396402 -0.947462 -0.389858 -2.181549 -1.793069 3.026629 -0.352034 2.611638 0.312210 0.913090 2.700625 -0.277798 10.422357 -0.262291 -0.136620 -0.377033 3.604349
1 57.639309 -8.396402 -0.947462 -0.389858 -2.181549 -1.793069 3.026629 -0.352034 2.611638 0.312210 0.913090 2.700625 -0.277798 10.422357 -0.262291 -0.136620 -0.377033 3.604349
1 57.639309 -8.396402 -0.947462 -0.389858 -2.181549 -1.793069 3.026629 -0.352034 2.611638 0.312210 0.913090 2.700625 -0.277798 10.422357 -0.262291 -0.136620 -0.377033 3.604349
1 57.639309 -8.396402 -0.947462 -0.389858 -2.181549 -1.793069 3.026629 -0.352034 2.611638 0.312210 0.913090 2.700625 -0.277798 10.422357 -0.262291 -0.136620 -0.377033 3.604349
1 57.639309 -8.396402 -0.947462 -0.389858 -2.181549 -1.793069 3.026629 -0.352034 2.611638 0.312210 0.913090 2.700625 -0.277798 10.422357 -0.262291 -0.136620 -0.377033 3.604349
1 57.639309 -8.396402 -0.947462 -0.389858 -2.181549 -1.793069 3.026629 -0.352034 2.611638 0.312210 0.913090 2.700625 -0.277798 10.422357 -0.262291 -0.136620 -0.377033 3.604349
1 57.639309 -8.396402 -0.947462 -0.389858 -2.181549 -1.793069 3.026629 -0.352034 2.611638 0.312210 0.913090 2.700625 -0.277798 10.422357 -0.262291 -0.136620 -0.377033 3.604349
1 57.639309 -8.396402 -0.947462 -0.389858 -2.181549 -1.793069 3.026629 -0.352034 2.611638 0.312210 0.913090 2.700625 -0.277798 10.422357 -0.262291 -0.136620 -0.377033 3.604349
1 57.639309 -8.396402 -0.947462 -0.389858 -2.181549 -1.793069 3.026629 -0.352034 2.611638 0.312210 0.913090 2.700625 -0.277798 10.422357 -0.262291 -0.136620 -0.377033 3.604349
1 57.639309 -8.396402 -0.947462 -0.389858 -2.181549 -1.793069 3.026629 -0.352034 2.611638 0.312210 0.913090 2.700625 -0.277798 10.422357 -0.262291 -0.136620 -0.377033 3.604349
1 57.639309 -8.396402 -0.947462 -0.389858 -2.181549 -1.793069 3.026629 -0.352034 2.611638 0.312210 0.913090 2.700625 -0.277798 10.422357 -0.262291 -0.136620 -0.377033 3.604349
1 57.639309 -8.396402 -0.947462 -0.389858 -2.181549 -1.793069 3.026629 -0.352034 2.611638 0.312210 0.913090 2.700625 -0.277798 10.422357 -0.262291 -0.136620 -0.377033 3.604349
1 57.639309 -8.396402 -0.947462 -0.389858 -2.181549 -1.793069 3.026629 -0.352034 2.611638 0.312210 0.913090 2.700625 -0.277798 10.422357 -0.262291 -0.136620 -0.377033 3.604349
1 57.639309 -8.396402 -0.947462 -0.389858 -2.181549 -1.793069 3.026629 -0.352034 2.611638 0.312210 0.913090 2.700625 -0.277798 10.422357 -0.262291 -0.136620 -0.377033 3.604349
1 57.639309 -8.396402 -0.947462 -0.389858 -2.181549 -1.793069 3.026629 -0.352034 2.611638 0.312210 0.913090 2.700625 -0.277798 10.422357 -0.262291 -0.136620 -0.377033 3.604349
1 57.639309 -8.396402 -0.947462 -0.389858 -2.181549 -1.793069 3.026629 -0.352034 2.611638 0.312210 0.913090 2.700625 -0.277798 10.422357 -0.262291 -0.136620 -0.377033 3.604349
1 57.639309 -8.396402 -0.947462 -0.389858 -2.181549 -1.793069 3.026629 -0.352034 2.611638 0.312210 0.913090 2.700625 -0.277798 10.422357 -0.262291 -0.136620 -0.377033 3.604349
1 56.548345 -8.378940 -0.944625 -0.409022 -2.178941 -1.798891 3.033073 -0.362196 2.627944 0.304842 0.924408 2.644981 -0.291844 10.413513 -0.245615 -0.144590 -0.396843 3.661395
1 56.548345 -8.378940 -0.944625 -0.409022 -2.178941 -1.798891 3.033073 -0.362196 2.627944 0.304842 0.924408 2.644981 -0.291844 10.413513 -0.245615 -0.144590 -0.396843 3.661395
1 56.548345 -8.378940 -0.944625 -0.409022 -2.178941 -1.798891 3.033073 -0.362196 2.627944 0.304842 0.924408 2.644981 -0.291844 10.413513 -0.245615 -0.144590 -0.396843 3.661395
1 56.548345 -8.378940 -0.944625 -0.409022 -2.178941 -1.798891 3.033073 -0.362196 2.627944 0.304842 0.924408 2.644981 -0.291844 10.413513 -0.245615 -0.144590 -0.396843 3.661395
1 56.548345 -8.378940 -0.944625 -0.409022 -2.178941 -1.798891 3.033073 -0.362196 2.627944 0.304842 0.924408 2.644981 -0.291844 10.413513 -0.245615 -0.144590 -0.396843 3.661395
1 56.724617 -8.388736 -0.914410 -0.425712 -2.179256 -1.770967 3.036182 -0.387411 2.603021 0.319112 0.941325 2.685861 -0.284086 10.417362 -0.238130 -0.170892 -0.395249 3.691372
1 56.724617 -8.388736 -0.914410 -0.425712 -2.179256 -1.770967 3.036182 -0.387411 2.603021 0.319112 0.941325 2.685861 -0.284086 10.417362 -0.238130 -0.170892 -0.395249 3.691372
1 56.724617 -8.388736 -0.914410 -0.425712 -2.179256 -1.770967 3.036182 -0.387411 2.603021 0.319112 0.941325 2.685861 -0.284086 10.417362 -0.238130 -0.170892 -0.395249 3.691372
1 56.724617 -8.388736 -0.914410 -0.425712 -2.179256 -1.770967 3.036182 -0.387411 2.603021 0.319112 0.941325 2.685861 -0.284086 10.417362 -0.238130 -0.170892 -0.395249 3.691372
1 56.724617 -8.388736 -0.914410 -0.425712 -2.179256 -1.770967 3.036182 -0.387411 2.603021 0.319112 0.941325 2.685861 -0.284086 10.417362 -0.238130 -0.170892 -0.395249 3.691372
1 56.724617 -8.388736 -0.914410 -0.425712 -2.179256 -1.770967 3.036182 -0.387411 2.603021 0.319112 0.941325 2.685861 -0.284086 10.417362 -0.238130 -0.170892 -0.395249 3.691372
1 56.724617 -8.388736 -0.914410 -0.425712 -2.179256 -1.770967 3.036182 -0.387411 2.603021 0.319112 0.941325 2.685861 -0.284086 10.417362 -0.238130 -0.170892 -0.395249 3.691372
1 56.866646 -8.411981 -0.856328 -0.428948 -2.144113 -1.798633 3.044713 -0.349359 2.617673 0.317127 0.921247 2.675720 -0.287591 10.403921 -0.241541 -0.156682 -0.391661 3.720067
1 56.866646 -8.411981 -0.856328 -0.428948 -2.144113 -1.798633 3.044713 -0.349359 2.617673 0.317127 0.921247 2.675720 -0.287591 10.403921 -0.241541 -0.156682 -0.391661 3.720067
1 56.866646 -8.411981 -0.856328 -0.428948 -2.144113 -1.798633 3.044713 -0.349359 2.617673 0.317127 0.921247 2.675720 -0.287591 10.403921 -0.241541 -0.156682 -0.391661 3.720067
1 56.866646 -8.411981 -0.856328 -0.428948 -2.144113 -1.798633 3.044713 -0.349359 2.617673 0.317127 0.921247 2.675720 -0.287591 10.403921 -0.241541 -0.156682 -0.391661 3.720067
1 56.866646 -8.411981 -0.856328 -0.428948 -2.144113 -1.798633 3.044713 -0.349359 2.617673 0.317127 0.921247 2.675720 -0.287591 10.403921 -0.241541 -0.156682 -0.391661 3.720067
1 56.866646 -8.411981 -0.856328 -0.428948 -2.144113 -1.798633 3.044713 -0.349359 2.617673 0.317127 0.921247 2.675720 -0.287591 10.403921 -0.241541 -0.156682 -0.391661 3.720067
1 56.866646 -8.411981 -0.856328 -0.428948 -2.144113 -1.798633 3.044713 -0.349359 2.617673 0.317127 0.921247 2.675720 -0.287591 10.403921 -0.241541 -0.156682 -0.391661 3.720067
1 56.866646 -8.411981 -0.856328 -0.428948 -2.144113 -1.798633 3.044713 -0.349359 2.617673 0.317127 0.921247 2.675720 -0.287591 10.403921 -0.241541 -0.156682 -0.391661 3.720067
1 56.866646 -8.411981 -0.856328 -0.428948 -2.144113 -1.798633 3.044713 -0.349359 2.617673 0.317127 0.921247 2.675720 -0.287591 10.403921 -0.241541 -0.156682 -0.391661 3.720067
1 56.866646 -8.411981 -0.856328 -0.428948 -2.144113 -1.798633 3.044713 -0.349359 2.617673 0.317127 0.921247 2.675720 -0.287591 10.403921 -0.241541 -0.156682 -0.391661 3.720067
1 56.866646 -8.411981 -0.856328 -0.428948 -2.144113 -1.798633 3.044713 -0.349359 2.617673 0.317127 0.921247 2.675720 -0.287591 10.403921 -0.241541 -0.156682 -0.391661 3.720067
1 56.866646 -8.411981 -0.856328 -0.428948 -2.144113 -1.798633 3.044713 -0.349359 2.617673 0.317127 0.921247 2.675720 -0.287591 10.403921 -0.241541 -0.156682 -0.391661 3.720067
1 56.866646 -8.411981 -0.856328 -0.428948 -2.144113 -1.798633 3.044713 -0.349359 2.617673 0.317127 0.921247 2.675720 -0.287591 10.403921 -0.241541 -0.156682 -0.391661 3.720067
1 56.866646 -8.411981 -0.856328 -0.428948 -2.144113 -1.798633 3.044713 -0.349359 2.617673 0.317127 0.921247 2.675720 -0.287591 10.403921 -0.241541 -0.156682 -0.391661 3.720067
1 56.866646 -8.411981 -0.856328 -0.428948 -2.144113 -1.798633 3.044713 -0.349359 2.617673 0.317127 0.921247 2.675720 -0.287591 10.403921 -0.241541 -0.156682 -0.391661 3.720067
1 56.866646 -8.411981 -0.856328 -0.428948 -2.144113 -1.798633 3.044713 -0.349359 2.617673 0.317127 0.921247 2.675720 -0.287591 10.403921 -0.241541 -0.156682 -0.391661 3.720067
1 56.866646 -8.411981 -0.856328 -0.428948 -2.144113 -1.798633 3.044713 -0.349359 2.617673 0.317127 0.921247 2.675720 -0.287591 10.403921 -0.241541 -0.156682 -0.391661 3.720067
1 56.866646 -8.411981 -0.856328 -0.428948 -2.144113 -1.798633 3.044713 -0.349359 2.617673 0.317127 0.921247 2.675720 -0.287591 10.403921 -0.241541 -0.156682 -0.391661 3.720067
1 56.866646 -8.411981 -0.856328 -0.428948 -2.144113 -1.798633 3.044713 -0.349359 2.617673 0.317127 0.921247 2.675720 -0.287591 10.403921 -0.241541 -0.156682 -0.391661 3.720067
1 56.866646 -8.411981 -0.856328 -0.428948 -2.144113 -1.798633 3.044713 -0.349359 2.617673 0.317127 0.921247 2.675720 -0.287591 10.403921 -0.241541 -0.156682 -0.391661 3.720067
1 56.866646 -8.411981 -0.856328 -0.428948 -2.144113 -1.798633 3.044713 -0.349359 2.617673 0.317127 0.921247 2.675720 -0.287591 10.403921 -0.241541 -0.156682 -0.391661 3.720067
1 56.866646 -8.411981 -0.856328 -0.428948 -2.144113 -1.798633 3.044713 -0.349359 2.617673 0.317127 0.921247 2.675720 -0.287591 10.403921 -0.241541 -0.156682 -0.391661 3.720067
1 56.866646 -8.411981 -0.856328 -0.428948 -2.144113 -1.798633 3.044713 -0.349359 2.617673 0.317127 0.921247 2.675720 -0.287591 10.403921 -0.241541 -0.156682 -0.391661 3.720067
1 56.866646 -8.411981 -0.856328 -0.428948 -2.144113 -1.798633 3.044713 -0.349359 2.617673 0.317127 0.921247 2.675720 -0.287591 10.403921 -0.241541 -0.156682 -0.391661 3.720067
1 56.866646 -8.411981 -0.856328 -0.428948 -2.144113 -1.798633 3.044713 -0.349359 2.617673 0.317127 0.921247 2.675720 -0.287591 10.403921 -0.241541 -0.156682 -0.391661 3.720067
1 56.866646 -8.411981 -0.856328 -0.428948 -2.144113 -1.798633 3.044713 -0.349359 2.617673 0.317127 0.921247 2.675720 -0.287591 10.403921 -0.241541 -0.156682 -0.391661 3.720067
1 56.866646 -8.411981 -0.856328 -0.428948 -2.144113 -1.798633 3.044713 -0.349359 2.617673 0.317127 0.921247 2.675720 -0.287591 10.403921 -0.241541 -0.156682 -0.391661 3.720067
1 56.866646 -8.411981 -0.856328 -0.428948 -2.144113 -1.798633 3.044713 -0.349359 2.617673 0.317127 0.921247 2.675720 -0.287591 10.403921 -0.241541 -0.156682 -0.391661 3.720067
1 56.866646 -8.411981 -0.856328 -0.428948 -2.144113 -1.798633 3.044713 -0.349359 2.617673 0.317127 0.921247 2.675720 -0.287591 10.403921 -0.241541 -0.156682 -0.391661 3.720067
1 56.866646 -8.411981 -0.856328 -0.428948 -2.144113 -1.798633 3.044713 -0.349359 2.617673 0.317127 0.921247 2.675720 -0.287591 10.403921 -0.241541 -0.156682 -0.391661 3.720067
1 56.866646 -8.411981 -0.856328 -0.428948 -2.144113 -1.798633 3.044713 -0.349359 2.617673 0.317127 0.921247 2.675720 -0.287591 10.403921 -0.241541 -0.156682 -0.391661 3.720067
1 56.866646 -8.411981 -0.856328 -0.428948 -2.144113 -1.798633 3.044713 -0.349359 2.617673 0.317127 0.921247 2.675720 -0.287591 10.403921 -0.241541 -0.156682 -0.391661 3.720067
1 56.866646 -8.411981 -0.856328 -0.428948 -2.144113 -1.798633 3.044713 -0.349359 2.617673 0.317127 0.921247 2.675720 -0.287591 10.403921 -0.241541 -0.156682 -0.391661 3.720067
1 56.866646 -8.411981 -0.856328 -0.428948 -2.144113 -1.798633 3.044713 -0.349359 2.617673 0.317127 0.921247 2.675720 -0.287591 10.403921 -0.241541 -0.156682 -0.391661 3.720067
1 56.866646 -8.411981 -0.856328 -0.428948 -2.144113 -1.798633 3.044713 -0.349359 2.617673 0.317127 0.921247 2.675720 -0.287591 10.403921 -0.241541 -0.156682 -0.391661 3.720067
1 56.866646 -8.411981 -0.856328 -0.428948 -2.144113 -1.798633 3.044713 -0.349359 2.617673 0.317127 0.921247 2.675720 -0.287591 10.403921 -0.241541 -0.156682 -0.391661 3.720067
1 56.866646 -8.411981 -0.856328 -0.428948 -2.144113 -1.798633 3.044713 -0.349359 2.617673 0.317127 0.921247 2.675720 -0.287591 10.403921 -0.241541 -0.156682 -0.391661 3.720067
1 56.866646 -8.411981 -0.856328 -0.428948 -2.144113 -1.798633 3.044713 -0.349359 2.617673 0.317127 0.921247 2.675720 -0.287591 10.403921 -0.241541 -0.156682 -0.391661 3.720067
1 56.866646 -8.411981 -0.856328 -0.428948 -2.144113 -1.798633 3.044713 -0.349359 2.617673 0.317127 0.921247 2.675720 -0.287591 10.403921 -0.241541 -0.156682 -0.391661 3.720067
1 56.866646 -8.411981 -0.856328 -0.428948 -2.144113 -1.798633 3.044713 -0.349359 2.617673 0.317127 0.921247 2.675720 -0.287591 10.403921 -0.241541 -0.156682 -0.391661 3.720067
1 56.866646 -8.411981 -0.856328 -0.428948 -2.144113 -1.798633 3.044713 -0.349359 2.617673 0.317127 0.921247 2.675720 -0.287591 10.403921 -0.241541 -0.156682 -0.391661 3.720067
1 56.866646 -8.411981 -0.856328 -0.428948 -2.144113 -1.798633 3.044713 -0.349359 2.617673 0.317127 0.921247 2.675720 -0.287591 10.403921 -0.241541 -0.156682 -0.391661 3.720067
1 56.866646 -8.411981 -0.856328 -0.428948 -2.144113 -1.798633 3.044713 -0.349359 2.617673 0.317127 0.921247 2.675720 -0.287591 10.403921 -0.241541 -0.156682 -0.391661 3.720067
1 56.866646 -8.411981 -0.856328 -0.428948 -2.144113 -1.798633 3.044713 -0.349359 2.617673 0.317127 0.921247 2.675720 -0.287591 10.403921 -0.241541 -0.156682 -0.391661 3.720067
1 56.866646 -8.411981 -0.856328 -0.428948 -2.144113 -1.798633 3.044713 -0.349359 2.617673 0.317127 0.921247 2.675720 -0.287591 10.403921 -0.241541 -0.156682 -0.391661 3.720067
1 56.866646 -8.411981 -0.856328 -0.428948 -2.144113 -1.798633 3.044713 -0.349359 2.617673 0.317127 0.921247 2.675720 -0.287591 10.403921 -0.241541 -0.156682 -0.391661 3.720067
1 56.866646 -8.411981 -0.856328 -0.428948 -2.144113 -1.798633 3.044713 -0.349359 2.617673 0.317127 0.921247 2.675720 -0.287591 10.403921 -0.241541 -0.156682 -0.391661 3.720067
1 56.866646 -8.411981 -0.856328 -0.428948 -2.144113 -1.798633 3.044713 -0.349359 2.617673 0.317127 0.921247 2.675720 -0.287591 10.403921 -0.241541 -0.156682 -0.391661 3.720067
1 56.866646 -8.411981 -0.856328 -0.428948 -2.144113 -1.798633 3.044713 -0.349359 2.617673 0.317127 0.921247 2.675720 -0.287591 10.403921 -0.241541 -0.156682 -0.391661 3.720067
1 56.866646 -8.411981 -0.856328 -0.428948 -2.144113 -1.798633 3.044713 -0.349359 2.617673 0.317127 0.921247 2.675720 -0.287591 10.403921 -0.241541 -0.156682 -0.391661 3.720067
1 56.866646 -8.411981 -0.856328 -0.428948 -2.144113 -1.798633 3.044713 -0.349359 2.617673 0.317127 0.921247 2.675720 -0.287591 10.403921 -0.241541 -0.156682 -0.391661 3.720067
1 56.866646 -8.411981 -0.856328 -0.428948 -2.144113 -1.798633 3.044713 -0.349359 2.617673 0.317127 0.921247 2.675720 -0.287591 10.403921 -0.241541 -0.156682 -0.391661 3.720067
1 56.866646 -8.411981 -0.856328 -0.428948 -2.144113 -1.798633 3.044713 -0.349359 2.617673 0.317127 0.921247 2.675720 -0.287591 10.403921 -0.241541 -0.156682 -0.391661 3.720067
1 56.866646 -8.411981 -0.856328 -0.428948 -2.144113 -1.798633 3.044713 -0.349359 2.617673 0.317127 0.921247 2.675720 -0.287591 10.403921 -0.241541 -0.156682 -0.391661 3.720067
1 56.866646 -8.411981 -0.856328 -0.428948 -2.144113 -1.798633 3.044713 -0.349359 2.617673 0.317127 0.921247 2.675720 -0.287591 10.403921 -0.241541 -0.156682 -0.391661 3.720067
1 56.866646 -8.411981 -0.856328 -0.428948 -2.144113 -1.798633 3.044713 -0.349359 2.617673 0.317127 0.921247 2.675720 -0.287591 10.403921 -0.241541 -0.156682 -0.391661 3.720067
1 56.866646 -8.411981 -0.856328 -0.428948 -2.144113 -1.798633 3.044713 -0.349359 2.617673 0.317127 0.921247 2.675720 -0.287591 10.403921 -0.241541 -0.156682 -0.391661 3.720067
1 56.866646 -8.411981 -0.856328 -0.428948 -2.144113 -1.798633 3.044713 -0.349359 2.617673 0.317127 0.921247 2.675720 -0.287591 10.403921 -0.241541 -0.156682 -0.391661 3.720067
1 56.866646 -8.411981 -0.856328 -0.428948 -2.144113 -1.798633 3.044713 -0.349359 2.617673 0.317127 0.921247 2.675720 -0.287591 10.403921 -0.241541 -0.156682 -0.391661 3.720067
1 57.783567 -8.349190 -0.871683 -0.399626 -2.161440 -1.761679 3.061495 -0.377882 2.627712 0.325016 0.934362 2.666940 -0.285977 10.389497 -0.243859 -0.164468 -0.399994 3.692760
1 57.783567 -8.349190 -0.871683 -0.399626 -2.161440 -1.761679 3.061495 -0.377882 2.627712 0.325016 0.934362 2.666940 -0.285977 10.389497 -0.243859 -0.164468 -0.399994 3.692760
1 57.783567 -8.349190 -0.871683 -0.399626 -2.161440 -1.761679 3.061495 -0.377882 2.627712 0.325016 0.934362 2.666940 -0.285977 10.389497 -0.243859 -0.164468 -0.399994 3.692760
1 57.783567 -8.349190 -0.871683 -0.399626 -2.161440 -1.761679 3.061495 -0.377882 2.627712 0.325016 0.934362 2.666940 -0.285977 10.389497 -0.243859 -0.164468 -0.399994 3.692760
1 57.783567 -8.349190 -0.871683 -0.399626 -2.161440 -1.761679 3.061495 -0.377882 2.627712 0.325016 0.934362 2.666940 -0.285977 10.389497 -0.243859 -0.164468 -0.399994 3.692760
1 57.783567 -8.349190 -0.871683 -0.399626 -2.161440 -1.761679 3.061495 -0.377882 2.627712 0.325016 0.934362 2.666940 -0.285977 10.389497 -0.243859 -0.164468 -0.399994 3.692760
1 57.783567 -8.349190 -0.871683 -0.399626 -2.161440 -1.761679 3.061495 -0.377882 2.627712 0.325016 0.934362 2.666940 -0.285977 10.389497 -0.243859 -0.164468 -0.399994 3.692760
1 57.783567 -8.349190 -0.871683 -0.399626 -2.161440 -1.761679 3.061495 -0.377882 2.627712 0.325016 0.934362 2.666940 -0.285977 10.389497 -0.243859 -0.164468 -0.399994 3.692760
1 57.783567 -8.349190 -0.871683 -0.399626 -2.161440 -1.761679 3.061495 -0.377882 2.627712 0.325016 0.934362 2.666940 -0.285977 10.389497 -0.243859 -0.164468 -0.399994 3.692760
