1 inf -9.436323 -0.755479 -0.122046 -2.628638 -1.053624 3.370504 -0.327287 1.811109 0.567314 0.576949 2.362550 0.301437 11.010740 -0.714051 -0.378312 0.489271 3.828342
1 inf -9.460958 -0.769540 -0.153094 -2.641843 -1.067430 3.385990 -0.320968 1.834211 0.569972 0.608421 2.377437 0.294082 11.038186 -0.740495 -0.379641 0.488249 3.817823
1 inf -9.426534 -0.778166 -0.160614 -2.638924 -1.040635 3.409978 -0.351175 1.838721 0.528896 0.616785 2.383918 0.276926 11.046705 -0.718729 -0.364301 0.517025 3.796142
1 inf -9.410354 -0.792236 -0.143691 -2.650823 -1.018722 3.454529 -0.361573 1.832076 0.485498 0.614254 2.413028 0.245497 11.070053 -0.740927 -0.390247 0.486622 3.787357
1 inf -9.428221 -0.768732 -0.156196 -2.619577 -1.040685 3.449376 -0.360964 1.872789 0.446913 0.581584 2.412903 0.250953 11.035774 -0.743134 -0.367071 0.530207 3.792249
1 inf -9.399827 -0.779793 -0.150182 -2.617617 -1.014935 3.434715 -0.364374 1.869215 0.433265 0.573726 2.430122 0.253815 11.021070 -0.780764 -0.352979 0.576133 3.797908
1 inf -9.405601 -0.790162 -0.150927 -2.601036 -1.011805 3.380938 -0.381520 1.855411 0.404606 0.575284 2.395441 0.265023 11.062379 -0.801344 -0.353721 0.571040 3.805383
1 inf -9.417353 -0.815304 -0.145657 -2.595319 -1.003755 3.369266 -0.406747 1.826797 0.414898 0.600668 2.396405 0.266822 11.071600 -0.830121 -0.388168 0.557968 3.786764
1 inf -9.396222 -0.804696 -0.143115 -2.603093 -1.034262 3.361817 -0.385779 1.810802 0.442527 0.597616 2.395384 0.254505 11.046383 -0.816669 -0.416025 0.537201 3.830658
1 inf -9.421711 -0.785152 -0.160586 -2.608521 -1.049268 3.369315 -0.386055 1.801545 0.413830 0.553123 2.404155 0.263027 11.050377 -0.821018 -0.409043 0.527363 3.830930
1 inf -9.446377 -0.795471 -0.138625 -2.586922 -1.064887 3.348034 -0.361786 1.802017 0.429354 0.518704 2.380655 0.287128 11.059157 -0.789137 -0.387523 0.512907 3.801294
1 inf -9.421880 -0.823720 -0.181622 -2.605137 -1.078533 3.340019 -0.356773 1.805151 0.428039 0.515531 2.362660 0.294880 11.039420 -0.788113 -0.450745 0.518555 3.807673
1 inf -9.438881 -0.844480 -0.134840 -2.620901 -1.107767 3.357745 -0.372732 1.796584 0.431796 0.474298 2.377194 0.307407 11.015603 -0.789052 -0.442444 0.507678 3.821877
1 inf -9.479732 -0.857552 -0.121853 -2.643416 -1.127055 3.398731 -0.360516 1.814862 0.420343 0.479139 2.349327 0.303997 10.996618 -0.777969 -0.472806 0.482903 3.823469
1 inf -9.492654 -0.860703 -0.098358 -2.627674 -1.149847 3.396752 -0.399336 1.791632 0.368832 0.459363 2.342784 0.280529 11.023782 -0.777095 -0.463904 0.466066 3.807304
1 inf -9.505913 -0.852522 -0.094628 -2.652291 -1.178718 3.413272 -0.414181 1.763499 0.379340 0.444315 2.362787 0.277472 11.050784 -0.815913 -0.454807 0.432259 3.788924
1 inf -9.493141 -0.826970 -0.120893 -2.623500 -1.165525 3.432538 -0.405049 1.774834 0.399302 0.438590 2.366570 0.265067 11.032798 -0.835644 -0.440247 0.408574 3.818092
1 inf -9.490722 -0.810536 -0.123969 -2.602286 -1.139610 3.432450 -0.441510 1.763907 0.382911 0.447539 2.352749 0.273599 11.036480 -0.841388 -0.486925 0.403782 3.806724
1 inf -9.505376 -0.797344 -0.143779 -2.616432 -1.154715 3.431309 -0.413074 1.766314 0.395226 0.468029 2.371884 0.248892 11.039676 -0.842923 -0.486551 0.394994 3.839893
1 inf -9.472503 -0.797887 -0.164848 -2.588556 -1.136948 3.390088 -0.407341 1.755828 0.398823 0.478930 2.395065 0.231019 11.049939 -0.869896 -0.476709 0.409425 3.863155
1 inf -9.477942 -0.792091 -0.163206 -2.639609 -1.191474 3.397010 -0.381303 1.768736 0.391340 0.486315 2.359037 0.222111 11.027894 -0.854821 -0.444285 0.383266 3.880930
1 inf -9.472957 -0.781979 -0.178108 -2.646408 -1.193842 3.425511 -0.358232 1.767774 0.424190 0.521069 2.363289 0.246498 11.026563 -0.858501 -0.470167 0.364676 3.882195
1 inf -9.462220 -0.774593 -0.161488 -2.648940 -1.165955 3.427839 -0.345860 1.763859 0.435417 0.537989 2.371608 0.232234 11.055189 -0.835962 -0.484829 0.385207 3.874410
1 inf -9.445183 -0.766100 -0.169181 -2.661259 -1.194198 3.423607 -0.330858 1.770435 0.436866 0.518534 2.396365 0.231621 11.065297 -0.891086 -0.467459 0.360976 3.888176
1 inf -9.404954 -0.728436 -0.167284 -2.666510 -1.180803 3.388862 -0.284814 1.776732 0.452408 0.531797 2.434007 0.233222 11.057224 -0.914895 -0.419154 0.386764 3.877398
1 inf -9.423489 -0.749811 -0.173156 -2.670987 -1.204141 3.344436 -0.274670 1.806235 0.454108 0.512629 2.447931 0.270439 11.070051 -0.938718 -0.445302 0.381453 3.876454
1 inf -9.401750 -0.746560 -0.198793 -2.669423 -1.250992 3.327682 -0.260453 1.779922 0.457551 0.559383 2.435662 0.224344 11.062393 -0.945829 -0.493832 0.364362 3.859114
1 inf -9.405110 -0.724357 -0.179953 -2.691354 -1.239374 3.337889 -0.256531 1.752848 0.477456 0.555242 2.419452 0.204224 11.086396 -0.921605 -0.490512 0.347407 3.872386
1 inf -9.388552 -0.709686 -0.181131 -2.691768 -1.196190 3.294388 -0.269043 1.721691 0.494460 0.577877 2.424927 0.226466 11.092398 -0.939792 -0.467160 0.364156 3.917360
1 inf -9.389904 -0.753130 -0.149400 -2.686991 -1.196932 3.286127 -0.267626 1.763527 0.515702 0.570681 2.429906 0.239026 11.083911 -0.939259 -0.487565 0.417263 3.905587
1 inf -9.359312 -0.742009 -0.169621 -2.668260 -1.207759 3.269624 -0.248422 1.757323 0.481148 0.537669 2.402918 0.247908 11.110872 -0.912337 -0.472276 0.371884 3.908624
1 inf -9.364915 -0.742547 -0.181359 -2.658236 -1.174699 3.257355 -0.248263 1.727073 0.476336 0.535295 2.386396 0.244803 11.107776 -0.911639 -0.456065 0.414213 3.934302
1 inf -9.327566 -0.737288 -0.169858 -2.636568 -1.147421 3.282300 -0.266825 1.700342 0.470175 0.556799 2.347861 0.245561 11.085751 -0.912310 -0.434979 0.431866 3.939925
1 inf -9.341797 -0.747078 -0.157825 -2.613002 -1.127231 3.277856 -0.252742 1.729066 0.482986 0.566433 2.355223 0.226291 11.068836 -0.906030 -0.438105 0.447726 3.949826
1 inf -9.317894 -0.711353 -0.156839 -2.594901 -1.148838 3.307695 -0.231360 1.736136 0.499110 0.601234 2.335372 0.216108 11.078465 -0.885089 -0.412874 0.452875 3.967642
1 inf -9.273554 -0.693850 -0.166170 -2.618639 -1.134466 3.338222 -0.219248 1.730498 0.478939 0.602141 2.335889 0.224029 11.087647 -0.845386 -0.403278 0.459250 3.998282
1 inf -9.265801 -0.691978 -0.143317 -2.623318 -1.121352 3.356736 -0.255079 1.726616 0.465023 0.596736 2.347173 0.247145 11.073025 -0.840945 -0.408546 0.443323 4.016718
1 inf -9.268584 -0.721407 -0.100175 -2.607945 -1.110401 3.370053 -0.276343 1.719975 0.457409 0.613384 2.364359 0.265114 11.075532 -0.818299 -0.399137 0.466886 4.040293
1 inf -9.267547 -0.714512 -0.089967 -2.607226 -1.136593 3.390410 -0.307405 1.726048 0.465639 0.620260 2.393426 0.289959 11.047083 -0.791026 -0.388202 0.485959 4.018544
1 inf -9.306552 -0.748139 -0.107920 -2.602841 -1.138386 3.360853 -0.333640 1.728704 0.449687 0.627972 2.398882 0.304443 11.042168 -0.784248 -0.365628 0.479115 4.044181
1 inf -9.352831 -0.759779 -0.117955 -2.600964 -1.177198 3.407231 -0.328410 1.732776 0.442603 0.608983 2.396421 0.306668 11.008006 -0.759186 -0.375843 0.498109 4.014638
1 inf -9.338986 -0.774498 -0.127903 -2.647992 -1.171406 3.405014 -0.313701 1.732144 0.456748 0.652304 2.393501 0.341200 11.034681 -0.761697 -0.386189 0.524536 4.016273
1 inf -9.352753 -0.782252 -0.146177 -2.628747 -1.199924 3.422737 -0.276375 1.770039 0.451273 0.668147 2.417959 0.365068 11.028093 -0.749552 -0.390817 0.569626 4.021900
1 inf -9.352403 -0.757240 -0.125528 -2.653930 -1.190971 3.432588 -0.266232 1.775593 0.452803 0.643661 2.414218 0.386886 11.026570 -0.756347 -0.408715 0.558416 4.013081
1 inf -9.324963 -0.798714 -0.161738 -2.657160 -1.198658 3.437257 -0.261953 1.800996 0.387836 0.623968 2.433643 0.413883 11.021151 -0.777186 -0.427640 0.517270 4.004957
1 inf -9.309862 -0.797339 -0.193469 -2.652176 -1.215819 3.468322 -0.268831 1.808644 0.408516 0.621457 2.430566 0.384252 11.024030 -0.754725 -0.427756 0.504654 3.973196
1 inf -9.287869 -0.809017 -0.188979 -2.663835 -1.236670 3.459206 -0.268546 1.806185 0.417308 0.592243 2.456056 0.396807 11.009818 -0.734121 -0.402035 0.484369 3.978938
1 inf -9.324928 -0.799029 -0.228350 -2.666585 -1.233242 3.412447 -0.262538 1.796971 0.428669 0.582194 2.452257 0.397158 11.044106 -0.769066 -0.365644 0.424788 3.959999
1 inf -9.311230 -0.814582 -0.233193 -2.660657 -1.217568 3.432799 -0.265231 1.815473 0.444995 0.633104 2.454449 0.373269 11.022169 -0.804451 -0.376949 0.433629 3.945598
1 inf -9.265136 -0.788160 -0.212061 -2.673114 -1.234341 3.397867 -0.268819 1.824951 0.436354 0.600795 2.431809 0.353645 11.050509 -0.825424 -0.366107 0.395391 3.952107
1 inf -9.271384 -0.788218 -0.224264 -2.693257 -1.207053 3.364200 -0.280064 1.847793 0.441592 0.602358 2.459492 0.362051 11.030909 -0.878268 -0.364869 0.370194 3.939942
1 inf -9.332948 -0.753944 -0.242609 -2.712167 -1.203738 3.359187 -0.266281 1.904983 0.444861 0.585820 2.464905 0.403156 11.043476 -0.868685 -0.368129 0.403830 3.906651
1 inf -9.326100 -0.739022 -0.254647 -2.692987 -1.196997 3.362105 -0.300030 1.901108 0.399242 0.596797 2.456787 0.416782 11.070977 -0.877240 -0.384618 0.447515 3.923988
1 inf -9.302267 -0.737675 -0.267469 -2.719388 -1.201149 3.394019 -0.298819 1.911533 0.428439 0.631929 2.443010 0.444511 11.069583 -0.884975 -0.378607 0.436134 3.894677
1 inf -9.259475 -0.762335 -0.260367 -2.695073 -1.156260 3.381812 -0.303596 1.917091 0.436695 0.612072 2.410217 0.409918 11.089203 -0.855762 -0.366177 0.427210 3.888432
1 inf -9.321164 -0.764491 -0.268774 -2.707444 -1.163856 3.391318 -0.265643 1.932617 0.394005 0.634158 2.402005 0.369666 11.085284 -0.853374 -0.361038 0.441747 3.904780
1 inf -9.321819 -0.773584 -0.245799 -2.704303 -1.154775 3.392917 -0.266820 1.926904 0.405483 0.650103 2.425522 0.392712 11.076332 -0.851750 -0.387505 0.460917 3.825251
1 inf -9.336760 -0.780030 -0.253512 -2.707575 -1.124279 3.414608 -0.243708 1.949882 0.420159 0.673543 2.412886 0.402332 11.089022 -0.844800 -0.401801 0.489683 3.827637
1 inf -9.398506 -0.789724 -0.250264 -2.703261 -1.120303 3.378106 -0.237503 1.900728 0.430013 0.666323 2.447206 0.393220 11.097262 -0.821898 -0.391776 0.475653 3.786754
1 inf -9.368212 -0.778660 -0.245830 -2.698235 -1.104378 3.408024 -0.274468 1.870928 0.392795 0.662220 2.465268 0.381992 11.119030 -0.846041 -0.366190 0.476612 3.837707
1 inf -9.353287 -0.757789 -0.223358 -2.683956 -1.129734 3.426321 -0.300696 1.847891 0.386148 0.677571 2.436167 0.419349 11.144468 -0.884335 -0.371517 0.482213 3.840288
1 inf -9.328562 -0.761021 -0.228415 -2.638752 -1.166339 3.433764 -0.263445 1.850208 0.401216 0.667147 2.422084 0.408737 11.124522 -0.900797 -0.390651 0.498748 3.849519
1 inf -9.287923 -0.759644 -0.249489 -2.636044 -1.218473 3.422109 -0.258074 1.854830 0.424235 0.655598 2.439077 0.428113 11.129447 -0.883196 -0.397890 0.509031 3.830111
1 inf -9.281084 -0.780969 -0.268781 -2.637066 -1.198716 3.398519 -0.252249 1.853341 0.422462 0.687297 2.425039 0.455957 11.153648 -0.895552 -0.391657 0.533653 3.855411
1 inf -9.278791 -0.782104 -0.320764 -2.653265 -1.201660 3.383291 -0.278795 1.879847 0.392110 0.671201 2.430228 0.467634 11.137142 -0.878439 -0.377107 0.517742 3.860124
1 inf -9.294903 -0.774788 -0.320759 -2.624411 -1.187330 3.398646 -0.299653 1.867965 0.374903 0.685697 2.369591 0.465286 11.163752 -0.873370 -0.374723 0.512200 3.883180
1 inf -9.293833 -0.760457 -0.366317 -2.612978 -1.149284 3.403478 -0.316983 1.834591 0.384275 0.645758 2.365325 0.450505 11.160925 -0.886649 -0.380142 0.538786 3.866388
1 inf -9.264808 -0.743310 -0.363397 -2.645011 -1.157157 3.372107 -0.307914 1.873435 0.410992 0.616657 2.377766 0.470290 11.153749 -0.876519 -0.364603 0.533128 3.844248
1 inf -9.246601 -0.743653 -0.362382 -2.604516 -1.113569 3.395898 -0.339247 1.853663 0.430291 0.606121 2.385963 0.476117 11.146444 -0.904585 -0.387199 0.528925 3.844370
1 inf -9.281676 -0.745954 -0.410018 -2.593186 -1.096556 3.401516 -0.347070 1.850680 0.435625 0.615972 2.370542 0.508096 11.140671 -0.906210 -0.413713 0.504855 3.844978
1 inf -9.282683 -0.772728 -0.418275 -2.648072 -1.077443 3.418513 -0.355431 1.846066 0.438381 0.583161 2.402718 0.496271 11.128961 -0.880683 -0.385900 0.516066 3.842600
1 inf -9.281928 -0.783353 -0.416089 -2.672976 -1.061728 3.433919 -0.358463 1.812028 0.436904 0.569734 2.393972 0.458529 11.150742 -0.876360 -0.382156 0.502514 3.833860
1 inf -9.305271 -0.788270 -0.431882 -2.695816 -1.041612 3.461546 -0.349560 1.836760 0.429397 0.575907 2.400945 0.451603 11.171315 -0.839625 -0.396982 0.488902 3.813394
1 inf -9.289455 -0.813066 -0.431217 -2.704532 -1.058790 3.431273 -0.390879 1.809049 0.432343 0.554449 2.407133 0.445523 11.164699 -0.846127 -0.423923 0.505209 3.815126
1 inf -9.317038 -0.809506 -0.446754 -2.694282 -1.063717 3.470942 -0.358848 1.828084 0.438181 0.588740 2.391181 0.446090 11.152395 -0.855086 -0.450648 0.494849 3.805639
1 inf -9.324954 -0.802516 -0.449276 -2.661452 -1.042192 3.465939 -0.368474 1.854997 0.419848 0.592577 2.398600 0.439547 11.165799 -0.821503 -0.433171 0.500549 3.805357
1 inf -9.306445 -0.805390 -0.463196 -2.672412 -1.071117 3.475113 -0.377631 1.855279 0.437703 0.579653 2.401376 0.453587 11.120218 -0.818833 -0.401795 0.541718 3.811991
1 inf -9.325513 -0.800187 -0.450503 -2.739119 -1.075059 3.439135 -0.343001 1.865882 0.442777 0.557350 2.443197 0.460967 11.125377 -0.817525 -0.400820 0.530733 3.795021
1 inf -9.330625 -0.826396 -0.416575 -2.709497 -1.067184 3.408296 -0.353508 1.873846 0.447988 0.534038 2.422243 0.449986 11.148232 -0.820858 -0.425286 0.498131 3.797848
1 inf -9.281970 -0.807954 -0.472410 -2.686342 -1.048269 3.398898 -0.346751 1.846605 0.493912 0.518029 2.429723 0.477914 11.163045 -0.795531 -0.414159 0.502641 3.791702
1 inf -9.225177 -0.811308 -0.445723 -2.700881 -1.037036 3.415573 -0.341991 1.831948 0.480155 0.482587 2.458770 0.491988 11.154656 -0.777459 -0.449567 0.505904 3.814486
1 inf -9.230150 -0.811238 -0.426390 -2.712031 -1.043295 3.409192 -0.354210 1.881660 0.517028 0.484571 2.484274 0.502017 11.162067 -0.820908 -0.416318 0.496373 3.810211
1 inf -9.246058 -0.799104 -0.404611 -2.723982 -1.076431 3.372157 -0.369626 1.877590 0.509094 0.470515 2.488458 0.504480 11.114640 -0.813862 -0.408289 0.511757 3.823232
1 inf -9.222403 -0.816428 -0.383893 -2.732387 -1.087542 3.367990 -0.381786 1.903170 0.456117 0.451044 2.451472 0.486970 11.120641 -0.805826 -0.413114 0.532687 3.805287
1 inf -9.203113 -0.818006 -0.405093 -2.764603 -1.069439 3.359168 -0.403842 1.865500 0.482993 0.453806 2.449574 0.501860 11.118513 -0.787239 -0.370664 0.533322 3.772982
1 inf -9.177232 -0.832328 -0.389255 -2.754407 -1.061207 3.373130 -0.420367 1.877996 0.523668 0.435980 2.479198 0.469797 11.125398 -0.780018 -0.361963 0.515047 3.749461
1 inf -9.156137 -0.860063 -0.363844 -2.740827 -1.025785 3.400917 -0.423418 1.925331 0.552423 0.424904 2.484424 0.501035 11.111034 -0.761937 -0.352532 0.504111 3.736815
1 inf -9.188527 -0.843172 -0.353562 -2.748136 -1.018746 3.398301 -0.438033 1.921024 0.554452 0.425763 2.504832 0.492036 11.091131 -0.711059 -0.319586 0.496629 3.752023
1 inf -9.203753 -0.853105 -0.340591 -2.734911 -1.012929 3.408401 -0.416874 1.979989 0.529014 0.408897 2.489069 0.477922 11.086678 -0.704906 -0.310112 0.480824 3.774950
1 inf -9.204399 -0.842794 -0.309859 -2.740770 -1.050398 3.377587 -0.397332 2.012201 0.492962 0.367723 2.473691 0.445479 11.066334 -0.727186 -0.329516 0.483624 3.766273
1 inf -9.218187 -0.841376 -0.358431 -2.722474 -1.044125 3.366092 -0.389559 1.995168 0.500690 0.413024 2.491520 0.442907 11.103924 -0.703934 -0.336758 0.492818 3.787909
1 inf -9.198385 -0.823581 -0.342266 -2.758986 -1.036892 3.389147 -0.400927 2.001743 0.517167 0.437117 2.473852 0.445084 11.098761 -0.702730 -0.311677 0.479870 3.784615
1 inf -9.229116 -0.804441 -0.397128 -2.778804 -1.030116 3.383600 -0.355450 1.980891 0.507825 0.424892 2.478532 0.478852 11.126664 -0.743424 -0.291361 0.483848 3.778672
1 inf -9.182963 -0.795105 -0.394060 -2.806354 -1.014066 3.369882 -0.407146 1.938809 0.501086 0.410046 2.469778 0.470631 11.112965 -0.718739 -0.286977 0.460459 3.798162
1 inf -9.173896 -0.794863 -0.393138 -2.820082 -1.019594 3.352717 -0.394824 1.910109 0.502904 0.453325 2.520678 0.449837 11.104503 -0.739632 -0.285627 0.476683 3.849189
1 inf -9.164205 -0.801964 -0.352400 -2.848709 -1.030231 3.341469 -0.374252 1.918793 0.519226 0.424854 2.478716 0.467163 11.084654 -0.718016 -0.276381 0.462738 3.877961
1 inf -9.118622 -0.819776 -0.381681 -2.861193 -1.029023 3.410779 -0.378196 1.913462 0.546192 0.420829 2.513385 0.475289 11.086700 -0.673695 -0.280427 0.464602 3.883650
1 inf -9.098064 -0.819493 -0.432512 -2.887325 -1.040326 3.391411 -0.391776 1.909255 0.548020 0.453830 2.554723 0.439593 11.063093 -0.673479 -0.267256 0.469317 3.871071
1 inf -9.100053 -0.845318 -0.434194 -2.899262 -1.034786 3.431463 -0.389267 1.910747 0.568932 0.484927 2.559344 0.448875 11.063162 -0.693368 -0.290143 0.497520 3.860393
1 inf -9.074313 -0.854945 -0.402792 -2.880184 -1.043172 3.446857 -0.378178 1.866035 0.574705 0.519638 2.553792 0.449915 11.069422 -0.678879 -0.266066 0.525205 3.869796
1 inf -9.076293 -0.880755 -0.391494 -2.886592 -1.035094 3.434187 -0.367029 1.852412 0.585541 0.521239 2.550256 0.433595 11.053091 -0.703986 -0.241110 0.494885 3.882794
1 inf -9.101275 -0.885710 -0.390650 -2.872177 -1.038813 3.416719 -0.369209 1.810829 0.606703 0.568842 2.521768 0.415055 11.092595 -0.686734 -0.245298 0.501821 3.874950
1 inf -9.120986 -0.892233 -0.402467 -2.906464 -1.025650 3.404726 -0.365490 1.839768 0.615374 0.573722 2.544500 0.431658 11.127507 -0.653522 -0.200495 0.511313 3.852768
1 inf -9.113582 -0.895776 -0.409718 -2.907959 -1.019133 3.381485 -0.372757 1.845251 0.616554 0.597437 2.540012 0.474017 11.165433 -0.635624 -0.182572 0.474182 3.834295
1 inf -9.109240 -0.937624 -0.412873 -2.872064 -1.043583 3.395284 -0.360603 1.869265 0.606899 0.596975 2.570154 0.501416 11.168544 -0.667979 -0.178679 0.442607 3.831679
1 inf -9.075495 -0.948398 -0.413787 -2.871952 -1.022214 3.400011 -0.323764 1.875687 0.581798 0.631630 2.559561 0.530822 11.161683 -0.668392 -0.180306 0.445656 3.821248
1 inf -9.064813 -0.967562 -0.374724 -2.911318 -1.029012 3.401602 -0.325821 1.898082 0.578285 0.645757 2.557835 0.493840 11.172998 -0.647484 -0.152595 0.436926 3.824597
1 inf -9.055930 -0.966602 -0.333871 -2.888805 -1.010939 3.397594 -0.319773 1.909059 0.596400 0.641251 2.553586 0.519182 11.198764 -0.636400 -0.116970 0.414009 3.852187
1 inf -9.046999 -0.962104 -0.333311 -2.883267 -1.023359 3.376517 -0.309405 1.891085 0.617080 0.639021 2.527551 0.524014 11.217798 -0.657772 -0.123457 0.407874 3.836202
1 inf -9.009337 -0.971233 -0.315709 -2.907914 -1.044741 3.388886 -0.326488 1.883961 0.580741 0.651001 2.582075 0.530366 11.243220 -0.685262 -0.152766 0.447511 3.810618
1 inf -8.987795 -0.971986 -0.312712 -2.914195 -1.039367 3.379587 -0.364765 1.836338 0.578305 0.668879 2.582313 0.525802 11.182385 -0.668588 -0.147003 0.427855 3.797951
1 inf -9.005448 -0.965723 -0.323133 -2.897979 -1.057879 3.350875 -0.352886 1.822101 0.597792 0.646231 2.572740 0.531441 11.187750 -0.657412 -0.108047 0.404582 3.848948
1 inf -9.005471 -0.990584 -0.290695 -2.873228 -1.063092 3.351321 -0.350994 1.852242 0.568755 0.663785 2.582088 0.561307 11.206726 -0.617190 -0.118488 0.405874 3.805201
1 inf -9.027705 -0.979837 -0.296183 -2.855827 -1.050384 3.332757 -0.353825 1.844384 0.545413 0.677398 2.590314 0.578737 11.187299 -0.613289 -0.086496 0.396615 3.808420
1 inf -9.011077 -0.986023 -0.250038 -2.842355 -1.066741 3.323321 -0.370594 1.861818 0.504788 0.650992 2.577856 0.556435 11.191739 -0.622493 -0.111106 0.390722 3.773839
1 inf -9.017845 -0.991477 -0.217460 -2.827446 -1.069212 3.321171 -0.400426 1.849528 0.503434 0.611554 2.571593 0.564109 11.216012 -0.624660 -0.095602 0.386149 3.764816
1 inf -9.024886 -0.994690 -0.209832 -2.798522 -1.064563 3.303607 -0.422668 1.907531 0.497565 0.597293 2.529314 0.541240 11.187337 -0.618784 -0.116782 0.376742 3.736386
1 inf -9.039817 -0.962328 -0.215125 -2.816182 -1.068755 3.292213 -0.453283 1.911297 0.468086 0.590348 2.536571 0.520894 11.187188 -0.637364 -0.121445 0.335869 3.745955
1 inf -9.021316 -0.964881 -0.175410 -2.788851 -1.096985 3.336804 -0.483578 1.908206 0.468593 0.591080 2.546253 0.538270 11.176776 -0.643329 -0.111301 0.344420 3.760963
1 inf -9.027310 -0.960423 -0.167436 -2.756304 -1.103918 3.347461 -0.489814 1.884893 0.427169 0.589343 2.539413 0.587289 11.187712 -0.661964 -0.092013 0.352517 3.723021
1 inf -9.008804 -0.961885 -0.177301 -2.751751 -1.145637 3.347068 -0.521961 1.882698 0.399376 0.612479 2.510707 0.595497 11.170451 -0.651049 -0.117177 0.344209 3.711517
1 inf -9.026142 -0.998734 -0.186511 -2.773619 -1.161160 3.334221 -0.499298 1.869461 0.390283 0.608512 2.520447 0.606081 11.113932 -0.658511 -0.093936 0.348405 3.715576
1 inf -9.041408 -0.995423 -0.178329 -2.784658 -1.144133 3.363484 -0.508007 1.876838 0.338924 0.620387 2.492664 0.608612 11.126600 -0.667260 -0.136496 0.340605 3.690137
1 inf -9.057997 -0.976611 -0.195795 -2.792495 -1.117470 3.375774 -0.487649 1.888115 0.356158 0.613560 2.490115 0.580174 11.137044 -0.667565 -0.144207 0.355111 3.696053
1 inf -9.067878 -0.931395 -0.187672 -2.770591 -1.106977 3.350804 -0.483765 1.887142 0.342688 0.558901 2.489635 0.596261 11.119291 -0.632537 -0.115687 0.385104 3.665056
1 inf -9.105171 -0.957244 -0.176729 -2.771355 -1.111225 3.348393 -0.501711 1.879236 0.315221 0.536879 2.487742 0.586531 11.127255 -0.647201 -0.119139 0.385710 3.694435
1 inf -9.109966 -0.947579 -0.203580 -2.791215 -1.100084 3.357806 -0.512092 1.868312 0.253235 0.490597 2.527627 0.600745 11.115182 -0.625572 -0.119524 0.401474 3.677133
1 inf -9.110269 -0.982822 -0.196814 -2.762242 -1.098773 3.385982 -0.480472 1.887178 0.238507 0.520243 2.523937 0.602524 11.143120 -0.618826 -0.171475 0.407998 3.668835
1 inf -9.114949 -0.959196 -0.223852 -2.777432 -1.138463 3.374996 -0.482869 1.927676 0.253693 0.515841 2.516787 0.614184 11.162995 -0.602878 -0.182977 0.413261 3.649071
1 inf -9.128086 -0.912416 -0.178261 -2.760852 -1.133439 3.385638 -0.475362 1.936368 0.280926 0.519081 2.504192 0.599763 11.157807 -0.620688 -0.192894 0.411785 3.643207
1 inf -9.134180 -0.949891 -0.177817 -2.764406 -1.124299 3.378021 -0.424568 1.963638 0.272173 0.473307 2.526219 0.596776 11.188664 -0.620751 -0.132096 0.376897 3.639981
1 inf -9.127307 -0.926563 -0.190586 -2.741964 -1.135145 3.375446 -0.423699 1.962976 0.283628 0.462822 2.539254 0.602420 11.171914 -0.548840 -0.127674 0.372695 3.649877
1 inf -9.131013 -0.931229 -0.194518 -2.759222 -1.150037 3.327573 -0.440941 1.956950 0.321737 0.424548 2.559004 0.586021 11.168245 -0.546493 -0.156278 0.376983 3.668237
1 inf -9.125093 -0.909472 -0.188181 -2.773645 -1.160265 3.320505 -0.430126 1.978620 0.347848 0.404162 2.528667 0.600641 11.143483 -0.547861 -0.161813 0.365191 3.672506
1 inf -9.146856 -0.907398 -0.182977 -2.789742 -1.158634 3.316423 -0.463383 2.009179 0.332614 0.413061 2.507617 0.612655 11.102552 -0.548051 -0.211322 0.318575 3.657387
1 inf -9.150059 -0.935410 -0.186694 -2.768175 -1.164919 3.320876 -0.486530 2.008841 0.321374 0.414396 2.456454 0.642916 11.133207 -0.528732 -0.213539 0.271132 3.675305
1 inf -9.136470 -0.920289 -0.170521 -2.759114 -1.152292 3.352959 -0.508349 2.021700 0.274459 0.403279 2.437850 0.660528 11.122378 -0.555370 -0.190053 0.270735 3.682814
1 inf -9.148618 -0.882946 -0.179288 -2.807756 -1.117223 3.320585 -0.507809 2.031373 0.263179 0.372355 2.463006 0.696119 11.140033 -0.568071 -0.192771 0.297663 3.703102
1 inf -9.168055 -0.877691 -0.189861 -2.815840 -1.074408 3.292323 -0.508934 2.010290 0.310010 0.418006 2.479248 0.681862 11.182517 -0.580285 -0.207241 0.305816 3.711968
1 inf -9.204285 -0.833293 -0.169331 -2.814021 -1.057641 3.305464 -0.536996 1.970500 0.331814 0.428651 2.463917 0.674025 11.188500 -0.588701 -0.185057 0.333428 3.715910
1 inf -9.189053 -0.835323 -0.152847 -2.778276 -1.063162 3.307340 -0.553687 1.967214 0.349315 0.425665 2.474126 0.666959 11.197928 -0.616773 -0.233183 0.339332 3.693319
1 inf -9.184531 -0.830612 -0.130328 -2.785054 -1.101699 3.340615 -0.570856 1.964929 0.360341 0.405823 2.447312 0.676770 11.192914 -0.634107 -0.267906 0.333319 3.699974
1 inf -9.206779 -0.817463 -0.117468 -2.753351 -1.093014 3.331529 -0.560894 1.968392 0.353355 0.385942 2.478009 0.670774 11.205497 -0.606370 -0.264181 0.349910 3.693409
1 inf -9.206024 -0.828088 -0.115282 -2.778255 -1.077299 3.346935 -0.563926 1.934354 0.351878 0.372515 2.469263 0.633032 11.227278 -0.602047 -0.260437 0.336358 3.684669
1 inf -9.216707 -0.829605 -0.100684 -2.794321 -1.021643 3.387440 -0.583527 1.916882 0.342211 0.385514 2.450501 0.662276 11.209464 -0.617646 -0.249499 0.356325 3.705819
1 inf -9.237271 -0.840282 -0.081168 -2.786585 -1.035557 3.395026 -0.598608 1.891432 0.341278 0.365556 2.451524 0.672899 11.218311 -0.655892 -0.244951 0.334521 3.709465
1 inf -9.211692 -0.859053 -0.059167 -2.731545 -1.005877 3.401586 -0.611727 1.898886 0.343813 0.371201 2.449335 0.675191 11.234603 -0.667843 -0.220603 0.307303 3.704925
1 inf -9.204455 -0.877765 -0.063041 -2.751829 -1.042264 3.403004 -0.602062 1.888852 0.330443 0.379166 2.458609 0.687511 11.233533 -0.620039 -0.236844 0.324845 3.715756
1 inf -9.210862 -0.878670 -0.021627 -2.753397 -1.062990 3.434806 -0.621433 1.863757 0.307507 0.372996 2.456743 0.669445 11.245604 -0.681171 -0.189525 0.313713 3.678716
1 inf -9.224223 -0.861772 0.026335 -2.717986 -1.079577 3.437447 -0.638850 1.866513 0.281505 0.348593 2.475835 0.669840 11.221971 -0.683794 -0.208031 0.321786 3.712600
1 inf -9.234913 -0.826787 0.014058 -2.763913 -1.057120 3.464043 -0.650744 1.890300 0.228431 0.286066 2.423149 0.685025 11.236672 -0.696321 -0.201105 0.326693 3.715738
1 inf -9.252590 -0.855284 -0.004744 -2.734249 -1.055495 3.464195 -0.650024 1.900106 0.226767 0.289252 2.433824 0.676331 11.263785 -0.658089 -0.160179 0.350823 3.718180
1 inf -9.257604 -0.856387 -0.000255 -2.774002 -1.054725 3.435882 -0.640242 1.926392 0.203710 0.291672 2.400428 0.686381 11.247748 -0.681024 -0.156950 0.319612 3.675555
1 inf -9.276841 -0.861335 -0.038958 -2.755883 -1.052933 3.412237 -0.627872 1.918147 0.154429 0.298811 2.391057 0.686516 11.249482 -0.704346 -0.176394 0.319890 3.690884
1 inf -9.267840 -0.821633 -0.010463 -2.734543 -1.057432 3.432967 -0.626118 1.929161 0.122104 0.302349 2.362950 0.647678 11.236562 -0.701886 -0.159282 0.337198 3.686383
1 inf -9.244798 -0.809188 -0.043237 -2.748275 -1.074130 3.425754 -0.648713 1.899043 0.080250 0.289843 2.421193 0.618287 11.250420 -0.733570 -0.161652 0.342082 3.688650
1 inf -9.259022 -0.838230 -0.029004 -2.754406 -1.079133 3.401990 -0.633676 1.900295 0.096980 0.284375 2.457462 0.643885 11.257322 -0.714796 -0.140149 0.350237 3.665039
1 inf -9.257612 -0.833309 -0.003908 -2.764545 -1.074110 3.408897 -0.621253 1.868863 0.096130 0.267788 2.453611 0.646307 11.249875 -0.703260 -0.125786 0.326465 3.652349
1 inf -9.286133 -0.841487 -0.010526 -2.790945 -1.035085 3.388226 -0.635218 1.881858 0.108863 0.276858 2.431283 0.658292 11.207948 -0.745002 -0.145866 0.321878 3.661316
1 inf -9.312342 -0.861763 0.018736 -2.785348 -1.031423 3.370519 -0.650036 1.859263 0.158547 0.266826 2.437520 0.666065 11.144350 -0.731542 -0.122018 0.318204 3.630902
1 inf -9.301673 -0.876528 0.029568 -2.778069 -1.020367 3.388328 -0.640793 1.856096 0.144357 0.250226 2.496177 0.640645 11.139114 -0.769180 -0.121931 0.303674 3.671353
1 inf -9.309892 -0.872953 0.001780 -2.746281 -1.035408 3.420705 -0.621930 1.878179 0.134292 0.252603 2.493450 0.656095 11.144982 -0.772745 -0.159155 0.350663 3.679318
1 inf -9.316478 -0.875691 0.007838 -2.747023 -1.054384 3.437530 -0.611181 1.869735 0.170241 0.251915 2.453685 0.620833 11.123604 -0.749996 -0.125556 0.362441 3.669911
1 inf -9.324347 -0.864455 0.033103 -2.731294 -1.045054 3.475466 -0.607500 1.851381 0.171682 0.253733 2.465156 0.620364 11.159598 -0.772465 -0.133196 0.391777 3.694330
1 inf -9.299201 -0.854975 0.043309 -2.760208 -1.061395 3.444024 -0.611463 1.855376 0.152579 0.265319 2.427206 0.611002 11.154353 -0.801408 -0.123653 0.391524 3.699944
1 inf -9.305030 -0.852477 0.044382 -2.772515 -1.057061 3.421617 -0.585796 1.836970 0.166081 0.249507 2.421246 0.618555 11.144467 -0.800032 -0.069252 0.378329 3.721480
1 inf -9.275507 -0.875628 0.063064 -2.774019 -1.048080 3.414567 -0.597545 1.854740 0.170183 0.232889 2.413491 0.591350 11.098899 -0.776664 -0.094361 0.380043 3.721458
1 inf -9.274866 -0.894967 0.068242 -2.728887 -1.063194 3.425283 -0.565881 1.855711 0.175352 0.230293 2.402552 0.573286 11.101875 -0.797279 -0.078299 0.399258 3.745050
1 inf -9.272826 -0.883683 0.057354 -2.712318 -1.021149 3.445416 -0.613432 1.850886 0.165249 0.218843 2.416271 0.603350 11.102692 -0.812895 -0.095018 0.391456 3.706798
1 inf -9.283735 -0.906777 0.022931 -2.710140 -1.052272 3.445452 -0.605335 1.850731 0.171857 0.224546 2.406457 0.565038 11.090217 -0.822332 -0.051803 0.390142 3.692898
1 inf -9.302593 -0.888348 0.018348 -2.703071 -1.060806 3.441134 -0.602935 1.834643 0.209392 0.229157 2.427822 0.547443 11.099021 -0.798991 -0.044203 0.387097 3.696866
1 inf -9.318007 -0.866016 0.008722 -2.704707 -1.048931 3.460747 -0.599023 1.858570 0.238890 0.200553 2.426286 0.549276 11.103913 -0.771900 -0.049330 0.386058 3.677996
1 inf -9.301153 -0.863894 -0.007286 -2.671145 -1.042785 3.443959 -0.580859 1.890111 0.207220 0.175702 2.394450 0.547973 11.088694 -0.817593 -0.023540 0.403102 3.661608
1 inf -9.301319 -0.862360 -0.006155 -2.650870 -1.040242 3.450797 -0.541303 1.902009 0.166733 0.182737 2.390114 0.537854 11.080156 -0.815989 -0.016055 0.391428 3.641222
1 inf -9.298451 -0.883501 0.021972 -2.654381 -1.039581 3.465483 -0.561059 1.894302 0.164487 0.150081 2.393096 0.542164 11.047907 -0.804876 -0.048657 0.439848 3.632683
1 inf -9.297122 -0.917862 0.017815 -2.672551 -1.043470 3.476036 -0.571639 1.903198 0.150582 0.159665 2.378605 0.532430 11.027652 -0.790662 -0.009532 0.442474 3.650012
1 inf -9.313960 -0.919784 0.042693 -2.676869 -1.049148 3.470238 -0.552826 1.949104 0.154041 0.162947 2.385495 0.580289 11.026415 -0.776919 -0.029324 0.454299 3.664219
1 inf -9.306425 -0.886591 0.041605 -2.701181 -1.079441 3.458045 -0.526737 1.970818 0.197017 0.166277 2.369795 0.589158 11.040517 -0.797445 -0.016294 0.403543 3.645864
1 inf -9.316036 -0.872387 0.015040 -2.704465 -1.100458 3.464402 -0.525441 1.942623 0.199485 0.133398 2.341304 0.638401 11.048557 -0.769745 -0.027550 0.413008 3.652452
1 inf -9.300337 -0.871396 0.022282 -2.706476 -1.129283 3.444468 -0.524787 1.958410 0.188671 0.133777 2.340852 0.632128 11.029325 -0.812661 -0.057898 0.406495 3.630393
1 inf -9.307927 -0.882072 0.040081 -2.720400 -1.137078 3.386786 -0.563458 1.987027 0.209328 0.167845 2.347531 0.629246 11.013525 -0.855536 -0.070709 0.424948 3.635288
1 inf -9.310413 -0.852611 0.065696 -2.731177 -1.098777 3.410624 -0.549992 2.012607 0.216335 0.134794 2.346239 0.653084 11.049824 -0.852628 -0.113963 0.396838 3.644231
1 inf -9.334880 -0.810498 0.055654 -2.726059 -1.119617 3.421521 -0.593319 2.002485 0.247451 0.117829 2.340603 0.661986 11.028311 -0.835525 -0.098575 0.384183 3.600809
1 inf -9.306942 -0.799508 0.056516 -2.729201 -1.118007 3.451754 -0.598355 2.020253 0.278719 0.086108 2.362208 0.609125 11.026935 -0.832696 -0.106109 0.383368 3.627935
1 inf -9.311844 -0.808365 0.061219 -2.704655 -1.117829 3.436044 -0.636238 2.050224 0.272832 0.090949 2.358242 0.584134 11.017503 -0.828764 -0.088958 0.350238 3.616350
1 inf -9.280727 -0.820281 0.054111 -2.698181 -1.153564 3.432175 -0.635204 2.037306 0.265764 0.114111 2.343864 0.587249 11.021286 -0.868688 -0.067620 0.373291 3.610442
1 inf -9.283978 -0.809464 0.066121 -2.680425 -1.192958 3.441708 -0.614159 2.040399 0.281671 0.134093 2.320156 0.588054 11.023184 -0.854414 -0.088337 0.353287 3.614658
1 inf -9.292180 -0.808121 0.054096 -2.709680 -1.194828 3.434140 -0.638923 2.067703 0.242130 0.116001 2.302036 0.582759 10.997124 -0.860237 -0.115851 0.310124 3.600295
1 inf -9.251666 -0.820944 0.003612 -2.718916 -1.161284 3.414789 -0.633128 2.074802 0.235750 0.085416 2.279961 0.566800 11.008961 -0.869559 -0.149586 0.311174 3.593075
1 inf -9.241830 -0.843315 0.007708 -2.692971 -1.159680 3.426531 -0.652324 2.083794 0.257529 0.081956 2.310720 0.591166 11.008696 -0.869181 -0.132846 0.305004 3.580218
1 inf -9.259739 -0.833231 0.040881 -2.691278 -1.170972 3.404455 -0.682577 2.102001 0.213317 0.083466 2.327323 0.611716 11.017047 -0.874520 -0.126220 0.300863 3.591298
1 inf -9.269869 -0.862207 0.075292 -2.689318 -1.159122 3.394941 -0.690753 2.113427 0.208575 0.071334 2.308401 0.625145 11.022288 -0.880303 -0.093913 0.320647 3.605047
1 inf -9.271622 -0.862091 0.038016 -2.696204 -1.149685 3.386751 -0.706902 2.093250 0.197449 0.060167 2.293447 0.626055 10.991898 -0.884858 -0.116229 0.343352 3.602728
1 inf -9.229884 -0.849674 0.044561 -2.645385 -1.188191 3.391705 -0.698708 2.102921 0.210871 0.085643 2.296787 0.625344 10.978656 -0.873942 -0.126373 0.328613 3.625206
1 inf -9.180187 -0.851196 0.066894 -2.645743 -1.160343 3.346007 -0.735312 2.078878 0.226088 0.087203 2.313628 0.599764 10.964232 -0.849612 -0.106870 0.313688 3.622328
1 inf -9.205294 -0.842694 0.046582 -2.633311 -1.157314 3.343117 -0.766198 2.068206 0.211416 0.072954 2.350147 0.583635 10.944548 -0.820040 -0.113042 0.315984 3.636146
1 inf -9.197303 -0.847115 0.039504 -2.620504 -1.199056 3.345679 -0.739489 2.092105 0.235706 0.083265 2.355978 0.575813 10.929036 -0.820413 -0.123017 0.312100 3.629944
1 inf -9.206005 -0.826298 0.015097 -2.621807 -1.213977 3.325262 -0.713294 2.113113 0.242276 0.047716 2.361863 0.557825 10.965878 -0.769201 -0.120002 0.334696 3.617076
1 inf -9.175619 -0.813720 0.020680 -2.644996 -1.216527 3.342612 -0.709407 2.162376 0.231018 0.058613 2.370116 0.564726 10.966067 -0.754516 -0.144893 0.357238 3.627634
1 inf -9.162709 -0.817089 0.002516 -2.666512 -1.203199 3.317271 -0.707113 2.169490 0.245641 0.056450 2.374702 0.551422 11.003554 -0.787240 -0.159249 0.338194 3.624349
1 inf -9.169019 -0.819828 -0.019384 -2.624105 -1.223610 3.347082 -0.686707 2.165250 0.225617 0.029178 2.365780 0.596914 10.999818 -0.780225 -0.189585 0.339214 3.623468
1 inf -9.163182 -0.844611 -0.002791 -2.601192 -1.246506 3.338479 -0.676947 2.161286 0.223072 0.027133 2.381395 0.585856 11.017426 -0.771554 -0.184679 0.331061 3.650363
1 inf -9.182344 -0.837316 -0.029417 -2.605513 -1.251366 3.327232 -0.653096 2.167959 0.218657 0.022404 2.398769 0.575343 10.996631 -0.786683 -0.160069 0.302198 3.667299
1 inf -9.173134 -0.806773 -0.022697 -2.624262 -1.266565 3.322817 -0.673059 2.199183 0.225895 -0.013503 2.389617 0.566724 10.997652 -0.777663 -0.161586 0.306938 3.658048
1 inf -9.162228 -0.783950 -0.042362 -2.624829 -1.296142 3.319730 -0.653611 2.234312 0.245521 -0.035018 2.377832 0.563821 10.957534 -0.755832 -0.140231 0.308136 3.694376
1 inf -9.186809 -0.812356 -0.028178 -2.686345 -1.270639 3.344699 -0.669654 2.234553 0.223604 -0.043042 2.381692 0.545700 10.955323 -0.763531 -0.164349 0.318197 3.718070
1 inf -9.230204 -0.779777 -0.018651 -2.677087 -1.277254 3.302491 -0.649151 2.238115 0.234314 -0.047665 2.379923 0.567066 10.950587 -0.760595 -0.179955 0.349190 3.716067
1 inf -9.234419 -0.754368 -0.012239 -2.699899 -1.291054 3.309484 -0.618234 2.239299 0.208108 -0.012694 2.393417 0.571297 10.926755 -0.787929 -0.156057 0.359889 3.727314
1 inf -9.189847 -0.728007 -0.000750 -2.700695 -1.287212 3.327622 -0.627526 2.242252 0.203656 -0.021131 2.376522 0.538979 10.925043 -0.767302 -0.117228 0.354015 3.768296
1 inf -9.214104 -0.730767 0.021913 -2.683578 -1.317065 3.309904 -0.662306 2.255894 0.190712 -0.048983 2.368114 0.552289 10.910023 -0.791818 -0.103181 0.350374 3.748174
1 inf -9.204714 -0.753057 0.068845 -2.695567 -1.348145 3.295399 -0.640549 2.249949 0.200296 -0.057632 2.377582 0.554158 10.924441 -0.806988 -0.109655 0.323265 3.736757
1 inf -9.175746 -0.798406 0.076771 -2.686930 -1.346484 3.315522 -0.619666 2.280697 0.195159 -0.056097 2.397655 0.530187 10.950175 -0.783609 -0.119519 0.354812 3.717888
1 inf -9.153889 -0.815149 0.076977 -2.680600 -1.335401 3.299096 -0.610892 2.320590 0.197781 -0.025924 2.395374 0.556593 10.946681 -0.751740 -0.135806 0.348420 3.725494
1 inf -9.153360 -0.790321 0.044871 -2.717090 -1.325960 3.349267 -0.612073 2.335773 0.172184 -0.026821 2.388883 0.564337 10.951581 -0.716092 -0.135541 0.334937 3.753632
1 inf -9.165087 -0.815090 0.027708 -2.729927 -1.301235 3.339282 -0.616881 2.318647 0.152335 -0.041236 2.379140 0.612729 10.938355 -0.696442 -0.119346 0.335595 3.754899
1 inf -9.164332 -0.825715 0.029894 -2.754831 -1.285520 3.354688 -0.619913 2.284609 0.150858 -0.054663 2.370394 0.574987 10.960136 -0.692119 -0.115602 0.322043 3.746159
1 inf -9.160040 -0.791671 0.053640 -2.758868 -1.272928 3.364691 -0.627959 2.257263 0.157219 -0.062309 2.374046 0.591121 10.952209 -0.670437 -0.114969 0.313079 3.739961
1 inf -9.166113 -0.784177 0.044181 -2.736795 -1.282051 3.353503 -0.665236 2.222048 0.173277 -0.046948 2.340080 0.583608 10.949949 -0.683476 -0.144156 0.312878 3.758426
1 inf -9.169903 -0.794517 0.053809 -2.749773 -1.303939 3.347337 -0.630204 2.217849 0.182041 -0.045112 2.345047 0.551876 10.927501 -0.662608 -0.163523 0.350234 3.749712
1 inf -9.171294 -0.778949 0.074744 -2.793119 -1.312861 3.380700 -0.656502 2.224450 0.170933 -0.075876 2.330199 0.537354 10.927762 -0.719027 -0.162145 0.371566 3.760993
1 inf -9.202895 -0.822311 0.094797 -2.771781 -1.320384 3.394814 -0.653837 2.209299 0.186978 -0.078031 2.315650 0.581650 10.958007 -0.719538 -0.150029 0.394441 3.773582
1 inf -9.196544 -0.837059 0.098100 -2.763314 -1.318296 3.395050 -0.652126 2.271909 0.170591 -0.057491 2.331261 0.580329 10.979125 -0.671973 -0.156557 0.412137 3.748022
1 inf -9.217490 -0.866502 0.115319 -2.773092 -1.327765 3.400690 -0.639481 2.305029 0.202538 -0.071364 2.336346 0.587517 10.991083 -0.671210 -0.158583 0.442218 3.741398
1 inf -9.211552 -0.872019 0.096327 -2.779624 -1.358047 3.407718 -0.628168 2.317082 0.196223 -0.079961 2.364539 0.587840 10.982546 -0.676799 -0.176100 0.439637 3.756474
1 inf -9.214230 -0.848602 0.109935 -2.798452 -1.324225 3.430871 -0.616828 2.325311 0.152486 -0.062805 2.360925 0.596178 10.997418 -0.673075 -0.170405 0.404451 3.727849
1 inf -9.205170 -0.869587 0.107559 -2.786036 -1.319122 3.436073 -0.626885 2.328125 0.144633 -0.062947 2.338698 0.604438 11.021145 -0.670781 -0.193124 0.407010 3.753642
1 inf -9.228781 -0.836741 0.082721 -2.783426 -1.354055 3.449583 -0.646394 2.340389 0.151767 -0.063538 2.310488 0.595096 11.006585 -0.635525 -0.187333 0.416845 3.750551
1 inf -9.211758 -0.855738 0.081190 -2.782790 -1.332960 3.463462 -0.638851 2.369506 0.155127 -0.058727 2.305393 0.578614 11.003993 -0.649266 -0.229506 0.396003 3.751184
1 inf -9.210213 -0.871717 0.086710 -2.759390 -1.349717 3.465342 -0.676060 2.371361 0.159158 -0.080524 2.321454 0.584136 10.990025 -0.625964 -0.199323 0.382586 3.756455
1 inf -9.230521 -0.861451 0.103089 -2.770754 -1.391234 3.440643 -0.685959 2.336037 0.180997 -0.078968 2.317976 0.560184 10.994864 -0.657018 -0.211992 0.396393 3.774323
1 inf -9.163173 -0.874769 0.092283 -2.766391 -1.432883 3.449968 -0.627824 2.323970 0.186653 -0.063567 2.309661 0.548013 11.008837 -0.653390 -0.237745 0.403390 3.738843
1 inf -9.162098 -0.888176 0.096869 -2.751412 -1.441837 3.460015 -0.635495 2.356780 0.220233 -0.051616 2.317689 0.539004 10.960938 -0.615507 -0.199686 0.372005 3.726662
1 inf -9.132699 -0.869660 0.123657 -2.759919 -1.437917 3.459767 -0.623722 2.366356 0.265061 -0.033412 2.313840 0.546046 10.958441 -0.611689 -0.207530 0.393955 3.743177
1 inf -9.111882 -0.901222 0.145847 -2.757858 -1.438186 3.452342 -0.654514 2.387282 0.284872 -0.045752 2.319035 0.548400 11.012386 -0.606936 -0.184297 0.392114 3.755056
1 inf -9.137647 -0.839557 0.138716 -2.803858 -1.451777 3.431246 -0.680616 2.345632 0.239456 -0.039813 2.313411 0.552792 10.972468 -0.584995 -0.211389 0.376999 3.754488
1 inf -9.116404 -0.800621 0.178538 -2.803810 -1.465802 3.433027 -0.667936 2.331969 0.227409 -0.058965 2.295649 0.507045 10.972708 -0.593765 -0.267006 0.391614 3.737264
1 inf -9.143574 -0.818048 0.204965 -2.824076 -1.447185 3.386621 -0.689996 2.311545 0.224559 -0.091158 2.312497 0.557454 10.971960 -0.603338 -0.263088 0.396337 3.720591
1 inf -9.116481 -0.862797 0.201380 -2.822211 -1.438691 3.369220 -0.685123 2.320794 0.223533 -0.075252 2.288024 0.558341 10.975146 -0.583566 -0.225367 0.385554 3.696918
1 inf -9.106835 -0.869237 0.191913 -2.806205 -1.457591 3.325961 -0.683646 2.286539 0.240624 -0.078985 2.303787 0.550435 10.957271 -0.592909 -0.228683 0.405687 3.707397
1 inf -9.089255 -0.825344 0.181039 -2.785578 -1.410046 3.329580 -0.667984 2.279684 0.260081 -0.077118 2.275767 0.530707 10.983039 -0.585308 -0.242321 0.430439 3.722099
1 inf -9.087023 -0.778668 0.156475 -2.814660 -1.406481 3.319141 -0.667957 2.294045 0.285037 -0.073641 2.252498 0.524035 11.011356 -0.607360 -0.203256 0.432359 3.737660
1 inf -9.126399 -0.738294 0.164688 -2.849430 -1.440091 3.313884 -0.683546 2.327691 0.282637 -0.096112 2.233074 0.557545 11.048005 -0.632405 -0.221649 0.458428 3.738217
1 inf -9.135307 -0.777895 0.158017 -2.826322 -1.453856 3.324029 -0.634450 2.328636 0.282379 -0.106046 2.229343 0.554850 11.075865 -0.647505 -0.272429 0.463049 3.769575
1 inf -9.144095 -0.803671 0.140502 -2.833574 -1.470970 3.341768 -0.630107 2.352991 0.275590 -0.078295 2.268203 0.568802 11.057217 -0.637164 -0.262233 0.482581 3.764667
1 inf -9.157614 -0.810036 0.196209 -2.822376 -1.445784 3.332211 -0.637368 2.403994 0.294635 -0.070373 2.286428 0.617947 11.002657 -0.641531 -0.252716 0.482602 3.771331
1 inf -9.174833 -0.820618 0.218070 -2.747024 -1.460184 3.348805 -0.638347 2.373407 0.275652 -0.058393 2.284585 0.603856 10.995862 -0.628601 -0.262486 0.477918 3.800218
1 inf -9.160317 -0.793911 0.235016 -2.729736 -1.477920 3.304684 -0.626133 2.362159 0.328489 -0.039411 2.267509 0.604752 11.006981 -0.626612 -0.256615 0.443855 3.847701
1 inf -9.175202 -0.795841 0.216011 -2.752914 -1.441086 3.297455 -0.581092 2.408658 0.363738 -0.045567 2.270052 0.609151 11.009528 -0.673736 -0.311953 0.463323 3.870582
1 inf -9.187981 -0.789706 0.208615 -2.768234 -1.405018 3.301716 -0.629276 2.406065 0.336717 -0.049845 2.243735 0.592870 11.007466 -0.683246 -0.328193 0.462858 3.909812
1 inf -9.197939 -0.836990 0.184289 -2.809363 -1.385985 3.317241 -0.657375 2.388826 0.308164 -0.068869 2.248717 0.602977 11.009169 -0.664478 -0.338271 0.413116 3.927478
1 inf -9.203146 -0.788278 0.164404 -2.793449 -1.371338 3.300757 -0.637977 2.354276 0.310603 -0.044310 2.271012 0.571797 11.054668 -0.657756 -0.293169 0.408029 3.904008
1 inf -9.207077 -0.769961 0.173915 -2.802055 -1.387244 3.284511 -0.635206 2.374038 0.319447 -0.069052 2.272827 0.591152 11.067252 -0.693435 -0.321803 0.423879 3.895897
1 inf -9.212370 -0.789779 0.164629 -2.785010 -1.388688 3.303446 -0.663355 2.396278 0.319671 -0.055064 2.272136 0.603469 11.077526 -0.715276 -0.349980 0.418266 3.905941
1 inf -9.228167 -0.808804 0.217326 -2.799587 -1.408956 3.327071 -0.645085 2.405801 0.305812 -0.081805 2.225346 0.599913 11.090109 -0.702415 -0.311730 0.428480 3.907158
1 inf -9.196094 -0.818897 0.215406 -2.815817 -1.456514 3.362233 -0.677587 2.373383 0.291461 -0.080874 2.182221 0.572664 11.072415 -0.715828 -0.322928 0.419653 3.884443
1 inf -9.192259 -0.858222 0.168787 -2.792122 -1.498309 3.373724 -0.682901 2.358384 0.297099 -0.055084 2.154166 0.592542 11.077687 -0.680910 -0.357275 0.418219 3.903186
1 inf -9.203291 -0.866277 0.193804 -2.829090 -1.507077 3.365137 -0.696614 2.371070 0.329353 -0.034464 2.120847 0.604805 11.094809 -0.684459 -0.356450 0.477372 3.891202
1 inf -9.187856 -0.869328 0.195236 -2.828867 -1.470811 3.369150 -0.713340 2.384659 0.343698 0.007686 2.111920 0.580374 11.070679 -0.644195 -0.370948 0.439150 3.869672
1 inf -9.191263 -0.885487 0.202882 -2.856013 -1.480716 3.349233 -0.734686 2.397077 0.335445 0.000037 2.087150 0.569590 11.045818 -0.631847 -0.377138 0.400572 3.829547
1 inf -9.157462 -0.864166 0.198051 -2.892731 -1.476269 3.364826 -0.747906 2.399884 0.382935 0.010155 2.092571 0.565581 11.023671 -0.643861 -0.390644 0.394560 3.830370
1 inf -9.192559 -0.877660 0.241745 -2.911464 -1.447318 3.356513 -0.732037 2.380839 0.373475 -0.030433 2.064952 0.542300 11.051999 -0.637914 -0.407972 0.383579 3.820524
1 inf -9.189065 -0.889166 0.238756 -2.899369 -1.449467 3.349916 -0.726956 2.358559 0.407474 -0.048152 2.049208 0.568004 11.050745 -0.637954 -0.406358 0.356569 3.818327
1 inf -9.205837 -0.894911 0.209462 -2.883751 -1.457974 3.347275 -0.740125 2.352025 0.418199 -0.026456 2.047538 0.558653 11.045941 -0.628379 -0.405840 0.352120 3.806100
1 inf -9.194982 -0.899249 0.226186 -2.904375 -1.438176 3.342653 -0.754624 2.361749 0.398942 -0.034047 2.003296 0.607195 11.049771 -0.642267 -0.386558 0.331529 3.784639
1 inf -9.183573 -0.929004 0.223467 -2.945374 -1.453572 3.325689 -0.724564 2.373869 0.383975 -0.033443 1.987284 0.608853 11.055618 -0.675604 -0.421896 0.352516 3.763199
1 inf -9.181179 -0.915402 0.236251 -2.986715 -1.455245 3.322312 -0.710704 2.365518 0.378695 -0.029808 1.967138 0.582705 11.041555 -0.677881 -0.439964 0.359142 3.737902
1 inf -9.207311 -0.921305 0.227564 -2.998156 -1.434302 3.308335 -0.746773 2.335489 0.343724 -0.001611 1.974767 0.581756 11.029072 -0.693333 -0.487414 0.370987 3.715535
1 inf -9.215194 -0.918816 0.248509 -2.995162 -1.453696 3.309125 -0.748209 2.343858 0.339104 0.011727 1.989610 0.583153 11.031603 -0.678494 -0.524594 0.338708 3.724902
1 inf -9.241281 -0.931939 0.233438 -2.988118 -1.429934 3.275819 -0.756956 2.348260 0.290238 0.018961 1.973491 0.604264 11.038740 -0.689557 -0.490779 0.307098 3.730090
1 inf -9.262549 -0.938043 0.214320 -2.983286 -1.422985 3.322503 -0.746314 2.352566 0.295412 0.025128 1.959279 0.586027 11.044230 -0.723681 -0.506790 0.309601 3.709916
1 inf -9.268741 -0.935483 0.216791 -2.996959 -1.455020 3.355000 -0.729891 2.369496 0.311408 0.012876 1.981024 0.578894 11.050169 -0.694010 -0.510886 0.286818 3.706280
1 inf -9.311288 -0.962155 0.210434 -2.980300 -1.455397 3.354055 -0.710059 2.388203 0.325369 0.008020 1.970048 0.540286 11.057917 -0.710947 -0.514278 0.285774 3.723770
1 inf -9.323603 -0.925056 0.208492 -2.950550 -1.491453 3.352425 -0.689108 2.356758 0.339476 0.006063 1.987771 0.564843 11.050607 -0.720840 -0.520308 0.293815 3.732831
1 inf -9.307553 -0.916541 0.205156 -2.918719 -1.494269 3.363561 -0.715767 2.343099 0.370630 0.030271 1.985857 0.557262 11.062917 -0.701037 -0.520235 0.307701 3.724964
1 inf -9.282100 -0.923809 0.206595 -2.928594 -1.481966 3.348225 -0.723722 2.323744 0.379534 0.027431 1.993631 0.543810 11.075675 -0.677954 -0.499746 0.286587 3.736204
1 inf -9.314521 -0.962216 0.221543 -2.930289 -1.485126 3.364766 -0.751659 2.321350 0.377201 0.045643 2.018645 0.560812 11.083481 -0.707778 -0.521176 0.292616 3.735840
1 inf -9.319412 -0.964111 0.207211 -2.916438 -1.466848 3.333517 -0.758627 2.317178 0.403152 0.069416 2.036530 0.554805 11.083078 -0.742259 -0.523009 0.331757 3.721130
1 inf -9.314577 -0.988870 0.208181 -2.908658 -1.430175 3.335069 -0.743848 2.335648 0.408026 0.097965 2.014448 0.571926 11.095556 -0.720635 -0.478042 0.353888 3.720113
1 inf -9.321107 -0.961237 0.202119 -2.890259 -1.411450 3.350780 -0.751469 2.342587 0.412955 0.130724 1.997222 0.552739 11.113322 -0.694706 -0.418306 0.318168 3.706063
1 inf -9.338499 -0.956296 0.181981 -2.911510 -1.392418 3.330568 -0.776967 2.294936 0.425085 0.170120 1.988206 0.551047 11.129844 -0.686580 -0.428343 0.287684 3.670329
1 inf -9.321213 -0.957892 0.174169 -2.926464 -1.412270 3.325568 -0.787254 2.332735 0.435425 0.170460 1.949237 0.560427 11.150001 -0.703917 -0.411919 0.289482 3.669901
1 inf -9.296470 -0.974207 0.172380 -2.953305 -1.391178 3.315154 -0.821130 2.339216 0.458031 0.167580 1.959348 0.544670 11.157975 -0.717559 -0.391425 0.271789 3.685050
1 inf -9.288437 -0.988999 0.109904 -2.980135 -1.422153 3.310906 -0.812619 2.349865 0.467966 0.108031 1.979584 0.545110 11.153094 -0.731768 -0.435486 0.260550 3.713677
1 inf -9.294766 -0.979709 0.109205 -2.975468 -1.417549 3.338259 -0.805893 2.314932 0.437688 0.128436 1.986338 0.544475 11.157658 -0.730290 -0.415699 0.258467 3.682762
1 inf -9.306321 -0.982668 0.132970 -3.009905 -1.416288 3.336411 -0.815075 2.294778 0.443494 0.102839 1.962256 0.514789 11.156880 -0.755241 -0.402659 0.279647 3.689913
1 inf -9.304267 -0.960416 0.093284 -3.008503 -1.435404 3.318538 -0.825683 2.284939 0.412605 0.062929 1.969447 0.541276 11.140029 -0.787396 -0.406627 0.287011 3.667143
1 inf -9.339442 -0.966245 0.066586 -2.979509 -1.437451 3.323452 -0.806936 2.299924 0.422711 0.082890 1.919008 0.551896 11.160337 -0.799450 -0.410689 0.306342 3.630154
1 inf -9.339376 -0.931716 0.045757 -2.967130 -1.414555 3.304745 -0.821040 2.279417 0.429413 0.126530 1.921016 0.545670 11.169157 -0.798628 -0.424074 0.265458 3.622122
1 inf -9.330005 -0.914260 0.046330 -2.979537 -1.392320 3.342932 -0.841794 2.309532 0.415834 0.123954 1.914559 0.514518 11.174516 -0.795652 -0.459831 0.243085 3.640832
1 inf -9.338838 -0.925806 0.065167 -2.962738 -1.385735 3.348141 -0.836550 2.374766 0.428504 0.147609 1.871776 0.527599 11.168728 -0.771226 -0.458252 0.249322 3.619158
