1 inf -7.932190 -0.774115 -0.411582 -1.514699 -1.970489 3.389394 -0.413242 2.607800 -0.364261 0.605367 2.576588 0.359393 10.017150 -0.506328 -0.353278 0.773271 2.995918
1 inf -7.981643 -0.764917 -0.393519 -1.541435 -1.974638 3.421669 -0.405378 2.604658 -0.390157 0.605037 2.573417 0.373385 10.018117 -0.488348 -0.369799 0.799011 2.960840
1 inf -7.960677 -0.728903 -0.401725 -1.571993 -1.963526 3.414012 -0.424574 2.622793 -0.400879 0.628109 2.581512 0.354638 9.993980 -0.466142 -0.353638 0.797415 3.008364
1 inf -7.961354 -0.730183 -0.411308 -1.538897 -1.934466 3.432536 -0.371439 2.631272 -0.425107 0.636258 2.574309 0.366700 9.954655 -0.448460 -0.298950 0.811932 3.019398
1 inf -7.920390 -0.768456 -0.449050 -1.556937 -1.937541 3.450980 -0.344153 2.628641 -0.452884 0.635363 2.588095 0.382541 9.920629 -0.417185 -0.322478 0.820161 2.984342
1 inf -7.916209 -0.827628 -0.470349 -1.573249 -1.960857 3.433024 -0.336388 2.661697 -0.453878 0.625497 2.548560 0.380304 9.934601 -0.405686 -0.323819 0.837389 2.999480
1 inf -7.907244 -0.809255 -0.454210 -1.597749 -1.934252 3.468153 -0.326445 2.643432 -0.442225 0.646606 2.527262 0.356749 9.917196 -0.384474 -0.324949 0.833335 2.982975
1 inf -7.888196 -0.863376 -0.447619 -1.612992 -1.942429 3.455320 -0.339756 2.662802 -0.419041 0.644043 2.509596 0.330151 9.938671 -0.420416 -0.300891 0.831616 2.994784
1 inf -7.918852 -0.852463 -0.448904 -1.599751 -1.934985 3.449088 -0.341322 2.686824 -0.407962 0.623063 2.533777 0.307709 9.978032 -0.494744 -0.297069 0.806737 3.027305
1 inf -7.921457 -0.843515 -0.441473 -1.619105 -1.935087 3.439669 -0.354498 2.708125 -0.398165 0.608808 2.524056 0.306448 9.994268 -0.529879 -0.259306 0.830088 3.022308
1 inf -7.933158 -0.826170 -0.446567 -1.603000 -1.941701 3.402815 -0.365764 2.715006 -0.404870 0.627441 2.488217 0.320523 10.019907 -0.508276 -0.249277 0.850375 3.044383
1 inf -7.932457 -0.830224 -0.451340 -1.595545 -1.943823 3.416239 -0.348841 2.728950 -0.429338 0.608804 2.494787 0.331128 10.058887 -0.500181 -0.212835 0.846249 3.058053
1 inf -7.946679 -0.842310 -0.488997 -1.566597 -1.906552 3.413713 -0.315655 2.741494 -0.427569 0.618231 2.533384 0.327604 10.057025 -0.485480 -0.230733 0.846220 3.074371
1 inf -7.932388 -0.854386 -0.436254 -1.573061 -1.880480 3.435598 -0.286408 2.732909 -0.432029 0.610194 2.516016 0.332312 10.011630 -0.494636 -0.240865 0.830722 3.063932
1 inf -7.928317 -0.858678 -0.453116 -1.559596 -1.840293 3.444711 -0.257051 2.782890 -0.444814 0.616677 2.497108 0.372935 10.032192 -0.486209 -0.232202 0.828184 3.077083
1 inf -7.924635 -0.860944 -0.455011 -1.562530 -1.836630 3.470869 -0.289006 2.793886 -0.407968 0.604846 2.570355 0.380393 10.024530 -0.484967 -0.210585 0.805656 3.069093
1 inf -7.936863 -0.855407 -0.442274 -1.587327 -1.823628 3.472491 -0.271068 2.774270 -0.405321 0.634232 2.539771 0.407022 10.016267 -0.479571 -0.185717 0.780436 3.044979
1 inf -7.955535 -0.928003 -0.474263 -1.578344 -1.807305 3.470184 -0.278544 2.752168 -0.421684 0.629743 2.521998 0.417026 10.046157 -0.496822 -0.182599 0.760974 3.021759
1 inf -7.975833 -0.927697 -0.451115 -1.570532 -1.841971 3.454110 -0.250767 2.731913 -0.407400 0.637601 2.539912 0.432056 10.055749 -0.492668 -0.200803 0.777645 3.002972
1 inf -7.981235 -0.930408 -0.427862 -1.582023 -1.910949 3.469557 -0.230817 2.747269 -0.407548 0.641714 2.537634 0.451649 10.059927 -0.496245 -0.221485 0.738032 2.983920
1 inf -8.016057 -0.958218 -0.450480 -1.558932 -1.908427 3.443135 -0.216556 2.763283 -0.356905 0.654651 2.489945 0.420928 10.032165 -0.529357 -0.243795 0.775488 2.962567
1 inf -8.007430 -0.980928 -0.484550 -1.576512 -1.934128 3.452273 -0.212936 2.753957 -0.348091 0.658134 2.496221 0.421345 10.023441 -0.503265 -0.258513 0.797245 3.000711
1 inf -7.985137 -0.997666 -0.471256 -1.578376 -1.910869 3.470699 -0.218923 2.745952 -0.347581 0.676462 2.477456 0.408781 10.015843 -0.486484 -0.271815 0.743448 3.014891
1 inf -7.979897 -0.999113 -0.454149 -1.541972 -1.923211 3.458360 -0.217176 2.724842 -0.374703 0.663639 2.444695 0.401727 9.997594 -0.517579 -0.285314 0.763208 3.000335
1 inf -8.014419 -0.998905 -0.455544 -1.542788 -1.898851 3.450930 -0.206870 2.731336 -0.353280 0.686859 2.464551 0.388564 9.969387 -0.492752 -0.294762 0.787710 3.013697
1 inf -7.986885 -0.968389 -0.461791 -1.553406 -1.915387 3.384361 -0.188034 2.738874 -0.361411 0.712127 2.443301 0.397996 9.974748 -0.531945 -0.279298 0.814914 2.997961
1 inf -8.009042 -0.976384 -0.458861 -1.577383 -1.921764 3.397813 -0.198947 2.702034 -0.366134 0.703861 2.442493 0.402756 10.023302 -0.552743 -0.241401 0.828965 3.002583
1 inf -8.044104 -0.942640 -0.482568 -1.593258 -1.924482 3.360829 -0.253576 2.672412 -0.384471 0.729433 2.452872 0.407770 10.009475 -0.546672 -0.272279 0.830434 3.015991
1 inf -8.051216 -0.927956 -0.505201 -1.628332 -1.917277 3.389123 -0.252440 2.673990 -0.381459 0.724119 2.451510 0.356278 10.007482 -0.569948 -0.301111 0.823601 2.969548
1 inf -8.073315 -0.954879 -0.507962 -1.634113 -1.923169 3.395877 -0.263080 2.633886 -0.382635 0.759998 2.476667 0.368998 10.040335 -0.534244 -0.284980 0.842746 2.962156
1 inf -8.058233 -0.925591 -0.505794 -1.640486 -1.902576 3.407003 -0.255724 2.657030 -0.403754 0.758596 2.460653 0.331106 10.056242 -0.546487 -0.250323 0.855605 2.967246
1 inf -8.078194 -0.928053 -0.477004 -1.606996 -1.879359 3.355035 -0.253017 2.627701 -0.404842 0.804553 2.471197 0.321474 10.044180 -0.561857 -0.237579 0.860212 3.018191
1 inf -8.048732 -0.969474 -0.484777 -1.610510 -1.862103 3.347709 -0.286148 2.628915 -0.421819 0.812300 2.418815 0.330165 10.036160 -0.564642 -0.254377 0.859930 3.003614
1 inf -8.078421 -0.952289 -0.473587 -1.650877 -1.855588 3.336699 -0.303738 2.655307 -0.414494 0.842758 2.435589 0.297851 10.040286 -0.563191 -0.225190 0.815980 2.989329
1 inf -8.118127 -0.928337 -0.472696 -1.648689 -1.883029 3.328336 -0.258135 2.650646 -0.410411 0.832946 2.472187 0.287405 10.039402 -0.547688 -0.209883 0.796410 2.999978
1 inf -8.161742 -0.939012 -0.462693 -1.657821 -1.845331 3.341327 -0.244909 2.610737 -0.385728 0.829109 2.494222 0.320989 10.045931 -0.493168 -0.209379 0.848454 3.003737
1 inf -8.153792 -0.944734 -0.450345 -1.659071 -1.860668 3.304838 -0.254178 2.596157 -0.398233 0.862744 2.478800 0.300932 10.037559 -0.459750 -0.162786 0.869114 3.017540
1 inf -8.164432 -0.910354 -0.490415 -1.704095 -1.876401 3.306898 -0.245456 2.597333 -0.398531 0.882886 2.486144 0.276946 10.075507 -0.454574 -0.177263 0.822244 2.995850
1 inf -8.152241 -0.897995 -0.514100 -1.731672 -1.882591 3.352185 -0.269284 2.553167 -0.414205 0.897712 2.480082 0.284216 10.112453 -0.456490 -0.187947 0.828966 2.992571
1 inf -8.149501 -0.906331 -0.489025 -1.758089 -1.872837 3.337299 -0.262387 2.550546 -0.380298 0.899042 2.475679 0.284627 10.151035 -0.462529 -0.200659 0.875256 3.010692
1 inf -8.167270 -0.894945 -0.502573 -1.745837 -1.913139 3.349452 -0.275238 2.537221 -0.337994 0.888522 2.450825 0.313015 10.146461 -0.474006 -0.221658 0.870414 3.011299
1 inf -8.186885 -0.866210 -0.537560 -1.754287 -1.935114 3.323864 -0.257266 2.537455 -0.350395 0.907623 2.478748 0.298655 10.139611 -0.457332 -0.233553 0.828743 3.005619
1 inf -8.196680 -0.841290 -0.552121 -1.762671 -1.882542 3.337813 -0.224826 2.562550 -0.371174 0.901001 2.515728 0.294942 10.137832 -0.450653 -0.250173 0.798705 2.987922
1 inf -8.193681 -0.836982 -0.548601 -1.751697 -1.887030 3.321721 -0.205706 2.557236 -0.386125 0.956941 2.503046 0.310055 10.176038 -0.412868 -0.270160 0.813154 2.989925
1 inf -8.144942 -0.833785 -0.578358 -1.744553 -1.867618 3.320806 -0.217540 2.524612 -0.389328 0.926501 2.481498 0.325841 10.201989 -0.400272 -0.271470 0.802067 3.011223
1 inf -8.146633 -0.837992 -0.599667 -1.714462 -1.883170 3.358774 -0.233037 2.511490 -0.414202 0.914524 2.506618 0.332358 10.227032 -0.401836 -0.243538 0.782592 3.033396
1 inf -8.128973 -0.855192 -0.596784 -1.698014 -1.907161 3.333822 -0.222462 2.481970 -0.405587 0.891717 2.475118 0.330871 10.221778 -0.402901 -0.260153 0.764974 3.018753
1 inf -8.154345 -0.848637 -0.600124 -1.712801 -1.927204 3.319997 -0.225145 2.453906 -0.404011 0.886106 2.414599 0.290087 10.204833 -0.431315 -0.240889 0.758303 3.016896
1 inf -8.124361 -0.838581 -0.608459 -1.701112 -1.927953 3.347711 -0.218341 2.421928 -0.376888 0.887425 2.415662 0.310856 10.192108 -0.435134 -0.243106 0.787003 3.007472
1 inf -8.144579 -0.845067 -0.579190 -1.694391 -1.900457 3.350882 -0.237398 2.412370 -0.387709 0.867675 2.389700 0.300645 10.243816 -0.443504 -0.261963 0.804646 3.046919
1 inf -8.122013 -0.821311 -0.584284 -1.687559 -1.913690 3.340990 -0.239637 2.448565 -0.349170 0.886252 2.369929 0.282432 10.250257 -0.476275 -0.282575 0.791744 3.034933
1 inf -8.091182 -0.849117 -0.606011 -1.701856 -1.919852 3.322507 -0.231907 2.450594 -0.337417 0.882203 2.382809 0.290781 10.251820 -0.466717 -0.266148 0.774341 3.045917
1 inf -8.072718 -0.838567 -0.586178 -1.701722 -1.933683 3.316524 -0.249947 2.465275 -0.362531 0.860779 2.365292 0.302167 10.252705 -0.461559 -0.252081 0.769423 3.075718
1 inf -8.074869 -0.884541 -0.608511 -1.713977 -1.955291 3.372775 -0.231863 2.468348 -0.395987 0.885781 2.334860 0.325622 10.237274 -0.429702 -0.219199 0.786853 3.069039
1 inf -8.105524 -0.911144 -0.570097 -1.725989 -1.963298 3.361105 -0.244709 2.478920 -0.401089 0.862738 2.324182 0.332152 10.249372 -0.450410 -0.216662 0.751515 3.084094
1 inf -8.096643 -0.925104 -0.576175 -1.739487 -1.949880 3.379791 -0.249509 2.475825 -0.414813 0.867007 2.346006 0.348967 10.258969 -0.438160 -0.231486 0.725349 3.085241
1 inf -8.099933 -0.950931 -0.619720 -1.780740 -1.952129 3.388482 -0.249645 2.519136 -0.379804 0.857974 2.349469 0.324175 10.259147 -0.422030 -0.231575 0.743668 3.087921
1 inf -8.091230 -0.956507 -0.605331 -1.752071 -1.940081 3.356067 -0.225890 2.526203 -0.352556 0.905365 2.334045 0.321194 10.258846 -0.403573 -0.185210 0.736178 3.080802
1 inf -8.066021 -0.938787 -0.611146 -1.747018 -1.930157 3.357797 -0.236587 2.539495 -0.369495 0.909477 2.336589 0.330685 10.228675 -0.446442 -0.179999 0.688782 3.029412
1 inf -8.082200 -0.911044 -0.629969 -1.755905 -1.921472 3.359333 -0.200715 2.552987 -0.399431 0.959981 2.330913 0.279573 10.202774 -0.446160 -0.172478 0.698563 3.032475
1 inf -8.093950 -0.942554 -0.643369 -1.766004 -1.895180 3.379262 -0.193161 2.541154 -0.374492 0.970474 2.342631 0.297396 10.215838 -0.480885 -0.179610 0.686014 3.043235
1 inf -8.056802 -0.921583 -0.634928 -1.735029 -1.872301 3.390106 -0.188352 2.531575 -0.374866 0.998459 2.331620 0.268141 10.182440 -0.465470 -0.207198 0.677425 3.035890
1 inf -8.070874 -0.917640 -0.621881 -1.737829 -1.879757 3.377802 -0.148968 2.550849 -0.393169 0.985550 2.336778 0.235238 10.164632 -0.478466 -0.203161 0.683996 3.051717
1 inf -8.084063 -0.916072 -0.611035 -1.765131 -1.870996 3.385030 -0.167832 2.541823 -0.395194 0.998945 2.330199 0.221866 10.167550 -0.425757 -0.253660 0.649089 3.059211
1 inf -8.128908 -0.915113 -0.638323 -1.759235 -1.896405 3.403695 -0.160474 2.542034 -0.369921 0.971219 2.307661 0.232106 10.161979 -0.432102 -0.263810 0.632021 3.052462
1 inf -8.089022 -0.911939 -0.633439 -1.798379 -1.856109 3.391208 -0.165785 2.509443 -0.408556 0.986426 2.302402 0.243158 10.181889 -0.404483 -0.294995 0.610682 3.072321
1 inf -8.084783 -0.879154 -0.638603 -1.777211 -1.857310 3.377677 -0.203326 2.488355 -0.462497 0.980638 2.328458 0.255446 10.184143 -0.382133 -0.274383 0.608349 3.062194
1 inf -8.103110 -0.847917 -0.637313 -1.746432 -1.832002 3.395308 -0.201901 2.501880 -0.431587 0.972141 2.334745 0.242828 10.134303 -0.352321 -0.248581 0.633025 3.055900
1 inf -8.091051 -0.852381 -0.607918 -1.779468 -1.852331 3.384275 -0.204747 2.541828 -0.420602 0.968893 2.311636 0.242483 10.130004 -0.396152 -0.246670 0.645700 3.033757
1 inf -8.102282 -0.811792 -0.631360 -1.797246 -1.858744 3.411104 -0.200772 2.551181 -0.418579 0.966843 2.314178 0.227776 10.131880 -0.373001 -0.239420 0.651522 3.020964
1 inf -8.110328 -0.785318 -0.632070 -1.788842 -1.849156 3.416020 -0.212167 2.520558 -0.434059 0.935689 2.343713 0.250621 10.112296 -0.375041 -0.232269 0.649840 3.052108
1 inf -8.144425 -0.773967 -0.666012 -1.769870 -1.817417 3.424807 -0.195408 2.556207 -0.425643 0.942900 2.355194 0.241823 10.102322 -0.386025 -0.240921 0.605961 3.059916
1 inf -8.140906 -0.784194 -0.632973 -1.813989 -1.855939 3.432821 -0.214773 2.548541 -0.430681 0.956899 2.390572 0.237026 10.087740 -0.367508 -0.200700 0.604530 3.009943
1 inf -8.158403 -0.763025 -0.618785 -1.809679 -1.806427 3.382377 -0.214852 2.544560 -0.430242 0.967817 2.381848 0.215162 10.102794 -0.378406 -0.184406 0.592190 3.007648
1 inf -8.167809 -0.775804 -0.607326 -1.790102 -1.780316 3.357464 -0.220934 2.556741 -0.386078 0.972889 2.356074 0.167822 10.081762 -0.370346 -0.176618 0.596834 3.003367
1 inf -8.160148 -0.794326 -0.588579 -1.819949 -1.781748 3.353143 -0.219598 2.558049 -0.425385 0.993066 2.344166 0.175255 10.083404 -0.373046 -0.185794 0.592270 3.031807
1 inf -8.168374 -0.759359 -0.553927 -1.832797 -1.782939 3.356046 -0.240707 2.546708 -0.409420 0.957118 2.364431 0.222518 10.077563 -0.389955 -0.188717 0.579432 2.996968
1 inf -8.180477 -0.760871 -0.519570 -1.804085 -1.773793 3.345351 -0.254225 2.555077 -0.438300 0.911255 2.384251 0.207558 10.055136 -0.415746 -0.186491 0.566544 2.996045
1 inf -8.213550 -0.763131 -0.517138 -1.816667 -1.759921 3.332620 -0.247011 2.542147 -0.410907 0.930390 2.355616 0.210685 10.060985 -0.391160 -0.173955 0.551063 2.977225
1 inf -8.245457 -0.784040 -0.503974 -1.830632 -1.750524 3.320024 -0.233980 2.534441 -0.427347 0.922099 2.354887 0.242472 10.080381 -0.385841 -0.178622 0.608975 2.992200
1 inf -8.221755 -0.801671 -0.499393 -1.821827 -1.711994 3.316889 -0.204957 2.545431 -0.429795 0.948185 2.360506 0.271302 10.064427 -0.383736 -0.134313 0.600296 2.948037
1 inf -8.176651 -0.778529 -0.515954 -1.839034 -1.680408 3.291704 -0.232941 2.534690 -0.436538 0.964968 2.392998 0.245213 10.110232 -0.423830 -0.096185 0.609582 2.919407
1 inf -8.196768 -0.771194 -0.550515 -1.850492 -1.687960 3.265648 -0.195153 2.537473 -0.420596 0.959164 2.390074 0.221461 10.085210 -0.426970 -0.109563 0.631485 2.916411
1 inf -8.189271 -0.777325 -0.547890 -1.875534 -1.699977 3.281279 -0.214525 2.502178 -0.401735 0.940428 2.405087 0.225928 10.103294 -0.465991 -0.122616 0.631222 2.936123
1 inf -8.220238 -0.821411 -0.550749 -1.883892 -1.757675 3.285564 -0.223107 2.506026 -0.384147 0.943970 2.412692 0.216413 10.087957 -0.476440 -0.089718 0.634228 2.917039
1 inf -8.221554 -0.810172 -0.578638 -1.856994 -1.773460 3.276885 -0.232208 2.504157 -0.397635 0.938784 2.441814 0.249607 10.090329 -0.502729 -0.096371 0.624840 2.927358
1 inf -8.239958 -0.861793 -0.564011 -1.879523 -1.748287 3.277345 -0.198393 2.477600 -0.398874 0.901478 2.445998 0.304164 10.090790 -0.489615 -0.078694 0.620447 2.909489
1 inf -8.221349 -0.870117 -0.539632 -1.875191 -1.724984 3.277403 -0.224056 2.503377 -0.446064 0.911495 2.433243 0.314690 10.119241 -0.498085 -0.089950 0.618599 2.894214
1 inf -8.225684 -0.908798 -0.573011 -1.840764 -1.711820 3.272538 -0.251519 2.506254 -0.455767 0.850203 2.443260 0.337056 10.118505 -0.446876 -0.095127 0.597497 2.911503
1 inf -8.252249 -0.887573 -0.558386 -1.864678 -1.717834 3.286949 -0.222176 2.511358 -0.419937 0.805644 2.446620 0.277386 10.143758 -0.485399 -0.098490 0.623121 2.898618
1 inf -8.250275 -0.901267 -0.577857 -1.893100 -1.713682 3.272274 -0.222823 2.499823 -0.451705 0.827078 2.463330 0.271740 10.126782 -0.447293 -0.087350 0.618138 2.873884
1 inf -8.265197 -0.885348 -0.591014 -1.880359 -1.713231 3.276562 -0.210152 2.482514 -0.489275 0.836670 2.445630 0.253300 10.121807 -0.431749 -0.094977 0.634546 2.884595
1 inf -8.267695 -0.858441 -0.580736 -1.870656 -1.697633 3.261591 -0.210728 2.498423 -0.514229 0.864601 2.464881 0.230955 10.162839 -0.413460 -0.099352 0.626440 2.899102
1 inf -8.283996 -0.867690 -0.572131 -1.909679 -1.690079 3.292821 -0.211319 2.512571 -0.499580 0.901326 2.483393 0.227994 10.162494 -0.431298 -0.104450 0.636150 2.884936
1 inf -8.304319 -0.906702 -0.573568 -1.908369 -1.715232 3.314272 -0.177960 2.510429 -0.500474 0.874847 2.488557 0.248667 10.157383 -0.436638 -0.102780 0.609714 2.843971
1 inf -8.292896 -0.928934 -0.595909 -1.890197 -1.703532 3.317324 -0.182670 2.541727 -0.498941 0.942004 2.486851 0.226730 10.171744 -0.402607 -0.138270 0.598300 2.868673
1 inf -8.279568 -0.902592 -0.553512 -1.887458 -1.727477 3.314289 -0.177565 2.551275 -0.518305 0.960067 2.539037 0.199410 10.206457 -0.361422 -0.114832 0.631677 2.856261
1 inf -8.299154 -0.913340 -0.581422 -1.845704 -1.737267 3.323030 -0.173277 2.549353 -0.506019 0.951773 2.538042 0.171019 10.190548 -0.404401 -0.102232 0.630807 2.844924
1 inf -8.328422 -0.924270 -0.575184 -1.830200 -1.736418 3.307391 -0.191055 2.518568 -0.516650 0.958563 2.517116 0.156376 10.213347 -0.371521 -0.079237 0.624654 2.864974
1 inf -8.356823 -0.947262 -0.602294 -1.826096 -1.713535 3.348299 -0.201219 2.551945 -0.526240 0.967915 2.515757 0.132093 10.246258 -0.381493 -0.084966 0.605155 2.851318
1 inf -8.343907 -0.975327 -0.573970 -1.841093 -1.714492 3.328922 -0.206749 2.536380 -0.510421 0.941524 2.479260 0.127794 10.273811 -0.387780 -0.070437 0.617135 2.850145
1 inf -8.299311 -0.999910 -0.564689 -1.828711 -1.704452 3.326413 -0.214596 2.517346 -0.508774 0.911491 2.519375 0.143892 10.304794 -0.403133 -0.053474 0.596920 2.850408
1 inf -8.327444 -0.999726 -0.567979 -1.811633 -1.741892 3.285215 -0.215302 2.508921 -0.517754 0.908852 2.553336 0.107634 10.303986 -0.420290 -0.060064 0.620676 2.854153
1 inf -8.301870 -0.984919 -0.569063 -1.786435 -1.767117 3.299083 -0.215060 2.521766 -0.546304 0.876435 2.557689 0.148067 10.299648 -0.429299 -0.039097 0.654265 2.862236
1 inf -8.308065 -0.975138 -0.564942 -1.750123 -1.774214 3.287212 -0.225403 2.526374 -0.572059 0.883555 2.574404 0.145784 10.336709 -0.431814 -0.060233 0.629460 2.844167
1 inf -8.299883 -0.975919 -0.547716 -1.757081 -1.765929 3.302204 -0.220957 2.518597 -0.566685 0.887081 2.543001 0.126071 10.332898 -0.447801 -0.096518 0.668923 2.826630
1 inf -8.315321 -0.989261 -0.561595 -1.739693 -1.772145 3.290126 -0.240355 2.517107 -0.582817 0.888451 2.580400 0.153630 10.332000 -0.477237 -0.097211 0.689322 2.822721
1 inf -8.316832 -0.987911 -0.569568 -1.746802 -1.810782 3.262481 -0.235311 2.534729 -0.569086 0.887571 2.588080 0.172313 10.359877 -0.440119 -0.072535 0.732735 2.803786
1 inf -8.287456 -0.945554 -0.554232 -1.719257 -1.811460 3.253106 -0.210246 2.553331 -0.556529 0.853482 2.604900 0.192190 10.357348 -0.425262 -0.032605 0.765406 2.790968
1 inf -8.285889 -0.981872 -0.553278 -1.740983 -1.836940 3.269407 -0.179745 2.564197 -0.531143 0.866509 2.616948 0.200225 10.346039 -0.422137 -0.042702 0.765223 2.766010
1 inf -8.323151 -0.959267 -0.590289 -1.734692 -1.833453 3.254896 -0.163200 2.547303 -0.556550 0.909848 2.610374 0.191646 10.397575 -0.445045 -0.029799 0.756758 2.767368
1 inf -8.331540 -0.957709 -0.586441 -1.737961 -1.863536 3.282490 -0.172466 2.530363 -0.571429 0.924918 2.608276 0.184781 10.402479 -0.431184 -0.041173 0.764119 2.774416
1 inf -8.364447 -0.927218 -0.595378 -1.758653 -1.841860 3.236926 -0.202194 2.512821 -0.591108 0.936571 2.620149 0.152981 10.416380 -0.440518 -0.026534 0.783258 2.795383
1 inf -8.350680 -0.920553 -0.618337 -1.762230 -1.845930 3.229340 -0.221554 2.481114 -0.589204 0.908376 2.607072 0.136608 10.421297 -0.450914 -0.031463 0.789036 2.806579
1 inf -8.344882 -0.910952 -0.600887 -1.766967 -1.847693 3.203782 -0.228858 2.480120 -0.609880 0.907651 2.644317 0.122726 10.422457 -0.475796 -0.027056 0.798755 2.781375
1 inf -8.333728 -0.914333 -0.597523 -1.788890 -1.875625 3.211283 -0.259405 2.493225 -0.600723 0.942297 2.607689 0.088533 10.421259 -0.447144 -0.008840 0.783724 2.777246
1 inf -8.362877 -0.903152 -0.601791 -1.810361 -1.894574 3.228364 -0.307162 2.501973 -0.608423 0.955263 2.592337 0.059650 10.426010 -0.425572 -0.013087 0.803910 2.778209
1 inf -8.372506 -0.890851 -0.587929 -1.778766 -1.930485 3.178449 -0.305783 2.495606 -0.623981 0.952094 2.626710 0.048929 10.453239 -0.418831 -0.047403 0.765989 2.784387
1 inf -8.340935 -0.862991 -0.582022 -1.782010 -1.962675 3.179413 -0.302912 2.518761 -0.606976 0.952239 2.627090 0.072424 10.451329 -0.422544 -0.036399 0.773167 2.813625
1 inf -8.350039 -0.880961 -0.585344 -1.765520 -1.969970 3.143857 -0.267990 2.522358 -0.610578 0.976325 2.628071 0.083010 10.481556 -0.413199 -0.019941 0.828084 2.842654
1 inf -8.388495 -0.852232 -0.589744 -1.742678 -1.968962 3.129103 -0.275127 2.519914 -0.606162 0.962664 2.597521 0.085149 10.503172 -0.386976 -0.057325 0.805750 2.807920
1 inf -8.354745 -0.861123 -0.600682 -1.761237 -1.960093 3.103672 -0.287598 2.510683 -0.570965 0.983648 2.608952 0.074786 10.461500 -0.370621 -0.050025 0.797927 2.779860
1 inf -8.383203 -0.870674 -0.589766 -1.754368 -1.965650 3.101779 -0.283419 2.561850 -0.551594 0.989124 2.657361 0.060295 10.476531 -0.355546 -0.017965 0.813443 2.821953
1 inf -8.363249 -0.874375 -0.605881 -1.729293 -1.951131 3.084030 -0.294787 2.584596 -0.569942 0.991259 2.659614 0.089308 10.482511 -0.331844 -0.008137 0.849032 2.812454
1 inf -8.355441 -0.856347 -0.611093 -1.738055 -1.914412 3.099714 -0.290418 2.596055 -0.577890 0.928238 2.653720 0.116364 10.523977 -0.331484 -0.026102 0.837169 2.827158
1 inf -8.343222 -0.856496 -0.578475 -1.760408 -1.929630 3.081163 -0.265247 2.622332 -0.564822 0.941100 2.687585 0.083169 10.535762 -0.333259 -0.019264 0.848209 2.807117
1 inf -8.364577 -0.866685 -0.552938 -1.761321 -1.941366 3.056693 -0.280924 2.613865 -0.579862 0.878345 2.693018 0.056337 10.553907 -0.343666 -0.010520 0.880798 2.771287
1 inf -8.377994 -0.868465 -0.575866 -1.812138 -1.931763 3.036509 -0.234041 2.615830 -0.565183 0.876942 2.693401 0.065861 10.543269 -0.303805 -0.018332 0.864655 2.790652
1 inf -8.332444 -0.842317 -0.560526 -1.819022 -1.939777 2.998834 -0.222882 2.621269 -0.587854 0.901026 2.686388 0.036246 10.548377 -0.310613 -0.035166 0.878951 2.775186
1 inf -8.362260 -0.845531 -0.562759 -1.830550 -1.932273 2.993899 -0.228397 2.628556 -0.602618 0.869522 2.726084 0.066731 10.518000 -0.304614 -0.045589 0.896379 2.766223
1 inf -8.339842 -0.816382 -0.533512 -1.864318 -1.930096 2.988030 -0.239289 2.605717 -0.595767 0.914736 2.769102 0.068936 10.526219 -0.310133 -0.031099 0.885253 2.787268
1 inf -8.296164 -0.840462 -0.568375 -1.850678 -1.950201 3.010360 -0.257401 2.586899 -0.539699 0.922994 2.752137 0.090505 10.552674 -0.317520 -0.007558 0.883714 2.778552
1 inf -8.296306 -0.870396 -0.568532 -1.821431 -1.939786 3.037575 -0.230737 2.600696 -0.536559 0.927581 2.753777 0.110656 10.589448 -0.298289 -0.003318 0.923682 2.758874
1 inf -8.327664 -0.889509 -0.584258 -1.834884 -1.936307 3.033831 -0.234507 2.570730 -0.556863 0.916426 2.762364 0.084188 10.594401 -0.296288 -0.001958 0.937163 2.741434
1 inf -8.326967 -0.881838 -0.603794 -1.844596 -1.964747 3.032709 -0.241182 2.606731 -0.542718 0.896440 2.769923 0.034577 10.614228 -0.313598 -0.006279 0.936819 2.742908
1 inf -8.370624 -0.859412 -0.611162 -1.828738 -1.967856 3.002067 -0.220099 2.601510 -0.593588 0.879825 2.752323 0.014684 10.620969 -0.314877 -0.015476 0.939671 2.709020
1 inf -8.358565 -0.863876 -0.581767 -1.861774 -1.988185 2.991034 -0.222945 2.641458 -0.582603 0.876577 2.729214 0.014339 10.616670 -0.358708 -0.013565 0.952346 2.686877
1 inf -8.342388 -0.903722 -0.580835 -1.850710 -1.988467 2.987030 -0.251228 2.650641 -0.590446 0.869566 2.711344 0.034253 10.573212 -0.335422 -0.029798 0.952735 2.675430
1 inf -8.335760 -0.881355 -0.580085 -1.854163 -1.975761 2.962551 -0.229786 2.658022 -0.581258 0.851264 2.675325 0.063025 10.558990 -0.341972 -0.048712 0.963287 2.681882
1 inf -8.275146 -0.853689 -0.588349 -1.847091 -1.995303 2.960878 -0.204748 2.647105 -0.591418 0.828911 2.695596 0.029425 10.562767 -0.336001 -0.049474 0.963292 2.675273
1 inf -8.282857 -0.863243 -0.595045 -1.810390 -1.982335 2.949896 -0.180167 2.629970 -0.576307 0.808089 2.722825 0.017540 10.532852 -0.325306 -0.031193 0.961349 2.659044
1 inf -8.313944 -0.887367 -0.618370 -1.810416 -1.975542 2.955302 -0.140027 2.626892 -0.576602 0.813175 2.672083 -0.041292 10.531057 -0.295556 -0.024238 0.956955 2.677335
1 inf -8.338082 -0.899859 -0.589458 -1.857254 -1.975694 2.953586 -0.146572 2.661461 -0.561786 0.829613 2.688604 -0.034121 10.541343 -0.314476 -0.004234 0.958004 2.656833
1 inf -8.310179 -0.895359 -0.581640 -1.897945 -1.980522 2.959787 -0.161167 2.676927 -0.605080 0.818198 2.665820 -0.005977 10.559860 -0.304251 -0.002478 0.974594 2.616292
1 inf -8.320781 -0.867593 -0.572541 -1.938204 -1.970257 2.948819 -0.171749 2.680786 -0.627857 0.828992 2.648730 -0.001660 10.543243 -0.329910 -0.037678 0.942619 2.614725
1 inf -8.301869 -0.877805 -0.556027 -1.948308 -1.958261 2.963325 -0.180718 2.697196 -0.620873 0.821550 2.623365 -0.023907 10.535751 -0.356679 -0.036095 0.954203 2.605519
1 inf -8.265966 -0.855798 -0.555763 -1.927364 -1.980313 2.986414 -0.207713 2.675819 -0.622666 0.822138 2.603555 0.026315 10.539075 -0.403596 -0.002887 0.958593 2.602937
1 inf -8.262219 -0.864615 -0.547317 -1.895144 -1.938534 2.976029 -0.231557 2.676861 -0.595204 0.798386 2.582007 0.021610 10.586976 -0.412729 -0.041947 0.961495 2.628332
1 inf -8.296715 -0.879430 -0.552521 -1.882973 -1.950021 2.939974 -0.214850 2.697357 -0.601741 0.798562 2.590728 0.021766 10.586610 -0.368237 -0.053330 0.951941 2.676455
1 inf -8.263729 -0.910486 -0.550530 -1.855446 -1.949987 2.916559 -0.186677 2.715099 -0.559837 0.818037 2.619884 0.056047 10.622742 -0.425727 -0.021519 0.970673 2.646678
1 inf -8.308626 -0.914570 -0.552292 -1.875168 -1.949765 2.945487 -0.199422 2.711829 -0.550589 0.814381 2.616733 0.068728 10.594293 -0.418829 -0.005371 0.964206 2.637644
1 inf -8.315695 -0.941871 -0.529301 -1.870141 -1.957865 2.955133 -0.229956 2.704575 -0.563606 0.814677 2.571639 0.034287 10.612983 -0.438625 -0.027731 0.934185 2.625449
1 inf -8.296137 -0.923800 -0.531469 -1.879802 -1.966134 2.955238 -0.273948 2.765428 -0.530432 0.832947 2.584546 0.031417 10.608828 -0.454360 -0.062010 0.953204 2.598395
1 inf -8.295573 -0.896931 -0.554846 -1.870800 -1.936198 2.978567 -0.239825 2.812057 -0.525311 0.816988 2.619292 0.015726 10.616431 -0.465628 -0.030737 0.948565 2.542650
1 inf -8.274688 -0.873028 -0.540432 -1.850323 -1.977403 2.952310 -0.231015 2.801516 -0.522778 0.841969 2.688606 -0.005111 10.598275 -0.465396 -0.055641 0.910291 2.558299
1 inf -8.250326 -0.864107 -0.511866 -1.812965 -1.995125 2.905933 -0.214846 2.794691 -0.514365 0.847819 2.672535 -0.007646 10.576453 -0.445150 -0.057456 0.883165 2.535459
1 inf -8.274025 -0.859305 -0.476975 -1.776349 -1.986333 2.918127 -0.232384 2.800353 -0.529290 0.871341 2.702710 -0.005225 10.567755 -0.425893 -0.063719 0.871156 2.525283
1 inf -8.265513 -0.839216 -0.494828 -1.808792 -1.962866 2.926722 -0.270170 2.794153 -0.545226 0.857502 2.720493 0.007095 10.572748 -0.424846 -0.084570 0.865268 2.565389
1 inf -8.249903 -0.878456 -0.483918 -1.748208 -1.998886 2.913191 -0.253172 2.810298 -0.559651 0.894786 2.704465 0.005974 10.561935 -0.438333 -0.088402 0.898438 2.573386
1 inf -8.237868 -0.880055 -0.477896 -1.743267 -1.993733 2.896237 -0.247281 2.847406 -0.571490 0.866645 2.677988 0.003823 10.569527 -0.466040 -0.075542 0.883799 2.560544
1 inf -8.268422 -0.871513 -0.511761 -1.748494 -1.991042 2.888261 -0.267675 2.848987 -0.584768 0.884645 2.663047 -0.015822 10.582242 -0.468117 -0.130057 0.888252 2.566191
1 inf -8.281029 -0.919588 -0.497663 -1.724075 -1.984052 2.872073 -0.287790 2.837828 -0.608454 0.892954 2.655037 -0.036215 10.561653 -0.493984 -0.155718 0.894150 2.577443
1 inf -8.276164 -0.931794 -0.498507 -1.770208 -1.974191 2.878967 -0.312727 2.820792 -0.581650 0.884159 2.697678 -0.027764 10.535481 -0.496307 -0.146530 0.930101 2.571586
1 inf -8.267485 -0.931135 -0.518126 -1.785916 -1.929203 2.893261 -0.330876 2.816053 -0.626877 0.920448 2.678547 -0.019651 10.538557 -0.487115 -0.139011 0.933346 2.621595
1 inf -8.351911 -0.907912 -0.509458 -1.805967 -1.933395 2.928422 -0.348625 2.822444 -0.595611 0.927414 2.698182 -0.004780 10.552946 -0.501363 -0.172528 0.885272 2.627102
1 inf -8.350025 -0.911106 -0.547382 -1.810652 -1.931088 2.958203 -0.335262 2.812661 -0.577359 0.923546 2.668684 0.011834 10.573889 -0.513411 -0.183119 0.924236 2.660617
1 inf -8.341960 -0.910961 -0.556639 -1.788679 -1.898577 2.947579 -0.347935 2.808024 -0.583281 0.962196 2.700852 0.015991 10.565996 -0.516722 -0.181550 0.927843 2.678691
1 inf -8.342092 -0.890815 -0.559540 -1.805079 -1.893696 2.934516 -0.363399 2.795873 -0.582292 0.957524 2.713117 0.020628 10.550184 -0.546775 -0.174611 0.929469 2.662783
1 inf -8.319184 -0.881364 -0.564817 -1.779337 -1.870453 2.912682 -0.358887 2.801114 -0.555514 0.913138 2.759412 -0.005587 10.523450 -0.521408 -0.217407 0.941050 2.659971
1 inf -8.325770 -0.868178 -0.537933 -1.778528 -1.919152 2.919142 -0.334101 2.789469 -0.543992 0.930800 2.734115 0.028549 10.506034 -0.517258 -0.224456 0.907521 2.685113
1 inf -8.293958 -0.895738 -0.537654 -1.766806 -1.907810 2.892159 -0.351653 2.798516 -0.560624 0.951283 2.700445 0.015511 10.513981 -0.486494 -0.197990 0.878914 2.652135
1 inf -8.298967 -0.917784 -0.554167 -1.748667 -1.890332 2.920410 -0.368428 2.752209 -0.539837 0.923899 2.694353 0.001105 10.530593 -0.499623 -0.183430 0.844530 2.642348
1 inf -8.318905 -0.918831 -0.552433 -1.764930 -1.914094 2.938063 -0.398500 2.711709 -0.517086 0.905683 2.688058 0.028255 10.531768 -0.513417 -0.176227 0.798326 2.611103
1 inf -8.345655 -0.936839 -0.564027 -1.788893 -1.902570 2.922562 -0.383395 2.712489 -0.540370 0.932803 2.720751 0.002713 10.531602 -0.520809 -0.200795 0.759833 2.619395
1 inf -8.349172 -0.937032 -0.579438 -1.774556 -1.903408 2.944451 -0.406851 2.714138 -0.537730 0.939817 2.655898 0.027501 10.542626 -0.498714 -0.226043 0.778468 2.623471
1 inf -8.317916 -0.931042 -0.629694 -1.773015 -1.891923 2.929012 -0.389581 2.715378 -0.578434 0.946571 2.664289 0.038070 10.552242 -0.534949 -0.236963 0.792451 2.645950
1 inf -8.340994 -0.906114 -0.649864 -1.758990 -1.908465 2.896893 -0.388189 2.737498 -0.565343 0.971333 2.716114 0.029852 10.574081 -0.506542 -0.244642 0.806685 2.649045
1 inf -8.331623 -0.905927 -0.658301 -1.763220 -1.955227 2.871537 -0.421913 2.744101 -0.556823 0.984354 2.720793 0.012378 10.545146 -0.523308 -0.258549 0.762399 2.643321
1 inf -8.325747 -0.878956 -0.671669 -1.760981 -1.961904 2.896702 -0.403039 2.785111 -0.566339 0.955532 2.725869 0.017884 10.551779 -0.512994 -0.293820 0.770174 2.627452
1 inf -8.282328 -0.866479 -0.649709 -1.752038 -1.957613 2.909641 -0.354194 2.765376 -0.524204 0.972160 2.699707 0.007186 10.562175 -0.471406 -0.343040 0.808886 2.658576
1 inf -8.280518 -0.877045 -0.663216 -1.763053 -1.948586 2.945662 -0.366898 2.786280 -0.529017 0.950511 2.727654 -0.005168 10.556305 -0.478293 -0.311188 0.810078 2.683905
1 inf -8.259542 -0.900494 -0.646687 -1.767028 -1.942903 2.934317 -0.306721 2.765561 -0.546744 0.934218 2.737751 -0.002881 10.580169 -0.485667 -0.309295 0.844362 2.667989
1 inf -8.227554 -0.884662 -0.592579 -1.756638 -1.954868 2.941183 -0.309832 2.790408 -0.528636 0.933465 2.704763 -0.042732 10.572489 -0.472708 -0.290144 0.857657 2.658097
1 inf -8.235151 -0.876309 -0.581028 -1.782165 -1.960991 2.941179 -0.283836 2.815392 -0.529403 0.909556 2.733848 -0.030792 10.600685 -0.485380 -0.292705 0.793280 2.665544
1 inf -8.222009 -0.851149 -0.590616 -1.767761 -1.937838 2.951285 -0.320168 2.784005 -0.561915 0.930194 2.724469 -0.033682 10.573630 -0.476716 -0.277154 0.790557 2.659494
1 inf -8.216138 -0.871293 -0.580990 -1.746492 -1.935018 2.964635 -0.337475 2.804578 -0.535138 0.962615 2.699102 -0.042000 10.588057 -0.473593 -0.280633 0.781851 2.681459
1 inf -8.205508 -0.870313 -0.563611 -1.765105 -1.920711 2.979148 -0.351167 2.839928 -0.530257 0.955547 2.694303 -0.050386 10.580867 -0.494640 -0.282038 0.758261 2.655654
1 inf -8.190176 -0.848957 -0.568438 -1.774880 -1.934421 2.945254 -0.340627 2.847031 -0.508610 0.961765 2.718591 -0.072201 10.546797 -0.473234 -0.261400 0.779180 2.645278
1 inf -8.176017 -0.796603 -0.565417 -1.771622 -1.910564 2.917475 -0.384561 2.855885 -0.513615 0.943881 2.696050 -0.111254 10.542444 -0.502058 -0.312811 0.829449 2.637120
1 inf -8.234539 -0.783858 -0.574914 -1.774457 -1.901662 2.905394 -0.379116 2.854036 -0.487531 0.962147 2.709965 -0.103079 10.521356 -0.485055 -0.309997 0.857349 2.631464
1 inf -8.237308 -0.804229 -0.551911 -1.776029 -1.887972 2.901033 -0.398188 2.850497 -0.453562 0.938410 2.697697 -0.116310 10.519288 -0.481522 -0.308465 0.844200 2.648930
1 inf -8.251484 -0.809542 -0.552565 -1.791880 -1.894252 2.853221 -0.372873 2.856257 -0.438022 0.954715 2.669614 -0.148602 10.538721 -0.472126 -0.290992 0.825698 2.670747
1 inf -8.247570 -0.809096 -0.540681 -1.759773 -1.847295 2.828466 -0.377129 2.819854 -0.445852 0.964293 2.700302 -0.122658 10.559789 -0.459179 -0.322654 0.798173 2.704093
1 inf -8.254436 -0.798332 -0.558303 -1.767367 -1.851946 2.816328 -0.379046 2.799543 -0.449110 0.985373 2.704365 -0.145770 10.531414 -0.481972 -0.297921 0.822456 2.699302
1 inf -8.229638 -0.826113 -0.580143 -1.786196 -1.860906 2.840959 -0.398928 2.804199 -0.488402 0.978436 2.728360 -0.185050 10.524115 -0.448508 -0.266902 0.827601 2.680668
1 inf -8.207845 -0.794875 -0.569959 -1.757065 -1.853444 2.795695 -0.358215 2.794112 -0.509442 0.996419 2.726605 -0.187227 10.538438 -0.440035 -0.269948 0.805987 2.679221
1 inf -8.204158 -0.811371 -0.545660 -1.756046 -1.858346 2.799722 -0.341400 2.748754 -0.515919 0.969409 2.728978 -0.162350 10.489661 -0.473787 -0.313122 0.836559 2.661999
1 inf -8.186987 -0.811657 -0.525891 -1.715255 -1.885100 2.796863 -0.311832 2.756463 -0.498398 0.920544 2.729491 -0.176280 10.518540 -0.452632 -0.275720 0.861452 2.640433
1 inf -8.194754 -0.760836 -0.540254 -1.719424 -1.846652 2.779796 -0.319758 2.765795 -0.519638 0.935327 2.683714 -0.189018 10.547126 -0.438161 -0.269992 0.873069 2.650128
1 inf -8.202648 -0.757550 -0.558164 -1.722161 -1.869515 2.772031 -0.339713 2.764563 -0.544432 0.906008 2.685156 -0.186610 10.536853 -0.466447 -0.275103 0.930950 2.644198
1 inf -8.218969 -0.763864 -0.564357 -1.707951 -1.885597 2.774391 -0.335067 2.749542 -0.542878 0.917853 2.694605 -0.172776 10.551466 -0.471576 -0.303785 0.936743 2.610564
1 inf -8.226718 -0.766621 -0.544704 -1.727790 -1.866285 2.771357 -0.277363 2.786020 -0.588401 0.898987 2.710385 -0.147841 10.562373 -0.465976 -0.295524 0.943469 2.628735
1 inf -8.214659 -0.771085 -0.515309 -1.760826 -1.886614 2.760324 -0.280209 2.825968 -0.577416 0.895739 2.687276 -0.148186 10.558074 -0.509807 -0.293613 0.956144 2.606592
1 inf -8.205791 -0.775350 -0.484370 -1.792440 -1.850850 2.766011 -0.301962 2.825593 -0.567766 0.862837 2.697651 -0.126108 10.571910 -0.499244 -0.313203 0.925388 2.618275
1 inf -8.185727 -0.801614 -0.481040 -1.802024 -1.835938 2.785651 -0.281381 2.823718 -0.581150 0.866791 2.657162 -0.057214 10.580602 -0.459450 -0.331840 0.933344 2.613897
1 inf -8.147538 -0.833257 -0.454973 -1.809333 -1.830377 2.787894 -0.281944 2.793665 -0.568836 0.853420 2.612301 -0.050123 10.567840 -0.478253 -0.340163 0.945856 2.603599
1 inf -8.162193 -0.838077 -0.456130 -1.781542 -1.853281 2.802659 -0.265710 2.809837 -0.571352 0.867079 2.615068 -0.062447 10.570859 -0.490286 -0.345831 0.969558 2.621003
1 inf -8.159656 -0.840931 -0.414948 -1.771449 -1.855258 2.784651 -0.298372 2.842161 -0.556017 0.883337 2.625266 -0.093943 10.542206 -0.483699 -0.330256 0.957861 2.601571
1 inf -8.196943 -0.829347 -0.433416 -1.794086 -1.886794 2.835014 -0.299880 2.831452 -0.529528 0.856851 2.569964 -0.086154 10.533268 -0.469226 -0.299837 0.959462 2.597049
1 inf -8.219876 -0.823948 -0.430171 -1.769861 -1.874360 2.809252 -0.301346 2.865067 -0.543012 0.854940 2.585582 -0.078968 10.522523 -0.460321 -0.303143 0.936389 2.613025
1 inf -8.210314 -0.845963 -0.442880 -1.795596 -1.866773 2.800916 -0.308222 2.883707 -0.567552 0.854159 2.546996 -0.089910 10.496951 -0.526013 -0.328779 0.918778 2.595998
1 inf -8.203917 -0.875210 -0.469526 -1.817562 -1.834168 2.795511 -0.335088 2.873032 -0.576114 0.864856 2.505777 -0.103754 10.513554 -0.524579 -0.365169 0.902424 2.570098
1 inf -8.230899 -0.863802 -0.486638 -1.774253 -1.849783 2.843385 -0.332093 2.853289 -0.596122 0.884886 2.498440 -0.063463 10.498181 -0.530614 -0.374353 0.859251 2.569286
1 inf -8.238713 -0.860387 -0.469324 -1.819128 -1.830099 2.817507 -0.354438 2.857124 -0.595251 0.889678 2.514102 -0.060286 10.519972 -0.527874 -0.330396 0.875215 2.583737
1 inf -8.271625 -0.889339 -0.458991 -1.829446 -1.842857 2.769679 -0.339448 2.868101 -0.613255 0.894275 2.542814 -0.099693 10.533557 -0.534814 -0.377461 0.900984 2.573107
1 inf -8.263331 -0.879659 -0.443708 -1.847695 -1.867552 2.771856 -0.372224 2.853851 -0.606993 0.913655 2.549851 -0.062881 10.542802 -0.503895 -0.408766 0.904752 2.570602
1 inf -8.286418 -0.892662 -0.449744 -1.828493 -1.838800 2.765018 -0.388490 2.807040 -0.634731 0.927368 2.557309 -0.070131 10.515282 -0.453396 -0.415137 0.909553 2.583913
1 inf -8.260355 -0.864085 -0.494091 -1.846814 -1.866418 2.727127 -0.396891 2.803915 -0.621012 0.935740 2.548751 -0.057171 10.530456 -0.442120 -0.415127 0.940776 2.581261
1 inf -8.220839 -0.853690 -0.512575 -1.854345 -1.852404 2.740179 -0.389254 2.833584 -0.597143 0.922897 2.551951 -0.047867 10.555985 -0.455180 -0.418510 0.961005 2.574760
1 inf -8.243760 -0.879236 -0.532236 -1.866800 -1.871901 2.727737 -0.388998 2.862614 -0.579185 0.939484 2.523408 -0.053796 10.524280 -0.437323 -0.427574 0.971822 2.560839
1 inf -8.238315 -0.903514 -0.548883 -1.915488 -1.898621 2.741433 -0.424806 2.860774 -0.594381 0.944068 2.538825 -0.043752 10.520128 -0.444450 -0.417039 0.920875 2.535756
1 inf -8.255706 -0.895857 -0.553347 -1.952540 -1.934623 2.739368 -0.434621 2.868348 -0.607906 0.926083 2.541551 -0.009139 10.525528 -0.400604 -0.416265 0.865147 2.477792
1 inf -8.224055 -0.917761 -0.544735 -1.926165 -1.948633 2.704134 -0.444883 2.890672 -0.638327 0.927784 2.543584 0.017943 10.529151 -0.437821 -0.440946 0.847007 2.472218
1 inf -8.226645 -0.907612 -0.506263 -1.939557 -1.941807 2.696607 -0.426897 2.873129 -0.619078 0.904003 2.577575 0.021133 10.533121 -0.455702 -0.421963 0.846724 2.492850
1 inf -8.233682 -0.911158 -0.503969 -1.960390 -1.940851 2.659009 -0.470319 2.846710 -0.656160 0.959222 2.592500 0.006781 10.540066 -0.458126 -0.413746 0.816481 2.475773
1 inf -8.216339 -0.909949 -0.515699 -1.970331 -1.959419 2.652825 -0.461281 2.819239 -0.634460 0.954141 2.607157 -0.010136 10.574833 -0.460706 -0.391708 0.830470 2.508450
1 inf -8.223637 -0.917850 -0.517313 -1.985540 -1.968907 2.708847 -0.495293 2.814714 -0.646886 0.980563 2.595997 0.024884 10.562309 -0.469016 -0.360321 0.831439 2.514819
1 inf -8.205485 -0.899566 -0.552228 -1.977496 -1.997246 2.695859 -0.500795 2.828382 -0.624660 0.983227 2.584993 -0.006309 10.561641 -0.504754 -0.369287 0.830951 2.544497
1 inf -8.221758 -0.888359 -0.572500 -1.962561 -1.982845 2.686749 -0.469700 2.855487 -0.565994 0.975513 2.603359 0.012505 10.563342 -0.530873 -0.329298 0.869327 2.531537
1 inf -8.211287 -0.872261 -0.562830 -2.017097 -1.930525 2.695222 -0.498058 2.858217 -0.576459 0.981255 2.572065 0.020696 10.564579 -0.524844 -0.308844 0.891209 2.507474
1 inf -8.226813 -0.882587 -0.579828 -2.019941 -1.916193 2.694869 -0.493742 2.856614 -0.572687 0.984750 2.561561 0.026983 10.569047 -0.507039 -0.316205 0.880901 2.452435
1 inf -8.224812 -0.884137 -0.591040 -2.016229 -1.904848 2.688831 -0.474157 2.884464 -0.585784 0.978259 2.568334 0.053827 10.562414 -0.494631 -0.324965 0.847393 2.466341
1 inf -8.213038 -0.886171 -0.567792 -2.023937 -1.936775 2.655679 -0.455939 2.904589 -0.551839 0.978854 2.570077 0.091737 10.540982 -0.494693 -0.304650 0.857807 2.472177
1 inf -8.177407 -0.880332 -0.542962 -1.981284 -1.930779 2.696445 -0.435639 2.865538 -0.530998 0.958691 2.560237 0.086084 10.558752 -0.501958 -0.293519 0.827848 2.461355
1 inf -8.132829 -0.859891 -0.524217 -1.974756 -1.977623 2.679682 -0.436280 2.868054 -0.502467 0.925121 2.547394 0.079414 10.552266 -0.508414 -0.270128 0.819895 2.484113
1 inf -8.163361 -0.883179 -0.539790 -1.980043 -1.992379 2.716609 -0.406470 2.853844 -0.508260 0.900099 2.547890 0.099844 10.552912 -0.523994 -0.247895 0.833055 2.478732
1 inf -8.150661 -0.858001 -0.544785 -1.969277 -1.973360 2.741229 -0.385252 2.826934 -0.493784 0.893075 2.533116 0.096216 10.583394 -0.541798 -0.255117 0.807987 2.476607
1 inf -8.151322 -0.865749 -0.555351 -1.974391 -1.997012 2.745628 -0.431008 2.809398 -0.510936 0.880740 2.548554 0.103507 10.604134 -0.522947 -0.246287 0.823467 2.471018
1 inf -8.122411 -0.855320 -0.516573 -1.954722 -1.995923 2.702051 -0.381720 2.829900 -0.492873 0.897075 2.560188 0.096199 10.627439 -0.520935 -0.233029 0.836718 2.457044
1 inf -8.131825 -0.848498 -0.523781 -1.935994 -1.964731 2.716817 -0.418043 2.828327 -0.464709 0.903986 2.558071 0.107527 10.664120 -0.509857 -0.200119 0.809866 2.450154
1 inf -8.125586 -0.832473 -0.541428 -1.929289 -1.952274 2.714354 -0.413587 2.827437 -0.475926 0.881928 2.570787 0.077301 10.664359 -0.561097 -0.189474 0.814646 2.427510
1 inf -8.099207 -0.800551 -0.553865 -1.911331 -1.964244 2.739046 -0.402898 2.851928 -0.479851 0.889153 2.544066 0.074476 10.630779 -0.579820 -0.200213 0.799853 2.434326
1 inf -8.086313 -0.821236 -0.568230 -1.894881 -1.989701 2.747844 -0.360691 2.847813 -0.490555 0.912511 2.533266 0.046212 10.648402 -0.578803 -0.198885 0.812792 2.465391
1 inf -8.063864 -0.785670 -0.576817 -1.877434 -1.953429 2.716213 -0.379203 2.867070 -0.465375 0.877712 2.564971 0.027005 10.608464 -0.574336 -0.225155 0.795984 2.482347
1 inf -8.036623 -0.786592 -0.570003 -1.873641 -1.958833 2.722541 -0.350085 2.856590 -0.482955 0.907531 2.580741 0.015458 10.624007 -0.618280 -0.231101 0.807860 2.502806
1 inf -8.019449 -0.781703 -0.553730 -1.886986 -1.971505 2.718606 -0.350375 2.842527 -0.498792 0.886628 2.571437 0.008424 10.613005 -0.565332 -0.204342 0.815080 2.526271
1 inf -8.017210 -0.760711 -0.535977 -1.882316 -1.967390 2.733478 -0.350778 2.847577 -0.478366 0.864822 2.555628 -0.004751 10.607043 -0.570521 -0.223246 0.814909 2.519255
1 inf -7.995979 -0.764540 -0.546403 -1.881028 -1.980244 2.746257 -0.322133 2.879070 -0.493094 0.869173 2.530741 -0.031002 10.645970 -0.567452 -0.244137 0.839186 2.513316
1 inf -8.001716 -0.765422 -0.546673 -1.865806 -1.990518 2.755384 -0.296907 2.865014 -0.489430 0.882440 2.529840 0.013949 10.657411 -0.579529 -0.216743 0.826318 2.528655
1 inf -7.961200 -0.765113 -0.581518 -1.858890 -1.985373 2.725814 -0.299345 2.837904 -0.502965 0.857636 2.559445 0.033279 10.641876 -0.553756 -0.192331 0.808729 2.523318
1 inf -7.968568 -0.777062 -0.603272 -1.890076 -1.973947 2.769596 -0.268983 2.817423 -0.481822 0.827653 2.527407 0.033332 10.641096 -0.529224 -0.158324 0.793378 2.520664
1 inf -7.981889 -0.815338 -0.617476 -1.864293 -1.977919 2.809044 -0.314015 2.860083 -0.483372 0.802734 2.537941 0.019126 10.610057 -0.510939 -0.133451 0.809852 2.545486
1 inf -7.999780 -0.831209 -0.618219 -1.803279 -1.977899 2.841798 -0.318314 2.867313 -0.465381 0.825293 2.531383 0.040421 10.575141 -0.500987 -0.174835 0.818494 2.545193
1 inf -8.025058 -0.835157 -0.623221 -1.823816 -1.942747 2.847443 -0.329632 2.902301 -0.482522 0.825905 2.550283 0.026734 10.564505 -0.494407 -0.223323 0.816670 2.544957
1 inf -8.037230 -0.830810 -0.604597 -1.824020 -1.955353 2.861941 -0.320293 2.897709 -0.491890 0.823957 2.548418 0.046878 10.615631 -0.487990 -0.211984 0.828744 2.567270
1 inf -8.061511 -0.819725 -0.587069 -1.810643 -1.961654 2.874146 -0.320254 2.855883 -0.506053 0.807345 2.541532 0.050756 10.576000 -0.440062 -0.164549 0.824080 2.552930
1 inf -8.090781 -0.810862 -0.605086 -1.834210 -1.976573 2.879818 -0.307544 2.896079 -0.457034 0.774114 2.493381 0.020334 10.557778 -0.481461 -0.195350 0.833330 2.535590
1 inf -8.063252 -0.830849 -0.608956 -1.882406 -1.962649 2.894566 -0.285036 2.918432 -0.429188 0.754444 2.527306 0.003510 10.569541 -0.521200 -0.225796 0.907682 2.519333
1 inf -8.049267 -0.823566 -0.617227 -1.897728 -1.930086 2.922314 -0.263437 2.916083 -0.423474 0.726670 2.541839 0.023463 10.581802 -0.536997 -0.208198 0.864863 2.538930
1 inf -8.069302 -0.862332 -0.642492 -1.879119 -1.963661 2.941346 -0.224197 2.923229 -0.433710 0.721699 2.522266 -0.004345 10.577967 -0.535109 -0.171019 0.865500 2.515572
1 inf -8.042231 -0.873822 -0.585342 -1.863401 -1.981495 2.927618 -0.199435 2.937256 -0.402094 0.721222 2.555503 0.025515 10.590773 -0.541964 -0.165684 0.887832 2.503255
1 inf -8.012822 -0.884139 -0.562241 -1.846851 -1.961933 2.908187 -0.213692 2.956073 -0.418213 0.739994 2.540473 -0.002115 10.607900 -0.533708 -0.156343 0.890996 2.495475
1 inf -7.986394 -0.926319 -0.594195 -1.816837 -1.947049 2.872453 -0.241300 2.996373 -0.444171 0.753745 2.574996 -0.016884 10.621093 -0.510458 -0.122339 0.875349 2.495319
1 inf -7.974678 -0.884549 -0.594838 -1.791620 -1.945225 2.868913 -0.248158 2.977635 -0.415830 0.735965 2.544163 -0.056286 10.597762 -0.566445 -0.102269 0.865578 2.519278
1 inf -7.960847 -0.855103 -0.611399 -1.793372 -1.926909 2.855829 -0.226461 2.979036 -0.395307 0.767591 2.507605 -0.079214 10.571309 -0.567829 -0.076175 0.883721 2.528368
1 inf -7.943390 -0.862720 -0.594774 -1.817584 -1.956823 2.827322 -0.210115 2.960391 -0.378147 0.802725 2.504877 -0.077745 10.575900 -0.539777 -0.091424 0.846931 2.538153
1 inf -7.927765 -0.886607 -0.607569 -1.825790 -1.939743 2.869336 -0.193493 2.972905 -0.359682 0.828605 2.518212 -0.063928 10.582221 -0.564890 -0.087180 0.855535 2.517934
1 inf -7.932955 -0.920175 -0.619749 -1.822127 -1.935105 2.890113 -0.184335 2.978964 -0.317481 0.832198 2.530217 -0.063576 10.553695 -0.538406 -0.081464 0.858195 2.495361
1 inf -7.919751 -0.928492 -0.617277 -1.844743 -1.918406 2.877698 -0.186830 2.992131 -0.305443 0.871076 2.515014 -0.016927 10.548830 -0.538220 -0.057767 0.849671 2.507029
