1 inf -8.683785 -0.941449 -0.251196 -2.225737 -1.379268 3.376266 0.204339 2.544603 0.200997 0.615963 2.296511 0.107502 10.469750 -0.271175 0.228695 3.682885
1 inf -8.683340 -0.909729 -0.250180 -2.201465 -1.353700 3.396236 0.225934 2.531492 0.202190 0.609217 2.325438 0.084121 10.480654 -0.323001 0.256621 3.704065
1 inf -8.677815 -0.907527 -0.269371 -2.215032 -1.360520 3.388678 0.195232 2.547663 0.201664 0.619237 2.351169 0.075083 10.464320 -0.390305 0.281281 3.721256
1 inf -8.660539 -0.903011 -0.210792 -2.221283 -1.343337 3.397798 0.190646 2.541503 0.192518 0.600476 2.357287 0.096433 10.443016 -0.403954 0.250327 3.731325
1 inf -8.632367 -0.893394 -0.215675 -2.211617 -1.317417 3.404762 0.197923 2.519605 0.184872 0.620471 2.336956 0.097024 10.454995 -0.409079 0.260741 3.734037
1 inf -8.622255 -0.912107 -0.182932 -2.196423 -1.300969 3.387894 0.197030 2.542947 0.202539 0.604123 2.355218 0.111480 10.447524 -0.426288 0.254108 3.739289
1 inf -8.630704 -0.894646 -0.179443 -2.214358 -1.268517 3.405528 0.204954 2.508052 0.189448 0.612625 2.353457 0.109246 10.454456 -0.400906 0.265422 3.748667
1 inf -8.653489 -0.842159 -0.161232 -2.203353 -1.276220 3.399855 0.239239 2.509316 0.171068 0.638314 2.345771 0.127887 10.473592 -0.416478 0.268330 3.769928
1 inf -8.649694 -0.835902 -0.137891 -2.172568 -1.284943 3.438873 0.207921 2.470024 0.173980 0.624518 2.382074 0.140389 10.497588 -0.448101 0.227022 3.766729
1 inf -8.664534 -0.817008 -0.151650 -2.160624 -1.314177 3.425054 0.178231 2.436721 0.190657 0.635393 2.360977 0.141342 10.489673 -0.457950 0.237804 3.748269
1 inf -8.639002 -0.788055 -0.138790 -2.160548 -1.298689 3.435168 0.190598 2.434746 0.214244 0.650422 2.354122 0.127992 10.474307 -0.455456 0.231405 3.739981
1 inf -8.595914 -0.780860 -0.117648 -2.205848 -1.304829 3.426236 0.179576 2.424360 0.224921 0.637273 2.347528 0.129061 10.481226 -0.422978 0.283355 3.726804
1 inf -8.632241 -0.766660 -0.116627 -2.205200 -1.324774 3.406581 0.209066 2.424209 0.225762 0.642719 2.377125 0.126770 10.506173 -0.439357 0.299808 3.722092
1 inf -8.597967 -0.779836 -0.108698 -2.194335 -1.286019 3.416342 0.213647 2.419974 0.220706 0.638924 2.359738 0.151637 10.530092 -0.432268 0.301090 3.731226
1 inf -8.619740 -0.754276 -0.113942 -2.226612 -1.302750 3.443768 0.211401 2.450693 0.208349 0.602060 2.366751 0.164855 10.532651 -0.410250 0.303648 3.740657
1 inf -8.619315 -0.789240 -0.117949 -2.271893 -1.322659 3.475034 0.184845 2.428011 0.211036 0.590549 2.420847 0.127988 10.519678 -0.419222 0.318969 3.756113
1 inf -8.617033 -0.829212 -0.069965 -2.289278 -1.316407 3.467904 0.170804 2.443076 0.213924 0.579099 2.476425 0.101412 10.516029 -0.401520 0.301730 3.767018
1 inf -8.617478 -0.860767 -0.061598 -2.301596 -1.308474 3.474188 0.158281 2.467198 0.222963 0.586388 2.515040 0.081519 10.513222 -0.423379 0.317012 3.774831
1 inf -8.616392 -0.862439 -0.015674 -2.305110 -1.300873 3.467083 0.173968 2.482799 0.214869 0.610618 2.528999 0.081155 10.536271 -0.422415 0.338247 3.768419
1 inf -8.616665 -0.874913 -0.023099 -2.308867 -1.286597 3.453522 0.180579 2.488972 0.209254 0.669588 2.534634 0.083059 10.558511 -0.418656 0.375694 3.771562
1 inf -8.628437 -0.871575 -0.030944 -2.276443 -1.275604 3.437765 0.196031 2.464154 0.197830 0.682278 2.498669 0.074089 10.549724 -0.428384 0.323583 3.755069
1 inf -8.635159 -0.850552 -0.045329 -2.288814 -1.302748 3.426238 0.203955 2.478189 0.164750 0.660972 2.509299 0.061521 10.528274 -0.430897 0.292536 3.727396
1 inf -8.657561 -0.842724 -0.047765 -2.288791 -1.350279 3.456781 0.232642 2.470348 0.185913 0.641200 2.483040 0.057385 10.529513 -0.381722 0.304569 3.722438
1 inf -8.709558 -0.817080 -0.062152 -2.235181 -1.324637 3.444269 0.259499 2.483563 0.197112 0.621954 2.489915 0.014936 10.525143 -0.383083 0.275392 3.729847
1 inf -8.677719 -0.842045 -0.017137 -2.222064 -1.294940 3.471239 0.261339 2.506339 0.180262 0.624262 2.472289 0.053755 10.565793 -0.422537 0.249878 3.729560
1 132.92214 -8.672026 -0.818882 0.016165 -2.198928 -1.268758 3.452506 0.246763 2.499094 0.200387 0.651652 2.449315 0.002902 10.577728 -0.421884 0.283124 3.744781
1 125.81782 -8.691836 -0.834261 0.015497 -2.217712 -1.270580 3.455663 0.260579 2.510873 0.256244 0.616422 2.459252 -0.011802 10.569489 -0.442796 0.274751 3.771962
1 125.81782 -8.691836 -0.834261 0.015497 -2.217712 -1.270580 3.455663 0.260579 2.510873 0.256244 0.616422 2.459252 -0.011802 10.569489 -0.442796 0.274751 3.771962
1 125.81782 -8.691836 -0.834261 0.015497 -2.217712 -1.270580 3.455663 0.260579 2.510873 0.256244 0.616422 2.459252 -0.011802 10.569489 -0.442796 0.274751 3.771962
1 125.81782 -8.691836 -0.834261 0.015497 -2.217712 -1.270580 3.455663 0.260579 2.510873 0.256244 0.616422 2.459252 -0.011802 10.569489 -0.442796 0.274751 3.771962
1 124.16396 -8.644162 -0.841387 0.011368 -2.188462 -1.262213 3.450180 0.238498 2.523106 0.244555 0.654848 2.477848 -0.000867 10.556906 -0.417753 0.280646 3.712194
1 124.16396 -8.644162 -0.841387 0.011368 -2.188462 -1.262213 3.450180 0.238498 2.523106 0.244555 0.654848 2.477848 -0.000867 10.556906 -0.417753 0.280646 3.712194
1 124.16396 -8.644162 -0.841387 0.011368 -2.188462 -1.262213 3.450180 0.238498 2.523106 0.244555 0.654848 2.477848 -0.000867 10.556906 -0.417753 0.280646 3.712194
1 124.16396 -8.644162 -0.841387 0.011368 -2.188462 -1.262213 3.450180 0.238498 2.523106 0.244555 0.654848 2.477848 -0.000867 10.556906 -0.417753 0.280646 3.712194
1 124.16396 -8.644162 -0.841387 0.011368 -2.188462 -1.262213 3.450180 0.238498 2.523106 0.244555 0.654848 2.477848 -0.000867 10.556906 -0.417753 0.280646 3.712194
1 124.16396 -8.644162 -0.841387 0.011368 -2.188462 -1.262213 3.450180 0.238498 2.523106 0.244555 0.654848 2.477848 -0.000867 10.556906 -0.417753 0.280646 3.712194
1 124.16396 -8.644162 -0.841387 0.011368 -2.188462 -1.262213 3.450180 0.238498 2.523106 0.244555 0.654848 2.477848 -0.000867 10.556906 -0.417753 0.280646 3.712194
1 124.16396 -8.644162 -0.841387 0.011368 -2.188462 -1.262213 3.450180 0.238498 2.523106 0.244555 0.654848 2.477848 -0.000867 10.556906 -0.417753 0.280646 3.712194
1 124.16396 -8.644162 -0.841387 0.011368 -2.188462 -1.262213 3.450180 0.238498 2.523106 0.244555 0.654848 2.477848 -0.000867 10.556906 -0.417753 0.280646 3.712194
1 124.16396 -8.644162 -0.841387 0.011368 -2.188462 -1.262213 3.450180 0.238498 2.523106 0.244555 0.654848 2.477848 -0.000867 10.556906 -0.417753 0.280646 3.712194
1 124.16396 -8.644162 -0.841387 0.011368 -2.188462 -1.262213 3.450180 0.238498 2.523106 0.244555 0.654848 2.477848 -0.000867 10.556906 -0.417753 0.280646 3.712194
1 122.66977 -8.661048 -0.870594 0.027680 -2.244425 -1.286745 3.439695 0.256714 2.474465 0.252938 0.685086 2.479219 0.003251 10.549367 -0.415314 0.322316 3.702319
1 118.73526 -8.649859 -0.891505 0.004432 -2.275744 -1.275992 3.456752 0.265200 2.439703 0.266465 0.682448 2.458254 -0.017768 10.531804 -0.430967 0.319364 3.688208
1 118.73526 -8.649859 -0.891505 0.004432 -2.275744 -1.275992 3.456752 0.265200 2.439703 0.266465 0.682448 2.458254 -0.017768 10.531804 -0.430967 0.319364 3.688208
1 118.73526 -8.649859 -0.891505 0.004432 -2.275744 -1.275992 3.456752 0.265200 2.439703 0.266465 0.682448 2.458254 -0.017768 10.531804 -0.430967 0.319364 3.688208
1 118.73526 -8.649859 -0.891505 0.004432 -2.275744 -1.275992 3.456752 0.265200 2.439703 0.266465 0.682448 2.458254 -0.017768 10.531804 -0.430967 0.319364 3.688208
1 118.73526 -8.649859 -0.891505 0.004432 -2.275744 -1.275992 3.456752 0.265200 2.439703 0.266465 0.682448 2.458254 -0.017768 10.531804 -0.430967 0.319364 3.688208
1 118.73526 -8.649859 -0.891505 0.004432 -2.275744 -1.275992 3.456752 0.265200 2.439703 0.266465 0.682448 2.458254 -0.017768 10.531804 -0.430967 0.319364 3.688208
1 118.73526 -8.649859 -0.891505 0.004432 -2.275744 -1.275992 3.456752 0.265200 2.439703 0.266465 0.682448 2.458254 -0.017768 10.531804 -0.430967 0.319364 3.688208
1 118.74261 -8.654544 -0.961333 0.029446 -2.254731 -1.293388 3.460319 0.279656 2.425243 0.286718 0.699999 2.445417 -0.025025 10.549480 -0.401796 0.318422 3.692507
1 118.74261 -8.654544 -0.961333 0.029446 -2.254731 -1.293388 3.460319 0.279656 2.425243 0.286718 0.699999 2.445417 -0.025025 10.549480 -0.401796 0.318422 3.692507
1 118.74261 -8.654544 -0.961333 0.029446 -2.254731 -1.293388 3.460319 0.279656 2.425243 0.286718 0.699999 2.445417 -0.025025 10.549480 -0.401796 0.318422 3.692507
1 118.44683 -8.597171 -0.967778 0.028046 -2.236974 -1.273849 3.457098 0.293190 2.420823 0.273175 0.702268 2.480063 0.007446 10.570108 -0.414936 0.297531 3.650223
1 118.6662 -8.602236 -0.997331 0.026840 -2.230303 -1.272214 3.450608 0.298493 2.433821 0.271594 0.711263 2.513936 -0.023464 10.559267 -0.431563 0.274836 3.633629
1 118.6662 -8.602236 -0.997331 0.026840 -2.230303 -1.272214 3.450608 0.298493 2.433821 0.271594 0.711263 2.513936 -0.023464 10.559267 -0.431563 0.274836 3.633629
1 113.9538 -8.575423 -0.965214 0.028075 -2.244555 -1.265184 3.436062 0.279945 2.425539 0.286665 0.738583 2.507340 -0.018544 10.529683 -0.422328 0.306388 3.637326
1 111.71193 -8.532076 -0.981125 0.003577 -2.246349 -1.273693 3.428525 0.288511 2.393590 0.304384 0.710257 2.516362 0.004179 10.511515 -0.410182 0.340295 3.614195
1 111.71193 -8.532076 -0.981125 0.003577 -2.246349 -1.273693 3.428525 0.288511 2.393590 0.304384 0.710257 2.516362 0.004179 10.511515 -0.410182 0.340295 3.614195
1 110.2048 -8.517150 -0.970896 -0.004088 -2.256707 -1.264616 3.426566 0.321276 2.377410 0.297165 0.711051 2.528723 -0.005826 10.501763 -0.403015 0.293426 3.612943
1 110.2048 -8.517150 -0.970896 -0.004088 -2.256707 -1.264616 3.426566 0.321276 2.377410 0.297165 0.711051 2.528723 -0.005826 10.501763 -0.403015 0.293426 3.612943
1 110.2048 -8.517150 -0.970896 -0.004088 -2.256707 -1.264616 3.426566 0.321276 2.377410 0.297165 0.711051 2.528723 -0.005826 10.501763 -0.403015 0.293426 3.612943
1 110.2048 -8.517150 -0.970896 -0.004088 -2.256707 -1.264616 3.426566 0.321276 2.377410 0.297165 0.711051 2.528723 -0.005826 10.501763 -0.403015 0.293426 3.612943
1 109.11191 -8.496297 -0.970961 0.016279 -2.235156 -1.257887 3.436328 0.322541 2.388860 0.344699 0.741425 2.523353 0.006385 10.502231 -0.391075 0.339055 3.632556
1 109.11191 -8.496297 -0.970961 0.016279 -2.235156 -1.257887 3.436328 0.322541 2.388860 0.344699 0.741425 2.523353 0.006385 10.502231 -0.391075 0.339055 3.632556
1 109.11191 -8.496297 -0.970961 0.016279 -2.235156 -1.257887 3.436328 0.322541 2.388860 0.344699 0.741425 2.523353 0.006385 10.502231 -0.391075 0.339055 3.632556
1 108.61367 -8.504832 -0.955460 -0.010508 -2.285204 -1.249192 3.473134 0.342603 2.381179 0.359137 0.771369 2.549546 -0.004305 10.515025 -0.362718 0.307758 3.628417
1 107.80805 -8.493633 -0.958354 -0.015763 -2.257088 -1.285187 3.453243 0.362047 2.373946 0.336104 0.782684 2.510766 0.001189 10.504338 -0.376321 0.319812 3.637436
1 106.90542 -8.485542 -0.922693 -0.002033 -2.273020 -1.291041 3.474303 0.390403 2.389456 0.267423 0.757871 2.508264 0.012845 10.483017 -0.363078 0.325599 3.644792
1 106.43788 -8.495533 -0.928097 0.009785 -2.258110 -1.270628 3.469924 0.382924 2.416194 0.295675 0.735123 2.483702 0.011234 10.467195 -0.387262 0.331198 3.646916
1 106.43788 -8.495533 -0.928097 0.009785 -2.258110 -1.270628 3.469924 0.382924 2.416194 0.295675 0.735123 2.483702 0.011234 10.467195 -0.387262 0.331198 3.646916
1 106.43788 -8.495533 -0.928097 0.009785 -2.258110 -1.270628 3.469924 0.382924 2.416194 0.295675 0.735123 2.483702 0.011234 10.467195 -0.387262 0.331198 3.646916
1 102.37671 -8.463519 -0.879863 -0.015967 -2.252125 -1.331009 3.448112 0.389655 2.416863 0.297575 0.742671 2.504005 0.010017 10.425526 -0.391156 0.360432 3.641819
1 99.752565 -8.450971 -0.895842 -0.029724 -2.246462 -1.363884 3.458286 0.394173 2.412366 0.279016 0.712116 2.513030 -0.005504 10.402516 -0.404864 0.390451 3.611099
1 98.890324 -8.431037 -0.892818 -0.018340 -2.237068 -1.365952 3.474735 0.397226 2.430937 0.296241 0.664074 2.470016 -0.022103 10.388913 -0.393417 0.401432 3.635257
1 99.609476 -8.448730 -0.923140 -0.020626 -2.216467 -1.349564 3.473853 0.402089 2.419823 0.319573 0.665132 2.448673 -0.020398 10.374644 -0.402586 0.392259 3.646844
1 97.285995 -8.441260 -0.909776 -0.034433 -2.207561 -1.346233 3.465934 0.391610 2.421889 0.304307 0.621071 2.482901 -0.002172 10.347406 -0.387630 0.374616 3.684463
1 95.768371 -8.447033 -0.896714 -0.047038 -2.204889 -1.307409 3.459639 0.391185 2.411344 0.304824 0.611515 2.502520 0.020167 10.315370 -0.379181 0.349359 3.707671
1 95.801746 -8.455329 -0.897561 -0.026972 -2.226592 -1.287033 3.453899 0.395361 2.387935 0.286720 0.601378 2.492778 -0.014625 10.309414 -0.370261 0.361307 3.688771
1 95.974469 -8.449636 -0.874398 0.006330 -2.203456 -1.260851 3.435166 0.380785 2.380690 0.306845 0.628768 2.469804 -0.065478 10.321349 -0.369608 0.394553 3.703992
1 94.365521 -8.424941 -0.888025 0.015577 -2.236851 -1.281627 3.452481 0.340469 2.369783 0.292617 0.615257 2.494532 -0.061789 10.297635 -0.364496 0.408347 3.724696
1 94.365521 -8.424941 -0.888025 0.015577 -2.236851 -1.281627 3.452481 0.340469 2.369783 0.292617 0.615257 2.494532 -0.061789 10.297635 -0.364496 0.408347 3.724696
1 94.467137 -8.394163 -0.884896 0.009671 -2.209081 -1.293255 3.435602 0.325492 2.407470 0.306415 0.625005 2.511218 -0.063402 10.315631 -0.366264 0.416118 3.778131
1 94.467137 -8.394163 -0.884896 0.009671 -2.209081 -1.293255 3.435602 0.325492 2.407470 0.306415 0.625005 2.511218 -0.063402 10.315631 -0.366264 0.416118 3.778131
1 94.671651 -8.381486 -0.883569 0.036297 -2.216765 -1.300674 3.404341 0.288725 2.422151 0.297424 0.620110 2.543192 -0.041235 10.297681 -0.339950 0.441238 3.767201
1 94.671651 -8.381486 -0.883569 0.036297 -2.216765 -1.300674 3.404341 0.288725 2.422151 0.297424 0.620110 2.543192 -0.041235 10.297681 -0.339950 0.441238 3.767201
1 95.014438 -8.403713 -0.871334 0.028992 -2.205235 -1.300646 3.391620 0.264776 2.441245 0.317663 0.626407 2.520995 -0.069256 10.298975 -0.317238 0.428032 3.772454
1 95.014438 -8.403713 -0.871334 0.028992 -2.205235 -1.300646 3.391620 0.264776 2.441245 0.317663 0.626407 2.520995 -0.069256 10.298975 -0.317238 0.428032 3.772454
1 95.014438 -8.403713 -0.871334 0.028992 -2.205235 -1.300646 3.391620 0.264776 2.441245 0.317663 0.626407 2.520995 -0.069256 10.298975 -0.317238 0.428032 3.772454
1 95.014438 -8.403713 -0.871334 0.028992 -2.205235 -1.300646 3.391620 0.264776 2.441245 0.317663 0.626407 2.520995 -0.069256 10.298975 -0.317238 0.428032 3.772454
1 95.014438 -8.403713 -0.871334 0.028992 -2.205235 -1.300646 3.391620 0.264776 2.441245 0.317663 0.626407 2.520995 -0.069256 10.298975 -0.317238 0.428032 3.772454
1 95.014438 -8.403713 -0.871334 0.028992 -2.205235 -1.300646 3.391620 0.264776 2.441245 0.317663 0.626407 2.520995 -0.069256 10.298975 -0.317238 0.428032 3.772454
1 94.2634 -8.408001 -0.841781 0.026996 -2.185244 -1.313737 3.412838 0.252532 2.445810 0.306859 0.628691 2.498070 -0.073286 10.322376 -0.316109 0.393879 3.766451
1 94.2634 -8.408001 -0.841781 0.026996 -2.185244 -1.313737 3.412838 0.252532 2.445810 0.306859 0.628691 2.498070 -0.073286 10.322376 -0.316109 0.393879 3.766451
1 93.26667 -8.418422 -0.836540 0.009720 -2.180816 -1.313947 3.415829 0.251131 2.434322 0.333066 0.635662 2.508214 -0.021712 10.307170 -0.308847 0.367326 3.750318
1 91.108842 -8.376842 -0.848195 0.009596 -2.171185 -1.337972 3.408962 0.264556 2.420674 0.338158 0.617415 2.543656 -0.051618 10.291295 -0.300031 0.377818 3.736467
1 91.108842 -8.376842 -0.848195 0.009596 -2.171185 -1.337972 3.408962 0.264556 2.420674 0.338158 0.617415 2.543656 -0.051618 10.291295 -0.300031 0.377818 3.736467
1 91.108842 -8.376842 -0.848195 0.009596 -2.171185 -1.337972 3.408962 0.264556 2.420674 0.338158 0.617415 2.543656 -0.051618 10.291295 -0.300031 0.377818 3.736467
1 91.108842 -8.376842 -0.848195 0.009596 -2.171185 -1.337972 3.408962 0.264556 2.420674 0.338158 0.617415 2.543656 -0.051618 10.291295 -0.300031 0.377818 3.736467
1 91.108842 -8.376842 -0.848195 0.009596 -2.171185 -1.337972 3.408962 0.264556 2.420674 0.338158 0.617415 2.543656 -0.051618 10.291295 -0.300031 0.377818 3.736467
1 91.556714 -8.369911 -0.835263 -0.009854 -2.208611 -1.313452 3.397420 0.221958 2.414393 0.346210 0.626062 2.581678 -0.058223 10.292436 -0.295074 0.359927 3.733841
1 91.556714 -8.369911 -0.835263 -0.009854 -2.208611 -1.313452 3.397420 0.221958 2.414393 0.346210 0.626062 2.581678 -0.058223 10.292436 -0.295074 0.359927 3.733841
1 91.556714 -8.369911 -0.835263 -0.009854 -2.208611 -1.313452 3.397420 0.221958 2.414393 0.346210 0.626062 2.581678 -0.058223 10.292436 -0.295074 0.359927 3.733841
1 91.556714 -8.369911 -0.835263 -0.009854 -2.208611 -1.313452 3.397420 0.221958 2.414393 0.346210 0.626062 2.581678 -0.058223 10.292436 -0.295074 0.359927 3.733841
1 91.556714 -8.369911 -0.835263 -0.009854 -2.208611 -1.313452 3.397420 0.221958 2.414393 0.346210 0.626062 2.581678 -0.058223 10.292436 -0.295074 0.359927 3.733841
1 90.515105 -8.389236 -0.874878 -0.065319 -2.225598 -1.329255 3.449938 0.203804 2.438078 0.324778 0.609402 2.578778 -0.039178 10.258830 -0.284355 0.359171 3.691812
