1 inf -8.701026 -0.979206 -0.321809 -2.229724 -1.440947 3.392654 0.226896 2.559296 0.172970 0.573700 2.304942 0.121971 10.486713 -0.279500 0.251835 3.669117
1 inf -8.689315 -0.957189 -0.366314 -2.221502 -1.458848 3.351189 0.243963 2.560605 0.157085 0.537219 2.294702 0.122508 10.454025 -0.296570 0.276936 3.680983
1 inf -8.692613 -0.976781 -0.370080 -2.222610 -1.426010 3.353990 0.226251 2.577831 0.131127 0.534784 2.297330 0.151416 10.392512 -0.293462 0.320695 3.678953
1 inf -8.661453 -0.964012 -0.366551 -2.211145 -1.449688 3.371529 0.243832 2.605531 0.107013 0.526128 2.301962 0.156009 10.370107 -0.258302 0.346193 3.635524
1 inf -8.666887 -0.983757 -0.370733 -2.235116 -1.447314 3.379831 0.197264 2.586091 0.113391 0.523643 2.296047 0.179241 10.328005 -0.277668 0.350669 3.644830
1 inf -8.672984 -0.977515 -0.389670 -2.239998 -1.477461 3.400218 0.126125 2.598010 0.134405 0.541848 2.247014 0.190548 10.343190 -0.268217 0.324756 3.681870
1 inf -8.680652 -0.912766 -0.413106 -2.265470 -1.474299 3.416852 0.129847 2.638066 0.101671 0.555285 2.253546 0.171344 10.330795 -0.278776 0.349481 3.648300
1 inf -8.716782 -0.915364 -0.397329 -2.258321 -1.491379 3.440508 0.134161 2.629334 0.099917 0.568650 2.226633 0.186959 10.332724 -0.268817 0.349143 3.638599
1 inf -8.746558 -0.918899 -0.416600 -2.270196 -1.489727 3.454990 0.160054 2.636644 0.080990 0.557520 2.233902 0.210145 10.329277 -0.235322 0.349974 3.646636
1 inf -8.758764 -0.943377 -0.434642 -2.287996 -1.488128 3.455044 0.150417 2.593588 0.054170 0.537594 2.246048 0.217338 10.365806 -0.215577 0.343445 3.651314
1 inf -8.721104 -0.978660 -0.397886 -2.315340 -1.471113 3.445701 0.140148 2.609925 0.006630 0.579952 2.228992 0.179403 10.368041 -0.255440 0.321574 3.662304
1 inf -8.695724 -0.983794 -0.404425 -2.333967 -1.479464 3.424212 0.134775 2.621120 0.002139 0.577522 2.223472 0.169630 10.334187 -0.218986 0.300587 3.650844
1 inf -8.687340 -0.976686 -0.353869 -2.352298 -1.456839 3.429150 0.143154 2.646404 -0.042474 0.588353 2.206494 0.148129 10.303249 -0.205528 0.302312 3.637803
1 inf -8.686288 -0.989107 -0.349189 -2.321091 -1.425239 3.468317 0.120298 2.652540 -0.023878 0.565366 2.198952 0.135833 10.268975 -0.197175 0.300444 3.634036
1 inf -8.682978 -0.992962 -0.328505 -2.351757 -1.417303 3.472333 0.102035 2.670928 -0.042895 0.570626 2.184321 0.120678 10.238124 -0.202211 0.302357 3.669574
1 inf -8.676753 -0.966652 -0.287108 -2.348755 -1.437585 3.475208 0.107209 2.655782 -0.057743 0.582250 2.197049 0.119570 10.218751 -0.206202 0.351360 3.705290
1 inf -8.689442 -0.965342 -0.298598 -2.322581 -1.440262 3.471770 0.068443 2.634984 -0.113210 0.574894 2.184358 0.138184 10.215209 -0.220652 0.303119 3.685183
1 inf -8.674801 -0.939109 -0.288364 -2.332001 -1.434955 3.424070 0.122813 2.618734 -0.121031 0.583831 2.208175 0.138863 10.195499 -0.201714 0.299353 3.666950
1 inf -8.669303 -0.955135 -0.274779 -2.322051 -1.420895 3.383931 0.138874 2.609371 -0.096906 0.571279 2.213810 0.168469 10.176045 -0.213260 0.322713 3.680412
1 inf -8.671470 -0.945552 -0.283770 -2.351773 -1.421756 3.404453 0.158404 2.618590 -0.093312 0.568055 2.216981 0.173642 10.195554 -0.186406 0.344100 3.667052
1 inf -8.680522 -0.950255 -0.295993 -2.344132 -1.431801 3.431840 0.159040 2.651352 -0.085419 0.576991 2.248109 0.155024 10.222842 -0.195814 0.286782 3.657677
1 inf -8.691972 -0.925025 -0.264415 -2.389768 -1.411776 3.447680 0.181867 2.600669 -0.077776 0.561963 2.264643 0.157956 10.241917 -0.226940 0.294318 3.697850
1 inf -8.710148 -0.906012 -0.271116 -2.356294 -1.441423 3.471158 0.199657 2.645574 -0.027790 0.550250 2.311862 0.162600 10.220537 -0.220731 0.288491 3.683035
1 170.0984 -8.719331 -0.917383 -0.309853 -2.344211 -1.469979 3.467441 0.212283 2.649523 -0.023742 0.525266 2.300849 0.127739 10.247555 -0.222162 0.348276 3.687092
1 168.454 -8.666495 -0.916777 -0.270368 -2.376913 -1.462849 3.463684 0.206514 2.643779 -0.024359 0.533417 2.320471 0.136498 10.250743 -0.222949 0.344697 3.668158
1 168.454 -8.666495 -0.916777 -0.270368 -2.376913 -1.462849 3.463684 0.206514 2.643779 -0.024359 0.533417 2.320471 0.136498 10.250743 -0.222949 0.344697 3.668158
1 154.31841 -8.653375 -0.938156 -0.290869 -2.349573 -1.486845 3.461017 0.210533 2.692218 -0.015469 0.524773 2.325760 0.131009 10.266216 -0.211253 0.312675 3.651645
1 150.43372 -8.636736 -0.949996 -0.311191 -2.335056 -1.499751 3.442524 0.217275 2.702316 -0.018630 0.512404 2.314892 0.137180 10.257326 -0.168086 0.309088 3.686516
1 145.99972 -8.608715 -0.904341 -0.258247 -2.364725 -1.498377 3.434182 0.269299 2.718313 -0.041190 0.543057 2.311204 0.129319 10.269344 -0.203977 0.300184 3.680727
1 144.60246 -8.640896 -0.918462 -0.262869 -2.363959 -1.505342 3.434571 0.294664 2.694689 -0.033116 0.551216 2.297682 0.078418 10.273896 -0.210327 0.301764 3.704901
1 144.60246 -8.640896 -0.918462 -0.262869 -2.363959 -1.505342 3.434571 0.294664 2.694689 -0.033116 0.551216 2.297682 0.078418 10.273896 -0.210327 0.301764 3.704901
1 126.90887 -8.650139 -0.919449 -0.296967 -2.360829 -1.498864 3.461070 0.324388 2.743240 -0.012880 0.562847 2.274697 0.085447 10.221159 -0.196589 0.284646 3.721284
1 119.82249 -8.638531 -0.927974 -0.351716 -2.348565 -1.473487 3.441446 0.330945 2.751593 0.005925 0.549313 2.265749 0.092090 10.198832 -0.183789 0.311515 3.750780
1 118.2654 -8.662974 -0.913718 -0.372456 -2.360580 -1.453600 3.464377 0.315832 2.757259 0.017359 0.539588 2.284377 0.120791 10.185646 -0.194989 0.303959 3.782842
1 109.84789 -8.694547 -0.912993 -0.340157 -2.398254 -1.445884 3.438547 0.351677 2.797118 0.025851 0.506966 2.290514 0.132626 10.211443 -0.162569 0.283976 3.776444
1 109.84789 -8.694547 -0.912993 -0.340157 -2.398254 -1.445884 3.438547 0.351677 2.797118 0.025851 0.506966 2.290514 0.132626 10.211443 -0.162569 0.283976 3.776444
1 109.84789 -8.694547 -0.912993 -0.340157 -2.398254 -1.445884 3.438547 0.351677 2.797118 0.025851 0.506966 2.290514 0.132626 10.211443 -0.162569 0.283976 3.776444
1 107.68277 -8.686477 -0.927077 -0.358011 -2.413475 -1.459473 3.403631 0.327415 2.847141 0.024155 0.488234 2.296826 0.125476 10.222311 -0.150362 0.285542 3.789241
1 107.68277 -8.686477 -0.927077 -0.358011 -2.413475 -1.459473 3.403631 0.327415 2.847141 0.024155 0.488234 2.296826 0.125476 10.222311 -0.150362 0.285542 3.789241
1 107.68277 -8.686477 -0.927077 -0.358011 -2.413475 -1.459473 3.403631 0.327415 2.847141 0.024155 0.488234 2.296826 0.125476 10.222311 -0.150362 0.285542 3.789241
1 107.56355 -8.665546 -0.938308 -0.341882 -2.386926 -1.458137 3.394502 0.329738 2.829357 0.036701 0.511678 2.287749 0.125055 10.259688 -0.133180 0.302898 3.773773
1 107.56355 -8.665546 -0.938308 -0.341882 -2.386926 -1.458137 3.394502 0.329738 2.829357 0.036701 0.511678 2.287749 0.125055 10.259688 -0.133180 0.302898 3.773773
1 106.40358 -8.645967 -0.932765 -0.332974 -2.397345 -1.446843 3.397153 0.332860 2.815983 0.037112 0.483493 2.311028 0.136683 10.277831 -0.135171 0.265439 3.806707
1 106.40358 -8.645967 -0.932765 -0.332974 -2.397345 -1.446843 3.397153 0.332860 2.815983 0.037112 0.483493 2.311028 0.136683 10.277831 -0.135171 0.265439 3.806707
1 107.16679 -8.650643 -0.925249 -0.342614 -2.413618 -1.455993 3.404898 0.318983 2.810065 0.043305 0.461631 2.280261 0.114538 10.276379 -0.101568 0.286465 3.781774
1 104.11308 -8.671374 -0.941534 -0.343650 -2.427376 -1.470741 3.446711 0.299242 2.795885 0.078497 0.476601 2.315755 0.101185 10.262643 -0.119969 0.321017 3.775304
1 104.11308 -8.671374 -0.941534 -0.343650 -2.427376 -1.470741 3.446711 0.299242 2.795885 0.078497 0.476601 2.315755 0.101185 10.262643 -0.119969 0.321017 3.775304
1 101.9847 -8.667344 -0.956273 -0.366455 -2.444317 -1.494751 3.409775 0.289481 2.793220 0.096311 0.467304 2.305594 0.090307 10.236909 -0.091796 0.313370 3.794734
1 101.9847 -8.667344 -0.956273 -0.366455 -2.444317 -1.494751 3.409775 0.289481 2.793220 0.096311 0.467304 2.305594 0.090307 10.236909 -0.091796 0.313370 3.794734
1 99.674881 -8.662077 -0.958577 -0.340714 -2.465717 -1.528696 3.435624 0.313612 2.789978 0.097356 0.482974 2.294298 0.095294 10.246551 -0.102991 0.294124 3.795755
1 99.042245 -8.665020 -0.938668 -0.335996 -2.478256 -1.507549 3.462457 0.319461 2.779389 0.091747 0.444011 2.302359 0.090595 10.226965 -0.117625 0.286169 3.812096
1 97.448858 -8.687035 -0.917420 -0.348072 -2.469401 -1.512809 3.450914 0.356244 2.806853 0.087989 0.420934 2.302607 0.089019 10.212028 -0.107203 0.290544 3.832136
1 97.448858 -8.687035 -0.917420 -0.348072 -2.469401 -1.512809 3.450914 0.356244 2.806853 0.087989 0.420934 2.302607 0.089019 10.212028 -0.107203 0.290544 3.832136
1 97.448858 -8.687035 -0.917420 -0.348072 -2.469401 -1.512809 3.450914 0.356244 2.806853 0.087989 0.420934 2.302607 0.089019 10.212028 -0.107203 0.290544 3.832136
1 97.448858 -8.687035 -0.917420 -0.348072 -2.469401 -1.512809 3.450914 0.356244 2.806853 0.087989 0.420934 2.302607 0.089019 10.212028 -0.107203 0.290544 3.832136
1 97.448858 -8.687035 -0.917420 -0.348072 -2.469401 -1.512809 3.450914 0.356244 2.806853 0.087989 0.420934 2.302607 0.089019 10.212028 -0.107203 0.290544 3.832136
1 97.448858 -8.687035 -0.917420 -0.348072 -2.469401 -1.512809 3.450914 0.356244 2.806853 0.087989 0.420934 2.302607 0.089019 10.212028 -0.107203 0.290544 3.832136
1 97.652389 -8.709119 -0.939329 -0.323987 -2.487019 -1.542601 3.442418 0.363499 2.794969 0.086351 0.441767 2.303531 0.088696 10.192480 -0.096724 0.295388 3.850209
1 96.895034 -8.726702 -0.928909 -0.340314 -2.524918 -1.559912 3.465373 0.397119 2.807717 0.078844 0.435068 2.287137 0.080162 10.146182 -0.091230 0.290285 3.878587
1 96.895034 -8.726702 -0.928909 -0.340314 -2.524918 -1.559912 3.465373 0.397119 2.807717 0.078844 0.435068 2.287137 0.080162 10.146182 -0.091230 0.290285 3.878587
1 96.895034 -8.726702 -0.928909 -0.340314 -2.524918 -1.559912 3.465373 0.397119 2.807717 0.078844 0.435068 2.287137 0.080162 10.146182 -0.091230 0.290285 3.878587
1 96.895034 -8.726702 -0.928909 -0.340314 -2.524918 -1.559912 3.465373 0.397119 2.807717 0.078844 0.435068 2.287137 0.080162 10.146182 -0.091230 0.290285 3.878587
1 96.895034 -8.726702 -0.928909 -0.340314 -2.524918 -1.559912 3.465373 0.397119 2.807717 0.078844 0.435068 2.287137 0.080162 10.146182 -0.091230 0.290285 3.878587
1 96.891849 -8.715415 -0.930224 -0.343786 -2.513046 -1.545651 3.461483 0.399457 2.806635 0.079926 0.410416 2.318419 0.084056 10.153329 -0.090450 0.290328 3.895015
1 96.891849 -8.715415 -0.930224 -0.343786 -2.513046 -1.545651 3.461483 0.399457 2.806635 0.079926 0.410416 2.318419 0.084056 10.153329 -0.090450 0.290328 3.895015
1 96.891849 -8.715415 -0.930224 -0.343786 -2.513046 -1.545651 3.461483 0.399457 2.806635 0.079926 0.410416 2.318419 0.084056 10.153329 -0.090450 0.290328 3.895015
1 96.891849 -8.715415 -0.930224 -0.343786 -2.513046 -1.545651 3.461483 0.399457 2.806635 0.079926 0.410416 2.318419 0.084056 10.153329 -0.090450 0.290328 3.895015
1 96.891849 -8.715415 -0.930224 -0.343786 -2.513046 -1.545651 3.461483 0.399457 2.806635 0.079926 0.410416 2.318419 0.084056 10.153329 -0.090450 0.290328 3.895015
1 96.891849 -8.715415 -0.930224 -0.343786 -2.513046 -1.545651 3.461483 0.399457 2.806635 0.079926 0.410416 2.318419 0.084056 10.153329 -0.090450 0.290328 3.895015
1 96.891849 -8.715415 -0.930224 -0.343786 -2.513046 -1.545651 3.461483 0.399457 2.806635 0.079926 0.410416 2.318419 0.084056 10.153329 -0.090450 0.290328 3.895015
1 96.891849 -8.715415 -0.930224 -0.343786 -2.513046 -1.545651 3.461483 0.399457 2.806635 0.079926 0.410416 2.318419 0.084056 10.153329 -0.090450 0.290328 3.895015
1 96.891849 -8.715415 -0.930224 -0.343786 -2.513046 -1.545651 3.461483 0.399457 2.806635 0.079926 0.410416 2.318419 0.084056 10.153329 -0.090450 0.290328 3.895015
1 95.968902 -8.731119 -0.896996 -0.334584 -2.498995 -1.539946 3.458465 0.409327 2.791420 0.086847 0.426802 2.330829 0.034243 10.121169 -0.091091 0.292211 3.929575
1 95.968902 -8.731119 -0.896996 -0.334584 -2.498995 -1.539946 3.458465 0.409327 2.791420 0.086847 0.426802 2.330829 0.034243 10.121169 -0.091091 0.292211 3.929575
1 95.968902 -8.731119 -0.896996 -0.334584 -2.498995 -1.539946 3.458465 0.409327 2.791420 0.086847 0.426802 2.330829 0.034243 10.121169 -0.091091 0.292211 3.929575
1 95.968902 -8.731119 -0.896996 -0.334584 -2.498995 -1.539946 3.458465 0.409327 2.791420 0.086847 0.426802 2.330829 0.034243 10.121169 -0.091091 0.292211 3.929575
1 95.968902 -8.731119 -0.896996 -0.334584 -2.498995 -1.539946 3.458465 0.409327 2.791420 0.086847 0.426802 2.330829 0.034243 10.121169 -0.091091 0.292211 3.929575
1 95.968902 -8.731119 -0.896996 -0.334584 -2.498995 -1.539946 3.458465 0.409327 2.791420 0.086847 0.426802 2.330829 0.034243 10.121169 -0.091091 0.292211 3.929575
1 95.968902 -8.731119 -0.896996 -0.334584 -2.498995 -1.539946 3.458465 0.409327 2.791420 0.086847 0.426802 2.330829 0.034243 10.121169 -0.091091 0.292211 3.929575
1 95.968902 -8.731119 -0.896996 -0.334584 -2.498995 -1.539946 3.458465 0.409327 2.791420 0.086847 0.426802 2.330829 0.034243 10.121169 -0.091091 0.292211 3.929575
1 95.968902 -8.731119 -0.896996 -0.334584 -2.498995 -1.539946 3.458465 0.409327 2.791420 0.086847 0.426802 2.330829 0.034243 10.121169 -0.091091 0.292211 3.929575
1 95.968902 -8.731119 -0.896996 -0.334584 -2.498995 -1.539946 3.458465 0.409327 2.791420 0.086847 0.426802 2.330829 0.034243 10.121169 -0.091091 0.292211 3.929575
1 95.968902 -8.731119 -0.896996 -0.334584 -2.498995 -1.539946 3.458465 0.409327 2.791420 0.086847 0.426802 2.330829 0.034243 10.121169 -0.091091 0.292211 3.929575
1 95.968902 -8.731119 -0.896996 -0.334584 -2.498995 -1.539946 3.458465 0.409327 2.791420 0.086847 0.426802 2.330829 0.034243 10.121169 -0.091091 0.292211 3.929575
1 95.968902 -8.731119 -0.896996 -0.334584 -2.498995 -1.539946 3.458465 0.409327 2.791420 0.086847 0.426802 2.330829 0.034243 10.121169 -0.091091 0.292211 3.929575
1 95.968902 -8.731119 -0.896996 -0.334584 -2.498995 -1.539946 3.458465 0.409327 2.791420 0.086847 0.426802 2.330829 0.034243 10.121169 -0.091091 0.292211 3.929575
1 96.024956 -8.716264 -0.902229 -0.351371 -2.527810 -1.527076 3.470101 0.413201 2.806475 0.108077 0.438156 2.362821 0.067524 10.139974 -0.065042 0.298104 3.941871
1 96.024956 -8.716264 -0.902229 -0.351371 -2.527810 -1.527076 3.470101 0.413201 2.806475 0.108077 0.438156 2.362821 0.067524 10.139974 -0.065042 0.298104 3.941871
1 96.024956 -8.716264 -0.902229 -0.351371 -2.527810 -1.527076 3.470101 0.413201 2.806475 0.108077 0.438156 2.362821 0.067524 10.139974 -0.065042 0.298104 3.941871
1 96.024956 -8.716264 -0.902229 -0.351371 -2.527810 -1.527076 3.470101 0.413201 2.806475 0.108077 0.438156 2.362821 0.067524 10.139974 -0.065042 0.298104 3.941871
1 96.024956 -8.716264 -0.902229 -0.351371 -2.527810 -1.527076 3.470101 0.413201 2.806475 0.108077 0.438156 2.362821 0.067524 10.139974 -0.065042 0.298104 3.941871
1 96.024956 -8.716264 -0.902229 -0.351371 -2.527810 -1.527076 3.470101 0.413201 2.806475 0.108077 0.438156 2.362821 0.067524 10.139974 -0.065042 0.298104 3.941871
1 96.024956 -8.716264 -0.902229 -0.351371 -2.527810 -1.527076 3.470101 0.413201 2.806475 0.108077 0.438156 2.362821 0.067524 10.139974 -0.065042 0.298104 3.941871
1 96.024956 -8.716264 -0.902229 -0.351371 -2.527810 -1.527076 3.470101 0.413201 2.806475 0.108077 0.438156 2.362821 0.067524 10.139974 -0.065042 0.298104 3.941871
1 96.024956 -8.716264 -0.902229 -0.351371 -2.527810 -1.527076 3.470101 0.413201 2.806475 0.108077 0.438156 2.362821 0.067524 10.139974 -0.065042 0.298104 3.941871
1 96.024956 -8.716264 -0.902229 -0.351371 -2.527810 -1.527076 3.470101 0.413201 2.806475 0.108077 0.438156 2.362821 0.067524 10.139974 -0.065042 0.298104 3.941871
1 96.024956 -8.716264 -0.902229 -0.351371 -2.527810 -1.527076 3.470101 0.413201 2.806475 0.108077 0.438156 2.362821 0.067524 10.139974 -0.065042 0.298104 3.941871
1 96.024956 -8.716264 -0.902229 -0.351371 -2.527810 -1.527076 3.470101 0.413201 2.806475 0.108077 0.438156 2.362821 0.067524 10.139974 -0.065042 0.298104 3.941871
1 96.024956 -8.716264 -0.902229 -0.351371 -2.527810 -1.527076 3.470101 0.413201 2.806475 0.108077 0.438156 2.362821 0.067524 10.139974 -0.065042 0.298104 3.941871
1 96.024956 -8.716264 -0.902229 -0.351371 -2.527810 -1.527076 3.470101 0.413201 2.806475 0.108077 0.438156 2.362821 0.067524 10.139974 -0.065042 0.298104 3.941871
1 96.024956 -8.716264 -0.902229 -0.351371 -2.527810 -1.527076 3.470101 0.413201 2.806475 0.108077 0.438156 2.362821 0.067524 10.139974 -0.065042 0.298104 3.941871
