1 143.91725 -8.693077 -0.967121 -0.271427 -2.252582 -1.402744 3.396097 0.202124 2.587817 0.168295 0.576894 2.333226 0.207499 10.439834 -0.743407 -0.291669 0.221017 3.656096
1 143.91725 -8.693077 -0.967121 -0.271427 -2.252582 -1.402744 3.396097 0.202124 2.587817 0.168295 0.576894 2.333226 0.207499 10.439834 -0.743407 -0.291669 0.221017 3.656096
1 143.91725 -8.693077 -0.967121 -0.271427 -2.252582 -1.402744 3.396097 0.202124 2.587817 0.168295 0.576894 2.333226 0.207499 10.439834 -0.743407 -0.291669 0.221017 3.656096
1 143.91725 -8.693077 -0.967121 -0.271427 -2.252582 -1.402744 3.396097 0.202124 2.587817 0.168295 0.576894 2.333226 0.207499 10.439834 -0.743407 -0.291669 0.221017 3.656096
1 143.91725 -8.693077 -0.967121 -0.271427 -2.252582 -1.402744 3.396097 0.202124 2.587817 0.168295 0.576894 2.333226 0.207499 10.439834 -0.743407 -0.291669 0.221017 3.656096
1 143.91725 -8.693077 -0.967121 -0.271427 -2.252582 -1.402744 3.396097 0.202124 2.587817 0.168295 0.576894 2.333226 0.207499 10.439834 -0.743407 -0.291669 0.221017 3.656096
1 143.91725 -8.693077 -0.967121 -0.271427 -2.252582 -1.402744 3.396097 0.202124 2.587817 0.168295 0.576894 2.333226 0.207499 10.439834 -0.743407 -0.291669 0.221017 3.656096
1 143.91725 -8.693077 -0.967121 -0.271427 -2.252582 -1.402744 3.396097 0.202124 2.587817 0.168295 0.576894 2.333226 0.207499 10.439834 -0.743407 -0.291669 0.221017 3.656096
1 143.91725 -8.693077 -0.967121 -0.271427 -2.252582 -1.402744 3.396097 0.202124 2.587817 0.168295 0.576894 2.333226 0.207499 10.439834 -0.743407 -0.291669 0.221017 3.656096
1 144.05488 -8.707962 -0.968199 -0.286493 -2.193476 -1.419970 3.416993 0.137324 2.586603 0.190714 0.541089 2.313424 0.191148 10.412419 -0.766285 -0.259965 0.255409 3.644403
1 144.05488 -8.707962 -0.968199 -0.286493 -2.193476 -1.419970 3.416993 0.137324 2.586603 0.190714 0.541089 2.313424 0.191148 10.412419 -0.766285 -0.259965 0.255409 3.644403
1 144.05488 -8.707962 -0.968199 -0.286493 -2.193476 -1.419970 3.416993 0.137324 2.586603 0.190714 0.541089 2.313424 0.191148 10.412419 -0.766285 -0.259965 0.255409 3.644403
1 144.05488 -8.707962 -0.968199 -0.286493 -2.193476 -1.419970 3.416993 0.137324 2.586603 0.190714 0.541089 2.313424 0.191148 10.412419 -0.766285 -0.259965 0.255409 3.644403
1 137.7006 -8.672666 -0.968618 -0.296825 -2.176610 -1.445956 3.475640 0.160245 2.597944 0.165489 0.561425 2.335841 0.176889 10.421013 -0.751168 -0.249273 0.225188 3.675233
1 137.7006 -8.672666 -0.968618 -0.296825 -2.176610 -1.445956 3.475640 0.160245 2.597944 0.165489 0.561425 2.335841 0.176889 10.421013 -0.751168 -0.249273 0.225188 3.675233
1 137.7006 -8.672666 -0.968618 -0.296825 -2.176610 -1.445956 3.475640 0.160245 2.597944 0.165489 0.561425 2.335841 0.176889 10.421013 -0.751168 -0.249273 0.225188 3.675233
1 137.7006 -8.672666 -0.968618 -0.296825 -2.176610 -1.445956 3.475640 0.160245 2.597944 0.165489 0.561425 2.335841 0.176889 10.421013 -0.751168 -0.249273 0.225188 3.675233
1 137.7006 -8.672666 -0.968618 -0.296825 -2.176610 -1.445956 3.475640 0.160245 2.597944 0.165489 0.561425 2.335841 0.176889 10.421013 -0.751168 -0.249273 0.225188 3.675233
1 137.7006 -8.672666 -0.968618 -0.296825 -2.176610 -1.445956 3.475640 0.160245 2.597944 0.165489 0.561425 2.335841 0.176889 10.421013 -0.751168 -0.249273 0.225188 3.675233
1 137.7006 -8.672666 -0.968618 -0.296825 -2.176610 -1.445956 3.475640 0.160245 2.597944 0.165489 0.561425 2.335841 0.176889 10.421013 -0.751168 -0.249273 0.225188 3.675233
1 137.7006 -8.672666 -0.968618 -0.296825 -2.176610 -1.445956 3.475640 0.160245 2.597944 0.165489 0.561425 2.335841 0.176889 10.421013 -0.751168 -0.249273 0.225188 3.675233
1 137.7006 -8.672666 -0.968618 -0.296825 -2.176610 -1.445956 3.475640 0.160245 2.597944 0.165489 0.561425 2.335841 0.176889 10.421013 -0.751168 -0.249273 0.225188 3.675233
1 137.7006 -8.672666 -0.968618 -0.296825 -2.176610 -1.445956 3.475640 0.160245 2.597944 0.165489 0.561425 2.335841 0.176889 10.421013 -0.751168 -0.249273 0.225188 3.675233
1 137.7006 -8.672666 -0.968618 -0.296825 -2.176610 -1.445956 3.475640 0.160245 2.597944 0.165489 0.561425 2.335841 0.176889 10.421013 -0.751168 -0.249273 0.225188 3.675233
1 137.7006 -8.672666 -0.968618 -0.296825 -2.176610 -1.445956 3.475640 0.160245 2.597944 0.165489 0.561425 2.335841 0.176889 10.421013 -0.751168 -0.249273 0.225188 3.675233
1 137.7006 -8.672666 -0.968618 -0.296825 -2.176610 -1.445956 3.475640 0.160245 2.597944 0.165489 0.561425 2.335841 0.176889 10.421013 -0.751168 -0.249273 0.225188 3.675233
1 137.7006 -8.672666 -0.968618 -0.296825 -2.176610 -1.445956 3.475640 0.160245 2.597944 0.165489 0.561425 2.335841 0.176889 10.421013 -0.751168 -0.249273 0.225188 3.675233
1 137.7006 -8.672666 -0.968618 -0.296825 -2.176610 -1.445956 3.475640 0.160245 2.597944 0.165489 0.561425 2.335841 0.176889 10.421013 -0.751168 -0.249273 0.225188 3.675233
1 137.7006 -8.672666 -0.968618 -0.296825 -2.176610 -1.445956 3.475640 0.160245 2.597944 0.165489 0.561425 2.335841 0.176889 10.421013 -0.751168 -0.249273 0.225188 3.675233
1 137.7006 -8.672666 -0.968618 -0.296825 -2.176610 -1.445956 3.475640 0.160245 2.597944 0.165489 0.561425 2.335841 0.176889 10.421013 -0.751168 -0.249273 0.225188 3.675233
1 136.9339 -8.712745 -0.990592 -0.266971 -2.191825 -1.472489 3.473117 0.145845 2.609103 0.147099 0.569456 2.344998 0.198543 10.437825 -0.737938 -0.232103 0.241575 3.678797
1 136.9339 -8.712745 -0.990592 -0.266971 -2.191825 -1.472489 3.473117 0.145845 2.609103 0.147099 0.569456 2.344998 0.198543 10.437825 -0.737938 -0.232103 0.241575 3.678797
1 136.9339 -8.712745 -0.990592 -0.266971 -2.191825 -1.472489 3.473117 0.145845 2.609103 0.147099 0.569456 2.344998 0.198543 10.437825 -0.737938 -0.232103 0.241575 3.678797
1 136.9339 -8.712745 -0.990592 -0.266971 -2.191825 -1.472489 3.473117 0.145845 2.609103 0.147099 0.569456 2.344998 0.198543 10.437825 -0.737938 -0.232103 0.241575 3.678797
1 134.63064 -8.700797 -0.999997 -0.254044 -2.181080 -1.487534 3.463911 0.180824 2.590608 0.154796 0.583463 2.322126 0.187006 10.422261 -0.780938 -0.231121 0.242149 3.664151
1 134.63064 -8.700797 -0.999997 -0.254044 -2.181080 -1.487534 3.463911 0.180824 2.590608 0.154796 0.583463 2.322126 0.187006 10.422261 -0.780938 -0.231121 0.242149 3.664151
1 134.63064 -8.700797 -0.999997 -0.254044 -2.181080 -1.487534 3.463911 0.180824 2.590608 0.154796 0.583463 2.322126 0.187006 10.422261 -0.780938 -0.231121 0.242149 3.664151
1 134.63064 -8.700797 -0.999997 -0.254044 -2.181080 -1.487534 3.463911 0.180824 2.590608 0.154796 0.583463 2.322126 0.187006 10.422261 -0.780938 -0.231121 0.242149 3.664151
1 134.63064 -8.700797 -0.999997 -0.254044 -2.181080 -1.487534 3.463911 0.180824 2.590608 0.154796 0.583463 2.322126 0.187006 10.422261 -0.780938 -0.231121 0.242149 3.664151
1 134.63064 -8.700797 -0.999997 -0.254044 -2.181080 -1.487534 3.463911 0.180824 2.590608 0.154796 0.583463 2.322126 0.187006 10.422261 -0.780938 -0.231121 0.242149 3.664151
1 134.63064 -8.700797 -0.999997 -0.254044 -2.181080 -1.487534 3.463911 0.180824 2.590608 0.154796 0.583463 2.322126 0.187006 10.422261 -0.780938 -0.231121 0.242149 3.664151
1 134.63064 -8.700797 -0.999997 -0.254044 -2.181080 -1.487534 3.463911 0.180824 2.590608 0.154796 0.583463 2.322126 0.187006 10.422261 -0.780938 -0.231121 0.242149 3.664151
1 134.63064 -8.700797 -0.999997 -0.254044 -2.181080 -1.487534 3.463911 0.180824 2.590608 0.154796 0.583463 2.322126 0.187006 10.422261 -0.780938 -0.231121 0.242149 3.664151
1 134.88318 -8.698643 -0.984757 -0.249458 -2.160420 -1.488614 3.468332 0.199797 2.550069 0.151614 0.567070 2.323534 0.182239 10.396235 -0.814475 -0.254314 0.267662 3.688093
1 134.88318 -8.698643 -0.984757 -0.249458 -2.160420 -1.488614 3.468332 0.199797 2.550069 0.151614 0.567070 2.323534 0.182239 10.396235 -0.814475 -0.254314 0.267662 3.688093
1 134.8549 -8.706983 -0.986783 -0.251435 -2.101476 -1.517918 3.471039 0.151357 2.568211 0.166790 0.533433 2.328226 0.180157 10.372887 -0.798132 -0.250608 0.230322 3.677727
1 134.8549 -8.706983 -0.986783 -0.251435 -2.101476 -1.517918 3.471039 0.151357 2.568211 0.166790 0.533433 2.328226 0.180157 10.372887 -0.798132 -0.250608 0.230322 3.677727
1 134.8549 -8.706983 -0.986783 -0.251435 -2.101476 -1.517918 3.471039 0.151357 2.568211 0.166790 0.533433 2.328226 0.180157 10.372887 -0.798132 -0.250608 0.230322 3.677727
1 134.8549 -8.706983 -0.986783 -0.251435 -2.101476 -1.517918 3.471039 0.151357 2.568211 0.166790 0.533433 2.328226 0.180157 10.372887 -0.798132 -0.250608 0.230322 3.677727
1 134.8549 -8.706983 -0.986783 -0.251435 -2.101476 -1.517918 3.471039 0.151357 2.568211 0.166790 0.533433 2.328226 0.180157 10.372887 -0.798132 -0.250608 0.230322 3.677727
1 134.8549 -8.706983 -0.986783 -0.251435 -2.101476 -1.517918 3.471039 0.151357 2.568211 0.166790 0.533433 2.328226 0.180157 10.372887 -0.798132 -0.250608 0.230322 3.677727
1 134.8549 -8.706983 -0.986783 -0.251435 -2.101476 -1.517918 3.471039 0.151357 2.568211 0.166790 0.533433 2.328226 0.180157 10.372887 -0.798132 -0.250608 0.230322 3.677727
1 134.8549 -8.706983 -0.986783 -0.251435 -2.101476 -1.517918 3.471039 0.151357 2.568211 0.166790 0.533433 2.328226 0.180157 10.372887 -0.798132 -0.250608 0.230322 3.677727
1 134.8549 -8.706983 -0.986783 -0.251435 -2.101476 -1.517918 3.471039 0.151357 2.568211 0.166790 0.533433 2.328226 0.180157 10.372887 -0.798132 -0.250608 0.230322 3.677727
1 134.8549 -8.706983 -0.986783 -0.251435 -2.101476 -1.517918 3.471039 0.151357 2.568211 0.166790 0.533433 2.328226 0.180157 10.372887 -0.798132 -0.250608 0.230322 3.677727
1 134.8549 -8.706983 -0.986783 -0.251435 -2.101476 -1.517918 3.471039 0.151357 2.568211 0.166790 0.533433 2.328226 0.180157 10.372887 -0.798132 -0.250608 0.230322 3.677727
1 134.8549 -8.706983 -0.986783 -0.251435 -2.101476 -1.517918 3.471039 0.151357 2.568211 0.166790 0.533433 2.328226 0.180157 10.372887 -0.798132 -0.250608 0.230322 3.677727
1 134.8549 -8.706983 -0.986783 -0.251435 -2.101476 -1.517918 3.471039 0.151357 2.568211 0.166790 0.533433 2.328226 0.180157 10.372887 -0.798132 -0.250608 0.230322 3.677727
1 134.8549 -8.706983 -0.986783 -0.251435 -2.101476 -1.517918 3.471039 0.151357 2.568211 0.166790 0.533433 2.328226 0.180157 10.372887 -0.798132 -0.250608 0.230322 3.677727
1 134.8549 -8.706983 -0.986783 -0.251435 -2.101476 -1.517918 3.471039 0.151357 2.568211 0.166790 0.533433 2.328226 0.180157 10.372887 -0.798132 -0.250608 0.230322 3.677727
1 134.8549 -8.706983 -0.986783 -0.251435 -2.101476 -1.517918 3.471039 0.151357 2.568211 0.166790 0.533433 2.328226 0.180157 10.372887 -0.798132 -0.250608 0.230322 3.677727
1 134.8549 -8.706983 -0.986783 -0.251435 -2.101476 -1.517918 3.471039 0.151357 2.568211 0.166790 0.533433 2.328226 0.180157 10.372887 -0.798132 -0.250608 0.230322 3.677727
1 134.8549 -8.706983 -0.986783 -0.251435 -2.101476 -1.517918 3.471039 0.151357 2.568211 0.166790 0.533433 2.328226 0.180157 10.372887 -0.798132 -0.250608 0.230322 3.677727
1 134.8549 -8.706983 -0.986783 -0.251435 -2.101476 -1.517918 3.471039 0.151357 2.568211 0.166790 0.533433 2.328226 0.180157 10.372887 -0.798132 -0.250608 0.230322 3.677727
1 134.8549 -8.706983 -0.986783 -0.251435 -2.101476 -1.517918 3.471039 0.151357 2.568211 0.166790 0.533433 2.328226 0.180157 10.372887 -0.798132 -0.250608 0.230322 3.677727
1 134.8549 -8.706983 -0.986783 -0.251435 -2.101476 -1.517918 3.471039 0.151357 2.568211 0.166790 0.533433 2.328226 0.180157 10.372887 -0.798132 -0.250608 0.230322 3.677727
1 134.8549 -8.706983 -0.986783 -0.251435 -2.101476 -1.517918 3.471039 0.151357 2.568211 0.166790 0.533433 2.328226 0.180157 10.372887 -0.798132 -0.250608 0.230322 3.677727
1 134.8549 -8.706983 -0.986783 -0.251435 -2.101476 -1.517918 3.471039 0.151357 2.568211 0.166790 0.533433 2.328226 0.180157 10.372887 -0.798132 -0.250608 0.230322 3.677727
1 134.8549 -8.706983 -0.986783 -0.251435 -2.101476 -1.517918 3.471039 0.151357 2.568211 0.166790 0.533433 2.328226 0.180157 10.372887 -0.798132 -0.250608 0.230322 3.677727
1 134.8549 -8.706983 -0.986783 -0.251435 -2.101476 -1.517918 3.471039 0.151357 2.568211 0.166790 0.533433 2.328226 0.180157 10.372887 -0.798132 -0.250608 0.230322 3.677727
1 134.8549 -8.706983 -0.986783 -0.251435 -2.101476 -1.517918 3.471039 0.151357 2.568211 0.166790 0.533433 2.328226 0.180157 10.372887 -0.798132 -0.250608 0.230322 3.677727
1 134.8549 -8.706983 -0.986783 -0.251435 -2.101476 -1.517918 3.471039 0.151357 2.568211 0.166790 0.533433 2.328226 0.180157 10.372887 -0.798132 -0.250608 0.230322 3.677727
1 134.8549 -8.706983 -0.986783 -0.251435 -2.101476 -1.517918 3.471039 0.151357 2.568211 0.166790 0.533433 2.328226 0.180157 10.372887 -0.798132 -0.250608 0.230322 3.677727
1 134.8549 -8.706983 -0.986783 -0.251435 -2.101476 -1.517918 3.471039 0.151357 2.568211 0.166790 0.533433 2.328226 0.180157 10.372887 -0.798132 -0.250608 0.230322 3.677727
1 134.8549 -8.706983 -0.986783 -0.251435 -2.101476 -1.517918 3.471039 0.151357 2.568211 0.166790 0.533433 2.328226 0.180157 10.372887 -0.798132 -0.250608 0.230322 3.677727
1 134.8549 -8.706983 -0.986783 -0.251435 -2.101476 -1.517918 3.471039 0.151357 2.568211 0.166790 0.533433 2.328226 0.180157 10.372887 -0.798132 -0.250608 0.230322 3.677727
1 134.8549 -8.706983 -0.986783 -0.251435 -2.101476 -1.517918 3.471039 0.151357 2.568211 0.166790 0.533433 2.328226 0.180157 10.372887 -0.798132 -0.250608 0.230322 3.677727
1 134.8549 -8.706983 -0.986783 -0.251435 -2.101476 -1.517918 3.471039 0.151357 2.568211 0.166790 0.533433 2.328226 0.180157 10.372887 -0.798132 -0.250608 0.230322 3.677727
1 134.8549 -8.706983 -0.986783 -0.251435 -2.101476 -1.517918 3.471039 0.151357 2.568211 0.166790 0.533433 2.328226 0.180157 10.372887 -0.798132 -0.250608 0.230322 3.677727
1 134.8549 -8.706983 -0.986783 -0.251435 -2.101476 -1.517918 3.471039 0.151357 2.568211 0.166790 0.533433 2.328226 0.180157 10.372887 -0.798132 -0.250608 0.230322 3.677727
1 134.8549 -8.706983 -0.986783 -0.251435 -2.101476 -1.517918 3.471039 0.151357 2.568211 0.166790 0.533433 2.328226 0.180157 10.372887 -0.798132 -0.250608 0.230322 3.677727
1 134.8549 -8.706983 -0.986783 -0.251435 -2.101476 -1.517918 3.471039 0.151357 2.568211 0.166790 0.533433 2.328226 0.180157 10.372887 -0.798132 -0.250608 0.230322 3.677727
1 134.8549 -8.706983 -0.986783 -0.251435 -2.101476 -1.517918 3.471039 0.151357 2.568211 0.166790 0.533433 2.328226 0.180157 10.372887 -0.798132 -0.250608 0.230322 3.677727
1 134.8549 -8.706983 -0.986783 -0.251435 -2.101476 -1.517918 3.471039 0.151357 2.568211 0.166790 0.533433 2.328226 0.180157 10.372887 -0.798132 -0.250608 0.230322 3.677727
1 134.8549 -8.706983 -0.986783 -0.251435 -2.101476 -1.517918 3.471039 0.151357 2.568211 0.166790 0.533433 2.328226 0.180157 10.372887 -0.798132 -0.250608 0.230322 3.677727
1 134.8549 -8.706983 -0.986783 -0.251435 -2.101476 -1.517918 3.471039 0.151357 2.568211 0.166790 0.533433 2.328226 0.180157 10.372887 -0.798132 -0.250608 0.230322 3.677727
1 134.8549 -8.706983 -0.986783 -0.251435 -2.101476 -1.517918 3.471039 0.151357 2.568211 0.166790 0.533433 2.328226 0.180157 10.372887 -0.798132 -0.250608 0.230322 3.677727
1 134.8549 -8.706983 -0.986783 -0.251435 -2.101476 -1.517918 3.471039 0.151357 2.568211 0.166790 0.533433 2.328226 0.180157 10.372887 -0.798132 -0.250608 0.230322 3.677727
1 134.8549 -8.706983 -0.986783 -0.251435 -2.101476 -1.517918 3.471039 0.151357 2.568211 0.166790 0.533433 2.328226 0.180157 10.372887 -0.798132 -0.250608 0.230322 3.677727
1 134.8549 -8.706983 -0.986783 -0.251435 -2.101476 -1.517918 3.471039 0.151357 2.568211 0.166790 0.533433 2.328226 0.180157 10.372887 -0.798132 -0.250608 0.230322 3.677727
1 134.8549 -8.706983 -0.986783 -0.251435 -2.101476 -1.517918 3.471039 0.151357 2.568211 0.166790 0.533433 2.328226 0.180157 10.372887 -0.798132 -0.250608 0.230322 3.677727
1 134.8549 -8.706983 -0.986783 -0.251435 -2.101476 -1.517918 3.471039 0.151357 2.568211 0.166790 0.533433 2.328226 0.180157 10.372887 -0.798132 -0.250608 0.230322 3.677727
1 134.8549 -8.706983 -0.986783 -0.251435 -2.101476 -1.517918 3.471039 0.151357 2.568211 0.166790 0.533433 2.328226 0.180157 10.372887 -0.798132 -0.250608 0.230322 3.677727
1 134.8549 -8.706983 -0.986783 -0.251435 -2.101476 -1.517918 3.471039 0.151357 2.568211 0.166790 0.533433 2.328226 0.180157 10.372887 -0.798132 -0.250608 0.230322 3.677727
1 134.8549 -8.706983 -0.986783 -0.251435 -2.101476 -1.517918 3.471039 0.151357 2.568211 0.166790 0.533433 2.328226 0.180157 10.372887 -0.798132 -0.250608 0.230322 3.677727
1 134.8549 -8.706983 -0.986783 -0.251435 -2.101476 -1.517918 3.471039 0.151357 2.568211 0.166790 0.533433 2.328226 0.180157 10.372887 -0.798132 -0.250608 0.230322 3.677727
1 134.8549 -8.706983 -0.986783 -0.251435 -2.101476 -1.517918 3.471039 0.151357 2.568211 0.166790 0.533433 2.328226 0.180157 10.372887 -0.798132 -0.250608 0.230322 3.677727
1 134.8549 -8.706983 -0.986783 -0.251435 -2.101476 -1.517918 3.471039 0.151357 2.568211 0.166790 0.533433 2.328226 0.180157 10.372887 -0.798132 -0.250608 0.230322 3.677727
1 134.8549 -8.706983 -0.986783 -0.251435 -2.101476 -1.517918 3.471039 0.151357 2.568211 0.166790 0.533433 2.328226 0.180157 10.372887 -0.798132 -0.250608 0.230322 3.677727
1 134.8549 -8.706983 -0.986783 -0.251435 -2.101476 -1.517918 3.471039 0.151357 2.568211 0.166790 0.533433 2.328226 0.180157 10.372887 -0.798132 -0.250608 0.230322 3.677727
1 134.8549 -8.706983 -0.986783 -0.251435 -2.101476 -1.517918 3.471039 0.151357 2.568211 0.166790 0.533433 2.328226 0.180157 10.372887 -0.798132 -0.250608 0.230322 3.677727
1 134.8549 -8.706983 -0.986783 -0.251435 -2.101476 -1.517918 3.471039 0.151357 2.568211 0.166790 0.533433 2.328226 0.180157 10.372887 -0.798132 -0.250608 0.230322 3.677727
1 134.8549 -8.706983 -0.986783 -0.251435 -2.101476 -1.517918 3.471039 0.151357 2.568211 0.166790 0.533433 2.328226 0.180157 10.372887 -0.798132 -0.250608 0.230322 3.677727
1 134.8549 -8.706983 -0.986783 -0.251435 -2.101476 -1.517918 3.471039 0.151357 2.568211 0.166790 0.533433 2.328226 0.180157 10.372887 -0.798132 -0.250608 0.230322 3.677727
1 134.8549 -8.706983 -0.986783 -0.251435 -2.101476 -1.517918 3.471039 0.151357 2.568211 0.166790 0.533433 2.328226 0.180157 10.372887 -0.798132 -0.250608 0.230322 3.677727
1 134.8549 -8.706983 -0.986783 -0.251435 -2.101476 -1.517918 3.471039 0.151357 2.568211 0.166790 0.533433 2.328226 0.180157 10.372887 -0.798132 -0.250608 0.230322 3.677727
1 134.8549 -8.706983 -0.986783 -0.251435 -2.101476 -1.517918 3.471039 0.151357 2.568211 0.166790 0.533433 2.328226 0.180157 10.372887 -0.798132 -0.250608 0.230322 3.677727
1 134.8549 -8.706983 -0.986783 -0.251435 -2.101476 -1.517918 3.471039 0.151357 2.568211 0.166790 0.533433 2.328226 0.180157 10.372887 -0.798132 -0.250608 0.230322 3.677727
1 134.8549 -8.706983 -0.986783 -0.251435 -2.101476 -1.517918 3.471039 0.151357 2.568211 0.166790 0.533433 2.328226 0.180157 10.372887 -0.798132 -0.250608 0.230322 3.677727
1 134.8549 -8.706983 -0.986783 -0.251435 -2.101476 -1.517918 3.471039 0.151357 2.568211 0.166790 0.533433 2.328226 0.180157 10.372887 -0.798132 -0.250608 0.230322 3.677727
1 134.8549 -8.706983 -0.986783 -0.251435 -2.101476 -1.517918 3.471039 0.151357 2.568211 0.166790 0.533433 2.328226 0.180157 10.372887 -0.798132 -0.250608 0.230322 3.677727
1 134.8549 -8.706983 -0.986783 -0.251435 -2.101476 -1.517918 3.471039 0.151357 2.568211 0.166790 0.533433 2.328226 0.180157 10.372887 -0.798132 -0.250608 0.230322 3.677727
1 134.8549 -8.706983 -0.986783 -0.251435 -2.101476 -1.517918 3.471039 0.151357 2.568211 0.166790 0.533433 2.328226 0.180157 10.372887 -0.798132 -0.250608 0.230322 3.677727
1 134.8549 -8.706983 -0.986783 -0.251435 -2.101476 -1.517918 3.471039 0.151357 2.568211 0.166790 0.533433 2.328226 0.180157 10.372887 -0.798132 -0.250608 0.230322 3.677727
1 134.8549 -8.706983 -0.986783 -0.251435 -2.101476 -1.517918 3.471039 0.151357 2.568211 0.166790 0.533433 2.328226 0.180157 10.372887 -0.798132 -0.250608 0.230322 3.677727
1 134.8549 -8.706983 -0.986783 -0.251435 -2.101476 -1.517918 3.471039 0.151357 2.568211 0.166790 0.533433 2.328226 0.180157 10.372887 -0.798132 -0.250608 0.230322 3.677727
1 134.8549 -8.706983 -0.986783 -0.251435 -2.101476 -1.517918 3.471039 0.151357 2.568211 0.166790 0.533433 2.328226 0.180157 10.372887 -0.798132 -0.250608 0.230322 3.677727
1 134.8549 -8.706983 -0.986783 -0.251435 -2.101476 -1.517918 3.471039 0.151357 2.568211 0.166790 0.533433 2.328226 0.180157 10.372887 -0.798132 -0.250608 0.230322 3.677727
1 134.8549 -8.706983 -0.986783 -0.251435 -2.101476 -1.517918 3.471039 0.151357 2.568211 0.166790 0.533433 2.328226 0.180157 10.372887 -0.798132 -0.250608 0.230322 3.677727
1 134.8549 -8.706983 -0.986783 -0.251435 -2.101476 -1.517918 3.471039 0.151357 2.568211 0.166790 0.533433 2.328226 0.180157 10.372887 -0.798132 -0.250608 0.230322 3.677727
1 134.8549 -8.706983 -0.986783 -0.251435 -2.101476 -1.517918 3.471039 0.151357 2.568211 0.166790 0.533433 2.328226 0.180157 10.372887 -0.798132 -0.250608 0.230322 3.677727
1 134.8549 -8.706983 -0.986783 -0.251435 -2.101476 -1.517918 3.471039 0.151357 2.568211 0.166790 0.533433 2.328226 0.180157 10.372887 -0.798132 -0.250608 0.230322 3.677727
1 134.8549 -8.706983 -0.986783 -0.251435 -2.101476 -1.517918 3.471039 0.151357 2.568211 0.166790 0.533433 2.328226 0.180157 10.372887 -0.798132 -0.250608 0.230322 3.677727
1 134.8549 -8.706983 -0.986783 -0.251435 -2.101476 -1.517918 3.471039 0.151357 2.568211 0.166790 0.533433 2.328226 0.180157 10.372887 -0.798132 -0.250608 0.230322 3.677727
1 134.8549 -8.706983 -0.986783 -0.251435 -2.101476 -1.517918 3.471039 0.151357 2.568211 0.166790 0.533433 2.328226 0.180157 10.372887 -0.798132 -0.250608 0.230322 3.677727
1 134.8549 -8.706983 -0.986783 -0.251435 -2.101476 -1.517918 3.471039 0.151357 2.568211 0.166790 0.533433 2.328226 0.180157 10.372887 -0.798132 -0.250608 0.230322 3.677727
1 134.8549 -8.706983 -0.986783 -0.251435 -2.101476 -1.517918 3.471039 0.151357 2.568211 0.166790 0.533433 2.328226 0.180157 10.372887 -0.798132 -0.250608 0.230322 3.677727
1 134.8549 -8.706983 -0.986783 -0.251435 -2.101476 -1.517918 3.471039 0.151357 2.568211 0.166790 0.533433 2.328226 0.180157 10.372887 -0.798132 -0.250608 0.230322 3.677727
1 134.8549 -8.706983 -0.986783 -0.251435 -2.101476 -1.517918 3.471039 0.151357 2.568211 0.166790 0.533433 2.328226 0.180157 10.372887 -0.798132 -0.250608 0.230322 3.677727
1 134.8549 -8.706983 -0.986783 -0.251435 -2.101476 -1.517918 3.471039 0.151357 2.568211 0.166790 0.533433 2.328226 0.180157 10.372887 -0.798132 -0.250608 0.230322 3.677727
1 134.8549 -8.706983 -0.986783 -0.251435 -2.101476 -1.517918 3.471039 0.151357 2.568211 0.166790 0.533433 2.328226 0.180157 10.372887 -0.798132 -0.250608 0.230322 3.677727
1 134.8549 -8.706983 -0.986783 -0.251435 -2.101476 -1.517918 3.471039 0.151357 2.568211 0.166790 0.533433 2.328226 0.180157 10.372887 -0.798132 -0.250608 0.230322 3.677727
1 134.8549 -8.706983 -0.986783 -0.251435 -2.101476 -1.517918 3.471039 0.151357 2.568211 0.166790 0.533433 2.328226 0.180157 10.372887 -0.798132 -0.250608 0.230322 3.677727
1 134.8549 -8.706983 -0.986783 -0.251435 -2.101476 -1.517918 3.471039 0.151357 2.568211 0.166790 0.533433 2.328226 0.180157 10.372887 -0.798132 -0.250608 0.230322 3.677727
1 134.8549 -8.706983 -0.986783 -0.251435 -2.101476 -1.517918 3.471039 0.151357 2.568211 0.166790 0.533433 2.328226 0.180157 10.372887 -0.798132 -0.250608 0.230322 3.677727
1 134.8549 -8.706983 -0.986783 -0.251435 -2.101476 -1.517918 3.471039 0.151357 2.568211 0.166790 0.533433 2.328226 0.180157 10.372887 -0.798132 -0.250608 0.230322 3.677727
1 134.8549 -8.706983 -0.986783 -0.251435 -2.101476 -1.517918 3.471039 0.151357 2.568211 0.166790 0.533433 2.328226 0.180157 10.372887 -0.798132 -0.250608 0.230322 3.677727
1 134.8549 -8.706983 -0.986783 -0.251435 -2.101476 -1.517918 3.471039 0.151357 2.568211 0.166790 0.533433 2.328226 0.180157 10.372887 -0.798132 -0.250608 0.230322 3.677727
1 134.8549 -8.706983 -0.986783 -0.251435 -2.101476 -1.517918 3.471039 0.151357 2.568211 0.166790 0.533433 2.328226 0.180157 10.372887 -0.798132 -0.250608 0.230322 3.677727
1 134.8549 -8.706983 -0.986783 -0.251435 -2.101476 -1.517918 3.471039 0.151357 2.568211 0.166790 0.533433 2.328226 0.180157 10.372887 -0.798132 -0.250608 0.230322 3.677727
1 134.8549 -8.706983 -0.986783 -0.251435 -2.101476 -1.517918 3.471039 0.151357 2.568211 0.166790 0.533433 2.328226 0.180157 10.372887 -0.798132 -0.250608 0.230322 3.677727
1 134.8549 -8.706983 -0.986783 -0.251435 -2.101476 -1.517918 3.471039 0.151357 2.568211 0.166790 0.533433 2.328226 0.180157 10.372887 -0.798132 -0.250608 0.230322 3.677727
1 134.8549 -8.706983 -0.986783 -0.251435 -2.101476 -1.517918 3.471039 0.151357 2.568211 0.166790 0.533433 2.328226 0.180157 10.372887 -0.798132 -0.250608 0.230322 3.677727
1 134.8549 -8.706983 -0.986783 -0.251435 -2.101476 -1.517918 3.471039 0.151357 2.568211 0.166790 0.533433 2.328226 0.180157 10.372887 -0.798132 -0.250608 0.230322 3.677727
1 134.8549 -8.706983 -0.986783 -0.251435 -2.101476 -1.517918 3.471039 0.151357 2.568211 0.166790 0.533433 2.328226 0.180157 10.372887 -0.798132 -0.250608 0.230322 3.677727
1 134.8549 -8.706983 -0.986783 -0.251435 -2.101476 -1.517918 3.471039 0.151357 2.568211 0.166790 0.533433 2.328226 0.180157 10.372887 -0.798132 -0.250608 0.230322 3.677727
1 134.8549 -8.706983 -0.986783 -0.251435 -2.101476 -1.517918 3.471039 0.151357 2.568211 0.166790 0.533433 2.328226 0.180157 10.372887 -0.798132 -0.250608 0.230322 3.677727
1 134.8549 -8.706983 -0.986783 -0.251435 -2.101476 -1.517918 3.471039 0.151357 2.568211 0.166790 0.533433 2.328226 0.180157 10.372887 -0.798132 -0.250608 0.230322 3.677727
1 134.8549 -8.706983 -0.986783 -0.251435 -2.101476 -1.517918 3.471039 0.151357 2.568211 0.166790 0.533433 2.328226 0.180157 10.372887 -0.798132 -0.250608 0.230322 3.677727
1 134.8549 -8.706983 -0.986783 -0.251435 -2.101476 -1.517918 3.471039 0.151357 2.568211 0.166790 0.533433 2.328226 0.180157 10.372887 -0.798132 -0.250608 0.230322 3.677727
1 134.8549 -8.706983 -0.986783 -0.251435 -2.101476 -1.517918 3.471039 0.151357 2.568211 0.166790 0.533433 2.328226 0.180157 10.372887 -0.798132 -0.250608 0.230322 3.677727
1 134.8549 -8.706983 -0.986783 -0.251435 -2.101476 -1.517918 3.471039 0.151357 2.568211 0.166790 0.533433 2.328226 0.180157 10.372887 -0.798132 -0.250608 0.230322 3.677727
1 134.8549 -8.706983 -0.986783 -0.251435 -2.101476 -1.517918 3.471039 0.151357 2.568211 0.166790 0.533433 2.328226 0.180157 10.372887 -0.798132 -0.250608 0.230322 3.677727
1 134.8549 -8.706983 -0.986783 -0.251435 -2.101476 -1.517918 3.471039 0.151357 2.568211 0.166790 0.533433 2.328226 0.180157 10.372887 -0.798132 -0.250608 0.230322 3.677727
1 134.8549 -8.706983 -0.986783 -0.251435 -2.101476 -1.517918 3.471039 0.151357 2.568211 0.166790 0.533433 2.328226 0.180157 10.372887 -0.798132 -0.250608 0.230322 3.677727
1 134.8549 -8.706983 -0.986783 -0.251435 -2.101476 -1.517918 3.471039 0.151357 2.568211 0.166790 0.533433 2.328226 0.180157 10.372887 -0.798132 -0.250608 0.230322 3.677727
1 134.8549 -8.706983 -0.986783 -0.251435 -2.101476 -1.517918 3.471039 0.151357 2.568211 0.166790 0.533433 2.328226 0.180157 10.372887 -0.798132 -0.250608 0.230322 3.677727
1 134.8549 -8.706983 -0.986783 -0.251435 -2.101476 -1.517918 3.471039 0.151357 2.568211 0.166790 0.533433 2.328226 0.180157 10.372887 -0.798132 -0.250608 0.230322 3.677727
1 134.8549 -8.706983 -0.986783 -0.251435 -2.101476 -1.517918 3.471039 0.151357 2.568211 0.166790 0.533433 2.328226 0.180157 10.372887 -0.798132 -0.250608 0.230322 3.677727
1 134.8549 -8.706983 -0.986783 -0.251435 -2.101476 -1.517918 3.471039 0.151357 2.568211 0.166790 0.533433 2.328226 0.180157 10.372887 -0.798132 -0.250608 0.230322 3.677727
