1 inf -8.596563 -0.939562 -0.259028 -2.309360 -1.482028 3.458289 0.272145 2.487143 0.227582 0.589746 2.286366 0.077109 10.343381 -0.305703 0.261296 3.594516
1 inf -8.567702 -0.928038 -0.208852 -2.321407 -1.477758 3.431449 0.239237 2.455003 0.196233 0.612946 2.282389 0.095778 10.358148 -0.278919 0.238539 3.611923
1 inf -8.575702 -0.924611 -0.237444 -2.305539 -1.491777 3.438065 0.189630 2.460097 0.193292 0.608221 2.258262 0.140727 10.364641 -0.275850 0.223472 3.598171
1 inf -8.541973 -0.920253 -0.273392 -2.329094 -1.505502 3.452690 0.181819 2.461350 0.192806 0.609334 2.285492 0.175312 10.352538 -0.287843 0.207433 3.624555
1 inf -8.534986 -0.893299 -0.220458 -2.371444 -1.479582 3.462675 0.197265 2.451612 0.174608 0.609305 2.282299 0.157954 10.308487 -0.315414 0.228871 3.574478
1 inf -8.515781 -0.896207 -0.220155 -2.347022 -1.463866 3.474975 0.154081 2.482000 0.214651 0.633911 2.293892 0.179865 10.293540 -0.336551 0.212592 3.545916
1 inf -8.537886 -0.890868 -0.225555 -2.325859 -1.473263 3.476128 0.115618 2.468523 0.195079 0.636661 2.294314 0.192909 10.288167 -0.350539 0.208210 3.539871
1 inf -8.552038 -0.877901 -0.225781 -2.319689 -1.493864 3.475265 0.111817 2.433363 0.189672 0.646077 2.299767 0.186134 10.288204 -0.356945 0.258274 3.529046
1 inf -8.524305 -0.868129 -0.222306 -2.386311 -1.504511 3.454574 0.144918 2.436876 0.186272 0.666208 2.311059 0.221909 10.273958 -0.350905 0.260831 3.566467
1 inf -8.541830 -0.897379 -0.214647 -2.368882 -1.512622 3.449550 0.115219 2.406910 0.192790 0.658934 2.309848 0.244638 10.291555 -0.362418 0.264296 3.556097
1 inf -8.542744 -0.868299 -0.219478 -2.360530 -1.544219 3.455474 0.155718 2.372522 0.183991 0.688777 2.323163 0.238560 10.268957 -0.354847 0.255734 3.564517
1 inf -8.539719 -0.851282 -0.181666 -2.346775 -1.543069 3.466035 0.148709 2.359661 0.174892 0.698087 2.274876 0.243321 10.294355 -0.348028 0.215096 3.617293
1 inf -8.545834 -0.874505 -0.206257 -2.343603 -1.524741 3.475150 0.171408 2.363926 0.132689 0.692081 2.230005 0.226159 10.290905 -0.379655 0.203965 3.621739
1 inf -8.555784 -0.860024 -0.221663 -2.330531 -1.521893 3.459417 0.170738 2.352386 0.089576 0.692824 2.229756 0.238216 10.326226 -0.410533 0.229875 3.600785
1 inf -8.582343 -0.882435 -0.232091 -2.381088 -1.540104 3.460232 0.155847 2.349963 0.083030 0.714486 2.236034 0.222364 10.312410 -0.443332 0.233613 3.626621
1 inf -8.618380 -0.893827 -0.249708 -2.399969 -1.554432 3.446056 0.164734 2.344765 0.091554 0.735523 2.230194 0.202740 10.311417 -0.465218 0.217782 3.623843
1 inf -8.576520 -0.911518 -0.235100 -2.368498 -1.604600 3.438682 0.195711 2.328647 0.091721 0.728483 2.243388 0.219830 10.323715 -0.476135 0.264055 3.591989
1 inf -8.581067 -0.911471 -0.260426 -2.378951 -1.623492 3.438333 0.159851 2.340451 0.128783 0.731096 2.204847 0.237508 10.328699 -0.461266 0.261649 3.595089
1 inf -8.554222 -0.872386 -0.287738 -2.390661 -1.639778 3.435202 0.145468 2.332597 0.149303 0.714779 2.222762 0.224472 10.307691 -0.456838 0.288257 3.593094
1 inf -8.549375 -0.858800 -0.298595 -2.392426 -1.591565 3.473513 0.150426 2.331176 0.122307 0.724884 2.273391 0.227064 10.316251 -0.454646 0.298726 3.592914
1 inf -8.536480 -0.857757 -0.318995 -2.391170 -1.587840 3.472237 0.172828 2.289435 0.120928 0.696575 2.290174 0.229217 10.291944 -0.441867 0.310543 3.605894
1 inf -8.499768 -0.860004 -0.298608 -2.400735 -1.584789 3.470962 0.213359 2.322489 0.121365 0.691444 2.325831 0.220431 10.312949 -0.437528 0.311215 3.634635
1 inf -8.481368 -0.861622 -0.289033 -2.400037 -1.564189 3.462560 0.186089 2.341369 0.128583 0.680617 2.335615 0.186408 10.316440 -0.480132 0.334160 3.592119
1 inf -8.486355 -0.853272 -0.287883 -2.370428 -1.584677 3.457133 0.197957 2.301116 0.172383 0.691073 2.340367 0.219250 10.301134 -0.475185 0.303133 3.610990
1 inf -8.466565 -0.852412 -0.275473 -2.400141 -1.603017 3.418743 0.201638 2.296879 0.164031 0.688205 2.345671 0.196411 10.283947 -0.466729 0.294129 3.589052
1 inf -8.472172 -0.833651 -0.263103 -2.374265 -1.561843 3.411940 0.187102 2.287909 0.181056 0.722676 2.360540 0.188201 10.281371 -0.487391 0.313304 3.591759
1 inf -8.468115 -0.873993 -0.265362 -2.362398 -1.547288 3.393048 0.174553 2.280680 0.189099 0.694894 2.355992 0.206918 10.269353 -0.497778 0.270082 3.600302
1 inf -8.462707 -0.857874 -0.254486 -2.355124 -1.528011 3.406224 0.145611 2.276922 0.207769 0.687198 2.343760 0.199752 10.275152 -0.496588 0.287854 3.590216
1 inf -8.455558 -0.866739 -0.286350 -2.345534 -1.570875 3.402243 0.137987 2.282852 0.223258 0.716470 2.337600 0.226564 10.296880 -0.484385 0.312652 3.589975
1 inf -8.425656 -0.883357 -0.300766 -2.365370 -1.579954 3.390408 0.126975 2.309700 0.228061 0.747425 2.355923 0.233182 10.313076 -0.478060 0.305817 3.575624
1 inf -8.434944 -0.900807 -0.265246 -2.370865 -1.588426 3.386321 0.135919 2.277423 0.218185 0.751675 2.326883 0.227597 10.305335 -0.484295 0.320851 3.564068
1 inf -8.391716 -0.924793 -0.255582 -2.369059 -1.584318 3.393071 0.130903 2.267502 0.203523 0.757220 2.326016 0.217213 10.338341 -0.485722 0.319448 3.605887
1 inf -8.424847 -0.907762 -0.242591 -2.404585 -1.541084 3.358460 0.149669 2.261272 0.200420 0.726423 2.316207 0.214597 10.336391 -0.506921 0.347073 3.663706
1 inf -8.397597 -0.905943 -0.245230 -2.414918 -1.510451 3.356786 0.128946 2.233975 0.214807 0.733195 2.290241 0.211349 10.339467 -0.486962 0.324141 3.683569
1 inf -8.386604 -0.901645 -0.226488 -2.445666 -1.484336 3.350127 0.154105 2.255694 0.242473 0.742962 2.298859 0.229759 10.387194 -0.504881 0.348940 3.672469
1 inf -8.400740 -0.913242 -0.219502 -2.465407 -1.476490 3.323237 0.172751 2.241093 0.252206 0.698244 2.326448 0.239311 10.393522 -0.493896 0.375183 3.684924
1 inf -8.438505 -0.925482 -0.228032 -2.445411 -1.479809 3.300005 0.184704 2.253235 0.222088 0.703215 2.336468 0.262359 10.352765 -0.522725 0.405859 3.677474
1 inf -8.447382 -0.897493 -0.250911 -2.448833 -1.464918 3.298827 0.163106 2.220937 0.185814 0.703471 2.352846 0.253269 10.350578 -0.512474 0.361788 3.657927
1 inf -8.483419 -0.908885 -0.268528 -2.467714 -1.479246 3.341476 0.148930 2.229824 0.180616 0.711995 2.373883 0.247429 10.330954 -0.513467 0.339902 3.642096
1 inf -8.482203 -0.941285 -0.272539 -2.520942 -1.482600 3.360527 0.139365 2.254965 0.143731 0.702785 2.377337 0.266318 10.301017 -0.533159 0.311876 3.636857
1 inf -8.487932 -0.981607 -0.313942 -2.537872 -1.484057 3.379550 0.134589 2.254072 0.145041 0.718476 2.362335 0.274448 10.315533 -0.539174 0.281940 3.618377
1 inf -8.521595 -0.957666 -0.352400 -2.527848 -1.460160 3.365744 0.127730 2.263398 0.153420 0.739187 2.351218 0.305052 10.319600 -0.521359 0.294396 3.599865
1 inf -8.488500 -0.968960 -0.353667 -2.556609 -1.494458 3.367017 0.110742 2.296695 0.198013 0.741728 2.340787 0.293205 10.337643 -0.541151 0.320485 3.587241
1 inf -8.481410 -0.986309 -0.383322 -2.560953 -1.501872 3.366905 0.144768 2.308336 0.247414 0.762866 2.327508 0.304112 10.314050 -0.525466 0.313448 3.605327
1 inf -8.454596 -0.993568 -0.372306 -2.564929 -1.503856 3.361182 0.154520 2.325171 0.231237 0.805437 2.300524 0.329325 10.311992 -0.520448 0.299423 3.618929
1 inf -8.443173 -0.985371 -0.391553 -2.590151 -1.506945 3.400044 0.183741 2.319696 0.230803 0.778103 2.346778 0.278840 10.290924 -0.477417 0.284360 3.636702
1 inf -8.451157 -0.993953 -0.387706 -2.592128 -1.483991 3.387383 0.157881 2.309588 0.251274 0.795697 2.333582 0.285618 10.280066 -0.455619 0.275471 3.628313
1 inf -8.456160 -0.975633 -0.386871 -2.601225 -1.461838 3.355315 0.157247 2.290435 0.233599 0.807920 2.382851 0.285486 10.248038 -0.481396 0.270977 3.604827
1 inf -8.476756 -0.968028 -0.407677 -2.568935 -1.485028 3.370990 0.182488 2.316261 0.235934 0.814298 2.386208 0.279962 10.235036 -0.467065 0.284450 3.604536
1 inf -8.474484 -0.965107 -0.417454 -2.533685 -1.475599 3.382367 0.174730 2.302894 0.257988 0.775477 2.423081 0.293802 10.219543 -0.456980 0.332450 3.572330
1 inf -8.480131 -0.997427 -0.401824 -2.525751 -1.481340 3.402363 0.187574 2.294141 0.283527 0.767827 2.434356 0.252830 10.179527 -0.471712 0.306407 3.556995
1 inf -8.472216 -0.951720 -0.406734 -2.543083 -1.493451 3.417445 0.150122 2.278691 0.265638 0.823221 2.418255 0.261515 10.184701 -0.461522 0.303505 3.581902
1 inf -8.470625 -0.951439 -0.384984 -2.540736 -1.497486 3.415881 0.141518 2.289182 0.263220 0.810999 2.386856 0.216464 10.182242 -0.489645 0.307251 3.579959
1 inf -8.461036 -0.974026 -0.419526 -2.534643 -1.515367 3.419728 0.131861 2.310818 0.260716 0.810577 2.348942 0.218596 10.170666 -0.458743 0.308988 3.564172
1 inf -8.449861 -0.984435 -0.428407 -2.495374 -1.544811 3.429010 0.119285 2.298081 0.204041 0.799949 2.361449 0.207018 10.173915 -0.401091 0.295269 3.580504
1 inf -8.427901 -0.974285 -0.408417 -2.489333 -1.535206 3.436088 0.117652 2.328216 0.221776 0.804271 2.344101 0.173029 10.158615 -0.406601 0.297233 3.610647
1 inf -8.423768 -0.952454 -0.422334 -2.467429 -1.529552 3.464851 0.098671 2.303570 0.203613 0.792232 2.367275 0.170566 10.170302 -0.416309 0.324991 3.632052
1 inf -8.456783 -0.935856 -0.444295 -2.479084 -1.531413 3.468223 0.110258 2.316849 0.197599 0.766625 2.341801 0.219386 10.182007 -0.431308 0.283884 3.638608
1 inf -8.474585 -0.928489 -0.470575 -2.472267 -1.555059 3.459954 0.126575 2.308573 0.226123 0.764762 2.358357 0.216419 10.193275 -0.455200 0.321648 3.643130
1 inf -8.458922 -0.929533 -0.498308 -2.456312 -1.557435 3.475709 0.141242 2.287967 0.196130 0.756965 2.336406 0.246169 10.167075 -0.480985 0.332090 3.646105
1 inf -8.454588 -0.925345 -0.480289 -2.455626 -1.561647 3.461011 0.131435 2.275583 0.190830 0.736213 2.347645 0.276494 10.201482 -0.468779 0.328957 3.658168
1 inf -8.487867 -0.900305 -0.455577 -2.495082 -1.558964 3.447190 0.136345 2.254551 0.197863 0.731219 2.362640 0.281529 10.193373 -0.476120 0.328178 3.670143
