1 inf -8.565458 -0.902536 -0.225190 -2.274089 -1.427718 3.454767 0.245777 2.485019 0.190657 0.556585 2.291928 0.076186 10.359830 -0.249846 0.291214 3.631510
1 inf -8.563514 -0.915666 -0.238584 -2.308304 -1.426327 3.448088 0.232739 2.485846 0.211774 0.542156 2.295692 0.026726 10.359203 -0.201844 0.278051 3.653179
1 inf -8.560188 -0.901322 -0.272702 -2.299000 -1.454716 3.423225 0.207754 2.496444 0.188536 0.549174 2.323860 -0.009862 10.349943 -0.171835 0.275271 3.640504
1 inf -8.548459 -0.906195 -0.223332 -2.302980 -1.432226 3.407640 0.206517 2.526627 0.178100 0.544298 2.308076 0.003855 10.345482 -0.188823 0.272604 3.632121
1 inf -8.543217 -0.916265 -0.229538 -2.311240 -1.406841 3.406953 0.221789 2.530045 0.182836 0.522139 2.335703 -0.011280 10.362791 -0.207600 0.265608 3.608909
1 inf -8.531449 -0.926019 -0.250169 -2.303468 -1.405574 3.442584 0.224504 2.523848 0.178292 0.529059 2.329938 0.022648 10.339092 -0.210938 0.249668 3.627692
1 inf -8.507167 -0.885621 -0.273008 -2.274027 -1.376996 3.433823 0.176245 2.532209 0.163568 0.549172 2.304829 0.045394 10.322005 -0.191007 0.223052 3.609458
1 inf -8.508786 -0.905416 -0.283868 -2.293972 -1.352619 3.428344 0.185865 2.515033 0.148500 0.546797 2.307796 0.055415 10.335561 -0.196629 0.215941 3.607728
1 inf -8.530146 -0.887996 -0.264502 -2.326352 -1.336831 3.417314 0.126647 2.567351 0.166832 0.530267 2.305704 0.025336 10.360217 -0.160069 0.219602 3.604173
1 inf -8.504454 -0.874277 -0.247397 -2.322006 -1.278986 3.420013 0.157467 2.548626 0.172742 0.510851 2.295820 0.027262 10.366014 -0.173893 0.210927 3.617462
1 inf -8.527407 -0.858943 -0.271742 -2.318598 -1.288933 3.468762 0.201806 2.559243 0.159509 0.509220 2.289418 0.020164 10.365786 -0.190143 0.208454 3.615817
1 inf -8.537747 -0.850840 -0.270699 -2.334597 -1.335272 3.447875 0.190014 2.539771 0.139610 0.498767 2.288914 0.053766 10.328116 -0.191544 0.235090 3.642065
1 inf -8.527319 -0.849285 -0.269165 -2.320448 -1.338063 3.400064 0.209845 2.559573 0.151595 0.480630 2.306329 0.072398 10.330072 -0.192211 0.239993 3.657072
1 inf -8.535893 -0.846269 -0.248077 -2.319085 -1.334709 3.406762 0.200634 2.554993 0.141903 0.453504 2.317581 0.075631 10.304389 -0.173691 0.243527 3.669482
1 inf -8.544672 -0.828641 -0.265407 -2.341043 -1.333404 3.422596 0.178722 2.540205 0.136154 0.462309 2.319327 0.098466 10.283574 -0.165895 0.328414 3.701728
1 inf -8.510890 -0.824417 -0.287486 -2.331880 -1.321722 3.465786 0.216949 2.506182 0.158355 0.485625 2.320244 0.116286 10.266607 -0.165931 0.329031 3.691057
1 inf -8.514241 -0.796557 -0.272875 -2.305126 -1.287016 3.451348 0.193625 2.499895 0.126721 0.484307 2.315473 0.100574 10.276782 -0.137940 0.340318 3.729489
1 inf -8.500363 -0.809959 -0.253490 -2.288295 -1.291967 3.406353 0.204441 2.515068 0.153049 0.439949 2.337765 0.086913 10.307526 -0.165581 0.386182 3.718601
1 inf -8.460181 -0.839551 -0.250141 -2.307005 -1.297792 3.349029 0.241548 2.496336 0.148864 0.427124 2.308486 0.081423 10.242797 -0.159641 0.391495 3.734868
1 inf -8.453764 -0.836218 -0.239039 -2.301440 -1.285330 3.362372 0.263281 2.533183 0.130520 0.421312 2.310277 0.080350 10.257695 -0.141397 0.372064 3.750749
1 inf -8.487173 -0.812885 -0.190810 -2.305841 -1.281703 3.382580 0.254805 2.565928 0.162593 0.394229 2.305378 0.034384 10.279716 -0.149532 0.368641 3.721161
1 inf -8.474697 -0.814699 -0.202401 -2.315271 -1.295326 3.341275 0.221432 2.585370 0.145678 0.342773 2.280680 0.074066 10.287956 -0.103736 0.339068 3.692374
1 inf -8.496997 -0.824026 -0.215604 -2.311695 -1.327285 3.371519 0.219557 2.601109 0.153545 0.350238 2.281160 0.047998 10.308341 -0.102026 0.321453 3.664836
1 inf -8.484599 -0.797717 -0.236233 -2.295111 -1.332509 3.364182 0.210452 2.622499 0.156163 0.339667 2.277603 0.059361 10.295721 -0.119288 0.294562 3.658130
1 inf -8.444407 -0.795345 -0.246470 -2.311976 -1.363355 3.370353 0.213738 2.629754 0.133785 0.358535 2.258272 0.053461 10.263453 -0.130374 0.285685 3.663074
1 inf -8.455315 -0.790358 -0.216065 -2.314963 -1.367028 3.343086 0.210464 2.636931 0.120759 0.381509 2.250555 0.031029 10.277577 -0.112782 0.309394 3.692821
1 inf -8.442915 -0.783563 -0.206712 -2.309880 -1.378501 3.352611 0.212906 2.636235 0.113377 0.360671 2.279775 0.010346 10.265805 -0.136536 0.301438 3.668026
1 inf -8.461863 -0.781371 -0.184239 -2.330350 -1.380331 3.368266 0.199734 2.619058 0.096226 0.333340 2.292893 -0.024465 10.246939 -0.132726 0.299729 3.697782
1 inf -8.428077 -0.764304 -0.126073 -2.323601 -1.403489 3.378002 0.214521 2.644585 0.099695 0.286074 2.302374 -0.033459 10.258843 -0.142801 0.295918 3.697143
1 inf -8.436688 -0.765449 -0.141679 -2.270526 -1.423917 3.382933 0.220696 2.599328 0.058525 0.309283 2.325415 -0.041940 10.275849 -0.153416 0.306539 3.683720
1 inf -8.423928 -0.767448 -0.144361 -2.242028 -1.452503 3.368965 0.227583 2.590595 0.060215 0.301319 2.346293 -0.068236 10.296153 -0.160323 0.274585 3.669290
1 inf -8.474952 -0.787056 -0.145157 -2.269852 -1.472990 3.351948 0.249249 2.566179 0.005798 0.301448 2.344855 -0.103251 10.268893 -0.148845 0.251125 3.674579
1 inf -8.488540 -0.827333 -0.144264 -2.313714 -1.496380 3.354934 0.252070 2.589270 -0.013888 0.301997 2.403609 -0.088132 10.272159 -0.134366 0.266338 3.631400
1 inf -8.498917 -0.845722 -0.162128 -2.322529 -1.479471 3.354745 0.228789 2.548180 -0.015188 0.295561 2.394061 -0.096841 10.273923 -0.136827 0.285200 3.684148
1 inf -8.493234 -0.857300 -0.188849 -2.312856 -1.468176 3.321282 0.247972 2.559479 -0.021619 0.296897 2.410016 -0.091322 10.247117 -0.124969 0.278145 3.700471
1 inf -8.480798 -0.820752 -0.165532 -2.270935 -1.460977 3.312059 0.246436 2.578629 -0.010917 0.314527 2.384594 -0.114017 10.266119 -0.136771 0.260989 3.657197
1 inf -8.483251 -0.801242 -0.173439 -2.261761 -1.480237 3.304808 0.248099 2.578463 0.018761 0.299346 2.399939 -0.154494 10.272303 -0.104197 0.313195 3.672438
1 inf -8.490438 -0.794001 -0.166560 -2.292766 -1.504553 3.321878 0.231601 2.605120 -0.025055 0.315971 2.392394 -0.180037 10.259261 -0.143368 0.320249 3.675768
1 inf -8.502610 -0.813496 -0.188252 -2.282462 -1.505258 3.326973 0.259528 2.560656 -0.024692 0.302432 2.392933 -0.168083 10.250106 -0.105014 0.316872 3.684123
1 inf -8.546882 -0.781674 -0.213500 -2.243873 -1.508170 3.331295 0.243629 2.546647 -0.003322 0.341809 2.405715 -0.138335 10.236990 -0.106430 0.317889 3.701024
1 inf -8.556884 -0.769588 -0.222938 -2.253465 -1.510183 3.344342 0.205279 2.557649 0.016499 0.326093 2.387641 -0.155381 10.225019 -0.088991 0.319075 3.705790
1 inf -8.560235 -0.741728 -0.208327 -2.226711 -1.475477 3.329904 0.181955 2.551362 -0.015135 0.324775 2.382870 -0.171093 10.235194 -0.061000 0.330362 3.744222
1 inf -8.546896 -0.772379 -0.209348 -2.222260 -1.482779 3.334581 0.164177 2.545627 -0.050550 0.335028 2.393844 -0.173418 10.237387 -0.042173 0.310022 3.724762
1 inf -8.541515 -0.808359 -0.194650 -2.219413 -1.471967 3.306623 0.175271 2.545478 -0.021663 0.339043 2.382092 -0.190207 10.213009 -0.019590 0.300841 3.732372
1 inf -8.521560 -0.786936 -0.182163 -2.203468 -1.461287 3.345550 0.152135 2.511984 -0.021384 0.339002 2.405899 -0.218241 10.199610 -0.037317 0.306168 3.738237
1 inf -8.481392 -0.759295 -0.199113 -2.148082 -1.436014 3.390296 0.164322 2.529081 -0.067052 0.295474 2.416777 -0.220141 10.199584 -0.039799 0.319086 3.782063
1 inf -8.428705 -0.746619 -0.225422 -2.127366 -1.427180 3.377588 0.133044 2.523808 -0.076883 0.312650 2.410932 -0.240397 10.193619 -0.067773 0.325289 3.800992
1 inf -8.405941 -0.752252 -0.219098 -2.152681 -1.415727 3.395517 0.140641 2.518927 -0.071429 0.327233 2.403269 -0.251205 10.205921 -0.059783 0.319143 3.778227
1 inf -8.410378 -0.779516 -0.195949 -2.132534 -1.413613 3.374727 0.165122 2.540057 -0.055806 0.344034 2.406322 -0.244226 10.189140 -0.043773 0.288159 3.783307
1 inf -8.430216 -0.749854 -0.163616 -2.104908 -1.442157 3.397417 0.167465 2.555309 -0.062171 0.354366 2.406193 -0.229388 10.183263 -0.067363 0.291306 3.702665
1 inf -8.449060 -0.760618 -0.141186 -2.137901 -1.449570 3.404987 0.208941 2.490866 -0.062418 0.394145 2.409315 -0.246471 10.189674 -0.046254 0.254796 3.711875
1 inf -8.460069 -0.737770 -0.155268 -2.165675 -1.446551 3.391843 0.214110 2.484773 -0.041505 0.413475 2.381387 -0.212559 10.206170 -0.066061 0.238109 3.716030
1 inf -8.461531 -0.748842 -0.128391 -2.174114 -1.416847 3.386935 0.217622 2.489311 -0.007773 0.423612 2.394538 -0.218603 10.201435 -0.070475 0.244831 3.704955
1 inf -8.447828 -0.758473 -0.124067 -2.195357 -1.423055 3.393652 0.227065 2.456057 0.001017 0.421488 2.408333 -0.229542 10.200932 -0.030347 0.286755 3.710967
1 inf -8.439566 -0.783654 -0.109796 -2.205282 -1.433220 3.408187 0.245052 2.444727 -0.004403 0.435503 2.389790 -0.223390 10.170645 -0.017843 0.297534 3.707826
1 inf -8.469669 -0.795718 -0.141677 -2.251346 -1.457324 3.433429 0.246754 2.429700 -0.035573 0.435644 2.366484 -0.214664 10.161768 -0.004515 0.300911 3.690169
1 inf -8.474212 -0.768110 -0.092907 -2.277264 -1.453202 3.458402 0.233640 2.411941 -0.025599 0.385659 2.369111 -0.230169 10.133616 -0.015954 0.283366 3.671734
1 inf -8.469692 -0.759267 -0.055022 -2.261602 -1.485981 3.435981 0.249910 2.416052 -0.033137 0.385462 2.391743 -0.193107 10.109000 -0.035700 0.266796 3.689487
1 inf -8.468659 -0.766145 -0.066059 -2.236483 -1.467244 3.392051 0.230932 2.422900 -0.011573 0.359334 2.400496 -0.198105 10.104373 -0.038565 0.262931 3.699155
1 inf -8.478375 -0.781209 -0.062200 -2.232029 -1.424975 3.390006 0.248103 2.456067 -0.010231 0.400746 2.403960 -0.245150 10.106361 -0.009597 0.263888 3.688873
1 inf -8.499530 -0.812221 -0.066444 -2.211810 -1.458389 3.384207 0.224585 2.451899 -0.029828 0.427014 2.429481 -0.262409 10.122470 -0.038778 0.224956 3.697806
1 inf -8.496302 -0.867295 -0.067873 -2.209863 -1.435440 3.372319 0.231440 2.475636 -0.032859 0.443969 2.440699 -0.266900 10.153550 -0.034773 0.202865 3.715760
1 inf -8.456242 -0.890007 -0.032445 -2.212728 -1.418001 3.352252 0.243640 2.484080 -0.009975 0.449245 2.438326 -0.266588 10.159812 -0.065120 0.243830 3.735901
1 inf -8.457145 -0.896567 -0.028876 -2.186999 -1.417294 3.373156 0.266146 2.468204 -0.013628 0.457611 2.428322 -0.275994 10.153629 -0.063464 0.226687 3.709639
1 inf -8.428219 -0.892568 -0.019216 -2.177367 -1.406200 3.350274 0.287452 2.468622 0.014375 0.455792 2.406042 -0.271078 10.156225 -0.068730 0.213376 3.698472
