1 139.7704 -8.675519 -0.966811 -0.263973 -2.214358 -1.364037 3.415869 0.217368 2.579824 0.147564 0.600330 2.309715 0.186373 10.446379 -0.727956 -0.253552 0.185197 3.688553
1 134.25205 -8.698169 -0.967893 -0.262361 -2.211539 -1.345754 3.414372 0.196937 2.627094 0.122193 0.568941 2.323291 0.224637 10.449038 -0.706451 -0.236339 0.170944 3.668998
1 134.25205 -8.698169 -0.967893 -0.262361 -2.211539 -1.345754 3.414372 0.196937 2.627094 0.122193 0.568941 2.323291 0.224637 10.449038 -0.706451 -0.236339 0.170944 3.668998
1 134.25205 -8.698169 -0.967893 -0.262361 -2.211539 -1.345754 3.414372 0.196937 2.627094 0.122193 0.568941 2.323291 0.224637 10.449038 -0.706451 -0.236339 0.170944 3.668998
1 134.25205 -8.698169 -0.967893 -0.262361 -2.211539 -1.345754 3.414372 0.196937 2.627094 0.122193 0.568941 2.323291 0.224637 10.449038 -0.706451 -0.236339 0.170944 3.668998
1 134.25205 -8.698169 -0.967893 -0.262361 -2.211539 -1.345754 3.414372 0.196937 2.627094 0.122193 0.568941 2.323291 0.224637 10.449038 -0.706451 -0.236339 0.170944 3.668998
1 134.25205 -8.698169 -0.967893 -0.262361 -2.211539 -1.345754 3.414372 0.196937 2.627094 0.122193 0.568941 2.323291 0.224637 10.449038 -0.706451 -0.236339 0.170944 3.668998
1 134.25205 -8.698169 -0.967893 -0.262361 -2.211539 -1.345754 3.414372 0.196937 2.627094 0.122193 0.568941 2.323291 0.224637 10.449038 -0.706451 -0.236339 0.170944 3.668998
1 134.25205 -8.698169 -0.967893 -0.262361 -2.211539 -1.345754 3.414372 0.196937 2.627094 0.122193 0.568941 2.323291 0.224637 10.449038 -0.706451 -0.236339 0.170944 3.668998
1 134.25205 -8.698169 -0.967893 -0.262361 -2.211539 -1.345754 3.414372 0.196937 2.627094 0.122193 0.568941 2.323291 0.224637 10.449038 -0.706451 -0.236339 0.170944 3.668998
1 134.25205 -8.698169 -0.967893 -0.262361 -2.211539 -1.345754 3.414372 0.196937 2.627094 0.122193 0.568941 2.323291 0.224637 10.449038 -0.706451 -0.236339 0.170944 3.668998
1 134.25205 -8.698169 -0.967893 -0.262361 -2.211539 -1.345754 3.414372 0.196937 2.627094 0.122193 0.568941 2.323291 0.224637 10.449038 -0.706451 -0.236339 0.170944 3.668998
1 133.14829 -8.702424 -0.941958 -0.273329 -2.202565 -1.330080 3.395457 0.201819 2.623450 0.130460 0.547737 2.291181 0.227382 10.445886 -0.739039 -0.252092 0.181135 3.633981
1 133.14829 -8.702424 -0.941958 -0.273329 -2.202565 -1.330080 3.395457 0.201819 2.623450 0.130460 0.547737 2.291181 0.227382 10.445886 -0.739039 -0.252092 0.181135 3.633981
1 133.14829 -8.702424 -0.941958 -0.273329 -2.202565 -1.330080 3.395457 0.201819 2.623450 0.130460 0.547737 2.291181 0.227382 10.445886 -0.739039 -0.252092 0.181135 3.633981
1 133.14829 -8.702424 -0.941958 -0.273329 -2.202565 -1.330080 3.395457 0.201819 2.623450 0.130460 0.547737 2.291181 0.227382 10.445886 -0.739039 -0.252092 0.181135 3.633981
1 133.14829 -8.702424 -0.941958 -0.273329 -2.202565 -1.330080 3.395457 0.201819 2.623450 0.130460 0.547737 2.291181 0.227382 10.445886 -0.739039 -0.252092 0.181135 3.633981
1 133.14829 -8.702424 -0.941958 -0.273329 -2.202565 -1.330080 3.395457 0.201819 2.623450 0.130460 0.547737 2.291181 0.227382 10.445886 -0.739039 -0.252092 0.181135 3.633981
1 133.14829 -8.702424 -0.941958 -0.273329 -2.202565 -1.330080 3.395457 0.201819 2.623450 0.130460 0.547737 2.291181 0.227382 10.445886 -0.739039 -0.252092 0.181135 3.633981
1 133.14829 -8.702424 -0.941958 -0.273329 -2.202565 -1.330080 3.395457 0.201819 2.623450 0.130460 0.547737 2.291181 0.227382 10.445886 -0.739039 -0.252092 0.181135 3.633981
1 133.14829 -8.702424 -0.941958 -0.273329 -2.202565 -1.330080 3.395457 0.201819 2.623450 0.130460 0.547737 2.291181 0.227382 10.445886 -0.739039 -0.252092 0.181135 3.633981
1 133.14829 -8.702424 -0.941958 -0.273329 -2.202565 -1.330080 3.395457 0.201819 2.623450 0.130460 0.547737 2.291181 0.227382 10.445886 -0.739039 -0.252092 0.181135 3.633981
1 133.14829 -8.702424 -0.941958 -0.273329 -2.202565 -1.330080 3.395457 0.201819 2.623450 0.130460 0.547737 2.291181 0.227382 10.445886 -0.739039 -0.252092 0.181135 3.633981
1 133.14829 -8.702424 -0.941958 -0.273329 -2.202565 -1.330080 3.395457 0.201819 2.623450 0.130460 0.547737 2.291181 0.227382 10.445886 -0.739039 -0.252092 0.181135 3.633981
1 133.14829 -8.702424 -0.941958 -0.273329 -2.202565 -1.330080 3.395457 0.201819 2.623450 0.130460 0.547737 2.291181 0.227382 10.445886 -0.739039 -0.252092 0.181135 3.633981
1 133.14829 -8.702424 -0.941958 -0.273329 -2.202565 -1.330080 3.395457 0.201819 2.623450 0.130460 0.547737 2.291181 0.227382 10.445886 -0.739039 -0.252092 0.181135 3.633981
1 133.14829 -8.702424 -0.941958 -0.273329 -2.202565 -1.330080 3.395457 0.201819 2.623450 0.130460 0.547737 2.291181 0.227382 10.445886 -0.739039 -0.252092 0.181135 3.633981
1 133.14829 -8.702424 -0.941958 -0.273329 -2.202565 -1.330080 3.395457 0.201819 2.623450 0.130460 0.547737 2.291181 0.227382 10.445886 -0.739039 -0.252092 0.181135 3.633981
1 133.14829 -8.702424 -0.941958 -0.273329 -2.202565 -1.330080 3.395457 0.201819 2.623450 0.130460 0.547737 2.291181 0.227382 10.445886 -0.739039 -0.252092 0.181135 3.633981
1 133.14829 -8.702424 -0.941958 -0.273329 -2.202565 -1.330080 3.395457 0.201819 2.623450 0.130460 0.547737 2.291181 0.227382 10.445886 -0.739039 -0.252092 0.181135 3.633981
1 133.14829 -8.702424 -0.941958 -0.273329 -2.202565 -1.330080 3.395457 0.201819 2.623450 0.130460 0.547737 2.291181 0.227382 10.445886 -0.739039 -0.252092 0.181135 3.633981
1 133.14829 -8.702424 -0.941958 -0.273329 -2.202565 -1.330080 3.395457 0.201819 2.623450 0.130460 0.547737 2.291181 0.227382 10.445886 -0.739039 -0.252092 0.181135 3.633981
1 133.14829 -8.702424 -0.941958 -0.273329 -2.202565 -1.330080 3.395457 0.201819 2.623450 0.130460 0.547737 2.291181 0.227382 10.445886 -0.739039 -0.252092 0.181135 3.633981
1 133.14829 -8.702424 -0.941958 -0.273329 -2.202565 -1.330080 3.395457 0.201819 2.623450 0.130460 0.547737 2.291181 0.227382 10.445886 -0.739039 -0.252092 0.181135 3.633981
1 133.14829 -8.702424 -0.941958 -0.273329 -2.202565 -1.330080 3.395457 0.201819 2.623450 0.130460 0.547737 2.291181 0.227382 10.445886 -0.739039 -0.252092 0.181135 3.633981
1 133.14829 -8.702424 -0.941958 -0.273329 -2.202565 -1.330080 3.395457 0.201819 2.623450 0.130460 0.547737 2.291181 0.227382 10.445886 -0.739039 -0.252092 0.181135 3.633981
1 133.14829 -8.702424 -0.941958 -0.273329 -2.202565 -1.330080 3.395457 0.201819 2.623450 0.130460 0.547737 2.291181 0.227382 10.445886 -0.739039 -0.252092 0.181135 3.633981
1 133.14829 -8.702424 -0.941958 -0.273329 -2.202565 -1.330080 3.395457 0.201819 2.623450 0.130460 0.547737 2.291181 0.227382 10.445886 -0.739039 -0.252092 0.181135 3.633981
1 133.14829 -8.702424 -0.941958 -0.273329 -2.202565 -1.330080 3.395457 0.201819 2.623450 0.130460 0.547737 2.291181 0.227382 10.445886 -0.739039 -0.252092 0.181135 3.633981
1 133.14829 -8.702424 -0.941958 -0.273329 -2.202565 -1.330080 3.395457 0.201819 2.623450 0.130460 0.547737 2.291181 0.227382 10.445886 -0.739039 -0.252092 0.181135 3.633981
1 133.14829 -8.702424 -0.941958 -0.273329 -2.202565 -1.330080 3.395457 0.201819 2.623450 0.130460 0.547737 2.291181 0.227382 10.445886 -0.739039 -0.252092 0.181135 3.633981
1 133.14829 -8.702424 -0.941958 -0.273329 -2.202565 -1.330080 3.395457 0.201819 2.623450 0.130460 0.547737 2.291181 0.227382 10.445886 -0.739039 -0.252092 0.181135 3.633981
1 133.14829 -8.702424 -0.941958 -0.273329 -2.202565 -1.330080 3.395457 0.201819 2.623450 0.130460 0.547737 2.291181 0.227382 10.445886 -0.739039 -0.252092 0.181135 3.633981
1 133.14829 -8.702424 -0.941958 -0.273329 -2.202565 -1.330080 3.395457 0.201819 2.623450 0.130460 0.547737 2.291181 0.227382 10.445886 -0.739039 -0.252092 0.181135 3.633981
1 133.14829 -8.702424 -0.941958 -0.273329 -2.202565 -1.330080 3.395457 0.201819 2.623450 0.130460 0.547737 2.291181 0.227382 10.445886 -0.739039 -0.252092 0.181135 3.633981
1 133.14829 -8.702424 -0.941958 -0.273329 -2.202565 -1.330080 3.395457 0.201819 2.623450 0.130460 0.547737 2.291181 0.227382 10.445886 -0.739039 -0.252092 0.181135 3.633981
1 133.14829 -8.702424 -0.941958 -0.273329 -2.202565 -1.330080 3.395457 0.201819 2.623450 0.130460 0.547737 2.291181 0.227382 10.445886 -0.739039 -0.252092 0.181135 3.633981
1 133.14829 -8.702424 -0.941958 -0.273329 -2.202565 -1.330080 3.395457 0.201819 2.623450 0.130460 0.547737 2.291181 0.227382 10.445886 -0.739039 -0.252092 0.181135 3.633981
1 133.14829 -8.702424 -0.941958 -0.273329 -2.202565 -1.330080 3.395457 0.201819 2.623450 0.130460 0.547737 2.291181 0.227382 10.445886 -0.739039 -0.252092 0.181135 3.633981
1 133.14829 -8.702424 -0.941958 -0.273329 -2.202565 -1.330080 3.395457 0.201819 2.623450 0.130460 0.547737 2.291181 0.227382 10.445886 -0.739039 -0.252092 0.181135 3.633981
1 133.14829 -8.702424 -0.941958 -0.273329 -2.202565 -1.330080 3.395457 0.201819 2.623450 0.130460 0.547737 2.291181 0.227382 10.445886 -0.739039 -0.252092 0.181135 3.633981
1 133.14829 -8.702424 -0.941958 -0.273329 -2.202565 -1.330080 3.395457 0.201819 2.623450 0.130460 0.547737 2.291181 0.227382 10.445886 -0.739039 -0.252092 0.181135 3.633981
1 133.14829 -8.702424 -0.941958 -0.273329 -2.202565 -1.330080 3.395457 0.201819 2.623450 0.130460 0.547737 2.291181 0.227382 10.445886 -0.739039 -0.252092 0.181135 3.633981
1 133.14829 -8.702424 -0.941958 -0.273329 -2.202565 -1.330080 3.395457 0.201819 2.623450 0.130460 0.547737 2.291181 0.227382 10.445886 -0.739039 -0.252092 0.181135 3.633981
1 133.14829 -8.702424 -0.941958 -0.273329 -2.202565 -1.330080 3.395457 0.201819 2.623450 0.130460 0.547737 2.291181 0.227382 10.445886 -0.739039 -0.252092 0.181135 3.633981
1 133.14829 -8.702424 -0.941958 -0.273329 -2.202565 -1.330080 3.395457 0.201819 2.623450 0.130460 0.547737 2.291181 0.227382 10.445886 -0.739039 -0.252092 0.181135 3.633981
1 133.14829 -8.702424 -0.941958 -0.273329 -2.202565 -1.330080 3.395457 0.201819 2.623450 0.130460 0.547737 2.291181 0.227382 10.445886 -0.739039 -0.252092 0.181135 3.633981
1 133.14829 -8.702424 -0.941958 -0.273329 -2.202565 -1.330080 3.395457 0.201819 2.623450 0.130460 0.547737 2.291181 0.227382 10.445886 -0.739039 -0.252092 0.181135 3.633981
1 133.14829 -8.702424 -0.941958 -0.273329 -2.202565 -1.330080 3.395457 0.201819 2.623450 0.130460 0.547737 2.291181 0.227382 10.445886 -0.739039 -0.252092 0.181135 3.633981
1 133.14829 -8.702424 -0.941958 -0.273329 -2.202565 -1.330080 3.395457 0.201819 2.623450 0.130460 0.547737 2.291181 0.227382 10.445886 -0.739039 -0.252092 0.181135 3.633981
1 133.14829 -8.702424 -0.941958 -0.273329 -2.202565 -1.330080 3.395457 0.201819 2.623450 0.130460 0.547737 2.291181 0.227382 10.445886 -0.739039 -0.252092 0.181135 3.633981
1 133.14829 -8.702424 -0.941958 -0.273329 -2.202565 -1.330080 3.395457 0.201819 2.623450 0.130460 0.547737 2.291181 0.227382 10.445886 -0.739039 -0.252092 0.181135 3.633981
1 133.14829 -8.702424 -0.941958 -0.273329 -2.202565 -1.330080 3.395457 0.201819 2.623450 0.130460 0.547737 2.291181 0.227382 10.445886 -0.739039 -0.252092 0.181135 3.633981
1 133.14829 -8.702424 -0.941958 -0.273329 -2.202565 -1.330080 3.395457 0.201819 2.623450 0.130460 0.547737 2.291181 0.227382 10.445886 -0.739039 -0.252092 0.181135 3.633981
1 133.14829 -8.702424 -0.941958 -0.273329 -2.202565 -1.330080 3.395457 0.201819 2.623450 0.130460 0.547737 2.291181 0.227382 10.445886 -0.739039 -0.252092 0.181135 3.633981
1 133.14829 -8.702424 -0.941958 -0.273329 -2.202565 -1.330080 3.395457 0.201819 2.623450 0.130460 0.547737 2.291181 0.227382 10.445886 -0.739039 -0.252092 0.181135 3.633981
1 133.14829 -8.702424 -0.941958 -0.273329 -2.202565 -1.330080 3.395457 0.201819 2.623450 0.130460 0.547737 2.291181 0.227382 10.445886 -0.739039 -0.252092 0.181135 3.633981
1 133.14829 -8.702424 -0.941958 -0.273329 -2.202565 -1.330080 3.395457 0.201819 2.623450 0.130460 0.547737 2.291181 0.227382 10.445886 -0.739039 -0.252092 0.181135 3.633981
1 133.14829 -8.702424 -0.941958 -0.273329 -2.202565 -1.330080 3.395457 0.201819 2.623450 0.130460 0.547737 2.291181 0.227382 10.445886 -0.739039 -0.252092 0.181135 3.633981
1 133.14829 -8.702424 -0.941958 -0.273329 -2.202565 -1.330080 3.395457 0.201819 2.623450 0.130460 0.547737 2.291181 0.227382 10.445886 -0.739039 -0.252092 0.181135 3.633981
1 133.14829 -8.702424 -0.941958 -0.273329 -2.202565 -1.330080 3.395457 0.201819 2.623450 0.130460 0.547737 2.291181 0.227382 10.445886 -0.739039 -0.252092 0.181135 3.633981
1 133.14829 -8.702424 -0.941958 -0.273329 -2.202565 -1.330080 3.395457 0.201819 2.623450 0.130460 0.547737 2.291181 0.227382 10.445886 -0.739039 -0.252092 0.181135 3.633981
1 133.14829 -8.702424 -0.941958 -0.273329 -2.202565 -1.330080 3.395457 0.201819 2.623450 0.130460 0.547737 2.291181 0.227382 10.445886 -0.739039 -0.252092 0.181135 3.633981
1 133.14829 -8.702424 -0.941958 -0.273329 -2.202565 -1.330080 3.395457 0.201819 2.623450 0.130460 0.547737 2.291181 0.227382 10.445886 -0.739039 -0.252092 0.181135 3.633981
1 133.14829 -8.702424 -0.941958 -0.273329 -2.202565 -1.330080 3.395457 0.201819 2.623450 0.130460 0.547737 2.291181 0.227382 10.445886 -0.739039 -0.252092 0.181135 3.633981
1 133.14829 -8.702424 -0.941958 -0.273329 -2.202565 -1.330080 3.395457 0.201819 2.623450 0.130460 0.547737 2.291181 0.227382 10.445886 -0.739039 -0.252092 0.181135 3.633981
1 133.14829 -8.702424 -0.941958 -0.273329 -2.202565 -1.330080 3.395457 0.201819 2.623450 0.130460 0.547737 2.291181 0.227382 10.445886 -0.739039 -0.252092 0.181135 3.633981
1 133.14829 -8.702424 -0.941958 -0.273329 -2.202565 -1.330080 3.395457 0.201819 2.623450 0.130460 0.547737 2.291181 0.227382 10.445886 -0.739039 -0.252092 0.181135 3.633981
1 133.14829 -8.702424 -0.941958 -0.273329 -2.202565 -1.330080 3.395457 0.201819 2.623450 0.130460 0.547737 2.291181 0.227382 10.445886 -0.739039 -0.252092 0.181135 3.633981
1 133.14829 -8.702424 -0.941958 -0.273329 -2.202565 -1.330080 3.395457 0.201819 2.623450 0.130460 0.547737 2.291181 0.227382 10.445886 -0.739039 -0.252092 0.181135 3.633981
1 133.14829 -8.702424 -0.941958 -0.273329 -2.202565 -1.330080 3.395457 0.201819 2.623450 0.130460 0.547737 2.291181 0.227382 10.445886 -0.739039 -0.252092 0.181135 3.633981
1 133.14829 -8.702424 -0.941958 -0.273329 -2.202565 -1.330080 3.395457 0.201819 2.623450 0.130460 0.547737 2.291181 0.227382 10.445886 -0.739039 -0.252092 0.181135 3.633981
1 133.14829 -8.702424 -0.941958 -0.273329 -2.202565 -1.330080 3.395457 0.201819 2.623450 0.130460 0.547737 2.291181 0.227382 10.445886 -0.739039 -0.252092 0.181135 3.633981
1 133.14829 -8.702424 -0.941958 -0.273329 -2.202565 -1.330080 3.395457 0.201819 2.623450 0.130460 0.547737 2.291181 0.227382 10.445886 -0.739039 -0.252092 0.181135 3.633981
1 133.14829 -8.702424 -0.941958 -0.273329 -2.202565 -1.330080 3.395457 0.201819 2.623450 0.130460 0.547737 2.291181 0.227382 10.445886 -0.739039 -0.252092 0.181135 3.633981
1 133.14829 -8.702424 -0.941958 -0.273329 -2.202565 -1.330080 3.395457 0.201819 2.623450 0.130460 0.547737 2.291181 0.227382 10.445886 -0.739039 -0.252092 0.181135 3.633981
1 133.14829 -8.702424 -0.941958 -0.273329 -2.202565 -1.330080 3.395457 0.201819 2.623450 0.130460 0.547737 2.291181 0.227382 10.445886 -0.739039 -0.252092 0.181135 3.633981
1 133.14829 -8.702424 -0.941958 -0.273329 -2.202565 -1.330080 3.395457 0.201819 2.623450 0.130460 0.547737 2.291181 0.227382 10.445886 -0.739039 -0.252092 0.181135 3.633981
1 133.14829 -8.702424 -0.941958 -0.273329 -2.202565 -1.330080 3.395457 0.201819 2.623450 0.130460 0.547737 2.291181 0.227382 10.445886 -0.739039 -0.252092 0.181135 3.633981
1 133.14829 -8.702424 -0.941958 -0.273329 -2.202565 -1.330080 3.395457 0.201819 2.623450 0.130460 0.547737 2.291181 0.227382 10.445886 -0.739039 -0.252092 0.181135 3.633981
1 133.14829 -8.702424 -0.941958 -0.273329 -2.202565 -1.330080 3.395457 0.201819 2.623450 0.130460 0.547737 2.291181 0.227382 10.445886 -0.739039 -0.252092 0.181135 3.633981
1 133.14829 -8.702424 -0.941958 -0.273329 -2.202565 -1.330080 3.395457 0.201819 2.623450 0.130460 0.547737 2.291181 0.227382 10.445886 -0.739039 -0.252092 0.181135 3.633981
1 133.14829 -8.702424 -0.941958 -0.273329 -2.202565 -1.330080 3.395457 0.201819 2.623450 0.130460 0.547737 2.291181 0.227382 10.445886 -0.739039 -0.252092 0.181135 3.633981
1 133.14829 -8.702424 -0.941958 -0.273329 -2.202565 -1.330080 3.395457 0.201819 2.623450 0.130460 0.547737 2.291181 0.227382 10.445886 -0.739039 -0.252092 0.181135 3.633981
1 133.14829 -8.702424 -0.941958 -0.273329 -2.202565 -1.330080 3.395457 0.201819 2.623450 0.130460 0.547737 2.291181 0.227382 10.445886 -0.739039 -0.252092 0.181135 3.633981
1 133.14829 -8.702424 -0.941958 -0.273329 -2.202565 -1.330080 3.395457 0.201819 2.623450 0.130460 0.547737 2.291181 0.227382 10.445886 -0.739039 -0.252092 0.181135 3.633981
1 133.14829 -8.702424 -0.941958 -0.273329 -2.202565 -1.330080 3.395457 0.201819 2.623450 0.130460 0.547737 2.291181 0.227382 10.445886 -0.739039 -0.252092 0.181135 3.633981
1 133.14829 -8.702424 -0.941958 -0.273329 -2.202565 -1.330080 3.395457 0.201819 2.623450 0.130460 0.547737 2.291181 0.227382 10.445886 -0.739039 -0.252092 0.181135 3.633981
1 133.14829 -8.702424 -0.941958 -0.273329 -2.202565 -1.330080 3.395457 0.201819 2.623450 0.130460 0.547737 2.291181 0.227382 10.445886 -0.739039 -0.252092 0.181135 3.633981
1 133.14829 -8.702424 -0.941958 -0.273329 -2.202565 -1.330080 3.395457 0.201819 2.623450 0.130460 0.547737 2.291181 0.227382 10.445886 -0.739039 -0.252092 0.181135 3.633981
1 133.14829 -8.702424 -0.941958 -0.273329 -2.202565 -1.330080 3.395457 0.201819 2.623450 0.130460 0.547737 2.291181 0.227382 10.445886 -0.739039 -0.252092 0.181135 3.633981
1 133.14829 -8.702424 -0.941958 -0.273329 -2.202565 -1.330080 3.395457 0.201819 2.623450 0.130460 0.547737 2.291181 0.227382 10.445886 -0.739039 -0.252092 0.181135 3.633981
1 133.14829 -8.702424 -0.941958 -0.273329 -2.202565 -1.330080 3.395457 0.201819 2.623450 0.130460 0.547737 2.291181 0.227382 10.445886 -0.739039 -0.252092 0.181135 3.633981
1 133.14829 -8.702424 -0.941958 -0.273329 -2.202565 -1.330080 3.395457 0.201819 2.623450 0.130460 0.547737 2.291181 0.227382 10.445886 -0.739039 -0.252092 0.181135 3.633981
1 133.14829 -8.702424 -0.941958 -0.273329 -2.202565 -1.330080 3.395457 0.201819 2.623450 0.130460 0.547737 2.291181 0.227382 10.445886 -0.739039 -0.252092 0.181135 3.633981
1 133.14829 -8.702424 -0.941958 -0.273329 -2.202565 -1.330080 3.395457 0.201819 2.623450 0.130460 0.547737 2.291181 0.227382 10.445886 -0.739039 -0.252092 0.181135 3.633981
1 133.14829 -8.702424 -0.941958 -0.273329 -2.202565 -1.330080 3.395457 0.201819 2.623450 0.130460 0.547737 2.291181 0.227382 10.445886 -0.739039 -0.252092 0.181135 3.633981
1 133.14829 -8.702424 -0.941958 -0.273329 -2.202565 -1.330080 3.395457 0.201819 2.623450 0.130460 0.547737 2.291181 0.227382 10.445886 -0.739039 -0.252092 0.181135 3.633981
1 133.14829 -8.702424 -0.941958 -0.273329 -2.202565 -1.330080 3.395457 0.201819 2.623450 0.130460 0.547737 2.291181 0.227382 10.445886 -0.739039 -0.252092 0.181135 3.633981
1 133.14829 -8.702424 -0.941958 -0.273329 -2.202565 -1.330080 3.395457 0.201819 2.623450 0.130460 0.547737 2.291181 0.227382 10.445886 -0.739039 -0.252092 0.181135 3.633981
1 133.14829 -8.702424 -0.941958 -0.273329 -2.202565 -1.330080 3.395457 0.201819 2.623450 0.130460 0.547737 2.291181 0.227382 10.445886 -0.739039 -0.252092 0.181135 3.633981
1 133.14829 -8.702424 -0.941958 -0.273329 -2.202565 -1.330080 3.395457 0.201819 2.623450 0.130460 0.547737 2.291181 0.227382 10.445886 -0.739039 -0.252092 0.181135 3.633981
1 133.14829 -8.702424 -0.941958 -0.273329 -2.202565 -1.330080 3.395457 0.201819 2.623450 0.130460 0.547737 2.291181 0.227382 10.445886 -0.739039 -0.252092 0.181135 3.633981
1 133.14829 -8.702424 -0.941958 -0.273329 -2.202565 -1.330080 3.395457 0.201819 2.623450 0.130460 0.547737 2.291181 0.227382 10.445886 -0.739039 -0.252092 0.181135 3.633981
1 133.14829 -8.702424 -0.941958 -0.273329 -2.202565 -1.330080 3.395457 0.201819 2.623450 0.130460 0.547737 2.291181 0.227382 10.445886 -0.739039 -0.252092 0.181135 3.633981
1 133.14829 -8.702424 -0.941958 -0.273329 -2.202565 -1.330080 3.395457 0.201819 2.623450 0.130460 0.547737 2.291181 0.227382 10.445886 -0.739039 -0.252092 0.181135 3.633981
1 133.14829 -8.702424 -0.941958 -0.273329 -2.202565 -1.330080 3.395457 0.201819 2.623450 0.130460 0.547737 2.291181 0.227382 10.445886 -0.739039 -0.252092 0.181135 3.633981
1 133.14829 -8.702424 -0.941958 -0.273329 -2.202565 -1.330080 3.395457 0.201819 2.623450 0.130460 0.547737 2.291181 0.227382 10.445886 -0.739039 -0.252092 0.181135 3.633981
1 133.14829 -8.702424 -0.941958 -0.273329 -2.202565 -1.330080 3.395457 0.201819 2.623450 0.130460 0.547737 2.291181 0.227382 10.445886 -0.739039 -0.252092 0.181135 3.633981
1 133.14829 -8.702424 -0.941958 -0.273329 -2.202565 -1.330080 3.395457 0.201819 2.623450 0.130460 0.547737 2.291181 0.227382 10.445886 -0.739039 -0.252092 0.181135 3.633981
1 133.14829 -8.702424 -0.941958 -0.273329 -2.202565 -1.330080 3.395457 0.201819 2.623450 0.130460 0.547737 2.291181 0.227382 10.445886 -0.739039 -0.252092 0.181135 3.633981
1 133.14829 -8.702424 -0.941958 -0.273329 -2.202565 -1.330080 3.395457 0.201819 2.623450 0.130460 0.547737 2.291181 0.227382 10.445886 -0.739039 -0.252092 0.181135 3.633981
1 133.14829 -8.702424 -0.941958 -0.273329 -2.202565 -1.330080 3.395457 0.201819 2.623450 0.130460 0.547737 2.291181 0.227382 10.445886 -0.739039 -0.252092 0.181135 3.633981
1 133.14829 -8.702424 -0.941958 -0.273329 -2.202565 -1.330080 3.395457 0.201819 2.623450 0.130460 0.547737 2.291181 0.227382 10.445886 -0.739039 -0.252092 0.181135 3.633981
1 133.14829 -8.702424 -0.941958 -0.273329 -2.202565 -1.330080 3.395457 0.201819 2.623450 0.130460 0.547737 2.291181 0.227382 10.445886 -0.739039 -0.252092 0.181135 3.633981
1 133.14829 -8.702424 -0.941958 -0.273329 -2.202565 -1.330080 3.395457 0.201819 2.623450 0.130460 0.547737 2.291181 0.227382 10.445886 -0.739039 -0.252092 0.181135 3.633981
1 133.14829 -8.702424 -0.941958 -0.273329 -2.202565 -1.330080 3.395457 0.201819 2.623450 0.130460 0.547737 2.291181 0.227382 10.445886 -0.739039 -0.252092 0.181135 3.633981
1 133.14829 -8.702424 -0.941958 -0.273329 -2.202565 -1.330080 3.395457 0.201819 2.623450 0.130460 0.547737 2.291181 0.227382 10.445886 -0.739039 -0.252092 0.181135 3.633981
1 133.14829 -8.702424 -0.941958 -0.273329 -2.202565 -1.330080 3.395457 0.201819 2.623450 0.130460 0.547737 2.291181 0.227382 10.445886 -0.739039 -0.252092 0.181135 3.633981
1 133.14829 -8.702424 -0.941958 -0.273329 -2.202565 -1.330080 3.395457 0.201819 2.623450 0.130460 0.547737 2.291181 0.227382 10.445886 -0.739039 -0.252092 0.181135 3.633981
1 133.14829 -8.702424 -0.941958 -0.273329 -2.202565 -1.330080 3.395457 0.201819 2.623450 0.130460 0.547737 2.291181 0.227382 10.445886 -0.739039 -0.252092 0.181135 3.633981
1 133.14829 -8.702424 -0.941958 -0.273329 -2.202565 -1.330080 3.395457 0.201819 2.623450 0.130460 0.547737 2.291181 0.227382 10.445886 -0.739039 -0.252092 0.181135 3.633981
1 133.14829 -8.702424 -0.941958 -0.273329 -2.202565 -1.330080 3.395457 0.201819 2.623450 0.130460 0.547737 2.291181 0.227382 10.445886 -0.739039 -0.252092 0.181135 3.633981
1 133.14829 -8.702424 -0.941958 -0.273329 -2.202565 -1.330080 3.395457 0.201819 2.623450 0.130460 0.547737 2.291181 0.227382 10.445886 -0.739039 -0.252092 0.181135 3.633981
1 133.14829 -8.702424 -0.941958 -0.273329 -2.202565 -1.330080 3.395457 0.201819 2.623450 0.130460 0.547737 2.291181 0.227382 10.445886 -0.739039 -0.252092 0.181135 3.633981
1 133.14829 -8.702424 -0.941958 -0.273329 -2.202565 -1.330080 3.395457 0.201819 2.623450 0.130460 0.547737 2.291181 0.227382 10.445886 -0.739039 -0.252092 0.181135 3.633981
1 133.14829 -8.702424 -0.941958 -0.273329 -2.202565 -1.330080 3.395457 0.201819 2.623450 0.130460 0.547737 2.291181 0.227382 10.445886 -0.739039 -0.252092 0.181135 3.633981
1 133.14829 -8.702424 -0.941958 -0.273329 -2.202565 -1.330080 3.395457 0.201819 2.623450 0.130460 0.547737 2.291181 0.227382 10.445886 -0.739039 -0.252092 0.181135 3.633981
1 133.14829 -8.702424 -0.941958 -0.273329 -2.202565 -1.330080 3.395457 0.201819 2.623450 0.130460 0.547737 2.291181 0.227382 10.445886 -0.739039 -0.252092 0.181135 3.633981
1 133.14829 -8.702424 -0.941958 -0.273329 -2.202565 -1.330080 3.395457 0.201819 2.623450 0.130460 0.547737 2.291181 0.227382 10.445886 -0.739039 -0.252092 0.181135 3.633981
1 133.14829 -8.702424 -0.941958 -0.273329 -2.202565 -1.330080 3.395457 0.201819 2.623450 0.130460 0.547737 2.291181 0.227382 10.445886 -0.739039 -0.252092 0.181135 3.633981
1 133.14829 -8.702424 -0.941958 -0.273329 -2.202565 -1.330080 3.395457 0.201819 2.623450 0.130460 0.547737 2.291181 0.227382 10.445886 -0.739039 -0.252092 0.181135 3.633981
1 133.14829 -8.702424 -0.941958 -0.273329 -2.202565 -1.330080 3.395457 0.201819 2.623450 0.130460 0.547737 2.291181 0.227382 10.445886 -0.739039 -0.252092 0.181135 3.633981
1 133.14829 -8.702424 -0.941958 -0.273329 -2.202565 -1.330080 3.395457 0.201819 2.623450 0.130460 0.547737 2.291181 0.227382 10.445886 -0.739039 -0.252092 0.181135 3.633981
1 133.14829 -8.702424 -0.941958 -0.273329 -2.202565 -1.330080 3.395457 0.201819 2.623450 0.130460 0.547737 2.291181 0.227382 10.445886 -0.739039 -0.252092 0.181135 3.633981
1 133.14829 -8.702424 -0.941958 -0.273329 -2.202565 -1.330080 3.395457 0.201819 2.623450 0.130460 0.547737 2.291181 0.227382 10.445886 -0.739039 -0.252092 0.181135 3.633981
1 133.14829 -8.702424 -0.941958 -0.273329 -2.202565 -1.330080 3.395457 0.201819 2.623450 0.130460 0.547737 2.291181 0.227382 10.445886 -0.739039 -0.252092 0.181135 3.633981
1 133.14829 -8.702424 -0.941958 -0.273329 -2.202565 -1.330080 3.395457 0.201819 2.623450 0.130460 0.547737 2.291181 0.227382 10.445886 -0.739039 -0.252092 0.181135 3.633981
1 133.14829 -8.702424 -0.941958 -0.273329 -2.202565 -1.330080 3.395457 0.201819 2.623450 0.130460 0.547737 2.291181 0.227382 10.445886 -0.739039 -0.252092 0.181135 3.633981
1 133.14829 -8.702424 -0.941958 -0.273329 -2.202565 -1.330080 3.395457 0.201819 2.623450 0.130460 0.547737 2.291181 0.227382 10.445886 -0.739039 -0.252092 0.181135 3.633981
1 133.14829 -8.702424 -0.941958 -0.273329 -2.202565 -1.330080 3.395457 0.201819 2.623450 0.130460 0.547737 2.291181 0.227382 10.445886 -0.739039 -0.252092 0.181135 3.633981
1 133.14829 -8.702424 -0.941958 -0.273329 -2.202565 -1.330080 3.395457 0.201819 2.623450 0.130460 0.547737 2.291181 0.227382 10.445886 -0.739039 -0.252092 0.181135 3.633981
1 133.14829 -8.702424 -0.941958 -0.273329 -2.202565 -1.330080 3.395457 0.201819 2.623450 0.130460 0.547737 2.291181 0.227382 10.445886 -0.739039 -0.252092 0.181135 3.633981
1 133.14829 -8.702424 -0.941958 -0.273329 -2.202565 -1.330080 3.395457 0.201819 2.623450 0.130460 0.547737 2.291181 0.227382 10.445886 -0.739039 -0.252092 0.181135 3.633981
1 133.14829 -8.702424 -0.941958 -0.273329 -2.202565 -1.330080 3.395457 0.201819 2.623450 0.130460 0.547737 2.291181 0.227382 10.445886 -0.739039 -0.252092 0.181135 3.633981
1 133.14829 -8.702424 -0.941958 -0.273329 -2.202565 -1.330080 3.395457 0.201819 2.623450 0.130460 0.547737 2.291181 0.227382 10.445886 -0.739039 -0.252092 0.181135 3.633981
1 133.14829 -8.702424 -0.941958 -0.273329 -2.202565 -1.330080 3.395457 0.201819 2.623450 0.130460 0.547737 2.291181 0.227382 10.445886 -0.739039 -0.252092 0.181135 3.633981
1 133.14829 -8.702424 -0.941958 -0.273329 -2.202565 -1.330080 3.395457 0.201819 2.623450 0.130460 0.547737 2.291181 0.227382 10.445886 -0.739039 -0.252092 0.181135 3.633981
1 133.14829 -8.702424 -0.941958 -0.273329 -2.202565 -1.330080 3.395457 0.201819 2.623450 0.130460 0.547737 2.291181 0.227382 10.445886 -0.739039 -0.252092 0.181135 3.633981
1 133.14829 -8.702424 -0.941958 -0.273329 -2.202565 -1.330080 3.395457 0.201819 2.623450 0.130460 0.547737 2.291181 0.227382 10.445886 -0.739039 -0.252092 0.181135 3.633981
