1 inf -8.683475 -0.985672 -0.303289 -2.262236 -1.420173 3.374356 0.242098 2.571077 0.213353 0.610623 2.342676 0.209176 10.462149 -0.317842 0.166453 3.701553
1 inf -8.718038 -0.987779 -0.289254 -2.233071 -1.406455 3.367414 0.250616 2.548858 0.209005 0.586397 2.321805 0.185783 10.452037 -0.310490 0.184958 3.665289
1 inf -8.725309 -0.991294 -0.266211 -2.228853 -1.418126 3.333577 0.230426 2.559635 0.214092 0.554274 2.343931 0.166217 10.474987 -0.369088 0.199755 3.648129
1 inf -8.742479 -0.998138 -0.277762 -2.269823 -1.373814 3.349045 0.212367 2.605535 0.203092 0.555376 2.326480 0.165064 10.465535 -0.369455 0.239742 3.667112
1 inf -8.751426 -0.999922 -0.281946 -2.253614 -1.386087 3.350977 0.210291 2.594852 0.225723 0.541059 2.323494 0.157903 10.483772 -0.371748 0.231155 3.674953
1 inf -8.749957 -0.978669 -0.308762 -2.241577 -1.405610 3.366670 0.217954 2.567043 0.245248 0.539571 2.343339 0.128622 10.463228 -0.353717 0.199062 3.683367
1 inf -8.731448 -0.991846 -0.296367 -2.272592 -1.414197 3.362016 0.182352 2.575577 0.262665 0.509048 2.339076 0.110180 10.472753 -0.358232 0.248327 3.700102
1 inf -8.747342 -0.991412 -0.286843 -2.257635 -1.421461 3.352861 0.175321 2.564466 0.240426 0.494455 2.338713 0.099551 10.466797 -0.371268 0.250365 3.696745
1 inf -8.766761 -0.986692 -0.302959 -2.253650 -1.414812 3.344507 0.212304 2.567922 0.262902 0.443918 2.370495 0.087338 10.469841 -0.384481 0.245466 3.702059
1 inf -8.800528 -0.998562 -0.323242 -2.254500 -1.420602 3.372005 0.221684 2.581066 0.278304 0.406034 2.424106 0.083016 10.493805 -0.408003 0.261087 3.704139
1 inf -8.826494 -0.964208 -0.337217 -2.271875 -1.422524 3.374404 0.244615 2.599686 0.261915 0.411152 2.410252 0.085168 10.485185 -0.406032 0.248546 3.696258
1 inf -8.803696 -0.960532 -0.344050 -2.262223 -1.440246 3.398318 0.234509 2.609732 0.255813 0.393830 2.426910 0.094446 10.476361 -0.418026 0.262783 3.690223
1 inf -8.773097 -0.982096 -0.371320 -2.249592 -1.460947 3.372146 0.312708 2.614356 0.260099 0.373093 2.423673 0.081126 10.520002 -0.403839 0.306889 3.663350
1 inf -8.816730 -0.959685 -0.392956 -2.262696 -1.474808 3.370932 0.345102 2.609922 0.251541 0.397177 2.372696 0.091044 10.509604 -0.403255 0.328578 3.686894
1 inf -8.811755 -0.987729 -0.441050 -2.256601 -1.517329 3.361295 0.337064 2.590226 0.247371 0.394797 2.357434 0.071883 10.507088 -0.429804 0.303070 3.712331
1 inf -8.800113 -0.968781 -0.450367 -2.235256 -1.529226 3.315547 0.295757 2.611460 0.279365 0.370108 2.356072 0.121300 10.462836 -0.449500 0.314071 3.714696
1 inf -8.801238 -0.973711 -0.471302 -2.241363 -1.500514 3.307288 0.272017 2.581740 0.287407 0.371637 2.381036 0.141510 10.470279 -0.491389 0.309315 3.662936
1 inf -8.833474 -0.968220 -0.497642 -2.238378 -1.532054 3.306068 0.251295 2.591625 0.278000 0.390074 2.400847 0.136753 10.511192 -0.434526 0.295068 3.654995
1 inf -8.814676 -0.970487 -0.497248 -2.244894 -1.501594 3.281140 0.255936 2.571786 0.291806 0.417328 2.438851 0.145791 10.533113 -0.433865 0.301034 3.620808
1 inf -8.835783 -0.944726 -0.451323 -2.269053 -1.472596 3.276375 0.283876 2.550363 0.296362 0.459035 2.440736 0.166093 10.519355 -0.447438 0.281693 3.627843
1 inf -8.827948 -0.948082 -0.458178 -2.297174 -1.454121 3.268718 0.282236 2.542887 0.281149 0.435085 2.425823 0.121708 10.557404 -0.411440 0.258006 3.641641
1 inf -8.832221 -0.952048 -0.452359 -2.321861 -1.440335 3.254459 0.254719 2.534792 0.300611 0.454731 2.418807 0.146890 10.540588 -0.422956 0.231908 3.640481
1 inf -8.859584 -0.958512 -0.459818 -2.329933 -1.430717 3.229000 0.235533 2.571621 0.266263 0.419129 2.428743 0.145036 10.562487 -0.414052 0.234056 3.620325
1 inf -8.852758 -0.959842 -0.461565 -2.315845 -1.394933 3.251333 0.224266 2.574325 0.265580 0.425848 2.443535 0.122449 10.545336 -0.416754 0.265658 3.619604
1 inf -8.847032 -0.996750 -0.462361 -2.308532 -1.369889 3.287657 0.237651 2.572589 0.262647 0.401139 2.454835 0.108232 10.545794 -0.419774 0.265004 3.620889
1 inf -8.832549 -0.985604 -0.445673 -2.312603 -1.342034 3.284957 0.209884 2.571059 0.266289 0.410896 2.443564 0.128497 10.552804 -0.425627 0.280469 3.646379
1 148.61546 -8.820399 -0.994145 -0.472858 -2.279853 -1.325102 3.327159 0.227773 2.598120 0.316774 0.412379 2.402966 0.096310 10.582921 -0.422327 0.311252 3.656668
1 148.61546 -8.820399 -0.994145 -0.472858 -2.279853 -1.325102 3.327159 0.227773 2.598120 0.316774 0.412379 2.402966 0.096310 10.582921 -0.422327 0.311252 3.656668
1 148.25708 -8.805525 -0.966194 -0.468139 -2.274773 -1.274689 3.331150 0.221795 2.590473 0.332020 0.390444 2.396845 0.125998 10.572741 -0.425566 0.324019 3.663647
1 148.25708 -8.805525 -0.966194 -0.468139 -2.274773 -1.274689 3.331150 0.221795 2.590473 0.332020 0.390444 2.396845 0.125998 10.572741 -0.425566 0.324019 3.663647
1 135.47279 -8.786664 -0.953242 -0.455698 -2.311852 -1.258424 3.363278 0.199056 2.588334 0.294086 0.425355 2.400739 0.128001 10.573074 -0.452354 0.342520 3.643952
1 134.06649 -8.768703 -0.910152 -0.488286 -2.316521 -1.278242 3.348195 0.206464 2.593048 0.296155 0.419637 2.415386 0.132140 10.546908 -0.458694 0.331455 3.665127
1 133.60551 -8.772162 -0.918787 -0.487055 -2.338514 -1.281238 3.355180 0.202736 2.579740 0.319735 0.450391 2.456407 0.126053 10.523528 -0.483480 0.314337 3.698911
1 128.18742 -8.755024 -0.937033 -0.459434 -2.374188 -1.267734 3.334575 0.191444 2.567522 0.318338 0.462818 2.431688 0.094828 10.507272 -0.467907 0.287770 3.676999
1 128.18742 -8.755024 -0.937033 -0.459434 -2.374188 -1.267734 3.334575 0.191444 2.567522 0.318338 0.462818 2.431688 0.094828 10.507272 -0.467907 0.287770 3.676999
1 123.76292 -8.742817 -0.895083 -0.478679 -2.372808 -1.261073 3.334173 0.182614 2.576050 0.319200 0.480492 2.408911 0.093462 10.445578 -0.462918 0.295058 3.672249
1 123.76292 -8.742817 -0.895083 -0.478679 -2.372808 -1.261073 3.334173 0.182614 2.576050 0.319200 0.480492 2.408911 0.093462 10.445578 -0.462918 0.295058 3.672249
1 121.32862 -8.756140 -0.908319 -0.511798 -2.418110 -1.260646 3.360244 0.214407 2.561090 0.348232 0.506383 2.415506 0.106465 10.425954 -0.473459 0.309273 3.665455
1 114.44615 -8.748761 -0.897351 -0.491204 -2.474191 -1.285075 3.374445 0.213041 2.538538 0.349817 0.530125 2.422370 0.070323 10.430814 -0.518629 0.353690 3.666436
1 114.44615 -8.748761 -0.897351 -0.491204 -2.474191 -1.285075 3.374445 0.213041 2.538538 0.349817 0.530125 2.422370 0.070323 10.430814 -0.518629 0.353690 3.666436
1 114.44615 -8.748761 -0.897351 -0.491204 -2.474191 -1.285075 3.374445 0.213041 2.538538 0.349817 0.530125 2.422370 0.070323 10.430814 -0.518629 0.353690 3.666436
1 111.72374 -8.769131 -0.874080 -0.504820 -2.462489 -1.295629 3.400402 0.227330 2.551658 0.320200 0.525859 2.405540 0.064415 10.415062 -0.489155 0.354096 3.684790
1 111.49923 -8.741419 -0.884735 -0.509140 -2.447824 -1.328005 3.393730 0.221891 2.557297 0.290383 0.539004 2.395546 0.064666 10.359636 -0.461789 0.322037 3.665596
1 108.49047 -8.761640 -0.858364 -0.493946 -2.480906 -1.319642 3.398382 0.201733 2.550080 0.279905 0.549238 2.429084 0.051835 10.388420 -0.414250 0.339626 3.683746
1 108.49047 -8.761640 -0.858364 -0.493946 -2.480906 -1.319642 3.398382 0.201733 2.550080 0.279905 0.549238 2.429084 0.051835 10.388420 -0.414250 0.339626 3.683746
1 108.73464 -8.782103 -0.840976 -0.499982 -2.450414 -1.324849 3.394951 0.190282 2.534110 0.297242 0.533155 2.388089 0.059082 10.359246 -0.396697 0.317780 3.701060
1 108.69785 -8.793084 -0.853287 -0.519640 -2.403819 -1.310054 3.373009 0.150420 2.560627 0.306493 0.541531 2.409038 0.049158 10.349700 -0.409805 0.336421 3.700173
1 108.69785 -8.793084 -0.853287 -0.519640 -2.403819 -1.310054 3.373009 0.150420 2.560627 0.306493 0.541531 2.409038 0.049158 10.349700 -0.409805 0.336421 3.700173
1 108.69785 -8.793084 -0.853287 -0.519640 -2.403819 -1.310054 3.373009 0.150420 2.560627 0.306493 0.541531 2.409038 0.049158 10.349700 -0.409805 0.336421 3.700173
1 108.76729 -8.748897 -0.894159 -0.502809 -2.435037 -1.301806 3.323693 0.141775 2.529067 0.317396 0.476507 2.385560 0.021904 10.339941 -0.412252 0.331786 3.685384
1 108.76729 -8.748897 -0.894159 -0.502809 -2.435037 -1.301806 3.323693 0.141775 2.529067 0.317396 0.476507 2.385560 0.021904 10.339941 -0.412252 0.331786 3.685384
1 108.76729 -8.748897 -0.894159 -0.502809 -2.435037 -1.301806 3.323693 0.141775 2.529067 0.317396 0.476507 2.385560 0.021904 10.339941 -0.412252 0.331786 3.685384
1 108.76729 -8.748897 -0.894159 -0.502809 -2.435037 -1.301806 3.323693 0.141775 2.529067 0.317396 0.476507 2.385560 0.021904 10.339941 -0.412252 0.331786 3.685384
1 108.76729 -8.748897 -0.894159 -0.502809 -2.435037 -1.301806 3.323693 0.141775 2.529067 0.317396 0.476507 2.385560 0.021904 10.339941 -0.412252 0.331786 3.685384
1 108.76729 -8.748897 -0.894159 -0.502809 -2.435037 -1.301806 3.323693 0.141775 2.529067 0.317396 0.476507 2.385560 0.021904 10.339941 -0.412252 0.331786 3.685384
1 108.76729 -8.748897 -0.894159 -0.502809 -2.435037 -1.301806 3.323693 0.141775 2.529067 0.317396 0.476507 2.385560 0.021904 10.339941 -0.412252 0.331786 3.685384
1 108.46758 -8.742311 -0.866693 -0.516278 -2.413961 -1.305027 3.332759 0.146837 2.562373 0.328410 0.495690 2.362090 -0.024709 10.323216 -0.386062 0.360019 3.671364
1 108.46758 -8.742311 -0.866693 -0.516278 -2.413961 -1.305027 3.332759 0.146837 2.562373 0.328410 0.495690 2.362090 -0.024709 10.323216 -0.386062 0.360019 3.671364
1 108.46758 -8.742311 -0.866693 -0.516278 -2.413961 -1.305027 3.332759 0.146837 2.562373 0.328410 0.495690 2.362090 -0.024709 10.323216 -0.386062 0.360019 3.671364
1 108.46758 -8.742311 -0.866693 -0.516278 -2.413961 -1.305027 3.332759 0.146837 2.562373 0.328410 0.495690 2.362090 -0.024709 10.323216 -0.386062 0.360019 3.671364
1 108.46758 -8.742311 -0.866693 -0.516278 -2.413961 -1.305027 3.332759 0.146837 2.562373 0.328410 0.495690 2.362090 -0.024709 10.323216 -0.386062 0.360019 3.671364
1 106.05862 -8.727527 -0.868996 -0.511642 -2.445119 -1.279758 3.335520 0.176978 2.535691 0.342271 0.514746 2.387081 -0.056280 10.274607 -0.384104 0.359828 3.672018
1 106.18581 -8.741541 -0.852588 -0.485690 -2.422681 -1.286467 3.350344 0.150456 2.542316 0.366604 0.538157 2.382373 -0.045921 10.274973 -0.376380 0.345007 3.664059
1 106.18581 -8.741541 -0.852588 -0.485690 -2.422681 -1.286467 3.350344 0.150456 2.542316 0.366604 0.538157 2.382373 -0.045921 10.274973 -0.376380 0.345007 3.664059
1 102.66608 -8.734835 -0.847632 -0.460187 -2.441314 -1.299522 3.349715 0.146944 2.522400 0.364015 0.543014 2.404500 -0.019650 10.265821 -0.395907 0.331431 3.637357
1 102.66608 -8.734835 -0.847632 -0.460187 -2.441314 -1.299522 3.349715 0.146944 2.522400 0.364015 0.543014 2.404500 -0.019650 10.265821 -0.395907 0.331431 3.637357
1 102.66608 -8.734835 -0.847632 -0.460187 -2.441314 -1.299522 3.349715 0.146944 2.522400 0.364015 0.543014 2.404500 -0.019650 10.265821 -0.395907 0.331431 3.637357
1 102.66608 -8.734835 -0.847632 -0.460187 -2.441314 -1.299522 3.349715 0.146944 2.522400 0.364015 0.543014 2.404500 -0.019650 10.265821 -0.395907 0.331431 3.637357
1 102.66608 -8.734835 -0.847632 -0.460187 -2.441314 -1.299522 3.349715 0.146944 2.522400 0.364015 0.543014 2.404500 -0.019650 10.265821 -0.395907 0.331431 3.637357
1 102.66608 -8.734835 -0.847632 -0.460187 -2.441314 -1.299522 3.349715 0.146944 2.522400 0.364015 0.543014 2.404500 -0.019650 10.265821 -0.395907 0.331431 3.637357
1 102.66608 -8.734835 -0.847632 -0.460187 -2.441314 -1.299522 3.349715 0.146944 2.522400 0.364015 0.543014 2.404500 -0.019650 10.265821 -0.395907 0.331431 3.637357
1 102.66608 -8.734835 -0.847632 -0.460187 -2.441314 -1.299522 3.349715 0.146944 2.522400 0.364015 0.543014 2.404500 -0.019650 10.265821 -0.395907 0.331431 3.637357
1 102.66608 -8.734835 -0.847632 -0.460187 -2.441314 -1.299522 3.349715 0.146944 2.522400 0.364015 0.543014 2.404500 -0.019650 10.265821 -0.395907 0.331431 3.637357
1 102.66608 -8.734835 -0.847632 -0.460187 -2.441314 -1.299522 3.349715 0.146944 2.522400 0.364015 0.543014 2.404500 -0.019650 10.265821 -0.395907 0.331431 3.637357
1 99.778225 -8.735794 -0.865448 -0.484450 -2.423345 -1.335332 3.396353 0.130001 2.503945 0.392709 0.550140 2.435204 -0.059369 10.248419 -0.353202 0.357405 3.619328
1 99.778225 -8.735794 -0.865448 -0.484450 -2.423345 -1.335332 3.396353 0.130001 2.503945 0.392709 0.550140 2.435204 -0.059369 10.248419 -0.353202 0.357405 3.619328
1 99.778225 -8.735794 -0.865448 -0.484450 -2.423345 -1.335332 3.396353 0.130001 2.503945 0.392709 0.550140 2.435204 -0.059369 10.248419 -0.353202 0.357405 3.619328
1 100.44727 -8.708583 -0.898176 -0.448552 -2.430252 -1.325683 3.397010 0.098790 2.555965 0.379073 0.585205 2.443818 -0.058078 10.245288 -0.373680 0.365718 3.631543
1 100.44727 -8.708583 -0.898176 -0.448552 -2.430252 -1.325683 3.397010 0.098790 2.555965 0.379073 0.585205 2.443818 -0.058078 10.245288 -0.373680 0.365718 3.631543
1 99.946907 -8.708753 -0.883565 -0.441248 -2.453795 -1.317856 3.406564 0.101434 2.553035 0.393467 0.544723 2.437757 -0.067674 10.295429 -0.386064 0.387145 3.630196
1 99.946907 -8.708753 -0.883565 -0.441248 -2.453795 -1.317856 3.406564 0.101434 2.553035 0.393467 0.544723 2.437757 -0.067674 10.295429 -0.386064 0.387145 3.630196
1 99.946907 -8.708753 -0.883565 -0.441248 -2.453795 -1.317856 3.406564 0.101434 2.553035 0.393467 0.544723 2.437757 -0.067674 10.295429 -0.386064 0.387145 3.630196
1 97.133255 -8.692040 -0.810029 -0.437798 -2.496588 -1.341561 3.415572 0.128036 2.576055 0.368021 0.549119 2.457799 -0.085390 10.266766 -0.348355 0.370880 3.599491
1 97.133255 -8.692040 -0.810029 -0.437798 -2.496588 -1.341561 3.415572 0.128036 2.576055 0.368021 0.549119 2.457799 -0.085390 10.266766 -0.348355 0.370880 3.599491
1 97.133255 -8.692040 -0.810029 -0.437798 -2.496588 -1.341561 3.415572 0.128036 2.576055 0.368021 0.549119 2.457799 -0.085390 10.266766 -0.348355 0.370880 3.599491
1 96.571004 -8.644910 -0.851695 -0.455802 -2.468684 -1.330853 3.391107 0.126480 2.569925 0.350166 0.547300 2.435756 -0.092877 10.276987 -0.343672 0.365231 3.625483
1 96.513797 -8.632459 -0.850100 -0.448501 -2.476138 -1.276876 3.379673 0.139185 2.558506 0.335835 0.554593 2.447728 -0.088296 10.267608 -0.353888 0.345911 3.645131
1 96.513797 -8.632459 -0.850100 -0.448501 -2.476138 -1.276876 3.379673 0.139185 2.558506 0.335835 0.554593 2.447728 -0.088296 10.267608 -0.353888 0.345911 3.645131
1 96.136526 -8.588394 -0.868548 -0.444309 -2.497537 -1.250981 3.364153 0.123226 2.552682 0.318878 0.566232 2.427401 -0.132115 10.270407 -0.311481 0.368083 3.632481
1 94.119271 -8.584174 -0.894448 -0.464629 -2.519829 -1.260466 3.390578 0.152636 2.569438 0.283285 0.548276 2.446876 -0.135079 10.259717 -0.294147 0.338282 3.677080
1 94.119271 -8.584174 -0.894448 -0.464629 -2.519829 -1.260466 3.390578 0.152636 2.569438 0.283285 0.548276 2.446876 -0.135079 10.259717 -0.294147 0.338282 3.677080
1 92.724273 -8.566109 -0.933274 -0.469668 -2.521163 -1.280160 3.403994 0.154480 2.566395 0.266918 0.514738 2.445603 -0.078682 10.224731 -0.266032 0.311596 3.670419
1 92.724273 -8.566109 -0.933274 -0.469668 -2.521163 -1.280160 3.403994 0.154480 2.566395 0.266918 0.514738 2.445603 -0.078682 10.224731 -0.266032 0.311596 3.670419
1 92.724273 -8.566109 -0.933274 -0.469668 -2.521163 -1.280160 3.403994 0.154480 2.566395 0.266918 0.514738 2.445603 -0.078682 10.224731 -0.266032 0.311596 3.670419
1 92.724273 -8.566109 -0.933274 -0.469668 -2.521163 -1.280160 3.403994 0.154480 2.566395 0.266918 0.514738 2.445603 -0.078682 10.224731 -0.266032 0.311596 3.670419
1 91.479894 -8.542414 -0.927892 -0.471301 -2.538117 -1.240942 3.409175 0.145086 2.569751 0.293263 0.514330 2.425481 -0.051739 10.206940 -0.251837 0.349577 3.666037
1 90.137492 -8.541493 -0.949785 -0.489533 -2.548286 -1.245550 3.345849 0.158279 2.562902 0.327777 0.529966 2.474757 -0.057016 10.208990 -0.268050 0.351710 3.644341
1 90.137492 -8.541493 -0.949785 -0.489533 -2.548286 -1.245550 3.345849 0.158279 2.562902 0.327777 0.529966 2.474757 -0.057016 10.208990 -0.268050 0.351710 3.644341
1 90.137492 -8.541493 -0.949785 -0.489533 -2.548286 -1.245550 3.345849 0.158279 2.562902 0.327777 0.529966 2.474757 -0.057016 10.208990 -0.268050 0.351710 3.644341
1 90.137492 -8.541493 -0.949785 -0.489533 -2.548286 -1.245550 3.345849 0.158279 2.562902 0.327777 0.529966 2.474757 -0.057016 10.208990 -0.268050 0.351710 3.644341
1 90.137492 -8.541493 -0.949785 -0.489533 -2.548286 -1.245550 3.345849 0.158279 2.562902 0.327777 0.529966 2.474757 -0.057016 10.208990 -0.268050 0.351710 3.644341
1 89.326719 -8.531073 -0.990604 -0.484959 -2.553876 -1.252543 3.347036 0.136710 2.594711 0.342338 0.499396 2.485348 -0.022817 10.158486 -0.285091 0.354227 3.633326
1 89.326719 -8.531073 -0.990604 -0.484959 -2.553876 -1.252543 3.347036 0.136710 2.594711 0.342338 0.499396 2.485348 -0.022817 10.158486 -0.285091 0.354227 3.633326
1 89.326719 -8.531073 -0.990604 -0.484959 -2.553876 -1.252543 3.347036 0.136710 2.594711 0.342338 0.499396 2.485348 -0.022817 10.158486 -0.285091 0.354227 3.633326
1 89.326719 -8.531073 -0.990604 -0.484959 -2.553876 -1.252543 3.347036 0.136710 2.594711 0.342338 0.499396 2.485348 -0.022817 10.158486 -0.285091 0.354227 3.633326
1 88.177519 -8.521030 -0.953445 -0.484856 -2.580082 -1.233484 3.358750 0.151768 2.566004 0.315904 0.474913 2.464090 -0.028664 10.197130 -0.281212 0.343477 3.598842
1 88.177519 -8.521030 -0.953445 -0.484856 -2.580082 -1.233484 3.358750 0.151768 2.566004 0.315904 0.474913 2.464090 -0.028664 10.197130 -0.281212 0.343477 3.598842
