1 169.50164 -8.649883 -0.976468 -0.271079 -2.293252 -1.418146 3.387284 0.183907 2.544143 0.181301 0.568860 2.333345 0.163696 10.414024 -0.735424 -0.286921 0.198056 3.686216
1 168.20519 -8.647186 -0.985693 -0.303259 -2.299633 -1.409325 3.412482 0.212457 2.573925 0.204848 0.583715 2.334744 0.144199 10.372700 -0.758262 -0.282592 0.202651 3.648322
1 168.20519 -8.647186 -0.985693 -0.303259 -2.299633 -1.409325 3.412482 0.212457 2.573925 0.204848 0.583715 2.334744 0.144199 10.372700 -0.758262 -0.282592 0.202651 3.648322
1 168.20519 -8.647186 -0.985693 -0.303259 -2.299633 -1.409325 3.412482 0.212457 2.573925 0.204848 0.583715 2.334744 0.144199 10.372700 -0.758262 -0.282592 0.202651 3.648322
1 165.8674 -8.633879 -0.961823 -0.298740 -2.293566 -1.432175 3.401456 0.240150 2.564944 0.193725 0.595139 2.373706 0.157195 10.409306 -0.720069 -0.265793 0.207248 3.675127
1 140.84224 -8.630064 -0.970041 -0.311608 -2.288501 -1.406582 3.411968 0.243871 2.524662 0.178620 0.597368 2.368804 0.142583 10.447552 -0.726748 -0.226058 0.247364 3.682673
1 140.84224 -8.630064 -0.970041 -0.311608 -2.288501 -1.406582 3.411968 0.243871 2.524662 0.178620 0.597368 2.368804 0.142583 10.447552 -0.726748 -0.226058 0.247364 3.682673
1 140.84224 -8.630064 -0.970041 -0.311608 -2.288501 -1.406582 3.411968 0.243871 2.524662 0.178620 0.597368 2.368804 0.142583 10.447552 -0.726748 -0.226058 0.247364 3.682673
1 140.58388 -8.616374 -0.964140 -0.351186 -2.309853 -1.348691 3.434561 0.259948 2.522016 0.177298 0.603732 2.358422 0.108895 10.440970 -0.727832 -0.213253 0.259416 3.671084
1 140.46818 -8.611397 -0.963173 -0.359318 -2.319919 -1.317097 3.434689 0.253946 2.523565 0.176178 0.647967 2.378941 0.149684 10.464732 -0.760664 -0.246702 0.270377 3.700725
1 140.46818 -8.611397 -0.963173 -0.359318 -2.319919 -1.317097 3.434689 0.253946 2.523565 0.176178 0.647967 2.378941 0.149684 10.464732 -0.760664 -0.246702 0.270377 3.700725
1 140.46818 -8.611397 -0.963173 -0.359318 -2.319919 -1.317097 3.434689 0.253946 2.523565 0.176178 0.647967 2.378941 0.149684 10.464732 -0.760664 -0.246702 0.270377 3.700725
1 140.46818 -8.611397 -0.963173 -0.359318 -2.319919 -1.317097 3.434689 0.253946 2.523565 0.176178 0.647967 2.378941 0.149684 10.464732 -0.760664 -0.246702 0.270377 3.700725
1 140.46818 -8.611397 -0.963173 -0.359318 -2.319919 -1.317097 3.434689 0.253946 2.523565 0.176178 0.647967 2.378941 0.149684 10.464732 -0.760664 -0.246702 0.270377 3.700725
1 140.46818 -8.611397 -0.963173 -0.359318 -2.319919 -1.317097 3.434689 0.253946 2.523565 0.176178 0.647967 2.378941 0.149684 10.464732 -0.760664 -0.246702 0.270377 3.700725
1 140.46818 -8.611397 -0.963173 -0.359318 -2.319919 -1.317097 3.434689 0.253946 2.523565 0.176178 0.647967 2.378941 0.149684 10.464732 -0.760664 -0.246702 0.270377 3.700725
1 140.46818 -8.611397 -0.963173 -0.359318 -2.319919 -1.317097 3.434689 0.253946 2.523565 0.176178 0.647967 2.378941 0.149684 10.464732 -0.760664 -0.246702 0.270377 3.700725
1 140.46818 -8.611397 -0.963173 -0.359318 -2.319919 -1.317097 3.434689 0.253946 2.523565 0.176178 0.647967 2.378941 0.149684 10.464732 -0.760664 -0.246702 0.270377 3.700725
1 140.46818 -8.611397 -0.963173 -0.359318 -2.319919 -1.317097 3.434689 0.253946 2.523565 0.176178 0.647967 2.378941 0.149684 10.464732 -0.760664 -0.246702 0.270377 3.700725
1 140.46818 -8.611397 -0.963173 -0.359318 -2.319919 -1.317097 3.434689 0.253946 2.523565 0.176178 0.647967 2.378941 0.149684 10.464732 -0.760664 -0.246702 0.270377 3.700725
1 140.46818 -8.611397 -0.963173 -0.359318 -2.319919 -1.317097 3.434689 0.253946 2.523565 0.176178 0.647967 2.378941 0.149684 10.464732 -0.760664 -0.246702 0.270377 3.700725
1 140.46818 -8.611397 -0.963173 -0.359318 -2.319919 -1.317097 3.434689 0.253946 2.523565 0.176178 0.647967 2.378941 0.149684 10.464732 -0.760664 -0.246702 0.270377 3.700725
1 140.46818 -8.611397 -0.963173 -0.359318 -2.319919 -1.317097 3.434689 0.253946 2.523565 0.176178 0.647967 2.378941 0.149684 10.464732 -0.760664 -0.246702 0.270377 3.700725
1 140.46818 -8.611397 -0.963173 -0.359318 -2.319919 -1.317097 3.434689 0.253946 2.523565 0.176178 0.647967 2.378941 0.149684 10.464732 -0.760664 -0.246702 0.270377 3.700725
1 140.46818 -8.611397 -0.963173 -0.359318 -2.319919 -1.317097 3.434689 0.253946 2.523565 0.176178 0.647967 2.378941 0.149684 10.464732 -0.760664 -0.246702 0.270377 3.700725
1 140.46818 -8.611397 -0.963173 -0.359318 -2.319919 -1.317097 3.434689 0.253946 2.523565 0.176178 0.647967 2.378941 0.149684 10.464732 -0.760664 -0.246702 0.270377 3.700725
1 140.46818 -8.611397 -0.963173 -0.359318 -2.319919 -1.317097 3.434689 0.253946 2.523565 0.176178 0.647967 2.378941 0.149684 10.464732 -0.760664 -0.246702 0.270377 3.700725
1 140.46818 -8.611397 -0.963173 -0.359318 -2.319919 -1.317097 3.434689 0.253946 2.523565 0.176178 0.647967 2.378941 0.149684 10.464732 -0.760664 -0.246702 0.270377 3.700725
1 140.46818 -8.611397 -0.963173 -0.359318 -2.319919 -1.317097 3.434689 0.253946 2.523565 0.176178 0.647967 2.378941 0.149684 10.464732 -0.760664 -0.246702 0.270377 3.700725
1 140.46818 -8.611397 -0.963173 -0.359318 -2.319919 -1.317097 3.434689 0.253946 2.523565 0.176178 0.647967 2.378941 0.149684 10.464732 -0.760664 -0.246702 0.270377 3.700725
1 140.46818 -8.611397 -0.963173 -0.359318 -2.319919 -1.317097 3.434689 0.253946 2.523565 0.176178 0.647967 2.378941 0.149684 10.464732 -0.760664 -0.246702 0.270377 3.700725
1 140.46818 -8.611397 -0.963173 -0.359318 -2.319919 -1.317097 3.434689 0.253946 2.523565 0.176178 0.647967 2.378941 0.149684 10.464732 -0.760664 -0.246702 0.270377 3.700725
1 140.46818 -8.611397 -0.963173 -0.359318 -2.319919 -1.317097 3.434689 0.253946 2.523565 0.176178 0.647967 2.378941 0.149684 10.464732 -0.760664 -0.246702 0.270377 3.700725
1 140.46818 -8.611397 -0.963173 -0.359318 -2.319919 -1.317097 3.434689 0.253946 2.523565 0.176178 0.647967 2.378941 0.149684 10.464732 -0.760664 -0.246702 0.270377 3.700725
1 140.46818 -8.611397 -0.963173 -0.359318 -2.319919 -1.317097 3.434689 0.253946 2.523565 0.176178 0.647967 2.378941 0.149684 10.464732 -0.760664 -0.246702 0.270377 3.700725
1 140.46818 -8.611397 -0.963173 -0.359318 -2.319919 -1.317097 3.434689 0.253946 2.523565 0.176178 0.647967 2.378941 0.149684 10.464732 -0.760664 -0.246702 0.270377 3.700725
1 140.46818 -8.611397 -0.963173 -0.359318 -2.319919 -1.317097 3.434689 0.253946 2.523565 0.176178 0.647967 2.378941 0.149684 10.464732 -0.760664 -0.246702 0.270377 3.700725
1 140.46818 -8.611397 -0.963173 -0.359318 -2.319919 -1.317097 3.434689 0.253946 2.523565 0.176178 0.647967 2.378941 0.149684 10.464732 -0.760664 -0.246702 0.270377 3.700725
1 140.46818 -8.611397 -0.963173 -0.359318 -2.319919 -1.317097 3.434689 0.253946 2.523565 0.176178 0.647967 2.378941 0.149684 10.464732 -0.760664 -0.246702 0.270377 3.700725
1 140.46818 -8.611397 -0.963173 -0.359318 -2.319919 -1.317097 3.434689 0.253946 2.523565 0.176178 0.647967 2.378941 0.149684 10.464732 -0.760664 -0.246702 0.270377 3.700725
1 140.46818 -8.611397 -0.963173 -0.359318 -2.319919 -1.317097 3.434689 0.253946 2.523565 0.176178 0.647967 2.378941 0.149684 10.464732 -0.760664 -0.246702 0.270377 3.700725
1 140.46818 -8.611397 -0.963173 -0.359318 -2.319919 -1.317097 3.434689 0.253946 2.523565 0.176178 0.647967 2.378941 0.149684 10.464732 -0.760664 -0.246702 0.270377 3.700725
1 140.46818 -8.611397 -0.963173 -0.359318 -2.319919 -1.317097 3.434689 0.253946 2.523565 0.176178 0.647967 2.378941 0.149684 10.464732 -0.760664 -0.246702 0.270377 3.700725
1 140.46818 -8.611397 -0.963173 -0.359318 -2.319919 -1.317097 3.434689 0.253946 2.523565 0.176178 0.647967 2.378941 0.149684 10.464732 -0.760664 -0.246702 0.270377 3.700725
1 140.46818 -8.611397 -0.963173 -0.359318 -2.319919 -1.317097 3.434689 0.253946 2.523565 0.176178 0.647967 2.378941 0.149684 10.464732 -0.760664 -0.246702 0.270377 3.700725
1 140.46818 -8.611397 -0.963173 -0.359318 -2.319919 -1.317097 3.434689 0.253946 2.523565 0.176178 0.647967 2.378941 0.149684 10.464732 -0.760664 -0.246702 0.270377 3.700725
1 140.46818 -8.611397 -0.963173 -0.359318 -2.319919 -1.317097 3.434689 0.253946 2.523565 0.176178 0.647967 2.378941 0.149684 10.464732 -0.760664 -0.246702 0.270377 3.700725
1 140.46818 -8.611397 -0.963173 -0.359318 -2.319919 -1.317097 3.434689 0.253946 2.523565 0.176178 0.647967 2.378941 0.149684 10.464732 -0.760664 -0.246702 0.270377 3.700725
1 140.46818 -8.611397 -0.963173 -0.359318 -2.319919 -1.317097 3.434689 0.253946 2.523565 0.176178 0.647967 2.378941 0.149684 10.464732 -0.760664 -0.246702 0.270377 3.700725
1 140.46818 -8.611397 -0.963173 -0.359318 -2.319919 -1.317097 3.434689 0.253946 2.523565 0.176178 0.647967 2.378941 0.149684 10.464732 -0.760664 -0.246702 0.270377 3.700725
1 140.46818 -8.611397 -0.963173 -0.359318 -2.319919 -1.317097 3.434689 0.253946 2.523565 0.176178 0.647967 2.378941 0.149684 10.464732 -0.760664 -0.246702 0.270377 3.700725
1 140.46818 -8.611397 -0.963173 -0.359318 -2.319919 -1.317097 3.434689 0.253946 2.523565 0.176178 0.647967 2.378941 0.149684 10.464732 -0.760664 -0.246702 0.270377 3.700725
1 140.46818 -8.611397 -0.963173 -0.359318 -2.319919 -1.317097 3.434689 0.253946 2.523565 0.176178 0.647967 2.378941 0.149684 10.464732 -0.760664 -0.246702 0.270377 3.700725
1 140.46818 -8.611397 -0.963173 -0.359318 -2.319919 -1.317097 3.434689 0.253946 2.523565 0.176178 0.647967 2.378941 0.149684 10.464732 -0.760664 -0.246702 0.270377 3.700725
1 140.46818 -8.611397 -0.963173 -0.359318 -2.319919 -1.317097 3.434689 0.253946 2.523565 0.176178 0.647967 2.378941 0.149684 10.464732 -0.760664 -0.246702 0.270377 3.700725
1 140.46818 -8.611397 -0.963173 -0.359318 -2.319919 -1.317097 3.434689 0.253946 2.523565 0.176178 0.647967 2.378941 0.149684 10.464732 -0.760664 -0.246702 0.270377 3.700725
1 140.46818 -8.611397 -0.963173 -0.359318 -2.319919 -1.317097 3.434689 0.253946 2.523565 0.176178 0.647967 2.378941 0.149684 10.464732 -0.760664 -0.246702 0.270377 3.700725
1 140.46818 -8.611397 -0.963173 -0.359318 -2.319919 -1.317097 3.434689 0.253946 2.523565 0.176178 0.647967 2.378941 0.149684 10.464732 -0.760664 -0.246702 0.270377 3.700725
1 140.46818 -8.611397 -0.963173 -0.359318 -2.319919 -1.317097 3.434689 0.253946 2.523565 0.176178 0.647967 2.378941 0.149684 10.464732 -0.760664 -0.246702 0.270377 3.700725
1 140.46818 -8.611397 -0.963173 -0.359318 -2.319919 -1.317097 3.434689 0.253946 2.523565 0.176178 0.647967 2.378941 0.149684 10.464732 -0.760664 -0.246702 0.270377 3.700725
1 140.46818 -8.611397 -0.963173 -0.359318 -2.319919 -1.317097 3.434689 0.253946 2.523565 0.176178 0.647967 2.378941 0.149684 10.464732 -0.760664 -0.246702 0.270377 3.700725
1 140.46818 -8.611397 -0.963173 -0.359318 -2.319919 -1.317097 3.434689 0.253946 2.523565 0.176178 0.647967 2.378941 0.149684 10.464732 -0.760664 -0.246702 0.270377 3.700725
1 140.46818 -8.611397 -0.963173 -0.359318 -2.319919 -1.317097 3.434689 0.253946 2.523565 0.176178 0.647967 2.378941 0.149684 10.464732 -0.760664 -0.246702 0.270377 3.700725
1 140.46818 -8.611397 -0.963173 -0.359318 -2.319919 -1.317097 3.434689 0.253946 2.523565 0.176178 0.647967 2.378941 0.149684 10.464732 -0.760664 -0.246702 0.270377 3.700725
1 140.46818 -8.611397 -0.963173 -0.359318 -2.319919 -1.317097 3.434689 0.253946 2.523565 0.176178 0.647967 2.378941 0.149684 10.464732 -0.760664 -0.246702 0.270377 3.700725
1 140.46818 -8.611397 -0.963173 -0.359318 -2.319919 -1.317097 3.434689 0.253946 2.523565 0.176178 0.647967 2.378941 0.149684 10.464732 -0.760664 -0.246702 0.270377 3.700725
1 140.46818 -8.611397 -0.963173 -0.359318 -2.319919 -1.317097 3.434689 0.253946 2.523565 0.176178 0.647967 2.378941 0.149684 10.464732 -0.760664 -0.246702 0.270377 3.700725
1 140.46818 -8.611397 -0.963173 -0.359318 -2.319919 -1.317097 3.434689 0.253946 2.523565 0.176178 0.647967 2.378941 0.149684 10.464732 -0.760664 -0.246702 0.270377 3.700725
1 140.46818 -8.611397 -0.963173 -0.359318 -2.319919 -1.317097 3.434689 0.253946 2.523565 0.176178 0.647967 2.378941 0.149684 10.464732 -0.760664 -0.246702 0.270377 3.700725
1 140.46818 -8.611397 -0.963173 -0.359318 -2.319919 -1.317097 3.434689 0.253946 2.523565 0.176178 0.647967 2.378941 0.149684 10.464732 -0.760664 -0.246702 0.270377 3.700725
1 140.46818 -8.611397 -0.963173 -0.359318 -2.319919 -1.317097 3.434689 0.253946 2.523565 0.176178 0.647967 2.378941 0.149684 10.464732 -0.760664 -0.246702 0.270377 3.700725
1 140.46818 -8.611397 -0.963173 -0.359318 -2.319919 -1.317097 3.434689 0.253946 2.523565 0.176178 0.647967 2.378941 0.149684 10.464732 -0.760664 -0.246702 0.270377 3.700725
1 140.46818 -8.611397 -0.963173 -0.359318 -2.319919 -1.317097 3.434689 0.253946 2.523565 0.176178 0.647967 2.378941 0.149684 10.464732 -0.760664 -0.246702 0.270377 3.700725
1 140.46818 -8.611397 -0.963173 -0.359318 -2.319919 -1.317097 3.434689 0.253946 2.523565 0.176178 0.647967 2.378941 0.149684 10.464732 -0.760664 -0.246702 0.270377 3.700725
1 140.46818 -8.611397 -0.963173 -0.359318 -2.319919 -1.317097 3.434689 0.253946 2.523565 0.176178 0.647967 2.378941 0.149684 10.464732 -0.760664 -0.246702 0.270377 3.700725
1 140.46818 -8.611397 -0.963173 -0.359318 -2.319919 -1.317097 3.434689 0.253946 2.523565 0.176178 0.647967 2.378941 0.149684 10.464732 -0.760664 -0.246702 0.270377 3.700725
1 140.46818 -8.611397 -0.963173 -0.359318 -2.319919 -1.317097 3.434689 0.253946 2.523565 0.176178 0.647967 2.378941 0.149684 10.464732 -0.760664 -0.246702 0.270377 3.700725
1 140.46818 -8.611397 -0.963173 -0.359318 -2.319919 -1.317097 3.434689 0.253946 2.523565 0.176178 0.647967 2.378941 0.149684 10.464732 -0.760664 -0.246702 0.270377 3.700725
1 140.46818 -8.611397 -0.963173 -0.359318 -2.319919 -1.317097 3.434689 0.253946 2.523565 0.176178 0.647967 2.378941 0.149684 10.464732 -0.760664 -0.246702 0.270377 3.700725
1 140.46818 -8.611397 -0.963173 -0.359318 -2.319919 -1.317097 3.434689 0.253946 2.523565 0.176178 0.647967 2.378941 0.149684 10.464732 -0.760664 -0.246702 0.270377 3.700725
1 140.46818 -8.611397 -0.963173 -0.359318 -2.319919 -1.317097 3.434689 0.253946 2.523565 0.176178 0.647967 2.378941 0.149684 10.464732 -0.760664 -0.246702 0.270377 3.700725
1 140.46818 -8.611397 -0.963173 -0.359318 -2.319919 -1.317097 3.434689 0.253946 2.523565 0.176178 0.647967 2.378941 0.149684 10.464732 -0.760664 -0.246702 0.270377 3.700725
1 140.46818 -8.611397 -0.963173 -0.359318 -2.319919 -1.317097 3.434689 0.253946 2.523565 0.176178 0.647967 2.378941 0.149684 10.464732 -0.760664 -0.246702 0.270377 3.700725
1 140.46818 -8.611397 -0.963173 -0.359318 -2.319919 -1.317097 3.434689 0.253946 2.523565 0.176178 0.647967 2.378941 0.149684 10.464732 -0.760664 -0.246702 0.270377 3.700725
1 140.46818 -8.611397 -0.963173 -0.359318 -2.319919 -1.317097 3.434689 0.253946 2.523565 0.176178 0.647967 2.378941 0.149684 10.464732 -0.760664 -0.246702 0.270377 3.700725
1 140.46818 -8.611397 -0.963173 -0.359318 -2.319919 -1.317097 3.434689 0.253946 2.523565 0.176178 0.647967 2.378941 0.149684 10.464732 -0.760664 -0.246702 0.270377 3.700725
1 140.46818 -8.611397 -0.963173 -0.359318 -2.319919 -1.317097 3.434689 0.253946 2.523565 0.176178 0.647967 2.378941 0.149684 10.464732 -0.760664 -0.246702 0.270377 3.700725
1 140.46818 -8.611397 -0.963173 -0.359318 -2.319919 -1.317097 3.434689 0.253946 2.523565 0.176178 0.647967 2.378941 0.149684 10.464732 -0.760664 -0.246702 0.270377 3.700725
1 140.46818 -8.611397 -0.963173 -0.359318 -2.319919 -1.317097 3.434689 0.253946 2.523565 0.176178 0.647967 2.378941 0.149684 10.464732 -0.760664 -0.246702 0.270377 3.700725
1 140.46818 -8.611397 -0.963173 -0.359318 -2.319919 -1.317097 3.434689 0.253946 2.523565 0.176178 0.647967 2.378941 0.149684 10.464732 -0.760664 -0.246702 0.270377 3.700725
1 140.46818 -8.611397 -0.963173 -0.359318 -2.319919 -1.317097 3.434689 0.253946 2.523565 0.176178 0.647967 2.378941 0.149684 10.464732 -0.760664 -0.246702 0.270377 3.700725
1 140.46818 -8.611397 -0.963173 -0.359318 -2.319919 -1.317097 3.434689 0.253946 2.523565 0.176178 0.647967 2.378941 0.149684 10.464732 -0.760664 -0.246702 0.270377 3.700725
1 140.46818 -8.611397 -0.963173 -0.359318 -2.319919 -1.317097 3.434689 0.253946 2.523565 0.176178 0.647967 2.378941 0.149684 10.464732 -0.760664 -0.246702 0.270377 3.700725
1 140.46818 -8.611397 -0.963173 -0.359318 -2.319919 -1.317097 3.434689 0.253946 2.523565 0.176178 0.647967 2.378941 0.149684 10.464732 -0.760664 -0.246702 0.270377 3.700725
1 140.46818 -8.611397 -0.963173 -0.359318 -2.319919 -1.317097 3.434689 0.253946 2.523565 0.176178 0.647967 2.378941 0.149684 10.464732 -0.760664 -0.246702 0.270377 3.700725
1 140.46818 -8.611397 -0.963173 -0.359318 -2.319919 -1.317097 3.434689 0.253946 2.523565 0.176178 0.647967 2.378941 0.149684 10.464732 -0.760664 -0.246702 0.270377 3.700725
1 140.46818 -8.611397 -0.963173 -0.359318 -2.319919 -1.317097 3.434689 0.253946 2.523565 0.176178 0.647967 2.378941 0.149684 10.464732 -0.760664 -0.246702 0.270377 3.700725
1 140.46818 -8.611397 -0.963173 -0.359318 -2.319919 -1.317097 3.434689 0.253946 2.523565 0.176178 0.647967 2.378941 0.149684 10.464732 -0.760664 -0.246702 0.270377 3.700725
1 140.46818 -8.611397 -0.963173 -0.359318 -2.319919 -1.317097 3.434689 0.253946 2.523565 0.176178 0.647967 2.378941 0.149684 10.464732 -0.760664 -0.246702 0.270377 3.700725
1 140.46818 -8.611397 -0.963173 -0.359318 -2.319919 -1.317097 3.434689 0.253946 2.523565 0.176178 0.647967 2.378941 0.149684 10.464732 -0.760664 -0.246702 0.270377 3.700725
1 140.46818 -8.611397 -0.963173 -0.359318 -2.319919 -1.317097 3.434689 0.253946 2.523565 0.176178 0.647967 2.378941 0.149684 10.464732 -0.760664 -0.246702 0.270377 3.700725
1 140.46818 -8.611397 -0.963173 -0.359318 -2.319919 -1.317097 3.434689 0.253946 2.523565 0.176178 0.647967 2.378941 0.149684 10.464732 -0.760664 -0.246702 0.270377 3.700725
1 140.46818 -8.611397 -0.963173 -0.359318 -2.319919 -1.317097 3.434689 0.253946 2.523565 0.176178 0.647967 2.378941 0.149684 10.464732 -0.760664 -0.246702 0.270377 3.700725
1 140.46818 -8.611397 -0.963173 -0.359318 -2.319919 -1.317097 3.434689 0.253946 2.523565 0.176178 0.647967 2.378941 0.149684 10.464732 -0.760664 -0.246702 0.270377 3.700725
1 140.46818 -8.611397 -0.963173 -0.359318 -2.319919 -1.317097 3.434689 0.253946 2.523565 0.176178 0.647967 2.378941 0.149684 10.464732 -0.760664 -0.246702 0.270377 3.700725
1 140.46818 -8.611397 -0.963173 -0.359318 -2.319919 -1.317097 3.434689 0.253946 2.523565 0.176178 0.647967 2.378941 0.149684 10.464732 -0.760664 -0.246702 0.270377 3.700725
1 140.46818 -8.611397 -0.963173 -0.359318 -2.319919 -1.317097 3.434689 0.253946 2.523565 0.176178 0.647967 2.378941 0.149684 10.464732 -0.760664 -0.246702 0.270377 3.700725
1 140.46818 -8.611397 -0.963173 -0.359318 -2.319919 -1.317097 3.434689 0.253946 2.523565 0.176178 0.647967 2.378941 0.149684 10.464732 -0.760664 -0.246702 0.270377 3.700725
1 140.46818 -8.611397 -0.963173 -0.359318 -2.319919 -1.317097 3.434689 0.253946 2.523565 0.176178 0.647967 2.378941 0.149684 10.464732 -0.760664 -0.246702 0.270377 3.700725
1 140.46818 -8.611397 -0.963173 -0.359318 -2.319919 -1.317097 3.434689 0.253946 2.523565 0.176178 0.647967 2.378941 0.149684 10.464732 -0.760664 -0.246702 0.270377 3.700725
1 140.46818 -8.611397 -0.963173 -0.359318 -2.319919 -1.317097 3.434689 0.253946 2.523565 0.176178 0.647967 2.378941 0.149684 10.464732 -0.760664 -0.246702 0.270377 3.700725
1 140.46818 -8.611397 -0.963173 -0.359318 -2.319919 -1.317097 3.434689 0.253946 2.523565 0.176178 0.647967 2.378941 0.149684 10.464732 -0.760664 -0.246702 0.270377 3.700725
1 140.46818 -8.611397 -0.963173 -0.359318 -2.319919 -1.317097 3.434689 0.253946 2.523565 0.176178 0.647967 2.378941 0.149684 10.464732 -0.760664 -0.246702 0.270377 3.700725
1 140.46818 -8.611397 -0.963173 -0.359318 -2.319919 -1.317097 3.434689 0.253946 2.523565 0.176178 0.647967 2.378941 0.149684 10.464732 -0.760664 -0.246702 0.270377 3.700725
1 140.46818 -8.611397 -0.963173 -0.359318 -2.319919 -1.317097 3.434689 0.253946 2.523565 0.176178 0.647967 2.378941 0.149684 10.464732 -0.760664 -0.246702 0.270377 3.700725
1 140.46818 -8.611397 -0.963173 -0.359318 -2.319919 -1.317097 3.434689 0.253946 2.523565 0.176178 0.647967 2.378941 0.149684 10.464732 -0.760664 -0.246702 0.270377 3.700725
1 140.46818 -8.611397 -0.963173 -0.359318 -2.319919 -1.317097 3.434689 0.253946 2.523565 0.176178 0.647967 2.378941 0.149684 10.464732 -0.760664 -0.246702 0.270377 3.700725
1 140.46818 -8.611397 -0.963173 -0.359318 -2.319919 -1.317097 3.434689 0.253946 2.523565 0.176178 0.647967 2.378941 0.149684 10.464732 -0.760664 -0.246702 0.270377 3.700725
1 140.46818 -8.611397 -0.963173 -0.359318 -2.319919 -1.317097 3.434689 0.253946 2.523565 0.176178 0.647967 2.378941 0.149684 10.464732 -0.760664 -0.246702 0.270377 3.700725
1 140.46818 -8.611397 -0.963173 -0.359318 -2.319919 -1.317097 3.434689 0.253946 2.523565 0.176178 0.647967 2.378941 0.149684 10.464732 -0.760664 -0.246702 0.270377 3.700725
1 140.46818 -8.611397 -0.963173 -0.359318 -2.319919 -1.317097 3.434689 0.253946 2.523565 0.176178 0.647967 2.378941 0.149684 10.464732 -0.760664 -0.246702 0.270377 3.700725
1 140.46818 -8.611397 -0.963173 -0.359318 -2.319919 -1.317097 3.434689 0.253946 2.523565 0.176178 0.647967 2.378941 0.149684 10.464732 -0.760664 -0.246702 0.270377 3.700725
1 140.46818 -8.611397 -0.963173 -0.359318 -2.319919 -1.317097 3.434689 0.253946 2.523565 0.176178 0.647967 2.378941 0.149684 10.464732 -0.760664 -0.246702 0.270377 3.700725
1 140.46818 -8.611397 -0.963173 -0.359318 -2.319919 -1.317097 3.434689 0.253946 2.523565 0.176178 0.647967 2.378941 0.149684 10.464732 -0.760664 -0.246702 0.270377 3.700725
1 140.46818 -8.611397 -0.963173 -0.359318 -2.319919 -1.317097 3.434689 0.253946 2.523565 0.176178 0.647967 2.378941 0.149684 10.464732 -0.760664 -0.246702 0.270377 3.700725
1 140.46818 -8.611397 -0.963173 -0.359318 -2.319919 -1.317097 3.434689 0.253946 2.523565 0.176178 0.647967 2.378941 0.149684 10.464732 -0.760664 -0.246702 0.270377 3.700725
1 140.46818 -8.611397 -0.963173 -0.359318 -2.319919 -1.317097 3.434689 0.253946 2.523565 0.176178 0.647967 2.378941 0.149684 10.464732 -0.760664 -0.246702 0.270377 3.700725
1 140.46818 -8.611397 -0.963173 -0.359318 -2.319919 -1.317097 3.434689 0.253946 2.523565 0.176178 0.647967 2.378941 0.149684 10.464732 -0.760664 -0.246702 0.270377 3.700725
1 140.46818 -8.611397 -0.963173 -0.359318 -2.319919 -1.317097 3.434689 0.253946 2.523565 0.176178 0.647967 2.378941 0.149684 10.464732 -0.760664 -0.246702 0.270377 3.700725
1 140.46818 -8.611397 -0.963173 -0.359318 -2.319919 -1.317097 3.434689 0.253946 2.523565 0.176178 0.647967 2.378941 0.149684 10.464732 -0.760664 -0.246702 0.270377 3.700725
1 140.46818 -8.611397 -0.963173 -0.359318 -2.319919 -1.317097 3.434689 0.253946 2.523565 0.176178 0.647967 2.378941 0.149684 10.464732 -0.760664 -0.246702 0.270377 3.700725
1 140.46818 -8.611397 -0.963173 -0.359318 -2.319919 -1.317097 3.434689 0.253946 2.523565 0.176178 0.647967 2.378941 0.149684 10.464732 -0.760664 -0.246702 0.270377 3.700725
1 140.46818 -8.611397 -0.963173 -0.359318 -2.319919 -1.317097 3.434689 0.253946 2.523565 0.176178 0.647967 2.378941 0.149684 10.464732 -0.760664 -0.246702 0.270377 3.700725
1 140.46818 -8.611397 -0.963173 -0.359318 -2.319919 -1.317097 3.434689 0.253946 2.523565 0.176178 0.647967 2.378941 0.149684 10.464732 -0.760664 -0.246702 0.270377 3.700725
1 140.46818 -8.611397 -0.963173 -0.359318 -2.319919 -1.317097 3.434689 0.253946 2.523565 0.176178 0.647967 2.378941 0.149684 10.464732 -0.760664 -0.246702 0.270377 3.700725
1 140.46818 -8.611397 -0.963173 -0.359318 -2.319919 -1.317097 3.434689 0.253946 2.523565 0.176178 0.647967 2.378941 0.149684 10.464732 -0.760664 -0.246702 0.270377 3.700725
1 140.46818 -8.611397 -0.963173 -0.359318 -2.319919 -1.317097 3.434689 0.253946 2.523565 0.176178 0.647967 2.378941 0.149684 10.464732 -0.760664 -0.246702 0.270377 3.700725
1 140.46818 -8.611397 -0.963173 -0.359318 -2.319919 -1.317097 3.434689 0.253946 2.523565 0.176178 0.647967 2.378941 0.149684 10.464732 -0.760664 -0.246702 0.270377 3.700725
1 140.46818 -8.611397 -0.963173 -0.359318 -2.319919 -1.317097 3.434689 0.253946 2.523565 0.176178 0.647967 2.378941 0.149684 10.464732 -0.760664 -0.246702 0.270377 3.700725
1 140.46818 -8.611397 -0.963173 -0.359318 -2.319919 -1.317097 3.434689 0.253946 2.523565 0.176178 0.647967 2.378941 0.149684 10.464732 -0.760664 -0.246702 0.270377 3.700725
1 140.46818 -8.611397 -0.963173 -0.359318 -2.319919 -1.317097 3.434689 0.253946 2.523565 0.176178 0.647967 2.378941 0.149684 10.464732 -0.760664 -0.246702 0.270377 3.700725
1 140.46818 -8.611397 -0.963173 -0.359318 -2.319919 -1.317097 3.434689 0.253946 2.523565 0.176178 0.647967 2.378941 0.149684 10.464732 -0.760664 -0.246702 0.270377 3.700725
1 140.46818 -8.611397 -0.963173 -0.359318 -2.319919 -1.317097 3.434689 0.253946 2.523565 0.176178 0.647967 2.378941 0.149684 10.464732 -0.760664 -0.246702 0.270377 3.700725
1 140.46818 -8.611397 -0.963173 -0.359318 -2.319919 -1.317097 3.434689 0.253946 2.523565 0.176178 0.647967 2.378941 0.149684 10.464732 -0.760664 -0.246702 0.270377 3.700725
1 140.46818 -8.611397 -0.963173 -0.359318 -2.319919 -1.317097 3.434689 0.253946 2.523565 0.176178 0.647967 2.378941 0.149684 10.464732 -0.760664 -0.246702 0.270377 3.700725
1 140.46818 -8.611397 -0.963173 -0.359318 -2.319919 -1.317097 3.434689 0.253946 2.523565 0.176178 0.647967 2.378941 0.149684 10.464732 -0.760664 -0.246702 0.270377 3.700725
1 140.46818 -8.611397 -0.963173 -0.359318 -2.319919 -1.317097 3.434689 0.253946 2.523565 0.176178 0.647967 2.378941 0.149684 10.464732 -0.760664 -0.246702 0.270377 3.700725
1 140.46818 -8.611397 -0.963173 -0.359318 -2.319919 -1.317097 3.434689 0.253946 2.523565 0.176178 0.647967 2.378941 0.149684 10.464732 -0.760664 -0.246702 0.270377 3.700725
1 140.46818 -8.611397 -0.963173 -0.359318 -2.319919 -1.317097 3.434689 0.253946 2.523565 0.176178 0.647967 2.378941 0.149684 10.464732 -0.760664 -0.246702 0.270377 3.700725
1 140.46818 -8.611397 -0.963173 -0.359318 -2.319919 -1.317097 3.434689 0.253946 2.523565 0.176178 0.647967 2.378941 0.149684 10.464732 -0.760664 -0.246702 0.270377 3.700725
1 140.46818 -8.611397 -0.963173 -0.359318 -2.319919 -1.317097 3.434689 0.253946 2.523565 0.176178 0.647967 2.378941 0.149684 10.464732 -0.760664 -0.246702 0.270377 3.700725
1 140.46818 -8.611397 -0.963173 -0.359318 -2.319919 -1.317097 3.434689 0.253946 2.523565 0.176178 0.647967 2.378941 0.149684 10.464732 -0.760664 -0.246702 0.270377 3.700725
1 140.46818 -8.611397 -0.963173 -0.359318 -2.319919 -1.317097 3.434689 0.253946 2.523565 0.176178 0.647967 2.378941 0.149684 10.464732 -0.760664 -0.246702 0.270377 3.700725
1 140.46818 -8.611397 -0.963173 -0.359318 -2.319919 -1.317097 3.434689 0.253946 2.523565 0.176178 0.647967 2.378941 0.149684 10.464732 -0.760664 -0.246702 0.270377 3.700725
1 140.46818 -8.611397 -0.963173 -0.359318 -2.319919 -1.317097 3.434689 0.253946 2.523565 0.176178 0.647967 2.378941 0.149684 10.464732 -0.760664 -0.246702 0.270377 3.700725
1 140.46818 -8.611397 -0.963173 -0.359318 -2.319919 -1.317097 3.434689 0.253946 2.523565 0.176178 0.647967 2.378941 0.149684 10.464732 -0.760664 -0.246702 0.270377 3.700725
1 140.46818 -8.611397 -0.963173 -0.359318 -2.319919 -1.317097 3.434689 0.253946 2.523565 0.176178 0.647967 2.378941 0.149684 10.464732 -0.760664 -0.246702 0.270377 3.700725
1 140.46818 -8.611397 -0.963173 -0.359318 -2.319919 -1.317097 3.434689 0.253946 2.523565 0.176178 0.647967 2.378941 0.149684 10.464732 -0.760664 -0.246702 0.270377 3.700725
