1 inf -8.728645 -0.984860 -0.288026 -2.215515 -1.399792 3.411492 0.203006 2.530728 0.150744 0.630614 2.331235 0.157515 10.452237 -0.308817 0.203719 3.651170
1 inf -8.738180 -0.984925 -0.319441 -2.213084 -1.393040 3.450283 0.209300 2.519009 0.150499 0.675961 2.327862 0.148172 10.477344 -0.322517 0.228049 3.638859
1 inf -8.709239 -0.970413 -0.290310 -2.216839 -1.388663 3.434423 0.243572 2.532796 0.188637 0.664646 2.322718 0.161596 10.480251 -0.321271 0.214058 3.596150
1 inf -8.701336 -0.997101 -0.252760 -2.212199 -1.389177 3.430338 0.245672 2.544391 0.195142 0.643824 2.340741 0.139743 10.510675 -0.320361 0.206368 3.610226
1 inf -8.752155 -0.985103 -0.264398 -2.160173 -1.370396 3.408695 0.294094 2.528942 0.163977 0.622754 2.317205 0.161844 10.476595 -0.332431 0.226282 3.641102
1 inf -8.745192 -0.955674 -0.260244 -2.202583 -1.372014 3.416656 0.307388 2.525475 0.181692 0.566372 2.319506 0.186822 10.486447 -0.396557 0.240144 3.611466
1 inf -8.762237 -0.967106 -0.273434 -2.202714 -1.398502 3.428189 0.273834 2.550945 0.200647 0.566438 2.344161 0.187336 10.496968 -0.415842 0.241069 3.584118
1 inf -8.794235 -0.920393 -0.275270 -2.207679 -1.386407 3.404545 0.276143 2.542772 0.207781 0.537374 2.327023 0.163110 10.505315 -0.427869 0.243547 3.586246
1 inf -8.820756 -0.918418 -0.300647 -2.224697 -1.431897 3.425078 0.278579 2.550516 0.214893 0.481898 2.368415 0.155718 10.550908 -0.421959 0.244308 3.611931
1 inf -8.757727 -0.930811 -0.314595 -2.207050 -1.423574 3.473974 0.257230 2.508760 0.216110 0.489854 2.368056 0.150528 10.517310 -0.381592 0.249569 3.630877
1 inf -8.740621 -0.935481 -0.285579 -2.169445 -1.425291 3.456618 0.283082 2.498701 0.218456 0.491894 2.371476 0.128731 10.549681 -0.365492 0.272219 3.658964
1 inf -8.744281 -0.925781 -0.291168 -2.161306 -1.418897 3.441887 0.287826 2.473631 0.236682 0.483081 2.345330 0.155264 10.575878 -0.392779 0.276802 3.677227
1 inf -8.727909 -0.887598 -0.304590 -2.177261 -1.437313 3.420195 0.271945 2.450098 0.214733 0.490101 2.320730 0.134454 10.567178 -0.418285 0.319629 3.724593
1 inf -8.711406 -0.874879 -0.297631 -2.198817 -1.409888 3.447395 0.273006 2.472461 0.194132 0.527915 2.333167 0.127425 10.566249 -0.398357 0.329262 3.768004
1 inf -8.721436 -0.884190 -0.312287 -2.170029 -1.446831 3.439497 0.299384 2.485804 0.181773 0.535770 2.339853 0.110052 10.590787 -0.439303 0.342204 3.779619
1 inf -8.743431 -0.882792 -0.297562 -2.166907 -1.430925 3.420865 0.251643 2.507586 0.204055 0.546986 2.286511 0.094396 10.605123 -0.469563 0.343386 3.763407
1 inf -8.754601 -0.898466 -0.313277 -2.145318 -1.456200 3.392309 0.220679 2.510511 0.196754 0.568170 2.283070 0.103123 10.601661 -0.476896 0.302469 3.762407
1 inf -8.811603 -0.881366 -0.327102 -2.143485 -1.437554 3.372995 0.197150 2.530602 0.196676 0.624549 2.288089 0.090728 10.627870 -0.475670 0.279595 3.772309
1 inf -8.799054 -0.877968 -0.326823 -2.116892 -1.416209 3.348757 0.203484 2.533064 0.230241 0.636376 2.246519 0.094003 10.620063 -0.444645 0.279361 3.757386
1 inf -8.798645 -0.886979 -0.343106 -2.134412 -1.403986 3.334518 0.223764 2.580309 0.223045 0.639435 2.260239 0.125244 10.647286 -0.462380 0.289686 3.766015
1 inf -8.787702 -0.879841 -0.326741 -2.127162 -1.408241 3.333089 0.193738 2.555964 0.221909 0.649408 2.266821 0.132402 10.688865 -0.501467 0.308089 3.728866
1 inf -8.813329 -0.883372 -0.346486 -2.144291 -1.415600 3.318206 0.174969 2.579175 0.198940 0.634058 2.288967 0.097152 10.721771 -0.469867 0.306727 3.770624
1 inf -8.787920 -0.892130 -0.369376 -2.135051 -1.426788 3.306178 0.142634 2.570910 0.202636 0.607772 2.267868 0.062368 10.746202 -0.526621 0.298296 3.776936
1 inf -8.789783 -0.918361 -0.388223 -2.133989 -1.437172 3.260241 0.156240 2.569520 0.131155 0.621450 2.284692 0.032102 10.766549 -0.569713 0.276168 3.763589
1 inf -8.840361 -0.935462 -0.355070 -2.092168 -1.447786 3.250143 0.118840 2.580213 0.099718 0.606887 2.282486 -0.005556 10.787265 -0.607710 0.309951 3.757866
1 240.99782 -8.871001 -0.954635 -0.353144 -2.056936 -1.443988 3.267938 0.108671 2.557881 0.075185 0.651024 2.294567 -0.011514 10.778116 -0.643886 0.317185 3.750988
1 238.08259 -8.868258 -0.937277 -0.340148 -2.083298 -1.421879 3.285105 0.110521 2.532674 0.081091 0.661647 2.306348 -0.031224 10.742084 -0.641684 0.292222 3.738578
1 231.65573 -8.873673 -0.956586 -0.327922 -2.071994 -1.448218 3.308460 0.147032 2.525813 0.077175 0.642772 2.318196 -0.000613 10.733807 -0.628257 0.292123 3.736091
1 231.65573 -8.873673 -0.956586 -0.327922 -2.071994 -1.448218 3.308460 0.147032 2.525813 0.077175 0.642772 2.318196 -0.000613 10.733807 -0.628257 0.292123 3.736091
1 231.65573 -8.873673 -0.956586 -0.327922 -2.071994 -1.448218 3.308460 0.147032 2.525813 0.077175 0.642772 2.318196 -0.000613 10.733807 -0.628257 0.292123 3.736091
1 227.13723 -8.907676 -0.956468 -0.317783 -2.080263 -1.466527 3.316486 0.137082 2.531624 0.091115 0.664048 2.313568 0.004612 10.749778 -0.632500 0.303484 3.753008
1 227.13723 -8.907676 -0.956468 -0.317783 -2.080263 -1.466527 3.316486 0.137082 2.531624 0.091115 0.664048 2.313568 0.004612 10.749778 -0.632500 0.303484 3.753008
1 225.39862 -8.918905 -0.961311 -0.278181 -2.081632 -1.477225 3.308762 0.156610 2.540826 0.085918 0.640116 2.349901 0.014419 10.745045 -0.676866 0.295771 3.758177
1 223.40746 -8.913846 -0.964664 -0.297168 -2.081740 -1.494698 3.309854 0.119528 2.515150 0.116704 0.683101 2.341321 -0.018509 10.738379 -0.674494 0.297026 3.779660
1 207.86988 -8.891562 -0.976595 -0.265437 -2.093282 -1.478850 3.331989 0.119256 2.562221 0.116630 0.702338 2.361317 -0.041333 10.772205 -0.695416 0.308072 3.763936
1 207.86988 -8.891562 -0.976595 -0.265437 -2.093282 -1.478850 3.331989 0.119256 2.562221 0.116630 0.702338 2.361317 -0.041333 10.772205 -0.695416 0.308072 3.763936
1 207.86988 -8.891562 -0.976595 -0.265437 -2.093282 -1.478850 3.331989 0.119256 2.562221 0.116630 0.702338 2.361317 -0.041333 10.772205 -0.695416 0.308072 3.763936
1 207.86988 -8.891562 -0.976595 -0.265437 -2.093282 -1.478850 3.331989 0.119256 2.562221 0.116630 0.702338 2.361317 -0.041333 10.772205 -0.695416 0.308072 3.763936
1 207.86988 -8.891562 -0.976595 -0.265437 -2.093282 -1.478850 3.331989 0.119256 2.562221 0.116630 0.702338 2.361317 -0.041333 10.772205 -0.695416 0.308072 3.763936
1 196.07223 -8.900372 -0.998614 -0.248408 -2.116500 -1.456172 3.311891 0.145804 2.612525 0.122874 0.676763 2.377225 -0.076199 10.780163 -0.681887 0.294763 3.809227
1 185.45162 -8.890183 -0.981909 -0.241987 -2.111591 -1.457093 3.334607 0.193270 2.585230 0.138682 0.718315 2.342455 -0.078760 10.776817 -0.698538 0.292713 3.797758
1 185.45162 -8.890183 -0.981909 -0.241987 -2.111591 -1.457093 3.334607 0.193270 2.585230 0.138682 0.718315 2.342455 -0.078760 10.776817 -0.698538 0.292713 3.797758
1 175.20814 -8.881777 -0.938016 -0.231457 -2.138280 -1.465900 3.316746 0.196224 2.601992 0.161524 0.722710 2.330285 -0.102322 10.777948 -0.690923 0.297590 3.834113
1 163.23725 -8.885731 -0.923248 -0.238546 -2.134035 -1.481207 3.324468 0.202060 2.579117 0.198535 0.733757 2.314295 -0.098289 10.751354 -0.660913 0.291012 3.868868
1 163.23725 -8.885731 -0.923248 -0.238546 -2.134035 -1.481207 3.324468 0.202060 2.579117 0.198535 0.733757 2.314295 -0.098289 10.751354 -0.660913 0.291012 3.868868
1 163.23725 -8.885731 -0.923248 -0.238546 -2.134035 -1.481207 3.324468 0.202060 2.579117 0.198535 0.733757 2.314295 -0.098289 10.751354 -0.660913 0.291012 3.868868
1 163.23725 -8.885731 -0.923248 -0.238546 -2.134035 -1.481207 3.324468 0.202060 2.579117 0.198535 0.733757 2.314295 -0.098289 10.751354 -0.660913 0.291012 3.868868
1 163.23725 -8.885731 -0.923248 -0.238546 -2.134035 -1.481207 3.324468 0.202060 2.579117 0.198535 0.733757 2.314295 -0.098289 10.751354 -0.660913 0.291012 3.868868
1 163.23725 -8.885731 -0.923248 -0.238546 -2.134035 -1.481207 3.324468 0.202060 2.579117 0.198535 0.733757 2.314295 -0.098289 10.751354 -0.660913 0.291012 3.868868
1 163.23725 -8.885731 -0.923248 -0.238546 -2.134035 -1.481207 3.324468 0.202060 2.579117 0.198535 0.733757 2.314295 -0.098289 10.751354 -0.660913 0.291012 3.868868
1 163.23725 -8.885731 -0.923248 -0.238546 -2.134035 -1.481207 3.324468 0.202060 2.579117 0.198535 0.733757 2.314295 -0.098289 10.751354 -0.660913 0.291012 3.868868
1 161.31704 -8.878629 -0.903308 -0.241939 -2.140872 -1.489637 3.349089 0.186827 2.554806 0.188392 0.707898 2.266236 -0.095247 10.732023 -0.605333 0.285968 3.880388
1 159.3513 -8.876801 -0.897510 -0.255295 -2.161787 -1.477798 3.364269 0.200507 2.565742 0.201584 0.726062 2.264293 -0.087094 10.754683 -0.596477 0.277132 3.846691
1 159.3513 -8.876801 -0.897510 -0.255295 -2.161787 -1.477798 3.364269 0.200507 2.565742 0.201584 0.726062 2.264293 -0.087094 10.754683 -0.596477 0.277132 3.846691
1 159.3513 -8.876801 -0.897510 -0.255295 -2.161787 -1.477798 3.364269 0.200507 2.565742 0.201584 0.726062 2.264293 -0.087094 10.754683 -0.596477 0.277132 3.846691
1 156.07629 -8.904175 -0.900118 -0.257688 -2.162146 -1.481211 3.374879 0.176872 2.567155 0.215156 0.752780 2.274459 -0.072498 10.736929 -0.589910 0.258064 3.837954
1 154.34555 -8.894048 -0.907130 -0.280118 -2.205149 -1.465871 3.360366 0.163045 2.562772 0.209696 0.766340 2.274494 -0.090235 10.716809 -0.622576 0.269818 3.826367
1 149.32003 -8.942021 -0.933221 -0.271980 -2.212460 -1.449165 3.371398 0.188594 2.590488 0.221438 0.774891 2.247859 -0.123783 10.708332 -0.627506 0.318636 3.793707
1 149.32003 -8.942021 -0.933221 -0.271980 -2.212460 -1.449165 3.371398 0.188594 2.590488 0.221438 0.774891 2.247859 -0.123783 10.708332 -0.627506 0.318636 3.793707
1 147.1388 -8.910710 -0.923785 -0.230720 -2.202088 -1.463058 3.406812 0.204688 2.563119 0.249346 0.785710 2.254024 -0.085905 10.729963 -0.617953 0.311194 3.789125
1 145.77574 -8.905876 -0.896366 -0.275090 -2.196988 -1.459602 3.408287 0.191209 2.582936 0.259872 0.755791 2.245005 -0.117889 10.722650 -0.635862 0.321071 3.784563
1 145.77574 -8.905876 -0.896366 -0.275090 -2.196988 -1.459602 3.408287 0.191209 2.582936 0.259872 0.755791 2.245005 -0.117889 10.722650 -0.635862 0.321071 3.784563
1 145.77574 -8.905876 -0.896366 -0.275090 -2.196988 -1.459602 3.408287 0.191209 2.582936 0.259872 0.755791 2.245005 -0.117889 10.722650 -0.635862 0.321071 3.784563
1 145.77574 -8.905876 -0.896366 -0.275090 -2.196988 -1.459602 3.408287 0.191209 2.582936 0.259872 0.755791 2.245005 -0.117889 10.722650 -0.635862 0.321071 3.784563
1 145.77574 -8.905876 -0.896366 -0.275090 -2.196988 -1.459602 3.408287 0.191209 2.582936 0.259872 0.755791 2.245005 -0.117889 10.722650 -0.635862 0.321071 3.784563
1 147.82891 -8.888061 -0.862723 -0.249699 -2.216948 -1.449815 3.380864 0.239893 2.592072 0.263493 0.755017 2.231827 -0.102698 10.711423 -0.661855 0.352158 3.757250
1 144.53185 -8.885506 -0.868533 -0.234611 -2.213547 -1.471170 3.386188 0.229815 2.614149 0.246560 0.746759 2.271650 -0.138755 10.701914 -0.643413 0.372284 3.778001
1 142.95244 -8.890483 -0.868699 -0.247901 -2.175381 -1.515039 3.401344 0.253673 2.589656 0.263015 0.755686 2.245142 -0.150996 10.696478 -0.657426 0.366143 3.733096
1 142.95244 -8.890483 -0.868699 -0.247901 -2.175381 -1.515039 3.401344 0.253673 2.589656 0.263015 0.755686 2.245142 -0.150996 10.696478 -0.657426 0.366143 3.733096
1 136.08169 -8.875202 -0.904591 -0.243586 -2.178672 -1.527751 3.439280 0.266342 2.588317 0.227167 0.742655 2.239580 -0.164826 10.690839 -0.655143 0.393763 3.766835
1 131.95419 -8.856690 -0.889302 -0.211046 -2.205582 -1.532153 3.450133 0.254340 2.581731 0.216863 0.771569 2.248029 -0.159467 10.673934 -0.658088 0.387983 3.780395
1 131.95419 -8.856690 -0.889302 -0.211046 -2.205582 -1.532153 3.450133 0.254340 2.581731 0.216863 0.771569 2.248029 -0.159467 10.673934 -0.658088 0.387983 3.780395
1 131.95419 -8.856690 -0.889302 -0.211046 -2.205582 -1.532153 3.450133 0.254340 2.581731 0.216863 0.771569 2.248029 -0.159467 10.673934 -0.658088 0.387983 3.780395
1 131.95419 -8.856690 -0.889302 -0.211046 -2.205582 -1.532153 3.450133 0.254340 2.581731 0.216863 0.771569 2.248029 -0.159467 10.673934 -0.658088 0.387983 3.780395
1 131.95419 -8.856690 -0.889302 -0.211046 -2.205582 -1.532153 3.450133 0.254340 2.581731 0.216863 0.771569 2.248029 -0.159467 10.673934 -0.658088 0.387983 3.780395
1 132.39575 -8.860632 -0.894885 -0.219883 -2.249265 -1.541677 3.453709 0.219459 2.566513 0.192992 0.772791 2.253965 -0.138107 10.650133 -0.675501 0.392043 3.771824
1 132.39575 -8.860632 -0.894885 -0.219883 -2.249265 -1.541677 3.453709 0.219459 2.566513 0.192992 0.772791 2.253965 -0.138107 10.650133 -0.675501 0.392043 3.771824
1 133.0373 -8.892455 -0.891871 -0.243228 -2.305370 -1.547724 3.403641 0.234395 2.596397 0.181158 0.735668 2.244000 -0.159732 10.626132 -0.690285 0.386283 3.751180
1 133.0373 -8.892455 -0.891871 -0.243228 -2.305370 -1.547724 3.403641 0.234395 2.596397 0.181158 0.735668 2.244000 -0.159732 10.626132 -0.690285 0.386283 3.751180
1 133.0373 -8.892455 -0.891871 -0.243228 -2.305370 -1.547724 3.403641 0.234395 2.596397 0.181158 0.735668 2.244000 -0.159732 10.626132 -0.690285 0.386283 3.751180
1 129.85064 -8.886388 -0.866026 -0.256115 -2.294523 -1.528035 3.428189 0.243662 2.609726 0.200861 0.759067 2.291606 -0.143936 10.614611 -0.709412 0.376662 3.743516
1 125.91196 -8.916967 -0.873385 -0.223138 -2.299546 -1.520108 3.444121 0.216183 2.616898 0.216774 0.777828 2.292960 -0.179649 10.577576 -0.710655 0.364600 3.718860
1 125.91196 -8.916967 -0.873385 -0.223138 -2.299546 -1.520108 3.444121 0.216183 2.616898 0.216774 0.777828 2.292960 -0.179649 10.577576 -0.710655 0.364600 3.718860
1 125.91196 -8.916967 -0.873385 -0.223138 -2.299546 -1.520108 3.444121 0.216183 2.616898 0.216774 0.777828 2.292960 -0.179649 10.577576 -0.710655 0.364600 3.718860
1 125.91196 -8.916967 -0.873385 -0.223138 -2.299546 -1.520108 3.444121 0.216183 2.616898 0.216774 0.777828 2.292960 -0.179649 10.577576 -0.710655 0.364600 3.718860
1 125.91196 -8.916967 -0.873385 -0.223138 -2.299546 -1.520108 3.444121 0.216183 2.616898 0.216774 0.777828 2.292960 -0.179649 10.577576 -0.710655 0.364600 3.718860
1 125.91196 -8.916967 -0.873385 -0.223138 -2.299546 -1.520108 3.444121 0.216183 2.616898 0.216774 0.777828 2.292960 -0.179649 10.577576 -0.710655 0.364600 3.718860
1 125.81168 -8.902989 -0.854284 -0.228875 -2.326437 -1.512880 3.441959 0.241446 2.606806 0.236699 0.789026 2.276595 -0.188097 10.575790 -0.675086 0.371965 3.719220
1 124.19542 -8.903783 -0.869527 -0.241647 -2.361158 -1.481914 3.436137 0.214670 2.577209 0.263890 0.806004 2.271863 -0.209987 10.592127 -0.684775 0.388092 3.705440
1 124.19542 -8.903783 -0.869527 -0.241647 -2.361158 -1.481914 3.436137 0.214670 2.577209 0.263890 0.806004 2.271863 -0.209987 10.592127 -0.684775 0.388092 3.705440
1 120.85687 -8.899859 -0.873375 -0.299755 -2.395449 -1.465953 3.420300 0.189748 2.603922 0.246066 0.835947 2.253569 -0.195391 10.549500 -0.704778 0.387906 3.718747
1 118.61854 -8.899746 -0.875633 -0.294414 -2.395321 -1.502778 3.401018 0.160052 2.610899 0.267681 0.818759 2.207617 -0.209216 10.531297 -0.672673 0.387534 3.722254
1 118.79197 -8.873690 -0.887213 -0.284080 -2.381979 -1.562573 3.403529 0.157837 2.593454 0.244840 0.822478 2.198365 -0.238473 10.557658 -0.665366 0.387550 3.695679
1 118.79197 -8.873690 -0.887213 -0.284080 -2.381979 -1.562573 3.403529 0.157837 2.593454 0.244840 0.822478 2.198365 -0.238473 10.557658 -0.665366 0.387550 3.695679
1 117.64974 -8.869358 -0.874815 -0.264146 -2.309106 -1.587853 3.405453 0.155877 2.613419 0.220494 0.835068 2.191304 -0.241631 10.519082 -0.715990 0.384157 3.709106
1 117.64974 -8.869358 -0.874815 -0.264146 -2.309106 -1.587853 3.405453 0.155877 2.613419 0.220494 0.835068 2.191304 -0.241631 10.519082 -0.715990 0.384157 3.709106
1 117.64974 -8.869358 -0.874815 -0.264146 -2.309106 -1.587853 3.405453 0.155877 2.613419 0.220494 0.835068 2.191304 -0.241631 10.519082 -0.715990 0.384157 3.709106
1 117.64974 -8.869358 -0.874815 -0.264146 -2.309106 -1.587853 3.405453 0.155877 2.613419 0.220494 0.835068 2.191304 -0.241631 10.519082 -0.715990 0.384157 3.709106
1 118.55422 -8.840265 -0.835717 -0.264732 -2.303517 -1.572936 3.418853 0.158357 2.648214 0.232954 0.875580 2.160027 -0.254208 10.550620 -0.712853 0.387182 3.670670
