1 inf -8.704465 -0.962376 -0.274751 -2.275409 -1.413643 3.382204 0.198624 2.544255 0.144968 0.597353 2.331045 0.135835 10.428198 -0.283292 0.217541 3.670417
1 inf -8.703426 -0.965435 -0.263278 -2.300888 -1.370344 3.371557 0.187001 2.548779 0.198760 0.612947 2.323974 0.155198 10.412255 -0.241871 0.232331 3.676304
1 inf -8.715701 -0.964656 -0.255314 -2.302411 -1.396319 3.348103 0.192866 2.532243 0.228011 0.634148 2.352081 0.173251 10.418668 -0.210560 0.241867 3.663945
1 inf -8.730483 -0.948246 -0.253196 -2.259430 -1.389988 3.362788 0.187809 2.544752 0.205548 0.645185 2.346787 0.150322 10.416968 -0.182844 0.257605 3.658411
1 inf -8.766851 -0.917214 -0.242350 -2.272818 -1.374238 3.359704 0.200778 2.563857 0.195237 0.631494 2.355828 0.142367 10.415970 -0.151171 0.294540 3.650068
1 inf -8.762541 -0.899444 -0.227856 -2.264663 -1.396147 3.360130 0.186542 2.584088 0.226365 0.647181 2.373127 0.161567 10.443923 -0.132331 0.290753 3.613680
1 inf -8.780537 -0.892500 -0.229426 -2.251512 -1.366335 3.345775 0.128556 2.571552 0.213825 0.653781 2.382497 0.158199 10.462138 -0.128031 0.303481 3.625652
1 inf -8.773442 -0.937035 -0.221471 -2.230466 -1.408665 3.315051 0.114255 2.554936 0.220461 0.653883 2.378554 0.170654 10.489974 -0.120191 0.297476 3.666612
1 inf -8.769834 -0.943632 -0.238554 -2.252536 -1.424127 3.314193 0.108554 2.555038 0.195606 0.653398 2.342844 0.174433 10.490721 -0.085044 0.316799 3.647781
1 inf -8.758602 -0.942731 -0.223253 -2.269318 -1.437332 3.302342 0.128458 2.573925 0.236621 0.656867 2.360321 0.167359 10.503386 -0.081591 0.295295 3.622624
1 inf -8.767519 -0.956565 -0.247249 -2.267063 -1.418485 3.265855 0.126513 2.566236 0.249616 0.599511 2.341776 0.174611 10.534656 -0.055944 0.297721 3.638951
1 inf -8.709297 -0.930355 -0.254246 -2.291351 -1.437124 3.307899 0.127206 2.518262 0.243424 0.599071 2.369274 0.194405 10.533801 -0.050999 0.332603 3.640110
1 inf -8.701742 -0.935429 -0.281126 -2.249392 -1.449173 3.328515 0.125502 2.515872 0.228773 0.597187 2.372991 0.203872 10.554826 -0.009734 0.363105 3.657455
1 inf -8.681453 -0.961731 -0.295512 -2.248510 -1.477970 3.332862 0.134427 2.520807 0.272003 0.596344 2.398081 0.204335 10.575074 -0.001195 0.368843 3.659803
1 inf -8.666779 -0.961781 -0.300170 -2.296319 -1.500186 3.335169 0.135355 2.510182 0.269973 0.618680 2.374230 0.240975 10.554813 -0.005506 0.390074 3.643180
1 inf -8.659188 -0.975508 -0.269238 -2.275337 -1.498828 3.321493 0.140632 2.489857 0.311540 0.644232 2.398712 0.231253 10.559225 -0.067723 0.396890 3.623703
1 inf -8.656027 -0.968949 -0.279543 -2.294834 -1.486443 3.333611 0.145686 2.507033 0.300122 0.669863 2.383997 0.222919 10.544876 -0.027097 0.421056 3.624559
1 inf -8.603326 -0.958605 -0.290669 -2.289646 -1.476163 3.311168 0.146067 2.488029 0.356779 0.655950 2.384334 0.236852 10.592528 -0.040257 0.411792 3.615793
1 inf -8.623755 -0.982387 -0.281408 -2.313373 -1.473108 3.293724 0.137730 2.511464 0.330976 0.636785 2.365918 0.246131 10.557490 -0.018298 0.416916 3.611033
1 inf -8.663561 -0.990331 -0.283824 -2.329376 -1.473376 3.291202 0.109870 2.540305 0.342780 0.654659 2.382198 0.241712 10.562574 -0.037241 0.436920 3.628054
1 inf -8.609297 -0.975324 -0.264557 -2.350736 -1.493516 3.303772 0.115190 2.546605 0.307950 0.665974 2.371656 0.226985 10.571426 -0.026906 0.445015 3.667665
1 inf -8.580454 -0.944452 -0.284629 -2.327371 -1.491963 3.292268 0.120335 2.560909 0.316780 0.671733 2.322133 0.217051 10.567037 -0.033728 0.437634 3.674005
1 inf -8.553919 -0.944213 -0.297719 -2.363152 -1.496046 3.297944 0.103506 2.581976 0.270954 0.676825 2.324440 0.222657 10.566835 -0.056971 0.411928 3.654726
1 inf -8.529903 -0.930861 -0.306171 -2.376694 -1.500904 3.280987 0.066285 2.626168 0.274197 0.739766 2.293585 0.262939 10.558006 -0.075130 0.382169 3.662369
1 inf -8.519148 -0.977868 -0.302157 -2.372016 -1.521553 3.297630 0.051099 2.671731 0.269857 0.732504 2.265740 0.244674 10.525042 -0.075629 0.440198 3.652249
1 inf -8.535272 -0.965044 -0.313061 -2.354064 -1.539318 3.290751 0.087605 2.673861 0.273322 0.722904 2.263365 0.264583 10.539873 -0.068437 0.444205 3.651373
1 110.28987 -8.538567 -0.961841 -0.309161 -2.383006 -1.545038 3.282477 0.075004 2.665527 0.248247 0.723183 2.271489 0.237755 10.504242 -0.078508 0.466397 3.656640
1 110.34633 -8.559697 -0.973272 -0.310463 -2.413028 -1.562591 3.314052 0.096399 2.668791 0.266181 0.741712 2.208526 0.243009 10.502050 -0.099725 0.474160 3.654004
1 109.2657 -8.539224 -0.959210 -0.308505 -2.426459 -1.528673 3.290976 0.073851 2.656105 0.236714 0.722940 2.190054 0.256372 10.504641 -0.101421 0.484989 3.628926
1 109.2657 -8.539224 -0.959210 -0.308505 -2.426459 -1.528673 3.290976 0.073851 2.656105 0.236714 0.722940 2.190054 0.256372 10.504641 -0.101421 0.484989 3.628926
1 109.2657 -8.539224 -0.959210 -0.308505 -2.426459 -1.528673 3.290976 0.073851 2.656105 0.236714 0.722940 2.190054 0.256372 10.504641 -0.101421 0.484989 3.628926
1 107.80485 -8.527531 -0.974861 -0.315471 -2.450302 -1.528164 3.246924 0.064955 2.629392 0.270408 0.745238 2.206659 0.244491 10.489008 -0.098460 0.467779 3.643818
1 107.80485 -8.527531 -0.974861 -0.315471 -2.450302 -1.528164 3.246924 0.064955 2.629392 0.270408 0.745238 2.206659 0.244491 10.489008 -0.098460 0.467779 3.643818
1 106.88293 -8.487800 -0.996008 -0.323023 -2.434033 -1.541614 3.232178 0.027289 2.637476 0.243365 0.726214 2.225242 0.251088 10.462782 -0.106953 0.448150 3.633588
1 106.63046 -8.479655 -0.989354 -0.338211 -2.455127 -1.530940 3.245306 0.034385 2.630023 0.245011 0.745462 2.226870 0.280390 10.478216 -0.119746 0.475803 3.631684
1 106.63046 -8.479655 -0.989354 -0.338211 -2.455127 -1.530940 3.245306 0.034385 2.630023 0.245011 0.745462 2.226870 0.280390 10.478216 -0.119746 0.475803 3.631684
1 106.63046 -8.479655 -0.989354 -0.338211 -2.455127 -1.530940 3.245306 0.034385 2.630023 0.245011 0.745462 2.226870 0.280390 10.478216 -0.119746 0.475803 3.631684
1 106.63046 -8.479655 -0.989354 -0.338211 -2.455127 -1.530940 3.245306 0.034385 2.630023 0.245011 0.745462 2.226870 0.280390 10.478216 -0.119746 0.475803 3.631684
1 106.63046 -8.479655 -0.989354 -0.338211 -2.455127 -1.530940 3.245306 0.034385 2.630023 0.245011 0.745462 2.226870 0.280390 10.478216 -0.119746 0.475803 3.631684
1 106.63046 -8.479655 -0.989354 -0.338211 -2.455127 -1.530940 3.245306 0.034385 2.630023 0.245011 0.745462 2.226870 0.280390 10.478216 -0.119746 0.475803 3.631684
1 103.51116 -8.476689 -0.980944 -0.365017 -2.461373 -1.515390 3.250444 0.032109 2.657433 0.261053 0.755714 2.203010 0.296752 10.447570 -0.141997 0.492053 3.625356
1 103.51116 -8.476689 -0.980944 -0.365017 -2.461373 -1.515390 3.250444 0.032109 2.657433 0.261053 0.755714 2.203010 0.296752 10.447570 -0.141997 0.492053 3.625356
1 103.51116 -8.476689 -0.980944 -0.365017 -2.461373 -1.515390 3.250444 0.032109 2.657433 0.261053 0.755714 2.203010 0.296752 10.447570 -0.141997 0.492053 3.625356
1 103.51116 -8.476689 -0.980944 -0.365017 -2.461373 -1.515390 3.250444 0.032109 2.657433 0.261053 0.755714 2.203010 0.296752 10.447570 -0.141997 0.492053 3.625356
1 100.79769 -8.453773 -0.998523 -0.368572 -2.412334 -1.501202 3.292402 0.018010 2.671084 0.279355 0.735243 2.207290 0.306819 10.418922 -0.156161 0.465925 3.613440
1 100.79769 -8.453773 -0.998523 -0.368572 -2.412334 -1.501202 3.292402 0.018010 2.671084 0.279355 0.735243 2.207290 0.306819 10.418922 -0.156161 0.465925 3.613440
1 100.79769 -8.453773 -0.998523 -0.368572 -2.412334 -1.501202 3.292402 0.018010 2.671084 0.279355 0.735243 2.207290 0.306819 10.418922 -0.156161 0.465925 3.613440
1 100.79769 -8.453773 -0.998523 -0.368572 -2.412334 -1.501202 3.292402 0.018010 2.671084 0.279355 0.735243 2.207290 0.306819 10.418922 -0.156161 0.465925 3.613440
1 100.79769 -8.453773 -0.998523 -0.368572 -2.412334 -1.501202 3.292402 0.018010 2.671084 0.279355 0.735243 2.207290 0.306819 10.418922 -0.156161 0.465925 3.613440
1 100.47132 -8.471483 -0.976991 -0.339874 -2.418930 -1.557434 3.284578 0.013627 2.651603 0.282853 0.747119 2.200733 0.293410 10.403290 -0.185835 0.451519 3.617707
1 100.47132 -8.471483 -0.976991 -0.339874 -2.418930 -1.557434 3.284578 0.013627 2.651603 0.282853 0.747119 2.200733 0.293410 10.403290 -0.185835 0.451519 3.617707
1 100.47132 -8.471483 -0.976991 -0.339874 -2.418930 -1.557434 3.284578 0.013627 2.651603 0.282853 0.747119 2.200733 0.293410 10.403290 -0.185835 0.451519 3.617707
1 99.150785 -8.474778 -0.973788 -0.335974 -2.447872 -1.563154 3.276304 0.001026 2.643269 0.257778 0.747398 2.208857 0.266582 10.367659 -0.195906 0.473711 3.622974
1 99.150785 -8.474778 -0.973788 -0.335974 -2.447872 -1.563154 3.276304 0.001026 2.643269 0.257778 0.747398 2.208857 0.266582 10.367659 -0.195906 0.473711 3.622974
1 99.150785 -8.474778 -0.973788 -0.335974 -2.447872 -1.563154 3.276304 0.001026 2.643269 0.257778 0.747398 2.208857 0.266582 10.367659 -0.195906 0.473711 3.622974
1 99.150785 -8.474778 -0.973788 -0.335974 -2.447872 -1.563154 3.276304 0.001026 2.643269 0.257778 0.747398 2.208857 0.266582 10.367659 -0.195906 0.473711 3.622974
1 99.150785 -8.474778 -0.973788 -0.335974 -2.447872 -1.563154 3.276304 0.001026 2.643269 0.257778 0.747398 2.208857 0.266582 10.367659 -0.195906 0.473711 3.622974
1 99.150785 -8.474778 -0.973788 -0.335974 -2.447872 -1.563154 3.276304 0.001026 2.643269 0.257778 0.747398 2.208857 0.266582 10.367659 -0.195906 0.473711 3.622974
1 99.150785 -8.474778 -0.973788 -0.335974 -2.447872 -1.563154 3.276304 0.001026 2.643269 0.257778 0.747398 2.208857 0.266582 10.367659 -0.195906 0.473711 3.622974
1 99.150785 -8.474778 -0.973788 -0.335974 -2.447872 -1.563154 3.276304 0.001026 2.643269 0.257778 0.747398 2.208857 0.266582 10.367659 -0.195906 0.473711 3.622974
1 99.150785 -8.474778 -0.973788 -0.335974 -2.447872 -1.563154 3.276304 0.001026 2.643269 0.257778 0.747398 2.208857 0.266582 10.367659 -0.195906 0.473711 3.622974
1 99.150785 -8.474778 -0.973788 -0.335974 -2.447872 -1.563154 3.276304 0.001026 2.643269 0.257778 0.747398 2.208857 0.266582 10.367659 -0.195906 0.473711 3.622974
1 96.569039 -8.497117 -0.973519 -0.346311 -2.421537 -1.528843 3.262666 -0.007688 2.657796 0.281019 0.763982 2.180864 0.248504 10.329374 -0.240177 0.465665 3.593998
1 96.037782 -8.512149 -0.985845 -0.346920 -2.427893 -1.474124 3.276248 0.020329 2.625269 0.291806 0.792624 2.212511 0.212673 10.323849 -0.236334 0.483714 3.590992
1 96.037782 -8.512149 -0.985845 -0.346920 -2.427893 -1.474124 3.276248 0.020329 2.625269 0.291806 0.792624 2.212511 0.212673 10.323849 -0.236334 0.483714 3.590992
1 96.037782 -8.512149 -0.985845 -0.346920 -2.427893 -1.474124 3.276248 0.020329 2.625269 0.291806 0.792624 2.212511 0.212673 10.323849 -0.236334 0.483714 3.590992
1 96.037782 -8.512149 -0.985845 -0.346920 -2.427893 -1.474124 3.276248 0.020329 2.625269 0.291806 0.792624 2.212511 0.212673 10.323849 -0.236334 0.483714 3.590992
1 96.037782 -8.512149 -0.985845 -0.346920 -2.427893 -1.474124 3.276248 0.020329 2.625269 0.291806 0.792624 2.212511 0.212673 10.323849 -0.236334 0.483714 3.590992
1 96.037782 -8.512149 -0.985845 -0.346920 -2.427893 -1.474124 3.276248 0.020329 2.625269 0.291806 0.792624 2.212511 0.212673 10.323849 -0.236334 0.483714 3.590992
1 96.037782 -8.512149 -0.985845 -0.346920 -2.427893 -1.474124 3.276248 0.020329 2.625269 0.291806 0.792624 2.212511 0.212673 10.323849 -0.236334 0.483714 3.590992
1 96.442962 -8.476855 -0.995394 -0.366734 -2.417463 -1.487551 3.276493 0.016720 2.643871 0.279097 0.779707 2.161525 0.234355 10.343438 -0.248047 0.489883 3.656330
1 96.442962 -8.476855 -0.995394 -0.366734 -2.417463 -1.487551 3.276493 0.016720 2.643871 0.279097 0.779707 2.161525 0.234355 10.343438 -0.248047 0.489883 3.656330
1 96.442962 -8.476855 -0.995394 -0.366734 -2.417463 -1.487551 3.276493 0.016720 2.643871 0.279097 0.779707 2.161525 0.234355 10.343438 -0.248047 0.489883 3.656330
1 95.943617 -8.465965 -0.963349 -0.349983 -2.421305 -1.481779 3.271815 0.008138 2.649669 0.263440 0.793575 2.168982 0.248380 10.315724 -0.227504 0.502792 3.642030
1 96.048967 -8.452814 -0.965189 -0.335194 -2.425312 -1.456818 3.273692 -0.042357 2.663783 0.244330 0.783904 2.139768 0.254928 10.310809 -0.217105 0.480943 3.635929
1 95.552482 -8.450404 -0.993430 -0.395677 -2.444030 -1.503797 3.271632 -0.045775 2.656716 0.275264 0.802931 2.123397 0.247473 10.326281 -0.211165 0.468244 3.579477
1 95.552482 -8.450404 -0.993430 -0.395677 -2.444030 -1.503797 3.271632 -0.045775 2.656716 0.275264 0.802931 2.123397 0.247473 10.326281 -0.211165 0.468244 3.579477
1 95.32656 -8.433261 -0.956990 -0.375599 -2.433364 -1.508731 3.251103 -0.061130 2.673820 0.272081 0.786889 2.129157 0.251951 10.327350 -0.201660 0.464834 3.609242
1 95.32656 -8.433261 -0.956990 -0.375599 -2.433364 -1.508731 3.251103 -0.061130 2.673820 0.272081 0.786889 2.129157 0.251951 10.327350 -0.201660 0.464834 3.609242
1 95.32656 -8.433261 -0.956990 -0.375599 -2.433364 -1.508731 3.251103 -0.061130 2.673820 0.272081 0.786889 2.129157 0.251951 10.327350 -0.201660 0.464834 3.609242
1 95.32656 -8.433261 -0.956990 -0.375599 -2.433364 -1.508731 3.251103 -0.061130 2.673820 0.272081 0.786889 2.129157 0.251951 10.327350 -0.201660 0.464834 3.609242
1 95.32656 -8.433261 -0.956990 -0.375599 -2.433364 -1.508731 3.251103 -0.061130 2.673820 0.272081 0.786889 2.129157 0.251951 10.327350 -0.201660 0.464834 3.609242
1 95.32656 -8.433261 -0.956990 -0.375599 -2.433364 -1.508731 3.251103 -0.061130 2.673820 0.272081 0.786889 2.129157 0.251951 10.327350 -0.201660 0.464834 3.609242
1 95.445588 -8.461126 -0.920088 -0.379286 -2.444198 -1.495315 3.275234 -0.041567 2.670538 0.270305 0.761853 2.141720 0.217891 10.314670 -0.241033 0.471856 3.594087
1 94.837227 -8.480710 -0.907696 -0.378154 -2.453538 -1.491521 3.281673 -0.039345 2.698646 0.273144 0.766743 2.152478 0.221548 10.269190 -0.239501 0.425074 3.588236
1 94.636615 -8.484641 -0.917886 -0.368838 -2.422764 -1.480792 3.266868 -0.029705 2.712726 0.245115 0.737137 2.131428 0.215727 10.269792 -0.228244 0.410933 3.610993
1 93.522073 -8.480510 -0.911651 -0.373297 -2.436148 -1.478459 3.298096 -0.042942 2.744349 0.236492 0.706854 2.121483 0.217634 10.243045 -0.217966 0.416739 3.613674
1 93.049905 -8.449166 -0.899450 -0.385089 -2.434344 -1.454502 3.264109 -0.066411 2.761219 0.278303 0.734073 2.128976 0.216585 10.229964 -0.239861 0.427949 3.609421
1 92.980914 -8.467235 -0.908595 -0.409966 -2.472301 -1.465676 3.239780 -0.082497 2.786491 0.267556 0.727159 2.145520 0.247832 10.225083 -0.273168 0.421794 3.591183
1 92.980914 -8.467235 -0.908595 -0.409966 -2.472301 -1.465676 3.239780 -0.082497 2.786491 0.267556 0.727159 2.145520 0.247832 10.225083 -0.273168 0.421794 3.591183
1 92.476946 -8.420555 -0.919725 -0.419967 -2.489217 -1.461764 3.226492 -0.087865 2.799602 0.239843 0.667485 2.132933 0.208307 10.220767 -0.288088 0.420938 3.565270
1 92.476946 -8.420555 -0.919725 -0.419967 -2.489217 -1.461764 3.226492 -0.087865 2.799602 0.239843 0.667485 2.132933 0.208307 10.220767 -0.288088 0.420938 3.565270
1 90.688612 -8.451054 -0.921107 -0.431289 -2.498334 -1.442585 3.252643 -0.095241 2.793357 0.269136 0.665507 2.120147 0.182997 10.216810 -0.287428 0.466835 3.575748
1 90.688612 -8.451054 -0.921107 -0.431289 -2.498334 -1.442585 3.252643 -0.095241 2.793357 0.269136 0.665507 2.120147 0.182997 10.216810 -0.287428 0.466835 3.575748
1 90.688612 -8.451054 -0.921107 -0.431289 -2.498334 -1.442585 3.252643 -0.095241 2.793357 0.269136 0.665507 2.120147 0.182997 10.216810 -0.287428 0.466835 3.575748
1 89.791067 -8.500983 -0.877475 -0.435452 -2.538923 -1.439704 3.270361 -0.093415 2.781169 0.260792 0.619587 2.131689 0.142360 10.191939 -0.314170 0.493427 3.584991
1 89.791067 -8.500983 -0.877475 -0.435452 -2.538923 -1.439704 3.270361 -0.093415 2.781169 0.260792 0.619587 2.131689 0.142360 10.191939 -0.314170 0.493427 3.584991
1 89.791067 -8.500983 -0.877475 -0.435452 -2.538923 -1.439704 3.270361 -0.093415 2.781169 0.260792 0.619587 2.131689 0.142360 10.191939 -0.314170 0.493427 3.584991
1 89.791067 -8.500983 -0.877475 -0.435452 -2.538923 -1.439704 3.270361 -0.093415 2.781169 0.260792 0.619587 2.131689 0.142360 10.191939 -0.314170 0.493427 3.584991
1 88.882459 -8.489409 -0.875669 -0.433066 -2.554872 -1.446782 3.237114 -0.106837 2.744519 0.279368 0.632271 2.111347 0.124441 10.197868 -0.305043 0.493757 3.553715
1 88.882459 -8.489409 -0.875669 -0.433066 -2.554872 -1.446782 3.237114 -0.106837 2.744519 0.279368 0.632271 2.111347 0.124441 10.197868 -0.305043 0.493757 3.553715
1 88.882459 -8.489409 -0.875669 -0.433066 -2.554872 -1.446782 3.237114 -0.106837 2.744519 0.279368 0.632271 2.111347 0.124441 10.197868 -0.305043 0.493757 3.553715
1 88.630548 -8.495598 -0.872920 -0.435705 -2.543152 -1.439857 3.233916 -0.102070 2.728875 0.299702 0.616671 2.135152 0.087307 10.192019 -0.298453 0.496091 3.538176
1 88.630548 -8.495598 -0.872920 -0.435705 -2.543152 -1.439857 3.233916 -0.102070 2.728875 0.299702 0.616671 2.135152 0.087307 10.192019 -0.298453 0.496091 3.538176
1 88.630548 -8.495598 -0.872920 -0.435705 -2.543152 -1.439857 3.233916 -0.102070 2.728875 0.299702 0.616671 2.135152 0.087307 10.192019 -0.298453 0.496091 3.538176
