1 150.77 -8.675162 -0.962567 -0.289062 -2.244023 -1.413587 3.412536 0.226767 2.558935 0.180184 0.581028 2.332190 0.164797 10.493695 -0.703871 -0.265522 0.170406 3.678468
1 150.77 -8.675162 -0.962567 -0.289062 -2.244023 -1.413587 3.412536 0.226767 2.558935 0.180184 0.581028 2.332190 0.164797 10.493695 -0.703871 -0.265522 0.170406 3.678468
1 150.77 -8.675162 -0.962567 -0.289062 -2.244023 -1.413587 3.412536 0.226767 2.558935 0.180184 0.581028 2.332190 0.164797 10.493695 -0.703871 -0.265522 0.170406 3.678468
1 150.75297 -8.674095 -0.961639 -0.271515 -2.264654 -1.431319 3.456650 0.253042 2.557790 0.189285 0.589659 2.318180 0.173399 10.472576 -0.677355 -0.259621 0.139193 3.653055
1 150.75297 -8.674095 -0.961639 -0.271515 -2.264654 -1.431319 3.456650 0.253042 2.557790 0.189285 0.589659 2.318180 0.173399 10.472576 -0.677355 -0.259621 0.139193 3.653055
1 150.75297 -8.674095 -0.961639 -0.271515 -2.264654 -1.431319 3.456650 0.253042 2.557790 0.189285 0.589659 2.318180 0.173399 10.472576 -0.677355 -0.259621 0.139193 3.653055
1 150.75297 -8.674095 -0.961639 -0.271515 -2.264654 -1.431319 3.456650 0.253042 2.557790 0.189285 0.589659 2.318180 0.173399 10.472576 -0.677355 -0.259621 0.139193 3.653055
1 150.75297 -8.674095 -0.961639 -0.271515 -2.264654 -1.431319 3.456650 0.253042 2.557790 0.189285 0.589659 2.318180 0.173399 10.472576 -0.677355 -0.259621 0.139193 3.653055
1 150.75297 -8.674095 -0.961639 -0.271515 -2.264654 -1.431319 3.456650 0.253042 2.557790 0.189285 0.589659 2.318180 0.173399 10.472576 -0.677355 -0.259621 0.139193 3.653055
1 150.75297 -8.674095 -0.961639 -0.271515 -2.264654 -1.431319 3.456650 0.253042 2.557790 0.189285 0.589659 2.318180 0.173399 10.472576 -0.677355 -0.259621 0.139193 3.653055
1 150.75297 -8.674095 -0.961639 -0.271515 -2.264654 -1.431319 3.456650 0.253042 2.557790 0.189285 0.589659 2.318180 0.173399 10.472576 -0.677355 -0.259621 0.139193 3.653055
1 150.75297 -8.674095 -0.961639 -0.271515 -2.264654 -1.431319 3.456650 0.253042 2.557790 0.189285 0.589659 2.318180 0.173399 10.472576 -0.677355 -0.259621 0.139193 3.653055
1 144.7014 -8.684512 -0.916799 -0.292008 -2.261497 -1.411576 3.476262 0.247532 2.568462 0.202965 0.618263 2.311947 0.143798 10.501036 -0.667719 -0.291676 0.152295 3.648187
1 144.7014 -8.684512 -0.916799 -0.292008 -2.261497 -1.411576 3.476262 0.247532 2.568462 0.202965 0.618263 2.311947 0.143798 10.501036 -0.667719 -0.291676 0.152295 3.648187
1 144.7014 -8.684512 -0.916799 -0.292008 -2.261497 -1.411576 3.476262 0.247532 2.568462 0.202965 0.618263 2.311947 0.143798 10.501036 -0.667719 -0.291676 0.152295 3.648187
1 144.7014 -8.684512 -0.916799 -0.292008 -2.261497 -1.411576 3.476262 0.247532 2.568462 0.202965 0.618263 2.311947 0.143798 10.501036 -0.667719 -0.291676 0.152295 3.648187
1 144.7014 -8.684512 -0.916799 -0.292008 -2.261497 -1.411576 3.476262 0.247532 2.568462 0.202965 0.618263 2.311947 0.143798 10.501036 -0.667719 -0.291676 0.152295 3.648187
1 144.7014 -8.684512 -0.916799 -0.292008 -2.261497 -1.411576 3.476262 0.247532 2.568462 0.202965 0.618263 2.311947 0.143798 10.501036 -0.667719 -0.291676 0.152295 3.648187
1 144.7014 -8.684512 -0.916799 -0.292008 -2.261497 -1.411576 3.476262 0.247532 2.568462 0.202965 0.618263 2.311947 0.143798 10.501036 -0.667719 -0.291676 0.152295 3.648187
1 144.7014 -8.684512 -0.916799 -0.292008 -2.261497 -1.411576 3.476262 0.247532 2.568462 0.202965 0.618263 2.311947 0.143798 10.501036 -0.667719 -0.291676 0.152295 3.648187
1 144.7014 -8.684512 -0.916799 -0.292008 -2.261497 -1.411576 3.476262 0.247532 2.568462 0.202965 0.618263 2.311947 0.143798 10.501036 -0.667719 -0.291676 0.152295 3.648187
1 144.7014 -8.684512 -0.916799 -0.292008 -2.261497 -1.411576 3.476262 0.247532 2.568462 0.202965 0.618263 2.311947 0.143798 10.501036 -0.667719 -0.291676 0.152295 3.648187
1 144.7014 -8.684512 -0.916799 -0.292008 -2.261497 -1.411576 3.476262 0.247532 2.568462 0.202965 0.618263 2.311947 0.143798 10.501036 -0.667719 -0.291676 0.152295 3.648187
1 144.7014 -8.684512 -0.916799 -0.292008 -2.261497 -1.411576 3.476262 0.247532 2.568462 0.202965 0.618263 2.311947 0.143798 10.501036 -0.667719 -0.291676 0.152295 3.648187
1 144.7014 -8.684512 -0.916799 -0.292008 -2.261497 -1.411576 3.476262 0.247532 2.568462 0.202965 0.618263 2.311947 0.143798 10.501036 -0.667719 -0.291676 0.152295 3.648187
1 144.7014 -8.684512 -0.916799 -0.292008 -2.261497 -1.411576 3.476262 0.247532 2.568462 0.202965 0.618263 2.311947 0.143798 10.501036 -0.667719 -0.291676 0.152295 3.648187
1 144.7014 -8.684512 -0.916799 -0.292008 -2.261497 -1.411576 3.476262 0.247532 2.568462 0.202965 0.618263 2.311947 0.143798 10.501036 -0.667719 -0.291676 0.152295 3.648187
1 144.7014 -8.684512 -0.916799 -0.292008 -2.261497 -1.411576 3.476262 0.247532 2.568462 0.202965 0.618263 2.311947 0.143798 10.501036 -0.667719 -0.291676 0.152295 3.648187
1 144.7014 -8.684512 -0.916799 -0.292008 -2.261497 -1.411576 3.476262 0.247532 2.568462 0.202965 0.618263 2.311947 0.143798 10.501036 -0.667719 -0.291676 0.152295 3.648187
1 144.7014 -8.684512 -0.916799 -0.292008 -2.261497 -1.411576 3.476262 0.247532 2.568462 0.202965 0.618263 2.311947 0.143798 10.501036 -0.667719 -0.291676 0.152295 3.648187
1 144.7014 -8.684512 -0.916799 -0.292008 -2.261497 -1.411576 3.476262 0.247532 2.568462 0.202965 0.618263 2.311947 0.143798 10.501036 -0.667719 -0.291676 0.152295 3.648187
1 144.7014 -8.684512 -0.916799 -0.292008 -2.261497 -1.411576 3.476262 0.247532 2.568462 0.202965 0.618263 2.311947 0.143798 10.501036 -0.667719 -0.291676 0.152295 3.648187
1 144.7014 -8.684512 -0.916799 -0.292008 -2.261497 -1.411576 3.476262 0.247532 2.568462 0.202965 0.618263 2.311947 0.143798 10.501036 -0.667719 -0.291676 0.152295 3.648187
1 144.7014 -8.684512 -0.916799 -0.292008 -2.261497 -1.411576 3.476262 0.247532 2.568462 0.202965 0.618263 2.311947 0.143798 10.501036 -0.667719 -0.291676 0.152295 3.648187
1 144.7014 -8.684512 -0.916799 -0.292008 -2.261497 -1.411576 3.476262 0.247532 2.568462 0.202965 0.618263 2.311947 0.143798 10.501036 -0.667719 -0.291676 0.152295 3.648187
1 144.7014 -8.684512 -0.916799 -0.292008 -2.261497 -1.411576 3.476262 0.247532 2.568462 0.202965 0.618263 2.311947 0.143798 10.501036 -0.667719 -0.291676 0.152295 3.648187
1 144.7014 -8.684512 -0.916799 -0.292008 -2.261497 -1.411576 3.476262 0.247532 2.568462 0.202965 0.618263 2.311947 0.143798 10.501036 -0.667719 -0.291676 0.152295 3.648187
1 144.7014 -8.684512 -0.916799 -0.292008 -2.261497 -1.411576 3.476262 0.247532 2.568462 0.202965 0.618263 2.311947 0.143798 10.501036 -0.667719 -0.291676 0.152295 3.648187
1 144.7014 -8.684512 -0.916799 -0.292008 -2.261497 -1.411576 3.476262 0.247532 2.568462 0.202965 0.618263 2.311947 0.143798 10.501036 -0.667719 -0.291676 0.152295 3.648187
1 144.7014 -8.684512 -0.916799 -0.292008 -2.261497 -1.411576 3.476262 0.247532 2.568462 0.202965 0.618263 2.311947 0.143798 10.501036 -0.667719 -0.291676 0.152295 3.648187
1 144.7014 -8.684512 -0.916799 -0.292008 -2.261497 -1.411576 3.476262 0.247532 2.568462 0.202965 0.618263 2.311947 0.143798 10.501036 -0.667719 -0.291676 0.152295 3.648187
1 144.7014 -8.684512 -0.916799 -0.292008 -2.261497 -1.411576 3.476262 0.247532 2.568462 0.202965 0.618263 2.311947 0.143798 10.501036 -0.667719 -0.291676 0.152295 3.648187
1 144.7014 -8.684512 -0.916799 -0.292008 -2.261497 -1.411576 3.476262 0.247532 2.568462 0.202965 0.618263 2.311947 0.143798 10.501036 -0.667719 -0.291676 0.152295 3.648187
1 144.7014 -8.684512 -0.916799 -0.292008 -2.261497 -1.411576 3.476262 0.247532 2.568462 0.202965 0.618263 2.311947 0.143798 10.501036 -0.667719 -0.291676 0.152295 3.648187
1 144.7014 -8.684512 -0.916799 -0.292008 -2.261497 -1.411576 3.476262 0.247532 2.568462 0.202965 0.618263 2.311947 0.143798 10.501036 -0.667719 -0.291676 0.152295 3.648187
1 144.7014 -8.684512 -0.916799 -0.292008 -2.261497 -1.411576 3.476262 0.247532 2.568462 0.202965 0.618263 2.311947 0.143798 10.501036 -0.667719 -0.291676 0.152295 3.648187
1 144.7014 -8.684512 -0.916799 -0.292008 -2.261497 -1.411576 3.476262 0.247532 2.568462 0.202965 0.618263 2.311947 0.143798 10.501036 -0.667719 -0.291676 0.152295 3.648187
1 144.7014 -8.684512 -0.916799 -0.292008 -2.261497 -1.411576 3.476262 0.247532 2.568462 0.202965 0.618263 2.311947 0.143798 10.501036 -0.667719 -0.291676 0.152295 3.648187
1 144.7014 -8.684512 -0.916799 -0.292008 -2.261497 -1.411576 3.476262 0.247532 2.568462 0.202965 0.618263 2.311947 0.143798 10.501036 -0.667719 -0.291676 0.152295 3.648187
1 144.7014 -8.684512 -0.916799 -0.292008 -2.261497 -1.411576 3.476262 0.247532 2.568462 0.202965 0.618263 2.311947 0.143798 10.501036 -0.667719 -0.291676 0.152295 3.648187
1 144.7014 -8.684512 -0.916799 -0.292008 -2.261497 -1.411576 3.476262 0.247532 2.568462 0.202965 0.618263 2.311947 0.143798 10.501036 -0.667719 -0.291676 0.152295 3.648187
1 144.7014 -8.684512 -0.916799 -0.292008 -2.261497 -1.411576 3.476262 0.247532 2.568462 0.202965 0.618263 2.311947 0.143798 10.501036 -0.667719 -0.291676 0.152295 3.648187
1 144.7014 -8.684512 -0.916799 -0.292008 -2.261497 -1.411576 3.476262 0.247532 2.568462 0.202965 0.618263 2.311947 0.143798 10.501036 -0.667719 -0.291676 0.152295 3.648187
1 144.7014 -8.684512 -0.916799 -0.292008 -2.261497 -1.411576 3.476262 0.247532 2.568462 0.202965 0.618263 2.311947 0.143798 10.501036 -0.667719 -0.291676 0.152295 3.648187
1 144.7014 -8.684512 -0.916799 -0.292008 -2.261497 -1.411576 3.476262 0.247532 2.568462 0.202965 0.618263 2.311947 0.143798 10.501036 -0.667719 -0.291676 0.152295 3.648187
1 144.7014 -8.684512 -0.916799 -0.292008 -2.261497 -1.411576 3.476262 0.247532 2.568462 0.202965 0.618263 2.311947 0.143798 10.501036 -0.667719 -0.291676 0.152295 3.648187
1 144.7014 -8.684512 -0.916799 -0.292008 -2.261497 -1.411576 3.476262 0.247532 2.568462 0.202965 0.618263 2.311947 0.143798 10.501036 -0.667719 -0.291676 0.152295 3.648187
1 144.7014 -8.684512 -0.916799 -0.292008 -2.261497 -1.411576 3.476262 0.247532 2.568462 0.202965 0.618263 2.311947 0.143798 10.501036 -0.667719 -0.291676 0.152295 3.648187
1 144.7014 -8.684512 -0.916799 -0.292008 -2.261497 -1.411576 3.476262 0.247532 2.568462 0.202965 0.618263 2.311947 0.143798 10.501036 -0.667719 -0.291676 0.152295 3.648187
1 144.7014 -8.684512 -0.916799 -0.292008 -2.261497 -1.411576 3.476262 0.247532 2.568462 0.202965 0.618263 2.311947 0.143798 10.501036 -0.667719 -0.291676 0.152295 3.648187
1 144.7014 -8.684512 -0.916799 -0.292008 -2.261497 -1.411576 3.476262 0.247532 2.568462 0.202965 0.618263 2.311947 0.143798 10.501036 -0.667719 -0.291676 0.152295 3.648187
1 144.7014 -8.684512 -0.916799 -0.292008 -2.261497 -1.411576 3.476262 0.247532 2.568462 0.202965 0.618263 2.311947 0.143798 10.501036 -0.667719 -0.291676 0.152295 3.648187
1 144.7014 -8.684512 -0.916799 -0.292008 -2.261497 -1.411576 3.476262 0.247532 2.568462 0.202965 0.618263 2.311947 0.143798 10.501036 -0.667719 -0.291676 0.152295 3.648187
1 144.7014 -8.684512 -0.916799 -0.292008 -2.261497 -1.411576 3.476262 0.247532 2.568462 0.202965 0.618263 2.311947 0.143798 10.501036 -0.667719 -0.291676 0.152295 3.648187
1 144.7014 -8.684512 -0.916799 -0.292008 -2.261497 -1.411576 3.476262 0.247532 2.568462 0.202965 0.618263 2.311947 0.143798 10.501036 -0.667719 -0.291676 0.152295 3.648187
1 144.7014 -8.684512 -0.916799 -0.292008 -2.261497 -1.411576 3.476262 0.247532 2.568462 0.202965 0.618263 2.311947 0.143798 10.501036 -0.667719 -0.291676 0.152295 3.648187
1 144.7014 -8.684512 -0.916799 -0.292008 -2.261497 -1.411576 3.476262 0.247532 2.568462 0.202965 0.618263 2.311947 0.143798 10.501036 -0.667719 -0.291676 0.152295 3.648187
1 144.7014 -8.684512 -0.916799 -0.292008 -2.261497 -1.411576 3.476262 0.247532 2.568462 0.202965 0.618263 2.311947 0.143798 10.501036 -0.667719 -0.291676 0.152295 3.648187
1 144.7014 -8.684512 -0.916799 -0.292008 -2.261497 -1.411576 3.476262 0.247532 2.568462 0.202965 0.618263 2.311947 0.143798 10.501036 -0.667719 -0.291676 0.152295 3.648187
1 144.7014 -8.684512 -0.916799 -0.292008 -2.261497 -1.411576 3.476262 0.247532 2.568462 0.202965 0.618263 2.311947 0.143798 10.501036 -0.667719 -0.291676 0.152295 3.648187
1 144.7014 -8.684512 -0.916799 -0.292008 -2.261497 -1.411576 3.476262 0.247532 2.568462 0.202965 0.618263 2.311947 0.143798 10.501036 -0.667719 -0.291676 0.152295 3.648187
1 144.7014 -8.684512 -0.916799 -0.292008 -2.261497 -1.411576 3.476262 0.247532 2.568462 0.202965 0.618263 2.311947 0.143798 10.501036 -0.667719 -0.291676 0.152295 3.648187
1 144.7014 -8.684512 -0.916799 -0.292008 -2.261497 -1.411576 3.476262 0.247532 2.568462 0.202965 0.618263 2.311947 0.143798 10.501036 -0.667719 -0.291676 0.152295 3.648187
1 144.7014 -8.684512 -0.916799 -0.292008 -2.261497 -1.411576 3.476262 0.247532 2.568462 0.202965 0.618263 2.311947 0.143798 10.501036 -0.667719 -0.291676 0.152295 3.648187
1 144.7014 -8.684512 -0.916799 -0.292008 -2.261497 -1.411576 3.476262 0.247532 2.568462 0.202965 0.618263 2.311947 0.143798 10.501036 -0.667719 -0.291676 0.152295 3.648187
1 144.7014 -8.684512 -0.916799 -0.292008 -2.261497 -1.411576 3.476262 0.247532 2.568462 0.202965 0.618263 2.311947 0.143798 10.501036 -0.667719 -0.291676 0.152295 3.648187
1 144.7014 -8.684512 -0.916799 -0.292008 -2.261497 -1.411576 3.476262 0.247532 2.568462 0.202965 0.618263 2.311947 0.143798 10.501036 -0.667719 -0.291676 0.152295 3.648187
1 144.7014 -8.684512 -0.916799 -0.292008 -2.261497 -1.411576 3.476262 0.247532 2.568462 0.202965 0.618263 2.311947 0.143798 10.501036 -0.667719 -0.291676 0.152295 3.648187
1 144.7014 -8.684512 -0.916799 -0.292008 -2.261497 -1.411576 3.476262 0.247532 2.568462 0.202965 0.618263 2.311947 0.143798 10.501036 -0.667719 -0.291676 0.152295 3.648187
1 144.7014 -8.684512 -0.916799 -0.292008 -2.261497 -1.411576 3.476262 0.247532 2.568462 0.202965 0.618263 2.311947 0.143798 10.501036 -0.667719 -0.291676 0.152295 3.648187
1 144.7014 -8.684512 -0.916799 -0.292008 -2.261497 -1.411576 3.476262 0.247532 2.568462 0.202965 0.618263 2.311947 0.143798 10.501036 -0.667719 -0.291676 0.152295 3.648187
1 144.7014 -8.684512 -0.916799 -0.292008 -2.261497 -1.411576 3.476262 0.247532 2.568462 0.202965 0.618263 2.311947 0.143798 10.501036 -0.667719 -0.291676 0.152295 3.648187
1 144.7014 -8.684512 -0.916799 -0.292008 -2.261497 -1.411576 3.476262 0.247532 2.568462 0.202965 0.618263 2.311947 0.143798 10.501036 -0.667719 -0.291676 0.152295 3.648187
1 144.7014 -8.684512 -0.916799 -0.292008 -2.261497 -1.411576 3.476262 0.247532 2.568462 0.202965 0.618263 2.311947 0.143798 10.501036 -0.667719 -0.291676 0.152295 3.648187
1 144.7014 -8.684512 -0.916799 -0.292008 -2.261497 -1.411576 3.476262 0.247532 2.568462 0.202965 0.618263 2.311947 0.143798 10.501036 -0.667719 -0.291676 0.152295 3.648187
1 144.7014 -8.684512 -0.916799 -0.292008 -2.261497 -1.411576 3.476262 0.247532 2.568462 0.202965 0.618263 2.311947 0.143798 10.501036 -0.667719 -0.291676 0.152295 3.648187
1 144.7014 -8.684512 -0.916799 -0.292008 -2.261497 -1.411576 3.476262 0.247532 2.568462 0.202965 0.618263 2.311947 0.143798 10.501036 -0.667719 -0.291676 0.152295 3.648187
1 144.7014 -8.684512 -0.916799 -0.292008 -2.261497 -1.411576 3.476262 0.247532 2.568462 0.202965 0.618263 2.311947 0.143798 10.501036 -0.667719 -0.291676 0.152295 3.648187
1 144.7014 -8.684512 -0.916799 -0.292008 -2.261497 -1.411576 3.476262 0.247532 2.568462 0.202965 0.618263 2.311947 0.143798 10.501036 -0.667719 -0.291676 0.152295 3.648187
1 144.7014 -8.684512 -0.916799 -0.292008 -2.261497 -1.411576 3.476262 0.247532 2.568462 0.202965 0.618263 2.311947 0.143798 10.501036 -0.667719 -0.291676 0.152295 3.648187
1 144.7014 -8.684512 -0.916799 -0.292008 -2.261497 -1.411576 3.476262 0.247532 2.568462 0.202965 0.618263 2.311947 0.143798 10.501036 -0.667719 -0.291676 0.152295 3.648187
1 144.7014 -8.684512 -0.916799 -0.292008 -2.261497 -1.411576 3.476262 0.247532 2.568462 0.202965 0.618263 2.311947 0.143798 10.501036 -0.667719 -0.291676 0.152295 3.648187
1 144.7014 -8.684512 -0.916799 -0.292008 -2.261497 -1.411576 3.476262 0.247532 2.568462 0.202965 0.618263 2.311947 0.143798 10.501036 -0.667719 -0.291676 0.152295 3.648187
1 144.7014 -8.684512 -0.916799 -0.292008 -2.261497 -1.411576 3.476262 0.247532 2.568462 0.202965 0.618263 2.311947 0.143798 10.501036 -0.667719 -0.291676 0.152295 3.648187
1 144.7014 -8.684512 -0.916799 -0.292008 -2.261497 -1.411576 3.476262 0.247532 2.568462 0.202965 0.618263 2.311947 0.143798 10.501036 -0.667719 -0.291676 0.152295 3.648187
1 144.7014 -8.684512 -0.916799 -0.292008 -2.261497 -1.411576 3.476262 0.247532 2.568462 0.202965 0.618263 2.311947 0.143798 10.501036 -0.667719 -0.291676 0.152295 3.648187
1 144.7014 -8.684512 -0.916799 -0.292008 -2.261497 -1.411576 3.476262 0.247532 2.568462 0.202965 0.618263 2.311947 0.143798 10.501036 -0.667719 -0.291676 0.152295 3.648187
1 144.7014 -8.684512 -0.916799 -0.292008 -2.261497 -1.411576 3.476262 0.247532 2.568462 0.202965 0.618263 2.311947 0.143798 10.501036 -0.667719 -0.291676 0.152295 3.648187
1 144.7014 -8.684512 -0.916799 -0.292008 -2.261497 -1.411576 3.476262 0.247532 2.568462 0.202965 0.618263 2.311947 0.143798 10.501036 -0.667719 -0.291676 0.152295 3.648187
1 144.7014 -8.684512 -0.916799 -0.292008 -2.261497 -1.411576 3.476262 0.247532 2.568462 0.202965 0.618263 2.311947 0.143798 10.501036 -0.667719 -0.291676 0.152295 3.648187
1 144.7014 -8.684512 -0.916799 -0.292008 -2.261497 -1.411576 3.476262 0.247532 2.568462 0.202965 0.618263 2.311947 0.143798 10.501036 -0.667719 -0.291676 0.152295 3.648187
1 144.7014 -8.684512 -0.916799 -0.292008 -2.261497 -1.411576 3.476262 0.247532 2.568462 0.202965 0.618263 2.311947 0.143798 10.501036 -0.667719 -0.291676 0.152295 3.648187
1 144.7014 -8.684512 -0.916799 -0.292008 -2.261497 -1.411576 3.476262 0.247532 2.568462 0.202965 0.618263 2.311947 0.143798 10.501036 -0.667719 -0.291676 0.152295 3.648187
1 144.7014 -8.684512 -0.916799 -0.292008 -2.261497 -1.411576 3.476262 0.247532 2.568462 0.202965 0.618263 2.311947 0.143798 10.501036 -0.667719 -0.291676 0.152295 3.648187
1 144.7014 -8.684512 -0.916799 -0.292008 -2.261497 -1.411576 3.476262 0.247532 2.568462 0.202965 0.618263 2.311947 0.143798 10.501036 -0.667719 -0.291676 0.152295 3.648187
1 144.7014 -8.684512 -0.916799 -0.292008 -2.261497 -1.411576 3.476262 0.247532 2.568462 0.202965 0.618263 2.311947 0.143798 10.501036 -0.667719 -0.291676 0.152295 3.648187
1 144.7014 -8.684512 -0.916799 -0.292008 -2.261497 -1.411576 3.476262 0.247532 2.568462 0.202965 0.618263 2.311947 0.143798 10.501036 -0.667719 -0.291676 0.152295 3.648187
1 144.7014 -8.684512 -0.916799 -0.292008 -2.261497 -1.411576 3.476262 0.247532 2.568462 0.202965 0.618263 2.311947 0.143798 10.501036 -0.667719 -0.291676 0.152295 3.648187
1 144.7014 -8.684512 -0.916799 -0.292008 -2.261497 -1.411576 3.476262 0.247532 2.568462 0.202965 0.618263 2.311947 0.143798 10.501036 -0.667719 -0.291676 0.152295 3.648187
1 144.7014 -8.684512 -0.916799 -0.292008 -2.261497 -1.411576 3.476262 0.247532 2.568462 0.202965 0.618263 2.311947 0.143798 10.501036 -0.667719 -0.291676 0.152295 3.648187
1 144.7014 -8.684512 -0.916799 -0.292008 -2.261497 -1.411576 3.476262 0.247532 2.568462 0.202965 0.618263 2.311947 0.143798 10.501036 -0.667719 -0.291676 0.152295 3.648187
1 144.7014 -8.684512 -0.916799 -0.292008 -2.261497 -1.411576 3.476262 0.247532 2.568462 0.202965 0.618263 2.311947 0.143798 10.501036 -0.667719 -0.291676 0.152295 3.648187
1 144.7014 -8.684512 -0.916799 -0.292008 -2.261497 -1.411576 3.476262 0.247532 2.568462 0.202965 0.618263 2.311947 0.143798 10.501036 -0.667719 -0.291676 0.152295 3.648187
1 144.7014 -8.684512 -0.916799 -0.292008 -2.261497 -1.411576 3.476262 0.247532 2.568462 0.202965 0.618263 2.311947 0.143798 10.501036 -0.667719 -0.291676 0.152295 3.648187
1 144.7014 -8.684512 -0.916799 -0.292008 -2.261497 -1.411576 3.476262 0.247532 2.568462 0.202965 0.618263 2.311947 0.143798 10.501036 -0.667719 -0.291676 0.152295 3.648187
1 144.7014 -8.684512 -0.916799 -0.292008 -2.261497 -1.411576 3.476262 0.247532 2.568462 0.202965 0.618263 2.311947 0.143798 10.501036 -0.667719 -0.291676 0.152295 3.648187
1 144.7014 -8.684512 -0.916799 -0.292008 -2.261497 -1.411576 3.476262 0.247532 2.568462 0.202965 0.618263 2.311947 0.143798 10.501036 -0.667719 -0.291676 0.152295 3.648187
1 144.7014 -8.684512 -0.916799 -0.292008 -2.261497 -1.411576 3.476262 0.247532 2.568462 0.202965 0.618263 2.311947 0.143798 10.501036 -0.667719 -0.291676 0.152295 3.648187
1 144.7014 -8.684512 -0.916799 -0.292008 -2.261497 -1.411576 3.476262 0.247532 2.568462 0.202965 0.618263 2.311947 0.143798 10.501036 -0.667719 -0.291676 0.152295 3.648187
1 144.7014 -8.684512 -0.916799 -0.292008 -2.261497 -1.411576 3.476262 0.247532 2.568462 0.202965 0.618263 2.311947 0.143798 10.501036 -0.667719 -0.291676 0.152295 3.648187
1 144.7014 -8.684512 -0.916799 -0.292008 -2.261497 -1.411576 3.476262 0.247532 2.568462 0.202965 0.618263 2.311947 0.143798 10.501036 -0.667719 -0.291676 0.152295 3.648187
1 144.7014 -8.684512 -0.916799 -0.292008 -2.261497 -1.411576 3.476262 0.247532 2.568462 0.202965 0.618263 2.311947 0.143798 10.501036 -0.667719 -0.291676 0.152295 3.648187
1 144.7014 -8.684512 -0.916799 -0.292008 -2.261497 -1.411576 3.476262 0.247532 2.568462 0.202965 0.618263 2.311947 0.143798 10.501036 -0.667719 -0.291676 0.152295 3.648187
1 144.7014 -8.684512 -0.916799 -0.292008 -2.261497 -1.411576 3.476262 0.247532 2.568462 0.202965 0.618263 2.311947 0.143798 10.501036 -0.667719 -0.291676 0.152295 3.648187
1 144.7014 -8.684512 -0.916799 -0.292008 -2.261497 -1.411576 3.476262 0.247532 2.568462 0.202965 0.618263 2.311947 0.143798 10.501036 -0.667719 -0.291676 0.152295 3.648187
1 144.7014 -8.684512 -0.916799 -0.292008 -2.261497 -1.411576 3.476262 0.247532 2.568462 0.202965 0.618263 2.311947 0.143798 10.501036 -0.667719 -0.291676 0.152295 3.648187
1 144.7014 -8.684512 -0.916799 -0.292008 -2.261497 -1.411576 3.476262 0.247532 2.568462 0.202965 0.618263 2.311947 0.143798 10.501036 -0.667719 -0.291676 0.152295 3.648187
1 144.7014 -8.684512 -0.916799 -0.292008 -2.261497 -1.411576 3.476262 0.247532 2.568462 0.202965 0.618263 2.311947 0.143798 10.501036 -0.667719 -0.291676 0.152295 3.648187
1 144.7014 -8.684512 -0.916799 -0.292008 -2.261497 -1.411576 3.476262 0.247532 2.568462 0.202965 0.618263 2.311947 0.143798 10.501036 -0.667719 -0.291676 0.152295 3.648187
1 144.7014 -8.684512 -0.916799 -0.292008 -2.261497 -1.411576 3.476262 0.247532 2.568462 0.202965 0.618263 2.311947 0.143798 10.501036 -0.667719 -0.291676 0.152295 3.648187
1 144.7014 -8.684512 -0.916799 -0.292008 -2.261497 -1.411576 3.476262 0.247532 2.568462 0.202965 0.618263 2.311947 0.143798 10.501036 -0.667719 -0.291676 0.152295 3.648187
1 144.7014 -8.684512 -0.916799 -0.292008 -2.261497 -1.411576 3.476262 0.247532 2.568462 0.202965 0.618263 2.311947 0.143798 10.501036 -0.667719 -0.291676 0.152295 3.648187
1 144.7014 -8.684512 -0.916799 -0.292008 -2.261497 -1.411576 3.476262 0.247532 2.568462 0.202965 0.618263 2.311947 0.143798 10.501036 -0.667719 -0.291676 0.152295 3.648187
1 144.7014 -8.684512 -0.916799 -0.292008 -2.261497 -1.411576 3.476262 0.247532 2.568462 0.202965 0.618263 2.311947 0.143798 10.501036 -0.667719 -0.291676 0.152295 3.648187
1 144.7014 -8.684512 -0.916799 -0.292008 -2.261497 -1.411576 3.476262 0.247532 2.568462 0.202965 0.618263 2.311947 0.143798 10.501036 -0.667719 -0.291676 0.152295 3.648187
1 144.7014 -8.684512 -0.916799 -0.292008 -2.261497 -1.411576 3.476262 0.247532 2.568462 0.202965 0.618263 2.311947 0.143798 10.501036 -0.667719 -0.291676 0.152295 3.648187
1 144.7014 -8.684512 -0.916799 -0.292008 -2.261497 -1.411576 3.476262 0.247532 2.568462 0.202965 0.618263 2.311947 0.143798 10.501036 -0.667719 -0.291676 0.152295 3.648187
1 144.7014 -8.684512 -0.916799 -0.292008 -2.261497 -1.411576 3.476262 0.247532 2.568462 0.202965 0.618263 2.311947 0.143798 10.501036 -0.667719 -0.291676 0.152295 3.648187
1 144.7014 -8.684512 -0.916799 -0.292008 -2.261497 -1.411576 3.476262 0.247532 2.568462 0.202965 0.618263 2.311947 0.143798 10.501036 -0.667719 -0.291676 0.152295 3.648187
1 144.7014 -8.684512 -0.916799 -0.292008 -2.261497 -1.411576 3.476262 0.247532 2.568462 0.202965 0.618263 2.311947 0.143798 10.501036 -0.667719 -0.291676 0.152295 3.648187
1 144.7014 -8.684512 -0.916799 -0.292008 -2.261497 -1.411576 3.476262 0.247532 2.568462 0.202965 0.618263 2.311947 0.143798 10.501036 -0.667719 -0.291676 0.152295 3.648187
1 144.7014 -8.684512 -0.916799 -0.292008 -2.261497 -1.411576 3.476262 0.247532 2.568462 0.202965 0.618263 2.311947 0.143798 10.501036 -0.667719 -0.291676 0.152295 3.648187
1 144.7014 -8.684512 -0.916799 -0.292008 -2.261497 -1.411576 3.476262 0.247532 2.568462 0.202965 0.618263 2.311947 0.143798 10.501036 -0.667719 -0.291676 0.152295 3.648187
1 144.7014 -8.684512 -0.916799 -0.292008 -2.261497 -1.411576 3.476262 0.247532 2.568462 0.202965 0.618263 2.311947 0.143798 10.501036 -0.667719 -0.291676 0.152295 3.648187
1 144.7014 -8.684512 -0.916799 -0.292008 -2.261497 -1.411576 3.476262 0.247532 2.568462 0.202965 0.618263 2.311947 0.143798 10.501036 -0.667719 -0.291676 0.152295 3.648187
1 144.7014 -8.684512 -0.916799 -0.292008 -2.261497 -1.411576 3.476262 0.247532 2.568462 0.202965 0.618263 2.311947 0.143798 10.501036 -0.667719 -0.291676 0.152295 3.648187
1 144.7014 -8.684512 -0.916799 -0.292008 -2.261497 -1.411576 3.476262 0.247532 2.568462 0.202965 0.618263 2.311947 0.143798 10.501036 -0.667719 -0.291676 0.152295 3.648187
1 144.7014 -8.684512 -0.916799 -0.292008 -2.261497 -1.411576 3.476262 0.247532 2.568462 0.202965 0.618263 2.311947 0.143798 10.501036 -0.667719 -0.291676 0.152295 3.648187
1 144.7014 -8.684512 -0.916799 -0.292008 -2.261497 -1.411576 3.476262 0.247532 2.568462 0.202965 0.618263 2.311947 0.143798 10.501036 -0.667719 -0.291676 0.152295 3.648187
1 144.7014 -8.684512 -0.916799 -0.292008 -2.261497 -1.411576 3.476262 0.247532 2.568462 0.202965 0.618263 2.311947 0.143798 10.501036 -0.667719 -0.291676 0.152295 3.648187
1 144.7014 -8.684512 -0.916799 -0.292008 -2.261497 -1.411576 3.476262 0.247532 2.568462 0.202965 0.618263 2.311947 0.143798 10.501036 -0.667719 -0.291676 0.152295 3.648187
1 144.7014 -8.684512 -0.916799 -0.292008 -2.261497 -1.411576 3.476262 0.247532 2.568462 0.202965 0.618263 2.311947 0.143798 10.501036 -0.667719 -0.291676 0.152295 3.648187
1 144.7014 -8.684512 -0.916799 -0.292008 -2.261497 -1.411576 3.476262 0.247532 2.568462 0.202965 0.618263 2.311947 0.143798 10.501036 -0.667719 -0.291676 0.152295 3.648187
1 144.7014 -8.684512 -0.916799 -0.292008 -2.261497 -1.411576 3.476262 0.247532 2.568462 0.202965 0.618263 2.311947 0.143798 10.501036 -0.667719 -0.291676 0.152295 3.648187
1 144.7014 -8.684512 -0.916799 -0.292008 -2.261497 -1.411576 3.476262 0.247532 2.568462 0.202965 0.618263 2.311947 0.143798 10.501036 -0.667719 -0.291676 0.152295 3.648187
1 144.7014 -8.684512 -0.916799 -0.292008 -2.261497 -1.411576 3.476262 0.247532 2.568462 0.202965 0.618263 2.311947 0.143798 10.501036 -0.667719 -0.291676 0.152295 3.648187
1 144.7014 -8.684512 -0.916799 -0.292008 -2.261497 -1.411576 3.476262 0.247532 2.568462 0.202965 0.618263 2.311947 0.143798 10.501036 -0.667719 -0.291676 0.152295 3.648187
1 144.7014 -8.684512 -0.916799 -0.292008 -2.261497 -1.411576 3.476262 0.247532 2.568462 0.202965 0.618263 2.311947 0.143798 10.501036 -0.667719 -0.291676 0.152295 3.648187
1 144.7014 -8.684512 -0.916799 -0.292008 -2.261497 -1.411576 3.476262 0.247532 2.568462 0.202965 0.618263 2.311947 0.143798 10.501036 -0.667719 -0.291676 0.152295 3.648187
1 144.7014 -8.684512 -0.916799 -0.292008 -2.261497 -1.411576 3.476262 0.247532 2.568462 0.202965 0.618263 2.311947 0.143798 10.501036 -0.667719 -0.291676 0.152295 3.648187
1 144.7014 -8.684512 -0.916799 -0.292008 -2.261497 -1.411576 3.476262 0.247532 2.568462 0.202965 0.618263 2.311947 0.143798 10.501036 -0.667719 -0.291676 0.152295 3.648187
1 144.7014 -8.684512 -0.916799 -0.292008 -2.261497 -1.411576 3.476262 0.247532 2.568462 0.202965 0.618263 2.311947 0.143798 10.501036 -0.667719 -0.291676 0.152295 3.648187
1 144.7014 -8.684512 -0.916799 -0.292008 -2.261497 -1.411576 3.476262 0.247532 2.568462 0.202965 0.618263 2.311947 0.143798 10.501036 -0.667719 -0.291676 0.152295 3.648187
1 144.7014 -8.684512 -0.916799 -0.292008 -2.261497 -1.411576 3.476262 0.247532 2.568462 0.202965 0.618263 2.311947 0.143798 10.501036 -0.667719 -0.291676 0.152295 3.648187
1 144.7014 -8.684512 -0.916799 -0.292008 -2.261497 -1.411576 3.476262 0.247532 2.568462 0.202965 0.618263 2.311947 0.143798 10.501036 -0.667719 -0.291676 0.152295 3.648187
1 144.7014 -8.684512 -0.916799 -0.292008 -2.261497 -1.411576 3.476262 0.247532 2.568462 0.202965 0.618263 2.311947 0.143798 10.501036 -0.667719 -0.291676 0.152295 3.648187
1 144.7014 -8.684512 -0.916799 -0.292008 -2.261497 -1.411576 3.476262 0.247532 2.568462 0.202965 0.618263 2.311947 0.143798 10.501036 -0.667719 -0.291676 0.152295 3.648187
1 144.7014 -8.684512 -0.916799 -0.292008 -2.261497 -1.411576 3.476262 0.247532 2.568462 0.202965 0.618263 2.311947 0.143798 10.501036 -0.667719 -0.291676 0.152295 3.648187
