1 286.92383 -8.529677 -0.903756 -0.276372 -2.297481 -1.433608 3.449624 0.247324 2.492333 0.208068 0.543917 2.288952 0.094509 10.315877 -0.260742 0.256822 3.583866
1 286.92383 -8.529677 -0.903756 -0.276372 -2.297481 -1.433608 3.449624 0.247324 2.492333 0.208068 0.543917 2.288952 0.094509 10.315877 -0.260742 0.256822 3.583866
1 286.92383 -8.529677 -0.903756 -0.276372 -2.297481 -1.433608 3.449624 0.247324 2.492333 0.208068 0.543917 2.288952 0.094509 10.315877 -0.260742 0.256822 3.583866
1 282.84173 -8.502478 -0.888364 -0.245999 -2.287214 -1.414720 3.470805 0.282519 2.473608 0.235739 0.558411 2.242432 0.061804 10.327888 -0.251281 0.234270 3.609564
1 282.84173 -8.502478 -0.888364 -0.245999 -2.287214 -1.414720 3.470805 0.282519 2.473608 0.235739 0.558411 2.242432 0.061804 10.327888 -0.251281 0.234270 3.609564
1 282.84173 -8.502478 -0.888364 -0.245999 -2.287214 -1.414720 3.470805 0.282519 2.473608 0.235739 0.558411 2.242432 0.061804 10.327888 -0.251281 0.234270 3.609564
1 282.84173 -8.502478 -0.888364 -0.245999 -2.287214 -1.414720 3.470805 0.282519 2.473608 0.235739 0.558411 2.242432 0.061804 10.327888 -0.251281 0.234270 3.609564
1 282.84173 -8.502478 -0.888364 -0.245999 -2.287214 -1.414720 3.470805 0.282519 2.473608 0.235739 0.558411 2.242432 0.061804 10.327888 -0.251281 0.234270 3.609564
1 282.84173 -8.502478 -0.888364 -0.245999 -2.287214 -1.414720 3.470805 0.282519 2.473608 0.235739 0.558411 2.242432 0.061804 10.327888 -0.251281 0.234270 3.609564
1 282.84173 -8.502478 -0.888364 -0.245999 -2.287214 -1.414720 3.470805 0.282519 2.473608 0.235739 0.558411 2.242432 0.061804 10.327888 -0.251281 0.234270 3.609564
1 282.84173 -8.502478 -0.888364 -0.245999 -2.287214 -1.414720 3.470805 0.282519 2.473608 0.235739 0.558411 2.242432 0.061804 10.327888 -0.251281 0.234270 3.609564
1 282.84173 -8.502478 -0.888364 -0.245999 -2.287214 -1.414720 3.470805 0.282519 2.473608 0.235739 0.558411 2.242432 0.061804 10.327888 -0.251281 0.234270 3.609564
1 282.84173 -8.502478 -0.888364 -0.245999 -2.287214 -1.414720 3.470805 0.282519 2.473608 0.235739 0.558411 2.242432 0.061804 10.327888 -0.251281 0.234270 3.609564
1 282.84173 -8.502478 -0.888364 -0.245999 -2.287214 -1.414720 3.470805 0.282519 2.473608 0.235739 0.558411 2.242432 0.061804 10.327888 -0.251281 0.234270 3.609564
1 282.84173 -8.502478 -0.888364 -0.245999 -2.287214 -1.414720 3.470805 0.282519 2.473608 0.235739 0.558411 2.242432 0.061804 10.327888 -0.251281 0.234270 3.609564
1 282.84173 -8.502478 -0.888364 -0.245999 -2.287214 -1.414720 3.470805 0.282519 2.473608 0.235739 0.558411 2.242432 0.061804 10.327888 -0.251281 0.234270 3.609564
1 261.31682 -8.505251 -0.857428 -0.275988 -2.337775 -1.445428 3.464626 0.276616 2.430544 0.249196 0.549359 2.233912 0.068763 10.304339 -0.232576 0.224684 3.620823
1 261.31682 -8.505251 -0.857428 -0.275988 -2.337775 -1.445428 3.464626 0.276616 2.430544 0.249196 0.549359 2.233912 0.068763 10.304339 -0.232576 0.224684 3.620823
1 261.31682 -8.505251 -0.857428 -0.275988 -2.337775 -1.445428 3.464626 0.276616 2.430544 0.249196 0.549359 2.233912 0.068763 10.304339 -0.232576 0.224684 3.620823
1 261.31682 -8.505251 -0.857428 -0.275988 -2.337775 -1.445428 3.464626 0.276616 2.430544 0.249196 0.549359 2.233912 0.068763 10.304339 -0.232576 0.224684 3.620823
1 261.31682 -8.505251 -0.857428 -0.275988 -2.337775 -1.445428 3.464626 0.276616 2.430544 0.249196 0.549359 2.233912 0.068763 10.304339 -0.232576 0.224684 3.620823
1 261.31682 -8.505251 -0.857428 -0.275988 -2.337775 -1.445428 3.464626 0.276616 2.430544 0.249196 0.549359 2.233912 0.068763 10.304339 -0.232576 0.224684 3.620823
1 261.31682 -8.505251 -0.857428 -0.275988 -2.337775 -1.445428 3.464626 0.276616 2.430544 0.249196 0.549359 2.233912 0.068763 10.304339 -0.232576 0.224684 3.620823
1 261.31682 -8.505251 -0.857428 -0.275988 -2.337775 -1.445428 3.464626 0.276616 2.430544 0.249196 0.549359 2.233912 0.068763 10.304339 -0.232576 0.224684 3.620823
1 261.31682 -8.505251 -0.857428 -0.275988 -2.337775 -1.445428 3.464626 0.276616 2.430544 0.249196 0.549359 2.233912 0.068763 10.304339 -0.232576 0.224684 3.620823
1 261.31682 -8.505251 -0.857428 -0.275988 -2.337775 -1.445428 3.464626 0.276616 2.430544 0.249196 0.549359 2.233912 0.068763 10.304339 -0.232576 0.224684 3.620823
1 261.31682 -8.505251 -0.857428 -0.275988 -2.337775 -1.445428 3.464626 0.276616 2.430544 0.249196 0.549359 2.233912 0.068763 10.304339 -0.232576 0.224684 3.620823
1 261.31682 -8.505251 -0.857428 -0.275988 -2.337775 -1.445428 3.464626 0.276616 2.430544 0.249196 0.549359 2.233912 0.068763 10.304339 -0.232576 0.224684 3.620823
1 261.31682 -8.505251 -0.857428 -0.275988 -2.337775 -1.445428 3.464626 0.276616 2.430544 0.249196 0.549359 2.233912 0.068763 10.304339 -0.232576 0.224684 3.620823
1 261.31682 -8.505251 -0.857428 -0.275988 -2.337775 -1.445428 3.464626 0.276616 2.430544 0.249196 0.549359 2.233912 0.068763 10.304339 -0.232576 0.224684 3.620823
1 261.31682 -8.505251 -0.857428 -0.275988 -2.337775 -1.445428 3.464626 0.276616 2.430544 0.249196 0.549359 2.233912 0.068763 10.304339 -0.232576 0.224684 3.620823
1 261.31682 -8.505251 -0.857428 -0.275988 -2.337775 -1.445428 3.464626 0.276616 2.430544 0.249196 0.549359 2.233912 0.068763 10.304339 -0.232576 0.224684 3.620823
1 261.31682 -8.505251 -0.857428 -0.275988 -2.337775 -1.445428 3.464626 0.276616 2.430544 0.249196 0.549359 2.233912 0.068763 10.304339 -0.232576 0.224684 3.620823
1 261.31682 -8.505251 -0.857428 -0.275988 -2.337775 -1.445428 3.464626 0.276616 2.430544 0.249196 0.549359 2.233912 0.068763 10.304339 -0.232576 0.224684 3.620823
1 261.31682 -8.505251 -0.857428 -0.275988 -2.337775 -1.445428 3.464626 0.276616 2.430544 0.249196 0.549359 2.233912 0.068763 10.304339 -0.232576 0.224684 3.620823
1 257.69546 -8.482017 -0.855748 -0.284464 -2.332447 -1.446490 3.474482 0.271586 2.448032 0.266150 0.535981 2.213710 0.085677 10.293578 -0.281500 0.217970 3.631746
1 257.69546 -8.482017 -0.855748 -0.284464 -2.332447 -1.446490 3.474482 0.271586 2.448032 0.266150 0.535981 2.213710 0.085677 10.293578 -0.281500 0.217970 3.631746
1 257.69546 -8.482017 -0.855748 -0.284464 -2.332447 -1.446490 3.474482 0.271586 2.448032 0.266150 0.535981 2.213710 0.085677 10.293578 -0.281500 0.217970 3.631746
1 257.69546 -8.482017 -0.855748 -0.284464 -2.332447 -1.446490 3.474482 0.271586 2.448032 0.266150 0.535981 2.213710 0.085677 10.293578 -0.281500 0.217970 3.631746
1 257.69546 -8.482017 -0.855748 -0.284464 -2.332447 -1.446490 3.474482 0.271586 2.448032 0.266150 0.535981 2.213710 0.085677 10.293578 -0.281500 0.217970 3.631746
1 257.69546 -8.482017 -0.855748 -0.284464 -2.332447 -1.446490 3.474482 0.271586 2.448032 0.266150 0.535981 2.213710 0.085677 10.293578 -0.281500 0.217970 3.631746
1 257.69546 -8.482017 -0.855748 -0.284464 -2.332447 -1.446490 3.474482 0.271586 2.448032 0.266150 0.535981 2.213710 0.085677 10.293578 -0.281500 0.217970 3.631746
1 257.69546 -8.482017 -0.855748 -0.284464 -2.332447 -1.446490 3.474482 0.271586 2.448032 0.266150 0.535981 2.213710 0.085677 10.293578 -0.281500 0.217970 3.631746
1 257.69546 -8.482017 -0.855748 -0.284464 -2.332447 -1.446490 3.474482 0.271586 2.448032 0.266150 0.535981 2.213710 0.085677 10.293578 -0.281500 0.217970 3.631746
1 257.69546 -8.482017 -0.855748 -0.284464 -2.332447 -1.446490 3.474482 0.271586 2.448032 0.266150 0.535981 2.213710 0.085677 10.293578 -0.281500 0.217970 3.631746
1 257.69546 -8.482017 -0.855748 -0.284464 -2.332447 -1.446490 3.474482 0.271586 2.448032 0.266150 0.535981 2.213710 0.085677 10.293578 -0.281500 0.217970 3.631746
1 257.69546 -8.482017 -0.855748 -0.284464 -2.332447 -1.446490 3.474482 0.271586 2.448032 0.266150 0.535981 2.213710 0.085677 10.293578 -0.281500 0.217970 3.631746
1 257.69546 -8.482017 -0.855748 -0.284464 -2.332447 -1.446490 3.474482 0.271586 2.448032 0.266150 0.535981 2.213710 0.085677 10.293578 -0.281500 0.217970 3.631746
1 257.69546 -8.482017 -0.855748 -0.284464 -2.332447 -1.446490 3.474482 0.271586 2.448032 0.266150 0.535981 2.213710 0.085677 10.293578 -0.281500 0.217970 3.631746
1 257.69546 -8.482017 -0.855748 -0.284464 -2.332447 -1.446490 3.474482 0.271586 2.448032 0.266150 0.535981 2.213710 0.085677 10.293578 -0.281500 0.217970 3.631746
1 257.69546 -8.482017 -0.855748 -0.284464 -2.332447 -1.446490 3.474482 0.271586 2.448032 0.266150 0.535981 2.213710 0.085677 10.293578 -0.281500 0.217970 3.631746
1 257.69546 -8.482017 -0.855748 -0.284464 -2.332447 -1.446490 3.474482 0.271586 2.448032 0.266150 0.535981 2.213710 0.085677 10.293578 -0.281500 0.217970 3.631746
