1 inf -9.175184 -0.513201 -0.812526 -1.762366 -1.376093 3.303618 -0.074852 2.537785 0.306009 0.313604 2.669110 -0.082722 10.742433 -1.548325 -0.340314 0.100071 4.022117
1 inf -9.167038 -0.507480 -0.817792 -1.774931 -1.383807 3.296854 -0.076872 2.533627 0.290559 0.312418 2.636038 -0.120494 10.801161 -1.545546 -0.349498 0.071362 4.024200
1 inf -9.145442 -0.510652 -0.799757 -1.760115 -1.389181 3.345213 -0.058104 2.567009 0.281217 0.330038 2.636410 -0.079707 10.798856 -1.528705 -0.356575 0.109808 4.043708
1 inf -9.159157 -0.508204 -0.778521 -1.773250 -1.382835 3.340049 -0.031983 2.576980 0.268251 0.331217 2.597024 -0.101291 10.820339 -1.515264 -0.403671 0.140967 4.026277
1 inf -9.150373 -0.513552 -0.784912 -1.784088 -1.375751 3.327877 -0.007435 2.563823 0.237345 0.315072 2.601671 -0.113922 10.808367 -1.490639 -0.407525 0.135404 4.031524
1 inf -9.227378 -0.508782 -0.842068 -1.792470 -1.360411 3.297578 -0.018109 2.551747 0.267094 0.284388 2.585337 -0.124632 10.821318 -1.503911 -0.407015 0.162679 4.018054
1 inf -9.172165 -0.499376 -0.866490 -1.768722 -1.320852 3.290078 0.019253 2.557221 0.259416 0.290865 2.552537 -0.134384 10.796233 -1.514108 -0.412854 0.190005 4.057746
1 inf -9.165612 -0.491268 -0.874412 -1.775073 -1.314850 3.258757 0.003687 2.526948 0.258310 0.290837 2.560678 -0.160838 10.790441 -1.498793 -0.406634 0.196081 4.078652
1 inf -9.180707 -0.552088 -0.910120 -1.778515 -1.327517 3.263337 0.040133 2.497160 0.282999 0.293640 2.600125 -0.134618 10.778360 -1.493653 -0.419692 0.191046 4.090302
1 inf -9.185373 -0.553535 -0.931493 -1.780240 -1.350458 3.252451 0.054361 2.463318 0.297243 0.287770 2.598792 -0.111368 10.813424 -1.471781 -0.430046 0.213279 4.115291
1 inf -9.201577 -0.533952 -0.911885 -1.767723 -1.352597 3.207420 0.032452 2.477096 0.293817 0.302252 2.581511 -0.134491 10.782759 -1.465226 -0.426498 0.244719 4.123994
1 inf -9.206095 -0.491299 -0.923956 -1.786214 -1.346336 3.203725 0.006720 2.468352 0.250515 0.313900 2.614891 -0.127556 10.793520 -1.480805 -0.442924 0.216648 4.099414
1 inf -9.174007 -0.493866 -0.969119 -1.796518 -1.338878 3.183753 0.000237 2.504429 0.233794 0.346934 2.628435 -0.188638 10.788758 -1.500373 -0.461962 0.215391 4.134474
1 inf -9.199671 -0.516083 -0.994016 -1.802651 -1.340071 3.177372 0.001238 2.497167 0.211605 0.364331 2.641678 -0.205895 10.805728 -1.490122 -0.490988 0.183771 4.142720
1 inf -9.169236 -0.520695 -0.952698 -1.811642 -1.318326 3.164805 -0.017535 2.526789 0.212333 0.385064 2.635067 -0.225491 10.792698 -1.516696 -0.506426 0.162496 4.135703
1 inf -9.190279 -0.484479 -0.934344 -1.818323 -1.308712 3.184518 0.015363 2.544872 0.205241 0.388759 2.597695 -0.224556 10.801300 -1.515182 -0.480452 0.199885 4.126929
1 inf -9.164215 -0.521886 -0.946556 -1.823295 -1.288873 3.191716 0.040285 2.517811 0.239002 0.373137 2.593856 -0.231062 10.770872 -1.540092 -0.484306 0.185351 4.122199
1 inf -9.183413 -0.518240 -0.937372 -1.842621 -1.290566 3.181135 0.029340 2.517357 0.265251 0.339068 2.604469 -0.220090 10.767081 -1.586083 -0.466172 0.190183 4.145616
1 inf -9.122608 -0.554178 -0.970130 -1.867688 -1.261169 3.156414 -0.000686 2.546934 0.217484 0.334567 2.610366 -0.208954 10.770059 -1.613917 -0.478820 0.168220 4.164349
1 inf -9.106314 -0.545672 -0.943278 -1.855992 -1.253592 3.131383 0.015410 2.553436 0.245495 0.349766 2.597172 -0.181791 10.725121 -1.598925 -0.476927 0.217437 4.144516
1 inf -9.090875 -0.556389 -0.937171 -1.874160 -1.239516 3.128507 0.025089 2.565618 0.259597 0.340170 2.586653 -0.174546 10.743978 -1.586855 -0.479395 0.233925 4.176392
1 inf -9.074772 -0.517173 -0.939258 -1.851914 -1.254696 3.124185 0.033243 2.583366 0.255838 0.368341 2.651723 -0.205878 10.751698 -1.588364 -0.468260 0.234792 4.158759
1 inf -9.054722 -0.533693 -0.938646 -1.809877 -1.259247 3.160219 -0.015216 2.601693 0.252249 0.407792 2.626822 -0.187328 10.755453 -1.605404 -0.443795 0.221794 4.145468
1 inf -9.030674 -0.538387 -0.951870 -1.824520 -1.239469 3.133177 0.020870 2.602875 0.277188 0.404066 2.661541 -0.134084 10.765181 -1.587180 -0.460271 0.237432 4.143937
1 inf -9.023929 -0.550041 -0.935371 -1.836053 -1.225189 3.093355 0.043207 2.600209 0.273426 0.420534 2.677363 -0.098041 10.772892 -1.606718 -0.475263 0.211459 4.154935
1 inf -9.005721 -0.578436 -0.950466 -1.834073 -1.231259 3.105000 0.033593 2.597924 0.293233 0.400140 2.679783 -0.140000 10.755829 -1.613755 -0.492038 0.235442 4.147692
1 inf -8.978316 -0.612198 -0.961270 -1.833454 -1.217540 3.101570 0.032352 2.594963 0.354817 0.436277 2.649691 -0.161019 10.762924 -1.623666 -0.514799 0.241448 4.106419
1 inf -8.932692 -0.595568 -0.963489 -1.854146 -1.215100 3.109498 0.020260 2.567269 0.340283 0.417565 2.658881 -0.172118 10.739602 -1.590416 -0.492415 0.238205 4.084000
1 inf -8.922112 -0.583313 -0.933817 -1.844849 -1.205941 3.104693 0.014315 2.523734 0.336217 0.416015 2.677767 -0.145143 10.699239 -1.595056 -0.524577 0.247622 4.066873
1 inf -8.889914 -0.580656 -0.921837 -1.830396 -1.239804 3.102637 0.002776 2.523352 0.321704 0.384827 2.666412 -0.150815 10.704488 -1.619358 -0.534254 0.235335 4.051026
1 inf -8.869561 -0.574865 -0.940550 -1.817388 -1.257801 3.081239 -0.032244 2.522522 0.340826 0.375830 2.731845 -0.131221 10.700211 -1.629268 -0.596787 0.252596 4.056356
1 inf -8.845308 -0.580414 -0.931251 -1.846068 -1.255452 3.059009 -0.056113 2.556719 0.321531 0.394032 2.728104 -0.119400 10.675711 -1.613490 -0.584612 0.218565 4.059590
1 inf -8.822235 -0.571314 -0.966376 -1.823971 -1.272544 3.082348 -0.071905 2.591424 0.308202 0.348175 2.681931 -0.123797 10.673239 -1.616607 -0.598616 0.214951 4.074738
1 inf -8.804614 -0.593600 -0.967594 -1.833405 -1.237583 3.077191 -0.035639 2.561531 0.275559 0.341035 2.679024 -0.139825 10.660763 -1.628344 -0.564232 0.226398 4.047845
1 inf -8.787296 -0.580777 -0.954906 -1.866158 -1.211612 3.113079 0.001451 2.585960 0.260720 0.323945 2.677244 -0.134511 10.663324 -1.656867 -0.582091 0.206018 4.025824
1 inf -8.778016 -0.573799 -0.954258 -1.842072 -1.197156 3.093831 -0.008623 2.586686 0.298984 0.308690 2.715377 -0.136370 10.628421 -1.643520 -0.574496 0.197358 4.031324
1 inf -8.798641 -0.572098 -0.957462 -1.840758 -1.177134 3.085327 0.011229 2.583853 0.296516 0.345459 2.724522 -0.133687 10.594748 -1.666571 -0.534997 0.179091 4.027928
1 inf -8.766695 -0.554082 -0.977741 -1.813257 -1.178588 3.042219 0.031981 2.583956 0.305049 0.380930 2.706181 -0.157562 10.596132 -1.704263 -0.545594 0.185199 4.038901
1 inf -8.754854 -0.564188 -0.956840 -1.844611 -1.167824 3.031637 0.032518 2.592462 0.302461 0.367500 2.684440 -0.164427 10.606172 -1.716612 -0.533694 0.200674 4.027142
1 inf -8.788637 -0.580942 -0.943844 -1.850102 -1.180367 3.043257 0.044940 2.598429 0.282641 0.399310 2.657548 -0.151193 10.622328 -1.741971 -0.540688 0.183886 4.025208
1 inf -8.791967 -0.605570 -0.965793 -1.891918 -1.171048 3.062922 0.038324 2.577509 0.307920 0.412625 2.663343 -0.138350 10.639309 -1.745275 -0.541273 0.203284 4.021936
1 inf -8.771137 -0.568480 -0.997172 -1.894440 -1.195489 3.053793 0.061529 2.565647 0.292384 0.409701 2.653911 -0.126534 10.662956 -1.735415 -0.557354 0.172627 4.001649
1 inf -8.755299 -0.579716 -0.976077 -1.898223 -1.183863 3.025614 0.073434 2.533134 0.267704 0.408778 2.661016 -0.138284 10.688636 -1.740967 -0.528650 0.190448 3.976412
1 inf -8.757395 -0.572248 -0.974675 -1.967904 -1.131122 3.054164 0.110632 2.544788 0.228289 0.429230 2.680047 -0.169546 10.696835 -1.777667 -0.488297 0.207829 3.980824
1 inf -8.756547 -0.600062 -0.953760 -1.951557 -1.133143 3.074688 0.100824 2.564408 0.183725 0.411207 2.650883 -0.148775 10.694581 -1.821334 -0.507993 0.201790 3.946091
1 inf -8.788522 -0.594001 -0.944615 -1.927135 -1.135776 3.085818 0.094125 2.556494 0.184199 0.408319 2.656815 -0.124489 10.726874 -1.828276 -0.522354 0.183174 3.902037
1 inf -8.776989 -0.590657 -0.961700 -1.950505 -1.126181 3.071663 0.110914 2.593794 0.212798 0.384506 2.665951 -0.107709 10.729213 -1.821129 -0.554438 0.169303 3.866139
1 inf -8.807406 -0.596190 -0.990751 -1.956751 -1.089802 3.041206 0.094733 2.580282 0.229873 0.370710 2.683794 -0.097366 10.727792 -1.846028 -0.594760 0.190558 3.870455
1 inf -8.788155 -0.606518 -0.997417 -1.949710 -1.095058 3.064571 0.087467 2.565798 0.248144 0.380086 2.682847 -0.112897 10.743846 -1.872440 -0.592047 0.222747 3.876115
1 inf -8.781410 -0.618172 -0.980918 -1.961243 -1.080778 3.024749 0.109804 2.563132 0.244382 0.396554 2.698669 -0.076854 10.751557 -1.891978 -0.607039 0.196774 3.887113
1 inf -8.774646 -0.581572 -0.978170 -1.968778 -1.088826 3.017725 0.118705 2.579811 0.233145 0.405631 2.655560 -0.070012 10.752132 -1.907648 -0.607268 0.180245 3.861444
1 inf -8.760051 -0.613565 -0.987268 -1.987686 -1.086354 2.998004 0.105376 2.563852 0.237493 0.404209 2.623664 -0.069211 10.760257 -1.903280 -0.619070 0.161451 3.891296
1 inf -8.779855 -0.629773 -0.959652 -2.002295 -1.090671 2.988718 0.113196 2.568216 0.205716 0.386206 2.625423 -0.062960 10.791188 -1.898830 -0.604746 0.144368 3.846185
1 inf -8.762647 -0.614979 -0.942358 -1.978868 -1.083034 2.973702 0.090609 2.561270 0.181664 0.373562 2.628842 -0.073128 10.784872 -1.900842 -0.584822 0.157936 3.835587
1 inf -8.735957 -0.593028 -0.979239 -1.965252 -1.104279 2.944111 0.106792 2.566757 0.147532 0.343407 2.609216 -0.066092 10.813609 -1.924166 -0.585614 0.145744 3.819880
1 inf -8.772764 -0.578308 -0.961105 -1.946715 -1.125588 2.949179 0.113412 2.533591 0.147352 0.347414 2.581980 -0.083274 10.819481 -1.938713 -0.561585 0.165218 3.826477
1 inf -8.788456 -0.574242 -0.958371 -1.933480 -1.136171 2.965902 0.141416 2.562247 0.128550 0.346893 2.597727 -0.081209 10.843398 -1.927069 -0.555214 0.131689 3.840362
1 inf -8.768823 -0.562881 -0.968833 -1.965442 -1.174473 2.981819 0.150501 2.560756 0.100502 0.354163 2.631781 -0.116241 10.865805 -1.922948 -0.566767 0.122743 3.809479
1 inf -8.753522 -0.575881 -0.950393 -1.954093 -1.204076 2.982659 0.155088 2.570494 0.105645 0.339470 2.621191 -0.103016 10.858164 -1.933275 -0.625309 0.108723 3.810013
1 inf -8.726842 -0.565665 -0.985803 -1.948189 -1.159206 2.972286 0.170447 2.554790 0.066828 0.374835 2.630292 -0.082833 10.862862 -1.920815 -0.621233 0.127202 3.813247
1 inf -8.707998 -0.576358 -0.972560 -1.983351 -1.145925 2.990254 0.163297 2.567220 0.057833 0.366906 2.599002 -0.064283 10.847566 -1.930466 -0.648398 0.160243 3.777168
1 inf -8.667480 -0.548816 -0.968399 -2.019078 -1.107593 3.001058 0.148855 2.584593 0.052325 0.376885 2.631257 -0.036490 10.838334 -1.944236 -0.619482 0.135925 3.801675
1 inf -8.684178 -0.558039 -0.985244 -2.044391 -1.095273 2.964623 0.133698 2.567866 0.050297 0.344602 2.644662 -0.020121 10.843413 -1.926281 -0.583613 0.123956 3.796079
1 inf -8.717758 -0.551768 -0.971527 -2.039473 -1.112891 2.972650 0.137189 2.587383 0.023380 0.317216 2.689735 -0.008287 10.835632 -1.939766 -0.559298 0.120268 3.814433
1 inf -8.724898 -0.564660 -0.963859 -2.045383 -1.141949 2.957528 0.093630 2.591464 0.031969 0.302043 2.655754 0.002675 10.892668 -1.942327 -0.531977 0.121427 3.825269
1 inf -8.727212 -0.556157 -0.978465 -2.050106 -1.143277 2.963009 0.064476 2.624042 0.033201 0.317150 2.643285 -0.014754 10.891989 -1.960968 -0.497518 0.141394 3.802055
1 inf -8.735416 -0.537879 -0.977385 -2.076674 -1.154945 2.961024 0.050383 2.615509 0.014528 0.337202 2.628729 -0.016394 10.906610 -1.942330 -0.479366 0.128036 3.768137
1 inf -8.727998 -0.558563 -0.968570 -2.101612 -1.151786 2.949019 0.017614 2.611774 0.031999 0.315088 2.621742 0.003342 10.908732 -1.923777 -0.500036 0.137713 3.794885
1 inf -8.711934 -0.537108 -0.963441 -2.118136 -1.181598 2.925434 0.030933 2.630127 0.042125 0.305819 2.640772 -0.003336 10.943748 -1.914615 -0.516666 0.116666 3.774719
1 inf -8.722457 -0.523584 -0.987321 -2.126092 -1.175313 2.938363 0.041533 2.639887 0.028999 0.276171 2.655279 -0.041807 10.933932 -1.963947 -0.573935 0.123565 3.795058
1 inf -8.720608 -0.520697 -0.944674 -2.099061 -1.174634 2.933997 0.022263 2.638466 0.023145 0.314792 2.641152 -0.016272 10.973271 -1.931772 -0.550583 0.166520 3.821985
1 inf -8.695042 -0.501952 -0.914280 -2.099679 -1.150794 2.913733 -0.000031 2.669318 0.031027 0.345453 2.601190 -0.014832 10.959428 -1.902866 -0.553164 0.194356 3.845906
1 inf -8.697126 -0.469600 -0.884284 -2.127783 -1.139668 2.940397 0.024710 2.663218 0.000857 0.353526 2.602691 -0.022757 10.955688 -1.927412 -0.566238 0.167461 3.833881
1 inf -8.672219 -0.480852 -0.913896 -2.105978 -1.136581 2.892097 -0.001624 2.666233 -0.010391 0.333342 2.589191 -0.024268 10.967552 -1.906863 -0.571215 0.184010 3.844812
1 inf -8.665474 -0.492506 -0.897397 -2.117511 -1.122301 2.852275 0.020713 2.663567 -0.014153 0.349810 2.605013 0.011775 10.975263 -1.926401 -0.586207 0.158037 3.855810
1 inf -8.640537 -0.464521 -0.893482 -2.102797 -1.116905 2.908902 0.043104 2.678513 -0.027103 0.321474 2.593332 -0.035788 10.983582 -1.958489 -0.576631 0.141506 3.859833
1 inf -8.625816 -0.502769 -0.858892 -2.123101 -1.109149 2.931927 0.035619 2.697113 0.002420 0.320515 2.612328 -0.034377 10.951589 -1.974761 -0.580973 0.122911 3.837174
1 inf -8.632981 -0.483535 -0.866922 -2.140155 -1.091931 2.913595 0.028430 2.719788 0.024508 0.316642 2.620103 -0.009828 10.946996 -1.958423 -0.561605 0.129220 3.838520
1 inf -8.664213 -0.454108 -0.875717 -2.120046 -1.067074 2.902958 0.011768 2.707445 0.040139 0.322346 2.594604 -0.016740 10.926210 -1.937699 -0.577946 0.128422 3.864110
1 inf -8.649984 -0.463155 -0.882597 -2.133700 -1.023695 2.886866 0.043946 2.685529 0.012027 0.320968 2.604937 -0.010261 10.953536 -1.923408 -0.557046 0.115234 3.889163
1 inf -8.637088 -0.446395 -0.915637 -2.141575 -1.041646 2.861594 0.062541 2.686490 0.066570 0.275739 2.599182 -0.023256 10.951669 -1.933921 -0.558903 0.100981 3.886679
1 inf -8.632168 -0.463487 -0.896019 -2.124150 -1.033634 2.887188 0.083797 2.666526 0.061685 0.225027 2.606309 -0.003278 10.916437 -1.897484 -0.572090 0.089359 3.894686
1 inf -8.638812 -0.477193 -0.902010 -2.140072 -1.045265 2.892680 0.111563 2.667864 0.092502 0.204652 2.592124 0.000407 10.909929 -1.875121 -0.546252 0.088003 3.894649
1 inf -8.604965 -0.496513 -0.909900 -2.143329 -1.074733 2.883323 0.117368 2.611262 0.120013 0.230253 2.596315 -0.030627 10.924235 -1.849299 -0.556045 0.086010 3.884053
1 inf -8.613386 -0.543505 -0.939259 -2.130421 -1.102501 2.862974 0.143163 2.629042 0.056276 0.258133 2.624717 0.017106 10.969165 -1.868901 -0.556830 0.068346 3.881585
1 inf -8.629728 -0.513056 -0.929570 -2.151498 -1.122235 2.921912 0.109587 2.607819 0.032577 0.237151 2.643421 0.030784 10.975107 -1.852598 -0.608075 0.092747 3.863014
1 inf -8.645757 -0.490394 -0.928129 -2.144258 -1.090729 2.935611 0.114534 2.620080 0.041126 0.218947 2.639265 0.056647 10.990936 -1.856759 -0.589855 0.100156 3.827406
1 inf -8.657252 -0.500403 -0.915798 -2.134931 -1.085725 2.942797 0.099021 2.591501 0.037561 0.251962 2.629464 0.053171 11.021421 -1.877275 -0.572583 0.118465 3.825401
1 inf -8.662082 -0.497610 -0.930543 -2.120949 -1.103331 2.960479 0.101157 2.611147 0.044083 0.232039 2.637868 0.029839 10.980423 -1.889878 -0.575634 0.142716 3.788661
1 inf -8.694432 -0.542043 -0.952678 -2.083473 -1.092952 2.972362 0.120305 2.640613 0.022054 0.220361 2.649349 0.025119 11.005115 -1.856465 -0.552950 0.158162 3.758895
1 inf -8.697903 -0.563247 -0.961293 -2.073152 -1.085177 2.945569 0.115363 2.655813 0.005525 0.256191 2.625465 0.021141 10.995869 -1.848212 -0.613298 0.158830 3.774874
1 inf -8.689281 -0.586920 -0.973990 -2.071734 -1.070108 2.979261 0.140774 2.619658 -0.024068 0.246114 2.605146 -0.000913 10.987076 -1.865766 -0.607008 0.180798 3.766425
1 inf -8.632380 -0.571264 -0.978561 -2.063671 -1.094163 3.002333 0.151869 2.606502 -0.010627 0.281277 2.568134 -0.037127 10.995957 -1.837198 -0.625872 0.208486 3.776425
1 inf -8.627008 -0.579722 -0.959835 -2.063471 -1.067138 3.011620 0.137159 2.600313 -0.028169 0.296632 2.590420 -0.047807 10.991556 -1.842026 -0.642219 0.198505 3.771586
1 inf -8.625341 -0.582808 -0.915651 -2.070395 -1.060605 3.033891 0.164666 2.642092 -0.029197 0.323825 2.583926 -0.040524 10.996847 -1.851356 -0.635561 0.202020 3.761370
1 inf -8.612021 -0.595929 -0.888779 -2.090558 -1.070607 3.080735 0.175999 2.605957 -0.016005 0.300503 2.610897 -0.046457 10.974588 -1.857427 -0.649747 0.207868 3.731035
1 inf -8.578799 -0.569150 -0.917180 -2.068533 -1.095796 3.062247 0.192667 2.599128 -0.012946 0.330643 2.613891 -0.055858 10.987271 -1.867456 -0.669419 0.273160 3.743137
1 inf -8.563813 -0.568616 -0.909237 -2.089246 -1.100754 3.055297 0.199996 2.597264 0.016731 0.326786 2.622732 -0.064123 10.978949 -1.856981 -0.662327 0.277566 3.687400
1 inf -8.557324 -0.582549 -0.923002 -2.090319 -1.090010 3.032636 0.200674 2.643857 -0.017178 0.311830 2.606837 -0.054547 10.951616 -1.893229 -0.652651 0.265805 3.693674
1 inf -8.550579 -0.594203 -0.906503 -2.101852 -1.075730 2.992814 0.223011 2.641191 -0.020940 0.328298 2.622659 -0.018504 10.959327 -1.912767 -0.667643 0.239832 3.704672
1 inf -8.582405 -0.586166 -0.923195 -2.103118 -1.086024 3.016855 0.229235 2.630540 -0.044879 0.306832 2.623200 -0.036383 10.954140 -1.918156 -0.649120 0.219596 3.707948
1 inf -8.599081 -0.618192 -0.924248 -2.072626 -1.099901 2.983189 0.241927 2.659038 -0.012990 0.301156 2.597682 -0.073769 10.964259 -1.934351 -0.642690 0.198735 3.747147
1 inf -8.592843 -0.611626 -0.906919 -2.077985 -1.082417 3.000374 0.276783 2.678840 0.004792 0.276750 2.601600 -0.117061 10.946402 -1.955501 -0.613141 0.194004 3.735907
1 inf -8.573715 -0.625774 -0.888176 -2.099748 -1.073066 2.997831 0.264577 2.721064 0.004900 0.276035 2.617939 -0.112104 10.928178 -1.957386 -0.623580 0.217425 3.756710
1 inf -8.536511 -0.605729 -0.921207 -2.133560 -1.100691 3.021994 0.235175 2.719466 0.026954 0.276512 2.583158 -0.095678 10.950140 -1.956532 -0.650578 0.186243 3.800631
1 inf -8.535616 -0.604768 -0.937793 -2.196872 -1.081323 3.024878 0.229504 2.696646 0.013387 0.292313 2.577729 -0.039208 10.923735 -1.938755 -0.621734 0.152346 3.789265
1 inf -8.526198 -0.622580 -0.921628 -2.205206 -1.067387 3.037078 0.224734 2.658749 -0.005114 0.292214 2.544452 -0.042794 10.925462 -1.950150 -0.609162 0.156115 3.787164
1 inf -8.506276 -0.576068 -0.882582 -2.203750 -1.059819 3.019513 0.237414 2.651698 0.008136 0.309339 2.531481 -0.046754 10.930117 -1.954733 -0.633182 0.162094 3.798872
1 inf -8.529084 -0.565185 -0.908542 -2.210388 -1.071212 3.023066 0.225637 2.635679 0.038412 0.377378 2.533226 -0.056325 10.911928 -1.936189 -0.644443 0.159617 3.819564
1 inf -8.542091 -0.558903 -0.888543 -2.184746 -1.090710 2.989349 0.228085 2.652070 0.061115 0.383511 2.511313 -0.020150 10.897937 -1.961310 -0.668561 0.173634 3.799145
1 inf -8.518666 -0.545732 -0.895168 -2.191967 -1.042521 3.001665 0.220351 2.703408 0.056064 0.377475 2.494873 -0.041426 10.920343 -1.971399 -0.665059 0.146833 3.825968
1 inf -8.557421 -0.571407 -0.895688 -2.174959 -1.050754 3.008925 0.216001 2.714311 0.022263 0.372457 2.448546 -0.056506 10.880159 -1.989479 -0.679854 0.151365 3.852559
1 inf -8.576412 -0.592479 -0.888870 -2.140097 -1.038470 3.011190 0.205240 2.706046 0.007606 0.349823 2.466577 -0.020724 10.896636 -1.953218 -0.647133 0.154220 3.864008
1 inf -8.583821 -0.547039 -0.892744 -2.148031 -1.019346 3.024542 0.197655 2.683601 -0.016314 0.380063 2.469577 0.007413 10.869222 -1.942553 -0.636851 0.154107 3.868977
1 inf -8.566365 -0.584828 -0.906537 -2.152177 -1.037841 3.002115 0.220072 2.666237 -0.019734 0.346083 2.450441 -0.029443 10.892941 -1.927134 -0.647882 0.143285 3.866423
1 inf -8.570644 -0.558339 -0.912963 -2.141093 -1.022672 3.016719 0.209386 2.671552 -0.035946 0.366098 2.452119 -0.004177 10.901710 -1.891356 -0.629851 0.143161 3.862865
1 inf -8.592417 -0.554053 -0.917344 -2.124254 -1.037414 2.999884 0.182459 2.684551 -0.030178 0.335049 2.443388 0.044851 10.909286 -1.885746 -0.603194 0.137879 3.829590
1 inf -8.607461 -0.528523 -0.912955 -2.097288 -1.025741 3.028510 0.184546 2.709235 -0.020937 0.345646 2.422872 0.036238 10.893051 -1.855808 -0.597162 0.105835 3.807762
1 inf -8.612225 -0.548862 -0.936738 -2.106454 -1.045905 3.027366 0.190937 2.768709 -0.041857 0.360060 2.414504 0.065412 10.894277 -1.848763 -0.595592 0.102665 3.818832
1 inf -8.579422 -0.562726 -0.964139 -2.095393 -1.038568 3.051858 0.186199 2.803464 -0.049592 0.345601 2.438321 0.098518 10.862951 -1.851939 -0.569899 0.106375 3.805887
1 inf -8.566187 -0.546789 -0.989091 -2.065016 -1.027867 3.053089 0.192038 2.782542 -0.019960 0.376080 2.404399 0.106673 10.857740 -1.858018 -0.583227 0.131051 3.802917
1 inf -8.565105 -0.555680 -0.963353 -2.072215 -1.052294 3.031680 0.238513 2.801395 -0.044049 0.350807 2.381664 0.129216 10.826709 -1.852993 -0.596333 0.100074 3.801350
1 inf -8.560228 -0.570807 -0.978393 -2.060661 -1.058340 3.013305 0.203624 2.775225 -0.045913 0.301633 2.343980 0.128271 10.818678 -1.844799 -0.594554 0.096432 3.813765
1 inf -8.588815 -0.581102 -0.986044 -2.039099 -1.033325 3.009330 0.189175 2.761093 -0.083153 0.290331 2.334855 0.137040 10.836831 -1.797125 -0.582499 0.137699 3.797995
1 inf -8.569810 -0.556368 -0.955885 -2.027103 -1.092443 3.010151 0.207833 2.802844 -0.093244 0.296968 2.326378 0.145707 10.854018 -1.789077 -0.599258 0.137691 3.824873
1 inf -8.563065 -0.568022 -0.939386 -2.038636 -1.078163 2.970329 0.230170 2.800178 -0.097006 0.313436 2.342200 0.181750 10.861729 -1.808615 -0.614250 0.111718 3.835871
1 inf -8.575364 -0.610255 -0.924687 -2.033422 -1.098514 2.948843 0.234019 2.796333 -0.090995 0.348532 2.352930 0.176353 10.847150 -1.772001 -0.627393 0.129379 3.796331
1 inf -8.569519 -0.611178 -0.919924 -2.019156 -1.113246 2.949535 0.209092 2.803805 -0.108542 0.335294 2.358794 0.170381 10.875846 -1.756643 -0.654799 0.128247 3.767332
1 inf -8.597734 -0.621114 -0.881356 -2.041483 -1.118043 2.938635 0.164706 2.800449 -0.093241 0.286830 2.393628 0.175959 10.865618 -1.759678 -0.623518 0.100285 3.782987
1 inf -8.575660 -0.609519 -0.882606 -2.050554 -1.151372 2.936905 0.167097 2.799958 -0.082211 0.312080 2.412543 0.194811 10.861457 -1.759456 -0.615668 0.049074 3.793999
1 inf -8.559736 -0.620265 -0.886770 -2.048676 -1.115877 2.924508 0.192067 2.789635 -0.052593 0.290306 2.417477 0.175643 10.878612 -1.773899 -0.591513 0.037956 3.812272
1 inf -8.565640 -0.620123 -0.863358 -2.049245 -1.124902 2.944715 0.207172 2.728511 -0.042385 0.312829 2.436720 0.161176 10.852181 -1.790983 -0.610398 0.082063 3.826008
1 inf -8.565886 -0.596383 -0.841931 -2.034203 -1.131264 2.942779 0.244771 2.720703 -0.056848 0.292502 2.402604 0.145427 10.857936 -1.785819 -0.604574 0.119721 3.814489
1 inf -8.569105 -0.594047 -0.811845 -2.043169 -1.100717 2.923782 0.268555 2.755444 -0.029912 0.298548 2.417043 0.109958 10.880330 -1.805256 -0.606999 0.105035 3.809710
1 inf -8.537279 -0.622146 -0.758986 -2.066168 -1.084387 2.909226 0.247061 2.768861 -0.049887 0.310888 2.397307 0.093313 10.880549 -1.819010 -0.608639 0.136331 3.830877
1 inf -8.544028 -0.611501 -0.768636 -2.058325 -1.053654 2.908382 0.263087 2.801562 -0.091996 0.307272 2.375987 0.123627 10.887422 -1.818621 -0.598847 0.160073 3.826107
1 inf -8.564383 -0.626500 -0.768893 -2.032220 -1.091211 2.898978 0.243226 2.811821 -0.117784 0.293851 2.376475 0.114875 10.840342 -1.847561 -0.606406 0.184529 3.812563
1 inf -8.544549 -0.584213 -0.788937 -2.061002 -1.058543 2.876198 0.241094 2.807174 -0.134287 0.287966 2.373191 0.094085 10.842036 -1.812060 -0.552539 0.178799 3.816680
1 inf -8.514188 -0.521912 -0.788675 -2.097605 -1.086236 2.901128 0.249457 2.801103 -0.130465 0.244638 2.357239 0.068664 10.854202 -1.827186 -0.562545 0.171533 3.845014
1 inf -8.487882 -0.529558 -0.840658 -2.132478 -1.066365 2.895182 0.246355 2.832998 -0.135924 0.278628 2.337260 0.076967 10.869144 -1.824403 -0.592625 0.153483 3.843683
1 inf -8.450929 -0.550223 -0.858803 -2.105640 -1.073390 2.902263 0.269387 2.857897 -0.159929 0.276656 2.335728 0.090414 10.874424 -1.843060 -0.563234 0.191939 3.873578
1 inf -8.432138 -0.574645 -0.836596 -2.112544 -1.074041 2.910171 0.265619 2.856872 -0.143046 0.270379 2.353304 0.081562 10.886342 -1.815838 -0.562694 0.219458 3.885019
1 inf -8.425393 -0.586299 -0.820097 -2.124077 -1.059761 2.870349 0.287956 2.854206 -0.146808 0.286847 2.369126 0.117605 10.894053 -1.835376 -0.577686 0.193485 3.896017
1 inf -8.436824 -0.582398 -0.853798 -2.135858 -1.031337 2.884465 0.313347 2.849731 -0.127625 0.290844 2.394505 0.094763 10.903776 -1.829900 -0.552423 0.230868 3.907079
1 inf -8.401116 -0.591885 -0.850539 -2.155730 -1.063540 2.878516 0.314214 2.846251 -0.115635 0.287108 2.388725 0.094474 10.916940 -1.858685 -0.579385 0.232378 3.874507
1 inf -8.419574 -0.574747 -0.852201 -2.179470 -1.054571 2.903889 0.296633 2.794492 -0.109387 0.234330 2.405922 0.107316 10.919191 -1.848421 -0.617840 0.229855 3.873938
1 inf -8.405318 -0.548047 -0.867631 -2.149732 -1.056443 2.909816 0.307067 2.843787 -0.113897 0.225118 2.428111 0.105968 10.896493 -1.843810 -0.637372 0.228977 3.913856
1 inf -8.392923 -0.531700 -0.835789 -2.113338 -1.099736 2.900292 0.303720 2.830997 -0.112597 0.200321 2.430921 0.106089 10.907450 -1.793000 -0.603442 0.250421 3.896312
1 inf -8.392823 -0.573909 -0.835879 -2.087137 -1.071058 2.884803 0.291913 2.806441 -0.082879 0.181201 2.415366 0.077081 10.907685 -1.839333 -0.596552 0.218923 3.865809
1 inf -8.405432 -0.575250 -0.831002 -2.061444 -1.047304 2.920293 0.274792 2.799263 -0.080640 0.192371 2.419346 0.116356 10.915237 -1.860712 -0.614593 0.212044 3.861986
1 inf -8.407914 -0.568268 -0.824611 -2.079836 -1.059782 2.895519 0.288184 2.796682 -0.058760 0.180554 2.415041 0.120135 10.921828 -1.846837 -0.621022 0.242487 3.853816
1 inf -8.404535 -0.542088 -0.824452 -2.100908 -1.089367 2.909417 0.288464 2.822846 -0.048470 0.148102 2.412155 0.143759 10.927382 -1.810819 -0.614110 0.238927 3.836671
1 inf -8.393453 -0.513252 -0.810552 -2.103826 -1.091419 2.943125 0.283591 2.830255 -0.055126 0.114922 2.415705 0.150684 10.928213 -1.863104 -0.613180 0.237733 3.824176
1 inf -8.351163 -0.527441 -0.788566 -2.103816 -1.066332 2.959800 0.298090 2.824931 -0.018014 0.112712 2.436102 0.134048 10.915403 -1.849547 -0.586653 0.251915 3.812693
1 inf -8.319921 -0.504507 -0.757260 -2.102390 -1.090202 2.941587 0.365933 2.803707 -0.031568 0.114759 2.440609 0.134062 10.950371 -1.882299 -0.597108 0.257371 3.784497
1 inf -8.309465 -0.478272 -0.740387 -2.129496 -1.102307 2.933348 0.368989 2.804665 -0.027232 0.102279 2.431138 0.122918 10.947697 -1.898740 -0.610129 0.254233 3.777616
1 inf -8.274733 -0.485422 -0.738220 -2.122436 -1.104744 2.935737 0.322582 2.801655 -0.053798 0.099875 2.462390 0.104684 10.916502 -1.922734 -0.598329 0.259294 3.764907
1 inf -8.246846 -0.459323 -0.717631 -2.114724 -1.136767 2.935569 0.318096 2.835017 -0.069933 0.090749 2.467278 0.124210 10.902600 -1.947219 -0.585545 0.259463 3.787302
1 inf -8.206652 -0.425292 -0.688007 -2.134459 -1.168446 2.949590 0.310502 2.783229 -0.057246 0.065983 2.459254 0.099363 10.896420 -1.980200 -0.600020 0.273846 3.772635
1 inf -8.220222 -0.425663 -0.693948 -2.088274 -1.155210 2.945130 0.323827 2.813996 -0.070508 0.100705 2.456268 0.128305 10.884909 -1.984405 -0.599594 0.252720 3.782889
1 inf -8.232589 -0.462596 -0.679578 -2.118808 -1.130674 2.938945 0.325733 2.831201 -0.067935 0.093667 2.402855 0.128431 10.874403 -1.952486 -0.622244 0.271126 3.789555
1 inf -8.267430 -0.472653 -0.644987 -2.129086 -1.139950 2.937165 0.364219 2.821033 -0.065504 0.066076 2.355371 0.128694 10.884737 -1.911372 -0.586076 0.283180 3.793401
1 inf -8.250092 -0.450633 -0.627449 -2.110039 -1.117590 2.950499 0.348159 2.800249 -0.029894 0.014710 2.365118 0.145875 10.869233 -1.934059 -0.635760 0.277485 3.767546
1 inf -8.289837 -0.439165 -0.652645 -2.125125 -1.137981 2.921430 0.359201 2.775168 -0.041327 0.004080 2.365323 0.163001 10.830508 -1.942921 -0.625062 0.293053 3.796117
1 inf -8.263003 -0.456262 -0.662016 -2.125520 -1.172273 2.933286 0.368948 2.751635 -0.085014 0.038105 2.390426 0.155664 10.827059 -1.956699 -0.647067 0.273658 3.796276
1 inf -8.293795 -0.467976 -0.649647 -2.154280 -1.180468 2.925557 0.372712 2.755522 -0.048870 0.045818 2.419830 0.121398 10.855011 -1.936601 -0.618311 0.262746 3.791891
1 inf -8.278985 -0.453198 -0.674233 -2.174444 -1.161684 2.933647 0.391594 2.770937 -0.049286 0.052229 2.434611 0.112554 10.876934 -1.958741 -0.601192 0.224638 3.836220
1 inf -8.279730 -0.471432 -0.663372 -2.175470 -1.134763 2.931061 0.371907 2.755335 -0.080206 0.016813 2.434033 0.112147 10.865479 -1.950214 -0.617605 0.203379 3.825636
1 inf -8.272985 -0.483086 -0.646873 -2.187003 -1.120483 2.891239 0.394244 2.752669 -0.083968 0.033281 2.449855 0.148190 10.873190 -1.969752 -0.632597 0.177406 3.836634
1 inf -8.290284 -0.483477 -0.632064 -2.204975 -1.098072 2.866506 0.399215 2.772348 -0.095504 0.027045 2.447085 0.149408 10.846388 -1.978177 -0.641737 0.169902 3.842242
1 inf -8.314715 -0.468870 -0.629743 -2.150381 -1.107008 2.896446 0.437545 2.789576 -0.121422 -0.004956 2.401121 0.148989 10.853983 -1.976469 -0.627408 0.140969 3.856211
1 inf -8.278398 -0.448805 -0.647970 -2.148888 -1.084282 2.920445 0.472555 2.782263 -0.134402 -0.035620 2.426186 0.169812 10.861713 -1.957517 -0.663416 0.097564 3.860032
1 inf -8.264458 -0.447287 -0.652235 -2.146411 -1.100399 2.904900 0.476333 2.771842 -0.113808 -0.035326 2.480058 0.192111 10.861876 -1.950079 -0.659163 0.109176 3.870771
1 inf -8.282354 -0.485400 -0.655796 -2.116604 -1.110182 2.895735 0.490961 2.778543 -0.103590 -0.036141 2.485518 0.219715 10.851356 -1.952008 -0.700736 0.097543 3.868662
1 inf -8.289017 -0.481622 -0.668664 -2.128996 -1.118917 2.872456 0.503513 2.790465 -0.075246 -0.021812 2.480610 0.212104 10.792680 -1.977257 -0.720089 0.079319 3.839297
1 inf -8.293168 -0.475999 -0.653469 -2.107273 -1.085470 2.854763 0.481179 2.806779 -0.055451 0.021534 2.456378 0.212643 10.825988 -1.967084 -0.714907 0.053367 3.831332
1 inf -8.286763 -0.485097 -0.687312 -2.130171 -1.076132 2.873428 0.463637 2.803352 -0.089610 0.009806 2.499605 0.205580 10.836715 -1.991456 -0.671614 0.031137 3.824519
1 inf -8.313721 -0.515429 -0.675336 -2.122928 -1.090929 2.882998 0.463803 2.794831 -0.089552 -0.005095 2.495817 0.223121 10.871378 -1.976425 -0.673314 0.010469 3.799985
1 inf -8.293955 -0.532395 -0.696780 -2.144505 -1.104679 2.883233 0.474441 2.801071 -0.095072 0.004300 2.476462 0.183803 10.892327 -1.981733 -0.636771 0.022477 3.793942
1 inf -8.337304 -0.547441 -0.676174 -2.129499 -1.112792 2.892185 0.433244 2.795208 -0.118675 0.002466 2.503727 0.214885 10.906649 -1.996551 -0.625518 0.008393 3.820443
1 inf -8.367927 -0.531608 -0.659181 -2.136841 -1.146596 2.902354 0.437889 2.786458 -0.106421 0.000683 2.524144 0.244619 10.930176 -1.975998 -0.594922 -0.002954 3.824947
1 inf -8.386755 -0.559608 -0.694640 -2.127129 -1.125166 2.890809 0.470488 2.811009 -0.099831 0.001841 2.510048 0.249540 10.900301 -1.964979 -0.602560 -0.007022 3.834800
1 inf -8.369045 -0.530077 -0.683379 -2.118585 -1.156625 2.879745 0.482088 2.780377 -0.127279 0.038089 2.501729 0.205048 10.875914 -1.983843 -0.597026 0.015616 3.845360
1 inf -8.377905 -0.536387 -0.701238 -2.125776 -1.165019 2.854416 0.488777 2.794478 -0.076940 0.073538 2.477872 0.182109 10.855030 -1.993469 -0.578855 -0.002221 3.846360
1 inf -8.409394 -0.523456 -0.700181 -2.121381 -1.143734 2.871310 0.486051 2.796541 -0.050561 0.083376 2.520564 0.189677 10.831475 -1.968237 -0.540887 -0.023533 3.843625
1 inf -8.411172 -0.529685 -0.700811 -2.134902 -1.126681 2.874038 0.547662 2.827102 -0.067253 0.122152 2.502359 0.196167 10.826249 -1.984116 -0.522658 -0.003037 3.815688
1 inf -8.425559 -0.551384 -0.678957 -2.149652 -1.130386 2.888378 0.546439 2.838057 -0.021676 0.114601 2.508446 0.208245 10.809944 -1.986177 -0.531433 -0.004050 3.788762
1 inf -8.429517 -0.561615 -0.680560 -2.175893 -1.128177 2.876023 0.546063 2.844232 -0.052494 0.130986 2.485669 0.222126 10.804879 -1.995679 -0.535514 -0.000018 3.782282
1 inf -8.435204 -0.553499 -0.668316 -2.178372 -1.169811 2.866929 0.553348 2.835310 0.014890 0.101612 2.539372 0.217828 10.793284 -1.974991 -0.552737 -0.035660 3.769437
1 inf -8.383313 -0.527104 -0.679014 -2.179888 -1.188269 2.859821 0.552771 2.821023 0.036153 0.074331 2.543963 0.213692 10.803518 -1.975060 -0.562517 -0.020027 3.803347
1 inf -8.396752 -0.577702 -0.685936 -2.201170 -1.183979 2.862260 0.537868 2.847375 0.022253 0.093696 2.560338 0.184601 10.807761 -1.971518 -0.585389 -0.034207 3.807121
1 inf -8.388195 -0.590730 -0.643792 -2.193926 -1.152739 2.888159 0.521299 2.837580 0.002796 0.067080 2.552310 0.174794 10.816691 -1.979332 -0.625348 -0.018208 3.819738
1 inf -8.387412 -0.607647 -0.633521 -2.193692 -1.125843 2.904886 0.507591 2.822672 0.010883 0.055783 2.588578 0.191726 10.803391 -1.973973 -0.615715 -0.039629 3.800156
1 inf -8.405736 -0.609411 -0.625664 -2.174234 -1.124242 2.911746 0.547406 2.814407 -0.015533 0.046787 2.570665 0.199608 10.800596 -1.962941 -0.615505 -0.068176 3.821600
1 inf -8.349837 -0.602461 -0.626319 -2.135728 -1.145644 2.897645 0.536611 2.804024 0.021502 0.078661 2.559360 0.231677 10.774509 -1.967077 -0.622410 -0.087055 3.850818
1 inf -8.352557 -0.595045 -0.644062 -2.149603 -1.123925 2.881687 0.553175 2.812622 -0.017726 0.066427 2.530824 0.263823 10.753416 -1.953716 -0.625134 -0.097880 3.855422
1 inf -8.345812 -0.606699 -0.627563 -2.161136 -1.109645 2.841865 0.575512 2.809956 -0.021488 0.082895 2.546646 0.299866 10.761127 -1.973254 -0.640126 -0.123853 3.866420
1 inf -8.388269 -0.566625 -0.631288 -2.198454 -1.092491 2.844880 0.554714 2.828531 0.014892 0.075353 2.530235 0.295550 10.743727 -1.979186 -0.680895 -0.143695 3.825260
1 inf -8.389403 -0.557015 -0.606610 -2.190831 -1.122493 2.821558 0.543166 2.862184 0.015384 0.066448 2.543969 0.286406 10.729446 -1.974651 -0.681695 -0.146659 3.836926
1 inf -8.349785 -0.520386 -0.640749 -2.165587 -1.130015 2.843599 0.529510 2.840353 0.054995 0.085618 2.545914 0.270182 10.696931 -1.993039 -0.645078 -0.152373 3.863513
1 inf -8.385847 -0.513015 -0.636431 -2.131735 -1.098716 2.839803 0.510292 2.818915 0.046457 0.123462 2.564146 0.284493 10.680405 -1.989369 -0.623396 -0.139768 3.862306
1 inf -8.420966 -0.507813 -0.634055 -2.123350 -1.080981 2.846350 0.535051 2.843916 0.044190 0.081505 2.577751 0.276804 10.682540 -2.004201 -0.625128 -0.154547 3.876707
1 inf -8.421417 -0.479858 -0.621731 -2.125874 -1.080227 2.873029 0.552091 2.863700 0.047183 0.099112 2.574157 0.232226 10.685999 -2.014130 -0.585817 -0.169249 3.878001
