1 301.69423 -8.501237 -0.943867 -0.187214 -2.266357 -1.460894 3.469105 0.272247 2.527752 0.227745 0.555310 2.297511 0.125190 10.336388 -0.285180 0.288217 3.632672
1 301.69423 -8.501237 -0.943867 -0.187214 -2.266357 -1.460894 3.469105 0.272247 2.527752 0.227745 0.555310 2.297511 0.125190 10.336388 -0.285180 0.288217 3.632672
1 295.5465 -8.511894 -0.937682 -0.196017 -2.256051 -1.488608 3.467236 0.254000 2.511977 0.269083 0.538621 2.272075 0.095806 10.357702 -0.262609 0.285097 3.630910
1 295.5465 -8.511894 -0.937682 -0.196017 -2.256051 -1.488608 3.467236 0.254000 2.511977 0.269083 0.538621 2.272075 0.095806 10.357702 -0.262609 0.285097 3.630910
1 294.51979 -8.531571 -0.913744 -0.217310 -2.251889 -1.471151 3.468415 0.238749 2.501946 0.251928 0.507092 2.296613 0.079830 10.351943 -0.244283 0.257180 3.674429
1 281.51162 -8.561545 -0.913724 -0.204518 -2.269707 -1.466490 3.448187 0.221258 2.505190 0.232797 0.473391 2.274399 0.096518 10.364464 -0.268470 0.267904 3.711520
1 281.51162 -8.561545 -0.913724 -0.204518 -2.269707 -1.466490 3.448187 0.221258 2.505190 0.232797 0.473391 2.274399 0.096518 10.364464 -0.268470 0.267904 3.711520
1 281.51162 -8.561545 -0.913724 -0.204518 -2.269707 -1.466490 3.448187 0.221258 2.505190 0.232797 0.473391 2.274399 0.096518 10.364464 -0.268470 0.267904 3.711520
1 281.51162 -8.561545 -0.913724 -0.204518 -2.269707 -1.466490 3.448187 0.221258 2.505190 0.232797 0.473391 2.274399 0.096518 10.364464 -0.268470 0.267904 3.711520
1 281.13718 -8.601854 -0.914866 -0.212673 -2.259176 -1.479095 3.459985 0.189155 2.496169 0.253125 0.448926 2.293449 0.110304 10.363856 -0.279848 0.281596 3.712107
1 281.13718 -8.601854 -0.914866 -0.212673 -2.259176 -1.479095 3.459985 0.189155 2.496169 0.253125 0.448926 2.293449 0.110304 10.363856 -0.279848 0.281596 3.712107
1 281.13718 -8.601854 -0.914866 -0.212673 -2.259176 -1.479095 3.459985 0.189155 2.496169 0.253125 0.448926 2.293449 0.110304 10.363856 -0.279848 0.281596 3.712107
1 281.13718 -8.601854 -0.914866 -0.212673 -2.259176 -1.479095 3.459985 0.189155 2.496169 0.253125 0.448926 2.293449 0.110304 10.363856 -0.279848 0.281596 3.712107
1 281.13718 -8.601854 -0.914866 -0.212673 -2.259176 -1.479095 3.459985 0.189155 2.496169 0.253125 0.448926 2.293449 0.110304 10.363856 -0.279848 0.281596 3.712107
1 281.13718 -8.601854 -0.914866 -0.212673 -2.259176 -1.479095 3.459985 0.189155 2.496169 0.253125 0.448926 2.293449 0.110304 10.363856 -0.279848 0.281596 3.712107
1 281.13718 -8.601854 -0.914866 -0.212673 -2.259176 -1.479095 3.459985 0.189155 2.496169 0.253125 0.448926 2.293449 0.110304 10.363856 -0.279848 0.281596 3.712107
1 281.13718 -8.601854 -0.914866 -0.212673 -2.259176 -1.479095 3.459985 0.189155 2.496169 0.253125 0.448926 2.293449 0.110304 10.363856 -0.279848 0.281596 3.712107
1 281.13718 -8.601854 -0.914866 -0.212673 -2.259176 -1.479095 3.459985 0.189155 2.496169 0.253125 0.448926 2.293449 0.110304 10.363856 -0.279848 0.281596 3.712107
1 281.13718 -8.601854 -0.914866 -0.212673 -2.259176 -1.479095 3.459985 0.189155 2.496169 0.253125 0.448926 2.293449 0.110304 10.363856 -0.279848 0.281596 3.712107
1 281.13718 -8.601854 -0.914866 -0.212673 -2.259176 -1.479095 3.459985 0.189155 2.496169 0.253125 0.448926 2.293449 0.110304 10.363856 -0.279848 0.281596 3.712107
1 281.13718 -8.601854 -0.914866 -0.212673 -2.259176 -1.479095 3.459985 0.189155 2.496169 0.253125 0.448926 2.293449 0.110304 10.363856 -0.279848 0.281596 3.712107
1 278.84105 -8.604930 -0.898780 -0.224372 -2.243507 -1.478254 3.467059 0.214641 2.510049 0.237759 0.504450 2.296495 0.071322 10.346662 -0.309693 0.301049 3.692541
1 278.84105 -8.604930 -0.898780 -0.224372 -2.243507 -1.478254 3.467059 0.214641 2.510049 0.237759 0.504450 2.296495 0.071322 10.346662 -0.309693 0.301049 3.692541
1 278.84105 -8.604930 -0.898780 -0.224372 -2.243507 -1.478254 3.467059 0.214641 2.510049 0.237759 0.504450 2.296495 0.071322 10.346662 -0.309693 0.301049 3.692541
1 278.84105 -8.604930 -0.898780 -0.224372 -2.243507 -1.478254 3.467059 0.214641 2.510049 0.237759 0.504450 2.296495 0.071322 10.346662 -0.309693 0.301049 3.692541
1 278.84105 -8.604930 -0.898780 -0.224372 -2.243507 -1.478254 3.467059 0.214641 2.510049 0.237759 0.504450 2.296495 0.071322 10.346662 -0.309693 0.301049 3.692541
1 278.84105 -8.604930 -0.898780 -0.224372 -2.243507 -1.478254 3.467059 0.214641 2.510049 0.237759 0.504450 2.296495 0.071322 10.346662 -0.309693 0.301049 3.692541
1 278.84105 -8.604930 -0.898780 -0.224372 -2.243507 -1.478254 3.467059 0.214641 2.510049 0.237759 0.504450 2.296495 0.071322 10.346662 -0.309693 0.301049 3.692541
1 278.84105 -8.604930 -0.898780 -0.224372 -2.243507 -1.478254 3.467059 0.214641 2.510049 0.237759 0.504450 2.296495 0.071322 10.346662 -0.309693 0.301049 3.692541
1 278.84105 -8.604930 -0.898780 -0.224372 -2.243507 -1.478254 3.467059 0.214641 2.510049 0.237759 0.504450 2.296495 0.071322 10.346662 -0.309693 0.301049 3.692541
1 278.84105 -8.604930 -0.898780 -0.224372 -2.243507 -1.478254 3.467059 0.214641 2.510049 0.237759 0.504450 2.296495 0.071322 10.346662 -0.309693 0.301049 3.692541
1 278.84105 -8.604930 -0.898780 -0.224372 -2.243507 -1.478254 3.467059 0.214641 2.510049 0.237759 0.504450 2.296495 0.071322 10.346662 -0.309693 0.301049 3.692541
1 278.84105 -8.604930 -0.898780 -0.224372 -2.243507 -1.478254 3.467059 0.214641 2.510049 0.237759 0.504450 2.296495 0.071322 10.346662 -0.309693 0.301049 3.692541
1 278.84105 -8.604930 -0.898780 -0.224372 -2.243507 -1.478254 3.467059 0.214641 2.510049 0.237759 0.504450 2.296495 0.071322 10.346662 -0.309693 0.301049 3.692541
1 278.84105 -8.604930 -0.898780 -0.224372 -2.243507 -1.478254 3.467059 0.214641 2.510049 0.237759 0.504450 2.296495 0.071322 10.346662 -0.309693 0.301049 3.692541
1 278.16657 -8.599203 -0.902776 -0.182396 -2.259976 -1.474856 3.475624 0.206876 2.471978 0.273766 0.485467 2.295954 0.054756 10.370398 -0.307486 0.327247 3.697168
1 278.16657 -8.599203 -0.902776 -0.182396 -2.259976 -1.474856 3.475624 0.206876 2.471978 0.273766 0.485467 2.295954 0.054756 10.370398 -0.307486 0.327247 3.697168
1 278.16657 -8.599203 -0.902776 -0.182396 -2.259976 -1.474856 3.475624 0.206876 2.471978 0.273766 0.485467 2.295954 0.054756 10.370398 -0.307486 0.327247 3.697168
1 278.16657 -8.599203 -0.902776 -0.182396 -2.259976 -1.474856 3.475624 0.206876 2.471978 0.273766 0.485467 2.295954 0.054756 10.370398 -0.307486 0.327247 3.697168
1 278.16657 -8.599203 -0.902776 -0.182396 -2.259976 -1.474856 3.475624 0.206876 2.471978 0.273766 0.485467 2.295954 0.054756 10.370398 -0.307486 0.327247 3.697168
1 278.16657 -8.599203 -0.902776 -0.182396 -2.259976 -1.474856 3.475624 0.206876 2.471978 0.273766 0.485467 2.295954 0.054756 10.370398 -0.307486 0.327247 3.697168
1 278.16657 -8.599203 -0.902776 -0.182396 -2.259976 -1.474856 3.475624 0.206876 2.471978 0.273766 0.485467 2.295954 0.054756 10.370398 -0.307486 0.327247 3.697168
1 278.16657 -8.599203 -0.902776 -0.182396 -2.259976 -1.474856 3.475624 0.206876 2.471978 0.273766 0.485467 2.295954 0.054756 10.370398 -0.307486 0.327247 3.697168
1 278.16657 -8.599203 -0.902776 -0.182396 -2.259976 -1.474856 3.475624 0.206876 2.471978 0.273766 0.485467 2.295954 0.054756 10.370398 -0.307486 0.327247 3.697168
1 278.16657 -8.599203 -0.902776 -0.182396 -2.259976 -1.474856 3.475624 0.206876 2.471978 0.273766 0.485467 2.295954 0.054756 10.370398 -0.307486 0.327247 3.697168
1 278.16657 -8.599203 -0.902776 -0.182396 -2.259976 -1.474856 3.475624 0.206876 2.471978 0.273766 0.485467 2.295954 0.054756 10.370398 -0.307486 0.327247 3.697168
1 278.16657 -8.599203 -0.902776 -0.182396 -2.259976 -1.474856 3.475624 0.206876 2.471978 0.273766 0.485467 2.295954 0.054756 10.370398 -0.307486 0.327247 3.697168
1 278.16657 -8.599203 -0.902776 -0.182396 -2.259976 -1.474856 3.475624 0.206876 2.471978 0.273766 0.485467 2.295954 0.054756 10.370398 -0.307486 0.327247 3.697168
1 278.16657 -8.599203 -0.902776 -0.182396 -2.259976 -1.474856 3.475624 0.206876 2.471978 0.273766 0.485467 2.295954 0.054756 10.370398 -0.307486 0.327247 3.697168
1 278.16657 -8.599203 -0.902776 -0.182396 -2.259976 -1.474856 3.475624 0.206876 2.471978 0.273766 0.485467 2.295954 0.054756 10.370398 -0.307486 0.327247 3.697168
1 278.16657 -8.599203 -0.902776 -0.182396 -2.259976 -1.474856 3.475624 0.206876 2.471978 0.273766 0.485467 2.295954 0.054756 10.370398 -0.307486 0.327247 3.697168
