1 148.64912 -8.672752 -0.961593 -0.268872 -2.207640 -1.404588 3.422620 0.226904 2.554058 0.176407 0.591021 2.286606 0.136867 10.440797 -0.704774 -0.260497 0.188212 3.674727
1 148.64912 -8.672752 -0.961593 -0.268872 -2.207640 -1.404588 3.422620 0.226904 2.554058 0.176407 0.591021 2.286606 0.136867 10.440797 -0.704774 -0.260497 0.188212 3.674727
1 148.64912 -8.672752 -0.961593 -0.268872 -2.207640 -1.404588 3.422620 0.226904 2.554058 0.176407 0.591021 2.286606 0.136867 10.440797 -0.704774 -0.260497 0.188212 3.674727
1 148.64912 -8.672752 -0.961593 -0.268872 -2.207640 -1.404588 3.422620 0.226904 2.554058 0.176407 0.591021 2.286606 0.136867 10.440797 -0.704774 -0.260497 0.188212 3.674727
1 148.64912 -8.672752 -0.961593 -0.268872 -2.207640 -1.404588 3.422620 0.226904 2.554058 0.176407 0.591021 2.286606 0.136867 10.440797 -0.704774 -0.260497 0.188212 3.674727
1 142.29143 -8.679600 -0.993235 -0.286309 -2.187210 -1.436342 3.446132 0.217632 2.569761 0.162585 0.599939 2.273712 0.181244 10.440606 -0.706657 -0.265483 0.132440 3.669264
1 142.29143 -8.679600 -0.993235 -0.286309 -2.187210 -1.436342 3.446132 0.217632 2.569761 0.162585 0.599939 2.273712 0.181244 10.440606 -0.706657 -0.265483 0.132440 3.669264
1 142.29143 -8.679600 -0.993235 -0.286309 -2.187210 -1.436342 3.446132 0.217632 2.569761 0.162585 0.599939 2.273712 0.181244 10.440606 -0.706657 -0.265483 0.132440 3.669264
1 142.29143 -8.679600 -0.993235 -0.286309 -2.187210 -1.436342 3.446132 0.217632 2.569761 0.162585 0.599939 2.273712 0.181244 10.440606 -0.706657 -0.265483 0.132440 3.669264
1 142.29143 -8.679600 -0.993235 -0.286309 -2.187210 -1.436342 3.446132 0.217632 2.569761 0.162585 0.599939 2.273712 0.181244 10.440606 -0.706657 -0.265483 0.132440 3.669264
1 142.29143 -8.679600 -0.993235 -0.286309 -2.187210 -1.436342 3.446132 0.217632 2.569761 0.162585 0.599939 2.273712 0.181244 10.440606 -0.706657 -0.265483 0.132440 3.669264
1 142.29143 -8.679600 -0.993235 -0.286309 -2.187210 -1.436342 3.446132 0.217632 2.569761 0.162585 0.599939 2.273712 0.181244 10.440606 -0.706657 -0.265483 0.132440 3.669264
1 142.29143 -8.679600 -0.993235 -0.286309 -2.187210 -1.436342 3.446132 0.217632 2.569761 0.162585 0.599939 2.273712 0.181244 10.440606 -0.706657 -0.265483 0.132440 3.669264
1 142.10828 -8.677263 -0.998613 -0.294164 -2.179091 -1.420338 3.430862 0.231625 2.583659 0.141039 0.608093 2.296335 0.165074 10.429680 -0.705915 -0.261549 0.168240 3.697846
1 142.10828 -8.677263 -0.998613 -0.294164 -2.179091 -1.420338 3.430862 0.231625 2.583659 0.141039 0.608093 2.296335 0.165074 10.429680 -0.705915 -0.261549 0.168240 3.697846
1 142.10828 -8.677263 -0.998613 -0.294164 -2.179091 -1.420338 3.430862 0.231625 2.583659 0.141039 0.608093 2.296335 0.165074 10.429680 -0.705915 -0.261549 0.168240 3.697846
1 142.10828 -8.677263 -0.998613 -0.294164 -2.179091 -1.420338 3.430862 0.231625 2.583659 0.141039 0.608093 2.296335 0.165074 10.429680 -0.705915 -0.261549 0.168240 3.697846
1 142.10828 -8.677263 -0.998613 -0.294164 -2.179091 -1.420338 3.430862 0.231625 2.583659 0.141039 0.608093 2.296335 0.165074 10.429680 -0.705915 -0.261549 0.168240 3.697846
1 142.10828 -8.677263 -0.998613 -0.294164 -2.179091 -1.420338 3.430862 0.231625 2.583659 0.141039 0.608093 2.296335 0.165074 10.429680 -0.705915 -0.261549 0.168240 3.697846
1 142.10828 -8.677263 -0.998613 -0.294164 -2.179091 -1.420338 3.430862 0.231625 2.583659 0.141039 0.608093 2.296335 0.165074 10.429680 -0.705915 -0.261549 0.168240 3.697846
1 142.10828 -8.677263 -0.998613 -0.294164 -2.179091 -1.420338 3.430862 0.231625 2.583659 0.141039 0.608093 2.296335 0.165074 10.429680 -0.705915 -0.261549 0.168240 3.697846
1 142.10828 -8.677263 -0.998613 -0.294164 -2.179091 -1.420338 3.430862 0.231625 2.583659 0.141039 0.608093 2.296335 0.165074 10.429680 -0.705915 -0.261549 0.168240 3.697846
1 142.10828 -8.677263 -0.998613 -0.294164 -2.179091 -1.420338 3.430862 0.231625 2.583659 0.141039 0.608093 2.296335 0.165074 10.429680 -0.705915 -0.261549 0.168240 3.697846
1 142.10828 -8.677263 -0.998613 -0.294164 -2.179091 -1.420338 3.430862 0.231625 2.583659 0.141039 0.608093 2.296335 0.165074 10.429680 -0.705915 -0.261549 0.168240 3.697846
1 142.10828 -8.677263 -0.998613 -0.294164 -2.179091 -1.420338 3.430862 0.231625 2.583659 0.141039 0.608093 2.296335 0.165074 10.429680 -0.705915 -0.261549 0.168240 3.697846
1 142.10828 -8.677263 -0.998613 -0.294164 -2.179091 -1.420338 3.430862 0.231625 2.583659 0.141039 0.608093 2.296335 0.165074 10.429680 -0.705915 -0.261549 0.168240 3.697846
1 142.10828 -8.677263 -0.998613 -0.294164 -2.179091 -1.420338 3.430862 0.231625 2.583659 0.141039 0.608093 2.296335 0.165074 10.429680 -0.705915 -0.261549 0.168240 3.697846
1 142.10828 -8.677263 -0.998613 -0.294164 -2.179091 -1.420338 3.430862 0.231625 2.583659 0.141039 0.608093 2.296335 0.165074 10.429680 -0.705915 -0.261549 0.168240 3.697846
1 142.10828 -8.677263 -0.998613 -0.294164 -2.179091 -1.420338 3.430862 0.231625 2.583659 0.141039 0.608093 2.296335 0.165074 10.429680 -0.705915 -0.261549 0.168240 3.697846
1 142.10828 -8.677263 -0.998613 -0.294164 -2.179091 -1.420338 3.430862 0.231625 2.583659 0.141039 0.608093 2.296335 0.165074 10.429680 -0.705915 -0.261549 0.168240 3.697846
1 142.10828 -8.677263 -0.998613 -0.294164 -2.179091 -1.420338 3.430862 0.231625 2.583659 0.141039 0.608093 2.296335 0.165074 10.429680 -0.705915 -0.261549 0.168240 3.697846
1 142.10828 -8.677263 -0.998613 -0.294164 -2.179091 -1.420338 3.430862 0.231625 2.583659 0.141039 0.608093 2.296335 0.165074 10.429680 -0.705915 -0.261549 0.168240 3.697846
1 142.10828 -8.677263 -0.998613 -0.294164 -2.179091 -1.420338 3.430862 0.231625 2.583659 0.141039 0.608093 2.296335 0.165074 10.429680 -0.705915 -0.261549 0.168240 3.697846
1 142.10828 -8.677263 -0.998613 -0.294164 -2.179091 -1.420338 3.430862 0.231625 2.583659 0.141039 0.608093 2.296335 0.165074 10.429680 -0.705915 -0.261549 0.168240 3.697846
1 142.10828 -8.677263 -0.998613 -0.294164 -2.179091 -1.420338 3.430862 0.231625 2.583659 0.141039 0.608093 2.296335 0.165074 10.429680 -0.705915 -0.261549 0.168240 3.697846
1 142.10828 -8.677263 -0.998613 -0.294164 -2.179091 -1.420338 3.430862 0.231625 2.583659 0.141039 0.608093 2.296335 0.165074 10.429680 -0.705915 -0.261549 0.168240 3.697846
1 142.10828 -8.677263 -0.998613 -0.294164 -2.179091 -1.420338 3.430862 0.231625 2.583659 0.141039 0.608093 2.296335 0.165074 10.429680 -0.705915 -0.261549 0.168240 3.697846
1 142.10828 -8.677263 -0.998613 -0.294164 -2.179091 -1.420338 3.430862 0.231625 2.583659 0.141039 0.608093 2.296335 0.165074 10.429680 -0.705915 -0.261549 0.168240 3.697846
1 142.10828 -8.677263 -0.998613 -0.294164 -2.179091 -1.420338 3.430862 0.231625 2.583659 0.141039 0.608093 2.296335 0.165074 10.429680 -0.705915 -0.261549 0.168240 3.697846
1 142.10828 -8.677263 -0.998613 -0.294164 -2.179091 -1.420338 3.430862 0.231625 2.583659 0.141039 0.608093 2.296335 0.165074 10.429680 -0.705915 -0.261549 0.168240 3.697846
1 142.10828 -8.677263 -0.998613 -0.294164 -2.179091 -1.420338 3.430862 0.231625 2.583659 0.141039 0.608093 2.296335 0.165074 10.429680 -0.705915 -0.261549 0.168240 3.697846
1 142.10828 -8.677263 -0.998613 -0.294164 -2.179091 -1.420338 3.430862 0.231625 2.583659 0.141039 0.608093 2.296335 0.165074 10.429680 -0.705915 -0.261549 0.168240 3.697846
1 142.10828 -8.677263 -0.998613 -0.294164 -2.179091 -1.420338 3.430862 0.231625 2.583659 0.141039 0.608093 2.296335 0.165074 10.429680 -0.705915 -0.261549 0.168240 3.697846
1 142.10828 -8.677263 -0.998613 -0.294164 -2.179091 -1.420338 3.430862 0.231625 2.583659 0.141039 0.608093 2.296335 0.165074 10.429680 -0.705915 -0.261549 0.168240 3.697846
1 142.10828 -8.677263 -0.998613 -0.294164 -2.179091 -1.420338 3.430862 0.231625 2.583659 0.141039 0.608093 2.296335 0.165074 10.429680 -0.705915 -0.261549 0.168240 3.697846
1 142.10828 -8.677263 -0.998613 -0.294164 -2.179091 -1.420338 3.430862 0.231625 2.583659 0.141039 0.608093 2.296335 0.165074 10.429680 -0.705915 -0.261549 0.168240 3.697846
1 142.10828 -8.677263 -0.998613 -0.294164 -2.179091 -1.420338 3.430862 0.231625 2.583659 0.141039 0.608093 2.296335 0.165074 10.429680 -0.705915 -0.261549 0.168240 3.697846
1 142.10828 -8.677263 -0.998613 -0.294164 -2.179091 -1.420338 3.430862 0.231625 2.583659 0.141039 0.608093 2.296335 0.165074 10.429680 -0.705915 -0.261549 0.168240 3.697846
1 142.10828 -8.677263 -0.998613 -0.294164 -2.179091 -1.420338 3.430862 0.231625 2.583659 0.141039 0.608093 2.296335 0.165074 10.429680 -0.705915 -0.261549 0.168240 3.697846
1 142.10828 -8.677263 -0.998613 -0.294164 -2.179091 -1.420338 3.430862 0.231625 2.583659 0.141039 0.608093 2.296335 0.165074 10.429680 -0.705915 -0.261549 0.168240 3.697846
1 142.10828 -8.677263 -0.998613 -0.294164 -2.179091 -1.420338 3.430862 0.231625 2.583659 0.141039 0.608093 2.296335 0.165074 10.429680 -0.705915 -0.261549 0.168240 3.697846
1 142.10828 -8.677263 -0.998613 -0.294164 -2.179091 -1.420338 3.430862 0.231625 2.583659 0.141039 0.608093 2.296335 0.165074 10.429680 -0.705915 -0.261549 0.168240 3.697846
1 142.10828 -8.677263 -0.998613 -0.294164 -2.179091 -1.420338 3.430862 0.231625 2.583659 0.141039 0.608093 2.296335 0.165074 10.429680 -0.705915 -0.261549 0.168240 3.697846
1 142.10828 -8.677263 -0.998613 -0.294164 -2.179091 -1.420338 3.430862 0.231625 2.583659 0.141039 0.608093 2.296335 0.165074 10.429680 -0.705915 -0.261549 0.168240 3.697846
1 142.10828 -8.677263 -0.998613 -0.294164 -2.179091 -1.420338 3.430862 0.231625 2.583659 0.141039 0.608093 2.296335 0.165074 10.429680 -0.705915 -0.261549 0.168240 3.697846
1 142.10828 -8.677263 -0.998613 -0.294164 -2.179091 -1.420338 3.430862 0.231625 2.583659 0.141039 0.608093 2.296335 0.165074 10.429680 -0.705915 -0.261549 0.168240 3.697846
1 142.10828 -8.677263 -0.998613 -0.294164 -2.179091 -1.420338 3.430862 0.231625 2.583659 0.141039 0.608093 2.296335 0.165074 10.429680 -0.705915 -0.261549 0.168240 3.697846
1 142.10828 -8.677263 -0.998613 -0.294164 -2.179091 -1.420338 3.430862 0.231625 2.583659 0.141039 0.608093 2.296335 0.165074 10.429680 -0.705915 -0.261549 0.168240 3.697846
1 142.10828 -8.677263 -0.998613 -0.294164 -2.179091 -1.420338 3.430862 0.231625 2.583659 0.141039 0.608093 2.296335 0.165074 10.429680 -0.705915 -0.261549 0.168240 3.697846
1 142.10828 -8.677263 -0.998613 -0.294164 -2.179091 -1.420338 3.430862 0.231625 2.583659 0.141039 0.608093 2.296335 0.165074 10.429680 -0.705915 -0.261549 0.168240 3.697846
1 142.10828 -8.677263 -0.998613 -0.294164 -2.179091 -1.420338 3.430862 0.231625 2.583659 0.141039 0.608093 2.296335 0.165074 10.429680 -0.705915 -0.261549 0.168240 3.697846
1 142.10828 -8.677263 -0.998613 -0.294164 -2.179091 -1.420338 3.430862 0.231625 2.583659 0.141039 0.608093 2.296335 0.165074 10.429680 -0.705915 -0.261549 0.168240 3.697846
1 142.10828 -8.677263 -0.998613 -0.294164 -2.179091 -1.420338 3.430862 0.231625 2.583659 0.141039 0.608093 2.296335 0.165074 10.429680 -0.705915 -0.261549 0.168240 3.697846
1 142.10828 -8.677263 -0.998613 -0.294164 -2.179091 -1.420338 3.430862 0.231625 2.583659 0.141039 0.608093 2.296335 0.165074 10.429680 -0.705915 -0.261549 0.168240 3.697846
1 142.10828 -8.677263 -0.998613 -0.294164 -2.179091 -1.420338 3.430862 0.231625 2.583659 0.141039 0.608093 2.296335 0.165074 10.429680 -0.705915 -0.261549 0.168240 3.697846
1 142.10828 -8.677263 -0.998613 -0.294164 -2.179091 -1.420338 3.430862 0.231625 2.583659 0.141039 0.608093 2.296335 0.165074 10.429680 -0.705915 -0.261549 0.168240 3.697846
1 142.10828 -8.677263 -0.998613 -0.294164 -2.179091 -1.420338 3.430862 0.231625 2.583659 0.141039 0.608093 2.296335 0.165074 10.429680 -0.705915 -0.261549 0.168240 3.697846
1 142.10828 -8.677263 -0.998613 -0.294164 -2.179091 -1.420338 3.430862 0.231625 2.583659 0.141039 0.608093 2.296335 0.165074 10.429680 -0.705915 -0.261549 0.168240 3.697846
1 142.10828 -8.677263 -0.998613 -0.294164 -2.179091 -1.420338 3.430862 0.231625 2.583659 0.141039 0.608093 2.296335 0.165074 10.429680 -0.705915 -0.261549 0.168240 3.697846
1 142.10828 -8.677263 -0.998613 -0.294164 -2.179091 -1.420338 3.430862 0.231625 2.583659 0.141039 0.608093 2.296335 0.165074 10.429680 -0.705915 -0.261549 0.168240 3.697846
1 142.10828 -8.677263 -0.998613 -0.294164 -2.179091 -1.420338 3.430862 0.231625 2.583659 0.141039 0.608093 2.296335 0.165074 10.429680 -0.705915 -0.261549 0.168240 3.697846
1 142.10828 -8.677263 -0.998613 -0.294164 -2.179091 -1.420338 3.430862 0.231625 2.583659 0.141039 0.608093 2.296335 0.165074 10.429680 -0.705915 -0.261549 0.168240 3.697846
1 142.10828 -8.677263 -0.998613 -0.294164 -2.179091 -1.420338 3.430862 0.231625 2.583659 0.141039 0.608093 2.296335 0.165074 10.429680 -0.705915 -0.261549 0.168240 3.697846
1 142.10828 -8.677263 -0.998613 -0.294164 -2.179091 -1.420338 3.430862 0.231625 2.583659 0.141039 0.608093 2.296335 0.165074 10.429680 -0.705915 -0.261549 0.168240 3.697846
1 142.10828 -8.677263 -0.998613 -0.294164 -2.179091 -1.420338 3.430862 0.231625 2.583659 0.141039 0.608093 2.296335 0.165074 10.429680 -0.705915 -0.261549 0.168240 3.697846
1 142.10828 -8.677263 -0.998613 -0.294164 -2.179091 -1.420338 3.430862 0.231625 2.583659 0.141039 0.608093 2.296335 0.165074 10.429680 -0.705915 -0.261549 0.168240 3.697846
1 142.10828 -8.677263 -0.998613 -0.294164 -2.179091 -1.420338 3.430862 0.231625 2.583659 0.141039 0.608093 2.296335 0.165074 10.429680 -0.705915 -0.261549 0.168240 3.697846
1 142.10828 -8.677263 -0.998613 -0.294164 -2.179091 -1.420338 3.430862 0.231625 2.583659 0.141039 0.608093 2.296335 0.165074 10.429680 -0.705915 -0.261549 0.168240 3.697846
1 142.10828 -8.677263 -0.998613 -0.294164 -2.179091 -1.420338 3.430862 0.231625 2.583659 0.141039 0.608093 2.296335 0.165074 10.429680 -0.705915 -0.261549 0.168240 3.697846
1 142.10828 -8.677263 -0.998613 -0.294164 -2.179091 -1.420338 3.430862 0.231625 2.583659 0.141039 0.608093 2.296335 0.165074 10.429680 -0.705915 -0.261549 0.168240 3.697846
1 142.10828 -8.677263 -0.998613 -0.294164 -2.179091 -1.420338 3.430862 0.231625 2.583659 0.141039 0.608093 2.296335 0.165074 10.429680 -0.705915 -0.261549 0.168240 3.697846
1 142.10828 -8.677263 -0.998613 -0.294164 -2.179091 -1.420338 3.430862 0.231625 2.583659 0.141039 0.608093 2.296335 0.165074 10.429680 -0.705915 -0.261549 0.168240 3.697846
1 142.10828 -8.677263 -0.998613 -0.294164 -2.179091 -1.420338 3.430862 0.231625 2.583659 0.141039 0.608093 2.296335 0.165074 10.429680 -0.705915 -0.261549 0.168240 3.697846
1 142.10828 -8.677263 -0.998613 -0.294164 -2.179091 -1.420338 3.430862 0.231625 2.583659 0.141039 0.608093 2.296335 0.165074 10.429680 -0.705915 -0.261549 0.168240 3.697846
1 142.10828 -8.677263 -0.998613 -0.294164 -2.179091 -1.420338 3.430862 0.231625 2.583659 0.141039 0.608093 2.296335 0.165074 10.429680 -0.705915 -0.261549 0.168240 3.697846
1 142.10828 -8.677263 -0.998613 -0.294164 -2.179091 -1.420338 3.430862 0.231625 2.583659 0.141039 0.608093 2.296335 0.165074 10.429680 -0.705915 -0.261549 0.168240 3.697846
1 142.10828 -8.677263 -0.998613 -0.294164 -2.179091 -1.420338 3.430862 0.231625 2.583659 0.141039 0.608093 2.296335 0.165074 10.429680 -0.705915 -0.261549 0.168240 3.697846
1 142.10828 -8.677263 -0.998613 -0.294164 -2.179091 -1.420338 3.430862 0.231625 2.583659 0.141039 0.608093 2.296335 0.165074 10.429680 -0.705915 -0.261549 0.168240 3.697846
1 142.10828 -8.677263 -0.998613 -0.294164 -2.179091 -1.420338 3.430862 0.231625 2.583659 0.141039 0.608093 2.296335 0.165074 10.429680 -0.705915 -0.261549 0.168240 3.697846
1 142.10828 -8.677263 -0.998613 -0.294164 -2.179091 -1.420338 3.430862 0.231625 2.583659 0.141039 0.608093 2.296335 0.165074 10.429680 -0.705915 -0.261549 0.168240 3.697846
1 142.10828 -8.677263 -0.998613 -0.294164 -2.179091 -1.420338 3.430862 0.231625 2.583659 0.141039 0.608093 2.296335 0.165074 10.429680 -0.705915 -0.261549 0.168240 3.697846
1 142.10828 -8.677263 -0.998613 -0.294164 -2.179091 -1.420338 3.430862 0.231625 2.583659 0.141039 0.608093 2.296335 0.165074 10.429680 -0.705915 -0.261549 0.168240 3.697846
1 142.10828 -8.677263 -0.998613 -0.294164 -2.179091 -1.420338 3.430862 0.231625 2.583659 0.141039 0.608093 2.296335 0.165074 10.429680 -0.705915 -0.261549 0.168240 3.697846
1 142.10828 -8.677263 -0.998613 -0.294164 -2.179091 -1.420338 3.430862 0.231625 2.583659 0.141039 0.608093 2.296335 0.165074 10.429680 -0.705915 -0.261549 0.168240 3.697846
1 142.10828 -8.677263 -0.998613 -0.294164 -2.179091 -1.420338 3.430862 0.231625 2.583659 0.141039 0.608093 2.296335 0.165074 10.429680 -0.705915 -0.261549 0.168240 3.697846
1 142.10828 -8.677263 -0.998613 -0.294164 -2.179091 -1.420338 3.430862 0.231625 2.583659 0.141039 0.608093 2.296335 0.165074 10.429680 -0.705915 -0.261549 0.168240 3.697846
1 142.10828 -8.677263 -0.998613 -0.294164 -2.179091 -1.420338 3.430862 0.231625 2.583659 0.141039 0.608093 2.296335 0.165074 10.429680 -0.705915 -0.261549 0.168240 3.697846
1 142.10828 -8.677263 -0.998613 -0.294164 -2.179091 -1.420338 3.430862 0.231625 2.583659 0.141039 0.608093 2.296335 0.165074 10.429680 -0.705915 -0.261549 0.168240 3.697846
1 142.10828 -8.677263 -0.998613 -0.294164 -2.179091 -1.420338 3.430862 0.231625 2.583659 0.141039 0.608093 2.296335 0.165074 10.429680 -0.705915 -0.261549 0.168240 3.697846
1 142.10828 -8.677263 -0.998613 -0.294164 -2.179091 -1.420338 3.430862 0.231625 2.583659 0.141039 0.608093 2.296335 0.165074 10.429680 -0.705915 -0.261549 0.168240 3.697846
1 142.10828 -8.677263 -0.998613 -0.294164 -2.179091 -1.420338 3.430862 0.231625 2.583659 0.141039 0.608093 2.296335 0.165074 10.429680 -0.705915 -0.261549 0.168240 3.697846
1 142.10828 -8.677263 -0.998613 -0.294164 -2.179091 -1.420338 3.430862 0.231625 2.583659 0.141039 0.608093 2.296335 0.165074 10.429680 -0.705915 -0.261549 0.168240 3.697846
1 142.10828 -8.677263 -0.998613 -0.294164 -2.179091 -1.420338 3.430862 0.231625 2.583659 0.141039 0.608093 2.296335 0.165074 10.429680 -0.705915 -0.261549 0.168240 3.697846
1 142.10828 -8.677263 -0.998613 -0.294164 -2.179091 -1.420338 3.430862 0.231625 2.583659 0.141039 0.608093 2.296335 0.165074 10.429680 -0.705915 -0.261549 0.168240 3.697846
1 142.10828 -8.677263 -0.998613 -0.294164 -2.179091 -1.420338 3.430862 0.231625 2.583659 0.141039 0.608093 2.296335 0.165074 10.429680 -0.705915 -0.261549 0.168240 3.697846
1 142.10828 -8.677263 -0.998613 -0.294164 -2.179091 -1.420338 3.430862 0.231625 2.583659 0.141039 0.608093 2.296335 0.165074 10.429680 -0.705915 -0.261549 0.168240 3.697846
1 142.10828 -8.677263 -0.998613 -0.294164 -2.179091 -1.420338 3.430862 0.231625 2.583659 0.141039 0.608093 2.296335 0.165074 10.429680 -0.705915 -0.261549 0.168240 3.697846
1 142.10828 -8.677263 -0.998613 -0.294164 -2.179091 -1.420338 3.430862 0.231625 2.583659 0.141039 0.608093 2.296335 0.165074 10.429680 -0.705915 -0.261549 0.168240 3.697846
1 142.10828 -8.677263 -0.998613 -0.294164 -2.179091 -1.420338 3.430862 0.231625 2.583659 0.141039 0.608093 2.296335 0.165074 10.429680 -0.705915 -0.261549 0.168240 3.697846
1 142.10828 -8.677263 -0.998613 -0.294164 -2.179091 -1.420338 3.430862 0.231625 2.583659 0.141039 0.608093 2.296335 0.165074 10.429680 -0.705915 -0.261549 0.168240 3.697846
1 142.10828 -8.677263 -0.998613 -0.294164 -2.179091 -1.420338 3.430862 0.231625 2.583659 0.141039 0.608093 2.296335 0.165074 10.429680 -0.705915 -0.261549 0.168240 3.697846
1 142.10828 -8.677263 -0.998613 -0.294164 -2.179091 -1.420338 3.430862 0.231625 2.583659 0.141039 0.608093 2.296335 0.165074 10.429680 -0.705915 -0.261549 0.168240 3.697846
1 142.10828 -8.677263 -0.998613 -0.294164 -2.179091 -1.420338 3.430862 0.231625 2.583659 0.141039 0.608093 2.296335 0.165074 10.429680 -0.705915 -0.261549 0.168240 3.697846
1 142.10828 -8.677263 -0.998613 -0.294164 -2.179091 -1.420338 3.430862 0.231625 2.583659 0.141039 0.608093 2.296335 0.165074 10.429680 -0.705915 -0.261549 0.168240 3.697846
1 142.10828 -8.677263 -0.998613 -0.294164 -2.179091 -1.420338 3.430862 0.231625 2.583659 0.141039 0.608093 2.296335 0.165074 10.429680 -0.705915 -0.261549 0.168240 3.697846
1 142.10828 -8.677263 -0.998613 -0.294164 -2.179091 -1.420338 3.430862 0.231625 2.583659 0.141039 0.608093 2.296335 0.165074 10.429680 -0.705915 -0.261549 0.168240 3.697846
1 142.10828 -8.677263 -0.998613 -0.294164 -2.179091 -1.420338 3.430862 0.231625 2.583659 0.141039 0.608093 2.296335 0.165074 10.429680 -0.705915 -0.261549 0.168240 3.697846
1 142.10828 -8.677263 -0.998613 -0.294164 -2.179091 -1.420338 3.430862 0.231625 2.583659 0.141039 0.608093 2.296335 0.165074 10.429680 -0.705915 -0.261549 0.168240 3.697846
1 142.10828 -8.677263 -0.998613 -0.294164 -2.179091 -1.420338 3.430862 0.231625 2.583659 0.141039 0.608093 2.296335 0.165074 10.429680 -0.705915 -0.261549 0.168240 3.697846
1 142.10828 -8.677263 -0.998613 -0.294164 -2.179091 -1.420338 3.430862 0.231625 2.583659 0.141039 0.608093 2.296335 0.165074 10.429680 -0.705915 -0.261549 0.168240 3.697846
1 142.10828 -8.677263 -0.998613 -0.294164 -2.179091 -1.420338 3.430862 0.231625 2.583659 0.141039 0.608093 2.296335 0.165074 10.429680 -0.705915 -0.261549 0.168240 3.697846
1 142.10828 -8.677263 -0.998613 -0.294164 -2.179091 -1.420338 3.430862 0.231625 2.583659 0.141039 0.608093 2.296335 0.165074 10.429680 -0.705915 -0.261549 0.168240 3.697846
1 142.10828 -8.677263 -0.998613 -0.294164 -2.179091 -1.420338 3.430862 0.231625 2.583659 0.141039 0.608093 2.296335 0.165074 10.429680 -0.705915 -0.261549 0.168240 3.697846
1 142.10828 -8.677263 -0.998613 -0.294164 -2.179091 -1.420338 3.430862 0.231625 2.583659 0.141039 0.608093 2.296335 0.165074 10.429680 -0.705915 -0.261549 0.168240 3.697846
1 142.10828 -8.677263 -0.998613 -0.294164 -2.179091 -1.420338 3.430862 0.231625 2.583659 0.141039 0.608093 2.296335 0.165074 10.429680 -0.705915 -0.261549 0.168240 3.697846
1 142.10828 -8.677263 -0.998613 -0.294164 -2.179091 -1.420338 3.430862 0.231625 2.583659 0.141039 0.608093 2.296335 0.165074 10.429680 -0.705915 -0.261549 0.168240 3.697846
1 142.10828 -8.677263 -0.998613 -0.294164 -2.179091 -1.420338 3.430862 0.231625 2.583659 0.141039 0.608093 2.296335 0.165074 10.429680 -0.705915 -0.261549 0.168240 3.697846
1 142.10828 -8.677263 -0.998613 -0.294164 -2.179091 -1.420338 3.430862 0.231625 2.583659 0.141039 0.608093 2.296335 0.165074 10.429680 -0.705915 -0.261549 0.168240 3.697846
1 142.10828 -8.677263 -0.998613 -0.294164 -2.179091 -1.420338 3.430862 0.231625 2.583659 0.141039 0.608093 2.296335 0.165074 10.429680 -0.705915 -0.261549 0.168240 3.697846
1 142.10828 -8.677263 -0.998613 -0.294164 -2.179091 -1.420338 3.430862 0.231625 2.583659 0.141039 0.608093 2.296335 0.165074 10.429680 -0.705915 -0.261549 0.168240 3.697846
1 142.10828 -8.677263 -0.998613 -0.294164 -2.179091 -1.420338 3.430862 0.231625 2.583659 0.141039 0.608093 2.296335 0.165074 10.429680 -0.705915 -0.261549 0.168240 3.697846
1 142.10828 -8.677263 -0.998613 -0.294164 -2.179091 -1.420338 3.430862 0.231625 2.583659 0.141039 0.608093 2.296335 0.165074 10.429680 -0.705915 -0.261549 0.168240 3.697846
1 142.10828 -8.677263 -0.998613 -0.294164 -2.179091 -1.420338 3.430862 0.231625 2.583659 0.141039 0.608093 2.296335 0.165074 10.429680 -0.705915 -0.261549 0.168240 3.697846
1 142.10828 -8.677263 -0.998613 -0.294164 -2.179091 -1.420338 3.430862 0.231625 2.583659 0.141039 0.608093 2.296335 0.165074 10.429680 -0.705915 -0.261549 0.168240 3.697846
1 142.10828 -8.677263 -0.998613 -0.294164 -2.179091 -1.420338 3.430862 0.231625 2.583659 0.141039 0.608093 2.296335 0.165074 10.429680 -0.705915 -0.261549 0.168240 3.697846
1 142.10828 -8.677263 -0.998613 -0.294164 -2.179091 -1.420338 3.430862 0.231625 2.583659 0.141039 0.608093 2.296335 0.165074 10.429680 -0.705915 -0.261549 0.168240 3.697846
1 142.10828 -8.677263 -0.998613 -0.294164 -2.179091 -1.420338 3.430862 0.231625 2.583659 0.141039 0.608093 2.296335 0.165074 10.429680 -0.705915 -0.261549 0.168240 3.697846
1 142.10828 -8.677263 -0.998613 -0.294164 -2.179091 -1.420338 3.430862 0.231625 2.583659 0.141039 0.608093 2.296335 0.165074 10.429680 -0.705915 -0.261549 0.168240 3.697846
1 142.10828 -8.677263 -0.998613 -0.294164 -2.179091 -1.420338 3.430862 0.231625 2.583659 0.141039 0.608093 2.296335 0.165074 10.429680 -0.705915 -0.261549 0.168240 3.697846
1 142.10828 -8.677263 -0.998613 -0.294164 -2.179091 -1.420338 3.430862 0.231625 2.583659 0.141039 0.608093 2.296335 0.165074 10.429680 -0.705915 -0.261549 0.168240 3.697846
1 142.10828 -8.677263 -0.998613 -0.294164 -2.179091 -1.420338 3.430862 0.231625 2.583659 0.141039 0.608093 2.296335 0.165074 10.429680 -0.705915 -0.261549 0.168240 3.697846
1 142.10828 -8.677263 -0.998613 -0.294164 -2.179091 -1.420338 3.430862 0.231625 2.583659 0.141039 0.608093 2.296335 0.165074 10.429680 -0.705915 -0.261549 0.168240 3.697846
1 142.10828 -8.677263 -0.998613 -0.294164 -2.179091 -1.420338 3.430862 0.231625 2.583659 0.141039 0.608093 2.296335 0.165074 10.429680 -0.705915 -0.261549 0.168240 3.697846
1 142.10828 -8.677263 -0.998613 -0.294164 -2.179091 -1.420338 3.430862 0.231625 2.583659 0.141039 0.608093 2.296335 0.165074 10.429680 -0.705915 -0.261549 0.168240 3.697846
1 142.10828 -8.677263 -0.998613 -0.294164 -2.179091 -1.420338 3.430862 0.231625 2.583659 0.141039 0.608093 2.296335 0.165074 10.429680 -0.705915 -0.261549 0.168240 3.697846
1 142.10828 -8.677263 -0.998613 -0.294164 -2.179091 -1.420338 3.430862 0.231625 2.583659 0.141039 0.608093 2.296335 0.165074 10.429680 -0.705915 -0.261549 0.168240 3.697846
1 142.10828 -8.677263 -0.998613 -0.294164 -2.179091 -1.420338 3.430862 0.231625 2.583659 0.141039 0.608093 2.296335 0.165074 10.429680 -0.705915 -0.261549 0.168240 3.697846
1 142.10828 -8.677263 -0.998613 -0.294164 -2.179091 -1.420338 3.430862 0.231625 2.583659 0.141039 0.608093 2.296335 0.165074 10.429680 -0.705915 -0.261549 0.168240 3.697846
1 142.10828 -8.677263 -0.998613 -0.294164 -2.179091 -1.420338 3.430862 0.231625 2.583659 0.141039 0.608093 2.296335 0.165074 10.429680 -0.705915 -0.261549 0.168240 3.697846
1 142.10828 -8.677263 -0.998613 -0.294164 -2.179091 -1.420338 3.430862 0.231625 2.583659 0.141039 0.608093 2.296335 0.165074 10.429680 -0.705915 -0.261549 0.168240 3.697846
1 142.10828 -8.677263 -0.998613 -0.294164 -2.179091 -1.420338 3.430862 0.231625 2.583659 0.141039 0.608093 2.296335 0.165074 10.429680 -0.705915 -0.261549 0.168240 3.697846
1 142.10828 -8.677263 -0.998613 -0.294164 -2.179091 -1.420338 3.430862 0.231625 2.583659 0.141039 0.608093 2.296335 0.165074 10.429680 -0.705915 -0.261549 0.168240 3.697846
1 142.10828 -8.677263 -0.998613 -0.294164 -2.179091 -1.420338 3.430862 0.231625 2.583659 0.141039 0.608093 2.296335 0.165074 10.429680 -0.705915 -0.261549 0.168240 3.697846
1 142.10828 -8.677263 -0.998613 -0.294164 -2.179091 -1.420338 3.430862 0.231625 2.583659 0.141039 0.608093 2.296335 0.165074 10.429680 -0.705915 -0.261549 0.168240 3.697846
1 142.10828 -8.677263 -0.998613 -0.294164 -2.179091 -1.420338 3.430862 0.231625 2.583659 0.141039 0.608093 2.296335 0.165074 10.429680 -0.705915 -0.261549 0.168240 3.697846
1 142.10828 -8.677263 -0.998613 -0.294164 -2.179091 -1.420338 3.430862 0.231625 2.583659 0.141039 0.608093 2.296335 0.165074 10.429680 -0.705915 -0.261549 0.168240 3.697846
1 142.10828 -8.677263 -0.998613 -0.294164 -2.179091 -1.420338 3.430862 0.231625 2.583659 0.141039 0.608093 2.296335 0.165074 10.429680 -0.705915 -0.261549 0.168240 3.697846
1 142.10828 -8.677263 -0.998613 -0.294164 -2.179091 -1.420338 3.430862 0.231625 2.583659 0.141039 0.608093 2.296335 0.165074 10.429680 -0.705915 -0.261549 0.168240 3.697846
1 142.10828 -8.677263 -0.998613 -0.294164 -2.179091 -1.420338 3.430862 0.231625 2.583659 0.141039 0.608093 2.296335 0.165074 10.429680 -0.705915 -0.261549 0.168240 3.697846
1 142.10828 -8.677263 -0.998613 -0.294164 -2.179091 -1.420338 3.430862 0.231625 2.583659 0.141039 0.608093 2.296335 0.165074 10.429680 -0.705915 -0.261549 0.168240 3.697846
1 142.10828 -8.677263 -0.998613 -0.294164 -2.179091 -1.420338 3.430862 0.231625 2.583659 0.141039 0.608093 2.296335 0.165074 10.429680 -0.705915 -0.261549 0.168240 3.697846
