1 297.46627 -8.573508 -0.923233 -0.240250 -2.267150 -1.499893 3.449983 0.261421 2.485276 0.265947 0.571650 2.285880 0.074081 10.334339 -0.286570 0.236402 3.598711
1 291.51314 -8.561340 -0.942345 -0.219143 -2.263387 -1.462647 3.455405 0.245567 2.527636 0.241760 0.555835 2.309735 0.086154 10.308465 -0.281464 0.244098 3.611541
1 291.51314 -8.561340 -0.942345 -0.219143 -2.263387 -1.462647 3.455405 0.245567 2.527636 0.241760 0.555835 2.309735 0.086154 10.308465 -0.281464 0.244098 3.611541
1 291.51314 -8.561340 -0.942345 -0.219143 -2.263387 -1.462647 3.455405 0.245567 2.527636 0.241760 0.555835 2.309735 0.086154 10.308465 -0.281464 0.244098 3.611541
1 291.51314 -8.561340 -0.942345 -0.219143 -2.263387 -1.462647 3.455405 0.245567 2.527636 0.241760 0.555835 2.309735 0.086154 10.308465 -0.281464 0.244098 3.611541
1 291.51314 -8.561340 -0.942345 -0.219143 -2.263387 -1.462647 3.455405 0.245567 2.527636 0.241760 0.555835 2.309735 0.086154 10.308465 -0.281464 0.244098 3.611541
1 291.51314 -8.561340 -0.942345 -0.219143 -2.263387 -1.462647 3.455405 0.245567 2.527636 0.241760 0.555835 2.309735 0.086154 10.308465 -0.281464 0.244098 3.611541
1 291.51314 -8.561340 -0.942345 -0.219143 -2.263387 -1.462647 3.455405 0.245567 2.527636 0.241760 0.555835 2.309735 0.086154 10.308465 -0.281464 0.244098 3.611541
1 291.51314 -8.561340 -0.942345 -0.219143 -2.263387 -1.462647 3.455405 0.245567 2.527636 0.241760 0.555835 2.309735 0.086154 10.308465 -0.281464 0.244098 3.611541
1 291.51314 -8.561340 -0.942345 -0.219143 -2.263387 -1.462647 3.455405 0.245567 2.527636 0.241760 0.555835 2.309735 0.086154 10.308465 -0.281464 0.244098 3.611541
1 291.51314 -8.561340 -0.942345 -0.219143 -2.263387 -1.462647 3.455405 0.245567 2.527636 0.241760 0.555835 2.309735 0.086154 10.308465 -0.281464 0.244098 3.611541
1 291.29741 -8.555100 -0.921890 -0.197313 -2.277270 -1.470300 3.433054 0.230382 2.536621 0.214047 0.615158 2.292087 0.082208 10.349911 -0.265326 0.256130 3.591402
1 291.29741 -8.555100 -0.921890 -0.197313 -2.277270 -1.470300 3.433054 0.230382 2.536621 0.214047 0.615158 2.292087 0.082208 10.349911 -0.265326 0.256130 3.591402
1 291.29741 -8.555100 -0.921890 -0.197313 -2.277270 -1.470300 3.433054 0.230382 2.536621 0.214047 0.615158 2.292087 0.082208 10.349911 -0.265326 0.256130 3.591402
1 291.29741 -8.555100 -0.921890 -0.197313 -2.277270 -1.470300 3.433054 0.230382 2.536621 0.214047 0.615158 2.292087 0.082208 10.349911 -0.265326 0.256130 3.591402
1 286.83073 -8.515853 -0.940665 -0.194295 -2.248709 -1.453931 3.462588 0.234027 2.517237 0.206389 0.630275 2.285883 0.087052 10.371283 -0.260631 0.239567 3.580023
1 286.83073 -8.515853 -0.940665 -0.194295 -2.248709 -1.453931 3.462588 0.234027 2.517237 0.206389 0.630275 2.285883 0.087052 10.371283 -0.260631 0.239567 3.580023
1 286.83073 -8.515853 -0.940665 -0.194295 -2.248709 -1.453931 3.462588 0.234027 2.517237 0.206389 0.630275 2.285883 0.087052 10.371283 -0.260631 0.239567 3.580023
1 281.00136 -8.520105 -0.945925 -0.214181 -2.243045 -1.488146 3.461910 0.243725 2.521676 0.206534 0.631222 2.291568 0.070401 10.325760 -0.257713 0.252728 3.581219
1 281.00136 -8.520105 -0.945925 -0.214181 -2.243045 -1.488146 3.461910 0.243725 2.521676 0.206534 0.631222 2.291568 0.070401 10.325760 -0.257713 0.252728 3.581219
1 281.00136 -8.520105 -0.945925 -0.214181 -2.243045 -1.488146 3.461910 0.243725 2.521676 0.206534 0.631222 2.291568 0.070401 10.325760 -0.257713 0.252728 3.581219
1 281.00136 -8.520105 -0.945925 -0.214181 -2.243045 -1.488146 3.461910 0.243725 2.521676 0.206534 0.631222 2.291568 0.070401 10.325760 -0.257713 0.252728 3.581219
1 281.00136 -8.520105 -0.945925 -0.214181 -2.243045 -1.488146 3.461910 0.243725 2.521676 0.206534 0.631222 2.291568 0.070401 10.325760 -0.257713 0.252728 3.581219
1 281.00136 -8.520105 -0.945925 -0.214181 -2.243045 -1.488146 3.461910 0.243725 2.521676 0.206534 0.631222 2.291568 0.070401 10.325760 -0.257713 0.252728 3.581219
1 281.00136 -8.520105 -0.945925 -0.214181 -2.243045 -1.488146 3.461910 0.243725 2.521676 0.206534 0.631222 2.291568 0.070401 10.325760 -0.257713 0.252728 3.581219
1 281.74996 -8.539857 -0.931309 -0.206363 -2.244157 -1.528061 3.474207 0.205829 2.504479 0.232752 0.593376 2.326340 0.051627 10.327223 -0.245135 0.274433 3.598848
1 281.74996 -8.539857 -0.931309 -0.206363 -2.244157 -1.528061 3.474207 0.205829 2.504479 0.232752 0.593376 2.326340 0.051627 10.327223 -0.245135 0.274433 3.598848
1 280.98255 -8.523067 -0.940064 -0.180701 -2.241193 -1.518430 3.462540 0.210189 2.512345 0.252654 0.599037 2.320689 0.054277 10.314994 -0.242077 0.268693 3.604909
1 272.92173 -8.513466 -0.900600 -0.176004 -2.227755 -1.520816 3.457103 0.180431 2.472480 0.260047 0.532589 2.347649 0.079822 10.316975 -0.271388 0.273437 3.612537
1 272.92173 -8.513466 -0.900600 -0.176004 -2.227755 -1.520816 3.457103 0.180431 2.472480 0.260047 0.532589 2.347649 0.079822 10.316975 -0.271388 0.273437 3.612537
1 272.92173 -8.513466 -0.900600 -0.176004 -2.227755 -1.520816 3.457103 0.180431 2.472480 0.260047 0.532589 2.347649 0.079822 10.316975 -0.271388 0.273437 3.612537
1 272.92173 -8.513466 -0.900600 -0.176004 -2.227755 -1.520816 3.457103 0.180431 2.472480 0.260047 0.532589 2.347649 0.079822 10.316975 -0.271388 0.273437 3.612537
1 272.92173 -8.513466 -0.900600 -0.176004 -2.227755 -1.520816 3.457103 0.180431 2.472480 0.260047 0.532589 2.347649 0.079822 10.316975 -0.271388 0.273437 3.612537
1 272.92173 -8.513466 -0.900600 -0.176004 -2.227755 -1.520816 3.457103 0.180431 2.472480 0.260047 0.532589 2.347649 0.079822 10.316975 -0.271388 0.273437 3.612537
1 272.92173 -8.513466 -0.900600 -0.176004 -2.227755 -1.520816 3.457103 0.180431 2.472480 0.260047 0.532589 2.347649 0.079822 10.316975 -0.271388 0.273437 3.612537
1 265.64529 -8.514075 -0.892087 -0.183195 -2.268755 -1.511020 3.469110 0.174770 2.468488 0.255614 0.515443 2.314844 0.111403 10.323391 -0.300145 0.302658 3.622883
1 265.64529 -8.514075 -0.892087 -0.183195 -2.268755 -1.511020 3.469110 0.174770 2.468488 0.255614 0.515443 2.314844 0.111403 10.323391 -0.300145 0.302658 3.622883
1 265.64529 -8.514075 -0.892087 -0.183195 -2.268755 -1.511020 3.469110 0.174770 2.468488 0.255614 0.515443 2.314844 0.111403 10.323391 -0.300145 0.302658 3.622883
1 265.64529 -8.514075 -0.892087 -0.183195 -2.268755 -1.511020 3.469110 0.174770 2.468488 0.255614 0.515443 2.314844 0.111403 10.323391 -0.300145 0.302658 3.622883
1 265.64529 -8.514075 -0.892087 -0.183195 -2.268755 -1.511020 3.469110 0.174770 2.468488 0.255614 0.515443 2.314844 0.111403 10.323391 -0.300145 0.302658 3.622883
1 265.64529 -8.514075 -0.892087 -0.183195 -2.268755 -1.511020 3.469110 0.174770 2.468488 0.255614 0.515443 2.314844 0.111403 10.323391 -0.300145 0.302658 3.622883
1 265.64529 -8.514075 -0.892087 -0.183195 -2.268755 -1.511020 3.469110 0.174770 2.468488 0.255614 0.515443 2.314844 0.111403 10.323391 -0.300145 0.302658 3.622883
1 265.64529 -8.514075 -0.892087 -0.183195 -2.268755 -1.511020 3.469110 0.174770 2.468488 0.255614 0.515443 2.314844 0.111403 10.323391 -0.300145 0.302658 3.622883
1 259.22075 -8.455819 -0.880847 -0.139051 -2.274077 -1.511768 3.470819 0.204637 2.455268 0.262114 0.522453 2.316957 0.156399 10.326555 -0.289411 0.299974 3.635951
1 259.22075 -8.455819 -0.880847 -0.139051 -2.274077 -1.511768 3.470819 0.204637 2.455268 0.262114 0.522453 2.316957 0.156399 10.326555 -0.289411 0.299974 3.635951
1 259.22075 -8.455819 -0.880847 -0.139051 -2.274077 -1.511768 3.470819 0.204637 2.455268 0.262114 0.522453 2.316957 0.156399 10.326555 -0.289411 0.299974 3.635951
1 259.22075 -8.455819 -0.880847 -0.139051 -2.274077 -1.511768 3.470819 0.204637 2.455268 0.262114 0.522453 2.316957 0.156399 10.326555 -0.289411 0.299974 3.635951
1 259.22075 -8.455819 -0.880847 -0.139051 -2.274077 -1.511768 3.470819 0.204637 2.455268 0.262114 0.522453 2.316957 0.156399 10.326555 -0.289411 0.299974 3.635951
1 259.22075 -8.455819 -0.880847 -0.139051 -2.274077 -1.511768 3.470819 0.204637 2.455268 0.262114 0.522453 2.316957 0.156399 10.326555 -0.289411 0.299974 3.635951
1 259.22075 -8.455819 -0.880847 -0.139051 -2.274077 -1.511768 3.470819 0.204637 2.455268 0.262114 0.522453 2.316957 0.156399 10.326555 -0.289411 0.299974 3.635951
1 259.22075 -8.455819 -0.880847 -0.139051 -2.274077 -1.511768 3.470819 0.204637 2.455268 0.262114 0.522453 2.316957 0.156399 10.326555 -0.289411 0.299974 3.635951
