1 282.82271 -8.552547 -0.938840 -0.243238 -2.283960 -1.456178 3.475414 0.292117 2.457014 0.221379 0.556336 2.295791 0.128935 10.327785 -0.293157 0.297812 3.589725
1 282.82271 -8.552547 -0.938840 -0.243238 -2.283960 -1.456178 3.475414 0.292117 2.457014 0.221379 0.556336 2.295791 0.128935 10.327785 -0.293157 0.297812 3.589725
1 282.82271 -8.552547 -0.938840 -0.243238 -2.283960 -1.456178 3.475414 0.292117 2.457014 0.221379 0.556336 2.295791 0.128935 10.327785 -0.293157 0.297812 3.589725
1 276.27073 -8.556192 -0.904235 -0.210557 -2.302913 -1.498688 3.444956 0.272820 2.439716 0.233860 0.555740 2.319639 0.124947 10.328866 -0.299902 0.306576 3.611603
1 276.27073 -8.556192 -0.904235 -0.210557 -2.302913 -1.498688 3.444956 0.272820 2.439716 0.233860 0.555740 2.319639 0.124947 10.328866 -0.299902 0.306576 3.611603
1 276.27073 -8.556192 -0.904235 -0.210557 -2.302913 -1.498688 3.444956 0.272820 2.439716 0.233860 0.555740 2.319639 0.124947 10.328866 -0.299902 0.306576 3.611603
1 276.27073 -8.556192 -0.904235 -0.210557 -2.302913 -1.498688 3.444956 0.272820 2.439716 0.233860 0.555740 2.319639 0.124947 10.328866 -0.299902 0.306576 3.611603
1 265.58083 -8.551769 -0.916163 -0.210914 -2.321316 -1.513561 3.476023 0.273281 2.424945 0.230219 0.522753 2.327400 0.107298 10.342718 -0.307375 0.287518 3.660164
1 264.53338 -8.540122 -0.910980 -0.209073 -2.326069 -1.499832 3.433401 0.278285 2.431090 0.251067 0.517792 2.293441 0.095702 10.343633 -0.305529 0.286893 3.659112
1 264.53338 -8.540122 -0.910980 -0.209073 -2.326069 -1.499832 3.433401 0.278285 2.431090 0.251067 0.517792 2.293441 0.095702 10.343633 -0.305529 0.286893 3.659112
1 264.53338 -8.540122 -0.910980 -0.209073 -2.326069 -1.499832 3.433401 0.278285 2.431090 0.251067 0.517792 2.293441 0.095702 10.343633 -0.305529 0.286893 3.659112
1 264.53338 -8.540122 -0.910980 -0.209073 -2.326069 -1.499832 3.433401 0.278285 2.431090 0.251067 0.517792 2.293441 0.095702 10.343633 -0.305529 0.286893 3.659112
1 264.53338 -8.540122 -0.910980 -0.209073 -2.326069 -1.499832 3.433401 0.278285 2.431090 0.251067 0.517792 2.293441 0.095702 10.343633 -0.305529 0.286893 3.659112
1 264.53338 -8.540122 -0.910980 -0.209073 -2.326069 -1.499832 3.433401 0.278285 2.431090 0.251067 0.517792 2.293441 0.095702 10.343633 -0.305529 0.286893 3.659112
1 264.53338 -8.540122 -0.910980 -0.209073 -2.326069 -1.499832 3.433401 0.278285 2.431090 0.251067 0.517792 2.293441 0.095702 10.343633 -0.305529 0.286893 3.659112
1 264.53338 -8.540122 -0.910980 -0.209073 -2.326069 -1.499832 3.433401 0.278285 2.431090 0.251067 0.517792 2.293441 0.095702 10.343633 -0.305529 0.286893 3.659112
1 264.53338 -8.540122 -0.910980 -0.209073 -2.326069 -1.499832 3.433401 0.278285 2.431090 0.251067 0.517792 2.293441 0.095702 10.343633 -0.305529 0.286893 3.659112
1 264.53338 -8.540122 -0.910980 -0.209073 -2.326069 -1.499832 3.433401 0.278285 2.431090 0.251067 0.517792 2.293441 0.095702 10.343633 -0.305529 0.286893 3.659112
1 264.53338 -8.540122 -0.910980 -0.209073 -2.326069 -1.499832 3.433401 0.278285 2.431090 0.251067 0.517792 2.293441 0.095702 10.343633 -0.305529 0.286893 3.659112
1 264.53338 -8.540122 -0.910980 -0.209073 -2.326069 -1.499832 3.433401 0.278285 2.431090 0.251067 0.517792 2.293441 0.095702 10.343633 -0.305529 0.286893 3.659112
1 264.53338 -8.540122 -0.910980 -0.209073 -2.326069 -1.499832 3.433401 0.278285 2.431090 0.251067 0.517792 2.293441 0.095702 10.343633 -0.305529 0.286893 3.659112
1 263.93262 -8.550249 -0.938101 -0.238078 -2.368531 -1.528483 3.422481 0.278550 2.432773 0.269003 0.523220 2.299650 0.114131 10.309992 -0.336891 0.257141 3.642814
1 263.93262 -8.550249 -0.938101 -0.238078 -2.368531 -1.528483 3.422481 0.278550 2.432773 0.269003 0.523220 2.299650 0.114131 10.309992 -0.336891 0.257141 3.642814
1 263.93262 -8.550249 -0.938101 -0.238078 -2.368531 -1.528483 3.422481 0.278550 2.432773 0.269003 0.523220 2.299650 0.114131 10.309992 -0.336891 0.257141 3.642814
1 263.93262 -8.550249 -0.938101 -0.238078 -2.368531 -1.528483 3.422481 0.278550 2.432773 0.269003 0.523220 2.299650 0.114131 10.309992 -0.336891 0.257141 3.642814
1 263.93262 -8.550249 -0.938101 -0.238078 -2.368531 -1.528483 3.422481 0.278550 2.432773 0.269003 0.523220 2.299650 0.114131 10.309992 -0.336891 0.257141 3.642814
1 263.93262 -8.550249 -0.938101 -0.238078 -2.368531 -1.528483 3.422481 0.278550 2.432773 0.269003 0.523220 2.299650 0.114131 10.309992 -0.336891 0.257141 3.642814
1 263.93262 -8.550249 -0.938101 -0.238078 -2.368531 -1.528483 3.422481 0.278550 2.432773 0.269003 0.523220 2.299650 0.114131 10.309992 -0.336891 0.257141 3.642814
1 263.93262 -8.550249 -0.938101 -0.238078 -2.368531 -1.528483 3.422481 0.278550 2.432773 0.269003 0.523220 2.299650 0.114131 10.309992 -0.336891 0.257141 3.642814
1 263.93262 -8.550249 -0.938101 -0.238078 -2.368531 -1.528483 3.422481 0.278550 2.432773 0.269003 0.523220 2.299650 0.114131 10.309992 -0.336891 0.257141 3.642814
1 263.93262 -8.550249 -0.938101 -0.238078 -2.368531 -1.528483 3.422481 0.278550 2.432773 0.269003 0.523220 2.299650 0.114131 10.309992 -0.336891 0.257141 3.642814
1 263.93262 -8.550249 -0.938101 -0.238078 -2.368531 -1.528483 3.422481 0.278550 2.432773 0.269003 0.523220 2.299650 0.114131 10.309992 -0.336891 0.257141 3.642814
1 263.93262 -8.550249 -0.938101 -0.238078 -2.368531 -1.528483 3.422481 0.278550 2.432773 0.269003 0.523220 2.299650 0.114131 10.309992 -0.336891 0.257141 3.642814
1 263.93262 -8.550249 -0.938101 -0.238078 -2.368531 -1.528483 3.422481 0.278550 2.432773 0.269003 0.523220 2.299650 0.114131 10.309992 -0.336891 0.257141 3.642814
1 263.93262 -8.550249 -0.938101 -0.238078 -2.368531 -1.528483 3.422481 0.278550 2.432773 0.269003 0.523220 2.299650 0.114131 10.309992 -0.336891 0.257141 3.642814
1 263.93262 -8.550249 -0.938101 -0.238078 -2.368531 -1.528483 3.422481 0.278550 2.432773 0.269003 0.523220 2.299650 0.114131 10.309992 -0.336891 0.257141 3.642814
1 263.93262 -8.550249 -0.938101 -0.238078 -2.368531 -1.528483 3.422481 0.278550 2.432773 0.269003 0.523220 2.299650 0.114131 10.309992 -0.336891 0.257141 3.642814
1 263.09946 -8.547962 -0.918803 -0.197976 -2.335634 -1.525798 3.441638 0.284705 2.421825 0.240948 0.552720 2.264853 0.148480 10.306993 -0.322989 0.243681 3.613239
1 263.09946 -8.547962 -0.918803 -0.197976 -2.335634 -1.525798 3.441638 0.284705 2.421825 0.240948 0.552720 2.264853 0.148480 10.306993 -0.322989 0.243681 3.613239
1 263.09946 -8.547962 -0.918803 -0.197976 -2.335634 -1.525798 3.441638 0.284705 2.421825 0.240948 0.552720 2.264853 0.148480 10.306993 -0.322989 0.243681 3.613239
1 263.09946 -8.547962 -0.918803 -0.197976 -2.335634 -1.525798 3.441638 0.284705 2.421825 0.240948 0.552720 2.264853 0.148480 10.306993 -0.322989 0.243681 3.613239
1 263.09946 -8.547962 -0.918803 -0.197976 -2.335634 -1.525798 3.441638 0.284705 2.421825 0.240948 0.552720 2.264853 0.148480 10.306993 -0.322989 0.243681 3.613239
1 263.09946 -8.547962 -0.918803 -0.197976 -2.335634 -1.525798 3.441638 0.284705 2.421825 0.240948 0.552720 2.264853 0.148480 10.306993 -0.322989 0.243681 3.613239
1 263.09946 -8.547962 -0.918803 -0.197976 -2.335634 -1.525798 3.441638 0.284705 2.421825 0.240948 0.552720 2.264853 0.148480 10.306993 -0.322989 0.243681 3.613239
1 263.09946 -8.547962 -0.918803 -0.197976 -2.335634 -1.525798 3.441638 0.284705 2.421825 0.240948 0.552720 2.264853 0.148480 10.306993 -0.322989 0.243681 3.613239
1 263.09946 -8.547962 -0.918803 -0.197976 -2.335634 -1.525798 3.441638 0.284705 2.421825 0.240948 0.552720 2.264853 0.148480 10.306993 -0.322989 0.243681 3.613239
1 263.09946 -8.547962 -0.918803 -0.197976 -2.335634 -1.525798 3.441638 0.284705 2.421825 0.240948 0.552720 2.264853 0.148480 10.306993 -0.322989 0.243681 3.613239
1 263.09946 -8.547962 -0.918803 -0.197976 -2.335634 -1.525798 3.441638 0.284705 2.421825 0.240948 0.552720 2.264853 0.148480 10.306993 -0.322989 0.243681 3.613239
1 263.09946 -8.547962 -0.918803 -0.197976 -2.335634 -1.525798 3.441638 0.284705 2.421825 0.240948 0.552720 2.264853 0.148480 10.306993 -0.322989 0.243681 3.613239
1 263.09946 -8.547962 -0.918803 -0.197976 -2.335634 -1.525798 3.441638 0.284705 2.421825 0.240948 0.552720 2.264853 0.148480 10.306993 -0.322989 0.243681 3.613239
1 263.09946 -8.547962 -0.918803 -0.197976 -2.335634 -1.525798 3.441638 0.284705 2.421825 0.240948 0.552720 2.264853 0.148480 10.306993 -0.322989 0.243681 3.613239
