1 inf -8.838527 -0.598166 -0.829840 -2.870434 -1.593141 2.393755 -0.064026 2.697423 -0.417865 0.847538 0.871689 -0.657533 10.305289 -1.301522 -0.125148 0.640175 4.166408
1 inf -8.846574 -0.597534 -0.866682 -2.864631 -1.618166 2.388466 -0.099532 2.756039 -0.425197 0.825089 0.827785 -0.681830 10.294596 -1.323863 -0.130283 0.612771 4.176858
1 inf -8.837434 -0.587039 -0.857152 -2.877190 -1.614975 2.419474 -0.097682 2.743840 -0.411753 0.851055 0.812110 -0.710854 10.300624 -1.326387 -0.153033 0.634908 4.173969
1 inf -8.838202 -0.575918 -0.855893 -2.893544 -1.621355 2.410604 -0.082397 2.706877 -0.388077 0.852028 0.794630 -0.717418 10.300711 -1.330822 -0.144843 0.636060 4.196876
1 inf -8.864608 -0.566588 -0.891358 -2.903258 -1.605117 2.429203 -0.104381 2.701330 -0.401250 0.851456 0.766571 -0.723383 10.284065 -1.342972 -0.107565 0.600934 4.199097
1 inf -8.869646 -0.571625 -0.877219 -2.940049 -1.634192 2.425471 -0.104944 2.739318 -0.419315 0.846843 0.790398 -0.721562 10.275333 -1.327408 -0.112161 0.620448 4.172987
1 inf -8.901963 -0.566798 -0.894648 -2.920816 -1.594068 2.435822 -0.103183 2.753697 -0.414317 0.849660 0.782504 -0.704398 10.268323 -1.335228 -0.128096 0.623411 4.176989
1 inf -8.903524 -0.564656 -0.857681 -2.935556 -1.581441 2.424023 -0.086804 2.787143 -0.400000 0.823617 0.829161 -0.686524 10.267402 -1.343982 -0.126721 0.640532 4.130352
1 inf -8.934645 -0.593883 -0.870668 -2.921082 -1.573160 2.418422 -0.064418 2.776847 -0.417415 0.822610 0.857875 -0.700995 10.263168 -1.332541 -0.131471 0.588536 4.093231
1 inf -8.970554 -0.637963 -0.845931 -2.914114 -1.573080 2.452774 -0.074230 2.781403 -0.392942 0.831893 0.848007 -0.720629 10.298071 -1.305448 -0.126150 0.535646 4.122338
1 inf -8.996607 -0.660087 -0.822044 -2.891303 -1.574174 2.478506 -0.056603 2.747300 -0.396909 0.831980 0.879863 -0.733268 10.313042 -1.309982 -0.108459 0.542993 4.129123
1 inf -8.989376 -0.682728 -0.822152 -2.887034 -1.563932 2.502818 -0.065653 2.719344 -0.396455 0.828350 0.885928 -0.754043 10.334254 -1.330959 -0.131741 0.520534 4.159184
1 inf -9.024956 -0.681517 -0.850053 -2.879144 -1.571256 2.484937 -0.081561 2.692025 -0.384880 0.823549 0.860404 -0.732378 10.348503 -1.329357 -0.123533 0.529112 4.126202
1 inf -9.011081 -0.688868 -0.837485 -2.893893 -1.606484 2.479961 -0.080615 2.694954 -0.406748 0.821399 0.871905 -0.752633 10.314260 -1.323040 -0.140314 0.519644 4.148449
1 inf -9.031029 -0.684975 -0.853848 -2.869339 -1.621612 2.482331 -0.050471 2.688422 -0.434484 0.848811 0.875174 -0.754665 10.300285 -1.282519 -0.146772 0.497431 4.151821
1 inf -9.041476 -0.685439 -0.878759 -2.862792 -1.632268 2.470178 -0.033401 2.666474 -0.396781 0.833227 0.862301 -0.772254 10.282688 -1.279098 -0.169256 0.486314 4.189969
1 inf -9.022962 -0.656639 -0.903264 -2.883263 -1.593451 2.444676 -0.017030 2.644777 -0.393188 0.842899 0.831364 -0.742197 10.274131 -1.290477 -0.159532 0.498207 4.180076
1 inf -9.015137 -0.669481 -0.930473 -2.886280 -1.589865 2.408036 0.022485 2.682382 -0.373455 0.850812 0.810615 -0.743867 10.269073 -1.272958 -0.172239 0.496018 4.187059
1 inf -8.992940 -0.665419 -0.931357 -2.906758 -1.575523 2.409744 0.000082 2.690712 -0.354801 0.807046 0.813396 -0.730524 10.290955 -1.262572 -0.156510 0.466456 4.155015
1 inf -8.985187 -0.642953 -0.906663 -2.903246 -1.559341 2.385529 0.000848 2.698281 -0.351871 0.822771 0.841250 -0.755971 10.254664 -1.271804 -0.168094 0.464389 4.120244
1 inf -8.990305 -0.680022 -0.899952 -2.879055 -1.551316 2.389138 0.024468 2.692238 -0.362843 0.801915 0.856203 -0.804578 10.243806 -1.269293 -0.205208 0.467122 4.118866
1 inf -9.006147 -0.734708 -0.903502 -2.875778 -1.570751 2.360709 0.011254 2.691711 -0.385480 0.806019 0.842152 -0.770920 10.203673 -1.304748 -0.198446 0.431888 4.095202
1 inf -9.003871 -0.721213 -0.880797 -2.890672 -1.583860 2.353899 -0.006429 2.689422 -0.429894 0.787140 0.809352 -0.800973 10.174622 -1.318880 -0.177040 0.472557 4.076495
1 inf -9.027275 -0.733261 -0.923627 -2.860017 -1.586741 2.323898 0.000610 2.710054 -0.397794 0.772535 0.800890 -0.798427 10.217409 -1.367354 -0.160778 0.483937 4.093447
1 inf -9.024609 -0.722066 -0.898292 -2.885639 -1.606515 2.334627 -0.016604 2.701423 -0.391466 0.762731 0.795788 -0.803470 10.199783 -1.362896 -0.150618 0.518867 4.085701
1 inf -9.050706 -0.703952 -0.853860 -2.860725 -1.641579 2.332938 -0.008506 2.694451 -0.402046 0.767065 0.785688 -0.791049 10.216868 -1.358844 -0.144997 0.493731 4.086006
1 inf -9.035919 -0.705396 -0.855910 -2.912038 -1.635191 2.301024 -0.041674 2.713198 -0.397991 0.779846 0.787539 -0.779205 10.234221 -1.327494 -0.157177 0.501747 4.066565
1 inf -9.080206 -0.709953 -0.891757 -2.914035 -1.664175 2.329754 -0.061721 2.732829 -0.401368 0.805608 0.750232 -0.761064 10.238165 -1.343791 -0.186535 0.525388 4.081114
1 inf -9.099784 -0.730550 -0.912314 -2.937654 -1.638964 2.341390 -0.080619 2.774576 -0.410988 0.781336 0.755866 -0.790938 10.195973 -1.365460 -0.169623 0.563327 4.085161
1 inf -9.068039 -0.747241 -0.885192 -2.937650 -1.673171 2.341154 -0.096701 2.764280 -0.414437 0.804236 0.793573 -0.773379 10.161051 -1.375075 -0.164539 0.549381 4.073147
1 inf -9.041856 -0.743816 -0.886276 -2.959910 -1.643527 2.330230 -0.076137 2.764382 -0.393989 0.819534 0.786385 -0.748728 10.173925 -1.366250 -0.182553 0.564311 4.083244
1 inf -9.017301 -0.721101 -0.901981 -2.980266 -1.612471 2.362604 -0.065863 2.783711 -0.386159 0.831591 0.762358 -0.771435 10.202163 -1.383488 -0.192287 0.555840 4.073377
1 inf -9.071970 -0.709373 -0.925437 -2.960025 -1.638783 2.384280 -0.063122 2.772791 -0.387846 0.837345 0.772078 -0.782101 10.173222 -1.394395 -0.208493 0.595238 4.097733
1 inf -9.040862 -0.682046 -0.951733 -2.967796 -1.651448 2.390129 -0.040145 2.774538 -0.401431 0.863747 0.776117 -0.752821 10.174121 -1.373420 -0.208723 0.605600 4.079981
1 inf -9.064698 -0.685014 -0.970106 -2.998196 -1.660697 2.422715 -0.053528 2.746718 -0.401046 0.864347 0.797314 -0.795408 10.185910 -1.363511 -0.191299 0.615593 4.096696
1 inf -9.075810 -0.659803 -0.957474 -3.010552 -1.649948 2.423533 -0.057092 2.768349 -0.426126 0.883998 0.802500 -0.782003 10.182480 -1.339229 -0.213025 0.624332 4.075460
1 inf -9.099033 -0.670943 -0.989154 -3.011095 -1.653633 2.452070 -0.092449 2.746315 -0.437703 0.902702 0.789323 -0.815220 10.190606 -1.349461 -0.230774 0.597872 4.093649
1 inf -9.128618 -0.675279 -0.982696 -3.002687 -1.726620 2.451064 -0.071994 2.750657 -0.391723 0.912993 0.810755 -0.803498 10.188728 -1.347514 -0.232774 0.576176 4.093163
1 inf -9.120865 -0.652813 -0.958002 -2.999175 -1.710438 2.426849 -0.071228 2.758226 -0.388793 0.928718 0.838609 -0.828945 10.152437 -1.356746 -0.244358 0.574109 4.058392
1 inf -9.098408 -0.663115 -0.962332 -2.975730 -1.711907 2.438626 -0.091127 2.752345 -0.392517 0.961452 0.819315 -0.816648 10.139874 -1.395549 -0.272860 0.598593 4.064936
1 inf -9.129259 -0.635766 -0.946122 -2.996659 -1.676430 2.411524 -0.061264 2.766180 -0.409897 0.940796 0.822281 -0.792356 10.162274 -1.380452 -0.251653 0.605579 4.093445
1 inf -9.135702 -0.673784 -0.895863 -3.025515 -1.630772 2.449446 -0.052888 2.780494 -0.394593 0.930887 0.783851 -0.788410 10.134482 -1.377782 -0.267924 0.597977 4.091278
1 inf -9.119397 -0.663514 -0.938626 -3.034795 -1.648306 2.454955 -0.063016 2.791532 -0.378579 0.946571 0.753483 -0.773978 10.154247 -1.355470 -0.251280 0.603805 4.071686
1 inf -9.107977 -0.681876 -0.960779 -3.004202 -1.604131 2.444778 -0.004127 2.817021 -0.371546 0.944959 0.758034 -0.826506 10.154273 -1.371872 -0.248531 0.616029 4.110936
1 inf -9.149893 -0.695687 -0.931243 -3.042977 -1.592682 2.435683 -0.032102 2.826182 -0.376385 0.990593 0.785734 -0.779359 10.141885 -1.380616 -0.236013 0.630435 4.080332
1 inf -9.168028 -0.704640 -0.897663 -3.027270 -1.609203 2.426147 -0.039151 2.810758 -0.391568 0.992102 0.783002 -0.772530 10.150899 -1.395678 -0.243241 0.605322 4.073014
1 inf -9.150133 -0.680194 -0.882245 -2.996258 -1.619126 2.449946 -0.024694 2.821669 -0.384400 0.982428 0.815429 -0.761266 10.140594 -1.361839 -0.237706 0.609001 4.058696
1 inf -9.165898 -0.643987 -0.865361 -3.022940 -1.633083 2.461110 -0.026546 2.829524 -0.390076 0.996229 0.828701 -0.771845 10.172327 -1.382377 -0.255578 0.604773 4.037758
1 inf -9.180024 -0.651210 -0.876529 -3.028865 -1.621081 2.507073 -0.061006 2.830412 -0.382736 0.989664 0.810280 -0.792150 10.221211 -1.373255 -0.269428 0.621958 4.037844
1 inf -9.151622 -0.662757 -0.910104 -2.993002 -1.623693 2.539369 -0.100172 2.811713 -0.398092 0.987851 0.785447 -0.781371 10.222301 -1.407421 -0.287474 0.612835 4.021009
1 inf -9.176366 -0.633201 -0.890048 -3.037981 -1.622354 2.528431 -0.115321 2.832978 -0.412948 0.983860 0.778182 -0.795777 10.237094 -1.378591 -0.258853 0.615284 4.017525
1 inf -9.175446 -0.649945 -0.931642 -3.050675 -1.573803 2.522794 -0.087326 2.840377 -0.391555 0.978909 0.785078 -0.784047 10.254454 -1.392870 -0.259435 0.627610 4.025474
1 inf -9.163202 -0.660295 -0.958848 -3.048748 -1.531662 2.515992 -0.067423 2.849706 -0.411059 0.986282 0.789004 -0.826110 10.269745 -1.407305 -0.270804 0.596627 4.027904
1 inf -9.172974 -0.671432 -0.957460 -3.051930 -1.519141 2.504305 -0.095404 2.832362 -0.373759 0.978137 0.823467 -0.841305 10.283006 -1.457828 -0.299523 0.611153 4.023269
1 inf -9.197841 -0.689548 -0.935148 -3.080841 -1.539223 2.524980 -0.098573 2.843823 -0.396897 0.984236 0.824096 -0.873656 10.254863 -1.452215 -0.293159 0.592872 3.996406
1 inf -9.201268 -0.712379 -0.934397 -3.077477 -1.486657 2.527348 -0.063294 2.844145 -0.390382 0.969237 0.827813 -0.872336 10.284277 -1.445041 -0.291877 0.569088 4.007828
1 inf -9.196458 -0.717993 -0.912100 -3.084832 -1.460521 2.507705 -0.065051 2.850615 -0.386657 0.993686 0.842220 -0.872142 10.286335 -1.417281 -0.246976 0.544789 4.012629
1 inf -9.188705 -0.695527 -0.887406 -3.081320 -1.444339 2.483490 -0.064285 2.858184 -0.383727 0.968239 0.805929 -0.881374 10.274751 -1.419348 -0.281747 0.539697 4.008624
1 inf -9.176629 -0.699689 -0.874525 -3.084929 -1.448379 2.501985 -0.107724 2.824200 -0.426701 0.955144 0.791820 -0.894567 10.285635 -1.428838 -0.276198 0.515921 4.026104
1 inf -9.205865 -0.693472 -0.910890 -3.073017 -1.433802 2.528157 -0.080241 2.825014 -0.430693 0.955134 0.772833 -0.850258 10.309853 -1.465002 -0.282334 0.494023 4.034602
1 inf -9.206914 -0.671170 -0.904299 -3.067979 -1.425229 2.543566 -0.055233 2.807004 -0.371611 0.975458 0.753974 -0.836302 10.314497 -1.473737 -0.268105 0.500385 4.012898
1 inf -9.207464 -0.687516 -0.924248 -3.098190 -1.431349 2.545085 -0.055786 2.803175 -0.337144 0.960008 0.762923 -0.834654 10.291948 -1.442724 -0.237609 0.508696 3.975917
1 inf -9.213728 -0.728763 -0.914390 -3.102759 -1.466194 2.577369 -0.037469 2.833175 -0.359015 0.982212 0.758927 -0.827990 10.301042 -1.441966 -0.208892 0.514137 3.967218
1 inf -9.253192 -0.724258 -0.897379 -3.085080 -1.436452 2.562087 -0.087343 2.851110 -0.403475 0.980466 0.746305 -0.837229 10.324136 -1.460995 -0.220878 0.499303 3.969635
1 inf -9.280534 -0.716604 -0.881042 -3.105759 -1.441876 2.548593 -0.054866 2.867606 -0.394271 0.953950 0.759458 -0.841886 10.319821 -1.438252 -0.213270 0.541592 3.995860
1 inf -9.278858 -0.741797 -0.874072 -3.118532 -1.438893 2.536468 -0.025594 2.874253 -0.429728 0.958036 0.771987 -0.824709 10.334137 -1.430945 -0.194099 0.562686 3.927745
1 inf -9.282611 -0.776625 -0.854605 -3.088526 -1.427682 2.546815 0.007314 2.867349 -0.427677 0.966612 0.775836 -0.843964 10.353170 -1.400595 -0.202636 0.561958 3.904668
1 inf -9.291332 -0.787145 -0.836239 -3.068626 -1.465604 2.531708 0.017869 2.869394 -0.404372 0.948995 0.772046 -0.843211 10.356224 -1.432734 -0.171844 0.552215 3.931265
1 inf -9.286162 -0.797478 -0.817057 -3.064132 -1.474527 2.501704 0.044758 2.854403 -0.395475 0.980399 0.808551 -0.851377 10.363884 -1.434641 -0.186912 0.601039 3.935198
1 inf -9.306843 -0.768925 -0.843621 -3.084751 -1.455807 2.519575 0.047280 2.876351 -0.422621 0.982793 0.813107 -0.842624 10.378951 -1.425919 -0.200292 0.615390 3.929094
1 inf -9.295176 -0.764427 -0.855981 -3.123895 -1.458393 2.507713 0.031857 2.892739 -0.422086 0.942715 0.820969 -0.867934 10.354763 -1.400888 -0.227291 0.628039 3.967415
1 inf -9.274603 -0.731033 -0.851529 -3.123331 -1.434302 2.491533 0.064108 2.872140 -0.358715 0.909347 0.826352 -0.874055 10.395681 -1.382512 -0.259597 0.626129 3.948190
1 inf -9.271390 -0.729639 -0.886757 -3.123635 -1.422915 2.498360 0.070996 2.848008 -0.427090 0.893866 0.808334 -0.828322 10.410441 -1.386066 -0.270946 0.624559 3.932384
1 inf -9.293083 -0.742396 -0.877409 -3.117204 -1.418127 2.511783 0.082848 2.840056 -0.429767 0.887705 0.800788 -0.795412 10.396702 -1.382104 -0.274233 0.615482 3.937090
1 inf -9.337138 -0.737923 -0.870376 -3.122818 -1.408240 2.530726 0.093114 2.871141 -0.436435 0.883295 0.790963 -0.792247 10.390699 -1.404679 -0.237207 0.621939 3.939308
1 inf -9.355747 -0.763767 -0.873276 -3.144463 -1.400034 2.504486 0.107639 2.897103 -0.438996 0.871954 0.795229 -0.782942 10.405174 -1.405421 -0.247931 0.615106 3.922965
1 inf -9.347994 -0.741301 -0.848582 -3.140951 -1.383852 2.480271 0.108405 2.904672 -0.436066 0.887679 0.823083 -0.808389 10.368883 -1.414653 -0.259515 0.613039 3.888194
1 inf -9.319635 -0.744996 -0.835824 -3.138874 -1.338189 2.483983 0.092262 2.926677 -0.459662 0.901589 0.784739 -0.731270 10.370126 -1.401596 -0.210574 0.615859 3.874862
1 inf -9.340182 -0.721068 -0.861121 -3.132640 -1.377162 2.462433 0.063947 2.932890 -0.431794 0.932876 0.781096 -0.734857 10.363443 -1.417504 -0.213110 0.636886 3.896072
1 inf -9.339362 -0.711695 -0.881658 -3.099528 -1.332506 2.449799 0.039471 2.968428 -0.427525 0.928946 0.756216 -0.698061 10.354430 -1.393557 -0.249108 0.653525 3.899188
1 inf -9.327426 -0.687577 -0.868104 -3.132204 -1.323823 2.482528 0.008344 2.994506 -0.417516 0.929878 0.734745 -0.728531 10.377995 -1.400118 -0.231793 0.631507 3.882948
1 inf -9.333854 -0.634741 -0.841684 -3.126710 -1.294774 2.485057 0.001145 2.987512 -0.399675 0.923707 0.714147 -0.737623 10.372133 -1.352589 -0.250249 0.687913 3.896495
1 inf -9.319570 -0.613103 -0.876894 -3.130623 -1.287203 2.464027 0.003181 2.961320 -0.428297 0.954775 0.699922 -0.763541 10.353993 -1.337004 -0.267333 0.680774 3.937731
1 inf -9.332258 -0.582945 -0.886454 -3.121306 -1.307764 2.501607 -0.004707 2.973280 -0.434526 0.995259 0.663257 -0.758963 10.355766 -1.342813 -0.271883 0.691143 3.951875
1 inf -9.358974 -0.593000 -0.894881 -3.141120 -1.272609 2.517378 0.003162 2.973501 -0.446290 0.985584 0.672604 -0.783152 10.342640 -1.325252 -0.269089 0.702604 3.930736
1 inf -9.352635 -0.597579 -0.896850 -3.163477 -1.281954 2.562409 0.007455 2.976097 -0.470089 0.963672 0.673538 -0.790749 10.342581 -1.291025 -0.271119 0.693376 3.936911
1 inf -9.336355 -0.628696 -0.923412 -3.171738 -1.278667 2.591027 0.023942 2.965800 -0.451682 0.951940 0.705637 -0.824782 10.338806 -1.231021 -0.271692 0.656820 3.951675
1 inf -9.324534 -0.634866 -0.965087 -3.174059 -1.230764 2.613880 0.011555 2.968123 -0.445224 0.911035 0.700000 -0.834441 10.353354 -1.209963 -0.278826 0.648289 3.945100
1 inf -9.335012 -0.635218 -0.958525 -3.186973 -1.253495 2.590792 0.019057 2.959292 -0.442869 0.929047 0.694050 -0.840271 10.352302 -1.243659 -0.308102 0.664924 3.943472
1 inf -9.344458 -0.673215 -0.977659 -3.208426 -1.278224 2.586912 0.013311 2.969673 -0.445745 0.915999 0.674129 -0.864592 10.345466 -1.226979 -0.279763 0.679725 3.936280
1 inf -9.299404 -0.645633 -0.966082 -3.177031 -1.281603 2.583841 -0.008087 2.987942 -0.453097 0.945884 0.715856 -0.898145 10.363712 -1.236569 -0.274759 0.678333 3.941217
1 inf -9.298845 -0.595623 -0.966907 -3.181794 -1.294560 2.556807 0.002522 2.983316 -0.462371 0.990321 0.692418 -0.910676 10.345308 -1.227024 -0.284134 0.659247 3.958461
1 inf -9.307533 -0.612951 -0.945049 -3.121784 -1.261533 2.587537 -0.015617 2.996688 -0.471459 0.954574 0.698209 -0.925820 10.345327 -1.230583 -0.271887 0.658377 3.925779
1 inf -9.309431 -0.616529 -0.919382 -3.099192 -1.236028 2.577764 -0.012537 2.994874 -0.483528 0.896290 0.665086 -0.940878 10.372395 -1.217492 -0.346321 0.656755 3.886671
1 inf -9.301678 -0.594063 -0.894688 -3.095680 -1.219846 2.553549 -0.011771 2.997804 -0.467803 0.924144 0.639639 -0.977169 10.363163 -1.229076 -0.348388 0.621984 3.881579
1 inf -9.298582 -0.581055 -0.866286 -3.087502 -1.191386 2.580571 -0.025294 2.984016 -0.463633 0.943206 0.633040 -0.971572 10.378916 -1.242655 -0.349180 0.640327 3.860963
1 inf -9.295464 -0.583147 -0.873226 -3.097313 -1.197816 2.573859 -0.062869 2.986314 -0.446591 0.951239 0.610062 -0.957229 10.377712 -1.257671 -0.324220 0.608224 3.844106
1 inf -9.291545 -0.592559 -0.843387 -3.118609 -1.233859 2.567431 -0.057548 2.982802 -0.469451 0.943987 0.611168 -0.942015 10.379195 -1.237516 -0.330054 0.609425 3.845786
1 inf -9.234834 -0.601010 -0.810265 -3.132677 -1.271005 2.565065 -0.076154 2.992490 -0.474773 0.949093 0.653811 -0.938122 10.369997 -1.228054 -0.312373 0.607495 3.862535
1 inf -9.243862 -0.614919 -0.808729 -3.142701 -1.251695 2.605052 -0.080721 2.954549 -0.467527 0.939996 0.641014 -0.921628 10.382786 -1.217524 -0.330872 0.613083 3.841992
1 inf -9.215072 -0.629697 -0.827052 -3.165680 -1.254115 2.598549 -0.101669 2.939550 -0.452137 0.924808 0.630836 -0.938288 10.365927 -1.216388 -0.319023 0.559601 3.796619
1 inf -9.210488 -0.632109 -0.829999 -3.160230 -1.289172 2.596779 -0.103471 2.952864 -0.452393 0.907288 0.651866 -0.909452 10.398995 -1.225557 -0.323155 0.577910 3.830163
1 inf -9.186953 -0.638804 -0.825235 -3.124904 -1.279539 2.598996 -0.123277 2.965298 -0.451177 0.904629 0.668199 -0.907587 10.395377 -1.203640 -0.341888 0.575152 3.829329
1 inf -9.157210 -0.627184 -0.810078 -3.120663 -1.288233 2.610735 -0.145682 2.968537 -0.459152 0.892027 0.679590 -0.886533 10.441783 -1.230610 -0.383308 0.559520 3.795588
1 inf -9.165605 -0.613477 -0.750908 -3.100362 -1.316932 2.599521 -0.125727 2.959452 -0.436083 0.855260 0.651636 -0.877608 10.474578 -1.245381 -0.352870 0.531523 3.761002
1 inf -9.168773 -0.656436 -0.742337 -3.082602 -1.302693 2.611761 -0.129755 2.955986 -0.452807 0.828509 0.653043 -0.846966 10.453977 -1.234372 -0.357718 0.481336 3.756891
1 inf -9.161020 -0.633970 -0.717643 -3.079090 -1.286511 2.587546 -0.128989 2.963555 -0.449877 0.844234 0.680897 -0.872413 10.417686 -1.243604 -0.369302 0.479269 3.722120
1 inf -9.152196 -0.648147 -0.721160 -3.040470 -1.271750 2.556363 -0.114131 2.960866 -0.458583 0.872924 0.687912 -0.885718 10.380788 -1.252099 -0.394689 0.518173 3.732949
1 inf -9.145994 -0.626205 -0.725813 -3.054887 -1.264524 2.548200 -0.108793 2.945454 -0.488569 0.870792 0.693193 -0.885298 10.390503 -1.293921 -0.371445 0.500141 3.729712
1 inf -9.119331 -0.659295 -0.686756 -3.039686 -1.262582 2.565196 -0.147273 2.967051 -0.495255 0.878423 0.732277 -0.889978 10.373123 -1.252669 -0.398680 0.501602 3.726336
1 inf -9.106079 -0.685903 -0.697142 -3.028093 -1.251802 2.553920 -0.147795 2.978734 -0.471946 0.882511 0.745993 -0.910838 10.367179 -1.241557 -0.396495 0.487648 3.751648
1 inf -9.132567 -0.661578 -0.695085 -3.006272 -1.305670 2.587413 -0.137628 2.986389 -0.468452 0.905871 0.737366 -0.920722 10.345552 -1.256805 -0.433306 0.445401 3.724912
1 inf -9.126019 -0.643053 -0.712895 -2.994839 -1.293851 2.571390 -0.110143 2.983358 -0.455802 0.904462 0.718629 -0.936381 10.310762 -1.232000 -0.425489 0.418699 3.738833
1 inf -9.150292 -0.661137 -0.693247 -3.029198 -1.284803 2.544447 -0.142234 2.952104 -0.461684 0.914185 0.719940 -0.961535 10.309536 -1.272076 -0.443162 0.393967 3.726612
1 inf -9.114543 -0.665204 -0.684235 -2.971831 -1.274359 2.581183 -0.164340 2.942432 -0.476513 0.869690 0.707819 -0.983992 10.306039 -1.259681 -0.469434 0.345198 3.709508
1 inf -9.124282 -0.644263 -0.704402 -2.968581 -1.284937 2.603045 -0.141769 2.934966 -0.444634 0.898118 0.698764 -0.970055 10.319008 -1.259934 -0.445755 0.371182 3.697696
1 inf -9.118224 -0.660514 -0.732035 -2.961766 -1.274515 2.610133 -0.134859 2.878345 -0.470665 0.908381 0.722377 -0.994890 10.335709 -1.255381 -0.445474 0.377669 3.715391
1 inf -9.154382 -0.616241 -0.755573 -2.969218 -1.261075 2.628201 -0.147545 2.866783 -0.431416 0.925574 0.720730 -0.962975 10.329131 -1.233391 -0.419981 0.403910 3.705807
1 inf -9.184538 -0.649429 -0.769167 -2.983796 -1.265056 2.625640 -0.126376 2.866403 -0.443110 0.922854 0.784483 -0.977962 10.330937 -1.241995 -0.421258 0.424325 3.716496
1 inf -9.186839 -0.657898 -0.769224 -2.989804 -1.231273 2.606384 -0.129940 2.850676 -0.472659 0.918910 0.781911 -0.986117 10.297816 -1.223911 -0.428258 0.428099 3.672900
1 inf -9.184528 -0.658712 -0.773319 -2.982994 -1.227758 2.615222 -0.149275 2.833997 -0.487270 0.903407 0.811203 -0.958577 10.282000 -1.217210 -0.384674 0.421775 3.695024
1 inf -9.200966 -0.683898 -0.793480 -2.986311 -1.230748 2.621808 -0.158015 2.857939 -0.456697 0.834378 0.828271 -0.974115 10.265076 -1.215634 -0.409176 0.393750 3.683265
1 inf -9.202556 -0.702551 -0.804919 -2.992921 -1.225831 2.615507 -0.162987 2.822074 -0.444598 0.850802 0.766871 -0.991920 10.242951 -1.201514 -0.393483 0.399242 3.685835
1 inf -9.198195 -0.701470 -0.775837 -3.027535 -1.233800 2.627133 -0.195254 2.817693 -0.387451 0.877191 0.764534 -0.980769 10.223261 -1.198950 -0.433718 0.433024 3.707945
1 inf -9.216927 -0.727247 -0.761961 -3.022539 -1.233148 2.646875 -0.179396 2.852455 -0.385302 0.892000 0.759265 -0.947855 10.244739 -1.229842 -0.449770 0.432366 3.736890
1 inf -9.209174 -0.704781 -0.737267 -3.019027 -1.216966 2.622660 -0.178630 2.860024 -0.382372 0.907725 0.787119 -0.973302 10.208448 -1.239074 -0.461354 0.430299 3.702119
1 inf -9.205250 -0.703001 -0.763928 -3.019405 -1.236599 2.603723 -0.162309 2.874174 -0.349599 0.901355 0.785185 -0.966652 10.197138 -1.263378 -0.447723 0.408893 3.720947
1 inf -9.198735 -0.708950 -0.733947 -3.010044 -1.247134 2.625447 -0.177811 2.846133 -0.344289 0.922908 0.769174 -0.956402 10.186495 -1.253077 -0.477417 0.424126 3.661400
1 inf -9.167599 -0.654214 -0.734132 -3.008894 -1.259541 2.609839 -0.168742 2.802690 -0.326571 0.925846 0.782264 -0.949594 10.186009 -1.285444 -0.456439 0.462473 3.679256
1 inf -9.151708 -0.664103 -0.709165 -3.046820 -1.244760 2.599203 -0.192850 2.852501 -0.331667 0.902602 0.817527 -0.950645 10.174847 -1.316872 -0.454643 0.501801 3.686646
1 inf -9.143317 -0.682228 -0.717292 -3.058721 -1.220080 2.624125 -0.209599 2.819390 -0.328005 0.889584 0.827321 -0.949127 10.181890 -1.293530 -0.442009 0.470109 3.705207
1 inf -9.130077 -0.706720 -0.721642 -3.079435 -1.222194 2.595804 -0.209009 2.808726 -0.386169 0.862601 0.821114 -0.923098 10.159844 -1.287717 -0.420979 0.451471 3.726564
1 inf -9.128577 -0.677886 -0.738923 -3.050843 -1.175001 2.565213 -0.215784 2.792033 -0.342218 0.828587 0.847016 -0.947472 10.178434 -1.294829 -0.462564 0.412201 3.733616
1 inf -9.119172 -0.668356 -0.725605 -3.029486 -1.215973 2.550836 -0.215395 2.776283 -0.339166 0.839957 0.845148 -0.951697 10.157414 -1.273595 -0.445710 0.429083 3.723838
1 inf -9.138581 -0.668977 -0.734295 -3.045375 -1.201576 2.552454 -0.241452 2.792832 -0.370855 0.886807 0.890951 -0.919335 10.163413 -1.260239 -0.447106 0.458013 3.714288
1 inf -9.150716 -0.684314 -0.730429 -3.045102 -1.213967 2.570966 -0.257463 2.777705 -0.364794 0.899989 0.874954 -0.899341 10.179579 -1.298613 -0.446658 0.455477 3.725830
1 inf -9.140507 -0.668318 -0.715613 -3.080037 -1.218654 2.527587 -0.267548 2.730155 -0.353983 0.882514 0.929555 -0.863861 10.212806 -1.293462 -0.426016 0.455368 3.683918
1 inf -9.143340 -0.677682 -0.706273 -3.092916 -1.228410 2.541797 -0.263758 2.744740 -0.390953 0.886452 0.924136 -0.886800 10.196776 -1.286658 -0.426200 0.453338 3.684134
1 inf -9.155635 -0.655013 -0.704672 -3.079548 -1.208254 2.551706 -0.290442 2.749065 -0.409172 0.874212 0.952986 -0.892194 10.178625 -1.296852 -0.448653 0.428097 3.712342
1 inf -9.163252 -0.638266 -0.689031 -3.102310 -1.237404 2.554352 -0.291441 2.730926 -0.411888 0.879817 0.951592 -0.887268 10.175441 -1.307755 -0.443597 0.430273 3.675741
1 inf -9.133770 -0.640180 -0.678489 -3.105904 -1.257607 2.522207 -0.278646 2.732912 -0.396899 0.873414 0.891692 -0.868102 10.200076 -1.304384 -0.418304 0.419001 3.697681
1 inf -9.108676 -0.597904 -0.679274 -3.110142 -1.248838 2.547250 -0.309318 2.704181 -0.393468 0.874785 0.902359 -0.858129 10.205521 -1.305293 -0.419939 0.439382 3.719630
1 inf -9.136253 -0.588053 -0.673168 -3.092604 -1.254206 2.557269 -0.342716 2.659125 -0.412322 0.804580 0.936393 -0.867775 10.202730 -1.249271 -0.391234 0.438483 3.715559
1 inf -9.133304 -0.604731 -0.658195 -3.100959 -1.217730 2.599543 -0.347096 2.658558 -0.397071 0.786414 0.903160 -0.870544 10.199829 -1.239491 -0.417088 0.426007 3.748060
1 inf -9.125551 -0.582265 -0.633501 -3.097447 -1.201548 2.575328 -0.346330 2.666127 -0.394141 0.802139 0.931014 -0.895991 10.163538 -1.248723 -0.428672 0.423940 3.713289
1 inf -9.085247 -0.572343 -0.684246 -3.096060 -1.212562 2.560850 -0.304939 2.688048 -0.378075 0.808930 0.926785 -0.906199 10.205142 -1.248876 -0.432423 0.424825 3.715444
1 inf -9.123386 -0.570295 -0.682945 -3.052384 -1.259879 2.545973 -0.302816 2.689733 -0.367044 0.792705 0.922747 -0.917687 10.217036 -1.238155 -0.458973 0.435360 3.721545
1 inf -9.104848 -0.601669 -0.688294 -3.074161 -1.267365 2.523001 -0.300656 2.692457 -0.410345 0.810280 0.903590 -0.940518 10.244416 -1.246382 -0.451861 0.450113 3.727733
