1 170.87266 -8.702202 -0.971815 -0.278819 -2.274483 -1.389481 3.410199 0.203198 2.509855 0.176146 0.579761 2.307055 0.124369 10.486201 -0.736230 -0.272440 0.184378 3.659977
1 160.51725 -8.715024 -0.941177 -0.289887 -2.285432 -1.387536 3.431431 0.187988 2.532817 0.213529 0.564480 2.337947 0.139366 10.488283 -0.791113 -0.268465 0.159156 3.719811
1 160.51725 -8.715024 -0.941177 -0.289887 -2.285432 -1.387536 3.431431 0.187988 2.532817 0.213529 0.564480 2.337947 0.139366 10.488283 -0.791113 -0.268465 0.159156 3.719811
1 160.42295 -8.732208 -0.969448 -0.273040 -2.313652 -1.356507 3.434844 0.194452 2.543769 0.201579 0.535721 2.314216 0.153034 10.484552 -0.801838 -0.229767 0.172099 3.738374
1 160.42295 -8.732208 -0.969448 -0.273040 -2.313652 -1.356507 3.434844 0.194452 2.543769 0.201579 0.535721 2.314216 0.153034 10.484552 -0.801838 -0.229767 0.172099 3.738374
1 160.42295 -8.732208 -0.969448 -0.273040 -2.313652 -1.356507 3.434844 0.194452 2.543769 0.201579 0.535721 2.314216 0.153034 10.484552 -0.801838 -0.229767 0.172099 3.738374
1 160.42295 -8.732208 -0.969448 -0.273040 -2.313652 -1.356507 3.434844 0.194452 2.543769 0.201579 0.535721 2.314216 0.153034 10.484552 -0.801838 -0.229767 0.172099 3.738374
1 160.42295 -8.732208 -0.969448 -0.273040 -2.313652 -1.356507 3.434844 0.194452 2.543769 0.201579 0.535721 2.314216 0.153034 10.484552 -0.801838 -0.229767 0.172099 3.738374
1 157.89192 -8.729067 -0.959475 -0.289384 -2.306274 -1.359813 3.429203 0.228622 2.522299 0.218965 0.555833 2.302599 0.112806 10.454819 -0.756646 -0.236117 0.186656 3.730246
1 157.89192 -8.729067 -0.959475 -0.289384 -2.306274 -1.359813 3.429203 0.228622 2.522299 0.218965 0.555833 2.302599 0.112806 10.454819 -0.756646 -0.236117 0.186656 3.730246
1 152.38815 -8.709287 -0.944725 -0.265008 -2.277820 -1.364239 3.427428 0.224461 2.501407 0.224097 0.560500 2.291167 0.105794 10.454390 -0.788313 -0.221691 0.196134 3.762264
1 152.38815 -8.709287 -0.944725 -0.265008 -2.277820 -1.364239 3.427428 0.224461 2.501407 0.224097 0.560500 2.291167 0.105794 10.454390 -0.788313 -0.221691 0.196134 3.762264
1 152.38815 -8.709287 -0.944725 -0.265008 -2.277820 -1.364239 3.427428 0.224461 2.501407 0.224097 0.560500 2.291167 0.105794 10.454390 -0.788313 -0.221691 0.196134 3.762264
1 152.38815 -8.709287 -0.944725 -0.265008 -2.277820 -1.364239 3.427428 0.224461 2.501407 0.224097 0.560500 2.291167 0.105794 10.454390 -0.788313 -0.221691 0.196134 3.762264
1 152.38815 -8.709287 -0.944725 -0.265008 -2.277820 -1.364239 3.427428 0.224461 2.501407 0.224097 0.560500 2.291167 0.105794 10.454390 -0.788313 -0.221691 0.196134 3.762264
1 149.04305 -8.691624 -0.943146 -0.236340 -2.277394 -1.388861 3.430169 0.217271 2.496160 0.225827 0.582517 2.290061 0.129134 10.470956 -0.797502 -0.218762 0.187502 3.746615
1 149.04305 -8.691624 -0.943146 -0.236340 -2.277394 -1.388861 3.430169 0.217271 2.496160 0.225827 0.582517 2.290061 0.129134 10.470956 -0.797502 -0.218762 0.187502 3.746615
1 149.04305 -8.691624 -0.943146 -0.236340 -2.277394 -1.388861 3.430169 0.217271 2.496160 0.225827 0.582517 2.290061 0.129134 10.470956 -0.797502 -0.218762 0.187502 3.746615
1 149.04305 -8.691624 -0.943146 -0.236340 -2.277394 -1.388861 3.430169 0.217271 2.496160 0.225827 0.582517 2.290061 0.129134 10.470956 -0.797502 -0.218762 0.187502 3.746615
1 149.04305 -8.691624 -0.943146 -0.236340 -2.277394 -1.388861 3.430169 0.217271 2.496160 0.225827 0.582517 2.290061 0.129134 10.470956 -0.797502 -0.218762 0.187502 3.746615
1 149.04305 -8.691624 -0.943146 -0.236340 -2.277394 -1.388861 3.430169 0.217271 2.496160 0.225827 0.582517 2.290061 0.129134 10.470956 -0.797502 -0.218762 0.187502 3.746615
1 149.04305 -8.691624 -0.943146 -0.236340 -2.277394 -1.388861 3.430169 0.217271 2.496160 0.225827 0.582517 2.290061 0.129134 10.470956 -0.797502 -0.218762 0.187502 3.746615
1 144.39999 -8.655953 -0.955040 -0.262596 -2.269139 -1.358150 3.414476 0.221596 2.492288 0.225623 0.591905 2.304143 0.110172 10.439918 -0.804186 -0.216647 0.157570 3.706809
1 144.39999 -8.655953 -0.955040 -0.262596 -2.269139 -1.358150 3.414476 0.221596 2.492288 0.225623 0.591905 2.304143 0.110172 10.439918 -0.804186 -0.216647 0.157570 3.706809
1 144.39999 -8.655953 -0.955040 -0.262596 -2.269139 -1.358150 3.414476 0.221596 2.492288 0.225623 0.591905 2.304143 0.110172 10.439918 -0.804186 -0.216647 0.157570 3.706809
1 144.39999 -8.655953 -0.955040 -0.262596 -2.269139 -1.358150 3.414476 0.221596 2.492288 0.225623 0.591905 2.304143 0.110172 10.439918 -0.804186 -0.216647 0.157570 3.706809
1 144.39999 -8.655953 -0.955040 -0.262596 -2.269139 -1.358150 3.414476 0.221596 2.492288 0.225623 0.591905 2.304143 0.110172 10.439918 -0.804186 -0.216647 0.157570 3.706809
1 144.39999 -8.655953 -0.955040 -0.262596 -2.269139 -1.358150 3.414476 0.221596 2.492288 0.225623 0.591905 2.304143 0.110172 10.439918 -0.804186 -0.216647 0.157570 3.706809
1 144.39999 -8.655953 -0.955040 -0.262596 -2.269139 -1.358150 3.414476 0.221596 2.492288 0.225623 0.591905 2.304143 0.110172 10.439918 -0.804186 -0.216647 0.157570 3.706809
1 144.39999 -8.655953 -0.955040 -0.262596 -2.269139 -1.358150 3.414476 0.221596 2.492288 0.225623 0.591905 2.304143 0.110172 10.439918 -0.804186 -0.216647 0.157570 3.706809
1 144.39999 -8.655953 -0.955040 -0.262596 -2.269139 -1.358150 3.414476 0.221596 2.492288 0.225623 0.591905 2.304143 0.110172 10.439918 -0.804186 -0.216647 0.157570 3.706809
1 144.39999 -8.655953 -0.955040 -0.262596 -2.269139 -1.358150 3.414476 0.221596 2.492288 0.225623 0.591905 2.304143 0.110172 10.439918 -0.804186 -0.216647 0.157570 3.706809
1 144.39999 -8.655953 -0.955040 -0.262596 -2.269139 -1.358150 3.414476 0.221596 2.492288 0.225623 0.591905 2.304143 0.110172 10.439918 -0.804186 -0.216647 0.157570 3.706809
1 144.39999 -8.655953 -0.955040 -0.262596 -2.269139 -1.358150 3.414476 0.221596 2.492288 0.225623 0.591905 2.304143 0.110172 10.439918 -0.804186 -0.216647 0.157570 3.706809
1 144.39999 -8.655953 -0.955040 -0.262596 -2.269139 -1.358150 3.414476 0.221596 2.492288 0.225623 0.591905 2.304143 0.110172 10.439918 -0.804186 -0.216647 0.157570 3.706809
1 144.39999 -8.655953 -0.955040 -0.262596 -2.269139 -1.358150 3.414476 0.221596 2.492288 0.225623 0.591905 2.304143 0.110172 10.439918 -0.804186 -0.216647 0.157570 3.706809
1 144.39999 -8.655953 -0.955040 -0.262596 -2.269139 -1.358150 3.414476 0.221596 2.492288 0.225623 0.591905 2.304143 0.110172 10.439918 -0.804186 -0.216647 0.157570 3.706809
1 144.39999 -8.655953 -0.955040 -0.262596 -2.269139 -1.358150 3.414476 0.221596 2.492288 0.225623 0.591905 2.304143 0.110172 10.439918 -0.804186 -0.216647 0.157570 3.706809
1 144.39999 -8.655953 -0.955040 -0.262596 -2.269139 -1.358150 3.414476 0.221596 2.492288 0.225623 0.591905 2.304143 0.110172 10.439918 -0.804186 -0.216647 0.157570 3.706809
1 144.39999 -8.655953 -0.955040 -0.262596 -2.269139 -1.358150 3.414476 0.221596 2.492288 0.225623 0.591905 2.304143 0.110172 10.439918 -0.804186 -0.216647 0.157570 3.706809
1 144.39999 -8.655953 -0.955040 -0.262596 -2.269139 -1.358150 3.414476 0.221596 2.492288 0.225623 0.591905 2.304143 0.110172 10.439918 -0.804186 -0.216647 0.157570 3.706809
1 144.39999 -8.655953 -0.955040 -0.262596 -2.269139 -1.358150 3.414476 0.221596 2.492288 0.225623 0.591905 2.304143 0.110172 10.439918 -0.804186 -0.216647 0.157570 3.706809
1 144.39999 -8.655953 -0.955040 -0.262596 -2.269139 -1.358150 3.414476 0.221596 2.492288 0.225623 0.591905 2.304143 0.110172 10.439918 -0.804186 -0.216647 0.157570 3.706809
1 144.39999 -8.655953 -0.955040 -0.262596 -2.269139 -1.358150 3.414476 0.221596 2.492288 0.225623 0.591905 2.304143 0.110172 10.439918 -0.804186 -0.216647 0.157570 3.706809
1 144.39999 -8.655953 -0.955040 -0.262596 -2.269139 -1.358150 3.414476 0.221596 2.492288 0.225623 0.591905 2.304143 0.110172 10.439918 -0.804186 -0.216647 0.157570 3.706809
1 144.39999 -8.655953 -0.955040 -0.262596 -2.269139 -1.358150 3.414476 0.221596 2.492288 0.225623 0.591905 2.304143 0.110172 10.439918 -0.804186 -0.216647 0.157570 3.706809
1 144.39999 -8.655953 -0.955040 -0.262596 -2.269139 -1.358150 3.414476 0.221596 2.492288 0.225623 0.591905 2.304143 0.110172 10.439918 -0.804186 -0.216647 0.157570 3.706809
1 144.39999 -8.655953 -0.955040 -0.262596 -2.269139 -1.358150 3.414476 0.221596 2.492288 0.225623 0.591905 2.304143 0.110172 10.439918 -0.804186 -0.216647 0.157570 3.706809
1 144.39999 -8.655953 -0.955040 -0.262596 -2.269139 -1.358150 3.414476 0.221596 2.492288 0.225623 0.591905 2.304143 0.110172 10.439918 -0.804186 -0.216647 0.157570 3.706809
1 144.39999 -8.655953 -0.955040 -0.262596 -2.269139 -1.358150 3.414476 0.221596 2.492288 0.225623 0.591905 2.304143 0.110172 10.439918 -0.804186 -0.216647 0.157570 3.706809
1 144.39999 -8.655953 -0.955040 -0.262596 -2.269139 -1.358150 3.414476 0.221596 2.492288 0.225623 0.591905 2.304143 0.110172 10.439918 -0.804186 -0.216647 0.157570 3.706809
1 144.39999 -8.655953 -0.955040 -0.262596 -2.269139 -1.358150 3.414476 0.221596 2.492288 0.225623 0.591905 2.304143 0.110172 10.439918 -0.804186 -0.216647 0.157570 3.706809
1 144.39999 -8.655953 -0.955040 -0.262596 -2.269139 -1.358150 3.414476 0.221596 2.492288 0.225623 0.591905 2.304143 0.110172 10.439918 -0.804186 -0.216647 0.157570 3.706809
1 144.39999 -8.655953 -0.955040 -0.262596 -2.269139 -1.358150 3.414476 0.221596 2.492288 0.225623 0.591905 2.304143 0.110172 10.439918 -0.804186 -0.216647 0.157570 3.706809
1 143.18817 -8.627503 -0.961774 -0.233008 -2.276682 -1.346135 3.417245 0.264397 2.503290 0.199875 0.595435 2.284299 0.110074 10.462890 -0.793891 -0.211673 0.145743 3.758665
1 143.18817 -8.627503 -0.961774 -0.233008 -2.276682 -1.346135 3.417245 0.264397 2.503290 0.199875 0.595435 2.284299 0.110074 10.462890 -0.793891 -0.211673 0.145743 3.758665
1 143.18817 -8.627503 -0.961774 -0.233008 -2.276682 -1.346135 3.417245 0.264397 2.503290 0.199875 0.595435 2.284299 0.110074 10.462890 -0.793891 -0.211673 0.145743 3.758665
1 143.18817 -8.627503 -0.961774 -0.233008 -2.276682 -1.346135 3.417245 0.264397 2.503290 0.199875 0.595435 2.284299 0.110074 10.462890 -0.793891 -0.211673 0.145743 3.758665
1 143.18817 -8.627503 -0.961774 -0.233008 -2.276682 -1.346135 3.417245 0.264397 2.503290 0.199875 0.595435 2.284299 0.110074 10.462890 -0.793891 -0.211673 0.145743 3.758665
1 143.18817 -8.627503 -0.961774 -0.233008 -2.276682 -1.346135 3.417245 0.264397 2.503290 0.199875 0.595435 2.284299 0.110074 10.462890 -0.793891 -0.211673 0.145743 3.758665
1 141.69209 -8.635184 -0.993790 -0.231156 -2.245786 -1.396298 3.429032 0.246072 2.522881 0.179718 0.578029 2.249261 0.109785 10.464124 -0.764852 -0.214803 0.149161 3.736896
1 141.69209 -8.635184 -0.993790 -0.231156 -2.245786 -1.396298 3.429032 0.246072 2.522881 0.179718 0.578029 2.249261 0.109785 10.464124 -0.764852 -0.214803 0.149161 3.736896
1 141.69209 -8.635184 -0.993790 -0.231156 -2.245786 -1.396298 3.429032 0.246072 2.522881 0.179718 0.578029 2.249261 0.109785 10.464124 -0.764852 -0.214803 0.149161 3.736896
1 141.69209 -8.635184 -0.993790 -0.231156 -2.245786 -1.396298 3.429032 0.246072 2.522881 0.179718 0.578029 2.249261 0.109785 10.464124 -0.764852 -0.214803 0.149161 3.736896
1 141.69209 -8.635184 -0.993790 -0.231156 -2.245786 -1.396298 3.429032 0.246072 2.522881 0.179718 0.578029 2.249261 0.109785 10.464124 -0.764852 -0.214803 0.149161 3.736896
1 141.69209 -8.635184 -0.993790 -0.231156 -2.245786 -1.396298 3.429032 0.246072 2.522881 0.179718 0.578029 2.249261 0.109785 10.464124 -0.764852 -0.214803 0.149161 3.736896
1 141.69209 -8.635184 -0.993790 -0.231156 -2.245786 -1.396298 3.429032 0.246072 2.522881 0.179718 0.578029 2.249261 0.109785 10.464124 -0.764852 -0.214803 0.149161 3.736896
1 139.76971 -8.621296 -0.984291 -0.220385 -2.236576 -1.400973 3.440046 0.238071 2.527495 0.192840 0.598599 2.273894 0.134483 10.468440 -0.757939 -0.192932 0.203239 3.772623
1 139.76971 -8.621296 -0.984291 -0.220385 -2.236576 -1.400973 3.440046 0.238071 2.527495 0.192840 0.598599 2.273894 0.134483 10.468440 -0.757939 -0.192932 0.203239 3.772623
1 139.76971 -8.621296 -0.984291 -0.220385 -2.236576 -1.400973 3.440046 0.238071 2.527495 0.192840 0.598599 2.273894 0.134483 10.468440 -0.757939 -0.192932 0.203239 3.772623
1 139.76971 -8.621296 -0.984291 -0.220385 -2.236576 -1.400973 3.440046 0.238071 2.527495 0.192840 0.598599 2.273894 0.134483 10.468440 -0.757939 -0.192932 0.203239 3.772623
1 139.76971 -8.621296 -0.984291 -0.220385 -2.236576 -1.400973 3.440046 0.238071 2.527495 0.192840 0.598599 2.273894 0.134483 10.468440 -0.757939 -0.192932 0.203239 3.772623
1 139.76971 -8.621296 -0.984291 -0.220385 -2.236576 -1.400973 3.440046 0.238071 2.527495 0.192840 0.598599 2.273894 0.134483 10.468440 -0.757939 -0.192932 0.203239 3.772623
1 139.76971 -8.621296 -0.984291 -0.220385 -2.236576 -1.400973 3.440046 0.238071 2.527495 0.192840 0.598599 2.273894 0.134483 10.468440 -0.757939 -0.192932 0.203239 3.772623
1 139.76971 -8.621296 -0.984291 -0.220385 -2.236576 -1.400973 3.440046 0.238071 2.527495 0.192840 0.598599 2.273894 0.134483 10.468440 -0.757939 -0.192932 0.203239 3.772623
1 139.76971 -8.621296 -0.984291 -0.220385 -2.236576 -1.400973 3.440046 0.238071 2.527495 0.192840 0.598599 2.273894 0.134483 10.468440 -0.757939 -0.192932 0.203239 3.772623
1 139.76971 -8.621296 -0.984291 -0.220385 -2.236576 -1.400973 3.440046 0.238071 2.527495 0.192840 0.598599 2.273894 0.134483 10.468440 -0.757939 -0.192932 0.203239 3.772623
1 139.76971 -8.621296 -0.984291 -0.220385 -2.236576 -1.400973 3.440046 0.238071 2.527495 0.192840 0.598599 2.273894 0.134483 10.468440 -0.757939 -0.192932 0.203239 3.772623
1 139.76971 -8.621296 -0.984291 -0.220385 -2.236576 -1.400973 3.440046 0.238071 2.527495 0.192840 0.598599 2.273894 0.134483 10.468440 -0.757939 -0.192932 0.203239 3.772623
1 139.76971 -8.621296 -0.984291 -0.220385 -2.236576 -1.400973 3.440046 0.238071 2.527495 0.192840 0.598599 2.273894 0.134483 10.468440 -0.757939 -0.192932 0.203239 3.772623
1 139.76971 -8.621296 -0.984291 -0.220385 -2.236576 -1.400973 3.440046 0.238071 2.527495 0.192840 0.598599 2.273894 0.134483 10.468440 -0.757939 -0.192932 0.203239 3.772623
1 139.76971 -8.621296 -0.984291 -0.220385 -2.236576 -1.400973 3.440046 0.238071 2.527495 0.192840 0.598599 2.273894 0.134483 10.468440 -0.757939 -0.192932 0.203239 3.772623
1 139.76971 -8.621296 -0.984291 -0.220385 -2.236576 -1.400973 3.440046 0.238071 2.527495 0.192840 0.598599 2.273894 0.134483 10.468440 -0.757939 -0.192932 0.203239 3.772623
1 139.76971 -8.621296 -0.984291 -0.220385 -2.236576 -1.400973 3.440046 0.238071 2.527495 0.192840 0.598599 2.273894 0.134483 10.468440 -0.757939 -0.192932 0.203239 3.772623
1 139.76971 -8.621296 -0.984291 -0.220385 -2.236576 -1.400973 3.440046 0.238071 2.527495 0.192840 0.598599 2.273894 0.134483 10.468440 -0.757939 -0.192932 0.203239 3.772623
1 139.76971 -8.621296 -0.984291 -0.220385 -2.236576 -1.400973 3.440046 0.238071 2.527495 0.192840 0.598599 2.273894 0.134483 10.468440 -0.757939 -0.192932 0.203239 3.772623
1 139.76971 -8.621296 -0.984291 -0.220385 -2.236576 -1.400973 3.440046 0.238071 2.527495 0.192840 0.598599 2.273894 0.134483 10.468440 -0.757939 -0.192932 0.203239 3.772623
1 139.76971 -8.621296 -0.984291 -0.220385 -2.236576 -1.400973 3.440046 0.238071 2.527495 0.192840 0.598599 2.273894 0.134483 10.468440 -0.757939 -0.192932 0.203239 3.772623
1 139.76971 -8.621296 -0.984291 -0.220385 -2.236576 -1.400973 3.440046 0.238071 2.527495 0.192840 0.598599 2.273894 0.134483 10.468440 -0.757939 -0.192932 0.203239 3.772623
1 139.76971 -8.621296 -0.984291 -0.220385 -2.236576 -1.400973 3.440046 0.238071 2.527495 0.192840 0.598599 2.273894 0.134483 10.468440 -0.757939 -0.192932 0.203239 3.772623
1 139.76971 -8.621296 -0.984291 -0.220385 -2.236576 -1.400973 3.440046 0.238071 2.527495 0.192840 0.598599 2.273894 0.134483 10.468440 -0.757939 -0.192932 0.203239 3.772623
1 139.76971 -8.621296 -0.984291 -0.220385 -2.236576 -1.400973 3.440046 0.238071 2.527495 0.192840 0.598599 2.273894 0.134483 10.468440 -0.757939 -0.192932 0.203239 3.772623
1 139.76971 -8.621296 -0.984291 -0.220385 -2.236576 -1.400973 3.440046 0.238071 2.527495 0.192840 0.598599 2.273894 0.134483 10.468440 -0.757939 -0.192932 0.203239 3.772623
1 139.76971 -8.621296 -0.984291 -0.220385 -2.236576 -1.400973 3.440046 0.238071 2.527495 0.192840 0.598599 2.273894 0.134483 10.468440 -0.757939 -0.192932 0.203239 3.772623
1 139.76971 -8.621296 -0.984291 -0.220385 -2.236576 -1.400973 3.440046 0.238071 2.527495 0.192840 0.598599 2.273894 0.134483 10.468440 -0.757939 -0.192932 0.203239 3.772623
1 139.76971 -8.621296 -0.984291 -0.220385 -2.236576 -1.400973 3.440046 0.238071 2.527495 0.192840 0.598599 2.273894 0.134483 10.468440 -0.757939 -0.192932 0.203239 3.772623
1 139.76971 -8.621296 -0.984291 -0.220385 -2.236576 -1.400973 3.440046 0.238071 2.527495 0.192840 0.598599 2.273894 0.134483 10.468440 -0.757939 -0.192932 0.203239 3.772623
1 139.76971 -8.621296 -0.984291 -0.220385 -2.236576 -1.400973 3.440046 0.238071 2.527495 0.192840 0.598599 2.273894 0.134483 10.468440 -0.757939 -0.192932 0.203239 3.772623
1 139.76971 -8.621296 -0.984291 -0.220385 -2.236576 -1.400973 3.440046 0.238071 2.527495 0.192840 0.598599 2.273894 0.134483 10.468440 -0.757939 -0.192932 0.203239 3.772623
1 139.76971 -8.621296 -0.984291 -0.220385 -2.236576 -1.400973 3.440046 0.238071 2.527495 0.192840 0.598599 2.273894 0.134483 10.468440 -0.757939 -0.192932 0.203239 3.772623
1 139.76971 -8.621296 -0.984291 -0.220385 -2.236576 -1.400973 3.440046 0.238071 2.527495 0.192840 0.598599 2.273894 0.134483 10.468440 -0.757939 -0.192932 0.203239 3.772623
1 139.76971 -8.621296 -0.984291 -0.220385 -2.236576 -1.400973 3.440046 0.238071 2.527495 0.192840 0.598599 2.273894 0.134483 10.468440 -0.757939 -0.192932 0.203239 3.772623
1 139.76971 -8.621296 -0.984291 -0.220385 -2.236576 -1.400973 3.440046 0.238071 2.527495 0.192840 0.598599 2.273894 0.134483 10.468440 -0.757939 -0.192932 0.203239 3.772623
1 139.76971 -8.621296 -0.984291 -0.220385 -2.236576 -1.400973 3.440046 0.238071 2.527495 0.192840 0.598599 2.273894 0.134483 10.468440 -0.757939 -0.192932 0.203239 3.772623
1 139.76971 -8.621296 -0.984291 -0.220385 -2.236576 -1.400973 3.440046 0.238071 2.527495 0.192840 0.598599 2.273894 0.134483 10.468440 -0.757939 -0.192932 0.203239 3.772623
1 139.76971 -8.621296 -0.984291 -0.220385 -2.236576 -1.400973 3.440046 0.238071 2.527495 0.192840 0.598599 2.273894 0.134483 10.468440 -0.757939 -0.192932 0.203239 3.772623
1 139.76971 -8.621296 -0.984291 -0.220385 -2.236576 -1.400973 3.440046 0.238071 2.527495 0.192840 0.598599 2.273894 0.134483 10.468440 -0.757939 -0.192932 0.203239 3.772623
1 139.76971 -8.621296 -0.984291 -0.220385 -2.236576 -1.400973 3.440046 0.238071 2.527495 0.192840 0.598599 2.273894 0.134483 10.468440 -0.757939 -0.192932 0.203239 3.772623
1 139.76971 -8.621296 -0.984291 -0.220385 -2.236576 -1.400973 3.440046 0.238071 2.527495 0.192840 0.598599 2.273894 0.134483 10.468440 -0.757939 -0.192932 0.203239 3.772623
1 139.76971 -8.621296 -0.984291 -0.220385 -2.236576 -1.400973 3.440046 0.238071 2.527495 0.192840 0.598599 2.273894 0.134483 10.468440 -0.757939 -0.192932 0.203239 3.772623
1 139.76971 -8.621296 -0.984291 -0.220385 -2.236576 -1.400973 3.440046 0.238071 2.527495 0.192840 0.598599 2.273894 0.134483 10.468440 -0.757939 -0.192932 0.203239 3.772623
1 139.76971 -8.621296 -0.984291 -0.220385 -2.236576 -1.400973 3.440046 0.238071 2.527495 0.192840 0.598599 2.273894 0.134483 10.468440 -0.757939 -0.192932 0.203239 3.772623
1 139.76971 -8.621296 -0.984291 -0.220385 -2.236576 -1.400973 3.440046 0.238071 2.527495 0.192840 0.598599 2.273894 0.134483 10.468440 -0.757939 -0.192932 0.203239 3.772623
1 139.76971 -8.621296 -0.984291 -0.220385 -2.236576 -1.400973 3.440046 0.238071 2.527495 0.192840 0.598599 2.273894 0.134483 10.468440 -0.757939 -0.192932 0.203239 3.772623
1 139.76971 -8.621296 -0.984291 -0.220385 -2.236576 -1.400973 3.440046 0.238071 2.527495 0.192840 0.598599 2.273894 0.134483 10.468440 -0.757939 -0.192932 0.203239 3.772623
1 139.76971 -8.621296 -0.984291 -0.220385 -2.236576 -1.400973 3.440046 0.238071 2.527495 0.192840 0.598599 2.273894 0.134483 10.468440 -0.757939 -0.192932 0.203239 3.772623
1 139.76971 -8.621296 -0.984291 -0.220385 -2.236576 -1.400973 3.440046 0.238071 2.527495 0.192840 0.598599 2.273894 0.134483 10.468440 -0.757939 -0.192932 0.203239 3.772623
1 139.76971 -8.621296 -0.984291 -0.220385 -2.236576 -1.400973 3.440046 0.238071 2.527495 0.192840 0.598599 2.273894 0.134483 10.468440 -0.757939 -0.192932 0.203239 3.772623
1 139.76971 -8.621296 -0.984291 -0.220385 -2.236576 -1.400973 3.440046 0.238071 2.527495 0.192840 0.598599 2.273894 0.134483 10.468440 -0.757939 -0.192932 0.203239 3.772623
1 139.76971 -8.621296 -0.984291 -0.220385 -2.236576 -1.400973 3.440046 0.238071 2.527495 0.192840 0.598599 2.273894 0.134483 10.468440 -0.757939 -0.192932 0.203239 3.772623
1 139.76971 -8.621296 -0.984291 -0.220385 -2.236576 -1.400973 3.440046 0.238071 2.527495 0.192840 0.598599 2.273894 0.134483 10.468440 -0.757939 -0.192932 0.203239 3.772623
1 139.76971 -8.621296 -0.984291 -0.220385 -2.236576 -1.400973 3.440046 0.238071 2.527495 0.192840 0.598599 2.273894 0.134483 10.468440 -0.757939 -0.192932 0.203239 3.772623
1 139.76971 -8.621296 -0.984291 -0.220385 -2.236576 -1.400973 3.440046 0.238071 2.527495 0.192840 0.598599 2.273894 0.134483 10.468440 -0.757939 -0.192932 0.203239 3.772623
1 139.76971 -8.621296 -0.984291 -0.220385 -2.236576 -1.400973 3.440046 0.238071 2.527495 0.192840 0.598599 2.273894 0.134483 10.468440 -0.757939 -0.192932 0.203239 3.772623
1 139.76971 -8.621296 -0.984291 -0.220385 -2.236576 -1.400973 3.440046 0.238071 2.527495 0.192840 0.598599 2.273894 0.134483 10.468440 -0.757939 -0.192932 0.203239 3.772623
1 139.76971 -8.621296 -0.984291 -0.220385 -2.236576 -1.400973 3.440046 0.238071 2.527495 0.192840 0.598599 2.273894 0.134483 10.468440 -0.757939 -0.192932 0.203239 3.772623
1 139.76971 -8.621296 -0.984291 -0.220385 -2.236576 -1.400973 3.440046 0.238071 2.527495 0.192840 0.598599 2.273894 0.134483 10.468440 -0.757939 -0.192932 0.203239 3.772623
1 139.76971 -8.621296 -0.984291 -0.220385 -2.236576 -1.400973 3.440046 0.238071 2.527495 0.192840 0.598599 2.273894 0.134483 10.468440 -0.757939 -0.192932 0.203239 3.772623
1 139.76971 -8.621296 -0.984291 -0.220385 -2.236576 -1.400973 3.440046 0.238071 2.527495 0.192840 0.598599 2.273894 0.134483 10.468440 -0.757939 -0.192932 0.203239 3.772623
1 139.76971 -8.621296 -0.984291 -0.220385 -2.236576 -1.400973 3.440046 0.238071 2.527495 0.192840 0.598599 2.273894 0.134483 10.468440 -0.757939 -0.192932 0.203239 3.772623
1 139.76971 -8.621296 -0.984291 -0.220385 -2.236576 -1.400973 3.440046 0.238071 2.527495 0.192840 0.598599 2.273894 0.134483 10.468440 -0.757939 -0.192932 0.203239 3.772623
1 139.76971 -8.621296 -0.984291 -0.220385 -2.236576 -1.400973 3.440046 0.238071 2.527495 0.192840 0.598599 2.273894 0.134483 10.468440 -0.757939 -0.192932 0.203239 3.772623
1 139.76971 -8.621296 -0.984291 -0.220385 -2.236576 -1.400973 3.440046 0.238071 2.527495 0.192840 0.598599 2.273894 0.134483 10.468440 -0.757939 -0.192932 0.203239 3.772623
1 139.76971 -8.621296 -0.984291 -0.220385 -2.236576 -1.400973 3.440046 0.238071 2.527495 0.192840 0.598599 2.273894 0.134483 10.468440 -0.757939 -0.192932 0.203239 3.772623
1 139.76971 -8.621296 -0.984291 -0.220385 -2.236576 -1.400973 3.440046 0.238071 2.527495 0.192840 0.598599 2.273894 0.134483 10.468440 -0.757939 -0.192932 0.203239 3.772623
1 139.76971 -8.621296 -0.984291 -0.220385 -2.236576 -1.400973 3.440046 0.238071 2.527495 0.192840 0.598599 2.273894 0.134483 10.468440 -0.757939 -0.192932 0.203239 3.772623
1 139.76971 -8.621296 -0.984291 -0.220385 -2.236576 -1.400973 3.440046 0.238071 2.527495 0.192840 0.598599 2.273894 0.134483 10.468440 -0.757939 -0.192932 0.203239 3.772623
1 139.76971 -8.621296 -0.984291 -0.220385 -2.236576 -1.400973 3.440046 0.238071 2.527495 0.192840 0.598599 2.273894 0.134483 10.468440 -0.757939 -0.192932 0.203239 3.772623
1 139.76971 -8.621296 -0.984291 -0.220385 -2.236576 -1.400973 3.440046 0.238071 2.527495 0.192840 0.598599 2.273894 0.134483 10.468440 -0.757939 -0.192932 0.203239 3.772623
1 139.76971 -8.621296 -0.984291 -0.220385 -2.236576 -1.400973 3.440046 0.238071 2.527495 0.192840 0.598599 2.273894 0.134483 10.468440 -0.757939 -0.192932 0.203239 3.772623
1 139.76971 -8.621296 -0.984291 -0.220385 -2.236576 -1.400973 3.440046 0.238071 2.527495 0.192840 0.598599 2.273894 0.134483 10.468440 -0.757939 -0.192932 0.203239 3.772623
1 139.76971 -8.621296 -0.984291 -0.220385 -2.236576 -1.400973 3.440046 0.238071 2.527495 0.192840 0.598599 2.273894 0.134483 10.468440 -0.757939 -0.192932 0.203239 3.772623
1 139.76971 -8.621296 -0.984291 -0.220385 -2.236576 -1.400973 3.440046 0.238071 2.527495 0.192840 0.598599 2.273894 0.134483 10.468440 -0.757939 -0.192932 0.203239 3.772623
1 139.76971 -8.621296 -0.984291 -0.220385 -2.236576 -1.400973 3.440046 0.238071 2.527495 0.192840 0.598599 2.273894 0.134483 10.468440 -0.757939 -0.192932 0.203239 3.772623
1 139.76971 -8.621296 -0.984291 -0.220385 -2.236576 -1.400973 3.440046 0.238071 2.527495 0.192840 0.598599 2.273894 0.134483 10.468440 -0.757939 -0.192932 0.203239 3.772623
1 139.76971 -8.621296 -0.984291 -0.220385 -2.236576 -1.400973 3.440046 0.238071 2.527495 0.192840 0.598599 2.273894 0.134483 10.468440 -0.757939 -0.192932 0.203239 3.772623
1 139.76971 -8.621296 -0.984291 -0.220385 -2.236576 -1.400973 3.440046 0.238071 2.527495 0.192840 0.598599 2.273894 0.134483 10.468440 -0.757939 -0.192932 0.203239 3.772623
1 139.76971 -8.621296 -0.984291 -0.220385 -2.236576 -1.400973 3.440046 0.238071 2.527495 0.192840 0.598599 2.273894 0.134483 10.468440 -0.757939 -0.192932 0.203239 3.772623
1 139.76971 -8.621296 -0.984291 -0.220385 -2.236576 -1.400973 3.440046 0.238071 2.527495 0.192840 0.598599 2.273894 0.134483 10.468440 -0.757939 -0.192932 0.203239 3.772623
1 139.76971 -8.621296 -0.984291 -0.220385 -2.236576 -1.400973 3.440046 0.238071 2.527495 0.192840 0.598599 2.273894 0.134483 10.468440 -0.757939 -0.192932 0.203239 3.772623
1 139.76971 -8.621296 -0.984291 -0.220385 -2.236576 -1.400973 3.440046 0.238071 2.527495 0.192840 0.598599 2.273894 0.134483 10.468440 -0.757939 -0.192932 0.203239 3.772623
1 139.76971 -8.621296 -0.984291 -0.220385 -2.236576 -1.400973 3.440046 0.238071 2.527495 0.192840 0.598599 2.273894 0.134483 10.468440 -0.757939 -0.192932 0.203239 3.772623
1 139.76971 -8.621296 -0.984291 -0.220385 -2.236576 -1.400973 3.440046 0.238071 2.527495 0.192840 0.598599 2.273894 0.134483 10.468440 -0.757939 -0.192932 0.203239 3.772623
1 139.76971 -8.621296 -0.984291 -0.220385 -2.236576 -1.400973 3.440046 0.238071 2.527495 0.192840 0.598599 2.273894 0.134483 10.468440 -0.757939 -0.192932 0.203239 3.772623
1 139.76971 -8.621296 -0.984291 -0.220385 -2.236576 -1.400973 3.440046 0.238071 2.527495 0.192840 0.598599 2.273894 0.134483 10.468440 -0.757939 -0.192932 0.203239 3.772623
1 139.76971 -8.621296 -0.984291 -0.220385 -2.236576 -1.400973 3.440046 0.238071 2.527495 0.192840 0.598599 2.273894 0.134483 10.468440 -0.757939 -0.192932 0.203239 3.772623
1 139.76971 -8.621296 -0.984291 -0.220385 -2.236576 -1.400973 3.440046 0.238071 2.527495 0.192840 0.598599 2.273894 0.134483 10.468440 -0.757939 -0.192932 0.203239 3.772623
1 139.76971 -8.621296 -0.984291 -0.220385 -2.236576 -1.400973 3.440046 0.238071 2.527495 0.192840 0.598599 2.273894 0.134483 10.468440 -0.757939 -0.192932 0.203239 3.772623
1 139.76971 -8.621296 -0.984291 -0.220385 -2.236576 -1.400973 3.440046 0.238071 2.527495 0.192840 0.598599 2.273894 0.134483 10.468440 -0.757939 -0.192932 0.203239 3.772623
1 139.76971 -8.621296 -0.984291 -0.220385 -2.236576 -1.400973 3.440046 0.238071 2.527495 0.192840 0.598599 2.273894 0.134483 10.468440 -0.757939 -0.192932 0.203239 3.772623
1 139.76971 -8.621296 -0.984291 -0.220385 -2.236576 -1.400973 3.440046 0.238071 2.527495 0.192840 0.598599 2.273894 0.134483 10.468440 -0.757939 -0.192932 0.203239 3.772623
1 139.76971 -8.621296 -0.984291 -0.220385 -2.236576 -1.400973 3.440046 0.238071 2.527495 0.192840 0.598599 2.273894 0.134483 10.468440 -0.757939 -0.192932 0.203239 3.772623
1 139.76971 -8.621296 -0.984291 -0.220385 -2.236576 -1.400973 3.440046 0.238071 2.527495 0.192840 0.598599 2.273894 0.134483 10.468440 -0.757939 -0.192932 0.203239 3.772623
1 139.76971 -8.621296 -0.984291 -0.220385 -2.236576 -1.400973 3.440046 0.238071 2.527495 0.192840 0.598599 2.273894 0.134483 10.468440 -0.757939 -0.192932 0.203239 3.772623
1 139.76971 -8.621296 -0.984291 -0.220385 -2.236576 -1.400973 3.440046 0.238071 2.527495 0.192840 0.598599 2.273894 0.134483 10.468440 -0.757939 -0.192932 0.203239 3.772623
1 139.76971 -8.621296 -0.984291 -0.220385 -2.236576 -1.400973 3.440046 0.238071 2.527495 0.192840 0.598599 2.273894 0.134483 10.468440 -0.757939 -0.192932 0.203239 3.772623
1 139.76971 -8.621296 -0.984291 -0.220385 -2.236576 -1.400973 3.440046 0.238071 2.527495 0.192840 0.598599 2.273894 0.134483 10.468440 -0.757939 -0.192932 0.203239 3.772623
