1 inf -9.499331 -0.760551 -0.506025 -2.033034 -1.847773 3.014361 -0.168687 2.257199 -0.646936 0.085602 1.782127 -0.788314 10.531777 -0.617087 -0.552429 0.160672 3.748808
1 inf -9.507412 -0.718629 -0.527266 -2.006542 -1.840169 3.022372 -0.142068 2.254538 -0.628215 0.099797 1.756893 -0.783550 10.543107 -0.615104 -0.512336 0.156447 3.735743
1 inf -9.460289 -0.745166 -0.497136 -1.988724 -1.825360 3.055744 -0.145805 2.271968 -0.640244 0.102587 1.739277 -0.770721 10.545270 -0.612189 -0.497696 0.161985 3.742477
1 inf -9.447076 -0.769609 -0.478950 -1.959720 -1.815742 3.082257 -0.127339 2.281994 -0.624320 0.102104 1.712390 -0.784633 10.557624 -0.653515 -0.488391 0.164656 3.735247
1 inf -9.413453 -0.778606 -0.489366 -1.970396 -1.800004 3.113812 -0.154437 2.301341 -0.627905 0.106355 1.705355 -0.806459 10.525993 -0.640503 -0.502572 0.137327 3.784100
1 inf -9.397372 -0.774248 -0.498201 -1.967875 -1.770941 3.120460 -0.149028 2.291809 -0.665005 0.125747 1.711054 -0.825775 10.559910 -0.611528 -0.471382 0.156932 3.810311
1 inf -9.419833 -0.771732 -0.493327 -1.960638 -1.728120 3.127780 -0.140755 2.264644 -0.620984 0.116640 1.737150 -0.851916 10.539440 -0.656953 -0.476623 0.188239 3.779427
1 inf -9.381899 -0.756243 -0.504166 -2.002451 -1.752661 3.097901 -0.169306 2.259353 -0.672008 0.108266 1.734264 -0.859701 10.519261 -0.651624 -0.461075 0.177699 3.787599
1 inf -9.391907 -0.743377 -0.507287 -1.995715 -1.744425 3.112645 -0.179584 2.265463 -0.642181 0.106554 1.754730 -0.836827 10.557861 -0.599033 -0.467559 0.193785 3.770538
1 inf -9.390093 -0.710648 -0.487600 -1.973942 -1.738731 3.128807 -0.144560 2.260336 -0.629318 0.134072 1.737465 -0.839674 10.546635 -0.565782 -0.459540 0.183913 3.811664
1 inf -9.384620 -0.710517 -0.493957 -1.953282 -1.718498 3.128815 -0.112769 2.254824 -0.615278 0.166329 1.745567 -0.818692 10.547751 -0.568305 -0.453403 0.162643 3.784048
1 inf -9.402919 -0.758890 -0.465169 -1.927535 -1.721902 3.087714 -0.119855 2.268931 -0.582647 0.181356 1.737490 -0.799141 10.557800 -0.553958 -0.474705 0.172914 3.804249
1 inf -9.423763 -0.743390 -0.467979 -1.941944 -1.729449 3.082502 -0.077505 2.249579 -0.579954 0.203850 1.712455 -0.795367 10.586583 -0.547163 -0.467187 0.177992 3.814515
1 inf -9.389838 -0.726523 -0.488791 -1.945174 -1.718838 3.078895 -0.087058 2.252261 -0.546817 0.215656 1.726422 -0.807796 10.598756 -0.512413 -0.424615 0.192941 3.804289
1 inf -9.398671 -0.699317 -0.439064 -1.954117 -1.710119 3.074886 -0.108413 2.299960 -0.544081 0.220436 1.786510 -0.800005 10.611040 -0.517174 -0.429272 0.189886 3.797661
1 inf -9.388497 -0.721501 -0.427113 -1.945305 -1.737995 3.075747 -0.125749 2.295610 -0.539694 0.199557 1.800469 -0.797261 10.614771 -0.551887 -0.456714 0.191710 3.823704
1 inf -9.362328 -0.709849 -0.417758 -1.959704 -1.720019 3.069513 -0.100520 2.317515 -0.516879 0.190346 1.775361 -0.738863 10.586573 -0.560115 -0.459886 0.179334 3.846291
1 inf -9.359680 -0.742541 -0.426811 -1.952684 -1.710127 3.072843 -0.111838 2.302391 -0.546943 0.183858 1.767814 -0.720036 10.589749 -0.554429 -0.462267 0.186895 3.854956
1 inf -9.364331 -0.736770 -0.407578 -1.931191 -1.711829 3.070910 -0.078205 2.297787 -0.534993 0.201973 1.767090 -0.719775 10.580002 -0.578994 -0.462565 0.188342 3.846366
1 inf -9.381353 -0.764289 -0.410734 -1.923876 -1.720479 3.062123 -0.089884 2.368601 -0.531203 0.227105 1.765209 -0.700864 10.591444 -0.582645 -0.478624 0.200321 3.806576
1 inf -9.411341 -0.763657 -0.381308 -1.929384 -1.710588 3.061928 -0.108778 2.367426 -0.521221 0.180435 1.716739 -0.669155 10.623477 -0.570499 -0.467558 0.226130 3.783663
1 inf -9.427936 -0.765305 -0.390166 -1.919262 -1.706672 3.051210 -0.131177 2.370248 -0.507366 0.216148 1.729839 -0.654634 10.591969 -0.539407 -0.457039 0.223892 3.791355
1 inf -9.400651 -0.738909 -0.417545 -1.899846 -1.706934 3.085751 -0.128178 2.366571 -0.489641 0.239316 1.730209 -0.690404 10.578854 -0.526409 -0.461738 0.248741 3.791125
1 inf -9.408258 -0.739403 -0.406617 -1.884313 -1.701608 3.075964 -0.114009 2.329111 -0.488571 0.310025 1.736021 -0.646490 10.614907 -0.536495 -0.448835 0.229510 3.768100
1 inf -9.422582 -0.759759 -0.436109 -1.907064 -1.708159 3.084002 -0.134992 2.330039 -0.493901 0.304521 1.739083 -0.624939 10.618911 -0.539915 -0.422732 0.255510 3.771481
1 inf -9.471068 -0.769813 -0.447871 -1.901904 -1.694280 3.100689 -0.141285 2.311947 -0.497974 0.286337 1.737841 -0.651360 10.635877 -0.541140 -0.420330 0.260705 3.739506
1 inf -9.499584 -0.740022 -0.458195 -1.903259 -1.703271 3.099739 -0.166608 2.318213 -0.499653 0.311296 1.772747 -0.618697 10.635235 -0.513744 -0.394305 0.270746 3.769839
1 inf -9.523133 -0.748665 -0.422483 -1.927098 -1.730463 3.068204 -0.165683 2.320816 -0.498526 0.276727 1.784793 -0.596407 10.609562 -0.537405 -0.349250 0.300798 3.821198
1 inf -9.525737 -0.749950 -0.397919 -1.902378 -1.717304 3.073435 -0.215053 2.347246 -0.509936 0.299025 1.764898 -0.615843 10.628810 -0.516698 -0.365885 0.325618 3.829535
1 inf -9.535534 -0.725648 -0.430526 -1.863925 -1.720632 3.082966 -0.208834 2.339383 -0.487687 0.301660 1.744931 -0.618273 10.646349 -0.524144 -0.380521 0.319365 3.846821
1 inf -9.524374 -0.719214 -0.405278 -1.875244 -1.708598 3.099223 -0.226056 2.319918 -0.481680 0.310836 1.737694 -0.623394 10.642315 -0.513124 -0.388175 0.307664 3.848307
1 inf -9.528376 -0.731017 -0.399525 -1.866587 -1.706834 3.092864 -0.245575 2.335917 -0.482635 0.301971 1.744202 -0.628779 10.648693 -0.548410 -0.406211 0.279061 3.816232
1 inf -9.544850 -0.730081 -0.431972 -1.863667 -1.722155 3.071612 -0.270108 2.338172 -0.501903 0.236798 1.760432 -0.601640 10.654314 -0.535393 -0.400590 0.240929 3.829052
1 inf -9.546851 -0.750506 -0.418339 -1.876502 -1.732946 3.120671 -0.264059 2.334517 -0.497404 0.267740 1.769811 -0.593437 10.620341 -0.536226 -0.377677 0.281716 3.856059
1 inf -9.553219 -0.739802 -0.436383 -1.898960 -1.697496 3.141651 -0.268941 2.367036 -0.472685 0.252255 1.777003 -0.563593 10.650131 -0.543364 -0.384348 0.296971 3.809105
1 inf -9.547363 -0.742587 -0.428429 -1.906059 -1.717522 3.114702 -0.267415 2.407394 -0.477144 0.216247 1.807107 -0.591419 10.666570 -0.559803 -0.390567 0.274477 3.765921
1 inf -9.561232 -0.754829 -0.421614 -1.902887 -1.733186 3.111616 -0.258292 2.454224 -0.448878 0.178089 1.834631 -0.591856 10.627080 -0.532372 -0.436137 0.272919 3.737361
1 inf -9.522960 -0.755110 -0.464784 -1.937324 -1.762275 3.103523 -0.249904 2.427886 -0.416844 0.186218 1.875634 -0.624950 10.672611 -0.535900 -0.408321 0.288190 3.715953
1 inf -9.527611 -0.749339 -0.445551 -1.915831 -1.763977 3.101590 -0.216271 2.423282 -0.404894 0.204333 1.874910 -0.624689 10.662864 -0.560465 -0.408619 0.289637 3.707363
1 inf -9.517278 -0.732148 -0.469235 -1.948149 -1.773192 3.079226 -0.206217 2.375758 -0.434868 0.183393 1.868042 -0.658350 10.675555 -0.513979 -0.403585 0.252556 3.717742
1 inf -9.530025 -0.731662 -0.522499 -1.908949 -1.762756 3.076220 -0.199798 2.397700 -0.441875 0.186605 1.792988 -0.643505 10.676398 -0.511817 -0.401082 0.243178 3.763112
1 inf -9.557605 -0.752071 -0.544088 -1.906882 -1.788455 3.062158 -0.176242 2.419888 -0.413974 0.224068 1.779907 -0.628734 10.678474 -0.534504 -0.405705 0.298681 3.751872
1 inf -9.552865 -0.748999 -0.517920 -1.943363 -1.794175 3.038993 -0.178309 2.444470 -0.416214 0.190996 1.771078 -0.672961 10.665120 -0.519440 -0.396960 0.288226 3.765004
1 inf -9.564497 -0.755977 -0.500304 -1.940053 -1.782851 3.060564 -0.170675 2.429553 -0.425391 0.208291 1.768546 -0.686342 10.647044 -0.522270 -0.409397 0.265109 3.749035
1 inf -9.538362 -0.746220 -0.513814 -1.921278 -1.745251 3.083282 -0.168880 2.436104 -0.440408 0.201956 1.764487 -0.691457 10.652301 -0.546981 -0.397481 0.251229 3.749172
1 inf -9.521379 -0.752085 -0.544326 -1.937991 -1.752761 3.093094 -0.178089 2.430023 -0.455383 0.207893 1.735583 -0.693110 10.647587 -0.523709 -0.431790 0.263622 3.777242
1 inf -9.516013 -0.725839 -0.511407 -1.974547 -1.752847 3.115912 -0.178531 2.420532 -0.469205 0.207829 1.731117 -0.687139 10.653108 -0.489141 -0.414631 0.261303 3.792135
1 inf -9.503591 -0.716439 -0.549929 -1.988697 -1.821559 3.091259 -0.158644 2.439593 -0.482467 0.221875 1.718615 -0.695468 10.679846 -0.486156 -0.402185 0.232382 3.799490
1 inf -9.511927 -0.705252 -0.545557 -1.980390 -1.871368 3.097353 -0.160691 2.456462 -0.493332 0.215446 1.705399 -0.680519 10.657832 -0.485831 -0.383728 0.235482 3.807644
1 inf -9.523113 -0.725505 -0.580149 -1.992793 -1.891315 3.110086 -0.131077 2.434644 -0.500974 0.226369 1.705121 -0.713369 10.667098 -0.477537 -0.379460 0.238738 3.796475
1 inf -9.489116 -0.713797 -0.556313 -1.971272 -1.889246 3.138598 -0.125604 2.445828 -0.514470 0.234384 1.674292 -0.722981 10.684467 -0.481986 -0.387356 0.241319 3.759623
1 inf -9.487590 -0.684381 -0.539483 -1.995182 -1.873739 3.145442 -0.142326 2.438316 -0.546940 0.188779 1.676195 -0.720298 10.681037 -0.481528 -0.369668 0.210531 3.795013
1 inf -9.468008 -0.663665 -0.523351 -1.951342 -1.894229 3.176702 -0.091176 2.424741 -0.513025 0.223692 1.679004 -0.720816 10.672140 -0.438518 -0.352443 0.208398 3.781831
1 inf -9.456056 -0.668517 -0.504784 -1.972030 -1.921005 3.201078 -0.071613 2.394226 -0.505217 0.245078 1.677623 -0.703407 10.646797 -0.444040 -0.349099 0.213887 3.802403
1 inf -9.457799 -0.679196 -0.470500 -2.018879 -1.945899 3.183826 -0.021842 2.409533 -0.548068 0.256809 1.682865 -0.687500 10.679910 -0.422550 -0.367777 0.185187 3.770145
1 inf -9.456838 -0.702092 -0.485681 -1.999956 -1.954810 3.145881 -0.007761 2.409628 -0.530671 0.236074 1.717155 -0.642041 10.667252 -0.415794 -0.375645 0.219800 3.791668
1 inf -9.486957 -0.698503 -0.467876 -1.971222 -1.953221 3.145049 -0.023792 2.388794 -0.545510 0.242144 1.685810 -0.627753 10.638276 -0.423773 -0.381722 0.223459 3.793901
1 inf -9.445942 -0.699888 -0.493189 -2.003140 -1.956576 3.137410 -0.009094 2.401493 -0.537011 0.230018 1.662403 -0.596761 10.649735 -0.406590 -0.393361 0.248482 3.774342
1 inf -9.450593 -0.694117 -0.473956 -1.981647 -1.958278 3.135477 0.024539 2.396889 -0.525061 0.248133 1.661679 -0.596500 10.639988 -0.431155 -0.393659 0.249929 3.765752
1 inf -9.434702 -0.691266 -0.461511 -1.963224 -1.964663 3.148480 0.076627 2.378903 -0.537501 0.260671 1.629439 -0.609635 10.665096 -0.436558 -0.452109 0.268154 3.780918
1 inf -9.441216 -0.712331 -0.491465 -1.948362 -1.939114 3.122653 0.061510 2.394633 -0.521254 0.255508 1.624909 -0.576073 10.654927 -0.439523 -0.448443 0.312030 3.797629
1 inf -9.446829 -0.673913 -0.495726 -1.929558 -1.941368 3.112402 0.094568 2.418656 -0.503804 0.266989 1.631938 -0.570137 10.665778 -0.414889 -0.467163 0.327863 3.821855
1 inf -9.467210 -0.655592 -0.522524 -1.903453 -1.957876 3.128081 0.107315 2.425754 -0.455907 0.231822 1.653333 -0.616801 10.642295 -0.388629 -0.463755 0.316708 3.812081
1 inf -9.458888 -0.662950 -0.485242 -1.920636 -1.983683 3.100654 0.115770 2.399065 -0.466265 0.241865 1.657360 -0.649579 10.642631 -0.413014 -0.484495 0.312276 3.835267
1 inf -9.419959 -0.653857 -0.477268 -1.917361 -1.999492 3.111761 0.114536 2.385364 -0.498220 0.246047 1.650135 -0.639981 10.615196 -0.408707 -0.490837 0.319020 3.852638
1 inf -9.439472 -0.618939 -0.465365 -1.901356 -1.959007 3.100886 0.165051 2.384336 -0.477753 0.236292 1.659583 -0.637812 10.590746 -0.412693 -0.522029 0.343091 3.824605
1 inf -9.452818 -0.576102 -0.447924 -1.877241 -1.928096 3.144192 0.171141 2.432452 -0.475000 0.230134 1.660279 -0.649852 10.562376 -0.378927 -0.497898 0.343390 3.800707
1 inf -9.461069 -0.573552 -0.442578 -1.852989 -1.966631 3.143574 0.131595 2.446140 -0.439100 0.187410 1.632593 -0.667842 10.577238 -0.376574 -0.544838 0.336538 3.828292
1 inf -9.439439 -0.601989 -0.435128 -1.863490 -1.934382 3.158438 0.150391 2.439435 -0.423076 0.171705 1.639233 -0.689852 10.616449 -0.348566 -0.588088 0.321892 3.798194
1 inf -9.429591 -0.608037 -0.429569 -1.909406 -1.956024 3.170241 0.174786 2.438158 -0.412903 0.181487 1.665894 -0.718690 10.597437 -0.338213 -0.600774 0.311356 3.809062
1 inf -9.439287 -0.617566 -0.416737 -1.882618 -1.961819 3.162464 0.168758 2.467057 -0.437364 0.154187 1.695319 -0.744686 10.588829 -0.346384 -0.598396 0.327889 3.821504
1 inf -9.433141 -0.644230 -0.445352 -1.904570 -1.976359 3.180444 0.182551 2.496806 -0.487205 0.132852 1.714850 -0.709586 10.606057 -0.363507 -0.569593 0.354488 3.790820
1 inf -9.423678 -0.680437 -0.423490 -1.880649 -1.992602 3.195402 0.171637 2.500661 -0.501515 0.144658 1.679267 -0.690525 10.647220 -0.381793 -0.592925 0.357506 3.802097
1 inf -9.437274 -0.677051 -0.391908 -1.906293 -1.987519 3.149466 0.188657 2.498524 -0.514234 0.165840 1.679816 -0.655673 10.681131 -0.359201 -0.596526 0.341152 3.790180
1 inf -9.463248 -0.645110 -0.375442 -1.939224 -1.981098 3.154110 0.119243 2.538310 -0.504299 0.194594 1.657528 -0.658092 10.689106 -0.356686 -0.613856 0.329860 3.771039
1 inf -9.479421 -0.615185 -0.364639 -1.930237 -1.985104 3.154645 0.114592 2.520712 -0.494266 0.170419 1.683506 -0.676819 10.682520 -0.376168 -0.581177 0.329991 3.790091
1 inf -9.494518 -0.621686 -0.338259 -1.933740 -1.973580 3.152876 0.102999 2.534623 -0.489064 0.196494 1.701915 -0.672722 10.657851 -0.410144 -0.587188 0.360970 3.793549
1 inf -9.544755 -0.612700 -0.362699 -1.961852 -1.972339 3.140457 0.099646 2.512710 -0.490897 0.221840 1.757772 -0.666670 10.682674 -0.410601 -0.569466 0.326907 3.772988
1 inf -9.549406 -0.606929 -0.343466 -1.940359 -1.974041 3.138524 0.133279 2.508106 -0.478947 0.239955 1.757048 -0.666409 10.672927 -0.435166 -0.569764 0.328354 3.764398
1 inf -9.520698 -0.631943 -0.328860 -1.957159 -1.989449 3.123928 0.115810 2.480879 -0.456994 0.260032 1.765211 -0.637130 10.679226 -0.443683 -0.595657 0.326982 3.728588
1 inf -9.509031 -0.672519 -0.338528 -1.954418 -1.997688 3.118906 0.097635 2.436713 -0.431161 0.257453 1.766478 -0.648663 10.686479 -0.430702 -0.574492 0.307831 3.733122
1 inf -9.487895 -0.653282 -0.319165 -1.979292 -1.946898 3.168710 0.085759 2.381340 -0.437437 0.263233 1.778807 -0.657966 10.696191 -0.417017 -0.592827 0.356553 3.761426
1 inf -9.494682 -0.651348 -0.331179 -1.989492 -1.934069 3.142825 0.100941 2.382469 -0.428711 0.283674 1.810882 -0.698984 10.687599 -0.408895 -0.609525 0.374603 3.755123
1 inf -9.483888 -0.650587 -0.337547 -1.947330 -1.915004 3.122769 0.081999 2.379947 -0.424252 0.260742 1.828917 -0.722966 10.714326 -0.429693 -0.625993 0.399838 3.708378
1 inf -9.492879 -0.661325 -0.352522 -1.951728 -1.917291 3.109811 0.103643 2.369994 -0.436513 0.275861 1.813956 -0.719851 10.733601 -0.415000 -0.608904 0.402304 3.729311
1 inf -9.489453 -0.675062 -0.361459 -1.954439 -1.955150 3.084753 0.116339 2.349771 -0.442900 0.255351 1.806831 -0.722088 10.729739 -0.432876 -0.593760 0.383709 3.726322
1 inf -9.518134 -0.677756 -0.355777 -1.912553 -1.959232 3.090079 0.111448 2.355198 -0.458164 0.225593 1.818485 -0.735284 10.779797 -0.465278 -0.572099 0.381453 3.723735
1 inf -9.506947 -0.628796 -0.320310 -1.890279 -1.953401 3.094991 0.150271 2.373294 -0.491077 0.219320 1.819975 -0.717794 10.799663 -0.510340 -0.598945 0.364281 3.732446
1 inf -9.490901 -0.637438 -0.312970 -1.942912 -1.913138 3.104221 0.163590 2.436693 -0.461758 0.220872 1.820893 -0.717908 10.820036 -0.496034 -0.626644 0.382684 3.764612
1 inf -9.500434 -0.640238 -0.311740 -1.945932 -1.908519 3.122554 0.137778 2.445931 -0.451794 0.229135 1.787895 -0.725344 10.782607 -0.490561 -0.632040 0.378921 3.770004
1 inf -9.505107 -0.636718 -0.291905 -1.895947 -1.894955 3.097880 0.116549 2.457832 -0.424416 0.194931 1.771098 -0.686220 10.793231 -0.453513 -0.629255 0.377795 3.787165
1 inf -9.509830 -0.651006 -0.279096 -1.891212 -1.889955 3.092767 0.124250 2.485680 -0.399502 0.191340 1.759034 -0.618817 10.780358 -0.465031 -0.588121 0.364400 3.807424
1 inf -9.485883 -0.669400 -0.254608 -1.863377 -1.886508 3.074603 0.110618 2.507936 -0.424277 0.166756 1.731368 -0.607694 10.796484 -0.479019 -0.599062 0.386922 3.777388
1 inf -9.522924 -0.613913 -0.223095 -1.896775 -1.930945 3.084012 0.117483 2.528908 -0.428416 0.138769 1.725892 -0.606343 10.784718 -0.484415 -0.587671 0.407549 3.772504
1 inf -9.567806 -0.610066 -0.217900 -1.856987 -1.901449 3.097748 0.141585 2.515935 -0.432023 0.169570 1.715379 -0.591798 10.793592 -0.523006 -0.561114 0.417097 3.774441
1 inf -9.517771 -0.634764 -0.192688 -1.820194 -1.903650 3.112482 0.142679 2.527003 -0.444243 0.175817 1.710363 -0.571002 10.767837 -0.540014 -0.548648 0.410704 3.765525
1 inf -9.516908 -0.636829 -0.162719 -1.840886 -1.960581 3.099348 0.161380 2.571758 -0.466863 0.173667 1.678556 -0.573224 10.764428 -0.541933 -0.550217 0.418369 3.753560
1 inf -9.521559 -0.631058 -0.143486 -1.819393 -1.962283 3.097415 0.195013 2.567154 -0.454913 0.191782 1.677832 -0.572963 10.754681 -0.566498 -0.550515 0.419816 3.744970
1 inf -9.509172 -0.652897 -0.165032 -1.812463 -1.966164 3.051013 0.224135 2.544794 -0.470900 0.174700 1.678838 -0.606010 10.802350 -0.542944 -0.540127 0.423601 3.763721
1 inf -9.471293 -0.615411 -0.188127 -1.828608 -1.962623 3.054607 0.216310 2.538513 -0.476509 0.186234 1.654177 -0.620658 10.831195 -0.533671 -0.554231 0.397393 3.799218
1 inf -9.507480 -0.591460 -0.196616 -1.822660 -1.968456 3.033967 0.197281 2.502357 -0.472962 0.150153 1.621270 -0.668186 10.843316 -0.555589 -0.550187 0.391117 3.789262
1 inf -9.477571 -0.590317 -0.202640 -1.793224 -1.980652 3.045171 0.211026 2.490975 -0.440234 0.143339 1.644878 -0.707211 10.833579 -0.549523 -0.538344 0.387556 3.768452
1 inf -9.480580 -0.569525 -0.214401 -1.816850 -1.997710 3.001931 0.209504 2.496333 -0.456446 0.167813 1.694561 -0.703493 10.865663 -0.579226 -0.561761 0.395721 3.796301
1 inf -9.469127 -0.579887 -0.200930 -1.842809 -1.996227 3.016261 0.238354 2.498191 -0.432770 0.176278 1.672920 -0.724590 10.835359 -0.543855 -0.585364 0.369005 3.809863
1 inf -9.457465 -0.583926 -0.168068 -1.831104 -1.999098 3.007468 0.241771 2.492216 -0.472725 0.200375 1.642077 -0.757264 10.812853 -0.527685 -0.588058 0.379903 3.798418
1 inf -9.434384 -0.567466 -0.164533 -1.786600 -1.999120 3.010475 0.258880 2.471579 -0.465996 0.206270 1.644920 -0.767395 10.823345 -0.512923 -0.584689 0.385376 3.830014
1 inf -9.412543 -0.572369 -0.178417 -1.789818 -1.974578 3.004303 0.292868 2.506981 -0.451794 0.161709 1.658705 -0.755779 10.844230 -0.499668 -0.607497 0.382005 3.807846
1 inf -9.379404 -0.570271 -0.165405 -1.783053 -1.956315 3.020941 0.295701 2.475192 -0.452368 0.160267 1.641610 -0.745819 10.822496 -0.477106 -0.619992 0.359840 3.818336
1 inf -9.405873 -0.578364 -0.174149 -1.740453 -1.952564 3.045104 0.247132 2.466030 -0.469139 0.169641 1.683396 -0.738464 10.792271 -0.495935 -0.602535 0.336856 3.818409
1 inf -9.432134 -0.568617 -0.173945 -1.742702 -1.967576 3.063535 0.227430 2.434071 -0.446140 0.145134 1.638587 -0.763908 10.742567 -0.459515 -0.581774 0.319881 3.788387
1 inf -9.436785 -0.562846 -0.154712 -1.721209 -1.969278 3.061602 0.261063 2.429467 -0.434190 0.163249 1.637863 -0.763647 10.732820 -0.484080 -0.582072 0.321328 3.779797
1 inf -9.443070 -0.544930 -0.135255 -1.708868 -1.972552 3.066424 0.293812 2.423827 -0.425651 0.168181 1.656594 -0.788189 10.742200 -0.455245 -0.568218 0.279564 3.777591
1 inf -9.458558 -0.533339 -0.146807 -1.735592 -1.966891 3.085514 0.302630 2.434051 -0.413619 0.169151 1.672192 -0.730692 10.775960 -0.454855 -0.565998 0.272387 3.799857
1 inf -9.406610 -0.497713 -0.136374 -1.725073 -1.950934 3.088354 0.295860 2.425945 -0.417596 0.150789 1.672919 -0.722408 10.813130 -0.438770 -0.588430 0.276947 3.818853
1 inf -9.389007 -0.487022 -0.165124 -1.677617 -1.934237 3.045447 0.305331 2.422386 -0.395516 0.109136 1.674455 -0.747330 10.811363 -0.422013 -0.581351 0.307539 3.824072
1 inf -9.367549 -0.499968 -0.175998 -1.694489 -1.956328 3.058079 0.302047 2.471265 -0.404664 0.095191 1.680616 -0.763494 10.788086 -0.433995 -0.558601 0.296187 3.805019
1 inf -9.367668 -0.506946 -0.211464 -1.713530 -1.970591 3.061032 0.269523 2.473150 -0.409471 0.091618 1.686800 -0.774155 10.805775 -0.464594 -0.535152 0.312660 3.805012
1 inf -9.399660 -0.547792 -0.213235 -1.748138 -1.980623 3.042695 0.283041 2.445894 -0.402239 0.094844 1.693140 -0.763750 10.829027 -0.434124 -0.562143 0.316653 3.832142
1 inf -9.398814 -0.546167 -0.248428 -1.765350 -1.995349 3.088853 0.283765 2.471071 -0.403777 0.089089 1.701110 -0.793346 10.808613 -0.431300 -0.562445 0.317623 3.800798
1 inf -9.364205 -0.528890 -0.252978 -1.745734 -1.988619 3.082696 0.268077 2.471626 -0.401864 0.114198 1.714689 -0.795987 10.805973 -0.463512 -0.552480 0.324993 3.796362
1 inf -9.367332 -0.542382 -0.259831 -1.726310 -1.974349 3.076499 0.297157 2.452616 -0.416265 0.126877 1.734641 -0.816684 10.823796 -0.470009 -0.559654 0.341068 3.794815
1 inf -9.350711 -0.539724 -0.273035 -1.756676 -1.998256 3.109850 0.311484 2.437521 -0.409774 0.171077 1.673467 -0.779933 10.819341 -0.497909 -0.541893 0.362193 3.797455
1 inf -9.336898 -0.531849 -0.264321 -1.728215 -1.988989 3.131510 0.298842 2.459043 -0.398869 0.150188 1.678324 -0.768512 10.860321 -0.508427 -0.506924 0.351049 3.798744
1 inf -9.378948 -0.558293 -0.310586 -1.711876 -1.998402 3.135946 0.307496 2.474667 -0.399650 0.169439 1.660498 -0.764216 10.871967 -0.506849 -0.491380 0.353366 3.795817
1 inf -9.388572 -0.575304 -0.312536 -1.692641 -1.997104 3.128769 0.299426 2.482627 -0.405979 0.154096 1.657567 -0.797616 10.876685 -0.532854 -0.498901 0.342048 3.812029
1 inf -9.417140 -0.576768 -0.356480 -1.690432 -1.976327 3.094746 0.287541 2.499306 -0.419966 0.154075 1.638473 -0.796025 10.869059 -0.499938 -0.460142 0.385972 3.823565
1 inf -9.463379 -0.552818 -0.354788 -1.671069 -1.993451 3.084125 0.279282 2.487890 -0.460758 0.178814 1.638929 -0.785853 10.876980 -0.501217 -0.430308 0.372065 3.833351
1 inf -9.452306 -0.570914 -0.379720 -1.646061 -1.990213 3.071605 0.293129 2.492509 -0.461570 0.169352 1.633204 -0.773514 10.879559 -0.492126 -0.424407 0.349262 3.831531
1 inf -9.425982 -0.576044 -0.370249 -1.631439 -1.988945 3.099418 0.305398 2.527051 -0.485817 0.161512 1.630481 -0.776852 10.915975 -0.494000 -0.429146 0.327640 3.852863
1 inf -9.466005 -0.580148 -0.367709 -1.648036 -1.990371 3.110728 0.281825 2.563150 -0.491166 0.108544 1.654892 -0.807120 10.944005 -0.451221 -0.427244 0.347595 3.843240
1 inf -9.472893 -0.590258 -0.399036 -1.660277 -1.987666 3.129439 0.289862 2.619125 -0.520159 0.057148 1.641341 -0.801064 10.914715 -0.437132 -0.441499 0.330303 3.850030
1 inf -9.477544 -0.584487 -0.379803 -1.638784 -1.989368 3.127506 0.323495 2.614521 -0.508209 0.075263 1.640617 -0.800803 10.904968 -0.461697 -0.441797 0.331750 3.841440
1 inf -9.516368 -0.608969 -0.362582 -1.627094 -1.987804 3.163802 0.317797 2.648800 -0.531684 0.055061 1.654691 -0.830861 10.896899 -0.452891 -0.446469 0.347004 3.824636
1 inf -9.495865 -0.606635 -0.377167 -1.614697 -1.987069 3.177986 0.315726 2.647493 -0.548469 0.042116 1.641009 -0.810903 10.907034 -0.426188 -0.432038 0.303856 3.826821
1 inf -9.464046 -0.600937 -0.384911 -1.587964 -1.983852 3.154054 0.327756 2.646517 -0.530454 0.043335 1.662070 -0.820787 10.915757 -0.440476 -0.435482 0.315648 3.834563
1 inf -9.480954 -0.609405 -0.346711 -1.600828 -1.973957 3.163738 0.332193 2.611320 -0.536235 0.042718 1.651930 -0.819742 10.892373 -0.411877 -0.453297 0.300189 3.832632
1 inf -9.487429 -0.599812 -0.381948 -1.584513 -1.989918 3.211414 0.339819 2.613206 -0.539276 0.038766 1.628853 -0.828096 10.919950 -0.420100 -0.417286 0.309590 3.867795
1 inf -9.527835 -0.621095 -0.370192 -1.584660 -1.969261 3.202706 0.318172 2.608551 -0.546574 0.050804 1.636602 -0.831990 10.910469 -0.424707 -0.434850 0.287464 3.894804
1 inf -9.506860 -0.645015 -0.361751 -1.603265 -1.980469 3.203655 0.307328 2.621306 -0.559893 0.055325 1.631437 -0.831438 10.920560 -0.417039 -0.441742 0.295747 3.896933
1 inf -9.505110 -0.620736 -0.388182 -1.610317 -1.994271 3.183041 0.278194 2.641632 -0.552782 0.095534 1.603534 -0.834901 10.907798 -0.418632 -0.460381 0.271622 3.858468
1 inf -9.489956 -0.622352 -0.417135 -1.597223 -1.989421 3.188281 0.283765 2.631196 -0.551020 0.078766 1.633114 -0.819642 10.898526 -0.415911 -0.498560 0.283965 3.843596
1 inf -9.512604 -0.648889 -0.420339 -1.627801 -1.971147 3.151531 0.312933 2.638662 -0.562458 0.074998 1.642803 -0.842507 10.899953 -0.429593 -0.490162 0.316543 3.864762
1 inf -9.508881 -0.665872 -0.411953 -1.612487 -1.959619 3.150916 0.308992 2.597850 -0.584417 0.095605 1.654146 -0.840628 10.901767 -0.432497 -0.487708 0.300953 3.866702
1 inf -9.501010 -0.663783 -0.410271 -1.597218 -1.983122 3.142897 0.318074 2.608185 -0.608295 0.100478 1.648677 -0.843073 10.896925 -0.438916 -0.511212 0.270643 3.853337
1 inf -9.472732 -0.647572 -0.447913 -1.590839 -1.950485 3.187272 0.344615 2.595262 -0.620578 0.117354 1.658307 -0.819279 10.912695 -0.447457 -0.520799 0.268819 3.815812
1 inf -9.453929 -0.628752 -0.438449 -1.630614 -1.955079 3.162822 0.362288 2.553437 -0.613868 0.070829 1.647233 -0.861711 10.913981 -0.454027 -0.514965 0.246436 3.823056
1 inf -9.410899 -0.631552 -0.465760 -1.625148 -1.948010 3.217972 0.399990 2.574773 -0.606545 0.046959 1.688401 -0.849064 10.940665 -0.430804 -0.532444 0.242846 3.834683
1 inf -9.384315 -0.655978 -0.465184 -1.623021 -1.941967 3.198850 0.435080 2.597175 -0.622465 0.038972 1.683542 -0.845002 10.916477 -0.428166 -0.559707 0.240568 3.817738
1 inf -9.371469 -0.611976 -0.470295 -1.653497 -1.960861 3.182497 0.429318 2.563430 -0.613866 0.001166 1.629876 -0.818574 10.899663 -0.474035 -0.602285 0.231368 3.783070
1 inf -9.397590 -0.613687 -0.504136 -1.636196 -1.954539 3.192776 0.433452 2.560972 -0.622993 0.014095 1.630686 -0.773882 10.886209 -0.483731 -0.622487 0.232108 3.759110
1 inf -9.417985 -0.627905 -0.484983 -1.604587 -1.923528 3.211567 0.455619 2.570938 -0.596195 -0.008947 1.625182 -0.787404 10.888352 -0.466446 -0.633058 0.233072 3.790076
1 inf -9.451729 -0.639137 -0.495632 -1.600143 -1.929518 3.198101 0.442367 2.562119 -0.596544 -0.029063 1.636021 -0.819845 10.898312 -0.449735 -0.643579 0.225529 3.744485
1 inf -9.456380 -0.633366 -0.476399 -1.578650 -1.931220 3.196168 0.476000 2.557515 -0.584594 -0.010948 1.635297 -0.819584 10.888565 -0.474300 -0.643877 0.226976 3.735895
1 inf -9.429527 -0.622101 -0.492749 -1.537484 -1.978223 3.197785 0.466898 2.570932 -0.584014 -0.028542 1.651885 -0.823065 10.900744 -0.457253 -0.699676 0.233454 3.740077
1 inf -9.419539 -0.607317 -0.461447 -1.551456 -1.956855 3.181512 0.465586 2.578888 -0.572475 -0.053399 1.664485 -0.789203 10.924996 -0.438779 -0.730628 0.195754 3.713575
1 inf -9.433829 -0.603169 -0.442672 -1.598063 -1.933350 3.156060 0.458321 2.602195 -0.535142 -0.064966 1.663688 -0.797386 10.910227 -0.445142 -0.732055 0.205003 3.684031
1 inf -9.435286 -0.597178 -0.443684 -1.602961 -1.939675 3.157667 0.462293 2.573565 -0.528599 -0.044910 1.641172 -0.791188 10.924709 -0.422009 -0.761736 0.225290 3.670241
