1 inf -8.671638 -0.970780 -0.264561 -2.247577 -1.382562 3.367566 0.236005 2.550142 0.163429 0.595780 2.299047 0.161835 10.439556 -0.273327 0.211599 3.695837
1 inf -8.700073 -0.978632 -0.288899 -2.264736 -1.390910 3.365480 0.251025 2.554471 0.153811 0.573786 2.318343 0.167651 10.429318 -0.272556 0.184725 3.696722
1 inf -8.692564 -0.969917 -0.250676 -2.249169 -1.378836 3.383080 0.255534 2.584006 0.143889 0.585323 2.321029 0.154408 10.450409 -0.218382 0.218115 3.738170
1 inf -8.650467 -0.959314 -0.242467 -2.241103 -1.361018 3.394869 0.237747 2.569717 0.110768 0.606073 2.345563 0.158489 10.426315 -0.200241 0.264943 3.723523
1 inf -8.621584 -0.963292 -0.230381 -2.258380 -1.398706 3.420917 0.277563 2.571409 0.128159 0.596773 2.365143 0.160420 10.453116 -0.183530 0.279205 3.755648
1 inf -8.609154 -0.968715 -0.226124 -2.276542 -1.434012 3.449058 0.265397 2.554594 0.087656 0.613990 2.379705 0.135762 10.447461 -0.193404 0.242944 3.741915
1 inf -8.609561 -0.946175 -0.250514 -2.269851 -1.429283 3.425553 0.269140 2.532389 0.109946 0.605979 2.394245 0.152504 10.445692 -0.176139 0.241485 3.682706
1 inf -8.615076 -0.918834 -0.263117 -2.305989 -1.469852 3.437183 0.294235 2.482011 0.083379 0.625108 2.416548 0.175348 10.441375 -0.175866 0.276033 3.664106
1 inf -8.608916 -0.914070 -0.287302 -2.270319 -1.410869 3.436705 0.293417 2.456610 0.077511 0.605248 2.458418 0.148534 10.470097 -0.168260 0.230288 3.672593
1 inf -8.621371 -0.891912 -0.305016 -2.273816 -1.411026 3.455700 0.296080 2.486378 0.067231 0.613638 2.441069 0.140564 10.428778 -0.175561 0.231081 3.681385
1 inf -8.613523 -0.852231 -0.300912 -2.262592 -1.415039 3.464549 0.278434 2.547586 0.075485 0.690818 2.447858 0.153245 10.437283 -0.188742 0.222739 3.692136
1 inf -8.606814 -0.870138 -0.302465 -2.271847 -1.416844 3.458697 0.283596 2.556247 0.088818 0.654375 2.473693 0.125041 10.431888 -0.202106 0.238360 3.668790
1 inf -8.611662 -0.852735 -0.269349 -2.274977 -1.431469 3.457533 0.299810 2.542401 0.076823 0.708769 2.489063 0.100153 10.442660 -0.188047 0.234328 3.671144
1 inf -8.587917 -0.857011 -0.260940 -2.275634 -1.426426 3.424066 0.303320 2.547169 0.082057 0.722807 2.488301 0.052080 10.408312 -0.209575 0.234087 3.672540
1 inf -8.637008 -0.903267 -0.281026 -2.289322 -1.443594 3.419639 0.303603 2.548247 0.079030 0.698153 2.489339 0.044229 10.326745 -0.178751 0.228191 3.659408
1 inf -8.640215 -0.891869 -0.317231 -2.279002 -1.412485 3.429276 0.310957 2.541819 0.094365 0.698697 2.494851 0.013115 10.314056 -0.170172 0.228228 3.669920
1 inf -8.622145 -0.893313 -0.303649 -2.271861 -1.423370 3.419225 0.325778 2.545548 0.091479 0.660108 2.523371 0.012929 10.326770 -0.149375 0.220897 3.660212
1 inf -8.622731 -0.904288 -0.283637 -2.271214 -1.428631 3.424149 0.308911 2.533704 0.078766 0.661834 2.541616 0.023893 10.324050 -0.112027 0.233248 3.666370
1 inf -8.614180 -0.888773 -0.272570 -2.250497 -1.427432 3.434690 0.331120 2.520376 0.065388 0.670939 2.570921 0.012428 10.331945 -0.148980 0.202279 3.671851
1 inf -8.644970 -0.889614 -0.278479 -2.241761 -1.405605 3.466731 0.354455 2.522517 0.017507 0.676940 2.534394 0.008520 10.346667 -0.142051 0.222372 3.706348
1 inf -8.611453 -0.881193 -0.271597 -2.244331 -1.438254 3.467583 0.352293 2.532862 0.046672 0.665343 2.531873 0.025404 10.332227 -0.136057 0.191812 3.731351
1 inf -8.582937 -0.908396 -0.275292 -2.244052 -1.430168 3.426290 0.354139 2.547514 0.060841 0.654719 2.550576 0.018302 10.339142 -0.132533 0.199372 3.742651
1 inf -8.581113 -0.920447 -0.295983 -2.233466 -1.436988 3.421697 0.383905 2.569990 0.068430 0.656295 2.513880 -0.024546 10.343664 -0.112895 0.231036 3.774965
1 inf -8.621404 -0.943477 -0.259024 -2.258397 -1.435373 3.429138 0.384370 2.574860 0.071850 0.679246 2.550194 -0.041385 10.352478 -0.077019 0.224814 3.744097
1 inf -8.604302 -0.969750 -0.253085 -2.311760 -1.437980 3.452517 0.361031 2.633720 0.068386 0.718072 2.569611 -0.042902 10.334184 -0.085017 0.227666 3.749394
1 111.03818 -8.579050 -0.982350 -0.239006 -2.317312 -1.410426 3.424033 0.377434 2.626889 0.060489 0.721844 2.551923 -0.040514 10.318263 -0.082125 0.248809 3.774504
1 111.03818 -8.579050 -0.982350 -0.239006 -2.317312 -1.410426 3.424033 0.377434 2.626889 0.060489 0.721844 2.551923 -0.040514 10.318263 -0.082125 0.248809 3.774504
1 111.03818 -8.579050 -0.982350 -0.239006 -2.317312 -1.410426 3.424033 0.377434 2.626889 0.060489 0.721844 2.551923 -0.040514 10.318263 -0.082125 0.248809 3.774504
1 111.03818 -8.579050 -0.982350 -0.239006 -2.317312 -1.410426 3.424033 0.377434 2.626889 0.060489 0.721844 2.551923 -0.040514 10.318263 -0.082125 0.248809 3.774504
1 111.03818 -8.579050 -0.982350 -0.239006 -2.317312 -1.410426 3.424033 0.377434 2.626889 0.060489 0.721844 2.551923 -0.040514 10.318263 -0.082125 0.248809 3.774504
1 111.03818 -8.579050 -0.982350 -0.239006 -2.317312 -1.410426 3.424033 0.377434 2.626889 0.060489 0.721844 2.551923 -0.040514 10.318263 -0.082125 0.248809 3.774504
1 111.03818 -8.579050 -0.982350 -0.239006 -2.317312 -1.410426 3.424033 0.377434 2.626889 0.060489 0.721844 2.551923 -0.040514 10.318263 -0.082125 0.248809 3.774504
1 111.03818 -8.579050 -0.982350 -0.239006 -2.317312 -1.410426 3.424033 0.377434 2.626889 0.060489 0.721844 2.551923 -0.040514 10.318263 -0.082125 0.248809 3.774504
1 111.03818 -8.579050 -0.982350 -0.239006 -2.317312 -1.410426 3.424033 0.377434 2.626889 0.060489 0.721844 2.551923 -0.040514 10.318263 -0.082125 0.248809 3.774504
1 111.03818 -8.579050 -0.982350 -0.239006 -2.317312 -1.410426 3.424033 0.377434 2.626889 0.060489 0.721844 2.551923 -0.040514 10.318263 -0.082125 0.248809 3.774504
1 107.07911 -8.558557 -0.979382 -0.210683 -2.314641 -1.416765 3.420022 0.408108 2.620229 0.078803 0.718409 2.539684 -0.039347 10.328855 -0.106069 0.257988 3.766157
1 107.07911 -8.558557 -0.979382 -0.210683 -2.314641 -1.416765 3.420022 0.408108 2.620229 0.078803 0.718409 2.539684 -0.039347 10.328855 -0.106069 0.257988 3.766157
1 104.53827 -8.595530 -0.979776 -0.237820 -2.333670 -1.404859 3.445829 0.422962 2.630159 0.079394 0.709484 2.536263 -0.037902 10.310593 -0.094397 0.268812 3.762470
1 104.86081 -8.598359 -0.987736 -0.232628 -2.333293 -1.407399 3.470994 0.425578 2.625419 0.069965 0.746050 2.588731 -0.006556 10.312005 -0.105807 0.265300 3.742538
1 104.86081 -8.598359 -0.987736 -0.232628 -2.333293 -1.407399 3.470994 0.425578 2.625419 0.069965 0.746050 2.588731 -0.006556 10.312005 -0.105807 0.265300 3.742538
1 104.86081 -8.598359 -0.987736 -0.232628 -2.333293 -1.407399 3.470994 0.425578 2.625419 0.069965 0.746050 2.588731 -0.006556 10.312005 -0.105807 0.265300 3.742538
1 107.09495 -8.603422 -0.945599 -0.218395 -2.291379 -1.428272 3.474407 0.421237 2.620000 0.070797 0.745256 2.586838 -0.023502 10.324810 -0.072768 0.262553 3.763907
1 107.09495 -8.603422 -0.945599 -0.218395 -2.291379 -1.428272 3.474407 0.421237 2.620000 0.070797 0.745256 2.586838 -0.023502 10.324810 -0.072768 0.262553 3.763907
1 107.09495 -8.603422 -0.945599 -0.218395 -2.291379 -1.428272 3.474407 0.421237 2.620000 0.070797 0.745256 2.586838 -0.023502 10.324810 -0.072768 0.262553 3.763907
1 107.09495 -8.603422 -0.945599 -0.218395 -2.291379 -1.428272 3.474407 0.421237 2.620000 0.070797 0.745256 2.586838 -0.023502 10.324810 -0.072768 0.262553 3.763907
1 104.22182 -8.620966 -0.949666 -0.217393 -2.278822 -1.404359 3.466037 0.440462 2.604182 0.109297 0.722510 2.571130 -0.016870 10.313888 -0.100889 0.248269 3.775857
1 104.22182 -8.620966 -0.949666 -0.217393 -2.278822 -1.404359 3.466037 0.440462 2.604182 0.109297 0.722510 2.571130 -0.016870 10.313888 -0.100889 0.248269 3.775857
1 102.44422 -8.605778 -0.958511 -0.236817 -2.252674 -1.407084 3.476535 0.430588 2.596668 0.115579 0.706678 2.605384 0.019413 10.298841 -0.103224 0.241752 3.786473
1 102.44422 -8.605778 -0.958511 -0.236817 -2.252674 -1.407084 3.476535 0.430588 2.596668 0.115579 0.706678 2.605384 0.019413 10.298841 -0.103224 0.241752 3.786473
1 102.44422 -8.605778 -0.958511 -0.236817 -2.252674 -1.407084 3.476535 0.430588 2.596668 0.115579 0.706678 2.605384 0.019413 10.298841 -0.103224 0.241752 3.786473
1 102.44422 -8.605778 -0.958511 -0.236817 -2.252674 -1.407084 3.476535 0.430588 2.596668 0.115579 0.706678 2.605384 0.019413 10.298841 -0.103224 0.241752 3.786473
1 102.44422 -8.605778 -0.958511 -0.236817 -2.252674 -1.407084 3.476535 0.430588 2.596668 0.115579 0.706678 2.605384 0.019413 10.298841 -0.103224 0.241752 3.786473
1 102.44422 -8.605778 -0.958511 -0.236817 -2.252674 -1.407084 3.476535 0.430588 2.596668 0.115579 0.706678 2.605384 0.019413 10.298841 -0.103224 0.241752 3.786473
1 102.44422 -8.605778 -0.958511 -0.236817 -2.252674 -1.407084 3.476535 0.430588 2.596668 0.115579 0.706678 2.605384 0.019413 10.298841 -0.103224 0.241752 3.786473
1 102.44422 -8.605778 -0.958511 -0.236817 -2.252674 -1.407084 3.476535 0.430588 2.596668 0.115579 0.706678 2.605384 0.019413 10.298841 -0.103224 0.241752 3.786473
1 102.44422 -8.605778 -0.958511 -0.236817 -2.252674 -1.407084 3.476535 0.430588 2.596668 0.115579 0.706678 2.605384 0.019413 10.298841 -0.103224 0.241752 3.786473
1 102.44422 -8.605778 -0.958511 -0.236817 -2.252674 -1.407084 3.476535 0.430588 2.596668 0.115579 0.706678 2.605384 0.019413 10.298841 -0.103224 0.241752 3.786473
1 102.44422 -8.605778 -0.958511 -0.236817 -2.252674 -1.407084 3.476535 0.430588 2.596668 0.115579 0.706678 2.605384 0.019413 10.298841 -0.103224 0.241752 3.786473
1 102.44422 -8.605778 -0.958511 -0.236817 -2.252674 -1.407084 3.476535 0.430588 2.596668 0.115579 0.706678 2.605384 0.019413 10.298841 -0.103224 0.241752 3.786473
1 102.44422 -8.605778 -0.958511 -0.236817 -2.252674 -1.407084 3.476535 0.430588 2.596668 0.115579 0.706678 2.605384 0.019413 10.298841 -0.103224 0.241752 3.786473
1 102.44422 -8.605778 -0.958511 -0.236817 -2.252674 -1.407084 3.476535 0.430588 2.596668 0.115579 0.706678 2.605384 0.019413 10.298841 -0.103224 0.241752 3.786473
1 102.32991 -8.574056 -0.983653 -0.254113 -2.245210 -1.394929 3.467296 0.421983 2.570274 0.123602 0.650716 2.585506 0.008826 10.287745 -0.108239 0.239978 3.770705
1 102.53393 -8.573013 -0.960834 -0.247295 -2.252612 -1.388760 3.476195 0.412867 2.555282 0.126089 0.695183 2.586607 -0.017957 10.305081 -0.061081 0.252089 3.801158
1 102.53393 -8.573013 -0.960834 -0.247295 -2.252612 -1.388760 3.476195 0.412867 2.555282 0.126089 0.695183 2.586607 -0.017957 10.305081 -0.061081 0.252089 3.801158
1 100.02101 -8.568449 -0.972095 -0.259572 -2.225040 -1.396250 3.473705 0.395208 2.538675 0.172761 0.700690 2.593125 -0.020744 10.266837 -0.050316 0.263838 3.831380
1 96.839518 -8.570554 -0.990902 -0.227711 -2.229417 -1.395466 3.475077 0.443534 2.527575 0.174316 0.702347 2.595117 -0.013184 10.235945 -0.052296 0.278458 3.800029
1 96.839518 -8.570554 -0.990902 -0.227711 -2.229417 -1.395466 3.475077 0.443534 2.527575 0.174316 0.702347 2.595117 -0.013184 10.235945 -0.052296 0.278458 3.800029
1 96.839518 -8.570554 -0.990902 -0.227711 -2.229417 -1.395466 3.475077 0.443534 2.527575 0.174316 0.702347 2.595117 -0.013184 10.235945 -0.052296 0.278458 3.800029
1 96.839518 -8.570554 -0.990902 -0.227711 -2.229417 -1.395466 3.475077 0.443534 2.527575 0.174316 0.702347 2.595117 -0.013184 10.235945 -0.052296 0.278458 3.800029
1 96.839518 -8.570554 -0.990902 -0.227711 -2.229417 -1.395466 3.475077 0.443534 2.527575 0.174316 0.702347 2.595117 -0.013184 10.235945 -0.052296 0.278458 3.800029
1 95.038061 -8.557875 -0.994098 -0.226189 -2.236708 -1.406715 3.454528 0.438699 2.529492 0.183413 0.712354 2.565928 -0.001957 10.230143 -0.046361 0.286437 3.812554
1 95.038061 -8.557875 -0.994098 -0.226189 -2.236708 -1.406715 3.454528 0.438699 2.529492 0.183413 0.712354 2.565928 -0.001957 10.230143 -0.046361 0.286437 3.812554
1 95.038061 -8.557875 -0.994098 -0.226189 -2.236708 -1.406715 3.454528 0.438699 2.529492 0.183413 0.712354 2.565928 -0.001957 10.230143 -0.046361 0.286437 3.812554
1 95.038061 -8.557875 -0.994098 -0.226189 -2.236708 -1.406715 3.454528 0.438699 2.529492 0.183413 0.712354 2.565928 -0.001957 10.230143 -0.046361 0.286437 3.812554
1 95.038061 -8.557875 -0.994098 -0.226189 -2.236708 -1.406715 3.454528 0.438699 2.529492 0.183413 0.712354 2.565928 -0.001957 10.230143 -0.046361 0.286437 3.812554
1 95.038061 -8.557875 -0.994098 -0.226189 -2.236708 -1.406715 3.454528 0.438699 2.529492 0.183413 0.712354 2.565928 -0.001957 10.230143 -0.046361 0.286437 3.812554
1 94.573365 -8.525420 -0.980031 -0.250552 -2.260673 -1.403267 3.462169 0.450721 2.487509 0.170929 0.694997 2.551601 -0.022383 10.229213 -0.028652 0.256554 3.826292
1 93.928918 -8.536339 -0.977395 -0.248378 -2.277745 -1.401394 3.456046 0.447694 2.508014 0.167247 0.674524 2.557761 0.006250 10.219749 -0.050165 0.268691 3.820633
1 93.928918 -8.536339 -0.977395 -0.248378 -2.277745 -1.401394 3.456046 0.447694 2.508014 0.167247 0.674524 2.557761 0.006250 10.219749 -0.050165 0.268691 3.820633
1 93.491217 -8.547190 -0.933331 -0.231568 -2.335422 -1.421452 3.422268 0.447347 2.516016 0.192113 0.671355 2.568841 0.018439 10.207875 -0.018071 0.234851 3.870326
1 91.335413 -8.514130 -0.899673 -0.213089 -2.337649 -1.443805 3.423716 0.432040 2.502960 0.224872 0.664619 2.563335 0.019656 10.215378 -0.051063 0.257725 3.864415
1 91.335413 -8.514130 -0.899673 -0.213089 -2.337649 -1.443805 3.423716 0.432040 2.502960 0.224872 0.664619 2.563335 0.019656 10.215378 -0.051063 0.257725 3.864415
1 91.64177 -8.500964 -0.902444 -0.229590 -2.341500 -1.453504 3.423528 0.445949 2.500557 0.220294 0.637300 2.543885 0.007343 10.232638 -0.045059 0.255126 3.888300
1 89.988164 -8.505252 -0.919662 -0.246957 -2.340619 -1.435403 3.440356 0.402259 2.494045 0.235592 0.619330 2.526793 -0.008579 10.222525 -0.046464 0.270729 3.925767
1 89.996194 -8.482217 -0.921746 -0.284452 -2.362791 -1.435816 3.440552 0.378448 2.495479 0.227339 0.617046 2.523198 0.024092 10.226494 -0.039603 0.279069 3.877799
1 89.996194 -8.482217 -0.921746 -0.284452 -2.362791 -1.435816 3.440552 0.378448 2.495479 0.227339 0.617046 2.523198 0.024092 10.226494 -0.039603 0.279069 3.877799
1 89.996194 -8.482217 -0.921746 -0.284452 -2.362791 -1.435816 3.440552 0.378448 2.495479 0.227339 0.617046 2.523198 0.024092 10.226494 -0.039603 0.279069 3.877799
1 89.996194 -8.482217 -0.921746 -0.284452 -2.362791 -1.435816 3.440552 0.378448 2.495479 0.227339 0.617046 2.523198 0.024092 10.226494 -0.039603 0.279069 3.877799
1 89.996194 -8.482217 -0.921746 -0.284452 -2.362791 -1.435816 3.440552 0.378448 2.495479 0.227339 0.617046 2.523198 0.024092 10.226494 -0.039603 0.279069 3.877799
1 89.996194 -8.482217 -0.921746 -0.284452 -2.362791 -1.435816 3.440552 0.378448 2.495479 0.227339 0.617046 2.523198 0.024092 10.226494 -0.039603 0.279069 3.877799
1 89.996194 -8.482217 -0.921746 -0.284452 -2.362791 -1.435816 3.440552 0.378448 2.495479 0.227339 0.617046 2.523198 0.024092 10.226494 -0.039603 0.279069 3.877799
1 89.996194 -8.482217 -0.921746 -0.284452 -2.362791 -1.435816 3.440552 0.378448 2.495479 0.227339 0.617046 2.523198 0.024092 10.226494 -0.039603 0.279069 3.877799
1 89.996194 -8.482217 -0.921746 -0.284452 -2.362791 -1.435816 3.440552 0.378448 2.495479 0.227339 0.617046 2.523198 0.024092 10.226494 -0.039603 0.279069 3.877799
1 89.996194 -8.482217 -0.921746 -0.284452 -2.362791 -1.435816 3.440552 0.378448 2.495479 0.227339 0.617046 2.523198 0.024092 10.226494 -0.039603 0.279069 3.877799
1 89.996194 -8.482217 -0.921746 -0.284452 -2.362791 -1.435816 3.440552 0.378448 2.495479 0.227339 0.617046 2.523198 0.024092 10.226494 -0.039603 0.279069 3.877799
1 89.996194 -8.482217 -0.921746 -0.284452 -2.362791 -1.435816 3.440552 0.378448 2.495479 0.227339 0.617046 2.523198 0.024092 10.226494 -0.039603 0.279069 3.877799
1 89.996194 -8.482217 -0.921746 -0.284452 -2.362791 -1.435816 3.440552 0.378448 2.495479 0.227339 0.617046 2.523198 0.024092 10.226494 -0.039603 0.279069 3.877799
1 89.996194 -8.482217 -0.921746 -0.284452 -2.362791 -1.435816 3.440552 0.378448 2.495479 0.227339 0.617046 2.523198 0.024092 10.226494 -0.039603 0.279069 3.877799
1 89.996194 -8.482217 -0.921746 -0.284452 -2.362791 -1.435816 3.440552 0.378448 2.495479 0.227339 0.617046 2.523198 0.024092 10.226494 -0.039603 0.279069 3.877799
1 89.261113 -8.461096 -0.877910 -0.303287 -2.353335 -1.440178 3.428135 0.399715 2.479709 0.252738 0.621076 2.549089 0.025612 10.221317 -0.027911 0.286395 3.836243
1 89.261113 -8.461096 -0.877910 -0.303287 -2.353335 -1.440178 3.428135 0.399715 2.479709 0.252738 0.621076 2.549089 0.025612 10.221317 -0.027911 0.286395 3.836243
1 89.261113 -8.461096 -0.877910 -0.303287 -2.353335 -1.440178 3.428135 0.399715 2.479709 0.252738 0.621076 2.549089 0.025612 10.221317 -0.027911 0.286395 3.836243
1 89.261113 -8.461096 -0.877910 -0.303287 -2.353335 -1.440178 3.428135 0.399715 2.479709 0.252738 0.621076 2.549089 0.025612 10.221317 -0.027911 0.286395 3.836243
1 89.261113 -8.461096 -0.877910 -0.303287 -2.353335 -1.440178 3.428135 0.399715 2.479709 0.252738 0.621076 2.549089 0.025612 10.221317 -0.027911 0.286395 3.836243
1 89.261113 -8.461096 -0.877910 -0.303287 -2.353335 -1.440178 3.428135 0.399715 2.479709 0.252738 0.621076 2.549089 0.025612 10.221317 -0.027911 0.286395 3.836243
