1 150.52275 -8.690253 -0.922305 -0.274013 -2.201656 -1.386625 3.402416 0.206984 2.560690 0.196690 0.634243 2.347134 0.191177 10.457795 -0.739388 -0.296241 0.162832 3.687432
1 146.0909 -8.710643 -0.882677 -0.273409 -2.253976 -1.372128 3.383047 0.206793 2.545537 0.194370 0.607671 2.325241 0.211055 10.452001 -0.747869 -0.258566 0.199247 3.690159
1 146.0909 -8.710643 -0.882677 -0.273409 -2.253976 -1.372128 3.383047 0.206793 2.545537 0.194370 0.607671 2.325241 0.211055 10.452001 -0.747869 -0.258566 0.199247 3.690159
1 146.0909 -8.710643 -0.882677 -0.273409 -2.253976 -1.372128 3.383047 0.206793 2.545537 0.194370 0.607671 2.325241 0.211055 10.452001 -0.747869 -0.258566 0.199247 3.690159
1 146.0909 -8.710643 -0.882677 -0.273409 -2.253976 -1.372128 3.383047 0.206793 2.545537 0.194370 0.607671 2.325241 0.211055 10.452001 -0.747869 -0.258566 0.199247 3.690159
1 146.0909 -8.710643 -0.882677 -0.273409 -2.253976 -1.372128 3.383047 0.206793 2.545537 0.194370 0.607671 2.325241 0.211055 10.452001 -0.747869 -0.258566 0.199247 3.690159
1 146.0909 -8.710643 -0.882677 -0.273409 -2.253976 -1.372128 3.383047 0.206793 2.545537 0.194370 0.607671 2.325241 0.211055 10.452001 -0.747869 -0.258566 0.199247 3.690159
1 146.0909 -8.710643 -0.882677 -0.273409 -2.253976 -1.372128 3.383047 0.206793 2.545537 0.194370 0.607671 2.325241 0.211055 10.452001 -0.747869 -0.258566 0.199247 3.690159
1 142.75377 -8.743179 -0.917687 -0.315327 -2.258528 -1.344741 3.354678 0.233793 2.513714 0.182405 0.589119 2.320000 0.186363 10.427454 -0.760416 -0.242999 0.203127 3.681243
1 142.75377 -8.743179 -0.917687 -0.315327 -2.258528 -1.344741 3.354678 0.233793 2.513714 0.182405 0.589119 2.320000 0.186363 10.427454 -0.760416 -0.242999 0.203127 3.681243
1 142.75377 -8.743179 -0.917687 -0.315327 -2.258528 -1.344741 3.354678 0.233793 2.513714 0.182405 0.589119 2.320000 0.186363 10.427454 -0.760416 -0.242999 0.203127 3.681243
1 131.08658 -8.762816 -0.914868 -0.289309 -2.284199 -1.356735 3.326253 0.198125 2.477883 0.177362 0.573297 2.330486 0.219968 10.413833 -0.780560 -0.227524 0.216172 3.648918
1 131.08658 -8.762816 -0.914868 -0.289309 -2.284199 -1.356735 3.326253 0.198125 2.477883 0.177362 0.573297 2.330486 0.219968 10.413833 -0.780560 -0.227524 0.216172 3.648918
1 131.08658 -8.762816 -0.914868 -0.289309 -2.284199 -1.356735 3.326253 0.198125 2.477883 0.177362 0.573297 2.330486 0.219968 10.413833 -0.780560 -0.227524 0.216172 3.648918
1 131.08658 -8.762816 -0.914868 -0.289309 -2.284199 -1.356735 3.326253 0.198125 2.477883 0.177362 0.573297 2.330486 0.219968 10.413833 -0.780560 -0.227524 0.216172 3.648918
1 131.08658 -8.762816 -0.914868 -0.289309 -2.284199 -1.356735 3.326253 0.198125 2.477883 0.177362 0.573297 2.330486 0.219968 10.413833 -0.780560 -0.227524 0.216172 3.648918
1 131.08658 -8.762816 -0.914868 -0.289309 -2.284199 -1.356735 3.326253 0.198125 2.477883 0.177362 0.573297 2.330486 0.219968 10.413833 -0.780560 -0.227524 0.216172 3.648918
1 131.08658 -8.762816 -0.914868 -0.289309 -2.284199 -1.356735 3.326253 0.198125 2.477883 0.177362 0.573297 2.330486 0.219968 10.413833 -0.780560 -0.227524 0.216172 3.648918
1 131.08658 -8.762816 -0.914868 -0.289309 -2.284199 -1.356735 3.326253 0.198125 2.477883 0.177362 0.573297 2.330486 0.219968 10.413833 -0.780560 -0.227524 0.216172 3.648918
1 128.68966 -8.760626 -0.932186 -0.253240 -2.269683 -1.344394 3.357564 0.209148 2.438610 0.154399 0.574490 2.324235 0.239386 10.421539 -0.767889 -0.203816 0.205172 3.642988
1 128.68966 -8.760626 -0.932186 -0.253240 -2.269683 -1.344394 3.357564 0.209148 2.438610 0.154399 0.574490 2.324235 0.239386 10.421539 -0.767889 -0.203816 0.205172 3.642988
1 128.68966 -8.760626 -0.932186 -0.253240 -2.269683 -1.344394 3.357564 0.209148 2.438610 0.154399 0.574490 2.324235 0.239386 10.421539 -0.767889 -0.203816 0.205172 3.642988
1 128.68966 -8.760626 -0.932186 -0.253240 -2.269683 -1.344394 3.357564 0.209148 2.438610 0.154399 0.574490 2.324235 0.239386 10.421539 -0.767889 -0.203816 0.205172 3.642988
1 128.68966 -8.760626 -0.932186 -0.253240 -2.269683 -1.344394 3.357564 0.209148 2.438610 0.154399 0.574490 2.324235 0.239386 10.421539 -0.767889 -0.203816 0.205172 3.642988
1 128.64449 -8.795809 -0.910437 -0.230947 -2.284517 -1.350214 3.381864 0.205459 2.411189 0.182614 0.542246 2.320535 0.234862 10.402105 -0.784850 -0.182904 0.210956 3.641665
1 128.64449 -8.795809 -0.910437 -0.230947 -2.284517 -1.350214 3.381864 0.205459 2.411189 0.182614 0.542246 2.320535 0.234862 10.402105 -0.784850 -0.182904 0.210956 3.641665
1 128.64449 -8.795809 -0.910437 -0.230947 -2.284517 -1.350214 3.381864 0.205459 2.411189 0.182614 0.542246 2.320535 0.234862 10.402105 -0.784850 -0.182904 0.210956 3.641665
1 128.64449 -8.795809 -0.910437 -0.230947 -2.284517 -1.350214 3.381864 0.205459 2.411189 0.182614 0.542246 2.320535 0.234862 10.402105 -0.784850 -0.182904 0.210956 3.641665
1 128.24287 -8.799261 -0.939860 -0.244056 -2.280587 -1.304607 3.418396 0.185424 2.424095 0.179111 0.564947 2.299234 0.269315 10.395475 -0.759255 -0.209309 0.205420 3.658757
1 128.24287 -8.799261 -0.939860 -0.244056 -2.280587 -1.304607 3.418396 0.185424 2.424095 0.179111 0.564947 2.299234 0.269315 10.395475 -0.759255 -0.209309 0.205420 3.658757
1 128.24287 -8.799261 -0.939860 -0.244056 -2.280587 -1.304607 3.418396 0.185424 2.424095 0.179111 0.564947 2.299234 0.269315 10.395475 -0.759255 -0.209309 0.205420 3.658757
1 128.24287 -8.799261 -0.939860 -0.244056 -2.280587 -1.304607 3.418396 0.185424 2.424095 0.179111 0.564947 2.299234 0.269315 10.395475 -0.759255 -0.209309 0.205420 3.658757
1 128.24287 -8.799261 -0.939860 -0.244056 -2.280587 -1.304607 3.418396 0.185424 2.424095 0.179111 0.564947 2.299234 0.269315 10.395475 -0.759255 -0.209309 0.205420 3.658757
1 128.24287 -8.799261 -0.939860 -0.244056 -2.280587 -1.304607 3.418396 0.185424 2.424095 0.179111 0.564947 2.299234 0.269315 10.395475 -0.759255 -0.209309 0.205420 3.658757
1 128.24287 -8.799261 -0.939860 -0.244056 -2.280587 -1.304607 3.418396 0.185424 2.424095 0.179111 0.564947 2.299234 0.269315 10.395475 -0.759255 -0.209309 0.205420 3.658757
1 128.24287 -8.799261 -0.939860 -0.244056 -2.280587 -1.304607 3.418396 0.185424 2.424095 0.179111 0.564947 2.299234 0.269315 10.395475 -0.759255 -0.209309 0.205420 3.658757
1 128.24287 -8.799261 -0.939860 -0.244056 -2.280587 -1.304607 3.418396 0.185424 2.424095 0.179111 0.564947 2.299234 0.269315 10.395475 -0.759255 -0.209309 0.205420 3.658757
1 128.24287 -8.799261 -0.939860 -0.244056 -2.280587 -1.304607 3.418396 0.185424 2.424095 0.179111 0.564947 2.299234 0.269315 10.395475 -0.759255 -0.209309 0.205420 3.658757
1 128.11664 -8.809397 -0.930778 -0.178951 -2.282800 -1.297589 3.424423 0.186917 2.444126 0.171875 0.558395 2.309089 0.256647 10.388033 -0.764327 -0.217923 0.198525 3.700745
1 128.11664 -8.809397 -0.930778 -0.178951 -2.282800 -1.297589 3.424423 0.186917 2.444126 0.171875 0.558395 2.309089 0.256647 10.388033 -0.764327 -0.217923 0.198525 3.700745
1 128.11664 -8.809397 -0.930778 -0.178951 -2.282800 -1.297589 3.424423 0.186917 2.444126 0.171875 0.558395 2.309089 0.256647 10.388033 -0.764327 -0.217923 0.198525 3.700745
1 128.11664 -8.809397 -0.930778 -0.178951 -2.282800 -1.297589 3.424423 0.186917 2.444126 0.171875 0.558395 2.309089 0.256647 10.388033 -0.764327 -0.217923 0.198525 3.700745
1 126.8928 -8.807604 -0.941849 -0.182482 -2.282337 -1.316015 3.428348 0.186296 2.451844 0.188557 0.604019 2.313413 0.255582 10.432774 -0.727780 -0.212868 0.204262 3.717354
1 126.8928 -8.807604 -0.941849 -0.182482 -2.282337 -1.316015 3.428348 0.186296 2.451844 0.188557 0.604019 2.313413 0.255582 10.432774 -0.727780 -0.212868 0.204262 3.717354
1 126.8928 -8.807604 -0.941849 -0.182482 -2.282337 -1.316015 3.428348 0.186296 2.451844 0.188557 0.604019 2.313413 0.255582 10.432774 -0.727780 -0.212868 0.204262 3.717354
1 126.8928 -8.807604 -0.941849 -0.182482 -2.282337 -1.316015 3.428348 0.186296 2.451844 0.188557 0.604019 2.313413 0.255582 10.432774 -0.727780 -0.212868 0.204262 3.717354
1 125.37541 -8.795554 -0.942417 -0.199347 -2.270706 -1.308156 3.395913 0.196205 2.460815 0.133019 0.626592 2.326359 0.268018 10.429328 -0.720172 -0.209790 0.209176 3.709989
1 125.37541 -8.795554 -0.942417 -0.199347 -2.270706 -1.308156 3.395913 0.196205 2.460815 0.133019 0.626592 2.326359 0.268018 10.429328 -0.720172 -0.209790 0.209176 3.709989
1 125.37541 -8.795554 -0.942417 -0.199347 -2.270706 -1.308156 3.395913 0.196205 2.460815 0.133019 0.626592 2.326359 0.268018 10.429328 -0.720172 -0.209790 0.209176 3.709989
1 125.37541 -8.795554 -0.942417 -0.199347 -2.270706 -1.308156 3.395913 0.196205 2.460815 0.133019 0.626592 2.326359 0.268018 10.429328 -0.720172 -0.209790 0.209176 3.709989
1 125.37541 -8.795554 -0.942417 -0.199347 -2.270706 -1.308156 3.395913 0.196205 2.460815 0.133019 0.626592 2.326359 0.268018 10.429328 -0.720172 -0.209790 0.209176 3.709989
1 125.37541 -8.795554 -0.942417 -0.199347 -2.270706 -1.308156 3.395913 0.196205 2.460815 0.133019 0.626592 2.326359 0.268018 10.429328 -0.720172 -0.209790 0.209176 3.709989
1 125.37541 -8.795554 -0.942417 -0.199347 -2.270706 -1.308156 3.395913 0.196205 2.460815 0.133019 0.626592 2.326359 0.268018 10.429328 -0.720172 -0.209790 0.209176 3.709989
1 125.37541 -8.795554 -0.942417 -0.199347 -2.270706 -1.308156 3.395913 0.196205 2.460815 0.133019 0.626592 2.326359 0.268018 10.429328 -0.720172 -0.209790 0.209176 3.709989
1 125.37541 -8.795554 -0.942417 -0.199347 -2.270706 -1.308156 3.395913 0.196205 2.460815 0.133019 0.626592 2.326359 0.268018 10.429328 -0.720172 -0.209790 0.209176 3.709989
1 125.37541 -8.795554 -0.942417 -0.199347 -2.270706 -1.308156 3.395913 0.196205 2.460815 0.133019 0.626592 2.326359 0.268018 10.429328 -0.720172 -0.209790 0.209176 3.709989
1 125.37541 -8.795554 -0.942417 -0.199347 -2.270706 -1.308156 3.395913 0.196205 2.460815 0.133019 0.626592 2.326359 0.268018 10.429328 -0.720172 -0.209790 0.209176 3.709989
1 125.37541 -8.795554 -0.942417 -0.199347 -2.270706 -1.308156 3.395913 0.196205 2.460815 0.133019 0.626592 2.326359 0.268018 10.429328 -0.720172 -0.209790 0.209176 3.709989
1 125.37541 -8.795554 -0.942417 -0.199347 -2.270706 -1.308156 3.395913 0.196205 2.460815 0.133019 0.626592 2.326359 0.268018 10.429328 -0.720172 -0.209790 0.209176 3.709989
1 124.75009 -8.808739 -0.964438 -0.191348 -2.275670 -1.295276 3.363616 0.202575 2.485392 0.134988 0.604771 2.308231 0.231905 10.417844 -0.727889 -0.182488 0.246910 3.694600
1 124.75009 -8.808739 -0.964438 -0.191348 -2.275670 -1.295276 3.363616 0.202575 2.485392 0.134988 0.604771 2.308231 0.231905 10.417844 -0.727889 -0.182488 0.246910 3.694600
1 124.75009 -8.808739 -0.964438 -0.191348 -2.275670 -1.295276 3.363616 0.202575 2.485392 0.134988 0.604771 2.308231 0.231905 10.417844 -0.727889 -0.182488 0.246910 3.694600
1 124.75009 -8.808739 -0.964438 -0.191348 -2.275670 -1.295276 3.363616 0.202575 2.485392 0.134988 0.604771 2.308231 0.231905 10.417844 -0.727889 -0.182488 0.246910 3.694600
1 125.44683 -8.802275 -0.964795 -0.196734 -2.266475 -1.284408 3.362623 0.226005 2.527947 0.105054 0.597614 2.298227 0.260867 10.425093 -0.719480 -0.207098 0.260556 3.712181
1 125.44683 -8.802275 -0.964795 -0.196734 -2.266475 -1.284408 3.362623 0.226005 2.527947 0.105054 0.597614 2.298227 0.260867 10.425093 -0.719480 -0.207098 0.260556 3.712181
1 125.44683 -8.802275 -0.964795 -0.196734 -2.266475 -1.284408 3.362623 0.226005 2.527947 0.105054 0.597614 2.298227 0.260867 10.425093 -0.719480 -0.207098 0.260556 3.712181
1 125.44683 -8.802275 -0.964795 -0.196734 -2.266475 -1.284408 3.362623 0.226005 2.527947 0.105054 0.597614 2.298227 0.260867 10.425093 -0.719480 -0.207098 0.260556 3.712181
1 125.44683 -8.802275 -0.964795 -0.196734 -2.266475 -1.284408 3.362623 0.226005 2.527947 0.105054 0.597614 2.298227 0.260867 10.425093 -0.719480 -0.207098 0.260556 3.712181
1 125.44683 -8.802275 -0.964795 -0.196734 -2.266475 -1.284408 3.362623 0.226005 2.527947 0.105054 0.597614 2.298227 0.260867 10.425093 -0.719480 -0.207098 0.260556 3.712181
1 125.44683 -8.802275 -0.964795 -0.196734 -2.266475 -1.284408 3.362623 0.226005 2.527947 0.105054 0.597614 2.298227 0.260867 10.425093 -0.719480 -0.207098 0.260556 3.712181
1 125.44683 -8.802275 -0.964795 -0.196734 -2.266475 -1.284408 3.362623 0.226005 2.527947 0.105054 0.597614 2.298227 0.260867 10.425093 -0.719480 -0.207098 0.260556 3.712181
1 125.44683 -8.802275 -0.964795 -0.196734 -2.266475 -1.284408 3.362623 0.226005 2.527947 0.105054 0.597614 2.298227 0.260867 10.425093 -0.719480 -0.207098 0.260556 3.712181
1 125.44683 -8.802275 -0.964795 -0.196734 -2.266475 -1.284408 3.362623 0.226005 2.527947 0.105054 0.597614 2.298227 0.260867 10.425093 -0.719480 -0.207098 0.260556 3.712181
1 125.44683 -8.802275 -0.964795 -0.196734 -2.266475 -1.284408 3.362623 0.226005 2.527947 0.105054 0.597614 2.298227 0.260867 10.425093 -0.719480 -0.207098 0.260556 3.712181
1 125.44683 -8.802275 -0.964795 -0.196734 -2.266475 -1.284408 3.362623 0.226005 2.527947 0.105054 0.597614 2.298227 0.260867 10.425093 -0.719480 -0.207098 0.260556 3.712181
1 125.44683 -8.802275 -0.964795 -0.196734 -2.266475 -1.284408 3.362623 0.226005 2.527947 0.105054 0.597614 2.298227 0.260867 10.425093 -0.719480 -0.207098 0.260556 3.712181
1 125.44683 -8.802275 -0.964795 -0.196734 -2.266475 -1.284408 3.362623 0.226005 2.527947 0.105054 0.597614 2.298227 0.260867 10.425093 -0.719480 -0.207098 0.260556 3.712181
1 125.44683 -8.802275 -0.964795 -0.196734 -2.266475 -1.284408 3.362623 0.226005 2.527947 0.105054 0.597614 2.298227 0.260867 10.425093 -0.719480 -0.207098 0.260556 3.712181
1 125.44683 -8.802275 -0.964795 -0.196734 -2.266475 -1.284408 3.362623 0.226005 2.527947 0.105054 0.597614 2.298227 0.260867 10.425093 -0.719480 -0.207098 0.260556 3.712181
1 125.44683 -8.802275 -0.964795 -0.196734 -2.266475 -1.284408 3.362623 0.226005 2.527947 0.105054 0.597614 2.298227 0.260867 10.425093 -0.719480 -0.207098 0.260556 3.712181
1 125.44683 -8.802275 -0.964795 -0.196734 -2.266475 -1.284408 3.362623 0.226005 2.527947 0.105054 0.597614 2.298227 0.260867 10.425093 -0.719480 -0.207098 0.260556 3.712181
1 125.44683 -8.802275 -0.964795 -0.196734 -2.266475 -1.284408 3.362623 0.226005 2.527947 0.105054 0.597614 2.298227 0.260867 10.425093 -0.719480 -0.207098 0.260556 3.712181
1 125.44683 -8.802275 -0.964795 -0.196734 -2.266475 -1.284408 3.362623 0.226005 2.527947 0.105054 0.597614 2.298227 0.260867 10.425093 -0.719480 -0.207098 0.260556 3.712181
1 125.44683 -8.802275 -0.964795 -0.196734 -2.266475 -1.284408 3.362623 0.226005 2.527947 0.105054 0.597614 2.298227 0.260867 10.425093 -0.719480 -0.207098 0.260556 3.712181
1 125.44683 -8.802275 -0.964795 -0.196734 -2.266475 -1.284408 3.362623 0.226005 2.527947 0.105054 0.597614 2.298227 0.260867 10.425093 -0.719480 -0.207098 0.260556 3.712181
1 125.44683 -8.802275 -0.964795 -0.196734 -2.266475 -1.284408 3.362623 0.226005 2.527947 0.105054 0.597614 2.298227 0.260867 10.425093 -0.719480 -0.207098 0.260556 3.712181
1 125.44683 -8.802275 -0.964795 -0.196734 -2.266475 -1.284408 3.362623 0.226005 2.527947 0.105054 0.597614 2.298227 0.260867 10.425093 -0.719480 -0.207098 0.260556 3.712181
1 125.44683 -8.802275 -0.964795 -0.196734 -2.266475 -1.284408 3.362623 0.226005 2.527947 0.105054 0.597614 2.298227 0.260867 10.425093 -0.719480 -0.207098 0.260556 3.712181
1 125.44683 -8.802275 -0.964795 -0.196734 -2.266475 -1.284408 3.362623 0.226005 2.527947 0.105054 0.597614 2.298227 0.260867 10.425093 -0.719480 -0.207098 0.260556 3.712181
1 125.44683 -8.802275 -0.964795 -0.196734 -2.266475 -1.284408 3.362623 0.226005 2.527947 0.105054 0.597614 2.298227 0.260867 10.425093 -0.719480 -0.207098 0.260556 3.712181
1 122.09446 -8.800267 -0.966206 -0.166244 -2.291287 -1.267607 3.404797 0.240466 2.493891 0.093393 0.563474 2.294106 0.277164 10.455789 -0.718906 -0.237026 0.257517 3.729355
1 122.09446 -8.800267 -0.966206 -0.166244 -2.291287 -1.267607 3.404797 0.240466 2.493891 0.093393 0.563474 2.294106 0.277164 10.455789 -0.718906 -0.237026 0.257517 3.729355
1 122.09446 -8.800267 -0.966206 -0.166244 -2.291287 -1.267607 3.404797 0.240466 2.493891 0.093393 0.563474 2.294106 0.277164 10.455789 -0.718906 -0.237026 0.257517 3.729355
1 122.09446 -8.800267 -0.966206 -0.166244 -2.291287 -1.267607 3.404797 0.240466 2.493891 0.093393 0.563474 2.294106 0.277164 10.455789 -0.718906 -0.237026 0.257517 3.729355
1 122.09446 -8.800267 -0.966206 -0.166244 -2.291287 -1.267607 3.404797 0.240466 2.493891 0.093393 0.563474 2.294106 0.277164 10.455789 -0.718906 -0.237026 0.257517 3.729355
1 122.09446 -8.800267 -0.966206 -0.166244 -2.291287 -1.267607 3.404797 0.240466 2.493891 0.093393 0.563474 2.294106 0.277164 10.455789 -0.718906 -0.237026 0.257517 3.729355
1 122.09446 -8.800267 -0.966206 -0.166244 -2.291287 -1.267607 3.404797 0.240466 2.493891 0.093393 0.563474 2.294106 0.277164 10.455789 -0.718906 -0.237026 0.257517 3.729355
1 122.09446 -8.800267 -0.966206 -0.166244 -2.291287 -1.267607 3.404797 0.240466 2.493891 0.093393 0.563474 2.294106 0.277164 10.455789 -0.718906 -0.237026 0.257517 3.729355
1 122.09446 -8.800267 -0.966206 -0.166244 -2.291287 -1.267607 3.404797 0.240466 2.493891 0.093393 0.563474 2.294106 0.277164 10.455789 -0.718906 -0.237026 0.257517 3.729355
1 122.09446 -8.800267 -0.966206 -0.166244 -2.291287 -1.267607 3.404797 0.240466 2.493891 0.093393 0.563474 2.294106 0.277164 10.455789 -0.718906 -0.237026 0.257517 3.729355
1 122.09446 -8.800267 -0.966206 -0.166244 -2.291287 -1.267607 3.404797 0.240466 2.493891 0.093393 0.563474 2.294106 0.277164 10.455789 -0.718906 -0.237026 0.257517 3.729355
1 122.09446 -8.800267 -0.966206 -0.166244 -2.291287 -1.267607 3.404797 0.240466 2.493891 0.093393 0.563474 2.294106 0.277164 10.455789 -0.718906 -0.237026 0.257517 3.729355
1 122.09446 -8.800267 -0.966206 -0.166244 -2.291287 -1.267607 3.404797 0.240466 2.493891 0.093393 0.563474 2.294106 0.277164 10.455789 -0.718906 -0.237026 0.257517 3.729355
1 122.09446 -8.800267 -0.966206 -0.166244 -2.291287 -1.267607 3.404797 0.240466 2.493891 0.093393 0.563474 2.294106 0.277164 10.455789 -0.718906 -0.237026 0.257517 3.729355
1 122.09446 -8.800267 -0.966206 -0.166244 -2.291287 -1.267607 3.404797 0.240466 2.493891 0.093393 0.563474 2.294106 0.277164 10.455789 -0.718906 -0.237026 0.257517 3.729355
1 122.09446 -8.800267 -0.966206 -0.166244 -2.291287 -1.267607 3.404797 0.240466 2.493891 0.093393 0.563474 2.294106 0.277164 10.455789 -0.718906 -0.237026 0.257517 3.729355
1 122.09446 -8.800267 -0.966206 -0.166244 -2.291287 -1.267607 3.404797 0.240466 2.493891 0.093393 0.563474 2.294106 0.277164 10.455789 -0.718906 -0.237026 0.257517 3.729355
1 122.09446 -8.800267 -0.966206 -0.166244 -2.291287 -1.267607 3.404797 0.240466 2.493891 0.093393 0.563474 2.294106 0.277164 10.455789 -0.718906 -0.237026 0.257517 3.729355
1 122.09446 -8.800267 -0.966206 -0.166244 -2.291287 -1.267607 3.404797 0.240466 2.493891 0.093393 0.563474 2.294106 0.277164 10.455789 -0.718906 -0.237026 0.257517 3.729355
1 122.09446 -8.800267 -0.966206 -0.166244 -2.291287 -1.267607 3.404797 0.240466 2.493891 0.093393 0.563474 2.294106 0.277164 10.455789 -0.718906 -0.237026 0.257517 3.729355
1 122.09446 -8.800267 -0.966206 -0.166244 -2.291287 -1.267607 3.404797 0.240466 2.493891 0.093393 0.563474 2.294106 0.277164 10.455789 -0.718906 -0.237026 0.257517 3.729355
1 122.09446 -8.800267 -0.966206 -0.166244 -2.291287 -1.267607 3.404797 0.240466 2.493891 0.093393 0.563474 2.294106 0.277164 10.455789 -0.718906 -0.237026 0.257517 3.729355
1 122.09446 -8.800267 -0.966206 -0.166244 -2.291287 -1.267607 3.404797 0.240466 2.493891 0.093393 0.563474 2.294106 0.277164 10.455789 -0.718906 -0.237026 0.257517 3.729355
1 122.09446 -8.800267 -0.966206 -0.166244 -2.291287 -1.267607 3.404797 0.240466 2.493891 0.093393 0.563474 2.294106 0.277164 10.455789 -0.718906 -0.237026 0.257517 3.729355
1 122.09446 -8.800267 -0.966206 -0.166244 -2.291287 -1.267607 3.404797 0.240466 2.493891 0.093393 0.563474 2.294106 0.277164 10.455789 -0.718906 -0.237026 0.257517 3.729355
1 122.09446 -8.800267 -0.966206 -0.166244 -2.291287 -1.267607 3.404797 0.240466 2.493891 0.093393 0.563474 2.294106 0.277164 10.455789 -0.718906 -0.237026 0.257517 3.729355
1 122.09446 -8.800267 -0.966206 -0.166244 -2.291287 -1.267607 3.404797 0.240466 2.493891 0.093393 0.563474 2.294106 0.277164 10.455789 -0.718906 -0.237026 0.257517 3.729355
1 122.09446 -8.800267 -0.966206 -0.166244 -2.291287 -1.267607 3.404797 0.240466 2.493891 0.093393 0.563474 2.294106 0.277164 10.455789 -0.718906 -0.237026 0.257517 3.729355
1 122.09446 -8.800267 -0.966206 -0.166244 -2.291287 -1.267607 3.404797 0.240466 2.493891 0.093393 0.563474 2.294106 0.277164 10.455789 -0.718906 -0.237026 0.257517 3.729355
1 122.09446 -8.800267 -0.966206 -0.166244 -2.291287 -1.267607 3.404797 0.240466 2.493891 0.093393 0.563474 2.294106 0.277164 10.455789 -0.718906 -0.237026 0.257517 3.729355
1 122.09446 -8.800267 -0.966206 -0.166244 -2.291287 -1.267607 3.404797 0.240466 2.493891 0.093393 0.563474 2.294106 0.277164 10.455789 -0.718906 -0.237026 0.257517 3.729355
1 122.09446 -8.800267 -0.966206 -0.166244 -2.291287 -1.267607 3.404797 0.240466 2.493891 0.093393 0.563474 2.294106 0.277164 10.455789 -0.718906 -0.237026 0.257517 3.729355
1 122.09446 -8.800267 -0.966206 -0.166244 -2.291287 -1.267607 3.404797 0.240466 2.493891 0.093393 0.563474 2.294106 0.277164 10.455789 -0.718906 -0.237026 0.257517 3.729355
1 122.09446 -8.800267 -0.966206 -0.166244 -2.291287 -1.267607 3.404797 0.240466 2.493891 0.093393 0.563474 2.294106 0.277164 10.455789 -0.718906 -0.237026 0.257517 3.729355
1 122.09446 -8.800267 -0.966206 -0.166244 -2.291287 -1.267607 3.404797 0.240466 2.493891 0.093393 0.563474 2.294106 0.277164 10.455789 -0.718906 -0.237026 0.257517 3.729355
1 122.09446 -8.800267 -0.966206 -0.166244 -2.291287 -1.267607 3.404797 0.240466 2.493891 0.093393 0.563474 2.294106 0.277164 10.455789 -0.718906 -0.237026 0.257517 3.729355
1 122.09446 -8.800267 -0.966206 -0.166244 -2.291287 -1.267607 3.404797 0.240466 2.493891 0.093393 0.563474 2.294106 0.277164 10.455789 -0.718906 -0.237026 0.257517 3.729355
1 122.09446 -8.800267 -0.966206 -0.166244 -2.291287 -1.267607 3.404797 0.240466 2.493891 0.093393 0.563474 2.294106 0.277164 10.455789 -0.718906 -0.237026 0.257517 3.729355
1 122.09446 -8.800267 -0.966206 -0.166244 -2.291287 -1.267607 3.404797 0.240466 2.493891 0.093393 0.563474 2.294106 0.277164 10.455789 -0.718906 -0.237026 0.257517 3.729355
1 122.09446 -8.800267 -0.966206 -0.166244 -2.291287 -1.267607 3.404797 0.240466 2.493891 0.093393 0.563474 2.294106 0.277164 10.455789 -0.718906 -0.237026 0.257517 3.729355
1 122.09446 -8.800267 -0.966206 -0.166244 -2.291287 -1.267607 3.404797 0.240466 2.493891 0.093393 0.563474 2.294106 0.277164 10.455789 -0.718906 -0.237026 0.257517 3.729355
1 122.09446 -8.800267 -0.966206 -0.166244 -2.291287 -1.267607 3.404797 0.240466 2.493891 0.093393 0.563474 2.294106 0.277164 10.455789 -0.718906 -0.237026 0.257517 3.729355
1 122.09446 -8.800267 -0.966206 -0.166244 -2.291287 -1.267607 3.404797 0.240466 2.493891 0.093393 0.563474 2.294106 0.277164 10.455789 -0.718906 -0.237026 0.257517 3.729355
1 122.09446 -8.800267 -0.966206 -0.166244 -2.291287 -1.267607 3.404797 0.240466 2.493891 0.093393 0.563474 2.294106 0.277164 10.455789 -0.718906 -0.237026 0.257517 3.729355
1 122.09446 -8.800267 -0.966206 -0.166244 -2.291287 -1.267607 3.404797 0.240466 2.493891 0.093393 0.563474 2.294106 0.277164 10.455789 -0.718906 -0.237026 0.257517 3.729355
1 122.09446 -8.800267 -0.966206 -0.166244 -2.291287 -1.267607 3.404797 0.240466 2.493891 0.093393 0.563474 2.294106 0.277164 10.455789 -0.718906 -0.237026 0.257517 3.729355
1 122.09446 -8.800267 -0.966206 -0.166244 -2.291287 -1.267607 3.404797 0.240466 2.493891 0.093393 0.563474 2.294106 0.277164 10.455789 -0.718906 -0.237026 0.257517 3.729355
1 122.09446 -8.800267 -0.966206 -0.166244 -2.291287 -1.267607 3.404797 0.240466 2.493891 0.093393 0.563474 2.294106 0.277164 10.455789 -0.718906 -0.237026 0.257517 3.729355
1 122.09446 -8.800267 -0.966206 -0.166244 -2.291287 -1.267607 3.404797 0.240466 2.493891 0.093393 0.563474 2.294106 0.277164 10.455789 -0.718906 -0.237026 0.257517 3.729355
1 122.09446 -8.800267 -0.966206 -0.166244 -2.291287 -1.267607 3.404797 0.240466 2.493891 0.093393 0.563474 2.294106 0.277164 10.455789 -0.718906 -0.237026 0.257517 3.729355
1 122.09446 -8.800267 -0.966206 -0.166244 -2.291287 -1.267607 3.404797 0.240466 2.493891 0.093393 0.563474 2.294106 0.277164 10.455789 -0.718906 -0.237026 0.257517 3.729355
1 122.09446 -8.800267 -0.966206 -0.166244 -2.291287 -1.267607 3.404797 0.240466 2.493891 0.093393 0.563474 2.294106 0.277164 10.455789 -0.718906 -0.237026 0.257517 3.729355
1 122.09446 -8.800267 -0.966206 -0.166244 -2.291287 -1.267607 3.404797 0.240466 2.493891 0.093393 0.563474 2.294106 0.277164 10.455789 -0.718906 -0.237026 0.257517 3.729355
1 122.09446 -8.800267 -0.966206 -0.166244 -2.291287 -1.267607 3.404797 0.240466 2.493891 0.093393 0.563474 2.294106 0.277164 10.455789 -0.718906 -0.237026 0.257517 3.729355
1 122.09446 -8.800267 -0.966206 -0.166244 -2.291287 -1.267607 3.404797 0.240466 2.493891 0.093393 0.563474 2.294106 0.277164 10.455789 -0.718906 -0.237026 0.257517 3.729355
1 122.09446 -8.800267 -0.966206 -0.166244 -2.291287 -1.267607 3.404797 0.240466 2.493891 0.093393 0.563474 2.294106 0.277164 10.455789 -0.718906 -0.237026 0.257517 3.729355
1 122.09446 -8.800267 -0.966206 -0.166244 -2.291287 -1.267607 3.404797 0.240466 2.493891 0.093393 0.563474 2.294106 0.277164 10.455789 -0.718906 -0.237026 0.257517 3.729355
1 122.09446 -8.800267 -0.966206 -0.166244 -2.291287 -1.267607 3.404797 0.240466 2.493891 0.093393 0.563474 2.294106 0.277164 10.455789 -0.718906 -0.237026 0.257517 3.729355
1 122.09446 -8.800267 -0.966206 -0.166244 -2.291287 -1.267607 3.404797 0.240466 2.493891 0.093393 0.563474 2.294106 0.277164 10.455789 -0.718906 -0.237026 0.257517 3.729355
1 122.09446 -8.800267 -0.966206 -0.166244 -2.291287 -1.267607 3.404797 0.240466 2.493891 0.093393 0.563474 2.294106 0.277164 10.455789 -0.718906 -0.237026 0.257517 3.729355
1 122.09446 -8.800267 -0.966206 -0.166244 -2.291287 -1.267607 3.404797 0.240466 2.493891 0.093393 0.563474 2.294106 0.277164 10.455789 -0.718906 -0.237026 0.257517 3.729355
1 122.09446 -8.800267 -0.966206 -0.166244 -2.291287 -1.267607 3.404797 0.240466 2.493891 0.093393 0.563474 2.294106 0.277164 10.455789 -0.718906 -0.237026 0.257517 3.729355
1 122.09446 -8.800267 -0.966206 -0.166244 -2.291287 -1.267607 3.404797 0.240466 2.493891 0.093393 0.563474 2.294106 0.277164 10.455789 -0.718906 -0.237026 0.257517 3.729355
1 122.09446 -8.800267 -0.966206 -0.166244 -2.291287 -1.267607 3.404797 0.240466 2.493891 0.093393 0.563474 2.294106 0.277164 10.455789 -0.718906 -0.237026 0.257517 3.729355
1 122.09446 -8.800267 -0.966206 -0.166244 -2.291287 -1.267607 3.404797 0.240466 2.493891 0.093393 0.563474 2.294106 0.277164 10.455789 -0.718906 -0.237026 0.257517 3.729355
