1 306.81469 -8.529721 -0.954004 -0.200102 -2.288274 -1.467756 3.445219 0.256040 2.480798 0.233431 0.565609 2.264030 0.120835 10.356486 -0.252508 0.280485 3.589195
1 306.81469 -8.529721 -0.954004 -0.200102 -2.288274 -1.467756 3.445219 0.256040 2.480798 0.233431 0.565609 2.264030 0.120835 10.356486 -0.252508 0.280485 3.589195
1 306.81469 -8.529721 -0.954004 -0.200102 -2.288274 -1.467756 3.445219 0.256040 2.480798 0.233431 0.565609 2.264030 0.120835 10.356486 -0.252508 0.280485 3.589195
1 306.81469 -8.529721 -0.954004 -0.200102 -2.288274 -1.467756 3.445219 0.256040 2.480798 0.233431 0.565609 2.264030 0.120835 10.356486 -0.252508 0.280485 3.589195
1 304.5745 -8.526500 -0.958132 -0.192873 -2.265468 -1.516470 3.440293 0.259314 2.493006 0.242379 0.527926 2.287210 0.097788 10.360351 -0.244826 0.268970 3.573873
1 304.5745 -8.526500 -0.958132 -0.192873 -2.265468 -1.516470 3.440293 0.259314 2.493006 0.242379 0.527926 2.287210 0.097788 10.360351 -0.244826 0.268970 3.573873
1 304.5745 -8.526500 -0.958132 -0.192873 -2.265468 -1.516470 3.440293 0.259314 2.493006 0.242379 0.527926 2.287210 0.097788 10.360351 -0.244826 0.268970 3.573873
1 304.5745 -8.526500 -0.958132 -0.192873 -2.265468 -1.516470 3.440293 0.259314 2.493006 0.242379 0.527926 2.287210 0.097788 10.360351 -0.244826 0.268970 3.573873
1 304.5745 -8.526500 -0.958132 -0.192873 -2.265468 -1.516470 3.440293 0.259314 2.493006 0.242379 0.527926 2.287210 0.097788 10.360351 -0.244826 0.268970 3.573873
1 300.44431 -8.505325 -0.974394 -0.183175 -2.254023 -1.506998 3.442929 0.256689 2.480722 0.242891 0.509070 2.260231 0.119890 10.327119 -0.271729 0.297397 3.589725
1 300.44431 -8.505325 -0.974394 -0.183175 -2.254023 -1.506998 3.442929 0.256689 2.480722 0.242891 0.509070 2.260231 0.119890 10.327119 -0.271729 0.297397 3.589725
1 300.44431 -8.505325 -0.974394 -0.183175 -2.254023 -1.506998 3.442929 0.256689 2.480722 0.242891 0.509070 2.260231 0.119890 10.327119 -0.271729 0.297397 3.589725
1 300.44431 -8.505325 -0.974394 -0.183175 -2.254023 -1.506998 3.442929 0.256689 2.480722 0.242891 0.509070 2.260231 0.119890 10.327119 -0.271729 0.297397 3.589725
1 300.44431 -8.505325 -0.974394 -0.183175 -2.254023 -1.506998 3.442929 0.256689 2.480722 0.242891 0.509070 2.260231 0.119890 10.327119 -0.271729 0.297397 3.589725
1 300.44431 -8.505325 -0.974394 -0.183175 -2.254023 -1.506998 3.442929 0.256689 2.480722 0.242891 0.509070 2.260231 0.119890 10.327119 -0.271729 0.297397 3.589725
1 300.44431 -8.505325 -0.974394 -0.183175 -2.254023 -1.506998 3.442929 0.256689 2.480722 0.242891 0.509070 2.260231 0.119890 10.327119 -0.271729 0.297397 3.589725
1 300.44431 -8.505325 -0.974394 -0.183175 -2.254023 -1.506998 3.442929 0.256689 2.480722 0.242891 0.509070 2.260231 0.119890 10.327119 -0.271729 0.297397 3.589725
1 300.44431 -8.505325 -0.974394 -0.183175 -2.254023 -1.506998 3.442929 0.256689 2.480722 0.242891 0.509070 2.260231 0.119890 10.327119 -0.271729 0.297397 3.589725
1 280.27087 -8.496519 -0.965387 -0.203511 -2.277063 -1.530568 3.457631 0.259028 2.485250 0.228622 0.482004 2.223876 0.107168 10.308815 -0.279528 0.274231 3.604093
1 280.27087 -8.496519 -0.965387 -0.203511 -2.277063 -1.530568 3.457631 0.259028 2.485250 0.228622 0.482004 2.223876 0.107168 10.308815 -0.279528 0.274231 3.604093
1 280.27087 -8.496519 -0.965387 -0.203511 -2.277063 -1.530568 3.457631 0.259028 2.485250 0.228622 0.482004 2.223876 0.107168 10.308815 -0.279528 0.274231 3.604093
1 280.27087 -8.496519 -0.965387 -0.203511 -2.277063 -1.530568 3.457631 0.259028 2.485250 0.228622 0.482004 2.223876 0.107168 10.308815 -0.279528 0.274231 3.604093
1 280.27087 -8.496519 -0.965387 -0.203511 -2.277063 -1.530568 3.457631 0.259028 2.485250 0.228622 0.482004 2.223876 0.107168 10.308815 -0.279528 0.274231 3.604093
1 280.27087 -8.496519 -0.965387 -0.203511 -2.277063 -1.530568 3.457631 0.259028 2.485250 0.228622 0.482004 2.223876 0.107168 10.308815 -0.279528 0.274231 3.604093
1 280.27087 -8.496519 -0.965387 -0.203511 -2.277063 -1.530568 3.457631 0.259028 2.485250 0.228622 0.482004 2.223876 0.107168 10.308815 -0.279528 0.274231 3.604093
1 280.27087 -8.496519 -0.965387 -0.203511 -2.277063 -1.530568 3.457631 0.259028 2.485250 0.228622 0.482004 2.223876 0.107168 10.308815 -0.279528 0.274231 3.604093
1 280.27087 -8.496519 -0.965387 -0.203511 -2.277063 -1.530568 3.457631 0.259028 2.485250 0.228622 0.482004 2.223876 0.107168 10.308815 -0.279528 0.274231 3.604093
1 280.27087 -8.496519 -0.965387 -0.203511 -2.277063 -1.530568 3.457631 0.259028 2.485250 0.228622 0.482004 2.223876 0.107168 10.308815 -0.279528 0.274231 3.604093
1 280.27087 -8.496519 -0.965387 -0.203511 -2.277063 -1.530568 3.457631 0.259028 2.485250 0.228622 0.482004 2.223876 0.107168 10.308815 -0.279528 0.274231 3.604093
1 280.27087 -8.496519 -0.965387 -0.203511 -2.277063 -1.530568 3.457631 0.259028 2.485250 0.228622 0.482004 2.223876 0.107168 10.308815 -0.279528 0.274231 3.604093
1 280.27087 -8.496519 -0.965387 -0.203511 -2.277063 -1.530568 3.457631 0.259028 2.485250 0.228622 0.482004 2.223876 0.107168 10.308815 -0.279528 0.274231 3.604093
1 280.27087 -8.496519 -0.965387 -0.203511 -2.277063 -1.530568 3.457631 0.259028 2.485250 0.228622 0.482004 2.223876 0.107168 10.308815 -0.279528 0.274231 3.604093
1 280.27087 -8.496519 -0.965387 -0.203511 -2.277063 -1.530568 3.457631 0.259028 2.485250 0.228622 0.482004 2.223876 0.107168 10.308815 -0.279528 0.274231 3.604093
1 280.27087 -8.496519 -0.965387 -0.203511 -2.277063 -1.530568 3.457631 0.259028 2.485250 0.228622 0.482004 2.223876 0.107168 10.308815 -0.279528 0.274231 3.604093
1 280.27087 -8.496519 -0.965387 -0.203511 -2.277063 -1.530568 3.457631 0.259028 2.485250 0.228622 0.482004 2.223876 0.107168 10.308815 -0.279528 0.274231 3.604093
1 280.27087 -8.496519 -0.965387 -0.203511 -2.277063 -1.530568 3.457631 0.259028 2.485250 0.228622 0.482004 2.223876 0.107168 10.308815 -0.279528 0.274231 3.604093
1 280.38179 -8.501421 -0.951441 -0.200535 -2.275568 -1.554915 3.434147 0.282576 2.476461 0.223889 0.499034 2.232003 0.110649 10.305623 -0.309668 0.282969 3.587178
1 280.38179 -8.501421 -0.951441 -0.200535 -2.275568 -1.554915 3.434147 0.282576 2.476461 0.223889 0.499034 2.232003 0.110649 10.305623 -0.309668 0.282969 3.587178
1 280.38179 -8.501421 -0.951441 -0.200535 -2.275568 -1.554915 3.434147 0.282576 2.476461 0.223889 0.499034 2.232003 0.110649 10.305623 -0.309668 0.282969 3.587178
1 280.38179 -8.501421 -0.951441 -0.200535 -2.275568 -1.554915 3.434147 0.282576 2.476461 0.223889 0.499034 2.232003 0.110649 10.305623 -0.309668 0.282969 3.587178
1 280.38179 -8.501421 -0.951441 -0.200535 -2.275568 -1.554915 3.434147 0.282576 2.476461 0.223889 0.499034 2.232003 0.110649 10.305623 -0.309668 0.282969 3.587178
1 280.38179 -8.501421 -0.951441 -0.200535 -2.275568 -1.554915 3.434147 0.282576 2.476461 0.223889 0.499034 2.232003 0.110649 10.305623 -0.309668 0.282969 3.587178
1 280.38179 -8.501421 -0.951441 -0.200535 -2.275568 -1.554915 3.434147 0.282576 2.476461 0.223889 0.499034 2.232003 0.110649 10.305623 -0.309668 0.282969 3.587178
1 280.38179 -8.501421 -0.951441 -0.200535 -2.275568 -1.554915 3.434147 0.282576 2.476461 0.223889 0.499034 2.232003 0.110649 10.305623 -0.309668 0.282969 3.587178
1 280.38179 -8.501421 -0.951441 -0.200535 -2.275568 -1.554915 3.434147 0.282576 2.476461 0.223889 0.499034 2.232003 0.110649 10.305623 -0.309668 0.282969 3.587178
1 280.38179 -8.501421 -0.951441 -0.200535 -2.275568 -1.554915 3.434147 0.282576 2.476461 0.223889 0.499034 2.232003 0.110649 10.305623 -0.309668 0.282969 3.587178
1 280.38179 -8.501421 -0.951441 -0.200535 -2.275568 -1.554915 3.434147 0.282576 2.476461 0.223889 0.499034 2.232003 0.110649 10.305623 -0.309668 0.282969 3.587178
1 280.38179 -8.501421 -0.951441 -0.200535 -2.275568 -1.554915 3.434147 0.282576 2.476461 0.223889 0.499034 2.232003 0.110649 10.305623 -0.309668 0.282969 3.587178
1 280.38179 -8.501421 -0.951441 -0.200535 -2.275568 -1.554915 3.434147 0.282576 2.476461 0.223889 0.499034 2.232003 0.110649 10.305623 -0.309668 0.282969 3.587178
1 280.38179 -8.501421 -0.951441 -0.200535 -2.275568 -1.554915 3.434147 0.282576 2.476461 0.223889 0.499034 2.232003 0.110649 10.305623 -0.309668 0.282969 3.587178
1 280.38179 -8.501421 -0.951441 -0.200535 -2.275568 -1.554915 3.434147 0.282576 2.476461 0.223889 0.499034 2.232003 0.110649 10.305623 -0.309668 0.282969 3.587178
1 280.38179 -8.501421 -0.951441 -0.200535 -2.275568 -1.554915 3.434147 0.282576 2.476461 0.223889 0.499034 2.232003 0.110649 10.305623 -0.309668 0.282969 3.587178
1 280.38179 -8.501421 -0.951441 -0.200535 -2.275568 -1.554915 3.434147 0.282576 2.476461 0.223889 0.499034 2.232003 0.110649 10.305623 -0.309668 0.282969 3.587178
1 280.38179 -8.501421 -0.951441 -0.200535 -2.275568 -1.554915 3.434147 0.282576 2.476461 0.223889 0.499034 2.232003 0.110649 10.305623 -0.309668 0.282969 3.587178
1 280.38179 -8.501421 -0.951441 -0.200535 -2.275568 -1.554915 3.434147 0.282576 2.476461 0.223889 0.499034 2.232003 0.110649 10.305623 -0.309668 0.282969 3.587178
1 280.38179 -8.501421 -0.951441 -0.200535 -2.275568 -1.554915 3.434147 0.282576 2.476461 0.223889 0.499034 2.232003 0.110649 10.305623 -0.309668 0.282969 3.587178
1 280.38179 -8.501421 -0.951441 -0.200535 -2.275568 -1.554915 3.434147 0.282576 2.476461 0.223889 0.499034 2.232003 0.110649 10.305623 -0.309668 0.282969 3.587178
1 280.38179 -8.501421 -0.951441 -0.200535 -2.275568 -1.554915 3.434147 0.282576 2.476461 0.223889 0.499034 2.232003 0.110649 10.305623 -0.309668 0.282969 3.587178
1 280.38179 -8.501421 -0.951441 -0.200535 -2.275568 -1.554915 3.434147 0.282576 2.476461 0.223889 0.499034 2.232003 0.110649 10.305623 -0.309668 0.282969 3.587178
1 280.38179 -8.501421 -0.951441 -0.200535 -2.275568 -1.554915 3.434147 0.282576 2.476461 0.223889 0.499034 2.232003 0.110649 10.305623 -0.309668 0.282969 3.587178
1 280.38179 -8.501421 -0.951441 -0.200535 -2.275568 -1.554915 3.434147 0.282576 2.476461 0.223889 0.499034 2.232003 0.110649 10.305623 -0.309668 0.282969 3.587178
1 280.38179 -8.501421 -0.951441 -0.200535 -2.275568 -1.554915 3.434147 0.282576 2.476461 0.223889 0.499034 2.232003 0.110649 10.305623 -0.309668 0.282969 3.587178
1 280.38179 -8.501421 -0.951441 -0.200535 -2.275568 -1.554915 3.434147 0.282576 2.476461 0.223889 0.499034 2.232003 0.110649 10.305623 -0.309668 0.282969 3.587178
1 280.38179 -8.501421 -0.951441 -0.200535 -2.275568 -1.554915 3.434147 0.282576 2.476461 0.223889 0.499034 2.232003 0.110649 10.305623 -0.309668 0.282969 3.587178
1 280.38179 -8.501421 -0.951441 -0.200535 -2.275568 -1.554915 3.434147 0.282576 2.476461 0.223889 0.499034 2.232003 0.110649 10.305623 -0.309668 0.282969 3.587178
1 280.38179 -8.501421 -0.951441 -0.200535 -2.275568 -1.554915 3.434147 0.282576 2.476461 0.223889 0.499034 2.232003 0.110649 10.305623 -0.309668 0.282969 3.587178
1 280.38179 -8.501421 -0.951441 -0.200535 -2.275568 -1.554915 3.434147 0.282576 2.476461 0.223889 0.499034 2.232003 0.110649 10.305623 -0.309668 0.282969 3.587178
1 280.38179 -8.501421 -0.951441 -0.200535 -2.275568 -1.554915 3.434147 0.282576 2.476461 0.223889 0.499034 2.232003 0.110649 10.305623 -0.309668 0.282969 3.587178
