1 inf -8.586613 -0.891132 -0.232604 -2.263402 -1.434146 3.468301 0.266964 2.451794 0.192178 0.537106 2.298834 0.091650 10.344837 -0.286045 0.279926 3.586021
1 inf -8.573758 -0.835474 -0.196181 -2.276376 -1.457290 3.451357 0.282485 2.472961 0.182078 0.535820 2.316939 0.101660 10.317764 -0.258495 0.274870 3.580770
1 inf -8.585595 -0.839381 -0.188276 -2.278969 -1.442290 3.456713 0.277121 2.427323 0.148131 0.545240 2.329295 0.127142 10.279617 -0.277941 0.243220 3.596574
1 inf -8.540394 -0.842325 -0.186799 -2.286909 -1.446649 3.456236 0.298998 2.384958 0.102160 0.547905 2.327692 0.134387 10.284992 -0.277839 0.220261 3.577243
1 inf -8.500991 -0.855092 -0.184791 -2.299893 -1.450184 3.470725 0.295290 2.398564 0.088646 0.543962 2.333269 0.101008 10.274976 -0.287284 0.211926 3.570481
1 inf -8.516697 -0.853256 -0.207707 -2.302276 -1.426936 3.470111 0.293716 2.409884 0.084241 0.499965 2.331329 0.095409 10.228846 -0.277024 0.239493 3.547392
1 inf -8.520840 -0.855983 -0.208428 -2.267369 -1.457788 3.476885 0.314216 2.404996 0.113240 0.487803 2.340274 0.135291 10.227496 -0.209357 0.231945 3.521577
1 inf -8.522600 -0.875201 -0.195001 -2.246131 -1.421968 3.455973 0.300845 2.379253 0.114731 0.466797 2.344933 0.100179 10.221316 -0.215375 0.251287 3.499212
1 inf -8.518409 -0.894565 -0.201072 -2.234379 -1.450499 3.468833 0.308334 2.390385 0.126576 0.457882 2.368084 0.067864 10.232175 -0.213015 0.250913 3.512824
1 inf -8.534126 -0.899749 -0.215493 -2.256093 -1.438771 3.458650 0.286349 2.381817 0.134884 0.461483 2.382225 0.061330 10.222888 -0.226656 0.270198 3.512505
1 inf -8.554763 -0.896441 -0.217400 -2.218591 -1.424756 3.474296 0.279844 2.374087 0.159453 0.476330 2.409266 0.086256 10.223069 -0.222584 0.283649 3.508759
1 inf -8.569932 -0.923673 -0.187308 -2.216377 -1.441161 3.463602 0.318239 2.369755 0.195527 0.453135 2.421873 0.070611 10.245141 -0.249669 0.281748 3.533034
1 inf -8.628343 -0.908109 -0.196750 -2.191822 -1.450632 3.470990 0.337991 2.364863 0.203287 0.444584 2.374480 0.050778 10.235243 -0.239263 0.282392 3.526665
1 inf -8.657151 -0.907884 -0.207693 -2.225468 -1.472458 3.466990 0.338455 2.388536 0.217260 0.451782 2.391120 0.034666 10.248140 -0.243385 0.265831 3.532565
1 inf -8.656872 -0.908245 -0.181283 -2.227788 -1.528515 3.448030 0.298831 2.428050 0.194650 0.440644 2.377907 0.024653 10.227572 -0.224666 0.224371 3.540641
1 inf -8.681233 -0.870278 -0.173988 -2.193128 -1.496998 3.453620 0.297996 2.386683 0.167777 0.421871 2.379036 0.023244 10.240521 -0.223186 0.229847 3.523211
1 inf -8.676044 -0.855960 -0.207905 -2.206327 -1.520547 3.433189 0.287558 2.375578 0.126919 0.422794 2.340718 0.004931 10.248168 -0.209600 0.193355 3.580394
1 inf -8.674277 -0.850060 -0.223156 -2.162275 -1.543586 3.414181 0.288960 2.368273 0.118277 0.464837 2.328045 0.019520 10.220071 -0.242317 0.232986 3.578940
1 inf -8.677410 -0.823520 -0.257679 -2.220862 -1.519297 3.443064 0.281199 2.361958 0.128617 0.440602 2.344452 -0.000945 10.194880 -0.230474 0.263408 3.601052
1 inf -8.691061 -0.819659 -0.260256 -2.194772 -1.559085 3.465568 0.238350 2.376993 0.130158 0.444066 2.335281 -0.011332 10.194818 -0.223401 0.258149 3.593794
1 inf -8.667934 -0.794068 -0.284110 -2.238403 -1.564748 3.463476 0.212774 2.383700 0.130123 0.487482 2.334948 -0.043124 10.224007 -0.223925 0.218086 3.592523
1 inf -8.704312 -0.817232 -0.251698 -2.262276 -1.569276 3.459453 0.220287 2.401481 0.124395 0.496351 2.309669 -0.042755 10.224589 -0.169787 0.250568 3.616504
1 inf -8.687843 -0.801666 -0.276397 -2.233252 -1.563434 3.468305 0.199102 2.380459 0.150100 0.456133 2.288522 -0.065495 10.233297 -0.161227 0.251610 3.609579
1 inf -8.721442 -0.769103 -0.292142 -2.237583 -1.570643 3.448995 0.198115 2.395844 0.148702 0.466810 2.315250 -0.062336 10.227818 -0.171913 0.242889 3.597655
1 inf -8.741399 -0.733254 -0.244182 -2.244469 -1.542871 3.443867 0.180939 2.360775 0.147372 0.484548 2.360432 -0.045490 10.245686 -0.156285 0.252374 3.599886
1 inf -8.771897 -0.726441 -0.240841 -2.252913 -1.542934 3.425441 0.161292 2.362801 0.140922 0.470556 2.344073 -0.006311 10.215022 -0.170172 0.249488 3.603649
1 inf -8.755678 -0.725545 -0.239739 -2.232463 -1.577684 3.421733 0.181927 2.359927 0.089362 0.460321 2.330701 -0.010406 10.200986 -0.164714 0.245102 3.639654
1 inf -8.747421 -0.709295 -0.262359 -2.213206 -1.588492 3.470033 0.204718 2.356356 0.071297 0.473956 2.294168 0.025230 10.216824 -0.155786 0.273368 3.663189
1 inf -8.767786 -0.682252 -0.255356 -2.202105 -1.608953 3.453912 0.187225 2.364927 0.051618 0.466386 2.328650 0.030351 10.207700 -0.145328 0.218979 3.649247
1 inf -8.782261 -0.670646 -0.266239 -2.196537 -1.648197 3.469217 0.180268 2.383134 0.036005 0.467784 2.332288 0.077277 10.194698 -0.120327 0.239135 3.661704
1 inf -8.764984 -0.663333 -0.289025 -2.192149 -1.615515 3.463797 0.203625 2.370838 0.035126 0.498301 2.302387 0.048542 10.222896 -0.111632 0.253191 3.677863
1 inf -8.762967 -0.684809 -0.302805 -2.156665 -1.619058 3.468880 0.268090 2.318499 0.050378 0.498761 2.305763 0.028983 10.205655 -0.122081 0.252322 3.659155
1 inf -8.763403 -0.705963 -0.302414 -2.173357 -1.617763 3.468420 0.239418 2.322937 0.053530 0.528837 2.315449 0.026313 10.209769 -0.137502 0.226881 3.689775
1 inf -8.762533 -0.709078 -0.295725 -2.174254 -1.591277 3.428247 0.213485 2.326453 0.059385 0.504573 2.333766 0.044376 10.194854 -0.149711 0.228293 3.683175
1 inf -8.758543 -0.667272 -0.282525 -2.171402 -1.592992 3.394199 0.219306 2.301511 0.096177 0.513639 2.371017 0.029410 10.200370 -0.174123 0.260969 3.650850
1 inf -8.756208 -0.661229 -0.254801 -2.166115 -1.611492 3.404524 0.215600 2.287660 0.146523 0.564937 2.364542 0.018456 10.230264 -0.198211 0.274507 3.638533
1 inf -8.758566 -0.659529 -0.243661 -2.163980 -1.631638 3.396231 0.222340 2.327986 0.138650 0.576502 2.323636 0.000324 10.245241 -0.178962 0.278092 3.662644
1 inf -8.725488 -0.639841 -0.210199 -2.149577 -1.616802 3.374011 0.221627 2.317407 0.142431 0.590256 2.324690 -0.015733 10.209831 -0.165181 0.228277 3.684053
1 inf -8.749849 -0.601874 -0.202904 -2.114917 -1.585285 3.379601 0.220792 2.276040 0.115558 0.571483 2.325819 -0.017142 10.222780 -0.163701 0.233753 3.666623
1 inf -8.784948 -0.600732 -0.207660 -2.131814 -1.580888 3.372663 0.210545 2.280338 0.092161 0.570731 2.349055 -0.012186 10.232884 -0.161327 0.243553 3.692446
1 inf -8.783637 -0.619779 -0.256551 -2.110261 -1.554407 3.381604 0.195507 2.307064 0.063103 0.617170 2.347731 -0.032030 10.219912 -0.175219 0.251001 3.659024
1 inf -8.814585 -0.623284 -0.255952 -2.101437 -1.536699 3.369678 0.202749 2.284590 0.071833 0.599626 2.354711 0.002989 10.219298 -0.190961 0.222400 3.617470
1 inf -8.848956 -0.618470 -0.238260 -2.079836 -1.569595 3.361095 0.225962 2.323980 0.086594 0.612383 2.378787 -0.018822 10.195575 -0.184459 0.221891 3.621874
1 inf -8.870477 -0.643301 -0.223343 -2.080074 -1.569308 3.356674 0.186558 2.341362 0.031368 0.611927 2.386863 -0.046414 10.251286 -0.199216 0.215659 3.613469
1 inf -8.851029 -0.662854 -0.214434 -2.080488 -1.563629 3.364438 0.184545 2.362446 0.008540 0.604008 2.387613 -0.049624 10.251742 -0.178953 0.246470 3.609951
1 inf -8.860272 -0.672191 -0.208577 -2.060364 -1.562709 3.371063 0.171769 2.371598 -0.001177 0.615335 2.382676 -0.021400 10.230769 -0.217537 0.242304 3.632716
1 inf -8.846230 -0.663690 -0.201721 -2.023501 -1.556455 3.363821 0.182042 2.404461 0.017588 0.619866 2.347672 -0.000716 10.260043 -0.214666 0.204180 3.659331
1 inf -8.870495 -0.699195 -0.211747 -2.026215 -1.523666 3.379192 0.197742 2.431766 0.009744 0.642726 2.345610 0.009406 10.233581 -0.171835 0.228094 3.656599
1 inf -8.866207 -0.689235 -0.197373 -2.080226 -1.516000 3.394946 0.191704 2.430329 0.025207 0.614271 2.345103 -0.016717 10.231493 -0.146704 0.190938 3.669832
1 inf -8.872920 -0.683587 -0.208860 -2.081314 -1.511712 3.397397 0.183217 2.423079 0.035463 0.633256 2.293775 -0.030975 10.199411 -0.125125 0.207998 3.672642
1 inf -8.859375 -0.674051 -0.211609 -2.090410 -1.504554 3.372381 0.193441 2.371163 0.068493 0.621980 2.268197 -0.016976 10.167189 -0.142683 0.249086 3.670534
1 inf -8.851747 -0.657766 -0.218842 -2.103082 -1.472825 3.375495 0.199396 2.351778 0.084477 0.627291 2.242866 -0.067706 10.206576 -0.155841 0.230019 3.699997
1 inf -8.870481 -0.601268 -0.205521 -2.141547 -1.453820 3.385440 0.174750 2.355767 0.083862 0.629729 2.242752 -0.076727 10.229024 -0.169466 0.235059 3.705007
1 inf -8.861048 -0.576735 -0.203445 -2.145763 -1.498097 3.393553 0.174020 2.365234 0.074345 0.639753 2.232118 -0.070832 10.207222 -0.174835 0.269398 3.696034
1 inf -8.882434 -0.550384 -0.209917 -2.173728 -1.468000 3.401437 0.180453 2.425403 0.066579 0.652337 2.235256 -0.083888 10.210597 -0.154446 0.278984 3.681411
1 inf -8.849063 -0.552146 -0.232028 -2.149195 -1.463416 3.388455 0.204255 2.386485 0.101102 0.638988 2.233844 -0.087802 10.215229 -0.141194 0.259972 3.675754
1 inf -8.866064 -0.594103 -0.184825 -2.160298 -1.432003 3.371343 0.190184 2.385663 0.083706 0.621210 2.235051 -0.060686 10.186281 -0.122819 0.229359 3.657091
1 inf -8.843870 -0.562967 -0.175424 -2.110511 -1.425781 3.390507 0.190580 2.370897 0.064895 0.617508 2.210141 -0.078087 10.169741 -0.136735 0.227797 3.598027
1 inf -8.832769 -0.566649 -0.185459 -2.090756 -1.398458 3.383020 0.211023 2.353014 0.046838 0.609455 2.202314 -0.128176 10.169265 -0.132305 0.216448 3.623269
1 inf -8.836486 -0.538681 -0.193889 -2.104116 -1.411923 3.394184 0.191393 2.348860 0.020333 0.617344 2.220000 -0.143031 10.149617 -0.157836 0.185406 3.628907
1 inf -8.884649 -0.552404 -0.174938 -2.119628 -1.408201 3.418507 0.187714 2.356695 0.048484 0.605757 2.205414 -0.122902 10.168017 -0.179893 0.175023 3.613496
