1 inf -9.253144 -0.863209 -0.846815 -2.500891 -1.226399 2.733092 -0.301929 2.008272 0.191699 -0.016387 2.378982 0.432023 10.720837 -0.311282 -0.235307 0.248938 4.041335
1 inf -9.246235 -0.851299 -0.846620 -2.482549 -1.224058 2.732621 -0.297718 1.997350 0.161400 -0.040783 2.403742 0.412017 10.745454 -0.337648 -0.251220 0.219259 4.021146
1 inf -9.236933 -0.853345 -0.880108 -2.457490 -1.235181 2.748031 -0.313767 1.996380 0.177147 -0.039450 2.434787 0.387025 10.712803 -0.356482 -0.231189 0.209911 4.025304
1 inf -9.271496 -0.858896 -0.838617 -2.454800 -1.222077 2.720388 -0.362391 1.987537 0.165843 -0.065100 2.450834 0.383765 10.691393 -0.376982 -0.235841 0.194941 3.978223
1 inf -9.274154 -0.831713 -0.825361 -2.463208 -1.194739 2.715722 -0.378339 1.979051 0.187737 -0.096341 2.430273 0.374423 10.729449 -0.381454 -0.239145 0.198590 3.961030
1 inf -9.258552 -0.800268 -0.825630 -2.451983 -1.210488 2.721368 -0.358641 1.985282 0.168462 -0.108639 2.405267 0.378909 10.716465 -0.416698 -0.233560 0.175476 3.940071
1 inf -9.255228 -0.834963 -0.830209 -2.432227 -1.232006 2.732807 -0.330273 1.967481 0.150584 -0.094244 2.417895 0.375956 10.702893 -0.435933 -0.278006 0.181903 3.923871
1 inf -9.261278 -0.840482 -0.835351 -2.436436 -1.199036 2.756565 -0.310519 1.993039 0.170356 -0.106658 2.425955 0.381813 10.713039 -0.453739 -0.263135 0.198392 3.922627
1 inf -9.218631 -0.841890 -0.830753 -2.445991 -1.199760 2.754388 -0.310235 1.968490 0.165294 -0.091846 2.454804 0.380750 10.719235 -0.439695 -0.257658 0.200301 3.852731
1 inf -9.242647 -0.848897 -0.859363 -2.419542 -1.157852 2.772732 -0.318137 1.943507 0.154520 -0.054013 2.455664 0.384412 10.685584 -0.426416 -0.266042 0.205616 3.888072
1 inf -9.220619 -0.848259 -0.887050 -2.431390 -1.135948 2.750535 -0.347132 1.977587 0.175768 -0.017382 2.472614 0.376722 10.691423 -0.441622 -0.242105 0.217147 3.899926
1 inf -9.222134 -0.866470 -0.895677 -2.420514 -1.080219 2.756769 -0.346293 1.976676 0.179877 -0.032827 2.497541 0.377201 10.672025 -0.437089 -0.253171 0.220928 3.897415
1 inf -9.212928 -0.835919 -0.875271 -2.431681 -1.096719 2.756337 -0.383097 1.997067 0.214421 -0.017744 2.440510 0.403981 10.653949 -0.408368 -0.250818 0.196474 3.890152
1 inf -9.256444 -0.782033 -0.874529 -2.433559 -1.088513 2.747466 -0.345065 2.028142 0.196866 -0.030038 2.422522 0.421820 10.636597 -0.460036 -0.256980 0.203711 3.839222
1 inf -9.276867 -0.766283 -0.874672 -2.441887 -1.104328 2.724749 -0.345814 1.981614 0.190152 -0.037272 2.460088 0.437210 10.653388 -0.454536 -0.269702 0.172446 3.817563
1 inf -9.248091 -0.809356 -0.891353 -2.443479 -1.104664 2.700061 -0.318096 2.018544 0.162236 -0.046566 2.449432 0.457022 10.635071 -0.456144 -0.279187 0.145857 3.819106
1 inf -9.259437 -0.798176 -0.892072 -2.458316 -1.115283 2.688566 -0.326559 1.995398 0.173365 -0.098642 2.466668 0.477854 10.597351 -0.432774 -0.267194 0.170144 3.835863
1 inf -9.226013 -0.799476 -0.926979 -2.439485 -1.102725 2.686156 -0.335635 1.991361 0.229532 -0.089907 2.495309 0.476052 10.548319 -0.475037 -0.250270 0.122100 3.858867
1 inf -9.228931 -0.800723 -0.909969 -2.455537 -1.085771 2.702653 -0.299406 1.999610 0.215339 -0.087459 2.476826 0.486926 10.536634 -0.516085 -0.265809 0.120150 3.834314
1 inf -9.199282 -0.808513 -0.907349 -2.473632 -1.074993 2.679714 -0.298675 2.006804 0.219252 -0.085842 2.486774 0.504575 10.536783 -0.497768 -0.260618 0.146722 3.844928
1 inf -9.190471 -0.773120 -0.927726 -2.509576 -1.081858 2.675053 -0.270364 1.950429 0.222252 -0.081023 2.528380 0.503949 10.521961 -0.513534 -0.261402 0.137792 3.847376
1 inf -9.173102 -0.751755 -0.934166 -2.497876 -1.091254 2.688099 -0.266483 1.963363 0.169671 -0.107332 2.492061 0.557815 10.495460 -0.530692 -0.285171 0.142933 3.867878
1 inf -9.179890 -0.758247 -0.980855 -2.496389 -1.120830 2.697637 -0.279076 1.945453 0.183280 -0.114275 2.485390 0.565390 10.485461 -0.540525 -0.268400 0.111824 3.911988
1 inf -9.158012 -0.812923 -0.987037 -2.497334 -1.101955 2.736628 -0.281255 1.924132 0.203573 -0.091818 2.440679 0.546533 10.480115 -0.526565 -0.291452 0.117025 3.906422
1 inf -9.169898 -0.798173 -0.973629 -2.521403 -1.123153 2.711483 -0.292622 1.909346 0.194705 -0.074186 2.477957 0.560284 10.485148 -0.544736 -0.308237 0.112908 3.878429
1 inf -9.168143 -0.790463 -0.969667 -2.529048 -1.145858 2.749700 -0.292303 1.913150 0.192734 -0.055314 2.491529 0.582797 10.475927 -0.561815 -0.295341 0.121436 3.903046
1 inf -9.195078 -0.789637 -0.957661 -2.528826 -1.169967 2.780525 -0.259720 1.905238 0.210992 -0.094249 2.545511 0.542220 10.484174 -0.573143 -0.262454 0.094625 3.892680
1 inf -9.168941 -0.724223 -0.994558 -2.499914 -1.218279 2.780590 -0.282699 1.893424 0.167186 -0.158939 2.544457 0.531974 10.475692 -0.567915 -0.279336 0.067902 3.861289
1 inf -9.166106 -0.735282 -0.984287 -2.485049 -1.213301 2.774672 -0.270095 1.957608 0.150491 -0.147281 2.536491 0.528623 10.471681 -0.590381 -0.278231 0.078821 3.858438
1 inf -9.188565 -0.703867 -0.965794 -2.503739 -1.201670 2.742988 -0.279633 1.938804 0.142603 -0.119939 2.499171 0.533372 10.496063 -0.577833 -0.270653 0.085246 3.840727
1 inf -9.214036 -0.672167 -0.943407 -2.463819 -1.180814 2.742661 -0.251683 1.986130 0.117992 -0.121094 2.515301 0.499920 10.494501 -0.614526 -0.278458 0.105029 3.833959
1 inf -9.208875 -0.693127 -0.917001 -2.472585 -1.186412 2.760239 -0.260698 2.013445 0.074450 -0.122023 2.538693 0.474207 10.498056 -0.580973 -0.299743 0.086640 3.829411
1 inf -9.211216 -0.700342 -0.927412 -2.443857 -1.159808 2.729621 -0.306024 2.012486 0.064479 -0.135700 2.519948 0.481767 10.488748 -0.598961 -0.265351 0.118253 3.870328
1 inf -9.216253 -0.699355 -0.943836 -2.448775 -1.138638 2.733364 -0.295340 2.003022 0.024961 -0.176533 2.488621 0.501097 10.483428 -0.594439 -0.272905 0.120347 3.886093
1 inf -9.227721 -0.719174 -0.946818 -2.456400 -1.208148 2.739709 -0.282101 1.987072 0.051083 -0.170328 2.498937 0.511690 10.456215 -0.574956 -0.259516 0.134089 3.890660
1 inf -9.225752 -0.694395 -0.911618 -2.465720 -1.227825 2.766367 -0.312726 1.992479 0.013551 -0.160866 2.502219 0.521955 10.449078 -0.579345 -0.274404 0.113631 3.889658
1 inf -9.234597 -0.668077 -0.888453 -2.499300 -1.207161 2.750413 -0.309858 2.012216 0.027951 -0.178499 2.448714 0.531181 10.451293 -0.553244 -0.313301 0.113254 3.890438
1 inf -9.244292 -0.657565 -0.872792 -2.524878 -1.225318 2.762393 -0.292790 1.992265 0.010770 -0.188486 2.460490 0.571206 10.479178 -0.550651 -0.309160 0.121185 3.877474
1 inf -9.233412 -0.650896 -0.876551 -2.502180 -1.221992 2.774653 -0.291625 2.005386 -0.000864 -0.169450 2.470170 0.579686 10.469268 -0.515649 -0.318477 0.111955 3.886412
1 inf -9.211380 -0.664502 -0.894249 -2.522068 -1.226666 2.768728 -0.291346 1.984806 0.006507 -0.113004 2.473319 0.557766 10.391734 -0.505631 -0.324782 0.108951 3.898276
1 inf -9.232123 -0.668046 -0.899584 -2.468741 -1.248713 2.735567 -0.292141 1.986156 -0.034011 -0.115878 2.509531 0.546299 10.421993 -0.518527 -0.316091 0.061425 3.931328
1 inf -9.204241 -0.658810 -0.900316 -2.481047 -1.249828 2.733102 -0.318668 2.038311 -0.023984 -0.119776 2.509023 0.552229 10.379107 -0.489477 -0.320871 0.037951 3.921789
1 inf -9.186872 -0.637445 -0.906756 -2.469347 -1.259224 2.746148 -0.314787 2.051245 -0.076565 -0.146085 2.472704 0.606095 10.352606 -0.506635 -0.344640 0.043092 3.942291
1 inf -9.167835 -0.637124 -0.898765 -2.486764 -1.257694 2.767448 -0.296918 2.016475 -0.055235 -0.157189 2.510349 0.605910 10.352978 -0.473324 -0.342396 0.063254 3.998996
1 inf -9.160218 -0.643810 -0.877899 -2.495215 -1.253152 2.782937 -0.333623 2.024135 -0.031178 -0.156739 2.539508 0.608368 10.410270 -0.500311 -0.376567 0.053460 4.022126
1 inf -9.189145 -0.636993 -0.843932 -2.521564 -1.244047 2.814020 -0.301564 2.049200 -0.000563 -0.172371 2.531808 0.597378 10.406607 -0.536547 -0.395198 0.094807 4.066219
1 inf -9.214628 -0.627882 -0.813594 -2.535485 -1.281942 2.812567 -0.336586 2.030695 0.034549 -0.158984 2.492189 0.568230 10.422728 -0.544257 -0.367048 0.070196 4.046643
1 inf -9.223876 -0.616606 -0.855356 -2.512162 -1.283908 2.817132 -0.335516 1.999785 0.023835 -0.179825 2.532298 0.591668 10.436718 -0.553685 -0.390566 0.027364 4.053663
1 inf -9.217223 -0.606760 -0.879385 -2.502021 -1.272345 2.808972 -0.327986 2.017165 0.016525 -0.179649 2.548388 0.591587 10.419737 -0.591414 -0.384033 0.032153 4.055215
1 inf -9.223055 -0.581885 -0.830676 -2.520198 -1.257397 2.796363 -0.310048 1.994046 0.005640 -0.162893 2.562266 0.589645 10.396420 -0.620110 -0.385071 0.050899 4.036825
1 inf -9.252100 -0.584143 -0.813776 -2.524556 -1.251625 2.776699 -0.301007 1.951424 -0.006039 -0.139696 2.587114 0.571288 10.372605 -0.619002 -0.383441 0.049917 4.033622
1 inf -9.267987 -0.614881 -0.802853 -2.554394 -1.248468 2.776710 -0.298272 1.950461 -0.013316 -0.169122 2.587607 0.525468 10.403209 -0.608816 -0.386998 0.059460 3.998430
1 inf -9.282994 -0.618175 -0.813869 -2.536519 -1.267886 2.780222 -0.252811 1.931896 -0.040123 -0.193896 2.598962 0.514933 10.354056 -0.614632 -0.400430 0.059845 3.979472
1 inf -9.292765 -0.621401 -0.830061 -2.497971 -1.245684 2.773232 -0.253153 1.886248 -0.075615 -0.190056 2.601030 0.537874 10.319453 -0.625624 -0.396447 0.067246 3.962511
1 inf -9.293373 -0.642431 -0.840243 -2.541515 -1.269146 2.783842 -0.235632 1.905690 -0.082676 -0.181750 2.607059 0.530945 10.347401 -0.653288 -0.426366 0.084650 3.955124
1 inf -9.305372 -0.610480 -0.807964 -2.547727 -1.231696 2.782194 -0.236623 1.904226 -0.055160 -0.183921 2.611232 0.531259 10.352673 -0.659650 -0.413453 0.090120 3.944045
1 inf -9.279536 -0.637034 -0.827640 -2.532405 -1.204785 2.781368 -0.246197 1.883598 -0.080666 -0.169888 2.632770 0.548310 10.364140 -0.651515 -0.413986 0.095872 3.928936
1 inf -9.318478 -0.614420 -0.838799 -2.515377 -1.146858 2.783599 -0.208526 1.856063 -0.108016 -0.140601 2.646945 0.537448 10.301058 -0.634415 -0.402641 0.092950 3.945723
1 inf -9.325902 -0.619973 -0.869285 -2.495531 -1.150183 2.767452 -0.191003 1.862621 -0.102404 -0.120077 2.612478 0.530697 10.311750 -0.599491 -0.406664 0.114811 3.957763
1 inf -9.384046 -0.611076 -0.882063 -2.496623 -1.133624 2.786167 -0.190429 1.882568 -0.090226 -0.140706 2.630542 0.500399 10.292631 -0.602438 -0.393536 0.125076 3.956821
1 inf -9.340254 -0.641184 -0.876615 -2.509624 -1.100533 2.780193 -0.184895 1.878662 -0.101481 -0.182888 2.608484 0.483264 10.275645 -0.640006 -0.396616 0.121272 3.973125
1 inf -9.357996 -0.643560 -0.872898 -2.491552 -1.079955 2.767653 -0.204446 1.892484 -0.141628 -0.162759 2.611194 0.467735 10.281269 -0.644236 -0.424140 0.089037 4.020969
1 inf -9.364512 -0.636451 -0.887239 -2.474707 -1.112765 2.809831 -0.198635 1.900550 -0.163674 -0.168816 2.628507 0.487310 10.253797 -0.662010 -0.455324 0.112758 3.995060
1 inf -9.347143 -0.615086 -0.893679 -2.463007 -1.122161 2.822877 -0.194754 1.913484 -0.216255 -0.195125 2.592188 0.541176 10.227296 -0.679168 -0.479093 0.117899 4.015562
1 inf -9.370871 -0.602206 -0.854708 -2.483116 -1.121182 2.857572 -0.197452 1.898390 -0.252575 -0.196724 2.597803 0.539021 10.226847 -0.680088 -0.498176 0.115713 3.993018
1 inf -9.338232 -0.597623 -0.855438 -2.495880 -1.103155 2.886175 -0.221837 1.953840 -0.263368 -0.217146 2.588663 0.499823 10.239442 -0.697181 -0.493888 0.127581 4.022856
1 inf -9.349595 -0.554908 -0.850981 -2.506024 -1.115171 2.901334 -0.243012 1.904370 -0.232946 -0.211433 2.576072 0.499394 10.233879 -0.706365 -0.508053 0.126870 4.010601
1 inf -9.361165 -0.522626 -0.868431 -2.518423 -1.161329 2.909953 -0.231993 1.898732 -0.209902 -0.230070 2.573906 0.523938 10.219358 -0.712842 -0.504125 0.120452 3.994322
1 inf -9.401352 -0.548524 -0.862979 -2.509944 -1.130264 2.876513 -0.233372 1.907941 -0.210152 -0.233010 2.590026 0.504578 10.202327 -0.734753 -0.524203 0.135364 4.003538
1 inf -9.375693 -0.545861 -0.866014 -2.506995 -1.141390 2.881931 -0.245057 1.921052 -0.203483 -0.214499 2.600096 0.478598 10.214682 -0.714048 -0.560650 0.144499 4.015759
1 inf -9.398183 -0.497918 -0.861092 -2.515948 -1.115928 2.886000 -0.216599 1.918506 -0.228229 -0.262590 2.601764 0.451049 10.236853 -0.689927 -0.585722 0.153730 3.993372
1 inf -9.366357 -0.454177 -0.847726 -2.497426 -1.096701 2.862075 -0.216167 1.931995 -0.242839 -0.257348 2.599308 0.431724 10.245280 -0.708641 -0.564702 0.134762 3.979795
1 inf -9.374422 -0.472153 -0.814586 -2.468290 -1.076085 2.835112 -0.190935 1.920897 -0.252393 -0.267295 2.591521 0.450976 10.215807 -0.703373 -0.565258 0.106831 3.964088
1 inf -9.375339 -0.482365 -0.859296 -2.427636 -1.103344 2.851556 -0.161555 1.879883 -0.240595 -0.264925 2.579521 0.454130 10.240703 -0.704855 -0.558819 0.102472 4.013010
1 inf -9.377664 -0.485580 -0.854525 -2.429279 -1.097798 2.884559 -0.161254 1.884243 -0.206624 -0.265385 2.527965 0.447218 10.220283 -0.712148 -0.570506 0.105672 4.015122
1 inf -9.347300 -0.450241 -0.828916 -2.436003 -1.097792 2.879412 -0.143490 1.898671 -0.202934 -0.270946 2.539475 0.445887 10.215964 -0.705776 -0.559064 0.088862 4.006473
1 inf -9.330791 -0.404972 -0.825701 -2.457097 -1.082250 2.873250 -0.104244 1.912820 -0.207978 -0.284122 2.530016 0.426863 10.192461 -0.725513 -0.557855 0.117001 4.008853
1 inf -9.332893 -0.440446 -0.846612 -2.447256 -1.103876 2.817295 -0.149385 1.903656 -0.224311 -0.315293 2.494183 0.421769 10.243632 -0.714840 -0.577445 0.157569 4.017826
1 inf -9.321108 -0.450552 -0.854256 -2.469877 -1.095525 2.762164 -0.111217 1.911535 -0.253213 -0.315740 2.496374 0.396223 10.242913 -0.739924 -0.590311 0.176065 4.034337
1 inf -9.357324 -0.507885 -0.841766 -2.494348 -1.100245 2.755216 -0.121501 1.947773 -0.257900 -0.300936 2.514207 0.373063 10.211581 -0.744117 -0.557535 0.164693 3.999310
1 inf -9.358118 -0.481741 -0.841731 -2.480928 -1.097743 2.733741 -0.100853 1.965553 -0.231549 -0.270940 2.538964 0.391358 10.218309 -0.731948 -0.562951 0.155427 4.014150
1 inf -9.348749 -0.447690 -0.844250 -2.484968 -1.062255 2.727981 -0.096865 1.955965 -0.271269 -0.288499 2.499988 0.407652 10.211112 -0.718541 -0.530643 0.172171 3.997713
1 inf -9.356304 -0.454711 -0.844189 -2.490880 -1.095974 2.726872 -0.068681 1.956634 -0.247147 -0.257633 2.538792 0.419950 10.218200 -0.753994 -0.536908 0.171604 4.014047
1 inf -9.338935 -0.433346 -0.850629 -2.479180 -1.105370 2.739918 -0.064800 1.969568 -0.299728 -0.283942 2.502473 0.473816 10.191699 -0.771152 -0.560677 0.176745 4.034549
1 inf -9.345551 -0.404038 -0.857915 -2.511474 -1.096689 2.711479 -0.073422 1.965489 -0.318668 -0.287704 2.507640 0.502883 10.193301 -0.752053 -0.557696 0.167872 4.034730
1 inf -9.359091 -0.432208 -0.846427 -2.509054 -1.075246 2.709597 -0.076214 2.000242 -0.316708 -0.257407 2.540529 0.468288 10.187213 -0.731834 -0.564743 0.199629 4.063924
1 inf -9.370769 -0.423677 -0.834469 -2.520951 -1.080664 2.716967 -0.087540 1.989813 -0.301355 -0.270785 2.570681 0.520937 10.200963 -0.701120 -0.542540 0.183661 4.078051
1 inf -9.379996 -0.447745 -0.802268 -2.541344 -1.075629 2.719000 -0.091182 2.032211 -0.279173 -0.289335 2.555067 0.521616 10.193188 -0.700611 -0.560912 0.145029 4.077011
1 inf -9.380512 -0.467044 -0.799453 -2.536149 -1.094370 2.753665 -0.077743 2.037880 -0.305351 -0.285886 2.586110 0.510563 10.190336 -0.688708 -0.510912 0.121323 4.056809
1 inf -9.374553 -0.482872 -0.812352 -2.561827 -1.081958 2.734971 -0.112265 2.010161 -0.350363 -0.285788 2.611662 0.510547 10.246576 -0.687908 -0.523734 0.121122 4.055718
1 inf -9.365802 -0.499273 -0.768527 -2.539317 -1.082015 2.727403 -0.110297 2.004466 -0.381670 -0.274354 2.596339 0.513464 10.299942 -0.659029 -0.488974 0.120541 4.026918
1 inf -9.376272 -0.492339 -0.755433 -2.542314 -1.080142 2.739979 -0.086733 1.989311 -0.436428 -0.272530 2.579336 0.496967 10.315014 -0.656559 -0.538410 0.128132 4.018786
1 inf -9.367561 -0.529027 -0.782527 -2.514078 -1.078177 2.743153 -0.066131 1.986165 -0.418540 -0.292156 2.560476 0.515581 10.341516 -0.605111 -0.529619 0.135352 4.042662
1 inf -9.379507 -0.528512 -0.783530 -2.495054 -1.065138 2.743845 -0.046768 1.952771 -0.445302 -0.305444 2.527077 0.476958 10.298327 -0.579099 -0.527444 0.141673 4.050105
1 inf -9.364126 -0.550077 -0.751939 -2.512466 -1.109531 2.768776 -0.059825 1.928728 -0.463060 -0.271764 2.538281 0.467693 10.309932 -0.600821 -0.481579 0.132613 4.071306
1 inf -9.363345 -0.540357 -0.746033 -2.532995 -1.081792 2.800515 -0.053072 1.956557 -0.494272 -0.288388 2.545802 0.457274 10.333656 -0.637014 -0.472277 0.140950 4.069040
1 inf -9.375235 -0.541566 -0.761616 -2.530825 -1.069171 2.803030 -0.101977 1.992775 -0.511296 -0.289047 2.556077 0.456656 10.345706 -0.640998 -0.453525 0.124431 4.085683
1 inf -9.373169 -0.535888 -0.730254 -2.542469 -1.070105 2.821431 -0.125679 1.986917 -0.531117 -0.275496 2.553896 0.480402 10.347367 -0.607409 -0.441971 0.127926 4.092862
1 inf -9.350541 -0.560569 -0.732659 -2.587931 -1.069738 2.834502 -0.149850 1.981837 -0.509268 -0.224437 2.553097 0.463854 10.370729 -0.606067 -0.472645 0.136519 4.081913
1 inf -9.355561 -0.551449 -0.737372 -2.645037 -1.072747 2.810874 -0.113624 1.943593 -0.502133 -0.250055 2.573894 0.487971 10.364101 -0.600324 -0.490190 0.149833 4.066066
1 inf -9.352170 -0.543973 -0.757112 -2.679742 -1.024552 2.774264 -0.110844 1.912641 -0.472711 -0.261653 2.580447 0.488925 10.342577 -0.594757 -0.494750 0.166852 4.061455
1 inf -9.338009 -0.515049 -0.727610 -2.701068 -1.002296 2.779606 -0.112675 1.904573 -0.464658 -0.259841 2.618166 0.475445 10.332839 -0.594477 -0.512944 0.182201 4.067787
1 inf -9.315104 -0.502231 -0.711188 -2.701952 -1.013247 2.755934 -0.087749 1.909279 -0.475193 -0.300133 2.641585 0.488557 10.330694 -0.613400 -0.517445 0.214275 4.058003
1 inf -9.297735 -0.480866 -0.717628 -2.690252 -1.022643 2.768980 -0.083868 1.922213 -0.527774 -0.326442 2.605266 0.542423 10.304193 -0.630558 -0.541214 0.219416 4.078505
1 inf -9.291844 -0.483259 -0.728755 -2.707493 -1.042874 2.780757 -0.057669 1.894085 -0.535905 -0.345638 2.621495 0.507242 10.298373 -0.602365 -0.548903 0.212733 4.058776
1 inf -9.298753 -0.479478 -0.714686 -2.683746 -1.062165 2.768338 -0.068244 1.916250 -0.517443 -0.385210 2.581499 0.503284 10.281474 -0.623324 -0.540356 0.199054 4.038156
1 inf -9.326503 -0.452272 -0.712442 -2.704867 -1.053573 2.748863 -0.082371 1.910336 -0.542730 -0.394600 2.535272 0.501484 10.251800 -0.609064 -0.524598 0.221882 4.043648
1 inf -9.302058 -0.437594 -0.721810 -2.711535 -1.061745 2.780826 -0.067239 1.887740 -0.528401 -0.372268 2.483048 0.534066 10.248690 -0.602351 -0.505218 0.192874 4.049654
1 inf -9.360234 -0.456041 -0.717978 -2.730094 -1.076666 2.771390 -0.064774 1.898690 -0.532878 -0.384676 2.435914 0.528402 10.219872 -0.634766 -0.497005 0.162698 4.028093
1 inf -9.391289 -0.467137 -0.744650 -2.690803 -1.064639 2.765097 -0.084107 1.938406 -0.538408 -0.388231 2.431877 0.531782 10.230420 -0.654857 -0.460870 0.154963 4.019573
1 inf -9.422822 -0.436491 -0.755472 -2.711307 -1.052348 2.760592 -0.050620 1.970054 -0.541952 -0.372152 2.395174 0.501558 10.220396 -0.628237 -0.495361 0.115183 4.012084
1 inf -9.436991 -0.426211 -0.765294 -2.718864 -1.059241 2.750959 -0.052347 1.997871 -0.577086 -0.403085 2.415495 0.507580 10.213995 -0.598281 -0.467944 0.112883 4.022042
1 inf -9.456694 -0.451535 -0.774668 -2.702320 -1.035323 2.748952 -0.056001 1.985937 -0.593507 -0.398474 2.403600 0.490982 10.264924 -0.593415 -0.477487 0.125341 4.023538
1 inf -9.491754 -0.496201 -0.765825 -2.694179 -1.037785 2.721406 -0.050780 2.000188 -0.599311 -0.373497 2.401322 0.486859 10.249122 -0.581191 -0.500384 0.096781 4.068048
1 inf -9.491391 -0.510524 -0.741226 -2.674052 -1.017667 2.750938 -0.082457 1.980967 -0.621266 -0.364768 2.395237 0.480937 10.229071 -0.591124 -0.502288 0.106251 4.055323
1 inf -9.445277 -0.528840 -0.727433 -2.671208 -1.041912 2.761026 -0.057960 1.987118 -0.656866 -0.394540 2.377534 0.454316 10.245531 -0.597503 -0.470014 0.099684 4.031424
1 inf -9.427908 -0.507475 -0.733873 -2.659508 -1.051308 2.774072 -0.054079 2.000052 -0.709447 -0.420849 2.341215 0.508182 10.219030 -0.614661 -0.493783 0.104825 4.051926
1 inf -9.381660 -0.532920 -0.759365 -2.700443 -1.013940 2.781518 -0.045750 1.997456 -0.731857 -0.464973 2.351970 0.536326 10.201944 -0.605033 -0.498719 0.120073 4.035148
1 inf -9.356205 -0.572841 -0.771867 -2.702389 -1.022651 2.769533 -0.028805 2.025137 -0.706763 -0.507621 2.347893 0.536454 10.199623 -0.618900 -0.488612 0.132078 4.067613
1 inf -9.406175 -0.553922 -0.784191 -2.686897 -1.009160 2.772816 -0.028287 2.001401 -0.752572 -0.486115 2.362462 0.521207 10.172458 -0.641908 -0.514239 0.134856 4.056858
1 inf -9.398022 -0.525253 -0.777630 -2.681192 -1.010605 2.756403 -0.052078 2.015934 -0.746901 -0.480907 2.332800 0.512848 10.163369 -0.624671 -0.538292 0.123680 4.072443
1 inf -9.389355 -0.509999 -0.806822 -2.713408 -1.027472 2.787071 -0.043457 2.016574 -0.746251 -0.445154 2.295836 0.567645 10.136304 -0.654839 -0.510380 0.156975 4.038547
1 inf -9.413214 -0.516691 -0.822260 -2.692296 -1.036549 2.807920 -0.053313 2.054486 -0.719020 -0.474003 2.314625 0.598502 10.142929 -0.689349 -0.513048 0.183060 4.015515
1 inf -9.407613 -0.547542 -0.816276 -2.680462 -1.057947 2.812537 -0.088629 2.070045 -0.717632 -0.482067 2.283556 0.579469 10.096507 -0.693459 -0.536368 0.172215 4.039315
1 inf -9.397758 -0.586707 -0.806280 -2.672576 -1.081836 2.809668 -0.072944 2.103236 -0.723965 -0.509151 2.278134 0.604593 10.095693 -0.712090 -0.520283 0.162888 4.052613
1 inf -9.419540 -0.565812 -0.778540 -2.671996 -1.093031 2.790044 -0.062960 2.096882 -0.695135 -0.527468 2.264266 0.580831 10.108028 -0.693975 -0.557372 0.124286 4.066373
1 inf -9.443362 -0.575292 -0.783959 -2.669068 -1.080450 2.797606 -0.087221 2.087088 -0.705117 -0.498643 2.245867 0.635670 10.060156 -0.673866 -0.542999 0.113419 4.092396
1 inf -9.434738 -0.565644 -0.789357 -2.664310 -1.079485 2.826904 -0.115127 2.093115 -0.696136 -0.501829 2.273504 0.639755 10.109656 -0.691758 -0.565298 0.143205 4.100752
1 inf -9.410151 -0.543189 -0.805753 -2.672033 -1.081814 2.817416 -0.108125 2.075405 -0.719662 -0.491292 2.282161 0.616378 10.124104 -0.696834 -0.554768 0.231668 4.097064
1 inf -9.391842 -0.543427 -0.800742 -2.703879 -1.068527 2.825081 -0.125737 2.062656 -0.745254 -0.477919 2.278850 0.619882 10.105910 -0.690040 -0.556462 0.265411 4.117046
1 inf -9.376059 -0.581414 -0.810018 -2.677331 -1.069974 2.859110 -0.081495 2.073134 -0.759951 -0.512273 2.297933 0.622446 10.126219 -0.707681 -0.556478 0.276876 4.101754
1 inf -9.399673 -0.587041 -0.804239 -2.669562 -1.009482 2.874272 -0.076574 2.069456 -0.759557 -0.539151 2.301465 0.632876 10.118428 -0.663833 -0.537975 0.276059 4.095536
1 inf -9.426658 -0.627477 -0.800595 -2.636089 -1.027218 2.865451 -0.072721 2.062702 -0.750665 -0.547509 2.320407 0.635301 10.108476 -0.680975 -0.570671 0.267938 4.071502
1 inf -9.414427 -0.651440 -0.770856 -2.643043 -1.051029 2.863137 -0.082709 2.073301 -0.773680 -0.562568 2.297302 0.652672 10.085729 -0.691187 -0.567533 0.314024 4.045096
1 inf -9.422313 -0.642537 -0.767054 -2.608923 -1.034131 2.875618 -0.121595 2.111883 -0.776443 -0.596486 2.304437 0.696133 10.070035 -0.667367 -0.587280 0.333805 4.093907
1 inf -9.413172 -0.660542 -0.791088 -2.619833 -1.013832 2.874417 -0.095674 2.075903 -0.752466 -0.623815 2.290688 0.693245 10.067123 -0.707050 -0.611265 0.310392 4.108143
1 inf -9.395803 -0.639177 -0.797528 -2.608133 -1.023228 2.887463 -0.091793 2.088837 -0.805047 -0.650124 2.254369 0.666744 10.049965 -0.730819 -0.606124 0.330894 4.135076
1 inf -9.398226 -0.672772 -0.777640 -2.612475 -1.010645 2.861797 -0.089537 2.085399 -0.762625 -0.649750 2.262457 0.675843 10.096567 -0.761190 -0.617896 0.310685 4.121366
1 inf -9.389971 -0.692512 -0.792325 -2.604368 -1.016530 2.891943 -0.096136 2.070849 -0.780149 -0.671682 2.264914 0.674134 10.092199 -0.756753 -0.613278 0.324958 4.104721
1 inf -9.372956 -0.675890 -0.809126 -2.596830 -1.059806 2.881450 -0.086406 2.071669 -0.763226 -0.663335 2.265481 0.663748 10.089260 -0.733979 -0.642047 0.338659 4.125277
1 inf -9.382840 -0.709338 -0.830589 -2.652384 -1.086488 2.908542 -0.093807 2.034001 -0.744951 -0.664218 2.282367 0.677660 10.084368 -0.747681 -0.641158 0.319876 4.122632
1 inf -9.384494 -0.728900 -0.802995 -2.661591 -1.057983 2.918555 -0.061169 2.018678 -0.783428 -0.634214 2.272490 0.659814 10.093998 -0.749897 -0.614844 0.315010 4.159445
1 inf -9.361330 -0.754620 -0.838998 -2.653279 -1.046417 2.951130 -0.045226 2.018648 -0.743420 -0.622012 2.263631 0.668006 10.083899 -0.693353 -0.632992 0.317101 4.185753
1 inf -9.355107 -0.728872 -0.808673 -2.691684 -1.074039 2.951669 -0.014828 2.030605 -0.733504 -0.612608 2.228753 0.684738 10.056269 -0.718758 -0.571304 0.289930 4.188963
1 inf -9.331482 -0.731703 -0.796726 -2.679400 -1.052336 2.951600 -0.003891 2.036802 -0.719674 -0.624398 2.265305 0.691188 10.071104 -0.714125 -0.588376 0.307731 4.225758
1 inf -9.306146 -0.741906 -0.738166 -2.651366 -1.060308 2.923520 -0.005055 2.072654 -0.693873 -0.663795 2.250543 0.681674 10.088654 -0.729466 -0.605722 0.302772 4.250041
1 inf -9.309320 -0.718194 -0.741290 -2.615526 -1.060093 2.942107 -0.026712 2.098538 -0.701834 -0.686465 2.250586 0.669115 10.089136 -0.678702 -0.620867 0.340290 4.238388
1 inf -9.317136 -0.745934 -0.745652 -2.605853 -1.076912 2.930680 -0.037085 2.102239 -0.710433 -0.682873 2.221872 0.692314 10.112602 -0.700430 -0.634608 0.341977 4.248096
1 inf -9.296242 -0.751876 -0.722405 -2.603512 -1.108529 2.929720 -0.061206 2.099245 -0.714679 -0.680676 2.249009 0.684732 10.067811 -0.666762 -0.630474 0.369412 4.210004
1 inf -9.299211 -0.780678 -0.708296 -2.631867 -1.151649 2.946824 -0.053025 2.064138 -0.723948 -0.668958 2.284572 0.655481 10.060667 -0.666579 -0.646522 0.368450 4.221938
1 inf -9.263081 -0.716101 -0.721365 -2.647137 -1.154800 2.939710 -0.061624 2.014301 -0.709275 -0.647664 2.261885 0.645273 10.043209 -0.652979 -0.655329 0.352815 4.173428
1 inf -9.225955 -0.750860 -0.740777 -2.629840 -1.164142 2.918829 -0.061456 1.986885 -0.687243 -0.630501 2.265025 0.627229 10.057935 -0.619953 -0.667566 0.358106 4.183188
1 inf -9.233599 -0.743015 -0.714853 -2.617007 -1.149404 2.946525 -0.093041 1.998227 -0.704244 -0.630482 2.271472 0.635678 10.044064 -0.635031 -0.686781 0.357007 4.175060
1 inf -9.218631 -0.747457 -0.702431 -2.607501 -1.173236 2.974000 -0.116062 1.972081 -0.694266 -0.612797 2.296982 0.609017 10.047385 -0.637621 -0.679865 0.336628 4.155952
1 inf -9.193345 -0.731811 -0.724503 -2.627713 -1.225343 2.945188 -0.115995 1.978256 -0.680238 -0.615780 2.305078 0.631579 10.028627 -0.653420 -0.666569 0.382957 4.125658
1 inf -9.175976 -0.710446 -0.730943 -2.616013 -1.234739 2.958234 -0.112114 1.991190 -0.732819 -0.642089 2.268759 0.685445 10.002126 -0.670578 -0.690338 0.388098 4.146160
1 inf -9.156754 -0.697363 -0.741101 -2.588176 -1.231359 2.978208 -0.113301 2.017620 -0.730617 -0.637393 2.292665 0.689027 10.011900 -0.655459 -0.716901 0.400421 4.151593
1 inf -9.144874 -0.708728 -0.715333 -2.608111 -1.238568 2.990103 -0.099088 1.993887 -0.726837 -0.588981 2.287378 0.691156 10.028915 -0.667666 -0.733534 0.379262 4.166602
1 inf -9.155825 -0.673488 -0.680683 -2.604510 -1.242896 2.997805 -0.128499 1.999787 -0.662759 -0.583219 2.258861 0.695887 10.045426 -0.675201 -0.724011 0.367195 4.150035
1 inf -9.149615 -0.693363 -0.672771 -2.603492 -1.241209 2.979249 -0.133256 2.004632 -0.664117 -0.574141 2.271163 0.663992 10.052874 -0.673525 -0.753173 0.365508 4.172913
