1 inf -8.902549 -0.590006 -0.783109 -2.771946 -1.635369 3.168652 0.391322 2.310654 0.366580 0.138249 2.825154 0.386931 10.260639 -0.802211 -0.569445 -0.222819 3.512079
1 inf -8.881745 -0.636025 -0.736103 -2.784033 -1.625971 3.167839 0.357337 2.273849 0.332727 0.151129 2.798998 0.379647 10.292538 -0.794827 -0.596723 -0.258413 3.514823
1 inf -8.901303 -0.603158 -0.732677 -2.836901 -1.600843 3.165826 0.374909 2.289086 0.358708 0.137469 2.783904 0.382887 10.282604 -0.803827 -0.578299 -0.244748 3.517019
1 inf -8.880557 -0.577028 -0.758225 -2.829997 -1.637399 3.164220 0.416264 2.282288 0.364499 0.152519 2.757784 0.406391 10.263627 -0.809080 -0.575312 -0.257271 3.523340
1 inf -8.881843 -0.607969 -0.757497 -2.838360 -1.647126 3.155312 0.453724 2.256438 0.350688 0.193223 2.758272 0.391374 10.245973 -0.819167 -0.589917 -0.242261 3.543029
1 inf -8.902549 -0.565339 -0.781140 -2.773444 -1.661073 3.149915 0.473051 2.255659 0.283858 0.207960 2.777389 0.431040 10.240200 -0.837979 -0.607864 -0.262975 3.530517
1 inf -8.841572 -0.564494 -0.811263 -2.776109 -1.671402 3.175124 0.473009 2.313382 0.289763 0.207436 2.775389 0.395558 10.205332 -0.887448 -0.617298 -0.276155 3.535869
1 inf -8.819547 -0.523971 -0.778745 -2.800770 -1.642994 3.162979 0.497183 2.286621 0.290109 0.256999 2.751152 0.395652 10.213528 -0.926328 -0.643327 -0.288147 3.507320
1 inf -8.841318 -0.564289 -0.770399 -2.761508 -1.645368 3.144461 0.470603 2.319025 0.276790 0.236866 2.780253 0.379423 10.214381 -0.939374 -0.669662 -0.277016 3.528998
1 inf -8.810390 -0.600155 -0.790554 -2.800788 -1.635883 3.173558 0.526613 2.307223 0.272897 0.260993 2.779782 0.417374 10.190830 -0.980432 -0.653200 -0.276387 3.563444
1 inf -8.821485 -0.604591 -0.762260 -2.774667 -1.666779 3.190229 0.505318 2.298170 0.277398 0.248234 2.801666 0.387572 10.190869 -0.928543 -0.673866 -0.274739 3.520749
1 inf -8.832493 -0.632811 -0.760921 -2.768392 -1.627864 3.162925 0.539186 2.306929 0.275730 0.266217 2.820785 0.397563 10.150779 -0.945323 -0.699489 -0.295597 3.509089
1 inf -8.844816 -0.685675 -0.784426 -2.794832 -1.631871 3.140045 0.549494 2.332291 0.254423 0.282617 2.825070 0.410877 10.156051 -0.938370 -0.738010 -0.300710 3.512917
1 inf -8.837659 -0.679059 -0.777451 -2.799832 -1.622972 3.138883 0.504361 2.369627 0.282903 0.267018 2.806495 0.406430 10.177921 -0.955184 -0.698816 -0.327505 3.491401
1 inf -8.854073 -0.664312 -0.765945 -2.816384 -1.623023 3.142011 0.531798 2.366943 0.330947 0.244507 2.841690 0.394028 10.140825 -0.988367 -0.667836 -0.329536 3.447891
1 inf -8.870349 -0.653822 -0.767237 -2.812643 -1.615464 3.181530 0.542534 2.381076 0.310967 0.230044 2.793585 0.363252 10.115366 -1.028918 -0.679328 -0.329972 3.463705
1 inf -8.886858 -0.622265 -0.780239 -2.821210 -1.620788 3.174190 0.535070 2.333166 0.291797 0.260080 2.827035 0.405047 10.110911 -1.022124 -0.665872 -0.321502 3.459088
1 inf -8.896933 -0.652527 -0.775441 -2.787289 -1.597326 3.184391 0.502273 2.308855 0.299927 0.282073 2.824899 0.414544 10.075467 -0.998638 -0.682896 -0.312541 3.480916
1 inf -8.875151 -0.636713 -0.826291 -2.786198 -1.589062 3.186410 0.527263 2.325058 0.304450 0.245784 2.801593 0.439170 10.092272 -1.010228 -0.657360 -0.337676 3.505406
1 inf -8.888294 -0.639539 -0.809196 -2.809008 -1.593981 3.247206 0.503965 2.340562 0.282968 0.223698 2.811555 0.469257 10.101013 -1.006698 -0.683327 -0.366058 3.475456
1 inf -8.864822 -0.626470 -0.819910 -2.833768 -1.612569 3.260541 0.483787 2.345556 0.299029 0.219339 2.800870 0.475841 10.102598 -1.021491 -0.688626 -0.351163 3.458915
1 inf -8.850734 -0.645150 -0.812197 -2.852742 -1.581513 3.289637 0.481123 2.364793 0.268832 0.233185 2.797233 0.450383 10.111384 -1.017712 -0.656417 -0.341525 3.468874
1 inf -8.810232 -0.658804 -0.771765 -2.879294 -1.585416 3.280851 0.486566 2.389542 0.267466 0.253439 2.808354 0.448598 10.108880 -1.015685 -0.674429 -0.336212 3.432136
1 inf -8.828749 -0.641616 -0.772674 -2.868231 -1.557309 3.264601 0.472544 2.369878 0.238790 0.212193 2.813367 0.426736 10.111566 -0.993484 -0.666230 -0.323640 3.456363
1 inf -8.878209 -0.656980 -0.792991 -2.865168 -1.544654 3.261360 0.431154 2.388651 0.239588 0.203160 2.822828 0.430666 10.124247 -1.045703 -0.658579 -0.316596 3.412439
1 inf -8.912177 -0.664039 -0.773339 -2.844263 -1.548889 3.309973 0.449805 2.357889 0.250995 0.218995 2.818911 0.435865 10.192606 -1.043975 -0.637043 -0.284338 3.446302
1 inf -8.910839 -0.687711 -0.764779 -2.824744 -1.568726 3.328017 0.403060 2.323866 0.214767 0.232139 2.811376 0.473373 10.201273 -1.071875 -0.613390 -0.271483 3.441949
1 inf -8.924864 -0.651173 -0.748354 -2.801295 -1.573359 3.319177 0.415939 2.346194 0.193522 0.224293 2.830753 0.504123 10.214509 -1.054302 -0.629532 -0.261422 3.499807
1 inf -8.897004 -0.636562 -0.721600 -2.766589 -1.587797 3.295853 0.409652 2.314560 0.192204 0.219522 2.815041 0.514298 10.242500 -1.043015 -0.591100 -0.223893 3.516837
1 inf -8.918528 -0.643129 -0.747771 -2.801429 -1.595918 3.306023 0.419292 2.267399 0.176541 0.200521 2.826107 0.481643 10.282429 -1.037068 -0.589784 -0.212378 3.521949
1 inf -8.949762 -0.641500 -0.792093 -2.783468 -1.594658 3.316244 0.427911 2.259527 0.153652 0.217091 2.849432 0.465119 10.268396 -0.991026 -0.597333 -0.225320 3.504168
1 inf -8.955465 -0.645193 -0.787447 -2.795394 -1.621589 3.346182 0.453062 2.290116 0.133257 0.196559 2.861211 0.462049 10.264325 -1.013254 -0.610759 -0.262114 3.456052
1 inf -8.947679 -0.647972 -0.776944 -2.790458 -1.639069 3.347269 0.424903 2.259604 0.142707 0.207010 2.828896 0.467260 10.282372 -0.996996 -0.585473 -0.252059 3.473387
1 inf -8.923686 -0.647673 -0.757693 -2.788640 -1.629824 3.307169 0.440036 2.244848 0.172216 0.189334 2.829278 0.463189 10.289241 -1.014394 -0.599995 -0.271763 3.494786
1 inf -8.942609 -0.616053 -0.762817 -2.837817 -1.648026 3.309058 0.424875 2.220573 0.209077 0.188249 2.809423 0.412881 10.338369 -0.978671 -0.611695 -0.299948 3.469538
1 inf -8.939379 -0.628881 -0.753473 -2.810148 -1.634738 3.336310 0.435784 2.212710 0.216677 0.175954 2.793459 0.429937 10.361358 -0.974401 -0.605281 -0.285884 3.477217
1 inf -8.979542 -0.635902 -0.739798 -2.768686 -1.621299 3.322914 0.385175 2.223101 0.211542 0.149611 2.795740 0.411729 10.320737 -1.021346 -0.583226 -0.283954 3.474242
1 inf -8.950093 -0.671802 -0.771209 -2.756411 -1.633087 3.359358 0.348017 2.221615 0.197597 0.158747 2.826216 0.390824 10.336959 -1.015818 -0.617205 -0.272869 3.505003
1 inf -8.970459 -0.629975 -0.757607 -2.775744 -1.615945 3.386166 0.345688 2.257114 0.174574 0.177199 2.817743 0.392394 10.337653 -1.019733 -0.599965 -0.259300 3.508517
1 inf -8.997409 -0.608827 -0.749940 -2.781959 -1.613683 3.395028 0.361653 2.277266 0.164689 0.164271 2.804361 0.371022 10.340375 -1.030000 -0.613488 -0.260336 3.530124
1 inf -8.986259 -0.575487 -0.768717 -2.785592 -1.624170 3.381471 0.393316 2.296950 0.184973 0.152613 2.782174 0.396010 10.341558 -1.005456 -0.597973 -0.226864 3.526041
1 inf -9.037275 -0.585225 -0.758365 -2.777684 -1.618973 3.371685 0.435587 2.311522 0.167861 0.188830 2.800508 0.382561 10.372979 -1.011101 -0.616282 -0.238288 3.508330
1 inf -9.032416 -0.584106 -0.758353 -2.771426 -1.624022 3.359502 0.437778 2.319623 0.186250 0.189928 2.776583 0.409219 10.366494 -1.003321 -0.616929 -0.232754 3.542778
1 inf -9.054717 -0.569131 -0.772575 -2.773120 -1.616642 3.366055 0.441571 2.317119 0.207385 0.187058 2.804903 0.398996 10.361999 -0.956681 -0.566995 -0.228923 3.528059
1 inf -9.086050 -0.533961 -0.783279 -2.786364 -1.620120 3.429059 0.453035 2.290570 0.190477 0.140727 2.789491 0.352322 10.381524 -0.923431 -0.589858 -0.238188 3.498305
1 inf -9.074738 -0.559299 -0.765695 -2.769849 -1.645717 3.399814 0.427937 2.270480 0.181520 0.148665 2.787497 0.332259 10.404039 -0.961345 -0.598862 -0.248240 3.511853
1 inf -9.104193 -0.545918 -0.756277 -2.796399 -1.661914 3.392905 0.415619 2.272348 0.184887 0.122028 2.776191 0.362997 10.394775 -0.984991 -0.614872 -0.243363 3.498634
1 inf -9.057732 -0.549096 -0.742628 -2.758779 -1.646915 3.388133 0.434567 2.254130 0.189342 0.109305 2.784159 0.381610 10.420309 -0.956253 -0.628105 -0.259625 3.469634
1 inf -9.071357 -0.579226 -0.751390 -2.764063 -1.630605 3.436991 0.465134 2.244069 0.167221 0.115382 2.774198 0.378035 10.431267 -0.982160 -0.598497 -0.248936 3.514603
1 inf -9.037114 -0.597666 -0.717991 -2.798888 -1.644999 3.453308 0.495469 2.221757 0.187089 0.096850 2.740764 0.357595 10.437822 -0.990467 -0.628251 -0.234023 3.501142
1 inf -9.030148 -0.626638 -0.715909 -2.824443 -1.634424 3.446588 0.490040 2.232499 0.193551 0.099865 2.744211 0.377380 10.447383 -0.967658 -0.591394 -0.286609 3.529581
1 inf -9.030440 -0.656451 -0.699494 -2.798379 -1.654022 3.466666 0.509302 2.247478 0.162585 0.081479 2.701514 0.377119 10.474477 -0.983954 -0.607281 -0.287011 3.527664
1 inf -9.027636 -0.685887 -0.702035 -2.809580 -1.629081 3.445395 0.504342 2.250312 0.181545 0.077532 2.668914 0.368184 10.456820 -1.007344 -0.564845 -0.313774 3.508806
1 inf -8.999234 -0.684653 -0.709761 -2.828712 -1.608067 3.425539 0.532317 2.204058 0.187508 0.108749 2.660314 0.355366 10.471165 -1.008283 -0.567825 -0.369242 3.538769
1 inf -8.985630 -0.710843 -0.708212 -2.826795 -1.644746 3.402904 0.537307 2.192111 0.160820 0.104107 2.663245 0.402294 10.489459 -1.035000 -0.603066 -0.337168 3.536611
1 inf -8.957770 -0.696232 -0.681458 -2.792089 -1.659184 3.379580 0.531020 2.160477 0.159502 0.099336 2.647533 0.412469 10.517450 -1.023713 -0.564634 -0.299639 3.553641
1 inf -8.961226 -0.701420 -0.682402 -2.788715 -1.650611 3.402080 0.514051 2.133612 0.152204 0.120713 2.636033 0.414474 10.504489 -1.053491 -0.564379 -0.301092 3.516704
1 inf -8.988638 -0.708500 -0.711946 -2.728916 -1.645022 3.386157 0.491857 2.114390 0.173546 0.118566 2.679297 0.453431 10.533867 -1.090542 -0.557117 -0.287248 3.535814
1 inf -8.975296 -0.687675 -0.721544 -2.739120 -1.651086 3.384140 0.514180 2.108252 0.179208 0.077441 2.742861 0.459097 10.541778 -1.098991 -0.547951 -0.277169 3.505634
1 inf -8.974964 -0.682975 -0.731785 -2.739422 -1.672105 3.412334 0.522490 2.094671 0.173760 0.057975 2.751691 0.443490 10.550551 -1.069981 -0.559262 -0.283770 3.512254
1 inf -8.962384 -0.686270 -0.744025 -2.737211 -1.657643 3.402238 0.532915 2.046991 0.169566 0.033050 2.766922 0.458336 10.527213 -1.071339 -0.548930 -0.295134 3.489958
1 inf -8.972532 -0.666869 -0.746339 -2.737439 -1.674844 3.410041 0.534675 2.055633 0.174207 0.016470 2.745089 0.457976 10.545007 -1.037777 -0.540533 -0.341924 3.521762
1 inf -8.929208 -0.665780 -0.774361 -2.732698 -1.693279 3.426288 0.549961 2.058950 0.156991 0.010196 2.747141 0.451638 10.555858 -1.013300 -0.529815 -0.327160 3.510668
1 inf -8.913283 -0.685598 -0.805140 -2.736636 -1.715345 3.395548 0.515802 2.079536 0.162260 0.041063 2.729730 0.442837 10.532075 -1.013586 -0.522830 -0.304945 3.516701
1 inf -8.923457 -0.685103 -0.769225 -2.713053 -1.702632 3.393044 0.546260 2.091411 0.159754 0.050144 2.752038 0.483733 10.551151 -1.051070 -0.544052 -0.264955 3.505019
1 inf -8.906916 -0.668657 -0.786681 -2.723307 -1.748239 3.395478 0.529945 2.082598 0.162650 0.023007 2.743850 0.521793 10.551984 -1.036842 -0.552335 -0.288458 3.524640
1 inf -8.892533 -0.657328 -0.811584 -2.717611 -1.765711 3.377444 0.500825 2.059484 0.178247 0.040079 2.718512 0.522009 10.501109 -1.028617 -0.545363 -0.273876 3.539536
1 inf -8.865099 -0.674863 -0.781792 -2.687917 -1.769558 3.417644 0.521090 2.066194 0.186368 0.051016 2.659788 0.548414 10.465858 -1.021218 -0.533159 -0.341083 3.553702
1 inf -8.871113 -0.690399 -0.799428 -2.679863 -1.770041 3.409233 0.519754 2.047405 0.224863 0.030512 2.652607 0.554610 10.464273 -1.070828 -0.538048 -0.358289 3.541454
1 inf -8.874682 -0.673076 -0.834747 -2.693773 -1.789992 3.414220 0.543900 2.035580 0.218053 0.022129 2.667632 0.571195 10.415474 -1.045886 -0.529518 -0.372719 3.568158
1 inf -8.870996 -0.681664 -0.817390 -2.696762 -1.802513 3.388810 0.515211 2.001689 0.238670 -0.010077 2.665777 0.560971 10.378460 -1.037733 -0.565655 -0.380089 3.565610
1 inf -8.883317 -0.717230 -0.852928 -2.689032 -1.803171 3.410864 0.539533 1.986366 0.235670 -0.010494 2.699095 0.535051 10.405445 -1.001532 -0.544292 -0.353014 3.564359
1 inf -8.893253 -0.736207 -0.871993 -2.705741 -1.778677 3.405705 0.508716 1.947545 0.222937 -0.019979 2.691946 0.525199 10.396476 -1.014935 -0.548001 -0.368911 3.571865
1 inf -8.825195 -0.731815 -0.877217 -2.677066 -1.795322 3.404919 0.505149 1.957002 0.232054 -0.064117 2.708434 0.524233 10.355060 -1.031227 -0.531070 -0.413890 3.553615
1 inf -8.811460 -0.698667 -0.873459 -2.657610 -1.771296 3.392968 0.535158 1.928923 0.241589 -0.075679 2.688485 0.536513 10.390400 -1.041892 -0.526588 -0.367967 3.563488
1 inf -8.811089 -0.691898 -0.849752 -2.688149 -1.781711 3.413854 0.522717 1.929639 0.244990 -0.069549 2.685382 0.530679 10.387020 -1.055969 -0.515622 -0.345217 3.593261
1 inf -8.807891 -0.675783 -0.811820 -2.701224 -1.749113 3.422261 0.510503 1.960103 0.237663 -0.079638 2.692541 0.507562 10.417484 -1.071026 -0.508489 -0.336117 3.578494
1 inf -8.824725 -0.646476 -0.790205 -2.691678 -1.775490 3.394590 0.487958 1.934424 0.223516 -0.061735 2.710911 0.520989 10.432645 -1.088754 -0.540313 -0.329095 3.547280
1 inf -8.784963 -0.660747 -0.782305 -2.663882 -1.749764 3.334568 0.485493 1.951290 0.203127 -0.035287 2.733884 0.526767 10.405744 -1.077429 -0.518547 -0.336348 3.538408
1 inf -8.763315 -0.659163 -0.759234 -2.671779 -1.744354 3.344536 0.492151 1.958061 0.212847 -0.040083 2.696656 0.561579 10.358956 -1.101766 -0.524701 -0.327655 3.495244
1 inf -8.734098 -0.664290 -0.733057 -2.677089 -1.760826 3.343871 0.477348 1.969494 0.226109 -0.064483 2.694429 0.560303 10.359897 -1.092080 -0.520154 -0.355460 3.474060
1 inf -8.726049 -0.648195 -0.739071 -2.621328 -1.779451 3.358900 0.459657 1.947024 0.254701 -0.077367 2.693683 0.560281 10.354551 -1.076966 -0.536685 -0.359451 3.495012
1 inf -8.698189 -0.633584 -0.712317 -2.586622 -1.793889 3.335576 0.453370 1.915390 0.253383 -0.082138 2.677971 0.570456 10.382542 -1.065679 -0.498253 -0.321922 3.512042
1 inf -8.675619 -0.643201 -0.687974 -2.607120 -1.816964 3.365012 0.493330 1.923876 0.278995 -0.092255 2.643738 0.551690 10.360434 -1.080676 -0.519862 -0.285704 3.503024
1 inf -8.654877 -0.637243 -0.737489 -2.627503 -1.811252 3.359578 0.519224 1.918606 0.256204 -0.098501 2.634035 0.509607 10.376798 -1.044887 -0.504573 -0.272705 3.511356
1 inf -8.665763 -0.612350 -0.717672 -2.621491 -1.833136 3.349345 0.514020 1.884883 0.274735 -0.111594 2.680682 0.493104 10.384396 -1.066586 -0.525435 -0.257920 3.523988
1 inf -8.644632 -0.603101 -0.724291 -2.632014 -1.844354 3.334424 0.512251 1.869162 0.299054 -0.091692 2.685091 0.470757 10.417277 -1.070300 -0.513520 -0.228201 3.563380
1 inf -8.629471 -0.625985 -0.749147 -2.604513 -1.876001 3.339128 0.467054 1.882649 0.259054 -0.078874 2.612744 0.498595 10.444463 -1.066958 -0.519030 -0.182429 3.604287
1 inf -8.636195 -0.623360 -0.752564 -2.586021 -1.834633 3.353753 0.455575 1.895729 0.281342 -0.067729 2.613598 0.503299 10.451999 -1.038825 -0.544439 -0.189264 3.635988
1 inf -8.613281 -0.618356 -0.746454 -2.578852 -1.832514 3.358572 0.421508 1.889056 0.291382 -0.092338 2.595799 0.490649 10.440674 -1.036876 -0.488134 -0.182429 3.626096
1 inf -8.640298 -0.596931 -0.734908 -2.582376 -1.827446 3.368280 0.440652 1.890069 0.285023 -0.101512 2.606392 0.485640 10.397993 -1.033090 -0.490499 -0.196646 3.599924
1 inf -8.630248 -0.597286 -0.715351 -2.569022 -1.807813 3.346626 0.401504 1.882176 0.292882 -0.102133 2.593513 0.472010 10.388309 -1.008804 -0.523037 -0.214624 3.569347
1 inf -8.636974 -0.593067 -0.708650 -2.604166 -1.774328 3.326593 0.442189 1.890962 0.286961 -0.056365 2.590097 0.476328 10.359955 -0.982882 -0.525208 -0.206524 3.564445
1 inf -8.625971 -0.542564 -0.745214 -2.610177 -1.768077 3.326459 0.453306 1.893357 0.255624 -0.070244 2.558481 0.443820 10.366745 -0.988767 -0.543278 -0.239066 3.573406
1 inf -8.647631 -0.525258 -0.792913 -2.619906 -1.787078 3.325346 0.445779 1.901919 0.257885 -0.071188 2.568617 0.425100 10.312114 -1.004835 -0.566751 -0.256798 3.555417
1 inf -8.621879 -0.539318 -0.833401 -2.593567 -1.806131 3.302434 0.468596 1.866413 0.252191 -0.046861 2.555964 0.447859 10.366220 -1.059605 -0.614465 -0.275128 3.553136
1 inf -8.605419 -0.520805 -0.804260 -2.573494 -1.826400 3.291711 0.484552 1.832470 0.273930 -0.046370 2.543690 0.420859 10.371675 -1.062777 -0.595373 -0.260362 3.554869
1 inf -8.590983 -0.560041 -0.808762 -2.568320 -1.875023 3.304994 0.497376 1.850489 0.256716 -0.049405 2.550515 0.456089 10.356427 -1.072085 -0.586231 -0.224815 3.568366
1 inf -8.618150 -0.542552 -0.828870 -2.572882 -1.879552 3.334186 0.510799 1.878135 0.276883 -0.020894 2.555237 0.480632 10.363867 -1.069568 -0.580736 -0.221724 3.524662
1 inf -8.607613 -0.543192 -0.832517 -2.616534 -1.902961 3.298704 0.502889 1.886423 0.290369 -0.038842 2.533938 0.511391 10.357760 -1.050519 -0.575364 -0.195046 3.513564
1 inf -8.610783 -0.544283 -0.861618 -2.614628 -1.922724 3.313694 0.524224 1.882491 0.300611 -0.021493 2.561708 0.529822 10.347624 -1.035761 -0.537333 -0.179983 3.539975
1 inf -8.609696 -0.548863 -0.853781 -2.647425 -1.910325 3.313870 0.520982 1.912275 0.273391 -0.019886 2.567457 0.541143 10.338916 -1.030550 -0.562002 -0.199420 3.556797
1 inf -8.636055 -0.528426 -0.859661 -2.641946 -1.956093 3.322153 0.509392 1.956773 0.245233 -0.033619 2.575004 0.541573 10.353402 -1.019101 -0.562544 -0.169155 3.568154
1 inf -8.670247 -0.508885 -0.821996 -2.625379 -1.945489 3.327236 0.502827 1.933161 0.255331 -0.032924 2.598818 0.537162 10.331711 -1.071049 -0.548258 -0.154522 3.546794
1 inf -8.678068 -0.534861 -0.821984 -2.610233 -1.939502 3.334788 0.491712 1.898226 0.296351 -0.088808 2.565946 0.531347 10.326997 -1.074396 -0.571003 -0.169771 3.537912
1 inf -8.651726 -0.520574 -0.854884 -2.630622 -1.954820 3.343751 0.489190 1.913157 0.311637 -0.104578 2.575801 0.483729 10.325521 -1.110364 -0.579885 -0.163122 3.558182
1 inf -8.693081 -0.548063 -0.862383 -2.586986 -1.946430 3.338287 0.454812 1.914570 0.301150 -0.079378 2.584819 0.525230 10.330529 -1.100077 -0.603871 -0.159897 3.567464
1 inf -8.675929 -0.547266 -0.855467 -2.618837 -1.949861 3.386637 0.479870 1.913945 0.280787 -0.079837 2.588149 0.563570 10.341587 -1.104677 -0.597467 -0.169291 3.581189
1 inf -8.626217 -0.533666 -0.883170 -2.611738 -1.955996 3.416930 0.507916 1.916945 0.226621 -0.051552 2.562919 0.533795 10.341077 -1.087593 -0.586139 -0.193213 3.544976
1 inf -8.598357 -0.519055 -0.856416 -2.577032 -1.970434 3.393606 0.501629 1.885311 0.225303 -0.056323 2.547207 0.543970 10.369068 -1.076306 -0.547707 -0.155684 3.562006
1 inf -8.612498 -0.512701 -0.867810 -2.615399 -1.965714 3.363957 0.484971 1.897725 0.219837 -0.057854 2.570812 0.528532 10.384625 -1.057822 -0.532644 -0.181296 3.579638
1 inf -8.615410 -0.534211 -0.877689 -2.626054 -1.997362 3.362543 0.521659 1.880153 0.178121 -0.054781 2.552495 0.522114 10.348542 -1.078231 -0.571281 -0.172769 3.561915
1 inf -8.650735 -0.543060 -0.863629 -2.611871 -1.996339 3.359460 0.564154 1.906237 0.168712 -0.067885 2.552552 0.541880 10.347086 -1.069336 -0.599648 -0.186507 3.539833
1 inf -8.610032 -0.549954 -0.858492 -2.551583 -1.987911 3.383213 0.540759 1.881962 0.143055 -0.064047 2.572686 0.567379 10.358796 -1.104215 -0.631092 -0.175850 3.533139
1 inf -8.609160 -0.521611 -0.848702 -2.542989 -1.977046 3.367880 0.533415 1.851926 0.148879 -0.077151 2.526724 0.577621 10.331020 -1.071691 -0.563332 -0.152255 3.575158
1 inf -8.628134 -0.567375 -0.881753 -2.538431 -1.966978 3.366366 0.569334 1.845470 0.156476 -0.099430 2.553172 0.627282 10.325919 -1.077484 -0.565264 -0.145471 3.574081
1 inf -8.646832 -0.568720 -0.899206 -2.537732 -1.997444 3.384588 0.572363 1.834343 0.167311 -0.067765 2.514811 0.626903 10.348923 -1.121447 -0.536585 -0.144868 3.582210
1 inf -8.685125 -0.572067 -0.888513 -2.511673 -1.968772 3.412856 0.553839 1.832230 0.176416 -0.047085 2.508034 0.628017 10.360971 -1.102683 -0.539457 -0.152560 3.601776
1 inf -8.694648 -0.579272 -0.873908 -2.540773 -1.985413 3.404790 0.561007 1.804216 0.127316 -0.066666 2.511623 0.656156 10.358377 -1.131125 -0.524091 -0.115761 3.637290
1 inf -8.694996 -0.523363 -0.873572 -2.558018 -1.993447 3.388418 0.577732 1.806548 0.168403 -0.085756 2.530710 0.640416 10.378809 -1.092107 -0.511486 -0.100639 3.673713
1 inf -8.685422 -0.516003 -0.864364 -2.556312 -1.976830 3.371818 0.560779 1.820237 0.163017 -0.084830 2.536326 0.636206 10.348434 -1.046486 -0.536037 -0.116535 3.646564
1 inf -8.705570 -0.506598 -0.836968 -2.591581 -1.971501 3.363105 0.575020 1.828934 0.169935 -0.087441 2.513435 0.657807 10.345376 -1.043975 -0.524897 -0.099773 3.651849
1 inf -8.736472 -0.504662 -0.834699 -2.600333 -1.978568 3.350353 0.595605 1.838855 0.179152 -0.065896 2.576790 0.609744 10.345417 -1.051951 -0.495615 -0.087213 3.700594
1 inf -8.731212 -0.509506 -0.837008 -2.595249 -1.973946 3.353871 0.579929 1.807295 0.197506 -0.054847 2.591893 0.662046 10.356789 -1.056231 -0.519480 -0.085015 3.689827
1 inf -8.727603 -0.511477 -0.844309 -2.596029 -1.956512 3.356968 0.595835 1.839097 0.206303 -0.023327 2.600410 0.652079 10.320347 -1.034442 -0.486258 -0.104585 3.661342
1 inf -8.704979 -0.550938 -0.871252 -2.597080 -1.958819 3.369980 0.566988 1.842547 0.205810 -0.056537 2.601351 0.677961 10.318205 -1.078759 -0.500234 -0.079042 3.631728
1 inf -8.695169 -0.545405 -0.875762 -2.587934 -1.958404 3.382803 0.564230 1.850907 0.247503 -0.028483 2.598117 0.670186 10.298123 -1.086749 -0.523732 -0.039866 3.621654
1 inf -8.687449 -0.540186 -0.875471 -2.587600 -1.981495 3.418671 0.551365 1.869725 0.218411 -0.024390 2.605062 0.669517 10.304890 -1.113638 -0.528876 -0.033244 3.597738
1 inf -8.712045 -0.568811 -0.853929 -2.619139 -1.950082 3.412224 0.576313 1.893549 0.234641 0.004807 2.583305 0.687146 10.311039 -1.104251 -0.544729 -0.018502 3.605871
1 inf -8.719342 -0.576673 -0.841011 -2.654889 -1.966631 3.392636 0.570537 1.901126 0.250981 -0.029220 2.569683 0.675287 10.333358 -1.098029 -0.504927 0.004689 3.575415
1 inf -8.699342 -0.619722 -0.808412 -2.653262 -1.986887 3.381963 0.554392 1.919805 0.255506 0.016476 2.574343 0.635874 10.327237 -1.073735 -0.511307 -0.002257 3.545208
1 inf -8.702435 -0.595023 -0.815035 -2.668938 -1.980453 3.374826 0.553599 1.941191 0.244269 0.014823 2.571293 0.631192 10.352934 -1.078637 -0.510446 -0.007119 3.504954
1 inf -8.705803 -0.575140 -0.804219 -2.680362 -1.955602 3.376673 0.523836 1.966956 0.236343 0.012422 2.584875 0.624801 10.400301 -1.074519 -0.531344 -0.006438 3.516937
1 inf -8.695551 -0.638521 -0.812828 -2.683598 -1.964125 3.365324 0.525674 1.991250 0.218109 -0.020700 2.603509 0.642762 10.369466 -1.096645 -0.506273 0.005411 3.494163
1 inf -8.696693 -0.637001 -0.829532 -2.690486 -1.959544 3.358796 0.522827 1.997848 0.202444 0.007421 2.593018 0.641119 10.352617 -1.064345 -0.515768 -0.004902 3.496355
1 inf -8.668833 -0.622390 -0.802778 -2.655780 -1.973982 3.335472 0.516540 1.966214 0.201126 0.002650 2.577306 0.651294 10.380608 -1.053058 -0.477336 0.032627 3.513385
1 inf -8.665875 -0.597806 -0.803643 -2.646829 -1.986185 3.367011 0.516106 1.969295 0.211955 0.002621 2.582169 0.695928 10.371766 -1.032218 -0.453747 0.004499 3.492719
1 inf -8.662020 -0.594414 -0.801247 -2.670424 -1.966169 3.398158 0.515872 1.956692 0.221208 0.002275 2.574119 0.689036 10.360875 -1.043170 -0.454229 0.015571 3.464282
1 inf -8.662098 -0.565321 -0.790003 -2.646684 -1.984648 3.405868 0.510242 1.964725 0.263326 -0.016670 2.577483 0.668201 10.320790 -1.045779 -0.445687 0.027829 3.455602
1 inf -8.684241 -0.545752 -0.802188 -2.648432 -1.971764 3.406417 0.501902 1.963154 0.272281 -0.036632 2.579299 0.681221 10.331933 -1.059845 -0.458995 0.027172 3.453332
1 inf -8.704254 -0.570815 -0.776563 -2.601619 -1.978629 3.434669 0.522662 1.959813 0.280814 -0.032634 2.588454 0.675739 10.331776 -1.033829 -0.447969 0.034704 3.467677
1 inf -8.721872 -0.555074 -0.753598 -2.624818 -1.978113 3.420545 0.529886 1.947352 0.275821 -0.018026 2.589092 0.675529 10.344159 -1.034091 -0.457172 0.040213 3.453807
1 inf -8.719474 -0.549550 -0.756075 -2.636144 -1.968329 3.457380 0.501515 1.963791 0.265656 -0.004470 2.566223 0.653931 10.314818 -1.030333 -0.471024 0.059623 3.460229
1 inf -8.693741 -0.528572 -0.803350 -2.639005 -1.989635 3.441679 0.480831 2.000165 0.263826 -0.006632 2.567534 0.676796 10.298040 -1.051975 -0.495755 0.072908 3.459985
1 inf -8.692773 -0.512137 -0.793607 -2.638185 -1.994869 3.435614 0.513730 2.025758 0.251553 -0.002018 2.530106 0.687711 10.318595 -1.062139 -0.479732 0.061648 3.412111
1 inf -8.699091 -0.525979 -0.815198 -2.663449 -1.980856 3.451341 0.546409 2.029192 0.223445 0.016373 2.544439 0.674300 10.337458 -1.039167 -0.479257 0.069487 3.423128
1 inf -8.712332 -0.542319 -0.814866 -2.674163 -1.976185 3.455146 0.531898 2.028104 0.248530 0.014527 2.552171 0.678529 10.297686 -1.047189 -0.531908 0.106842 3.414785
1 inf -8.682056 -0.535866 -0.789908 -2.672727 -1.928797 3.450106 0.559283 2.044821 0.273890 0.013479 2.539936 0.654455 10.333328 -1.063254 -0.495482 0.125746 3.445137
1 inf -8.674311 -0.611402 -0.794706 -2.688377 -1.908701 3.444285 0.587780 2.041255 0.260548 0.031716 2.568263 0.645834 10.307538 -1.094504 -0.514566 0.126635 3.451060
1 inf -8.682696 -0.606367 -0.794020 -2.692853 -1.941458 3.420620 0.571978 2.035976 0.264624 0.008404 2.524729 0.660352 10.313849 -1.048644 -0.529225 0.109253 3.454898
1 inf -8.652576 -0.636289 -0.802742 -2.692771 -1.953110 3.445923 0.583658 2.062590 0.262643 0.031622 2.524055 0.693255 10.327986 -1.004916 -0.507403 0.109077 3.434412
1 inf -8.664225 -0.648293 -0.814869 -2.687570 -1.948312 3.448197 0.566232 2.067258 0.270646 0.054506 2.496402 0.676511 10.338206 -1.024049 -0.495696 0.109328 3.455739
1 inf -8.636365 -0.633682 -0.788115 -2.652864 -1.962750 3.424873 0.559945 2.035624 0.269328 0.049735 2.480690 0.686686 10.366197 -1.012762 -0.457264 0.146857 3.472769
1 inf -8.671822 -0.645676 -0.807204 -2.665153 -1.956610 3.437461 0.546057 2.036800 0.240472 0.050722 2.487623 0.696554 10.376735 -1.048073 -0.448873 0.156682 3.451878
1 inf -8.659882 -0.684225 -0.821458 -2.688261 -1.929938 3.426428 0.537686 2.042920 0.271399 0.047189 2.518891 0.676331 10.313632 -1.065244 -0.413311 0.153086 3.412182
1 inf -8.658751 -0.641546 -0.807213 -2.677942 -1.937129 3.424861 0.576373 2.045667 0.281565 0.073539 2.523006 0.661620 10.282825 -1.075199 -0.467849 0.182559 3.417031
1 inf -8.673737 -0.624741 -0.783569 -2.670292 -1.935830 3.417789 0.565395 2.043751 0.233778 0.087218 2.529406 0.638602 10.297497 -1.052351 -0.480907 0.166307 3.405581
1 inf -8.641902 -0.588923 -0.780897 -2.671041 -1.892056 3.429216 0.576114 2.024624 0.212912 0.097854 2.507747 0.667270 10.279476 -1.090064 -0.470877 0.182470 3.393063
1 inf -8.646391 -0.589414 -0.803129 -2.637044 -1.866097 3.423733 0.573933 2.008775 0.224253 0.112754 2.504464 0.674042 10.269723 -1.107995 -0.471932 0.189325 3.357973
1 inf -8.636729 -0.614963 -0.782333 -2.607214 -1.855203 3.420606 0.581907 2.007238 0.248901 0.117153 2.547630 0.650876 10.283273 -1.123812 -0.447020 0.232034 3.328926
1 inf -8.636849 -0.592120 -0.788123 -2.629871 -1.818678 3.433219 0.551511 2.027325 0.251044 0.144508 2.561070 0.633209 10.260659 -1.156591 -0.430706 0.226186 3.305210
1 inf -8.657368 -0.605689 -0.776348 -2.643641 -1.821389 3.444346 0.549133 2.006523 0.258748 0.153360 2.561926 0.647424 10.309246 -1.168376 -0.451477 0.258114 3.336400
1 inf -8.627937 -0.603932 -0.759129 -2.670381 -1.829381 3.459206 0.559600 1.959610 0.273079 0.150814 2.573804 0.644902 10.325529 -1.196996 -0.426451 0.259571 3.340686
1 inf -8.603781 -0.569271 -0.737341 -2.657059 -1.821345 3.468762 0.582305 1.989841 0.272967 0.152420 2.552120 0.628405 10.321254 -1.191345 -0.441801 0.249566 3.377047
1 inf -8.609780 -0.589098 -0.749880 -2.655102 -1.809119 3.462880 0.574466 1.992041 0.242860 0.149344 2.576442 0.608214 10.345098 -1.202913 -0.462521 0.234873 3.387706
1 inf -8.581480 -0.625718 -0.712008 -2.680060 -1.799329 3.466842 0.581523 1.990578 0.268928 0.179204 2.582566 0.613334 10.337156 -1.260017 -0.488767 0.194655 3.395748
1 inf -8.583264 -0.604499 -0.687886 -2.690801 -1.801617 3.446784 0.594400 2.011445 0.256813 0.190012 2.570216 0.621782 10.340278 -1.258002 -0.489572 0.203209 3.433494
1 inf -8.606434 -0.591041 -0.701917 -2.711676 -1.815027 3.454182 0.573230 2.010936 0.255485 0.189963 2.581500 0.617023 10.335269 -1.284998 -0.506235 0.169722 3.427081
1 inf -8.582661 -0.577491 -0.706389 -2.708812 -1.818176 3.445558 0.560997 1.983408 0.232353 0.171637 2.594164 0.603969 10.330348 -1.320671 -0.524895 0.188325 3.450329
1 inf -8.557083 -0.567206 -0.718903 -2.712580 -1.806087 3.435958 0.531935 1.957886 0.240447 0.181962 2.629463 0.578948 10.337158 -1.340181 -0.535392 0.197275 3.465061
1 inf -8.538439 -0.564065 -0.707605 -2.693621 -1.798004 3.428220 0.538631 1.976856 0.297470 0.205197 2.599669 0.607806 10.312721 -1.338912 -0.519832 0.170528 3.479519
1 inf -8.577128 -0.525546 -0.739458 -2.653694 -1.829142 3.394834 0.554164 2.008851 0.308618 0.230415 2.590467 0.628092 10.309414 -1.346424 -0.545120 0.182294 3.502964
1 inf -8.575757 -0.537964 -0.726482 -2.665176 -1.840842 3.401479 0.558015 2.010961 0.273369 0.219031 2.583263 0.580404 10.314583 -1.356151 -0.546001 0.195496 3.483078
1 inf -8.540292 -0.532194 -0.737645 -2.701905 -1.846869 3.417221 0.575233 2.001506 0.270017 0.215890 2.552659 0.601707 10.323903 -1.387711 -0.544640 0.182927 3.498140
1 inf -8.534784 -0.553459 -0.697668 -2.700367 -1.827412 3.417580 0.584914 1.976288 0.273396 0.193587 2.561087 0.614413 10.364076 -1.374270 -0.533865 0.172418 3.532253
1 inf -8.548767 -0.560535 -0.695498 -2.718194 -1.808080 3.378238 0.568750 1.996232 0.289437 0.204036 2.543633 0.595509 10.331474 -1.352329 -0.532862 0.181704 3.568384
1 inf -8.563457 -0.565672 -0.674475 -2.730315 -1.825846 3.408159 0.585495 2.027446 0.294722 0.232429 2.498971 0.603773 10.312426 -1.369405 -0.572856 0.175630 3.605249
1 inf -8.535597 -0.551061 -0.647721 -2.695609 -1.840284 3.384835 0.579208 1.995812 0.293404 0.227658 2.483259 0.613948 10.340417 -1.358118 -0.534424 0.213159 3.622279
1 inf -8.566061 -0.581599 -0.677233 -2.670958 -1.808155 3.419518 0.599271 1.983293 0.340517 0.194974 2.489010 0.624033 10.353478 -1.360000 -0.541621 0.232322 3.644027
1 inf -8.558277 -0.592532 -0.677987 -2.637901 -1.835021 3.395640 0.621337 1.967784 0.344075 0.191649 2.518896 0.651081 10.334964 -1.365646 -0.556032 0.212805 3.639067
1 inf -8.555900 -0.579804 -0.704036 -2.620885 -1.827498 3.382093 0.630819 1.966685 0.358996 0.147342 2.521045 0.642907 10.326514 -1.378130 -0.553112 0.229933 3.641042
1 inf -8.536821 -0.582324 -0.699196 -2.560487 -1.809937 3.352484 0.606770 1.980236 0.356320 0.198330 2.505238 0.635096 10.305129 -1.377131 -0.568215 0.199973 3.657579
1 inf -8.566305 -0.541718 -0.644509 -2.578059 -1.800259 3.369421 0.631730 1.971338 0.335470 0.200229 2.446042 0.654699 10.293283 -1.372641 -0.556139 0.212245 3.687699
1 inf -8.595465 -0.508960 -0.659236 -2.559833 -1.793647 3.309325 0.624712 1.967715 0.297822 0.175879 2.448724 0.670036 10.268522 -1.375791 -0.560523 0.223579 3.701990
1 inf -8.577387 -0.501358 -0.663506 -2.587139 -1.805469 3.297328 0.647813 1.958148 0.266834 0.188165 2.459939 0.670212 10.261499 -1.374043 -0.564180 0.217003 3.732328
1 inf -8.585696 -0.481572 -0.674466 -2.599505 -1.792811 3.303684 0.617512 1.956938 0.300494 0.189405 2.446222 0.668007 10.282495 -1.375471 -0.535454 0.233648 3.706017
1 inf -8.532182 -0.483830 -0.655853 -2.594622 -1.767352 3.250541 0.620323 1.933002 0.293293 0.192543 2.440232 0.660697 10.280725 -1.396191 -0.510644 0.256740 3.690236
1 inf -8.565142 -0.482203 -0.657225 -2.579415 -1.775981 3.233077 0.621849 1.914812 0.259652 0.186974 2.467394 0.648334 10.245707 -1.395515 -0.524549 0.271433 3.741014
1 inf -8.557793 -0.493907 -0.653877 -2.561006 -1.787912 3.247646 0.626764 1.897837 0.246989 0.173990 2.476385 0.618480 10.246922 -1.358774 -0.549032 0.272369 3.733142
1 inf -8.547900 -0.499690 -0.626798 -2.583733 -1.794211 3.254534 0.615988 1.890187 0.236533 0.175592 2.488694 0.631089 10.252511 -1.344358 -0.555049 0.250311 3.778432
1 inf -8.507072 -0.465379 -0.609894 -2.545691 -1.811694 3.275276 0.635922 1.871965 0.186538 0.185429 2.491662 0.645315 10.249805 -1.307988 -0.558477 0.241007 3.765789
1 inf -8.491670 -0.488428 -0.610846 -2.532479 -1.815109 3.294784 0.633396 1.888167 0.196397 0.194852 2.503583 0.677996 10.215887 -1.306425 -0.546810 0.258102 3.775697
1 inf -8.489312 -0.463859 -0.586529 -2.549813 -1.800679 3.325004 0.596729 1.913464 0.195098 0.223845 2.485826 0.658513 10.223090 -1.302977 -0.549310 0.281805 3.795102
1 inf -8.477660 -0.440217 -0.574306 -2.554539 -1.791453 3.361215 0.600951 1.903359 0.181943 0.228490 2.501291 0.648752 10.257051 -1.308436 -0.520007 0.301545 3.767532
1 inf -8.474611 -0.421176 -0.574465 -2.577622 -1.770691 3.373868 0.584247 1.949422 0.188682 0.247702 2.536198 0.633749 10.227944 -1.321754 -0.563128 0.327151 3.733337
1 inf -8.482175 -0.414352 -0.559246 -2.612715 -1.747855 3.391538 0.593156 1.968026 0.177320 0.228839 2.527361 0.651169 10.243468 -1.297735 -0.571891 0.311345 3.759956
1 inf -8.480965 -0.424191 -0.565123 -2.622607 -1.779246 3.365144 0.555781 1.958319 0.186149 0.259240 2.518460 0.667955 10.241187 -1.330949 -0.612754 0.332437 3.734141
1 inf -8.470845 -0.433030 -0.576155 -2.643829 -1.819329 3.371320 0.580200 1.940212 0.167690 0.266862 2.530591 0.618169 10.259876 -1.326459 -0.671138 0.306158 3.710423
1 inf -8.451204 -0.434999 -0.579852 -2.636662 -1.820616 3.364836 0.545899 1.937051 0.168216 0.257090 2.547017 0.645422 10.258106 -1.314966 -0.694698 0.281664 3.688048
1 inf -8.476184 -0.471192 -0.605916 -2.691321 -1.808857 3.344526 0.562537 1.934144 0.151711 0.241320 2.483558 0.675755 10.254446 -1.247898 -0.704670 0.285616 3.701587
1 inf -8.450908 -0.503290 -0.639873 -2.710691 -1.810292 3.337948 0.613955 1.953232 0.160646 0.236417 2.497254 0.627302 10.247584 -1.232463 -0.699399 0.313707 3.722978
1 inf -8.423048 -0.488679 -0.613119 -2.675985 -1.824730 3.314624 0.607668 1.921598 0.159328 0.231646 2.481542 0.637477 10.275575 -1.221176 -0.660967 0.351236 3.740008
1 inf -8.426706 -0.473011 -0.657228 -2.683416 -1.875034 3.334585 0.653772 1.904369 0.190079 0.211568 2.467038 0.674226 10.291917 -1.198014 -0.633618 0.339287 3.731105
1 inf -8.462782 -0.486268 -0.660282 -2.663169 -1.887596 3.325220 0.629010 1.892673 0.178758 0.206015 2.456776 0.647151 10.266580 -1.242995 -0.620463 0.322400 3.762623
1 inf -8.467382 -0.425693 -0.667772 -2.622986 -1.875881 3.307065 0.664344 1.897937 0.177156 0.257013 2.470265 0.651025 10.261247 -1.222106 -0.605592 0.317499 3.767143
1 inf -8.489389 -0.432755 -0.696084 -2.636819 -1.864612 3.315033 0.697892 1.888402 0.154276 0.217735 2.474824 0.683847 10.262273 -1.222113 -0.561845 0.319616 3.824525
1 inf -8.469506 -0.448551 -0.686600 -2.603321 -1.883084 3.276458 0.725061 1.902866 0.187331 0.221015 2.487321 0.676593 10.255569 -1.232024 -0.537732 0.351771 3.833169
