1 155.14857 -8.708441 -0.983350 -0.282262 -2.246852 -1.414739 3.393675 0.197022 2.541110 0.223406 0.626910 2.331508 0.173178 10.457039 -0.754831 -0.260303 0.170665 3.672909
1 154.30434 -8.700965 -0.965933 -0.317804 -2.252950 -1.391395 3.390798 0.164045 2.518765 0.241905 0.604438 2.299834 0.157972 10.469208 -0.788067 -0.255763 0.171372 3.686173
1 154.30434 -8.700965 -0.965933 -0.317804 -2.252950 -1.391395 3.390798 0.164045 2.518765 0.241905 0.604438 2.299834 0.157972 10.469208 -0.788067 -0.255763 0.171372 3.686173
1 154.30434 -8.700965 -0.965933 -0.317804 -2.252950 -1.391395 3.390798 0.164045 2.518765 0.241905 0.604438 2.299834 0.157972 10.469208 -0.788067 -0.255763 0.171372 3.686173
1 153.53718 -8.690030 -0.945190 -0.305415 -2.259586 -1.377147 3.418500 0.189200 2.524627 0.229065 0.581893 2.265385 0.153074 10.476882 -0.781755 -0.243376 0.140823 3.693717
1 153.53718 -8.690030 -0.945190 -0.305415 -2.259586 -1.377147 3.418500 0.189200 2.524627 0.229065 0.581893 2.265385 0.153074 10.476882 -0.781755 -0.243376 0.140823 3.693717
1 153.53718 -8.690030 -0.945190 -0.305415 -2.259586 -1.377147 3.418500 0.189200 2.524627 0.229065 0.581893 2.265385 0.153074 10.476882 -0.781755 -0.243376 0.140823 3.693717
1 153.53718 -8.690030 -0.945190 -0.305415 -2.259586 -1.377147 3.418500 0.189200 2.524627 0.229065 0.581893 2.265385 0.153074 10.476882 -0.781755 -0.243376 0.140823 3.693717
1 150.08095 -8.671024 -0.934861 -0.283171 -2.223266 -1.418762 3.435063 0.191347 2.522013 0.239733 0.566646 2.256468 0.132072 10.462054 -0.782467 -0.225056 0.137004 3.698843
1 150.08095 -8.671024 -0.934861 -0.283171 -2.223266 -1.418762 3.435063 0.191347 2.522013 0.239733 0.566646 2.256468 0.132072 10.462054 -0.782467 -0.225056 0.137004 3.698843
1 150.08095 -8.671024 -0.934861 -0.283171 -2.223266 -1.418762 3.435063 0.191347 2.522013 0.239733 0.566646 2.256468 0.132072 10.462054 -0.782467 -0.225056 0.137004 3.698843
1 150.08095 -8.671024 -0.934861 -0.283171 -2.223266 -1.418762 3.435063 0.191347 2.522013 0.239733 0.566646 2.256468 0.132072 10.462054 -0.782467 -0.225056 0.137004 3.698843
1 150.08095 -8.671024 -0.934861 -0.283171 -2.223266 -1.418762 3.435063 0.191347 2.522013 0.239733 0.566646 2.256468 0.132072 10.462054 -0.782467 -0.225056 0.137004 3.698843
1 150.08095 -8.671024 -0.934861 -0.283171 -2.223266 -1.418762 3.435063 0.191347 2.522013 0.239733 0.566646 2.256468 0.132072 10.462054 -0.782467 -0.225056 0.137004 3.698843
1 150.08095 -8.671024 -0.934861 -0.283171 -2.223266 -1.418762 3.435063 0.191347 2.522013 0.239733 0.566646 2.256468 0.132072 10.462054 -0.782467 -0.225056 0.137004 3.698843
1 150.08095 -8.671024 -0.934861 -0.283171 -2.223266 -1.418762 3.435063 0.191347 2.522013 0.239733 0.566646 2.256468 0.132072 10.462054 -0.782467 -0.225056 0.137004 3.698843
1 150.08095 -8.671024 -0.934861 -0.283171 -2.223266 -1.418762 3.435063 0.191347 2.522013 0.239733 0.566646 2.256468 0.132072 10.462054 -0.782467 -0.225056 0.137004 3.698843
1 150.08095 -8.671024 -0.934861 -0.283171 -2.223266 -1.418762 3.435063 0.191347 2.522013 0.239733 0.566646 2.256468 0.132072 10.462054 -0.782467 -0.225056 0.137004 3.698843
1 150.08095 -8.671024 -0.934861 -0.283171 -2.223266 -1.418762 3.435063 0.191347 2.522013 0.239733 0.566646 2.256468 0.132072 10.462054 -0.782467 -0.225056 0.137004 3.698843
1 150.08095 -8.671024 -0.934861 -0.283171 -2.223266 -1.418762 3.435063 0.191347 2.522013 0.239733 0.566646 2.256468 0.132072 10.462054 -0.782467 -0.225056 0.137004 3.698843
1 150.08095 -8.671024 -0.934861 -0.283171 -2.223266 -1.418762 3.435063 0.191347 2.522013 0.239733 0.566646 2.256468 0.132072 10.462054 -0.782467 -0.225056 0.137004 3.698843
1 150.08095 -8.671024 -0.934861 -0.283171 -2.223266 -1.418762 3.435063 0.191347 2.522013 0.239733 0.566646 2.256468 0.132072 10.462054 -0.782467 -0.225056 0.137004 3.698843
1 150.08095 -8.671024 -0.934861 -0.283171 -2.223266 -1.418762 3.435063 0.191347 2.522013 0.239733 0.566646 2.256468 0.132072 10.462054 -0.782467 -0.225056 0.137004 3.698843
1 150.08095 -8.671024 -0.934861 -0.283171 -2.223266 -1.418762 3.435063 0.191347 2.522013 0.239733 0.566646 2.256468 0.132072 10.462054 -0.782467 -0.225056 0.137004 3.698843
1 150.08095 -8.671024 -0.934861 -0.283171 -2.223266 -1.418762 3.435063 0.191347 2.522013 0.239733 0.566646 2.256468 0.132072 10.462054 -0.782467 -0.225056 0.137004 3.698843
1 150.08095 -8.671024 -0.934861 -0.283171 -2.223266 -1.418762 3.435063 0.191347 2.522013 0.239733 0.566646 2.256468 0.132072 10.462054 -0.782467 -0.225056 0.137004 3.698843
1 150.08095 -8.671024 -0.934861 -0.283171 -2.223266 -1.418762 3.435063 0.191347 2.522013 0.239733 0.566646 2.256468 0.132072 10.462054 -0.782467 -0.225056 0.137004 3.698843
1 150.08095 -8.671024 -0.934861 -0.283171 -2.223266 -1.418762 3.435063 0.191347 2.522013 0.239733 0.566646 2.256468 0.132072 10.462054 -0.782467 -0.225056 0.137004 3.698843
1 150.08095 -8.671024 -0.934861 -0.283171 -2.223266 -1.418762 3.435063 0.191347 2.522013 0.239733 0.566646 2.256468 0.132072 10.462054 -0.782467 -0.225056 0.137004 3.698843
1 150.08095 -8.671024 -0.934861 -0.283171 -2.223266 -1.418762 3.435063 0.191347 2.522013 0.239733 0.566646 2.256468 0.132072 10.462054 -0.782467 -0.225056 0.137004 3.698843
1 150.08095 -8.671024 -0.934861 -0.283171 -2.223266 -1.418762 3.435063 0.191347 2.522013 0.239733 0.566646 2.256468 0.132072 10.462054 -0.782467 -0.225056 0.137004 3.698843
1 150.08095 -8.671024 -0.934861 -0.283171 -2.223266 -1.418762 3.435063 0.191347 2.522013 0.239733 0.566646 2.256468 0.132072 10.462054 -0.782467 -0.225056 0.137004 3.698843
1 150.08095 -8.671024 -0.934861 -0.283171 -2.223266 -1.418762 3.435063 0.191347 2.522013 0.239733 0.566646 2.256468 0.132072 10.462054 -0.782467 -0.225056 0.137004 3.698843
1 150.08095 -8.671024 -0.934861 -0.283171 -2.223266 -1.418762 3.435063 0.191347 2.522013 0.239733 0.566646 2.256468 0.132072 10.462054 -0.782467 -0.225056 0.137004 3.698843
1 150.08095 -8.671024 -0.934861 -0.283171 -2.223266 -1.418762 3.435063 0.191347 2.522013 0.239733 0.566646 2.256468 0.132072 10.462054 -0.782467 -0.225056 0.137004 3.698843
1 150.08095 -8.671024 -0.934861 -0.283171 -2.223266 -1.418762 3.435063 0.191347 2.522013 0.239733 0.566646 2.256468 0.132072 10.462054 -0.782467 -0.225056 0.137004 3.698843
1 150.08095 -8.671024 -0.934861 -0.283171 -2.223266 -1.418762 3.435063 0.191347 2.522013 0.239733 0.566646 2.256468 0.132072 10.462054 -0.782467 -0.225056 0.137004 3.698843
1 150.08095 -8.671024 -0.934861 -0.283171 -2.223266 -1.418762 3.435063 0.191347 2.522013 0.239733 0.566646 2.256468 0.132072 10.462054 -0.782467 -0.225056 0.137004 3.698843
1 150.08095 -8.671024 -0.934861 -0.283171 -2.223266 -1.418762 3.435063 0.191347 2.522013 0.239733 0.566646 2.256468 0.132072 10.462054 -0.782467 -0.225056 0.137004 3.698843
1 150.08095 -8.671024 -0.934861 -0.283171 -2.223266 -1.418762 3.435063 0.191347 2.522013 0.239733 0.566646 2.256468 0.132072 10.462054 -0.782467 -0.225056 0.137004 3.698843
1 150.08095 -8.671024 -0.934861 -0.283171 -2.223266 -1.418762 3.435063 0.191347 2.522013 0.239733 0.566646 2.256468 0.132072 10.462054 -0.782467 -0.225056 0.137004 3.698843
1 150.08095 -8.671024 -0.934861 -0.283171 -2.223266 -1.418762 3.435063 0.191347 2.522013 0.239733 0.566646 2.256468 0.132072 10.462054 -0.782467 -0.225056 0.137004 3.698843
1 150.08095 -8.671024 -0.934861 -0.283171 -2.223266 -1.418762 3.435063 0.191347 2.522013 0.239733 0.566646 2.256468 0.132072 10.462054 -0.782467 -0.225056 0.137004 3.698843
1 150.08095 -8.671024 -0.934861 -0.283171 -2.223266 -1.418762 3.435063 0.191347 2.522013 0.239733 0.566646 2.256468 0.132072 10.462054 -0.782467 -0.225056 0.137004 3.698843
1 150.08095 -8.671024 -0.934861 -0.283171 -2.223266 -1.418762 3.435063 0.191347 2.522013 0.239733 0.566646 2.256468 0.132072 10.462054 -0.782467 -0.225056 0.137004 3.698843
1 150.08095 -8.671024 -0.934861 -0.283171 -2.223266 -1.418762 3.435063 0.191347 2.522013 0.239733 0.566646 2.256468 0.132072 10.462054 -0.782467 -0.225056 0.137004 3.698843
1 150.08095 -8.671024 -0.934861 -0.283171 -2.223266 -1.418762 3.435063 0.191347 2.522013 0.239733 0.566646 2.256468 0.132072 10.462054 -0.782467 -0.225056 0.137004 3.698843
1 150.08095 -8.671024 -0.934861 -0.283171 -2.223266 -1.418762 3.435063 0.191347 2.522013 0.239733 0.566646 2.256468 0.132072 10.462054 -0.782467 -0.225056 0.137004 3.698843
1 150.08095 -8.671024 -0.934861 -0.283171 -2.223266 -1.418762 3.435063 0.191347 2.522013 0.239733 0.566646 2.256468 0.132072 10.462054 -0.782467 -0.225056 0.137004 3.698843
1 150.08095 -8.671024 -0.934861 -0.283171 -2.223266 -1.418762 3.435063 0.191347 2.522013 0.239733 0.566646 2.256468 0.132072 10.462054 -0.782467 -0.225056 0.137004 3.698843
1 150.08095 -8.671024 -0.934861 -0.283171 -2.223266 -1.418762 3.435063 0.191347 2.522013 0.239733 0.566646 2.256468 0.132072 10.462054 -0.782467 -0.225056 0.137004 3.698843
1 150.08095 -8.671024 -0.934861 -0.283171 -2.223266 -1.418762 3.435063 0.191347 2.522013 0.239733 0.566646 2.256468 0.132072 10.462054 -0.782467 -0.225056 0.137004 3.698843
1 150.08095 -8.671024 -0.934861 -0.283171 -2.223266 -1.418762 3.435063 0.191347 2.522013 0.239733 0.566646 2.256468 0.132072 10.462054 -0.782467 -0.225056 0.137004 3.698843
1 150.08095 -8.671024 -0.934861 -0.283171 -2.223266 -1.418762 3.435063 0.191347 2.522013 0.239733 0.566646 2.256468 0.132072 10.462054 -0.782467 -0.225056 0.137004 3.698843
1 150.08095 -8.671024 -0.934861 -0.283171 -2.223266 -1.418762 3.435063 0.191347 2.522013 0.239733 0.566646 2.256468 0.132072 10.462054 -0.782467 -0.225056 0.137004 3.698843
1 150.08095 -8.671024 -0.934861 -0.283171 -2.223266 -1.418762 3.435063 0.191347 2.522013 0.239733 0.566646 2.256468 0.132072 10.462054 -0.782467 -0.225056 0.137004 3.698843
1 150.08095 -8.671024 -0.934861 -0.283171 -2.223266 -1.418762 3.435063 0.191347 2.522013 0.239733 0.566646 2.256468 0.132072 10.462054 -0.782467 -0.225056 0.137004 3.698843
1 150.08095 -8.671024 -0.934861 -0.283171 -2.223266 -1.418762 3.435063 0.191347 2.522013 0.239733 0.566646 2.256468 0.132072 10.462054 -0.782467 -0.225056 0.137004 3.698843
1 150.08095 -8.671024 -0.934861 -0.283171 -2.223266 -1.418762 3.435063 0.191347 2.522013 0.239733 0.566646 2.256468 0.132072 10.462054 -0.782467 -0.225056 0.137004 3.698843
1 150.08095 -8.671024 -0.934861 -0.283171 -2.223266 -1.418762 3.435063 0.191347 2.522013 0.239733 0.566646 2.256468 0.132072 10.462054 -0.782467 -0.225056 0.137004 3.698843
1 150.08095 -8.671024 -0.934861 -0.283171 -2.223266 -1.418762 3.435063 0.191347 2.522013 0.239733 0.566646 2.256468 0.132072 10.462054 -0.782467 -0.225056 0.137004 3.698843
1 150.08095 -8.671024 -0.934861 -0.283171 -2.223266 -1.418762 3.435063 0.191347 2.522013 0.239733 0.566646 2.256468 0.132072 10.462054 -0.782467 -0.225056 0.137004 3.698843
1 150.08095 -8.671024 -0.934861 -0.283171 -2.223266 -1.418762 3.435063 0.191347 2.522013 0.239733 0.566646 2.256468 0.132072 10.462054 -0.782467 -0.225056 0.137004 3.698843
1 150.08095 -8.671024 -0.934861 -0.283171 -2.223266 -1.418762 3.435063 0.191347 2.522013 0.239733 0.566646 2.256468 0.132072 10.462054 -0.782467 -0.225056 0.137004 3.698843
1 150.08095 -8.671024 -0.934861 -0.283171 -2.223266 -1.418762 3.435063 0.191347 2.522013 0.239733 0.566646 2.256468 0.132072 10.462054 -0.782467 -0.225056 0.137004 3.698843
1 150.08095 -8.671024 -0.934861 -0.283171 -2.223266 -1.418762 3.435063 0.191347 2.522013 0.239733 0.566646 2.256468 0.132072 10.462054 -0.782467 -0.225056 0.137004 3.698843
1 150.08095 -8.671024 -0.934861 -0.283171 -2.223266 -1.418762 3.435063 0.191347 2.522013 0.239733 0.566646 2.256468 0.132072 10.462054 -0.782467 -0.225056 0.137004 3.698843
1 150.08095 -8.671024 -0.934861 -0.283171 -2.223266 -1.418762 3.435063 0.191347 2.522013 0.239733 0.566646 2.256468 0.132072 10.462054 -0.782467 -0.225056 0.137004 3.698843
1 150.08095 -8.671024 -0.934861 -0.283171 -2.223266 -1.418762 3.435063 0.191347 2.522013 0.239733 0.566646 2.256468 0.132072 10.462054 -0.782467 -0.225056 0.137004 3.698843
1 150.08095 -8.671024 -0.934861 -0.283171 -2.223266 -1.418762 3.435063 0.191347 2.522013 0.239733 0.566646 2.256468 0.132072 10.462054 -0.782467 -0.225056 0.137004 3.698843
1 150.08095 -8.671024 -0.934861 -0.283171 -2.223266 -1.418762 3.435063 0.191347 2.522013 0.239733 0.566646 2.256468 0.132072 10.462054 -0.782467 -0.225056 0.137004 3.698843
1 150.08095 -8.671024 -0.934861 -0.283171 -2.223266 -1.418762 3.435063 0.191347 2.522013 0.239733 0.566646 2.256468 0.132072 10.462054 -0.782467 -0.225056 0.137004 3.698843
1 150.08095 -8.671024 -0.934861 -0.283171 -2.223266 -1.418762 3.435063 0.191347 2.522013 0.239733 0.566646 2.256468 0.132072 10.462054 -0.782467 -0.225056 0.137004 3.698843
1 150.08095 -8.671024 -0.934861 -0.283171 -2.223266 -1.418762 3.435063 0.191347 2.522013 0.239733 0.566646 2.256468 0.132072 10.462054 -0.782467 -0.225056 0.137004 3.698843
1 150.08095 -8.671024 -0.934861 -0.283171 -2.223266 -1.418762 3.435063 0.191347 2.522013 0.239733 0.566646 2.256468 0.132072 10.462054 -0.782467 -0.225056 0.137004 3.698843
1 150.08095 -8.671024 -0.934861 -0.283171 -2.223266 -1.418762 3.435063 0.191347 2.522013 0.239733 0.566646 2.256468 0.132072 10.462054 -0.782467 -0.225056 0.137004 3.698843
1 150.08095 -8.671024 -0.934861 -0.283171 -2.223266 -1.418762 3.435063 0.191347 2.522013 0.239733 0.566646 2.256468 0.132072 10.462054 -0.782467 -0.225056 0.137004 3.698843
1 150.08095 -8.671024 -0.934861 -0.283171 -2.223266 -1.418762 3.435063 0.191347 2.522013 0.239733 0.566646 2.256468 0.132072 10.462054 -0.782467 -0.225056 0.137004 3.698843
1 150.08095 -8.671024 -0.934861 -0.283171 -2.223266 -1.418762 3.435063 0.191347 2.522013 0.239733 0.566646 2.256468 0.132072 10.462054 -0.782467 -0.225056 0.137004 3.698843
1 150.08095 -8.671024 -0.934861 -0.283171 -2.223266 -1.418762 3.435063 0.191347 2.522013 0.239733 0.566646 2.256468 0.132072 10.462054 -0.782467 -0.225056 0.137004 3.698843
1 150.08095 -8.671024 -0.934861 -0.283171 -2.223266 -1.418762 3.435063 0.191347 2.522013 0.239733 0.566646 2.256468 0.132072 10.462054 -0.782467 -0.225056 0.137004 3.698843
1 150.08095 -8.671024 -0.934861 -0.283171 -2.223266 -1.418762 3.435063 0.191347 2.522013 0.239733 0.566646 2.256468 0.132072 10.462054 -0.782467 -0.225056 0.137004 3.698843
1 150.08095 -8.671024 -0.934861 -0.283171 -2.223266 -1.418762 3.435063 0.191347 2.522013 0.239733 0.566646 2.256468 0.132072 10.462054 -0.782467 -0.225056 0.137004 3.698843
1 150.08095 -8.671024 -0.934861 -0.283171 -2.223266 -1.418762 3.435063 0.191347 2.522013 0.239733 0.566646 2.256468 0.132072 10.462054 -0.782467 -0.225056 0.137004 3.698843
1 150.08095 -8.671024 -0.934861 -0.283171 -2.223266 -1.418762 3.435063 0.191347 2.522013 0.239733 0.566646 2.256468 0.132072 10.462054 -0.782467 -0.225056 0.137004 3.698843
1 150.08095 -8.671024 -0.934861 -0.283171 -2.223266 -1.418762 3.435063 0.191347 2.522013 0.239733 0.566646 2.256468 0.132072 10.462054 -0.782467 -0.225056 0.137004 3.698843
1 150.08095 -8.671024 -0.934861 -0.283171 -2.223266 -1.418762 3.435063 0.191347 2.522013 0.239733 0.566646 2.256468 0.132072 10.462054 -0.782467 -0.225056 0.137004 3.698843
1 150.08095 -8.671024 -0.934861 -0.283171 -2.223266 -1.418762 3.435063 0.191347 2.522013 0.239733 0.566646 2.256468 0.132072 10.462054 -0.782467 -0.225056 0.137004 3.698843
1 150.08095 -8.671024 -0.934861 -0.283171 -2.223266 -1.418762 3.435063 0.191347 2.522013 0.239733 0.566646 2.256468 0.132072 10.462054 -0.782467 -0.225056 0.137004 3.698843
1 150.08095 -8.671024 -0.934861 -0.283171 -2.223266 -1.418762 3.435063 0.191347 2.522013 0.239733 0.566646 2.256468 0.132072 10.462054 -0.782467 -0.225056 0.137004 3.698843
1 150.08095 -8.671024 -0.934861 -0.283171 -2.223266 -1.418762 3.435063 0.191347 2.522013 0.239733 0.566646 2.256468 0.132072 10.462054 -0.782467 -0.225056 0.137004 3.698843
1 150.08095 -8.671024 -0.934861 -0.283171 -2.223266 -1.418762 3.435063 0.191347 2.522013 0.239733 0.566646 2.256468 0.132072 10.462054 -0.782467 -0.225056 0.137004 3.698843
1 150.08095 -8.671024 -0.934861 -0.283171 -2.223266 -1.418762 3.435063 0.191347 2.522013 0.239733 0.566646 2.256468 0.132072 10.462054 -0.782467 -0.225056 0.137004 3.698843
1 150.08095 -8.671024 -0.934861 -0.283171 -2.223266 -1.418762 3.435063 0.191347 2.522013 0.239733 0.566646 2.256468 0.132072 10.462054 -0.782467 -0.225056 0.137004 3.698843
1 150.08095 -8.671024 -0.934861 -0.283171 -2.223266 -1.418762 3.435063 0.191347 2.522013 0.239733 0.566646 2.256468 0.132072 10.462054 -0.782467 -0.225056 0.137004 3.698843
1 150.08095 -8.671024 -0.934861 -0.283171 -2.223266 -1.418762 3.435063 0.191347 2.522013 0.239733 0.566646 2.256468 0.132072 10.462054 -0.782467 -0.225056 0.137004 3.698843
1 150.08095 -8.671024 -0.934861 -0.283171 -2.223266 -1.418762 3.435063 0.191347 2.522013 0.239733 0.566646 2.256468 0.132072 10.462054 -0.782467 -0.225056 0.137004 3.698843
1 150.08095 -8.671024 -0.934861 -0.283171 -2.223266 -1.418762 3.435063 0.191347 2.522013 0.239733 0.566646 2.256468 0.132072 10.462054 -0.782467 -0.225056 0.137004 3.698843
1 150.08095 -8.671024 -0.934861 -0.283171 -2.223266 -1.418762 3.435063 0.191347 2.522013 0.239733 0.566646 2.256468 0.132072 10.462054 -0.782467 -0.225056 0.137004 3.698843
1 150.08095 -8.671024 -0.934861 -0.283171 -2.223266 -1.418762 3.435063 0.191347 2.522013 0.239733 0.566646 2.256468 0.132072 10.462054 -0.782467 -0.225056 0.137004 3.698843
1 150.08095 -8.671024 -0.934861 -0.283171 -2.223266 -1.418762 3.435063 0.191347 2.522013 0.239733 0.566646 2.256468 0.132072 10.462054 -0.782467 -0.225056 0.137004 3.698843
1 150.08095 -8.671024 -0.934861 -0.283171 -2.223266 -1.418762 3.435063 0.191347 2.522013 0.239733 0.566646 2.256468 0.132072 10.462054 -0.782467 -0.225056 0.137004 3.698843
1 150.08095 -8.671024 -0.934861 -0.283171 -2.223266 -1.418762 3.435063 0.191347 2.522013 0.239733 0.566646 2.256468 0.132072 10.462054 -0.782467 -0.225056 0.137004 3.698843
1 150.08095 -8.671024 -0.934861 -0.283171 -2.223266 -1.418762 3.435063 0.191347 2.522013 0.239733 0.566646 2.256468 0.132072 10.462054 -0.782467 -0.225056 0.137004 3.698843
1 150.08095 -8.671024 -0.934861 -0.283171 -2.223266 -1.418762 3.435063 0.191347 2.522013 0.239733 0.566646 2.256468 0.132072 10.462054 -0.782467 -0.225056 0.137004 3.698843
1 150.08095 -8.671024 -0.934861 -0.283171 -2.223266 -1.418762 3.435063 0.191347 2.522013 0.239733 0.566646 2.256468 0.132072 10.462054 -0.782467 -0.225056 0.137004 3.698843
1 150.08095 -8.671024 -0.934861 -0.283171 -2.223266 -1.418762 3.435063 0.191347 2.522013 0.239733 0.566646 2.256468 0.132072 10.462054 -0.782467 -0.225056 0.137004 3.698843
1 150.08095 -8.671024 -0.934861 -0.283171 -2.223266 -1.418762 3.435063 0.191347 2.522013 0.239733 0.566646 2.256468 0.132072 10.462054 -0.782467 -0.225056 0.137004 3.698843
1 150.08095 -8.671024 -0.934861 -0.283171 -2.223266 -1.418762 3.435063 0.191347 2.522013 0.239733 0.566646 2.256468 0.132072 10.462054 -0.782467 -0.225056 0.137004 3.698843
1 150.08095 -8.671024 -0.934861 -0.283171 -2.223266 -1.418762 3.435063 0.191347 2.522013 0.239733 0.566646 2.256468 0.132072 10.462054 -0.782467 -0.225056 0.137004 3.698843
1 150.08095 -8.671024 -0.934861 -0.283171 -2.223266 -1.418762 3.435063 0.191347 2.522013 0.239733 0.566646 2.256468 0.132072 10.462054 -0.782467 -0.225056 0.137004 3.698843
1 150.08095 -8.671024 -0.934861 -0.283171 -2.223266 -1.418762 3.435063 0.191347 2.522013 0.239733 0.566646 2.256468 0.132072 10.462054 -0.782467 -0.225056 0.137004 3.698843
1 150.08095 -8.671024 -0.934861 -0.283171 -2.223266 -1.418762 3.435063 0.191347 2.522013 0.239733 0.566646 2.256468 0.132072 10.462054 -0.782467 -0.225056 0.137004 3.698843
1 150.08095 -8.671024 -0.934861 -0.283171 -2.223266 -1.418762 3.435063 0.191347 2.522013 0.239733 0.566646 2.256468 0.132072 10.462054 -0.782467 -0.225056 0.137004 3.698843
1 150.08095 -8.671024 -0.934861 -0.283171 -2.223266 -1.418762 3.435063 0.191347 2.522013 0.239733 0.566646 2.256468 0.132072 10.462054 -0.782467 -0.225056 0.137004 3.698843
1 150.08095 -8.671024 -0.934861 -0.283171 -2.223266 -1.418762 3.435063 0.191347 2.522013 0.239733 0.566646 2.256468 0.132072 10.462054 -0.782467 -0.225056 0.137004 3.698843
1 150.08095 -8.671024 -0.934861 -0.283171 -2.223266 -1.418762 3.435063 0.191347 2.522013 0.239733 0.566646 2.256468 0.132072 10.462054 -0.782467 -0.225056 0.137004 3.698843
1 150.08095 -8.671024 -0.934861 -0.283171 -2.223266 -1.418762 3.435063 0.191347 2.522013 0.239733 0.566646 2.256468 0.132072 10.462054 -0.782467 -0.225056 0.137004 3.698843
1 150.08095 -8.671024 -0.934861 -0.283171 -2.223266 -1.418762 3.435063 0.191347 2.522013 0.239733 0.566646 2.256468 0.132072 10.462054 -0.782467 -0.225056 0.137004 3.698843
1 150.08095 -8.671024 -0.934861 -0.283171 -2.223266 -1.418762 3.435063 0.191347 2.522013 0.239733 0.566646 2.256468 0.132072 10.462054 -0.782467 -0.225056 0.137004 3.698843
1 150.08095 -8.671024 -0.934861 -0.283171 -2.223266 -1.418762 3.435063 0.191347 2.522013 0.239733 0.566646 2.256468 0.132072 10.462054 -0.782467 -0.225056 0.137004 3.698843
1 150.08095 -8.671024 -0.934861 -0.283171 -2.223266 -1.418762 3.435063 0.191347 2.522013 0.239733 0.566646 2.256468 0.132072 10.462054 -0.782467 -0.225056 0.137004 3.698843
1 150.08095 -8.671024 -0.934861 -0.283171 -2.223266 -1.418762 3.435063 0.191347 2.522013 0.239733 0.566646 2.256468 0.132072 10.462054 -0.782467 -0.225056 0.137004 3.698843
1 150.08095 -8.671024 -0.934861 -0.283171 -2.223266 -1.418762 3.435063 0.191347 2.522013 0.239733 0.566646 2.256468 0.132072 10.462054 -0.782467 -0.225056 0.137004 3.698843
1 150.08095 -8.671024 -0.934861 -0.283171 -2.223266 -1.418762 3.435063 0.191347 2.522013 0.239733 0.566646 2.256468 0.132072 10.462054 -0.782467 -0.225056 0.137004 3.698843
1 150.08095 -8.671024 -0.934861 -0.283171 -2.223266 -1.418762 3.435063 0.191347 2.522013 0.239733 0.566646 2.256468 0.132072 10.462054 -0.782467 -0.225056 0.137004 3.698843
1 150.08095 -8.671024 -0.934861 -0.283171 -2.223266 -1.418762 3.435063 0.191347 2.522013 0.239733 0.566646 2.256468 0.132072 10.462054 -0.782467 -0.225056 0.137004 3.698843
1 150.08095 -8.671024 -0.934861 -0.283171 -2.223266 -1.418762 3.435063 0.191347 2.522013 0.239733 0.566646 2.256468 0.132072 10.462054 -0.782467 -0.225056 0.137004 3.698843
1 150.08095 -8.671024 -0.934861 -0.283171 -2.223266 -1.418762 3.435063 0.191347 2.522013 0.239733 0.566646 2.256468 0.132072 10.462054 -0.782467 -0.225056 0.137004 3.698843
1 150.08095 -8.671024 -0.934861 -0.283171 -2.223266 -1.418762 3.435063 0.191347 2.522013 0.239733 0.566646 2.256468 0.132072 10.462054 -0.782467 -0.225056 0.137004 3.698843
1 150.08095 -8.671024 -0.934861 -0.283171 -2.223266 -1.418762 3.435063 0.191347 2.522013 0.239733 0.566646 2.256468 0.132072 10.462054 -0.782467 -0.225056 0.137004 3.698843
1 150.08095 -8.671024 -0.934861 -0.283171 -2.223266 -1.418762 3.435063 0.191347 2.522013 0.239733 0.566646 2.256468 0.132072 10.462054 -0.782467 -0.225056 0.137004 3.698843
1 150.08095 -8.671024 -0.934861 -0.283171 -2.223266 -1.418762 3.435063 0.191347 2.522013 0.239733 0.566646 2.256468 0.132072 10.462054 -0.782467 -0.225056 0.137004 3.698843
1 150.08095 -8.671024 -0.934861 -0.283171 -2.223266 -1.418762 3.435063 0.191347 2.522013 0.239733 0.566646 2.256468 0.132072 10.462054 -0.782467 -0.225056 0.137004 3.698843
1 150.08095 -8.671024 -0.934861 -0.283171 -2.223266 -1.418762 3.435063 0.191347 2.522013 0.239733 0.566646 2.256468 0.132072 10.462054 -0.782467 -0.225056 0.137004 3.698843
1 150.08095 -8.671024 -0.934861 -0.283171 -2.223266 -1.418762 3.435063 0.191347 2.522013 0.239733 0.566646 2.256468 0.132072 10.462054 -0.782467 -0.225056 0.137004 3.698843
1 150.08095 -8.671024 -0.934861 -0.283171 -2.223266 -1.418762 3.435063 0.191347 2.522013 0.239733 0.566646 2.256468 0.132072 10.462054 -0.782467 -0.225056 0.137004 3.698843
1 150.08095 -8.671024 -0.934861 -0.283171 -2.223266 -1.418762 3.435063 0.191347 2.522013 0.239733 0.566646 2.256468 0.132072 10.462054 -0.782467 -0.225056 0.137004 3.698843
1 150.08095 -8.671024 -0.934861 -0.283171 -2.223266 -1.418762 3.435063 0.191347 2.522013 0.239733 0.566646 2.256468 0.132072 10.462054 -0.782467 -0.225056 0.137004 3.698843
1 150.08095 -8.671024 -0.934861 -0.283171 -2.223266 -1.418762 3.435063 0.191347 2.522013 0.239733 0.566646 2.256468 0.132072 10.462054 -0.782467 -0.225056 0.137004 3.698843
1 150.08095 -8.671024 -0.934861 -0.283171 -2.223266 -1.418762 3.435063 0.191347 2.522013 0.239733 0.566646 2.256468 0.132072 10.462054 -0.782467 -0.225056 0.137004 3.698843
1 150.08095 -8.671024 -0.934861 -0.283171 -2.223266 -1.418762 3.435063 0.191347 2.522013 0.239733 0.566646 2.256468 0.132072 10.462054 -0.782467 -0.225056 0.137004 3.698843
1 150.08095 -8.671024 -0.934861 -0.283171 -2.223266 -1.418762 3.435063 0.191347 2.522013 0.239733 0.566646 2.256468 0.132072 10.462054 -0.782467 -0.225056 0.137004 3.698843
1 150.08095 -8.671024 -0.934861 -0.283171 -2.223266 -1.418762 3.435063 0.191347 2.522013 0.239733 0.566646 2.256468 0.132072 10.462054 -0.782467 -0.225056 0.137004 3.698843
1 150.08095 -8.671024 -0.934861 -0.283171 -2.223266 -1.418762 3.435063 0.191347 2.522013 0.239733 0.566646 2.256468 0.132072 10.462054 -0.782467 -0.225056 0.137004 3.698843
1 150.08095 -8.671024 -0.934861 -0.283171 -2.223266 -1.418762 3.435063 0.191347 2.522013 0.239733 0.566646 2.256468 0.132072 10.462054 -0.782467 -0.225056 0.137004 3.698843
1 150.08095 -8.671024 -0.934861 -0.283171 -2.223266 -1.418762 3.435063 0.191347 2.522013 0.239733 0.566646 2.256468 0.132072 10.462054 -0.782467 -0.225056 0.137004 3.698843
1 150.08095 -8.671024 -0.934861 -0.283171 -2.223266 -1.418762 3.435063 0.191347 2.522013 0.239733 0.566646 2.256468 0.132072 10.462054 -0.782467 -0.225056 0.137004 3.698843
1 150.08095 -8.671024 -0.934861 -0.283171 -2.223266 -1.418762 3.435063 0.191347 2.522013 0.239733 0.566646 2.256468 0.132072 10.462054 -0.782467 -0.225056 0.137004 3.698843
1 150.08095 -8.671024 -0.934861 -0.283171 -2.223266 -1.418762 3.435063 0.191347 2.522013 0.239733 0.566646 2.256468 0.132072 10.462054 -0.782467 -0.225056 0.137004 3.698843
1 150.08095 -8.671024 -0.934861 -0.283171 -2.223266 -1.418762 3.435063 0.191347 2.522013 0.239733 0.566646 2.256468 0.132072 10.462054 -0.782467 -0.225056 0.137004 3.698843
1 150.08095 -8.671024 -0.934861 -0.283171 -2.223266 -1.418762 3.435063 0.191347 2.522013 0.239733 0.566646 2.256468 0.132072 10.462054 -0.782467 -0.225056 0.137004 3.698843
1 150.08095 -8.671024 -0.934861 -0.283171 -2.223266 -1.418762 3.435063 0.191347 2.522013 0.239733 0.566646 2.256468 0.132072 10.462054 -0.782467 -0.225056 0.137004 3.698843
1 150.08095 -8.671024 -0.934861 -0.283171 -2.223266 -1.418762 3.435063 0.191347 2.522013 0.239733 0.566646 2.256468 0.132072 10.462054 -0.782467 -0.225056 0.137004 3.698843
1 150.08095 -8.671024 -0.934861 -0.283171 -2.223266 -1.418762 3.435063 0.191347 2.522013 0.239733 0.566646 2.256468 0.132072 10.462054 -0.782467 -0.225056 0.137004 3.698843
1 150.08095 -8.671024 -0.934861 -0.283171 -2.223266 -1.418762 3.435063 0.191347 2.522013 0.239733 0.566646 2.256468 0.132072 10.462054 -0.782467 -0.225056 0.137004 3.698843
1 150.08095 -8.671024 -0.934861 -0.283171 -2.223266 -1.418762 3.435063 0.191347 2.522013 0.239733 0.566646 2.256468 0.132072 10.462054 -0.782467 -0.225056 0.137004 3.698843
1 150.08095 -8.671024 -0.934861 -0.283171 -2.223266 -1.418762 3.435063 0.191347 2.522013 0.239733 0.566646 2.256468 0.132072 10.462054 -0.782467 -0.225056 0.137004 3.698843
1 150.08095 -8.671024 -0.934861 -0.283171 -2.223266 -1.418762 3.435063 0.191347 2.522013 0.239733 0.566646 2.256468 0.132072 10.462054 -0.782467 -0.225056 0.137004 3.698843
1 150.08095 -8.671024 -0.934861 -0.283171 -2.223266 -1.418762 3.435063 0.191347 2.522013 0.239733 0.566646 2.256468 0.132072 10.462054 -0.782467 -0.225056 0.137004 3.698843
1 150.08095 -8.671024 -0.934861 -0.283171 -2.223266 -1.418762 3.435063 0.191347 2.522013 0.239733 0.566646 2.256468 0.132072 10.462054 -0.782467 -0.225056 0.137004 3.698843
1 150.08095 -8.671024 -0.934861 -0.283171 -2.223266 -1.418762 3.435063 0.191347 2.522013 0.239733 0.566646 2.256468 0.132072 10.462054 -0.782467 -0.225056 0.137004 3.698843
1 150.08095 -8.671024 -0.934861 -0.283171 -2.223266 -1.418762 3.435063 0.191347 2.522013 0.239733 0.566646 2.256468 0.132072 10.462054 -0.782467 -0.225056 0.137004 3.698843
1 150.08095 -8.671024 -0.934861 -0.283171 -2.223266 -1.418762 3.435063 0.191347 2.522013 0.239733 0.566646 2.256468 0.132072 10.462054 -0.782467 -0.225056 0.137004 3.698843
1 150.08095 -8.671024 -0.934861 -0.283171 -2.223266 -1.418762 3.435063 0.191347 2.522013 0.239733 0.566646 2.256468 0.132072 10.462054 -0.782467 -0.225056 0.137004 3.698843
1 150.08095 -8.671024 -0.934861 -0.283171 -2.223266 -1.418762 3.435063 0.191347 2.522013 0.239733 0.566646 2.256468 0.132072 10.462054 -0.782467 -0.225056 0.137004 3.698843
1 150.08095 -8.671024 -0.934861 -0.283171 -2.223266 -1.418762 3.435063 0.191347 2.522013 0.239733 0.566646 2.256468 0.132072 10.462054 -0.782467 -0.225056 0.137004 3.698843
1 150.08095 -8.671024 -0.934861 -0.283171 -2.223266 -1.418762 3.435063 0.191347 2.522013 0.239733 0.566646 2.256468 0.132072 10.462054 -0.782467 -0.225056 0.137004 3.698843
