1 inf -9.253144 -0.863209 -0.846815 -2.500891 -1.226399 2.733092 -0.301929 2.008272 0.191699 -0.016387 2.378982 0.432023 10.720837 -0.311282 -0.235307 0.248938 4.041335
1 inf -9.229485 -0.843979 -0.841251 -2.449095 -1.169835 2.755199 -0.309613 1.997126 0.217452 -0.034222 2.357536 0.420681 10.721050 -0.271521 -0.214105 0.251533 4.017709
1 inf -9.210634 -0.874007 -0.827531 -2.448499 -1.202567 2.744756 -0.319638 1.993752 0.232613 -0.055990 2.321578 0.431633 10.703958 -0.237207 -0.251129 0.230847 4.000934
1 inf -9.199178 -0.872565 -0.834932 -2.435894 -1.256376 2.762531 -0.356541 1.986161 0.222323 -0.050513 2.328081 0.458276 10.658489 -0.258130 -0.248511 0.228838 4.000367
1 inf -9.189493 -0.901988 -0.831155 -2.406164 -1.247612 2.740971 -0.359569 1.975893 0.236246 -0.053536 2.284962 0.481138 10.649923 -0.286458 -0.280557 0.188338 3.992689
1 inf -9.194758 -0.884982 -0.806199 -2.427789 -1.222727 2.768190 -0.349816 1.994033 0.225896 -0.049112 2.254084 0.492184 10.626460 -0.293385 -0.277918 0.207072 3.974065
1 inf -9.174539 -0.928350 -0.798930 -2.439821 -1.265903 2.727556 -0.366334 1.947215 0.216263 -0.022713 2.277695 0.492317 10.614689 -0.262325 -0.318050 0.214745 3.955835
1 inf -9.203260 -0.929989 -0.815008 -2.435462 -1.264558 2.746421 -0.348526 1.944633 0.242661 -0.054589 2.261603 0.551397 10.605540 -0.225334 -0.259470 0.252079 3.946844
1 inf -9.210709 -0.934591 -0.839195 -2.386617 -1.270248 2.736238 -0.362497 1.987866 0.240815 -0.053651 2.239167 0.541122 10.580914 -0.223656 -0.241348 0.222796 3.908132
1 inf -9.202002 -0.925852 -0.852183 -2.355658 -1.275047 2.747666 -0.358402 1.982288 0.257095 -0.033261 2.240833 0.538667 10.558621 -0.225016 -0.251511 0.212737 3.942772
1 inf -9.205933 -0.931515 -0.844989 -2.327245 -1.257081 2.747724 -0.397415 1.963685 0.277862 -0.049173 2.243959 0.535589 10.571514 -0.211782 -0.249183 0.222914 3.940555
1 inf -9.204757 -0.881987 -0.828033 -2.333739 -1.264756 2.762814 -0.419822 1.957891 0.262700 -0.011574 2.218004 0.508245 10.606283 -0.234357 -0.207788 0.220348 3.908756
1 inf -9.206171 -0.888972 -0.818997 -2.313137 -1.283215 2.780608 -0.456042 1.960711 0.263359 -0.019429 2.224026 0.545116 10.626969 -0.228122 -0.167829 0.255044 3.922224
1 inf -9.212780 -0.896592 -0.822976 -2.316663 -1.300650 2.793138 -0.432871 1.953883 0.268192 0.006102 2.205617 0.567217 10.655495 -0.212537 -0.173648 0.274721 3.937013
1 inf -9.176134 -0.858164 -0.812522 -2.303831 -1.324866 2.784516 -0.421454 1.929359 0.257517 -0.003821 2.197541 0.571714 10.680750 -0.237312 -0.186750 0.250439 3.911017
1 inf -9.160852 -0.863640 -0.758157 -2.248818 -1.314056 2.812896 -0.469776 1.904122 0.270757 0.027751 2.219755 0.580125 10.698996 -0.225545 -0.220641 0.287148 3.896018
1 inf -9.191914 -0.867977 -0.771766 -2.241148 -1.309032 2.808129 -0.469854 1.912308 0.280010 0.040905 2.221825 0.555015 10.715993 -0.221392 -0.257872 0.289437 3.900572
1 inf -9.227571 -0.891982 -0.751035 -2.221934 -1.272299 2.824991 -0.450107 1.930871 0.284060 0.078933 2.221293 0.538507 10.716661 -0.233199 -0.241319 0.286724 3.888975
1 inf -9.224779 -0.905130 -0.745443 -2.205755 -1.296980 2.842962 -0.418541 1.925866 0.268391 0.098908 2.244930 0.547621 10.730495 -0.196439 -0.267538 0.288705 3.881733
1 inf -9.262436 -0.898128 -0.761540 -2.224897 -1.334783 2.876211 -0.416813 1.916383 0.268504 0.113549 2.198584 0.541241 10.714469 -0.218402 -0.294351 0.308253 3.904088
1 inf -9.253856 -0.894466 -0.789197 -2.240020 -1.346949 2.874102 -0.399484 1.914754 0.281535 0.136658 2.236283 0.522613 10.687799 -0.199989 -0.306325 0.319427 3.928836
1 inf -9.240815 -0.899854 -0.769795 -2.218887 -1.333738 2.874315 -0.398529 1.888122 0.293706 0.129733 2.225476 0.517288 10.678360 -0.245761 -0.319231 0.271561 3.947586
1 inf -9.227828 -0.908085 -0.782827 -2.199254 -1.350793 2.869199 -0.412758 1.875156 0.263661 0.149987 2.222095 0.505374 10.690740 -0.246743 -0.335379 0.282612 3.950962
1 inf -9.215247 -0.907365 -0.772826 -2.202676 -1.321805 2.891195 -0.402008 1.868833 0.251452 0.126866 2.196399 0.522886 10.683921 -0.209866 -0.368435 0.244112 3.929338
1 inf -9.214855 -0.903632 -0.828581 -2.202783 -1.312965 2.915112 -0.388519 1.867729 0.271796 0.159597 2.237384 0.540349 10.695965 -0.212603 -0.386771 0.238268 3.877164
1 inf -9.177393 -0.889508 -0.829901 -2.224086 -1.305949 2.924982 -0.409953 1.867862 0.270120 0.152304 2.264259 0.549339 10.714075 -0.185693 -0.401908 0.203449 3.904930
1 inf -9.183692 -0.879432 -0.837195 -2.258366 -1.292346 2.917997 -0.437662 1.862115 0.249502 0.181482 2.301197 0.583140 10.740313 -0.215443 -0.419378 0.233134 3.903925
1 inf -9.191441 -0.917850 -0.812847 -2.255442 -1.289439 2.915462 -0.431427 1.856065 0.306895 0.204957 2.291197 0.590445 10.746447 -0.202008 -0.430330 0.214190 3.917150
1 inf -9.169801 -0.930927 -0.808719 -2.305401 -1.280163 2.917837 -0.411731 1.839852 0.320963 0.222078 2.264124 0.569783 10.718440 -0.188085 -0.449441 0.243393 3.899883
1 inf -9.192773 -0.926863 -0.797679 -2.301175 -1.310918 2.909870 -0.412995 1.851599 0.304457 0.203504 2.304776 0.587289 10.701121 -0.196804 -0.461880 0.238561 3.868086
1 inf -9.220581 -0.933094 -0.813145 -2.308937 -1.343507 2.880825 -0.405284 1.848748 0.298947 0.190279 2.309584 0.593278 10.697005 -0.230517 -0.434997 0.230657 3.885715
1 inf -9.232795 -0.929097 -0.838259 -2.322385 -1.348996 2.891474 -0.361553 1.823287 0.328154 0.181422 2.318005 0.600760 10.662280 -0.210162 -0.451935 0.197413 3.886374
1 inf -9.243390 -0.926233 -0.819243 -2.321814 -1.353494 2.838752 -0.342084 1.812657 0.349512 0.220031 2.331720 0.563775 10.669668 -0.188932 -0.464266 0.192376 3.878711
1 inf -9.242491 -0.940519 -0.820320 -2.334150 -1.344420 2.805335 -0.344064 1.827236 0.381983 0.265623 2.332719 0.560612 10.666145 -0.147860 -0.485096 0.200226 3.841322
1 inf -9.225452 -0.929266 -0.782433 -2.306224 -1.341364 2.820191 -0.327711 1.857270 0.375283 0.272290 2.311405 0.593832 10.713092 -0.148181 -0.473487 0.194271 3.835768
1 inf -9.191259 -0.943824 -0.761861 -2.271455 -1.366929 2.836322 -0.322409 1.850041 0.369928 0.279608 2.318934 0.576915 10.721582 -0.147512 -0.496179 0.180953 3.874798
1 inf -9.173807 -0.951755 -0.752560 -2.263692 -1.361364 2.796702 -0.342632 1.855395 0.352914 0.277684 2.304453 0.603731 10.733058 -0.158982 -0.498936 0.188411 3.858135
1 inf -9.175427 -0.976170 -0.771321 -2.291651 -1.369974 2.766876 -0.334400 1.881559 0.377997 0.268619 2.336577 0.584853 10.705953 -0.146350 -0.529365 0.223339 3.864611
1 inf -9.200108 -0.932221 -0.763035 -2.282611 -1.354722 2.784599 -0.342387 1.902379 0.383300 0.280494 2.345817 0.552631 10.701356 -0.138680 -0.523882 0.224415 3.841554
1 inf -9.190834 -0.940157 -0.743141 -2.294551 -1.352972 2.815922 -0.327925 1.902551 0.405705 0.290799 2.333028 0.582562 10.704711 -0.132697 -0.547047 0.256333 3.822520
1 inf -9.200814 -0.912945 -0.733401 -2.284159 -1.387743 2.816836 -0.317467 1.873210 0.410318 0.271220 2.313053 0.554757 10.701951 -0.127928 -0.570997 0.239419 3.812203
1 inf -9.195098 -0.886065 -0.728082 -2.292573 -1.393897 2.817766 -0.302758 1.862984 0.400390 0.292254 2.322768 0.578958 10.681379 -0.172250 -0.581086 0.250232 3.816429
1 inf -9.204651 -0.890809 -0.738809 -2.272853 -1.389791 2.780628 -0.311490 1.857341 0.409112 0.266762 2.303235 0.597247 10.671223 -0.186872 -0.597069 0.231483 3.796199
1 inf -9.213076 -0.899871 -0.759663 -2.268923 -1.382473 2.761366 -0.285943 1.864539 0.363337 0.277545 2.299610 0.565354 10.681091 -0.191025 -0.589573 0.229862 3.817221
1 inf -9.221167 -0.951357 -0.753369 -2.262534 -1.385026 2.739576 -0.268228 1.874426 0.358177 0.312616 2.300666 0.535145 10.694906 -0.211751 -0.577205 0.262367 3.819510
1 inf -9.223819 -0.924528 -0.806137 -2.278783 -1.408278 2.740601 -0.233290 1.844224 0.354809 0.306252 2.308776 0.540701 10.735398 -0.196115 -0.597806 0.245062 3.843220
1 inf -9.238695 -0.974406 -0.787450 -2.282459 -1.416144 2.757182 -0.205926 1.879660 0.346974 0.289787 2.349461 0.543125 10.745433 -0.195816 -0.604559 0.262901 3.823532
1 inf -9.285094 -0.955988 -0.773223 -2.330883 -1.444174 2.748009 -0.155531 1.912377 0.347861 0.316888 2.338005 0.526773 10.776556 -0.172033 -0.590231 0.263008 3.865034
1 inf -9.258476 -0.950589 -0.763657 -2.310883 -1.433821 2.768917 -0.142342 1.926072 0.376416 0.315413 2.323876 0.516956 10.748770 -0.137190 -0.582713 0.274859 3.875652
1 inf -9.272324 -0.957232 -0.791082 -2.304559 -1.413737 2.766000 -0.146536 1.925015 0.396961 0.304364 2.358725 0.497298 10.751211 -0.121612 -0.578294 0.298148 3.860813
1 inf -9.262945 -0.965531 -0.777152 -2.319811 -1.380141 2.802232 -0.175315 1.909356 0.418346 0.334627 2.335019 0.523609 10.757736 -0.162144 -0.576927 0.300995 3.880217
1 inf -9.273263 -0.923474 -0.766770 -2.311026 -1.390136 2.808929 -0.187786 1.928789 0.411142 0.310987 2.369715 0.537880 10.777985 -0.169576 -0.524149 0.294675 3.885469
1 inf -9.298254 -0.906021 -0.762901 -2.331613 -1.380246 2.840204 -0.193350 1.915494 0.430054 0.335878 2.397671 0.563683 10.767438 -0.201392 -0.535784 0.280948 3.862405
1 inf -9.288911 -0.913625 -0.753090 -2.370442 -1.381973 2.870779 -0.201719 1.950875 0.385110 0.331457 2.405715 0.586569 10.793298 -0.245587 -0.552844 0.274838 3.874005
1 inf -9.266871 -0.907010 -0.773286 -2.376879 -1.390184 2.852993 -0.229270 1.976200 0.413697 0.325947 2.381639 0.569596 10.793261 -0.270297 -0.557755 0.264281 3.873803
1 inf -9.239040 -0.901615 -0.771411 -2.355020 -1.358523 2.843644 -0.204710 2.000780 0.408212 0.300293 2.408704 0.580170 10.797487 -0.321438 -0.572126 0.245619 3.861423
1 inf -9.290161 -0.903197 -0.756280 -2.327914 -1.359171 2.842358 -0.200807 2.022993 0.367048 0.257729 2.402885 0.593773 10.811260 -0.311850 -0.584254 0.246594 3.832232
1 inf -9.296145 -0.850391 -0.741060 -2.321283 -1.311330 2.841129 -0.208036 2.018322 0.330426 0.264188 2.390848 0.588478 10.772177 -0.294264 -0.629325 0.229536 3.846559
1 inf -9.294624 -0.861069 -0.727348 -2.320262 -1.335942 2.829766 -0.165494 2.016551 0.356169 0.258342 2.414643 0.611756 10.762694 -0.285658 -0.619033 0.234233 3.858088
1 inf -9.296484 -0.840878 -0.752436 -2.339044 -1.337781 2.800952 -0.135855 1.994204 0.365595 0.231172 2.401248 0.606391 10.795732 -0.262830 -0.626129 0.245155 3.870141
1 inf -9.297741 -0.830661 -0.746331 -2.352308 -1.357356 2.810696 -0.106634 2.021336 0.363188 0.211695 2.397856 0.593959 10.815251 -0.266873 -0.596920 0.269428 3.885567
1 inf -9.281954 -0.842223 -0.740729 -2.361853 -1.378022 2.793157 -0.108849 2.024106 0.372182 0.191984 2.392096 0.564716 10.829587 -0.274905 -0.590701 0.228805 3.902019
1 inf -9.287516 -0.859415 -0.747592 -2.349445 -1.363975 2.765956 -0.125016 2.046971 0.381270 0.171497 2.391976 0.530469 10.841031 -0.305362 -0.565540 0.204354 3.908998
1 inf -9.329206 -0.894436 -0.761374 -2.370424 -1.337602 2.761813 -0.146649 2.062282 0.340619 0.158764 2.392568 0.520114 10.840784 -0.293876 -0.557909 0.221067 3.927216
1 inf -9.375607 -0.903392 -0.777015 -2.333189 -1.338587 2.790352 -0.153238 2.029953 0.331041 0.161156 2.422395 0.522588 10.845130 -0.324471 -0.572562 0.210229 3.962821
1 inf -9.338609 -0.891963 -0.771517 -2.348239 -1.346275 2.810637 -0.136591 2.019742 0.322710 0.175528 2.448868 0.537386 10.836576 -0.327619 -0.586172 0.253777 3.949135
1 inf -9.335490 -0.912621 -0.762643 -2.310549 -1.329183 2.794774 -0.139282 1.998590 0.361353 0.178754 2.462715 0.552725 10.865898 -0.348516 -0.600400 0.267150 3.948654
1 inf -9.319400 -0.944724 -0.750258 -2.305651 -1.345309 2.790704 -0.118691 1.997153 0.382382 0.140731 2.466272 0.556111 10.863850 -0.327250 -0.586864 0.298644 3.983689
1 inf -9.278602 -0.938735 -0.758818 -2.303899 -1.334791 2.762101 -0.106193 1.959049 0.369640 0.160693 2.475163 0.556484 10.878374 -0.286271 -0.573377 0.308020 3.972289
1 inf -9.264594 -0.988832 -0.762725 -2.311145 -1.318946 2.778417 -0.110284 1.966523 0.388887 0.169766 2.481480 0.521083 10.890158 -0.264558 -0.608732 0.318128 3.985597
1 inf -9.226276 -0.981789 -0.768892 -2.315462 -1.347087 2.766554 -0.114460 1.966290 0.401775 0.168614 2.494589 0.550438 10.900310 -0.274944 -0.601378 0.343446 3.959636
1 inf -9.208537 -0.956233 -0.767290 -2.343189 -1.305002 2.797268 -0.106435 1.978768 0.413758 0.172942 2.512355 0.524565 10.883536 -0.274820 -0.598338 0.300407 3.950611
1 inf -9.224786 -0.980364 -0.759967 -2.350160 -1.290093 2.831253 -0.102343 1.951521 0.417738 0.154796 2.518943 0.498468 10.896249 -0.276370 -0.559355 0.298923 3.941495
1 inf -9.220248 -0.987166 -0.760120 -2.322160 -1.273672 2.841553 -0.136195 1.924915 0.398720 0.130444 2.496115 0.498833 10.884143 -0.275443 -0.556926 0.336637 3.951315
1 inf -9.202495 -0.988446 -0.772065 -2.337758 -1.300279 2.838208 -0.137550 1.929709 0.430222 0.142213 2.489413 0.505923 10.865817 -0.275582 -0.579477 0.294160 3.939413
1 inf -9.163553 -0.962451 -0.743981 -2.296299 -1.318044 2.838768 -0.139564 1.933111 0.392190 0.167983 2.517218 0.519299 10.888069 -0.263501 -0.571851 0.296755 3.925938
1 inf -9.146184 -0.941086 -0.750421 -2.284599 -1.327440 2.851814 -0.135683 1.946045 0.339609 0.141674 2.480899 0.573165 10.861568 -0.280659 -0.595620 0.301896 3.946440
1 inf -9.160567 -0.947576 -0.741122 -2.297781 -1.389219 2.847027 -0.156284 1.968330 0.330022 0.135557 2.472244 0.591318 10.839849 -0.303395 -0.603366 0.302074 3.944057
1 inf -9.157172 -0.976593 -0.727933 -2.311781 -1.381794 2.867121 -0.171171 1.974218 0.307310 0.129303 2.488829 0.594931 10.866285 -0.302651 -0.577744 0.265137 3.949463
1 inf -9.136050 -0.971000 -0.724324 -2.306991 -1.354921 2.899169 -0.158885 2.007424 0.298340 0.126092 2.485768 0.613472 10.831720 -0.320054 -0.593203 0.268118 3.943432
1 inf -9.132407 -0.961969 -0.678530 -2.284264 -1.408911 2.910614 -0.176311 1.984763 0.319298 0.094630 2.489641 0.609381 10.850562 -0.327093 -0.603729 0.280912 3.959294
1 inf -9.159878 -0.994480 -0.713578 -2.285437 -1.395438 2.876443 -0.173549 1.969380 0.316835 0.068329 2.527733 0.658506 10.841612 -0.338726 -0.590950 0.250489 3.947922
1 inf -9.145056 -0.972289 -0.706373 -2.276138 -1.415734 2.905304 -0.140570 2.022940 0.317137 0.068545 2.528305 0.648926 10.845591 -0.343679 -0.590689 0.262936 3.917423
1 inf -9.147742 -0.986044 -0.712001 -2.274656 -1.423363 2.876636 -0.148451 2.030077 0.297838 0.072199 2.519257 0.659133 10.839775 -0.357016 -0.605837 0.258841 3.906185
1 inf -9.149562 -0.996703 -0.684056 -2.287594 -1.445153 2.929292 -0.111857 2.067862 0.276279 0.069109 2.508411 0.644495 10.845193 -0.377219 -0.585436 0.267315 3.893747
1 inf -9.133047 -0.997959 -0.698204 -2.291939 -1.455004 2.926845 -0.111798 2.008162 0.277073 0.063175 2.491297 0.632877 10.881329 -0.378704 -0.590895 0.235427 3.866729
1 inf -9.157438 -0.991211 -0.732640 -2.305580 -1.426872 2.925493 -0.126567 1.974333 0.285000 0.096499 2.495354 0.659560 10.883764 -0.347542 -0.574553 0.224185 3.877062
1 inf -9.104548 -0.965813 -0.776191 -2.302654 -1.441529 2.952473 -0.115050 1.987458 0.295243 0.072817 2.460595 0.644461 10.896133 -0.341153 -0.618239 0.218093 3.873696
1 inf -9.060256 -0.960400 -0.773521 -2.332984 -1.427869 2.937670 -0.116535 1.988911 0.261418 0.083566 2.452826 0.646452 10.868669 -0.348816 -0.607375 0.197627 3.847054
1 inf -9.063363 -0.990328 -0.755484 -2.359428 -1.450586 2.912575 -0.118157 1.948286 0.316863 0.094713 2.472769 0.645483 10.846004 -0.370423 -0.614562 0.175671 3.825600
1 inf -9.066886 -0.990680 -0.748997 -2.335920 -1.462961 2.924504 -0.124101 1.936590 0.330745 0.116507 2.508525 0.664402 10.863268 -0.399476 -0.615265 0.153097 3.777153
1 inf -9.060910 -0.965785 -0.754903 -2.378366 -1.458507 2.921479 -0.093824 1.933632 0.335380 0.096048 2.496395 0.690176 10.865056 -0.414420 -0.599942 0.164708 3.773317
1 inf -9.049699 -0.925833 -0.737446 -2.349005 -1.446308 2.925832 -0.116986 1.952014 0.315273 0.098844 2.521268 0.683452 10.920488 -0.412846 -0.581941 0.176114 3.781161
1 inf -9.015187 -0.917993 -0.708742 -2.359445 -1.450206 2.927608 -0.131603 1.974916 0.321959 0.086991 2.531055 0.663739 10.942480 -0.420532 -0.615653 0.183273 3.788881
1 inf -9.001150 -0.916774 -0.709181 -2.331436 -1.430827 2.960147 -0.162130 1.979175 0.298277 0.105616 2.495795 0.666958 10.995386 -0.446955 -0.629184 0.175127 3.763825
1 inf -8.988390 -0.915967 -0.703053 -2.335588 -1.407430 2.930882 -0.138741 1.977998 0.303741 0.075044 2.497317 0.666543 11.015305 -0.466184 -0.632130 0.143042 3.728662
1 inf -8.989139 -0.876605 -0.695134 -2.358950 -1.397834 2.954726 -0.153468 1.980131 0.310980 0.068941 2.487342 0.661672 11.031357 -0.453925 -0.597072 0.136634 3.728682
1 inf -9.030532 -0.857050 -0.700679 -2.393188 -1.399274 2.980171 -0.155264 1.999690 0.316017 0.110500 2.509342 0.688534 11.055749 -0.445365 -0.597920 0.142979 3.712789
1 inf -9.030226 -0.868432 -0.694724 -2.362912 -1.381601 2.966513 -0.138157 2.021257 0.305301 0.100853 2.531240 0.686104 11.092188 -0.431089 -0.608227 0.142183 3.699327
1 inf -9.016108 -0.897635 -0.656121 -2.359177 -1.387226 2.949058 -0.128107 1.992961 0.338768 0.104459 2.504769 0.633821 11.090626 -0.434187 -0.601674 0.113053 3.695923
1 inf -9.026847 -0.934862 -0.658312 -2.353481 -1.367014 2.965773 -0.144910 1.980202 0.350404 0.103103 2.493563 0.631331 11.103992 -0.454626 -0.569402 0.084996 3.717235
1 inf -9.043915 -0.947552 -0.671242 -2.345015 -1.366434 2.958660 -0.150145 1.951087 0.340603 0.067643 2.496982 0.632747 11.113440 -0.415249 -0.542070 0.109574 3.706954
1 inf -9.053502 -0.935817 -0.663838 -2.344818 -1.401720 2.980296 -0.159091 1.942381 0.361789 0.034765 2.493187 0.655490 11.117481 -0.428002 -0.526181 0.099222 3.698896
1 inf -9.069361 -0.937190 -0.671591 -2.355495 -1.407844 2.982479 -0.187830 1.900020 0.377418 -0.011688 2.481892 0.667189 11.094731 -0.422847 -0.515861 0.075258 3.722176
1 inf -9.070687 -0.913096 -0.660835 -2.386016 -1.420383 2.973302 -0.191675 1.882596 0.331457 0.011975 2.496260 0.681469 11.120108 -0.430522 -0.451642 0.062598 3.716056
1 inf -9.049571 -0.883933 -0.626958 -2.375545 -1.403632 2.925577 -0.197097 1.886816 0.326080 0.003364 2.505516 0.657217 11.091250 -0.411597 -0.462257 0.037287 3.703355
1 inf -9.061083 -0.865208 -0.622724 -2.360557 -1.395590 2.956832 -0.213895 1.926749 0.346219 -0.023267 2.490089 0.666252 11.075776 -0.444278 -0.440198 0.018324 3.678166
1 inf -9.042048 -0.844805 -0.620580 -2.368480 -1.414716 2.963871 -0.192050 1.936624 0.346363 -0.008236 2.491688 0.665229 11.075216 -0.452808 -0.476441 0.016957 3.728637
1 inf -9.040008 -0.836961 -0.611420 -2.350982 -1.436645 2.934335 -0.188638 1.944383 0.342603 -0.043307 2.489044 0.641510 11.104146 -0.434538 -0.471225 0.030947 3.730672
1 inf -9.051282 -0.861670 -0.632606 -2.358408 -1.435222 2.945912 -0.252724 1.959407 0.341630 -0.060130 2.486020 0.629780 11.091276 -0.433826 -0.450283 -0.008711 3.712295
1 inf -9.052413 -0.857334 -0.686119 -2.355082 -1.435539 2.966958 -0.270620 1.928783 0.358367 -0.039337 2.521463 0.636781 11.103348 -0.428473 -0.431355 -0.015969 3.675363
1 inf -9.027648 -0.870414 -0.679587 -2.353396 -1.444684 2.984546 -0.270916 1.898877 0.381375 -0.025367 2.522084 0.663466 11.102046 -0.450849 -0.439096 -0.040347 3.657620
1 inf -9.019637 -0.884648 -0.682121 -2.370731 -1.414965 2.968236 -0.325158 1.913041 0.389092 -0.042501 2.532182 0.661236 11.139322 -0.423445 -0.413431 -0.027537 3.652789
1 inf -8.998397 -0.873178 -0.697237 -2.349846 -1.444580 2.986495 -0.333398 1.906667 0.395197 -0.052716 2.538242 0.677289 11.127225 -0.423165 -0.439700 -0.045195 3.628803
1 inf -8.992633 -0.837626 -0.667857 -2.327376 -1.461504 2.996905 -0.353387 1.925456 0.388314 -0.074794 2.540094 0.663077 11.094729 -0.435945 -0.421248 -0.063451 3.606903
1 inf -8.985706 -0.849496 -0.658519 -2.341032 -1.449185 2.994730 -0.331969 1.951158 0.379111 -0.069850 2.564234 0.607851 11.108044 -0.416475 -0.417139 -0.074738 3.560776
1 inf -9.024331 -0.858214 -0.671926 -2.341228 -1.480555 3.028548 -0.346053 1.953450 0.405922 -0.084053 2.524183 0.588235 11.093832 -0.434678 -0.439637 -0.104579 3.581352
1 inf -9.016157 -0.896518 -0.669227 -2.304308 -1.502093 3.039325 -0.326689 1.951551 0.382088 -0.073559 2.501866 0.649042 11.102228 -0.423669 -0.468759 -0.084026 3.569428
1 inf -8.983077 -0.912655 -0.676516 -2.290236 -1.508332 3.033856 -0.329023 1.933789 0.390784 -0.067651 2.489490 0.661271 11.068873 -0.427091 -0.441306 -0.042362 3.562435
1 inf -9.017723 -0.896799 -0.715805 -2.316369 -1.491844 3.024410 -0.307642 1.927816 0.391637 -0.071270 2.455170 0.638972 11.054809 -0.388957 -0.398330 -0.022480 3.599609
1 inf -9.071004 -0.904669 -0.751069 -2.343386 -1.470223 3.007935 -0.301832 1.948285 0.385969 -0.022851 2.425851 0.657188 11.042533 -0.409149 -0.399611 0.026048 3.626686
1 inf -9.049078 -0.900097 -0.730554 -2.347885 -1.440486 3.021464 -0.319530 1.941867 0.376348 -0.026740 2.462919 0.629397 11.073594 -0.407712 -0.382751 0.036970 3.631503
1 inf -9.083178 -0.868998 -0.726861 -2.331235 -1.432368 3.000707 -0.322199 1.942197 0.409015 -0.022260 2.475096 0.631433 11.116449 -0.408145 -0.391271 0.017802 3.638865
1 inf -9.080037 -0.873427 -0.709604 -2.340663 -1.435798 3.021021 -0.322777 1.914259 0.431720 -0.046634 2.444196 0.606338 11.101845 -0.376215 -0.392228 0.011836 3.650894
1 inf -9.112004 -0.903671 -0.700197 -2.364369 -1.475625 3.025544 -0.305762 1.894451 0.458432 -0.029737 2.411966 0.600097 11.096905 -0.386301 -0.387492 0.012382 3.641788
1 inf -9.128142 -0.908318 -0.676996 -2.378192 -1.471896 3.022685 -0.318665 1.857168 0.457381 -0.014652 2.373715 0.572344 11.072345 -0.385887 -0.384599 0.010772 3.653811
1 inf -9.126433 -0.866210 -0.678227 -2.361598 -1.509333 3.041792 -0.309279 1.898077 0.446835 0.004832 2.364084 0.555388 11.085214 -0.394618 -0.372090 0.002154 3.643435
1 inf -9.105468 -0.889350 -0.671745 -2.360599 -1.503821 3.021440 -0.311739 1.942935 0.431331 0.012730 2.353082 0.549792 11.087746 -0.385861 -0.371240 0.004249 3.600414
1 inf -9.074692 -0.909763 -0.688064 -2.351429 -1.504377 3.014351 -0.269927 1.954670 0.427201 -0.004531 2.324391 0.534672 11.119402 -0.380477 -0.407016 -0.002255 3.626436
1 inf -9.097914 -0.894836 -0.689698 -2.356886 -1.493305 3.003176 -0.252827 1.945248 0.436797 -0.044397 2.353478 0.534535 11.072553 -0.350677 -0.425308 0.015111 3.627912
1 inf -9.096010 -0.893007 -0.667311 -2.353111 -1.511524 3.007791 -0.257057 1.980366 0.386639 -0.039714 2.359732 0.553763 11.053797 -0.355925 -0.398472 0.009454 3.647551
1 inf -9.089212 -0.895865 -0.683415 -2.301017 -1.502274 3.027912 -0.265272 1.933126 0.399127 -0.050543 2.412707 0.565522 11.029325 -0.283298 -0.420359 0.009450 3.630158
1 inf -9.076356 -0.896821 -0.673705 -2.294105 -1.513051 3.023876 -0.272681 1.925890 0.414769 -0.043916 2.432220 0.550399 11.027768 -0.308077 -0.378940 0.022245 3.675730
1 inf -9.077390 -0.911906 -0.674434 -2.309993 -1.518453 3.040148 -0.272949 1.914990 0.386428 -0.086388 2.419896 0.541621 11.004237 -0.348491 -0.367087 0.016791 3.653065
1 inf -9.062915 -0.940727 -0.619416 -2.269442 -1.502405 3.011090 -0.270257 1.910572 0.362636 -0.076480 2.439764 0.548388 10.998545 -0.363335 -0.362012 0.005959 3.612367
1 inf -9.094605 -0.935216 -0.615249 -2.265049 -1.514486 3.037287 -0.278725 1.942949 0.379502 -0.065498 2.460056 0.540872 10.978807 -0.363559 -0.329024 0.041134 3.618530
1 inf -9.112321 -0.921833 -0.625572 -2.243992 -1.498424 3.055780 -0.283768 1.973138 0.319484 -0.060269 2.481513 0.568345 10.980346 -0.385855 -0.324783 0.018412 3.613195
1 inf -9.133644 -0.938125 -0.588724 -2.244638 -1.504919 3.078688 -0.265462 1.976409 0.327138 -0.080380 2.472045 0.552324 10.983953 -0.416378 -0.343081 0.049877 3.621415
1 inf -9.109144 -0.927342 -0.588037 -2.214040 -1.478405 3.036972 -0.294716 1.975436 0.306132 -0.059491 2.516672 0.557895 10.985250 -0.411416 -0.383292 0.003836 3.625096
1 inf -9.080310 -0.934310 -0.601718 -2.202443 -1.460504 3.033664 -0.275188 1.969119 0.327054 -0.048784 2.497415 0.533119 11.009604 -0.405756 -0.384235 -0.007220 3.610696
1 inf -9.075788 -0.930879 -0.595634 -2.221622 -1.496576 3.045618 -0.276394 1.989971 0.363848 -0.048383 2.501219 0.562563 11.023269 -0.415694 -0.409672 0.034346 3.589311
1 inf -9.069554 -0.915207 -0.590446 -2.225921 -1.528523 3.033973 -0.263395 2.022705 0.323876 -0.039558 2.507844 0.550519 11.020668 -0.369959 -0.411776 0.066513 3.580487
1 inf -9.088760 -0.888549 -0.580977 -2.220381 -1.503452 3.058259 -0.266354 2.039250 0.330206 -0.027041 2.528302 0.544154 11.026045 -0.378508 -0.440397 0.008840 3.565609
1 inf -9.095914 -0.874682 -0.595166 -2.195952 -1.500155 3.101659 -0.229190 2.001568 0.352040 -0.063938 2.513363 0.492793 11.051032 -0.369694 -0.433981 0.059001 3.579039
1 inf -9.100091 -0.900615 -0.585722 -2.184618 -1.482279 3.097195 -0.199771 1.988179 0.371707 -0.082245 2.492052 0.534096 11.050280 -0.382515 -0.446690 0.060774 3.579347
1 inf -9.109495 -0.899148 -0.579866 -2.204247 -1.468866 3.094164 -0.203230 2.005995 0.382259 -0.073787 2.460256 0.588094 11.045722 -0.385784 -0.445318 0.070713 3.589011
1 inf -9.126108 -0.870809 -0.563515 -2.173489 -1.479165 3.095145 -0.183649 1.988901 0.352291 -0.071150 2.430409 0.612310 11.036353 -0.376884 -0.444138 0.050101 3.609565
1 inf -9.089869 -0.873291 -0.558589 -2.195780 -1.489502 3.119278 -0.159838 2.019458 0.376099 -0.042085 2.412174 0.635943 10.986082 -0.381265 -0.461536 0.008583 3.626352
1 inf -9.094738 -0.911217 -0.520338 -2.201312 -1.527737 3.097512 -0.193928 1.979816 0.389033 -0.018769 2.418003 0.645488 10.985171 -0.368858 -0.471370 0.044467 3.650858
1 inf -9.091119 -0.980745 -0.517724 -2.218419 -1.500408 3.118827 -0.182682 1.943273 0.412308 -0.006768 2.448532 0.647769 11.021585 -0.362121 -0.474924 0.001140 3.637505
1 inf -9.109948 -0.998875 -0.505576 -2.243201 -1.505882 3.094520 -0.175608 1.947262 0.436368 -0.000954 2.432054 0.688883 11.056080 -0.368648 -0.482076 0.012434 3.634129
1 inf -9.124157 -0.992913 -0.506134 -2.250689 -1.500450 3.104084 -0.170454 1.927384 0.439807 0.000052 2.424581 0.656893 11.047068 -0.350794 -0.497032 0.044578 3.631770
1 inf -9.092629 -0.979859 -0.505260 -2.250492 -1.514857 3.095929 -0.155757 1.901653 0.424091 0.013280 2.431798 0.663334 11.043969 -0.357042 -0.481731 0.049286 3.635547
1 inf -9.082907 -0.958538 -0.499028 -2.282284 -1.520875 3.062187 -0.129852 1.909045 0.416153 0.048798 2.405811 0.651194 11.070202 -0.361609 -0.493822 0.069407 3.634570
1 inf -9.051290 -0.947591 -0.508031 -2.231057 -1.500457 3.041450 -0.151842 1.914120 0.395450 0.055553 2.445862 0.660297 11.059805 -0.354230 -0.502442 0.068693 3.604810
1 inf -9.099634 -0.922920 -0.507302 -2.227556 -1.479393 3.019740 -0.134328 1.923523 0.388398 0.062025 2.453381 0.627622 11.060647 -0.342966 -0.547006 0.081850 3.569690
1 inf -9.099336 -0.954894 -0.516897 -2.242444 -1.514636 3.011433 -0.097177 1.921701 0.403074 0.063475 2.434599 0.591537 11.068612 -0.349030 -0.537647 0.086879 3.588445
1 inf -9.081967 -0.933529 -0.523337 -2.230744 -1.524032 3.024479 -0.093296 1.934635 0.350493 0.037166 2.398280 0.645403 11.042111 -0.366188 -0.561416 0.092020 3.608947
1 inf -9.095557 -0.957288 -0.538486 -2.224910 -1.536957 3.036740 -0.116255 1.930415 0.352375 0.038638 2.410941 0.656237 11.002417 -0.361629 -0.547510 0.109651 3.584181
1 inf -9.143512 -0.925420 -0.495432 -2.258861 -1.537758 3.048020 -0.085108 1.940477 0.370302 0.040974 2.424767 0.646335 11.022592 -0.412680 -0.529321 0.120871 3.563419
1 inf -9.127915 -0.949865 -0.493681 -2.246614 -1.534510 3.054048 -0.081308 1.930364 0.334698 0.056668 2.430615 0.644319 10.994077 -0.428118 -0.538378 0.095981 3.605236
1 inf -9.100581 -0.936616 -0.470301 -2.231910 -1.506143 3.056875 -0.063629 1.931594 0.349447 0.048216 2.471129 0.669039 11.012676 -0.433433 -0.563877 0.116359 3.628039
1 inf -9.135240 -0.939978 -0.499174 -2.208443 -1.478462 3.055355 -0.066463 1.907981 0.376277 0.061744 2.463842 0.687764 11.041191 -0.402660 -0.541991 0.103064 3.660100
1 inf -9.179594 -0.877152 -0.525754 -2.219477 -1.470795 3.055513 -0.029827 1.935152 0.349344 0.020677 2.447304 0.680520 11.045530 -0.415139 -0.547161 0.064429 3.635609
1 inf -9.150664 -0.886133 -0.534157 -2.210217 -1.480897 3.067119 -0.023445 1.962394 0.321322 0.043188 2.429164 0.680525 11.020746 -0.405058 -0.533204 0.014782 3.614523
1 inf -9.197135 -0.891239 -0.562516 -2.227038 -1.471072 3.081237 -0.057860 1.966355 0.277496 0.062852 2.446803 0.675221 11.023675 -0.394657 -0.508898 0.005737 3.582909
1 inf -9.214924 -0.878228 -0.558309 -2.217428 -1.474338 3.115019 -0.070624 1.975151 0.258712 0.065158 2.429674 0.665498 11.010178 -0.390297 -0.512036 -0.015336 3.562162
1 inf -9.207743 -0.832268 -0.621844 -2.189008 -1.440570 3.137857 -0.077245 2.001755 0.283566 0.067032 2.443874 0.683575 11.050853 -0.407112 -0.505568 -0.034082 3.534968
1 inf -9.220276 -0.857379 -0.621574 -2.182367 -1.420605 3.137827 -0.080728 2.016288 0.310737 0.024510 2.446641 0.691089 11.031459 -0.407077 -0.528620 -0.043820 3.534589
1 inf -9.204039 -0.833509 -0.617641 -2.215177 -1.396340 3.114555 -0.083788 2.084629 0.315260 0.042235 2.453739 0.654810 11.025685 -0.443615 -0.514129 -0.024562 3.565838
1 inf -9.244784 -0.798318 -0.616342 -2.243534 -1.421680 3.110930 -0.048517 2.098610 0.301029 0.014153 2.457187 0.664541 11.028426 -0.426326 -0.500820 -0.025125 3.598742
1 inf -9.216701 -0.818537 -0.620857 -2.261790 -1.438049 3.103074 -0.051767 2.115463 0.321061 0.017624 2.475017 0.634327 10.998689 -0.411528 -0.479347 -0.021903 3.574179
1 inf -9.199161 -0.808371 -0.616731 -2.247081 -1.400115 3.138520 -0.040719 2.138954 0.302153 0.025295 2.469986 0.631333 11.008279 -0.408418 -0.514167 -0.027027 3.562792
1 inf -9.216612 -0.823993 -0.573867 -2.225758 -1.421084 3.136234 -0.014171 2.146440 0.330580 0.019457 2.475735 0.608157 11.019599 -0.360361 -0.453223 -0.004130 3.582804
1 inf -9.198791 -0.803834 -0.550917 -2.276899 -1.426218 3.152573 -0.063251 2.167743 0.351522 0.018946 2.478188 0.612181 11.039525 -0.346715 -0.421114 0.009607 3.609976
1 inf -9.251834 -0.813166 -0.519620 -2.290481 -1.431564 3.124736 -0.076123 2.185000 0.346507 0.056523 2.443349 0.594244 11.045136 -0.369444 -0.442953 0.002440 3.584324
1 inf -9.214239 -0.820470 -0.513474 -2.343012 -1.477909 3.165537 -0.082733 2.178127 0.375193 0.124789 2.399628 0.609067 11.016218 -0.383593 -0.473456 0.014169 3.554822
1 inf -9.200640 -0.863738 -0.494024 -2.357816 -1.454213 3.178031 -0.106988 2.158062 0.344390 0.123975 2.445121 0.606949 11.038607 -0.387566 -0.450926 -0.003479 3.544442
1 inf -9.193693 -0.892977 -0.489802 -2.350494 -1.471247 3.156679 -0.099665 2.147852 0.362535 0.175337 2.438717 0.643537 11.054034 -0.408358 -0.436932 0.033399 3.549343
1 inf -9.209571 -0.895776 -0.496744 -2.407427 -1.424415 3.172402 -0.098075 2.165170 0.342973 0.138221 2.427257 0.658615 11.076040 -0.416748 -0.375861 0.051832 3.568551
1 inf -9.196500 -0.893362 -0.505097 -2.410435 -1.416082 3.193813 -0.127765 2.171667 0.360296 0.122204 2.426597 0.652837 11.071729 -0.404797 -0.348669 0.084321 3.600540
1 inf -9.218708 -0.921254 -0.482607 -2.416821 -1.408641 3.224664 -0.089065 2.162231 0.377077 0.082042 2.405359 0.665559 11.100158 -0.409082 -0.329102 0.076846 3.602274
1 inf -9.230262 -0.891739 -0.489128 -2.439983 -1.417203 3.220504 -0.081245 2.165082 0.380794 0.063447 2.414236 0.672813 11.074662 -0.395902 -0.324692 0.045687 3.611797
1 inf -9.207582 -0.901117 -0.478342 -2.436034 -1.414041 3.235920 -0.076655 2.160993 0.425205 0.037402 2.416285 0.660564 11.075832 -0.353276 -0.303622 0.096696 3.584966
1 290.87162 -9.191615 -0.881419 -0.472203 -2.402888 -1.371386 3.234146 -0.077330 2.175950 0.438680 0.031000 2.420724 0.633715 11.066499 -0.377999 -0.281891 0.089841 3.616008
1 282.5271 -9.215450 -0.870207 -0.499824 -2.439685 -1.342362 3.212398 -0.096324 2.182537 0.446109 0.025050 2.413387 0.638769 11.078737 -0.397162 -0.277824 0.070477 3.562796
1 282.5271 -9.215450 -0.870207 -0.499824 -2.439685 -1.342362 3.212398 -0.096324 2.182537 0.446109 0.025050 2.413387 0.638769 11.078737 -0.397162 -0.277824 0.070477 3.562796
1 282.5271 -9.215450 -0.870207 -0.499824 -2.439685 -1.342362 3.212398 -0.096324 2.182537 0.446109 0.025050 2.413387 0.638769 11.078737 -0.397162 -0.277824 0.070477 3.562796
1 256.17915 -9.190993 -0.859534 -0.488627 -2.407585 -1.329367 3.203353 -0.091544 2.191454 0.475051 -0.012947 2.396685 0.617660 11.061747 -0.409626 -0.279363 0.042390 3.529754
1 256.17915 -9.190993 -0.859534 -0.488627 -2.407585 -1.329367 3.203353 -0.091544 2.191454 0.475051 -0.012947 2.396685 0.617660 11.061747 -0.409626 -0.279363 0.042390 3.529754
1 232.61882 -9.190841 -0.880238 -0.481247 -2.429790 -1.308669 3.199823 -0.070980 2.192174 0.489591 -0.021798 2.385111 0.638717 11.075821 -0.427412 -0.279875 0.058361 3.529445
1 232.61882 -9.190841 -0.880238 -0.481247 -2.429790 -1.308669 3.199823 -0.070980 2.192174 0.489591 -0.021798 2.385111 0.638717 11.075821 -0.427412 -0.279875 0.058361 3.529445
1 222.39309 -9.164774 -0.884383 -0.503640 -2.424397 -1.293386 3.197006 -0.055811 2.210185 0.479581 -0.021144 2.393959 0.604066 11.036469 -0.407027 -0.258771 0.035341 3.512684
1 216.93803 -9.168080 -0.870900 -0.519991 -2.434311 -1.325035 3.218257 -0.057925 2.188199 0.496897 -0.053002 2.377996 0.642619 11.026236 -0.423414 -0.247466 0.007954 3.515068
1 216.93803 -9.168080 -0.870900 -0.519991 -2.434311 -1.325035 3.218257 -0.057925 2.188199 0.496897 -0.053002 2.377996 0.642619 11.026236 -0.423414 -0.247466 0.007954 3.515068
1 216.93803 -9.168080 -0.870900 -0.519991 -2.434311 -1.325035 3.218257 -0.057925 2.188199 0.496897 -0.053002 2.377996 0.642619 11.026236 -0.423414 -0.247466 0.007954 3.515068
1 187.85449 -9.189048 -0.861501 -0.566452 -2.444378 -1.295482 3.177101 -0.071241 2.237045 0.497824 -0.064090 2.392147 0.646767 10.984669 -0.411982 -0.214803 0.015473 3.512599
1 187.85449 -9.189048 -0.861501 -0.566452 -2.444378 -1.295482 3.177101 -0.071241 2.237045 0.497824 -0.064090 2.392147 0.646767 10.984669 -0.411982 -0.214803 0.015473 3.512599
1 187.85449 -9.189048 -0.861501 -0.566452 -2.444378 -1.295482 3.177101 -0.071241 2.237045 0.497824 -0.064090 2.392147 0.646767 10.984669 -0.411982 -0.214803 0.015473 3.512599
1 187.85449 -9.189048 -0.861501 -0.566452 -2.444378 -1.295482 3.177101 -0.071241 2.237045 0.497824 -0.064090 2.392147 0.646767 10.984669 -0.411982 -0.214803 0.015473 3.512599
1 187.85449 -9.189048 -0.861501 -0.566452 -2.444378 -1.295482 3.177101 -0.071241 2.237045 0.497824 -0.064090 2.392147 0.646767 10.984669 -0.411982 -0.214803 0.015473 3.512599
1 187.85449 -9.189048 -0.861501 -0.566452 -2.444378 -1.295482 3.177101 -0.071241 2.237045 0.497824 -0.064090 2.392147 0.646767 10.984669 -0.411982 -0.214803 0.015473 3.512599
1 187.85449 -9.189048 -0.861501 -0.566452 -2.444378 -1.295482 3.177101 -0.071241 2.237045 0.497824 -0.064090 2.392147 0.646767 10.984669 -0.411982 -0.214803 0.015473 3.512599
1 187.85449 -9.189048 -0.861501 -0.566452 -2.444378 -1.295482 3.177101 -0.071241 2.237045 0.497824 -0.064090 2.392147 0.646767 10.984669 -0.411982 -0.214803 0.015473 3.512599
1 181.18709 -9.168828 -0.834222 -0.566499 -2.432639 -1.313965 3.179380 -0.074177 2.247118 0.500140 -0.042405 2.401267 0.676933 10.992693 -0.381016 -0.216852 0.052523 3.527485
1 181.18709 -9.168828 -0.834222 -0.566499 -2.432639 -1.313965 3.179380 -0.074177 2.247118 0.500140 -0.042405 2.401267 0.676933 10.992693 -0.381016 -0.216852 0.052523 3.527485
1 182.35643 -9.196774 -0.820380 -0.550631 -2.435891 -1.283364 3.161959 -0.068710 2.258125 0.521839 -0.071043 2.393205 0.697983 10.982141 -0.373171 -0.194130 0.018665 3.528045
1 182.35643 -9.196774 -0.820380 -0.550631 -2.435891 -1.283364 3.161959 -0.068710 2.258125 0.521839 -0.071043 2.393205 0.697983 10.982141 -0.373171 -0.194130 0.018665 3.528045
1 171.26337 -9.219216 -0.830635 -0.591396 -2.431937 -1.305477 3.187182 -0.057726 2.251476 0.541921 -0.043086 2.383949 0.682119 10.977710 -0.376806 -0.222009 0.034807 3.490412
1 156.60028 -9.192690 -0.816345 -0.597331 -2.464686 -1.315609 3.164782 -0.068380 2.234135 0.529057 -0.078381 2.395288 0.686315 10.956936 -0.377673 -0.201632 0.065941 3.475945
1 156.60028 -9.192690 -0.816345 -0.597331 -2.464686 -1.315609 3.164782 -0.068380 2.234135 0.529057 -0.078381 2.395288 0.686315 10.956936 -0.377673 -0.201632 0.065941 3.475945
1 155.42491 -9.176664 -0.824730 -0.597199 -2.514107 -1.339491 3.195218 -0.054777 2.232447 0.541826 -0.079456 2.407779 0.671918 10.998435 -0.415530 -0.225862 0.094236 3.437209
1 155.42491 -9.176664 -0.824730 -0.597199 -2.514107 -1.339491 3.195218 -0.054777 2.232447 0.541826 -0.079456 2.407779 0.671918 10.998435 -0.415530 -0.225862 0.094236 3.437209
1 152.15666 -9.152189 -0.807299 -0.580834 -2.545433 -1.339230 3.220152 -0.038326 2.249991 0.523517 -0.081149 2.392544 0.671695 11.026065 -0.415811 -0.215164 0.089847 3.430920
1 152.15666 -9.152189 -0.807299 -0.580834 -2.545433 -1.339230 3.220152 -0.038326 2.249991 0.523517 -0.081149 2.392544 0.671695 11.026065 -0.415811 -0.215164 0.089847 3.430920
1 152.15666 -9.152189 -0.807299 -0.580834 -2.545433 -1.339230 3.220152 -0.038326 2.249991 0.523517 -0.081149 2.392544 0.671695 11.026065 -0.415811 -0.215164 0.089847 3.430920
1 146.97353 -9.185403 -0.791629 -0.563951 -2.559367 -1.330950 3.234360 -0.005841 2.231865 0.521469 -0.055667 2.395294 0.697865 11.039049 -0.375273 -0.188776 0.123613 3.438277
1 146.97353 -9.185403 -0.791629 -0.563951 -2.559367 -1.330950 3.234360 -0.005841 2.231865 0.521469 -0.055667 2.395294 0.697865 11.039049 -0.375273 -0.188776 0.123613 3.438277
1 146.97353 -9.185403 -0.791629 -0.563951 -2.559367 -1.330950 3.234360 -0.005841 2.231865 0.521469 -0.055667 2.395294 0.697865 11.039049 -0.375273 -0.188776 0.123613 3.438277
1 146.97353 -9.185403 -0.791629 -0.563951 -2.559367 -1.330950 3.234360 -0.005841 2.231865 0.521469 -0.055667 2.395294 0.697865 11.039049 -0.375273 -0.188776 0.123613 3.438277
1 135.92444 -9.159934 -0.801951 -0.578488 -2.543594 -1.355096 3.276091 -0.027859 2.210205 0.519918 -0.018993 2.405989 0.696870 11.025231 -0.357237 -0.205275 0.156715 3.418981
1 128.2475 -9.164712 -0.760224 -0.564262 -2.573683 -1.336705 3.296362 -0.011449 2.209451 0.520400 -0.033924 2.399462 0.661773 11.000668 -0.362020 -0.199824 0.178909 3.414397
1 116.56893 -9.123588 -0.761897 -0.535882 -2.566841 -1.325568 3.308916 -0.004756 2.244833 0.500548 0.028150 2.389505 0.678123 10.977837 -0.350269 -0.194762 0.182885 3.379890
1 116.56893 -9.123588 -0.761897 -0.535882 -2.566841 -1.325568 3.308916 -0.004756 2.244833 0.500548 0.028150 2.389505 0.678123 10.977837 -0.350269 -0.194762 0.182885 3.379890
1 115.28471 -9.117362 -0.763638 -0.571519 -2.544556 -1.304789 3.313843 -0.027841 2.192827 0.539906 0.015250 2.348602 0.684601 10.972671 -0.311226 -0.174847 0.192576 3.414801
1 112.32924 -9.095332 -0.831281 -0.576061 -2.543886 -1.291296 3.336365 -0.060918 2.175202 0.590409 0.025727 2.345782 0.685412 10.975304 -0.296549 -0.159610 0.197332 3.411818
1 112.32924 -9.095332 -0.831281 -0.576061 -2.543886 -1.291296 3.336365 -0.060918 2.175202 0.590409 0.025727 2.345782 0.685412 10.975304 -0.296549 -0.159610 0.197332 3.411818
1 109.45193 -9.090544 -0.842717 -0.571871 -2.546310 -1.309700 3.373751 -0.021593 2.200519 0.574204 0.021238 2.374017 0.672200 10.971153 -0.308979 -0.182361 0.185490 3.439545
1 109.45193 -9.090544 -0.842717 -0.571871 -2.546310 -1.309700 3.373751 -0.021593 2.200519 0.574204 0.021238 2.374017 0.672200 10.971153 -0.308979 -0.182361 0.185490 3.439545
1 109.45193 -9.090544 -0.842717 -0.571871 -2.546310 -1.309700 3.373751 -0.021593 2.200519 0.574204 0.021238 2.374017 0.672200 10.971153 -0.308979 -0.182361 0.185490 3.439545
1 109.45193 -9.090544 -0.842717 -0.571871 -2.546310 -1.309700 3.373751 -0.021593 2.200519 0.574204 0.021238 2.374017 0.672200 10.971153 -0.308979 -0.182361 0.185490 3.439545
1 109.45193 -9.090544 -0.842717 -0.571871 -2.546310 -1.309700 3.373751 -0.021593 2.200519 0.574204 0.021238 2.374017 0.672200 10.971153 -0.308979 -0.182361 0.185490 3.439545
1 109.45193 -9.090544 -0.842717 -0.571871 -2.546310 -1.309700 3.373751 -0.021593 2.200519 0.574204 0.021238 2.374017 0.672200 10.971153 -0.308979 -0.182361 0.185490 3.439545
1 104.08774 -9.078339 -0.865263 -0.614806 -2.551510 -1.290123 3.360420 -0.025112 2.208475 0.570461 0.029537 2.377674 0.669449 10.950110 -0.270183 -0.206728 0.193388 3.437071
1 104.08774 -9.078339 -0.865263 -0.614806 -2.551510 -1.290123 3.360420 -0.025112 2.208475 0.570461 0.029537 2.377674 0.669449 10.950110 -0.270183 -0.206728 0.193388 3.437071
1 104.08774 -9.078339 -0.865263 -0.614806 -2.551510 -1.290123 3.360420 -0.025112 2.208475 0.570461 0.029537 2.377674 0.669449 10.950110 -0.270183 -0.206728 0.193388 3.437071
1 104.08774 -9.078339 -0.865263 -0.614806 -2.551510 -1.290123 3.360420 -0.025112 2.208475 0.570461 0.029537 2.377674 0.669449 10.950110 -0.270183 -0.206728 0.193388 3.437071
1 104.08774 -9.078339 -0.865263 -0.614806 -2.551510 -1.290123 3.360420 -0.025112 2.208475 0.570461 0.029537 2.377674 0.669449 10.950110 -0.270183 -0.206728 0.193388 3.437071
1 104.08774 -9.078339 -0.865263 -0.614806 -2.551510 -1.290123 3.360420 -0.025112 2.208475 0.570461 0.029537 2.377674 0.669449 10.950110 -0.270183 -0.206728 0.193388 3.437071
1 104.08774 -9.078339 -0.865263 -0.614806 -2.551510 -1.290123 3.360420 -0.025112 2.208475 0.570461 0.029537 2.377674 0.669449 10.950110 -0.270183 -0.206728 0.193388 3.437071
1 88.062132 -9.072224 -0.889424 -0.610260 -2.505630 -1.290854 3.374627 -0.037116 2.188851 0.614847 0.046033 2.393726 0.673264 10.886517 -0.246838 -0.216253 0.195506 3.461780
1 88.062132 -9.072224 -0.889424 -0.610260 -2.505630 -1.290854 3.374627 -0.037116 2.188851 0.614847 0.046033 2.393726 0.673264 10.886517 -0.246838 -0.216253 0.195506 3.461780
1 88.062132 -9.072224 -0.889424 -0.610260 -2.505630 -1.290854 3.374627 -0.037116 2.188851 0.614847 0.046033 2.393726 0.673264 10.886517 -0.246838 -0.216253 0.195506 3.461780
1 82.56252 -9.069375 -0.894430 -0.586984 -2.494598 -1.256972 3.364727 -0.044750 2.199218 0.598973 0.036385 2.379825 0.698071 10.846575 -0.265391 -0.230889 0.234267 3.496575
1 79.062586 -9.076392 -0.895014 -0.578516 -2.442678 -1.301110 3.382825 -0.023285 2.153876 0.577709 0.043779 2.363432 0.690125 10.843874 -0.220286 -0.230033 0.224162 3.475729
1 79.062586 -9.076392 -0.895014 -0.578516 -2.442678 -1.301110 3.382825 -0.023285 2.153876 0.577709 0.043779 2.363432 0.690125 10.843874 -0.220286 -0.230033 0.224162 3.475729
1 79.062586 -9.076392 -0.895014 -0.578516 -2.442678 -1.301110 3.382825 -0.023285 2.153876 0.577709 0.043779 2.363432 0.690125 10.843874 -0.220286 -0.230033 0.224162 3.475729
1 73.793601 -9.083874 -0.918983 -0.571689 -2.465600 -1.315502 3.353996 -0.002867 2.152578 0.582273 0.032490 2.376552 0.668710 10.795616 -0.231937 -0.269251 0.200854 3.469282
1 73.793601 -9.083874 -0.918983 -0.571689 -2.465600 -1.315502 3.353996 -0.002867 2.152578 0.582273 0.032490 2.376552 0.668710 10.795616 -0.231937 -0.269251 0.200854 3.469282
1 73.793601 -9.083874 -0.918983 -0.571689 -2.465600 -1.315502 3.353996 -0.002867 2.152578 0.582273 0.032490 2.376552 0.668710 10.795616 -0.231937 -0.269251 0.200854 3.469282
1 73.793601 -9.083874 -0.918983 -0.571689 -2.465600 -1.315502 3.353996 -0.002867 2.152578 0.582273 0.032490 2.376552 0.668710 10.795616 -0.231937 -0.269251 0.200854 3.469282
1 73.793601 -9.083874 -0.918983 -0.571689 -2.465600 -1.315502 3.353996 -0.002867 2.152578 0.582273 0.032490 2.376552 0.668710 10.795616 -0.231937 -0.269251 0.200854 3.469282
1 73.793601 -9.083874 -0.918983 -0.571689 -2.465600 -1.315502 3.353996 -0.002867 2.152578 0.582273 0.032490 2.376552 0.668710 10.795616 -0.231937 -0.269251 0.200854 3.469282
1 73.793601 -9.083874 -0.918983 -0.571689 -2.465600 -1.315502 3.353996 -0.002867 2.152578 0.582273 0.032490 2.376552 0.668710 10.795616 -0.231937 -0.269251 0.200854 3.469282
1 73.793601 -9.083874 -0.918983 -0.571689 -2.465600 -1.315502 3.353996 -0.002867 2.152578 0.582273 0.032490 2.376552 0.668710 10.795616 -0.231937 -0.269251 0.200854 3.469282
1 73.793601 -9.083874 -0.918983 -0.571689 -2.465600 -1.315502 3.353996 -0.002867 2.152578 0.582273 0.032490 2.376552 0.668710 10.795616 -0.231937 -0.269251 0.200854 3.469282
1 73.793601 -9.083874 -0.918983 -0.571689 -2.465600 -1.315502 3.353996 -0.002867 2.152578 0.582273 0.032490 2.376552 0.668710 10.795616 -0.231937 -0.269251 0.200854 3.469282
1 70.603795 -9.065754 -0.907263 -0.574698 -2.466139 -1.286372 3.348772 0.000934 2.139271 0.631285 0.067486 2.351827 0.666531 10.792521 -0.226868 -0.191381 0.192921 3.481819
1 70.603795 -9.065754 -0.907263 -0.574698 -2.466139 -1.286372 3.348772 0.000934 2.139271 0.631285 0.067486 2.351827 0.666531 10.792521 -0.226868 -0.191381 0.192921 3.481819
1 70.603795 -9.065754 -0.907263 -0.574698 -2.466139 -1.286372 3.348772 0.000934 2.139271 0.631285 0.067486 2.351827 0.666531 10.792521 -0.226868 -0.191381 0.192921 3.481819
1 70.603795 -9.065754 -0.907263 -0.574698 -2.466139 -1.286372 3.348772 0.000934 2.139271 0.631285 0.067486 2.351827 0.666531 10.792521 -0.226868 -0.191381 0.192921 3.481819
1 67.23402 -9.116996 -0.920149 -0.568868 -2.472792 -1.261198 3.327035 -0.041270 2.131061 0.638673 0.055285 2.305831 0.643980 10.754824 -0.206459 -0.157364 0.206278 3.458168
1 66.96945 -9.171704 -0.910061 -0.575236 -2.463425 -1.266556 3.322123 -0.043055 2.129306 0.643573 0.038248 2.295497 0.683551 10.736993 -0.203322 -0.133892 0.206006 3.487232
1 66.96945 -9.171704 -0.910061 -0.575236 -2.463425 -1.266556 3.322123 -0.043055 2.129306 0.643573 0.038248 2.295497 0.683551 10.736993 -0.203322 -0.133892 0.206006 3.487232
1 66.96945 -9.171704 -0.910061 -0.575236 -2.463425 -1.266556 3.322123 -0.043055 2.129306 0.643573 0.038248 2.295497 0.683551 10.736993 -0.203322 -0.133892 0.206006 3.487232
1 66.96945 -9.171704 -0.910061 -0.575236 -2.463425 -1.266556 3.322123 -0.043055 2.129306 0.643573 0.038248 2.295497 0.683551 10.736993 -0.203322 -0.133892 0.206006 3.487232
1 66.96945 -9.171704 -0.910061 -0.575236 -2.463425 -1.266556 3.322123 -0.043055 2.129306 0.643573 0.038248 2.295497 0.683551 10.736993 -0.203322 -0.133892 0.206006 3.487232
1 66.96945 -9.171704 -0.910061 -0.575236 -2.463425 -1.266556 3.322123 -0.043055 2.129306 0.643573 0.038248 2.295497 0.683551 10.736993 -0.203322 -0.133892 0.206006 3.487232
1 66.615265 -9.115475 -0.921266 -0.591963 -2.412969 -1.238821 3.327905 -0.045803 2.119574 0.658928 0.020364 2.265584 0.667072 10.762354 -0.163239 -0.154479 0.183574 3.462118
1 66.615265 -9.115475 -0.921266 -0.591963 -2.412969 -1.238821 3.327905 -0.045803 2.119574 0.658928 0.020364 2.265584 0.667072 10.762354 -0.163239 -0.154479 0.183574 3.462118
1 66.615265 -9.115475 -0.921266 -0.591963 -2.412969 -1.238821 3.327905 -0.045803 2.119574 0.658928 0.020364 2.265584 0.667072 10.762354 -0.163239 -0.154479 0.183574 3.462118
1 66.615265 -9.115475 -0.921266 -0.591963 -2.412969 -1.238821 3.327905 -0.045803 2.119574 0.658928 0.020364 2.265584 0.667072 10.762354 -0.163239 -0.154479 0.183574 3.462118
1 65.377211 -9.116555 -0.929141 -0.606847 -2.404622 -1.239105 3.334074 -0.052671 2.119143 0.678694 -0.013350 2.296707 0.643444 10.754852 -0.140225 -0.120363 0.199785 3.446573
1 64.439804 -9.090105 -0.917490 -0.605031 -2.418311 -1.261355 3.340772 -0.036783 2.086284 0.689325 0.007413 2.276695 0.672239 10.736932 -0.122442 -0.108476 0.224086 3.427460
1 64.439804 -9.090105 -0.917490 -0.605031 -2.418311 -1.261355 3.340772 -0.036783 2.086284 0.689325 0.007413 2.276695 0.672239 10.736932 -0.122442 -0.108476 0.224086 3.427460
1 64.439804 -9.090105 -0.917490 -0.605031 -2.418311 -1.261355 3.340772 -0.036783 2.086284 0.689325 0.007413 2.276695 0.672239 10.736932 -0.122442 -0.108476 0.224086 3.427460
1 61.50822 -9.065645 -0.914627 -0.608861 -2.403557 -1.221179 3.346433 -0.001208 2.084490 0.680739 0.015949 2.312066 0.636807 10.720482 -0.123789 -0.098041 0.234326 3.420082
1 61.50822 -9.065645 -0.914627 -0.608861 -2.403557 -1.221179 3.346433 -0.001208 2.084490 0.680739 0.015949 2.312066 0.636807 10.720482 -0.123789 -0.098041 0.234326 3.420082
1 61.306121 -9.031695 -0.872834 -0.622175 -2.376234 -1.261095 3.351600 -0.010759 2.096793 0.674471 0.052595 2.315577 0.623900 10.707267 -0.103707 -0.091344 0.249799 3.384349
1 60.304445 -9.033832 -0.887456 -0.609826 -2.387697 -1.239083 3.369088 0.002989 2.138812 0.657691 0.098430 2.326620 0.629596 10.655910 -0.115468 -0.102545 0.224478 3.389163
1 56.171416 -9.071059 -0.875247 -0.648789 -2.418339 -1.214769 3.341438 -0.026119 2.151826 0.634381 0.099088 2.318892 0.614446 10.669226 -0.099935 -0.071607 0.214915 3.374229
1 56.311984 -9.072137 -0.871783 -0.613569 -2.385552 -1.201473 3.328759 -0.031501 2.170157 0.633465 0.074941 2.327021 0.597077 10.641718 -0.090342 -0.067899 0.207092 3.381083
1 52.192297 -9.095082 -0.867562 -0.568965 -2.387046 -1.236553 3.328733 -0.018014 2.167864 0.630161 0.089993 2.294019 0.595081 10.577037 -0.135313 -0.101145 0.212352 3.413256
1 52.192297 -9.095082 -0.867562 -0.568965 -2.387046 -1.236553 3.328733 -0.018014 2.167864 0.630161 0.089993 2.294019 0.595081 10.577037 -0.135313 -0.101145 0.212352 3.413256
1 52.192297 -9.095082 -0.867562 -0.568965 -2.387046 -1.236553 3.328733 -0.018014 2.167864 0.630161 0.089993 2.294019 0.595081 10.577037 -0.135313 -0.101145 0.212352 3.413256
1 52.192297 -9.095082 -0.867562 -0.568965 -2.387046 -1.236553 3.328733 -0.018014 2.167864 0.630161 0.089993 2.294019 0.595081 10.577037 -0.135313 -0.101145 0.212352 3.413256
1 52.331796 -9.103965 -0.870492 -0.576820 -2.406495 -1.216653 3.338117 -0.018802 2.150054 0.642571 0.079424 2.286727 0.605692 10.610602 -0.120172 -0.070116 0.222806 3.380856
1 52.331796 -9.103965 -0.870492 -0.576820 -2.406495 -1.216653 3.338117 -0.018802 2.150054 0.642571 0.079424 2.286727 0.605692 10.610602 -0.120172 -0.070116 0.222806 3.380856
1 52.331796 -9.103965 -0.870492 -0.576820 -2.406495 -1.216653 3.338117 -0.018802 2.150054 0.642571 0.079424 2.286727 0.605692 10.610602 -0.120172 -0.070116 0.222806 3.380856
1 52.331796 -9.103965 -0.870492 -0.576820 -2.406495 -1.216653 3.338117 -0.018802 2.150054 0.642571 0.079424 2.286727 0.605692 10.610602 -0.120172 -0.070116 0.222806 3.380856
1 52.331796 -9.103965 -0.870492 -0.576820 -2.406495 -1.216653 3.338117 -0.018802 2.150054 0.642571 0.079424 2.286727 0.605692 10.610602 -0.120172 -0.070116 0.222806 3.380856
1 52.331796 -9.103965 -0.870492 -0.576820 -2.406495 -1.216653 3.338117 -0.018802 2.150054 0.642571 0.079424 2.286727 0.605692 10.610602 -0.120172 -0.070116 0.222806 3.380856
1 52.331796 -9.103965 -0.870492 -0.576820 -2.406495 -1.216653 3.338117 -0.018802 2.150054 0.642571 0.079424 2.286727 0.605692 10.610602 -0.120172 -0.070116 0.222806 3.380856
1 52.331796 -9.103965 -0.870492 -0.576820 -2.406495 -1.216653 3.338117 -0.018802 2.150054 0.642571 0.079424 2.286727 0.605692 10.610602 -0.120172 -0.070116 0.222806 3.380856
1 52.331796 -9.103965 -0.870492 -0.576820 -2.406495 -1.216653 3.338117 -0.018802 2.150054 0.642571 0.079424 2.286727 0.605692 10.610602 -0.120172 -0.070116 0.222806 3.380856
1 52.331796 -9.103965 -0.870492 -0.576820 -2.406495 -1.216653 3.338117 -0.018802 2.150054 0.642571 0.079424 2.286727 0.605692 10.610602 -0.120172 -0.070116 0.222806 3.380856
1 52.331796 -9.103965 -0.870492 -0.576820 -2.406495 -1.216653 3.338117 -0.018802 2.150054 0.642571 0.079424 2.286727 0.605692 10.610602 -0.120172 -0.070116 0.222806 3.380856
1 52.331796 -9.103965 -0.870492 -0.576820 -2.406495 -1.216653 3.338117 -0.018802 2.150054 0.642571 0.079424 2.286727 0.605692 10.610602 -0.120172 -0.070116 0.222806 3.380856
1 52.331796 -9.103965 -0.870492 -0.576820 -2.406495 -1.216653 3.338117 -0.018802 2.150054 0.642571 0.079424 2.286727 0.605692 10.610602 -0.120172 -0.070116 0.222806 3.380856
1 52.331796 -9.103965 -0.870492 -0.576820 -2.406495 -1.216653 3.338117 -0.018802 2.150054 0.642571 0.079424 2.286727 0.605692 10.610602 -0.120172 -0.070116 0.222806 3.380856
1 52.331796 -9.103965 -0.870492 -0.576820 -2.406495 -1.216653 3.338117 -0.018802 2.150054 0.642571 0.079424 2.286727 0.605692 10.610602 -0.120172 -0.070116 0.222806 3.380856
1 52.331796 -9.103965 -0.870492 -0.576820 -2.406495 -1.216653 3.338117 -0.018802 2.150054 0.642571 0.079424 2.286727 0.605692 10.610602 -0.120172 -0.070116 0.222806 3.380856
1 52.331796 -9.103965 -0.870492 -0.576820 -2.406495 -1.216653 3.338117 -0.018802 2.150054 0.642571 0.079424 2.286727 0.605692 10.610602 -0.120172 -0.070116 0.222806 3.380856
1 52.331796 -9.103965 -0.870492 -0.576820 -2.406495 -1.216653 3.338117 -0.018802 2.150054 0.642571 0.079424 2.286727 0.605692 10.610602 -0.120172 -0.070116 0.222806 3.380856
1 52.331796 -9.103965 -0.870492 -0.576820 -2.406495 -1.216653 3.338117 -0.018802 2.150054 0.642571 0.079424 2.286727 0.605692 10.610602 -0.120172 -0.070116 0.222806 3.380856
1 52.331796 -9.103965 -0.870492 -0.576820 -2.406495 -1.216653 3.338117 -0.018802 2.150054 0.642571 0.079424 2.286727 0.605692 10.610602 -0.120172 -0.070116 0.222806 3.380856
1 52.331796 -9.103965 -0.870492 -0.576820 -2.406495 -1.216653 3.338117 -0.018802 2.150054 0.642571 0.079424 2.286727 0.605692 10.610602 -0.120172 -0.070116 0.222806 3.380856
1 52.331796 -9.103965 -0.870492 -0.576820 -2.406495 -1.216653 3.338117 -0.018802 2.150054 0.642571 0.079424 2.286727 0.605692 10.610602 -0.120172 -0.070116 0.222806 3.380856
1 52.331796 -9.103965 -0.870492 -0.576820 -2.406495 -1.216653 3.338117 -0.018802 2.150054 0.642571 0.079424 2.286727 0.605692 10.610602 -0.120172 -0.070116 0.222806 3.380856
1 52.331796 -9.103965 -0.870492 -0.576820 -2.406495 -1.216653 3.338117 -0.018802 2.150054 0.642571 0.079424 2.286727 0.605692 10.610602 -0.120172 -0.070116 0.222806 3.380856
1 52.331796 -9.103965 -0.870492 -0.576820 -2.406495 -1.216653 3.338117 -0.018802 2.150054 0.642571 0.079424 2.286727 0.605692 10.610602 -0.120172 -0.070116 0.222806 3.380856
1 52.331796 -9.103965 -0.870492 -0.576820 -2.406495 -1.216653 3.338117 -0.018802 2.150054 0.642571 0.079424 2.286727 0.605692 10.610602 -0.120172 -0.070116 0.222806 3.380856
1 52.331796 -9.103965 -0.870492 -0.576820 -2.406495 -1.216653 3.338117 -0.018802 2.150054 0.642571 0.079424 2.286727 0.605692 10.610602 -0.120172 -0.070116 0.222806 3.380856
1 52.331796 -9.103965 -0.870492 -0.576820 -2.406495 -1.216653 3.338117 -0.018802 2.150054 0.642571 0.079424 2.286727 0.605692 10.610602 -0.120172 -0.070116 0.222806 3.380856
1 52.331796 -9.103965 -0.870492 -0.576820 -2.406495 -1.216653 3.338117 -0.018802 2.150054 0.642571 0.079424 2.286727 0.605692 10.610602 -0.120172 -0.070116 0.222806 3.380856
1 52.331796 -9.103965 -0.870492 -0.576820 -2.406495 -1.216653 3.338117 -0.018802 2.150054 0.642571 0.079424 2.286727 0.605692 10.610602 -0.120172 -0.070116 0.222806 3.380856
1 52.331796 -9.103965 -0.870492 -0.576820 -2.406495 -1.216653 3.338117 -0.018802 2.150054 0.642571 0.079424 2.286727 0.605692 10.610602 -0.120172 -0.070116 0.222806 3.380856
1 52.331796 -9.103965 -0.870492 -0.576820 -2.406495 -1.216653 3.338117 -0.018802 2.150054 0.642571 0.079424 2.286727 0.605692 10.610602 -0.120172 -0.070116 0.222806 3.380856
1 52.331796 -9.103965 -0.870492 -0.576820 -2.406495 -1.216653 3.338117 -0.018802 2.150054 0.642571 0.079424 2.286727 0.605692 10.610602 -0.120172 -0.070116 0.222806 3.380856
1 52.331796 -9.103965 -0.870492 -0.576820 -2.406495 -1.216653 3.338117 -0.018802 2.150054 0.642571 0.079424 2.286727 0.605692 10.610602 -0.120172 -0.070116 0.222806 3.380856
1 52.331796 -9.103965 -0.870492 -0.576820 -2.406495 -1.216653 3.338117 -0.018802 2.150054 0.642571 0.079424 2.286727 0.605692 10.610602 -0.120172 -0.070116 0.222806 3.380856
1 52.331796 -9.103965 -0.870492 -0.576820 -2.406495 -1.216653 3.338117 -0.018802 2.150054 0.642571 0.079424 2.286727 0.605692 10.610602 -0.120172 -0.070116 0.222806 3.380856
1 52.331796 -9.103965 -0.870492 -0.576820 -2.406495 -1.216653 3.338117 -0.018802 2.150054 0.642571 0.079424 2.286727 0.605692 10.610602 -0.120172 -0.070116 0.222806 3.380856
1 52.331796 -9.103965 -0.870492 -0.576820 -2.406495 -1.216653 3.338117 -0.018802 2.150054 0.642571 0.079424 2.286727 0.605692 10.610602 -0.120172 -0.070116 0.222806 3.380856
1 53.390452 -9.100140 -0.877920 -0.545633 -2.413562 -1.259586 3.322843 -0.003431 2.159080 0.618910 0.113046 2.280078 0.626083 10.595004 -0.142386 -0.046200 0.222471 3.398084
1 53.390452 -9.100140 -0.877920 -0.545633 -2.413562 -1.259586 3.322843 -0.003431 2.159080 0.618910 0.113046 2.280078 0.626083 10.595004 -0.142386 -0.046200 0.222471 3.398084
1 53.390452 -9.100140 -0.877920 -0.545633 -2.413562 -1.259586 3.322843 -0.003431 2.159080 0.618910 0.113046 2.280078 0.626083 10.595004 -0.142386 -0.046200 0.222471 3.398084
1 53.390452 -9.100140 -0.877920 -0.545633 -2.413562 -1.259586 3.322843 -0.003431 2.159080 0.618910 0.113046 2.280078 0.626083 10.595004 -0.142386 -0.046200 0.222471 3.398084
1 53.390452 -9.100140 -0.877920 -0.545633 -2.413562 -1.259586 3.322843 -0.003431 2.159080 0.618910 0.113046 2.280078 0.626083 10.595004 -0.142386 -0.046200 0.222471 3.398084
1 53.390452 -9.100140 -0.877920 -0.545633 -2.413562 -1.259586 3.322843 -0.003431 2.159080 0.618910 0.113046 2.280078 0.626083 10.595004 -0.142386 -0.046200 0.222471 3.398084
1 50.213354 -9.066613 -0.887403 -0.529381 -2.393762 -1.249738 3.296669 0.022617 2.162142 0.599042 0.126308 2.313825 0.643425 10.553070 -0.159318 -0.006822 0.205314 3.405036
1 50.213354 -9.066613 -0.887403 -0.529381 -2.393762 -1.249738 3.296669 0.022617 2.162142 0.599042 0.126308 2.313825 0.643425 10.553070 -0.159318 -0.006822 0.205314 3.405036
1 50.213354 -9.066613 -0.887403 -0.529381 -2.393762 -1.249738 3.296669 0.022617 2.162142 0.599042 0.126308 2.313825 0.643425 10.553070 -0.159318 -0.006822 0.205314 3.405036
1 50.213354 -9.066613 -0.887403 -0.529381 -2.393762 -1.249738 3.296669 0.022617 2.162142 0.599042 0.126308 2.313825 0.643425 10.553070 -0.159318 -0.006822 0.205314 3.405036
1 50.213354 -9.066613 -0.887403 -0.529381 -2.393762 -1.249738 3.296669 0.022617 2.162142 0.599042 0.126308 2.313825 0.643425 10.553070 -0.159318 -0.006822 0.205314 3.405036
1 50.213354 -9.066613 -0.887403 -0.529381 -2.393762 -1.249738 3.296669 0.022617 2.162142 0.599042 0.126308 2.313825 0.643425 10.553070 -0.159318 -0.006822 0.205314 3.405036
1 50.213354 -9.066613 -0.887403 -0.529381 -2.393762 -1.249738 3.296669 0.022617 2.162142 0.599042 0.126308 2.313825 0.643425 10.553070 -0.159318 -0.006822 0.205314 3.405036
1 50.213354 -9.066613 -0.887403 -0.529381 -2.393762 -1.249738 3.296669 0.022617 2.162142 0.599042 0.126308 2.313825 0.643425 10.553070 -0.159318 -0.006822 0.205314 3.405036
