1 156.92204 -8.690129 -0.982424 -0.304299 -2.254855 -1.404831 3.413023 0.226493 2.520272 0.212302 0.606129 2.293455 0.172743 10.418264 -0.726775 -0.272546 0.186972 3.721455
1 156.92204 -8.690129 -0.982424 -0.304299 -2.254855 -1.404831 3.413023 0.226493 2.520272 0.212302 0.606129 2.293455 0.172743 10.418264 -0.726775 -0.272546 0.186972 3.721455
1 156.92204 -8.690129 -0.982424 -0.304299 -2.254855 -1.404831 3.413023 0.226493 2.520272 0.212302 0.606129 2.293455 0.172743 10.418264 -0.726775 -0.272546 0.186972 3.721455
1 156.92204 -8.690129 -0.982424 -0.304299 -2.254855 -1.404831 3.413023 0.226493 2.520272 0.212302 0.606129 2.293455 0.172743 10.418264 -0.726775 -0.272546 0.186972 3.721455
1 156.92204 -8.690129 -0.982424 -0.304299 -2.254855 -1.404831 3.413023 0.226493 2.520272 0.212302 0.606129 2.293455 0.172743 10.418264 -0.726775 -0.272546 0.186972 3.721455
1 156.92204 -8.690129 -0.982424 -0.304299 -2.254855 -1.404831 3.413023 0.226493 2.520272 0.212302 0.606129 2.293455 0.172743 10.418264 -0.726775 -0.272546 0.186972 3.721455
1 156.92204 -8.690129 -0.982424 -0.304299 -2.254855 -1.404831 3.413023 0.226493 2.520272 0.212302 0.606129 2.293455 0.172743 10.418264 -0.726775 -0.272546 0.186972 3.721455
1 156.92204 -8.690129 -0.982424 -0.304299 -2.254855 -1.404831 3.413023 0.226493 2.520272 0.212302 0.606129 2.293455 0.172743 10.418264 -0.726775 -0.272546 0.186972 3.721455
1 156.92204 -8.690129 -0.982424 -0.304299 -2.254855 -1.404831 3.413023 0.226493 2.520272 0.212302 0.606129 2.293455 0.172743 10.418264 -0.726775 -0.272546 0.186972 3.721455
1 156.92204 -8.690129 -0.982424 -0.304299 -2.254855 -1.404831 3.413023 0.226493 2.520272 0.212302 0.606129 2.293455 0.172743 10.418264 -0.726775 -0.272546 0.186972 3.721455
1 154.22902 -8.683343 -0.987311 -0.319076 -2.206275 -1.375670 3.446553 0.255420 2.537120 0.216933 0.602634 2.301512 0.186775 10.455320 -0.725656 -0.252983 0.187379 3.765269
1 144.05531 -8.710893 -0.986482 -0.330104 -2.214782 -1.373283 3.452214 0.230870 2.539465 0.183783 0.615598 2.320157 0.167672 10.481993 -0.732958 -0.259191 0.203297 3.767131
1 144.05531 -8.710893 -0.986482 -0.330104 -2.214782 -1.373283 3.452214 0.230870 2.539465 0.183783 0.615598 2.320157 0.167672 10.481993 -0.732958 -0.259191 0.203297 3.767131
1 144.05531 -8.710893 -0.986482 -0.330104 -2.214782 -1.373283 3.452214 0.230870 2.539465 0.183783 0.615598 2.320157 0.167672 10.481993 -0.732958 -0.259191 0.203297 3.767131
1 144.05531 -8.710893 -0.986482 -0.330104 -2.214782 -1.373283 3.452214 0.230870 2.539465 0.183783 0.615598 2.320157 0.167672 10.481993 -0.732958 -0.259191 0.203297 3.767131
1 144.05531 -8.710893 -0.986482 -0.330104 -2.214782 -1.373283 3.452214 0.230870 2.539465 0.183783 0.615598 2.320157 0.167672 10.481993 -0.732958 -0.259191 0.203297 3.767131
1 144.05531 -8.710893 -0.986482 -0.330104 -2.214782 -1.373283 3.452214 0.230870 2.539465 0.183783 0.615598 2.320157 0.167672 10.481993 -0.732958 -0.259191 0.203297 3.767131
1 144.05531 -8.710893 -0.986482 -0.330104 -2.214782 -1.373283 3.452214 0.230870 2.539465 0.183783 0.615598 2.320157 0.167672 10.481993 -0.732958 -0.259191 0.203297 3.767131
1 144.05531 -8.710893 -0.986482 -0.330104 -2.214782 -1.373283 3.452214 0.230870 2.539465 0.183783 0.615598 2.320157 0.167672 10.481993 -0.732958 -0.259191 0.203297 3.767131
1 144.05531 -8.710893 -0.986482 -0.330104 -2.214782 -1.373283 3.452214 0.230870 2.539465 0.183783 0.615598 2.320157 0.167672 10.481993 -0.732958 -0.259191 0.203297 3.767131
1 144.05531 -8.710893 -0.986482 -0.330104 -2.214782 -1.373283 3.452214 0.230870 2.539465 0.183783 0.615598 2.320157 0.167672 10.481993 -0.732958 -0.259191 0.203297 3.767131
1 142.68213 -8.746650 -0.967589 -0.357641 -2.213386 -1.370111 3.438856 0.245466 2.530800 0.184560 0.613956 2.328829 0.162011 10.461159 -0.734382 -0.255448 0.199618 3.739904
1 142.68213 -8.746650 -0.967589 -0.357641 -2.213386 -1.370111 3.438856 0.245466 2.530800 0.184560 0.613956 2.328829 0.162011 10.461159 -0.734382 -0.255448 0.199618 3.739904
1 142.68213 -8.746650 -0.967589 -0.357641 -2.213386 -1.370111 3.438856 0.245466 2.530800 0.184560 0.613956 2.328829 0.162011 10.461159 -0.734382 -0.255448 0.199618 3.739904
1 142.68213 -8.746650 -0.967589 -0.357641 -2.213386 -1.370111 3.438856 0.245466 2.530800 0.184560 0.613956 2.328829 0.162011 10.461159 -0.734382 -0.255448 0.199618 3.739904
1 142.68213 -8.746650 -0.967589 -0.357641 -2.213386 -1.370111 3.438856 0.245466 2.530800 0.184560 0.613956 2.328829 0.162011 10.461159 -0.734382 -0.255448 0.199618 3.739904
1 142.68213 -8.746650 -0.967589 -0.357641 -2.213386 -1.370111 3.438856 0.245466 2.530800 0.184560 0.613956 2.328829 0.162011 10.461159 -0.734382 -0.255448 0.199618 3.739904
1 142.68213 -8.746650 -0.967589 -0.357641 -2.213386 -1.370111 3.438856 0.245466 2.530800 0.184560 0.613956 2.328829 0.162011 10.461159 -0.734382 -0.255448 0.199618 3.739904
1 142.68213 -8.746650 -0.967589 -0.357641 -2.213386 -1.370111 3.438856 0.245466 2.530800 0.184560 0.613956 2.328829 0.162011 10.461159 -0.734382 -0.255448 0.199618 3.739904
1 142.68213 -8.746650 -0.967589 -0.357641 -2.213386 -1.370111 3.438856 0.245466 2.530800 0.184560 0.613956 2.328829 0.162011 10.461159 -0.734382 -0.255448 0.199618 3.739904
1 144.11385 -8.717040 -0.964066 -0.341122 -2.239338 -1.356706 3.455281 0.249933 2.501969 0.221103 0.671400 2.334562 0.193438 10.453761 -0.705102 -0.277320 0.208407 3.725782
1 144.11385 -8.717040 -0.964066 -0.341122 -2.239338 -1.356706 3.455281 0.249933 2.501969 0.221103 0.671400 2.334562 0.193438 10.453761 -0.705102 -0.277320 0.208407 3.725782
1 144.11385 -8.717040 -0.964066 -0.341122 -2.239338 -1.356706 3.455281 0.249933 2.501969 0.221103 0.671400 2.334562 0.193438 10.453761 -0.705102 -0.277320 0.208407 3.725782
1 144.11385 -8.717040 -0.964066 -0.341122 -2.239338 -1.356706 3.455281 0.249933 2.501969 0.221103 0.671400 2.334562 0.193438 10.453761 -0.705102 -0.277320 0.208407 3.725782
1 144.11385 -8.717040 -0.964066 -0.341122 -2.239338 -1.356706 3.455281 0.249933 2.501969 0.221103 0.671400 2.334562 0.193438 10.453761 -0.705102 -0.277320 0.208407 3.725782
1 144.11385 -8.717040 -0.964066 -0.341122 -2.239338 -1.356706 3.455281 0.249933 2.501969 0.221103 0.671400 2.334562 0.193438 10.453761 -0.705102 -0.277320 0.208407 3.725782
1 144.11385 -8.717040 -0.964066 -0.341122 -2.239338 -1.356706 3.455281 0.249933 2.501969 0.221103 0.671400 2.334562 0.193438 10.453761 -0.705102 -0.277320 0.208407 3.725782
1 144.11385 -8.717040 -0.964066 -0.341122 -2.239338 -1.356706 3.455281 0.249933 2.501969 0.221103 0.671400 2.334562 0.193438 10.453761 -0.705102 -0.277320 0.208407 3.725782
1 144.11385 -8.717040 -0.964066 -0.341122 -2.239338 -1.356706 3.455281 0.249933 2.501969 0.221103 0.671400 2.334562 0.193438 10.453761 -0.705102 -0.277320 0.208407 3.725782
1 144.11385 -8.717040 -0.964066 -0.341122 -2.239338 -1.356706 3.455281 0.249933 2.501969 0.221103 0.671400 2.334562 0.193438 10.453761 -0.705102 -0.277320 0.208407 3.725782
1 144.11385 -8.717040 -0.964066 -0.341122 -2.239338 -1.356706 3.455281 0.249933 2.501969 0.221103 0.671400 2.334562 0.193438 10.453761 -0.705102 -0.277320 0.208407 3.725782
1 144.11385 -8.717040 -0.964066 -0.341122 -2.239338 -1.356706 3.455281 0.249933 2.501969 0.221103 0.671400 2.334562 0.193438 10.453761 -0.705102 -0.277320 0.208407 3.725782
1 144.11385 -8.717040 -0.964066 -0.341122 -2.239338 -1.356706 3.455281 0.249933 2.501969 0.221103 0.671400 2.334562 0.193438 10.453761 -0.705102 -0.277320 0.208407 3.725782
1 144.11385 -8.717040 -0.964066 -0.341122 -2.239338 -1.356706 3.455281 0.249933 2.501969 0.221103 0.671400 2.334562 0.193438 10.453761 -0.705102 -0.277320 0.208407 3.725782
1 144.11385 -8.717040 -0.964066 -0.341122 -2.239338 -1.356706 3.455281 0.249933 2.501969 0.221103 0.671400 2.334562 0.193438 10.453761 -0.705102 -0.277320 0.208407 3.725782
1 144.11385 -8.717040 -0.964066 -0.341122 -2.239338 -1.356706 3.455281 0.249933 2.501969 0.221103 0.671400 2.334562 0.193438 10.453761 -0.705102 -0.277320 0.208407 3.725782
1 144.11385 -8.717040 -0.964066 -0.341122 -2.239338 -1.356706 3.455281 0.249933 2.501969 0.221103 0.671400 2.334562 0.193438 10.453761 -0.705102 -0.277320 0.208407 3.725782
1 144.11385 -8.717040 -0.964066 -0.341122 -2.239338 -1.356706 3.455281 0.249933 2.501969 0.221103 0.671400 2.334562 0.193438 10.453761 -0.705102 -0.277320 0.208407 3.725782
1 144.11385 -8.717040 -0.964066 -0.341122 -2.239338 -1.356706 3.455281 0.249933 2.501969 0.221103 0.671400 2.334562 0.193438 10.453761 -0.705102 -0.277320 0.208407 3.725782
1 145.09595 -8.728696 -0.984722 -0.389366 -2.210511 -1.359172 3.423089 0.221137 2.493699 0.225098 0.657303 2.294358 0.191560 10.423038 -0.739811 -0.314999 0.234700 3.720258
1 145.09595 -8.728696 -0.984722 -0.389366 -2.210511 -1.359172 3.423089 0.221137 2.493699 0.225098 0.657303 2.294358 0.191560 10.423038 -0.739811 -0.314999 0.234700 3.720258
1 145.09595 -8.728696 -0.984722 -0.389366 -2.210511 -1.359172 3.423089 0.221137 2.493699 0.225098 0.657303 2.294358 0.191560 10.423038 -0.739811 -0.314999 0.234700 3.720258
1 145.09595 -8.728696 -0.984722 -0.389366 -2.210511 -1.359172 3.423089 0.221137 2.493699 0.225098 0.657303 2.294358 0.191560 10.423038 -0.739811 -0.314999 0.234700 3.720258
1 145.09595 -8.728696 -0.984722 -0.389366 -2.210511 -1.359172 3.423089 0.221137 2.493699 0.225098 0.657303 2.294358 0.191560 10.423038 -0.739811 -0.314999 0.234700 3.720258
1 141.81133 -8.716108 -0.984256 -0.382076 -2.219726 -1.349761 3.454125 0.248284 2.484465 0.210040 0.648263 2.305118 0.204844 10.426507 -0.725980 -0.299743 0.258985 3.702866
1 142.11305 -8.682733 -0.974602 -0.380948 -2.207697 -1.342941 3.467245 0.255390 2.507404 0.197895 0.638769 2.335880 0.186430 10.425201 -0.763827 -0.300436 0.264813 3.684698
1 141.05556 -8.685219 -0.995713 -0.378683 -2.214481 -1.358137 3.441440 0.292225 2.515832 0.159421 0.655809 2.318437 0.200511 10.396412 -0.759007 -0.263550 0.257427 3.703539
1 141.05556 -8.685219 -0.995713 -0.378683 -2.214481 -1.358137 3.441440 0.292225 2.515832 0.159421 0.655809 2.318437 0.200511 10.396412 -0.759007 -0.263550 0.257427 3.703539
1 141.05556 -8.685219 -0.995713 -0.378683 -2.214481 -1.358137 3.441440 0.292225 2.515832 0.159421 0.655809 2.318437 0.200511 10.396412 -0.759007 -0.263550 0.257427 3.703539
1 141.05556 -8.685219 -0.995713 -0.378683 -2.214481 -1.358137 3.441440 0.292225 2.515832 0.159421 0.655809 2.318437 0.200511 10.396412 -0.759007 -0.263550 0.257427 3.703539
1 141.05556 -8.685219 -0.995713 -0.378683 -2.214481 -1.358137 3.441440 0.292225 2.515832 0.159421 0.655809 2.318437 0.200511 10.396412 -0.759007 -0.263550 0.257427 3.703539
1 141.05556 -8.685219 -0.995713 -0.378683 -2.214481 -1.358137 3.441440 0.292225 2.515832 0.159421 0.655809 2.318437 0.200511 10.396412 -0.759007 -0.263550 0.257427 3.703539
1 141.05556 -8.685219 -0.995713 -0.378683 -2.214481 -1.358137 3.441440 0.292225 2.515832 0.159421 0.655809 2.318437 0.200511 10.396412 -0.759007 -0.263550 0.257427 3.703539
1 141.05556 -8.685219 -0.995713 -0.378683 -2.214481 -1.358137 3.441440 0.292225 2.515832 0.159421 0.655809 2.318437 0.200511 10.396412 -0.759007 -0.263550 0.257427 3.703539
1 141.05556 -8.685219 -0.995713 -0.378683 -2.214481 -1.358137 3.441440 0.292225 2.515832 0.159421 0.655809 2.318437 0.200511 10.396412 -0.759007 -0.263550 0.257427 3.703539
1 141.05556 -8.685219 -0.995713 -0.378683 -2.214481 -1.358137 3.441440 0.292225 2.515832 0.159421 0.655809 2.318437 0.200511 10.396412 -0.759007 -0.263550 0.257427 3.703539
1 141.05556 -8.685219 -0.995713 -0.378683 -2.214481 -1.358137 3.441440 0.292225 2.515832 0.159421 0.655809 2.318437 0.200511 10.396412 -0.759007 -0.263550 0.257427 3.703539
1 141.05556 -8.685219 -0.995713 -0.378683 -2.214481 -1.358137 3.441440 0.292225 2.515832 0.159421 0.655809 2.318437 0.200511 10.396412 -0.759007 -0.263550 0.257427 3.703539
1 140.5721 -8.683169 -0.978747 -0.367119 -2.231540 -1.348910 3.409609 0.289198 2.513694 0.154198 0.666497 2.306894 0.194040 10.371240 -0.811403 -0.274711 0.285977 3.668357
1 140.5721 -8.683169 -0.978747 -0.367119 -2.231540 -1.348910 3.409609 0.289198 2.513694 0.154198 0.666497 2.306894 0.194040 10.371240 -0.811403 -0.274711 0.285977 3.668357
1 140.5721 -8.683169 -0.978747 -0.367119 -2.231540 -1.348910 3.409609 0.289198 2.513694 0.154198 0.666497 2.306894 0.194040 10.371240 -0.811403 -0.274711 0.285977 3.668357
1 140.5721 -8.683169 -0.978747 -0.367119 -2.231540 -1.348910 3.409609 0.289198 2.513694 0.154198 0.666497 2.306894 0.194040 10.371240 -0.811403 -0.274711 0.285977 3.668357
1 140.5721 -8.683169 -0.978747 -0.367119 -2.231540 -1.348910 3.409609 0.289198 2.513694 0.154198 0.666497 2.306894 0.194040 10.371240 -0.811403 -0.274711 0.285977 3.668357
1 140.5721 -8.683169 -0.978747 -0.367119 -2.231540 -1.348910 3.409609 0.289198 2.513694 0.154198 0.666497 2.306894 0.194040 10.371240 -0.811403 -0.274711 0.285977 3.668357
1 140.5721 -8.683169 -0.978747 -0.367119 -2.231540 -1.348910 3.409609 0.289198 2.513694 0.154198 0.666497 2.306894 0.194040 10.371240 -0.811403 -0.274711 0.285977 3.668357
1 140.5721 -8.683169 -0.978747 -0.367119 -2.231540 -1.348910 3.409609 0.289198 2.513694 0.154198 0.666497 2.306894 0.194040 10.371240 -0.811403 -0.274711 0.285977 3.668357
1 137.15477 -8.671410 -0.991989 -0.380425 -2.204417 -1.410065 3.457042 0.311247 2.500970 0.100763 0.687847 2.327167 0.208236 10.368497 -0.789840 -0.303844 0.268397 3.622614
1 137.15477 -8.671410 -0.991989 -0.380425 -2.204417 -1.410065 3.457042 0.311247 2.500970 0.100763 0.687847 2.327167 0.208236 10.368497 -0.789840 -0.303844 0.268397 3.622614
1 137.15477 -8.671410 -0.991989 -0.380425 -2.204417 -1.410065 3.457042 0.311247 2.500970 0.100763 0.687847 2.327167 0.208236 10.368497 -0.789840 -0.303844 0.268397 3.622614
1 137.15477 -8.671410 -0.991989 -0.380425 -2.204417 -1.410065 3.457042 0.311247 2.500970 0.100763 0.687847 2.327167 0.208236 10.368497 -0.789840 -0.303844 0.268397 3.622614
1 137.15477 -8.671410 -0.991989 -0.380425 -2.204417 -1.410065 3.457042 0.311247 2.500970 0.100763 0.687847 2.327167 0.208236 10.368497 -0.789840 -0.303844 0.268397 3.622614
1 137.15477 -8.671410 -0.991989 -0.380425 -2.204417 -1.410065 3.457042 0.311247 2.500970 0.100763 0.687847 2.327167 0.208236 10.368497 -0.789840 -0.303844 0.268397 3.622614
1 137.15477 -8.671410 -0.991989 -0.380425 -2.204417 -1.410065 3.457042 0.311247 2.500970 0.100763 0.687847 2.327167 0.208236 10.368497 -0.789840 -0.303844 0.268397 3.622614
1 137.15477 -8.671410 -0.991989 -0.380425 -2.204417 -1.410065 3.457042 0.311247 2.500970 0.100763 0.687847 2.327167 0.208236 10.368497 -0.789840 -0.303844 0.268397 3.622614
1 137.15477 -8.671410 -0.991989 -0.380425 -2.204417 -1.410065 3.457042 0.311247 2.500970 0.100763 0.687847 2.327167 0.208236 10.368497 -0.789840 -0.303844 0.268397 3.622614
1 137.15477 -8.671410 -0.991989 -0.380425 -2.204417 -1.410065 3.457042 0.311247 2.500970 0.100763 0.687847 2.327167 0.208236 10.368497 -0.789840 -0.303844 0.268397 3.622614
1 137.15477 -8.671410 -0.991989 -0.380425 -2.204417 -1.410065 3.457042 0.311247 2.500970 0.100763 0.687847 2.327167 0.208236 10.368497 -0.789840 -0.303844 0.268397 3.622614
1 137.15477 -8.671410 -0.991989 -0.380425 -2.204417 -1.410065 3.457042 0.311247 2.500970 0.100763 0.687847 2.327167 0.208236 10.368497 -0.789840 -0.303844 0.268397 3.622614
1 137.15477 -8.671410 -0.991989 -0.380425 -2.204417 -1.410065 3.457042 0.311247 2.500970 0.100763 0.687847 2.327167 0.208236 10.368497 -0.789840 -0.303844 0.268397 3.622614
1 137.15477 -8.671410 -0.991989 -0.380425 -2.204417 -1.410065 3.457042 0.311247 2.500970 0.100763 0.687847 2.327167 0.208236 10.368497 -0.789840 -0.303844 0.268397 3.622614
1 137.15477 -8.671410 -0.991989 -0.380425 -2.204417 -1.410065 3.457042 0.311247 2.500970 0.100763 0.687847 2.327167 0.208236 10.368497 -0.789840 -0.303844 0.268397 3.622614
1 134.45836 -8.700477 -0.983795 -0.405875 -2.146446 -1.422319 3.447464 0.314907 2.509531 0.137861 0.706890 2.301254 0.165393 10.339348 -0.796555 -0.289943 0.273448 3.622536
1 134.45836 -8.700477 -0.983795 -0.405875 -2.146446 -1.422319 3.447464 0.314907 2.509531 0.137861 0.706890 2.301254 0.165393 10.339348 -0.796555 -0.289943 0.273448 3.622536
1 134.45836 -8.700477 -0.983795 -0.405875 -2.146446 -1.422319 3.447464 0.314907 2.509531 0.137861 0.706890 2.301254 0.165393 10.339348 -0.796555 -0.289943 0.273448 3.622536
1 134.45836 -8.700477 -0.983795 -0.405875 -2.146446 -1.422319 3.447464 0.314907 2.509531 0.137861 0.706890 2.301254 0.165393 10.339348 -0.796555 -0.289943 0.273448 3.622536
1 134.45836 -8.700477 -0.983795 -0.405875 -2.146446 -1.422319 3.447464 0.314907 2.509531 0.137861 0.706890 2.301254 0.165393 10.339348 -0.796555 -0.289943 0.273448 3.622536
1 134.45836 -8.700477 -0.983795 -0.405875 -2.146446 -1.422319 3.447464 0.314907 2.509531 0.137861 0.706890 2.301254 0.165393 10.339348 -0.796555 -0.289943 0.273448 3.622536
1 134.45836 -8.700477 -0.983795 -0.405875 -2.146446 -1.422319 3.447464 0.314907 2.509531 0.137861 0.706890 2.301254 0.165393 10.339348 -0.796555 -0.289943 0.273448 3.622536
1 134.45836 -8.700477 -0.983795 -0.405875 -2.146446 -1.422319 3.447464 0.314907 2.509531 0.137861 0.706890 2.301254 0.165393 10.339348 -0.796555 -0.289943 0.273448 3.622536
1 134.45836 -8.700477 -0.983795 -0.405875 -2.146446 -1.422319 3.447464 0.314907 2.509531 0.137861 0.706890 2.301254 0.165393 10.339348 -0.796555 -0.289943 0.273448 3.622536
1 134.45836 -8.700477 -0.983795 -0.405875 -2.146446 -1.422319 3.447464 0.314907 2.509531 0.137861 0.706890 2.301254 0.165393 10.339348 -0.796555 -0.289943 0.273448 3.622536
1 134.45836 -8.700477 -0.983795 -0.405875 -2.146446 -1.422319 3.447464 0.314907 2.509531 0.137861 0.706890 2.301254 0.165393 10.339348 -0.796555 -0.289943 0.273448 3.622536
1 134.45836 -8.700477 -0.983795 -0.405875 -2.146446 -1.422319 3.447464 0.314907 2.509531 0.137861 0.706890 2.301254 0.165393 10.339348 -0.796555 -0.289943 0.273448 3.622536
1 134.45836 -8.700477 -0.983795 -0.405875 -2.146446 -1.422319 3.447464 0.314907 2.509531 0.137861 0.706890 2.301254 0.165393 10.339348 -0.796555 -0.289943 0.273448 3.622536
1 134.45836 -8.700477 -0.983795 -0.405875 -2.146446 -1.422319 3.447464 0.314907 2.509531 0.137861 0.706890 2.301254 0.165393 10.339348 -0.796555 -0.289943 0.273448 3.622536
1 134.45836 -8.700477 -0.983795 -0.405875 -2.146446 -1.422319 3.447464 0.314907 2.509531 0.137861 0.706890 2.301254 0.165393 10.339348 -0.796555 -0.289943 0.273448 3.622536
1 134.45836 -8.700477 -0.983795 -0.405875 -2.146446 -1.422319 3.447464 0.314907 2.509531 0.137861 0.706890 2.301254 0.165393 10.339348 -0.796555 -0.289943 0.273448 3.622536
1 134.45836 -8.700477 -0.983795 -0.405875 -2.146446 -1.422319 3.447464 0.314907 2.509531 0.137861 0.706890 2.301254 0.165393 10.339348 -0.796555 -0.289943 0.273448 3.622536
1 134.45836 -8.700477 -0.983795 -0.405875 -2.146446 -1.422319 3.447464 0.314907 2.509531 0.137861 0.706890 2.301254 0.165393 10.339348 -0.796555 -0.289943 0.273448 3.622536
1 134.45836 -8.700477 -0.983795 -0.405875 -2.146446 -1.422319 3.447464 0.314907 2.509531 0.137861 0.706890 2.301254 0.165393 10.339348 -0.796555 -0.289943 0.273448 3.622536
1 134.45836 -8.700477 -0.983795 -0.405875 -2.146446 -1.422319 3.447464 0.314907 2.509531 0.137861 0.706890 2.301254 0.165393 10.339348 -0.796555 -0.289943 0.273448 3.622536
1 134.45836 -8.700477 -0.983795 -0.405875 -2.146446 -1.422319 3.447464 0.314907 2.509531 0.137861 0.706890 2.301254 0.165393 10.339348 -0.796555 -0.289943 0.273448 3.622536
1 134.45836 -8.700477 -0.983795 -0.405875 -2.146446 -1.422319 3.447464 0.314907 2.509531 0.137861 0.706890 2.301254 0.165393 10.339348 -0.796555 -0.289943 0.273448 3.622536
1 134.45836 -8.700477 -0.983795 -0.405875 -2.146446 -1.422319 3.447464 0.314907 2.509531 0.137861 0.706890 2.301254 0.165393 10.339348 -0.796555 -0.289943 0.273448 3.622536
1 134.45836 -8.700477 -0.983795 -0.405875 -2.146446 -1.422319 3.447464 0.314907 2.509531 0.137861 0.706890 2.301254 0.165393 10.339348 -0.796555 -0.289943 0.273448 3.622536
1 134.45836 -8.700477 -0.983795 -0.405875 -2.146446 -1.422319 3.447464 0.314907 2.509531 0.137861 0.706890 2.301254 0.165393 10.339348 -0.796555 -0.289943 0.273448 3.622536
1 134.45836 -8.700477 -0.983795 -0.405875 -2.146446 -1.422319 3.447464 0.314907 2.509531 0.137861 0.706890 2.301254 0.165393 10.339348 -0.796555 -0.289943 0.273448 3.622536
1 134.45836 -8.700477 -0.983795 -0.405875 -2.146446 -1.422319 3.447464 0.314907 2.509531 0.137861 0.706890 2.301254 0.165393 10.339348 -0.796555 -0.289943 0.273448 3.622536
1 134.45836 -8.700477 -0.983795 -0.405875 -2.146446 -1.422319 3.447464 0.314907 2.509531 0.137861 0.706890 2.301254 0.165393 10.339348 -0.796555 -0.289943 0.273448 3.622536
1 134.45836 -8.700477 -0.983795 -0.405875 -2.146446 -1.422319 3.447464 0.314907 2.509531 0.137861 0.706890 2.301254 0.165393 10.339348 -0.796555 -0.289943 0.273448 3.622536
1 134.45836 -8.700477 -0.983795 -0.405875 -2.146446 -1.422319 3.447464 0.314907 2.509531 0.137861 0.706890 2.301254 0.165393 10.339348 -0.796555 -0.289943 0.273448 3.622536
1 134.45836 -8.700477 -0.983795 -0.405875 -2.146446 -1.422319 3.447464 0.314907 2.509531 0.137861 0.706890 2.301254 0.165393 10.339348 -0.796555 -0.289943 0.273448 3.622536
1 134.45836 -8.700477 -0.983795 -0.405875 -2.146446 -1.422319 3.447464 0.314907 2.509531 0.137861 0.706890 2.301254 0.165393 10.339348 -0.796555 -0.289943 0.273448 3.622536
1 134.45836 -8.700477 -0.983795 -0.405875 -2.146446 -1.422319 3.447464 0.314907 2.509531 0.137861 0.706890 2.301254 0.165393 10.339348 -0.796555 -0.289943 0.273448 3.622536
1 134.45836 -8.700477 -0.983795 -0.405875 -2.146446 -1.422319 3.447464 0.314907 2.509531 0.137861 0.706890 2.301254 0.165393 10.339348 -0.796555 -0.289943 0.273448 3.622536
1 134.45836 -8.700477 -0.983795 -0.405875 -2.146446 -1.422319 3.447464 0.314907 2.509531 0.137861 0.706890 2.301254 0.165393 10.339348 -0.796555 -0.289943 0.273448 3.622536
1 134.45836 -8.700477 -0.983795 -0.405875 -2.146446 -1.422319 3.447464 0.314907 2.509531 0.137861 0.706890 2.301254 0.165393 10.339348 -0.796555 -0.289943 0.273448 3.622536
1 134.45836 -8.700477 -0.983795 -0.405875 -2.146446 -1.422319 3.447464 0.314907 2.509531 0.137861 0.706890 2.301254 0.165393 10.339348 -0.796555 -0.289943 0.273448 3.622536
1 134.45836 -8.700477 -0.983795 -0.405875 -2.146446 -1.422319 3.447464 0.314907 2.509531 0.137861 0.706890 2.301254 0.165393 10.339348 -0.796555 -0.289943 0.273448 3.622536
1 134.45836 -8.700477 -0.983795 -0.405875 -2.146446 -1.422319 3.447464 0.314907 2.509531 0.137861 0.706890 2.301254 0.165393 10.339348 -0.796555 -0.289943 0.273448 3.622536
1 134.45836 -8.700477 -0.983795 -0.405875 -2.146446 -1.422319 3.447464 0.314907 2.509531 0.137861 0.706890 2.301254 0.165393 10.339348 -0.796555 -0.289943 0.273448 3.622536
1 134.45836 -8.700477 -0.983795 -0.405875 -2.146446 -1.422319 3.447464 0.314907 2.509531 0.137861 0.706890 2.301254 0.165393 10.339348 -0.796555 -0.289943 0.273448 3.622536
1 134.45836 -8.700477 -0.983795 -0.405875 -2.146446 -1.422319 3.447464 0.314907 2.509531 0.137861 0.706890 2.301254 0.165393 10.339348 -0.796555 -0.289943 0.273448 3.622536
1 134.45836 -8.700477 -0.983795 -0.405875 -2.146446 -1.422319 3.447464 0.314907 2.509531 0.137861 0.706890 2.301254 0.165393 10.339348 -0.796555 -0.289943 0.273448 3.622536
1 134.45836 -8.700477 -0.983795 -0.405875 -2.146446 -1.422319 3.447464 0.314907 2.509531 0.137861 0.706890 2.301254 0.165393 10.339348 -0.796555 -0.289943 0.273448 3.622536
1 134.45836 -8.700477 -0.983795 -0.405875 -2.146446 -1.422319 3.447464 0.314907 2.509531 0.137861 0.706890 2.301254 0.165393 10.339348 -0.796555 -0.289943 0.273448 3.622536
1 134.45836 -8.700477 -0.983795 -0.405875 -2.146446 -1.422319 3.447464 0.314907 2.509531 0.137861 0.706890 2.301254 0.165393 10.339348 -0.796555 -0.289943 0.273448 3.622536
1 134.45836 -8.700477 -0.983795 -0.405875 -2.146446 -1.422319 3.447464 0.314907 2.509531 0.137861 0.706890 2.301254 0.165393 10.339348 -0.796555 -0.289943 0.273448 3.622536
1 134.45836 -8.700477 -0.983795 -0.405875 -2.146446 -1.422319 3.447464 0.314907 2.509531 0.137861 0.706890 2.301254 0.165393 10.339348 -0.796555 -0.289943 0.273448 3.622536
1 134.45836 -8.700477 -0.983795 -0.405875 -2.146446 -1.422319 3.447464 0.314907 2.509531 0.137861 0.706890 2.301254 0.165393 10.339348 -0.796555 -0.289943 0.273448 3.622536
1 134.45836 -8.700477 -0.983795 -0.405875 -2.146446 -1.422319 3.447464 0.314907 2.509531 0.137861 0.706890 2.301254 0.165393 10.339348 -0.796555 -0.289943 0.273448 3.622536
1 134.45836 -8.700477 -0.983795 -0.405875 -2.146446 -1.422319 3.447464 0.314907 2.509531 0.137861 0.706890 2.301254 0.165393 10.339348 -0.796555 -0.289943 0.273448 3.622536
1 134.45836 -8.700477 -0.983795 -0.405875 -2.146446 -1.422319 3.447464 0.314907 2.509531 0.137861 0.706890 2.301254 0.165393 10.339348 -0.796555 -0.289943 0.273448 3.622536
1 134.45836 -8.700477 -0.983795 -0.405875 -2.146446 -1.422319 3.447464 0.314907 2.509531 0.137861 0.706890 2.301254 0.165393 10.339348 -0.796555 -0.289943 0.273448 3.622536
1 134.45836 -8.700477 -0.983795 -0.405875 -2.146446 -1.422319 3.447464 0.314907 2.509531 0.137861 0.706890 2.301254 0.165393 10.339348 -0.796555 -0.289943 0.273448 3.622536
1 134.45836 -8.700477 -0.983795 -0.405875 -2.146446 -1.422319 3.447464 0.314907 2.509531 0.137861 0.706890 2.301254 0.165393 10.339348 -0.796555 -0.289943 0.273448 3.622536
1 134.45836 -8.700477 -0.983795 -0.405875 -2.146446 -1.422319 3.447464 0.314907 2.509531 0.137861 0.706890 2.301254 0.165393 10.339348 -0.796555 -0.289943 0.273448 3.622536
1 134.45836 -8.700477 -0.983795 -0.405875 -2.146446 -1.422319 3.447464 0.314907 2.509531 0.137861 0.706890 2.301254 0.165393 10.339348 -0.796555 -0.289943 0.273448 3.622536
1 134.45836 -8.700477 -0.983795 -0.405875 -2.146446 -1.422319 3.447464 0.314907 2.509531 0.137861 0.706890 2.301254 0.165393 10.339348 -0.796555 -0.289943 0.273448 3.622536
1 134.45836 -8.700477 -0.983795 -0.405875 -2.146446 -1.422319 3.447464 0.314907 2.509531 0.137861 0.706890 2.301254 0.165393 10.339348 -0.796555 -0.289943 0.273448 3.622536
1 134.45836 -8.700477 -0.983795 -0.405875 -2.146446 -1.422319 3.447464 0.314907 2.509531 0.137861 0.706890 2.301254 0.165393 10.339348 -0.796555 -0.289943 0.273448 3.622536
1 134.45836 -8.700477 -0.983795 -0.405875 -2.146446 -1.422319 3.447464 0.314907 2.509531 0.137861 0.706890 2.301254 0.165393 10.339348 -0.796555 -0.289943 0.273448 3.622536
1 134.45836 -8.700477 -0.983795 -0.405875 -2.146446 -1.422319 3.447464 0.314907 2.509531 0.137861 0.706890 2.301254 0.165393 10.339348 -0.796555 -0.289943 0.273448 3.622536
1 134.45836 -8.700477 -0.983795 -0.405875 -2.146446 -1.422319 3.447464 0.314907 2.509531 0.137861 0.706890 2.301254 0.165393 10.339348 -0.796555 -0.289943 0.273448 3.622536
1 134.45836 -8.700477 -0.983795 -0.405875 -2.146446 -1.422319 3.447464 0.314907 2.509531 0.137861 0.706890 2.301254 0.165393 10.339348 -0.796555 -0.289943 0.273448 3.622536
1 134.45836 -8.700477 -0.983795 -0.405875 -2.146446 -1.422319 3.447464 0.314907 2.509531 0.137861 0.706890 2.301254 0.165393 10.339348 -0.796555 -0.289943 0.273448 3.622536
1 134.45836 -8.700477 -0.983795 -0.405875 -2.146446 -1.422319 3.447464 0.314907 2.509531 0.137861 0.706890 2.301254 0.165393 10.339348 -0.796555 -0.289943 0.273448 3.622536
