1 304.75364 -8.594563 -0.918038 -0.243110 -2.307528 -1.469676 3.466410 0.263629 2.533278 0.235386 0.542955 2.294636 0.119234 10.329990 -0.308999 0.300777 3.589422
1 301.77952 -8.631171 -0.900508 -0.242403 -2.297015 -1.518585 3.438746 0.286557 2.556676 0.213132 0.534700 2.283280 0.104282 10.348169 -0.314832 0.330902 3.558322
1 301.77952 -8.631171 -0.900508 -0.242403 -2.297015 -1.518585 3.438746 0.286557 2.556676 0.213132 0.534700 2.283280 0.104282 10.348169 -0.314832 0.330902 3.558322
1 302.27878 -8.628634 -0.890880 -0.242007 -2.295250 -1.536219 3.440716 0.301412 2.572760 0.197990 0.531461 2.286429 0.089422 10.304517 -0.325754 0.309869 3.561719
1 302.27878 -8.628634 -0.890880 -0.242007 -2.295250 -1.536219 3.440716 0.301412 2.572760 0.197990 0.531461 2.286429 0.089422 10.304517 -0.325754 0.309869 3.561719
1 300.52533 -8.618103 -0.912934 -0.194356 -2.256617 -1.500265 3.476302 0.310236 2.577446 0.198223 0.526358 2.305458 0.125692 10.327983 -0.335896 0.309383 3.564839
1 300.52533 -8.618103 -0.912934 -0.194356 -2.256617 -1.500265 3.476302 0.310236 2.577446 0.198223 0.526358 2.305458 0.125692 10.327983 -0.335896 0.309383 3.564839
1 300.52533 -8.618103 -0.912934 -0.194356 -2.256617 -1.500265 3.476302 0.310236 2.577446 0.198223 0.526358 2.305458 0.125692 10.327983 -0.335896 0.309383 3.564839
1 300.52533 -8.618103 -0.912934 -0.194356 -2.256617 -1.500265 3.476302 0.310236 2.577446 0.198223 0.526358 2.305458 0.125692 10.327983 -0.335896 0.309383 3.564839
1 300.52533 -8.618103 -0.912934 -0.194356 -2.256617 -1.500265 3.476302 0.310236 2.577446 0.198223 0.526358 2.305458 0.125692 10.327983 -0.335896 0.309383 3.564839
1 300.52533 -8.618103 -0.912934 -0.194356 -2.256617 -1.500265 3.476302 0.310236 2.577446 0.198223 0.526358 2.305458 0.125692 10.327983 -0.335896 0.309383 3.564839
1 300.52533 -8.618103 -0.912934 -0.194356 -2.256617 -1.500265 3.476302 0.310236 2.577446 0.198223 0.526358 2.305458 0.125692 10.327983 -0.335896 0.309383 3.564839
1 300.52533 -8.618103 -0.912934 -0.194356 -2.256617 -1.500265 3.476302 0.310236 2.577446 0.198223 0.526358 2.305458 0.125692 10.327983 -0.335896 0.309383 3.564839
1 300.52533 -8.618103 -0.912934 -0.194356 -2.256617 -1.500265 3.476302 0.310236 2.577446 0.198223 0.526358 2.305458 0.125692 10.327983 -0.335896 0.309383 3.564839
1 300.52533 -8.618103 -0.912934 -0.194356 -2.256617 -1.500265 3.476302 0.310236 2.577446 0.198223 0.526358 2.305458 0.125692 10.327983 -0.335896 0.309383 3.564839
1 300.52533 -8.618103 -0.912934 -0.194356 -2.256617 -1.500265 3.476302 0.310236 2.577446 0.198223 0.526358 2.305458 0.125692 10.327983 -0.335896 0.309383 3.564839
1 300.52533 -8.618103 -0.912934 -0.194356 -2.256617 -1.500265 3.476302 0.310236 2.577446 0.198223 0.526358 2.305458 0.125692 10.327983 -0.335896 0.309383 3.564839
1 300.52533 -8.618103 -0.912934 -0.194356 -2.256617 -1.500265 3.476302 0.310236 2.577446 0.198223 0.526358 2.305458 0.125692 10.327983 -0.335896 0.309383 3.564839
1 300.52533 -8.618103 -0.912934 -0.194356 -2.256617 -1.500265 3.476302 0.310236 2.577446 0.198223 0.526358 2.305458 0.125692 10.327983 -0.335896 0.309383 3.564839
1 300.52533 -8.618103 -0.912934 -0.194356 -2.256617 -1.500265 3.476302 0.310236 2.577446 0.198223 0.526358 2.305458 0.125692 10.327983 -0.335896 0.309383 3.564839
1 300.52533 -8.618103 -0.912934 -0.194356 -2.256617 -1.500265 3.476302 0.310236 2.577446 0.198223 0.526358 2.305458 0.125692 10.327983 -0.335896 0.309383 3.564839
1 300.52533 -8.618103 -0.912934 -0.194356 -2.256617 -1.500265 3.476302 0.310236 2.577446 0.198223 0.526358 2.305458 0.125692 10.327983 -0.335896 0.309383 3.564839
1 300.52533 -8.618103 -0.912934 -0.194356 -2.256617 -1.500265 3.476302 0.310236 2.577446 0.198223 0.526358 2.305458 0.125692 10.327983 -0.335896 0.309383 3.564839
1 300.52533 -8.618103 -0.912934 -0.194356 -2.256617 -1.500265 3.476302 0.310236 2.577446 0.198223 0.526358 2.305458 0.125692 10.327983 -0.335896 0.309383 3.564839
1 300.62421 -8.614336 -0.914784 -0.199120 -2.276644 -1.484021 3.464710 0.274153 2.586400 0.201493 0.557731 2.286889 0.141020 10.304533 -0.369211 0.313754 3.547980
1 296.18261 -8.603643 -0.953769 -0.180530 -2.282742 -1.497312 3.437586 0.284993 2.584636 0.184961 0.561529 2.290508 0.141380 10.270482 -0.407878 0.378248 3.561384
1 296.18261 -8.603643 -0.953769 -0.180530 -2.282742 -1.497312 3.437586 0.284993 2.584636 0.184961 0.561529 2.290508 0.141380 10.270482 -0.407878 0.378248 3.561384
1 296.18261 -8.603643 -0.953769 -0.180530 -2.282742 -1.497312 3.437586 0.284993 2.584636 0.184961 0.561529 2.290508 0.141380 10.270482 -0.407878 0.378248 3.561384
1 296.18261 -8.603643 -0.953769 -0.180530 -2.282742 -1.497312 3.437586 0.284993 2.584636 0.184961 0.561529 2.290508 0.141380 10.270482 -0.407878 0.378248 3.561384
1 296.18261 -8.603643 -0.953769 -0.180530 -2.282742 -1.497312 3.437586 0.284993 2.584636 0.184961 0.561529 2.290508 0.141380 10.270482 -0.407878 0.378248 3.561384
1 296.15764 -8.613258 -0.974757 -0.186112 -2.254007 -1.513831 3.437885 0.247142 2.592829 0.179887 0.567102 2.311508 0.132122 10.260900 -0.430651 0.347412 3.568811
1 295.11574 -8.595196 -0.922124 -0.171814 -2.255710 -1.493536 3.433886 0.244707 2.591184 0.191885 0.568005 2.329263 0.097574 10.253360 -0.419895 0.327462 3.533456
1 295.11574 -8.595196 -0.922124 -0.171814 -2.255710 -1.493536 3.433886 0.244707 2.591184 0.191885 0.568005 2.329263 0.097574 10.253360 -0.419895 0.327462 3.533456
1 295.11574 -8.595196 -0.922124 -0.171814 -2.255710 -1.493536 3.433886 0.244707 2.591184 0.191885 0.568005 2.329263 0.097574 10.253360 -0.419895 0.327462 3.533456
1 295.11574 -8.595196 -0.922124 -0.171814 -2.255710 -1.493536 3.433886 0.244707 2.591184 0.191885 0.568005 2.329263 0.097574 10.253360 -0.419895 0.327462 3.533456
1 295.17345 -8.585491 -0.959915 -0.187498 -2.242453 -1.511951 3.447997 0.238673 2.602025 0.200303 0.581105 2.303291 0.120449 10.255229 -0.428265 0.353219 3.532666
1 295.17345 -8.585491 -0.959915 -0.187498 -2.242453 -1.511951 3.447997 0.238673 2.602025 0.200303 0.581105 2.303291 0.120449 10.255229 -0.428265 0.353219 3.532666
1 295.17345 -8.585491 -0.959915 -0.187498 -2.242453 -1.511951 3.447997 0.238673 2.602025 0.200303 0.581105 2.303291 0.120449 10.255229 -0.428265 0.353219 3.532666
1 292.84781 -8.595175 -0.937787 -0.210970 -2.259432 -1.530090 3.451582 0.255364 2.580630 0.187206 0.554521 2.275250 0.131023 10.252392 -0.413446 0.334408 3.532313
1 292.84781 -8.595175 -0.937787 -0.210970 -2.259432 -1.530090 3.451582 0.255364 2.580630 0.187206 0.554521 2.275250 0.131023 10.252392 -0.413446 0.334408 3.532313
1 290.42828 -8.623919 -0.937139 -0.253443 -2.250980 -1.519756 3.443248 0.244652 2.549514 0.191038 0.554832 2.246512 0.121986 10.291260 -0.409237 0.342839 3.519173
1 290.42828 -8.623919 -0.937139 -0.253443 -2.250980 -1.519756 3.443248 0.244652 2.549514 0.191038 0.554832 2.246512 0.121986 10.291260 -0.409237 0.342839 3.519173
1 285.36167 -8.604770 -0.971050 -0.250838 -2.232207 -1.511204 3.436955 0.240877 2.531337 0.226844 0.512313 2.277074 0.110248 10.283044 -0.393588 0.374521 3.538099
1 285.36167 -8.604770 -0.971050 -0.250838 -2.232207 -1.511204 3.436955 0.240877 2.531337 0.226844 0.512313 2.277074 0.110248 10.283044 -0.393588 0.374521 3.538099
1 285.36167 -8.604770 -0.971050 -0.250838 -2.232207 -1.511204 3.436955 0.240877 2.531337 0.226844 0.512313 2.277074 0.110248 10.283044 -0.393588 0.374521 3.538099
1 285.36167 -8.604770 -0.971050 -0.250838 -2.232207 -1.511204 3.436955 0.240877 2.531337 0.226844 0.512313 2.277074 0.110248 10.283044 -0.393588 0.374521 3.538099
1 285.36167 -8.604770 -0.971050 -0.250838 -2.232207 -1.511204 3.436955 0.240877 2.531337 0.226844 0.512313 2.277074 0.110248 10.283044 -0.393588 0.374521 3.538099
1 285.36167 -8.604770 -0.971050 -0.250838 -2.232207 -1.511204 3.436955 0.240877 2.531337 0.226844 0.512313 2.277074 0.110248 10.283044 -0.393588 0.374521 3.538099
1 285.36167 -8.604770 -0.971050 -0.250838 -2.232207 -1.511204 3.436955 0.240877 2.531337 0.226844 0.512313 2.277074 0.110248 10.283044 -0.393588 0.374521 3.538099
1 285.36167 -8.604770 -0.971050 -0.250838 -2.232207 -1.511204 3.436955 0.240877 2.531337 0.226844 0.512313 2.277074 0.110248 10.283044 -0.393588 0.374521 3.538099
1 285.36167 -8.604770 -0.971050 -0.250838 -2.232207 -1.511204 3.436955 0.240877 2.531337 0.226844 0.512313 2.277074 0.110248 10.283044 -0.393588 0.374521 3.538099
