1 158.32192 -8.694534 -0.949493 -0.286438 -2.215224 -1.409824 3.416683 0.190501 2.562961 0.168549 0.573465 2.305832 0.174408 10.458292 -0.702629 -0.313723 0.198024 3.692421
1 158.32192 -8.694534 -0.949493 -0.286438 -2.215224 -1.409824 3.416683 0.190501 2.562961 0.168549 0.573465 2.305832 0.174408 10.458292 -0.702629 -0.313723 0.198024 3.692421
1 158.32192 -8.694534 -0.949493 -0.286438 -2.215224 -1.409824 3.416683 0.190501 2.562961 0.168549 0.573465 2.305832 0.174408 10.458292 -0.702629 -0.313723 0.198024 3.692421
1 144.72196 -8.698320 -0.925835 -0.288962 -2.230470 -1.404278 3.416294 0.200184 2.546721 0.206265 0.551715 2.294885 0.179914 10.448518 -0.715315 -0.334982 0.182207 3.704000
1 144.72196 -8.698320 -0.925835 -0.288962 -2.230470 -1.404278 3.416294 0.200184 2.546721 0.206265 0.551715 2.294885 0.179914 10.448518 -0.715315 -0.334982 0.182207 3.704000
1 144.72196 -8.698320 -0.925835 -0.288962 -2.230470 -1.404278 3.416294 0.200184 2.546721 0.206265 0.551715 2.294885 0.179914 10.448518 -0.715315 -0.334982 0.182207 3.704000
1 144.72196 -8.698320 -0.925835 -0.288962 -2.230470 -1.404278 3.416294 0.200184 2.546721 0.206265 0.551715 2.294885 0.179914 10.448518 -0.715315 -0.334982 0.182207 3.704000
1 144.72196 -8.698320 -0.925835 -0.288962 -2.230470 -1.404278 3.416294 0.200184 2.546721 0.206265 0.551715 2.294885 0.179914 10.448518 -0.715315 -0.334982 0.182207 3.704000
1 144.72196 -8.698320 -0.925835 -0.288962 -2.230470 -1.404278 3.416294 0.200184 2.546721 0.206265 0.551715 2.294885 0.179914 10.448518 -0.715315 -0.334982 0.182207 3.704000
1 144.72196 -8.698320 -0.925835 -0.288962 -2.230470 -1.404278 3.416294 0.200184 2.546721 0.206265 0.551715 2.294885 0.179914 10.448518 -0.715315 -0.334982 0.182207 3.704000
1 142.8136 -8.683494 -0.934161 -0.299075 -2.230704 -1.437738 3.386523 0.177955 2.565945 0.196884 0.566607 2.307935 0.216348 10.437090 -0.731202 -0.357520 0.178816 3.684073
1 138.32404 -8.679268 -0.927653 -0.317278 -2.230232 -1.433625 3.367149 0.168641 2.569546 0.194977 0.583106 2.267499 0.186324 10.454123 -0.704601 -0.360909 0.178721 3.680931
1 138.32404 -8.679268 -0.927653 -0.317278 -2.230232 -1.433625 3.367149 0.168641 2.569546 0.194977 0.583106 2.267499 0.186324 10.454123 -0.704601 -0.360909 0.178721 3.680931
1 138.32404 -8.679268 -0.927653 -0.317278 -2.230232 -1.433625 3.367149 0.168641 2.569546 0.194977 0.583106 2.267499 0.186324 10.454123 -0.704601 -0.360909 0.178721 3.680931
1 138.32404 -8.679268 -0.927653 -0.317278 -2.230232 -1.433625 3.367149 0.168641 2.569546 0.194977 0.583106 2.267499 0.186324 10.454123 -0.704601 -0.360909 0.178721 3.680931
1 138.32404 -8.679268 -0.927653 -0.317278 -2.230232 -1.433625 3.367149 0.168641 2.569546 0.194977 0.583106 2.267499 0.186324 10.454123 -0.704601 -0.360909 0.178721 3.680931
1 138.32404 -8.679268 -0.927653 -0.317278 -2.230232 -1.433625 3.367149 0.168641 2.569546 0.194977 0.583106 2.267499 0.186324 10.454123 -0.704601 -0.360909 0.178721 3.680931
1 138.32404 -8.679268 -0.927653 -0.317278 -2.230232 -1.433625 3.367149 0.168641 2.569546 0.194977 0.583106 2.267499 0.186324 10.454123 -0.704601 -0.360909 0.178721 3.680931
1 138.32404 -8.679268 -0.927653 -0.317278 -2.230232 -1.433625 3.367149 0.168641 2.569546 0.194977 0.583106 2.267499 0.186324 10.454123 -0.704601 -0.360909 0.178721 3.680931
1 138.32404 -8.679268 -0.927653 -0.317278 -2.230232 -1.433625 3.367149 0.168641 2.569546 0.194977 0.583106 2.267499 0.186324 10.454123 -0.704601 -0.360909 0.178721 3.680931
1 138.32404 -8.679268 -0.927653 -0.317278 -2.230232 -1.433625 3.367149 0.168641 2.569546 0.194977 0.583106 2.267499 0.186324 10.454123 -0.704601 -0.360909 0.178721 3.680931
1 138.32404 -8.679268 -0.927653 -0.317278 -2.230232 -1.433625 3.367149 0.168641 2.569546 0.194977 0.583106 2.267499 0.186324 10.454123 -0.704601 -0.360909 0.178721 3.680931
1 138.32404 -8.679268 -0.927653 -0.317278 -2.230232 -1.433625 3.367149 0.168641 2.569546 0.194977 0.583106 2.267499 0.186324 10.454123 -0.704601 -0.360909 0.178721 3.680931
1 138.32404 -8.679268 -0.927653 -0.317278 -2.230232 -1.433625 3.367149 0.168641 2.569546 0.194977 0.583106 2.267499 0.186324 10.454123 -0.704601 -0.360909 0.178721 3.680931
1 138.32404 -8.679268 -0.927653 -0.317278 -2.230232 -1.433625 3.367149 0.168641 2.569546 0.194977 0.583106 2.267499 0.186324 10.454123 -0.704601 -0.360909 0.178721 3.680931
1 138.32404 -8.679268 -0.927653 -0.317278 -2.230232 -1.433625 3.367149 0.168641 2.569546 0.194977 0.583106 2.267499 0.186324 10.454123 -0.704601 -0.360909 0.178721 3.680931
1 138.32404 -8.679268 -0.927653 -0.317278 -2.230232 -1.433625 3.367149 0.168641 2.569546 0.194977 0.583106 2.267499 0.186324 10.454123 -0.704601 -0.360909 0.178721 3.680931
1 138.32404 -8.679268 -0.927653 -0.317278 -2.230232 -1.433625 3.367149 0.168641 2.569546 0.194977 0.583106 2.267499 0.186324 10.454123 -0.704601 -0.360909 0.178721 3.680931
1 138.32404 -8.679268 -0.927653 -0.317278 -2.230232 -1.433625 3.367149 0.168641 2.569546 0.194977 0.583106 2.267499 0.186324 10.454123 -0.704601 -0.360909 0.178721 3.680931
1 138.32404 -8.679268 -0.927653 -0.317278 -2.230232 -1.433625 3.367149 0.168641 2.569546 0.194977 0.583106 2.267499 0.186324 10.454123 -0.704601 -0.360909 0.178721 3.680931
1 138.32404 -8.679268 -0.927653 -0.317278 -2.230232 -1.433625 3.367149 0.168641 2.569546 0.194977 0.583106 2.267499 0.186324 10.454123 -0.704601 -0.360909 0.178721 3.680931
1 138.32404 -8.679268 -0.927653 -0.317278 -2.230232 -1.433625 3.367149 0.168641 2.569546 0.194977 0.583106 2.267499 0.186324 10.454123 -0.704601 -0.360909 0.178721 3.680931
1 138.32404 -8.679268 -0.927653 -0.317278 -2.230232 -1.433625 3.367149 0.168641 2.569546 0.194977 0.583106 2.267499 0.186324 10.454123 -0.704601 -0.360909 0.178721 3.680931
1 138.32404 -8.679268 -0.927653 -0.317278 -2.230232 -1.433625 3.367149 0.168641 2.569546 0.194977 0.583106 2.267499 0.186324 10.454123 -0.704601 -0.360909 0.178721 3.680931
1 138.32404 -8.679268 -0.927653 -0.317278 -2.230232 -1.433625 3.367149 0.168641 2.569546 0.194977 0.583106 2.267499 0.186324 10.454123 -0.704601 -0.360909 0.178721 3.680931
1 138.32404 -8.679268 -0.927653 -0.317278 -2.230232 -1.433625 3.367149 0.168641 2.569546 0.194977 0.583106 2.267499 0.186324 10.454123 -0.704601 -0.360909 0.178721 3.680931
1 138.32404 -8.679268 -0.927653 -0.317278 -2.230232 -1.433625 3.367149 0.168641 2.569546 0.194977 0.583106 2.267499 0.186324 10.454123 -0.704601 -0.360909 0.178721 3.680931
1 138.32404 -8.679268 -0.927653 -0.317278 -2.230232 -1.433625 3.367149 0.168641 2.569546 0.194977 0.583106 2.267499 0.186324 10.454123 -0.704601 -0.360909 0.178721 3.680931
1 138.32404 -8.679268 -0.927653 -0.317278 -2.230232 -1.433625 3.367149 0.168641 2.569546 0.194977 0.583106 2.267499 0.186324 10.454123 -0.704601 -0.360909 0.178721 3.680931
1 138.32404 -8.679268 -0.927653 -0.317278 -2.230232 -1.433625 3.367149 0.168641 2.569546 0.194977 0.583106 2.267499 0.186324 10.454123 -0.704601 -0.360909 0.178721 3.680931
1 138.32404 -8.679268 -0.927653 -0.317278 -2.230232 -1.433625 3.367149 0.168641 2.569546 0.194977 0.583106 2.267499 0.186324 10.454123 -0.704601 -0.360909 0.178721 3.680931
1 138.32404 -8.679268 -0.927653 -0.317278 -2.230232 -1.433625 3.367149 0.168641 2.569546 0.194977 0.583106 2.267499 0.186324 10.454123 -0.704601 -0.360909 0.178721 3.680931
1 138.32404 -8.679268 -0.927653 -0.317278 -2.230232 -1.433625 3.367149 0.168641 2.569546 0.194977 0.583106 2.267499 0.186324 10.454123 -0.704601 -0.360909 0.178721 3.680931
1 138.32404 -8.679268 -0.927653 -0.317278 -2.230232 -1.433625 3.367149 0.168641 2.569546 0.194977 0.583106 2.267499 0.186324 10.454123 -0.704601 -0.360909 0.178721 3.680931
1 138.32404 -8.679268 -0.927653 -0.317278 -2.230232 -1.433625 3.367149 0.168641 2.569546 0.194977 0.583106 2.267499 0.186324 10.454123 -0.704601 -0.360909 0.178721 3.680931
1 138.32404 -8.679268 -0.927653 -0.317278 -2.230232 -1.433625 3.367149 0.168641 2.569546 0.194977 0.583106 2.267499 0.186324 10.454123 -0.704601 -0.360909 0.178721 3.680931
1 138.32404 -8.679268 -0.927653 -0.317278 -2.230232 -1.433625 3.367149 0.168641 2.569546 0.194977 0.583106 2.267499 0.186324 10.454123 -0.704601 -0.360909 0.178721 3.680931
1 138.32404 -8.679268 -0.927653 -0.317278 -2.230232 -1.433625 3.367149 0.168641 2.569546 0.194977 0.583106 2.267499 0.186324 10.454123 -0.704601 -0.360909 0.178721 3.680931
1 138.32404 -8.679268 -0.927653 -0.317278 -2.230232 -1.433625 3.367149 0.168641 2.569546 0.194977 0.583106 2.267499 0.186324 10.454123 -0.704601 -0.360909 0.178721 3.680931
1 138.32404 -8.679268 -0.927653 -0.317278 -2.230232 -1.433625 3.367149 0.168641 2.569546 0.194977 0.583106 2.267499 0.186324 10.454123 -0.704601 -0.360909 0.178721 3.680931
1 138.32404 -8.679268 -0.927653 -0.317278 -2.230232 -1.433625 3.367149 0.168641 2.569546 0.194977 0.583106 2.267499 0.186324 10.454123 -0.704601 -0.360909 0.178721 3.680931
1 138.32404 -8.679268 -0.927653 -0.317278 -2.230232 -1.433625 3.367149 0.168641 2.569546 0.194977 0.583106 2.267499 0.186324 10.454123 -0.704601 -0.360909 0.178721 3.680931
1 138.32404 -8.679268 -0.927653 -0.317278 -2.230232 -1.433625 3.367149 0.168641 2.569546 0.194977 0.583106 2.267499 0.186324 10.454123 -0.704601 -0.360909 0.178721 3.680931
1 138.32404 -8.679268 -0.927653 -0.317278 -2.230232 -1.433625 3.367149 0.168641 2.569546 0.194977 0.583106 2.267499 0.186324 10.454123 -0.704601 -0.360909 0.178721 3.680931
1 138.32404 -8.679268 -0.927653 -0.317278 -2.230232 -1.433625 3.367149 0.168641 2.569546 0.194977 0.583106 2.267499 0.186324 10.454123 -0.704601 -0.360909 0.178721 3.680931
1 138.32404 -8.679268 -0.927653 -0.317278 -2.230232 -1.433625 3.367149 0.168641 2.569546 0.194977 0.583106 2.267499 0.186324 10.454123 -0.704601 -0.360909 0.178721 3.680931
1 138.32404 -8.679268 -0.927653 -0.317278 -2.230232 -1.433625 3.367149 0.168641 2.569546 0.194977 0.583106 2.267499 0.186324 10.454123 -0.704601 -0.360909 0.178721 3.680931
1 138.32404 -8.679268 -0.927653 -0.317278 -2.230232 -1.433625 3.367149 0.168641 2.569546 0.194977 0.583106 2.267499 0.186324 10.454123 -0.704601 -0.360909 0.178721 3.680931
1 138.32404 -8.679268 -0.927653 -0.317278 -2.230232 -1.433625 3.367149 0.168641 2.569546 0.194977 0.583106 2.267499 0.186324 10.454123 -0.704601 -0.360909 0.178721 3.680931
1 138.32404 -8.679268 -0.927653 -0.317278 -2.230232 -1.433625 3.367149 0.168641 2.569546 0.194977 0.583106 2.267499 0.186324 10.454123 -0.704601 -0.360909 0.178721 3.680931
1 138.32404 -8.679268 -0.927653 -0.317278 -2.230232 -1.433625 3.367149 0.168641 2.569546 0.194977 0.583106 2.267499 0.186324 10.454123 -0.704601 -0.360909 0.178721 3.680931
1 138.32404 -8.679268 -0.927653 -0.317278 -2.230232 -1.433625 3.367149 0.168641 2.569546 0.194977 0.583106 2.267499 0.186324 10.454123 -0.704601 -0.360909 0.178721 3.680931
1 138.32404 -8.679268 -0.927653 -0.317278 -2.230232 -1.433625 3.367149 0.168641 2.569546 0.194977 0.583106 2.267499 0.186324 10.454123 -0.704601 -0.360909 0.178721 3.680931
1 138.32404 -8.679268 -0.927653 -0.317278 -2.230232 -1.433625 3.367149 0.168641 2.569546 0.194977 0.583106 2.267499 0.186324 10.454123 -0.704601 -0.360909 0.178721 3.680931
1 138.32404 -8.679268 -0.927653 -0.317278 -2.230232 -1.433625 3.367149 0.168641 2.569546 0.194977 0.583106 2.267499 0.186324 10.454123 -0.704601 -0.360909 0.178721 3.680931
1 138.32404 -8.679268 -0.927653 -0.317278 -2.230232 -1.433625 3.367149 0.168641 2.569546 0.194977 0.583106 2.267499 0.186324 10.454123 -0.704601 -0.360909 0.178721 3.680931
1 138.32404 -8.679268 -0.927653 -0.317278 -2.230232 -1.433625 3.367149 0.168641 2.569546 0.194977 0.583106 2.267499 0.186324 10.454123 -0.704601 -0.360909 0.178721 3.680931
1 138.32404 -8.679268 -0.927653 -0.317278 -2.230232 -1.433625 3.367149 0.168641 2.569546 0.194977 0.583106 2.267499 0.186324 10.454123 -0.704601 -0.360909 0.178721 3.680931
1 138.32404 -8.679268 -0.927653 -0.317278 -2.230232 -1.433625 3.367149 0.168641 2.569546 0.194977 0.583106 2.267499 0.186324 10.454123 -0.704601 -0.360909 0.178721 3.680931
1 138.32404 -8.679268 -0.927653 -0.317278 -2.230232 -1.433625 3.367149 0.168641 2.569546 0.194977 0.583106 2.267499 0.186324 10.454123 -0.704601 -0.360909 0.178721 3.680931
1 138.32404 -8.679268 -0.927653 -0.317278 -2.230232 -1.433625 3.367149 0.168641 2.569546 0.194977 0.583106 2.267499 0.186324 10.454123 -0.704601 -0.360909 0.178721 3.680931
1 138.32404 -8.679268 -0.927653 -0.317278 -2.230232 -1.433625 3.367149 0.168641 2.569546 0.194977 0.583106 2.267499 0.186324 10.454123 -0.704601 -0.360909 0.178721 3.680931
1 138.32404 -8.679268 -0.927653 -0.317278 -2.230232 -1.433625 3.367149 0.168641 2.569546 0.194977 0.583106 2.267499 0.186324 10.454123 -0.704601 -0.360909 0.178721 3.680931
1 138.32404 -8.679268 -0.927653 -0.317278 -2.230232 -1.433625 3.367149 0.168641 2.569546 0.194977 0.583106 2.267499 0.186324 10.454123 -0.704601 -0.360909 0.178721 3.680931
1 138.32404 -8.679268 -0.927653 -0.317278 -2.230232 -1.433625 3.367149 0.168641 2.569546 0.194977 0.583106 2.267499 0.186324 10.454123 -0.704601 -0.360909 0.178721 3.680931
1 138.32404 -8.679268 -0.927653 -0.317278 -2.230232 -1.433625 3.367149 0.168641 2.569546 0.194977 0.583106 2.267499 0.186324 10.454123 -0.704601 -0.360909 0.178721 3.680931
1 138.32404 -8.679268 -0.927653 -0.317278 -2.230232 -1.433625 3.367149 0.168641 2.569546 0.194977 0.583106 2.267499 0.186324 10.454123 -0.704601 -0.360909 0.178721 3.680931
1 138.32404 -8.679268 -0.927653 -0.317278 -2.230232 -1.433625 3.367149 0.168641 2.569546 0.194977 0.583106 2.267499 0.186324 10.454123 -0.704601 -0.360909 0.178721 3.680931
1 138.32404 -8.679268 -0.927653 -0.317278 -2.230232 -1.433625 3.367149 0.168641 2.569546 0.194977 0.583106 2.267499 0.186324 10.454123 -0.704601 -0.360909 0.178721 3.680931
1 138.32404 -8.679268 -0.927653 -0.317278 -2.230232 -1.433625 3.367149 0.168641 2.569546 0.194977 0.583106 2.267499 0.186324 10.454123 -0.704601 -0.360909 0.178721 3.680931
1 138.32404 -8.679268 -0.927653 -0.317278 -2.230232 -1.433625 3.367149 0.168641 2.569546 0.194977 0.583106 2.267499 0.186324 10.454123 -0.704601 -0.360909 0.178721 3.680931
1 138.32404 -8.679268 -0.927653 -0.317278 -2.230232 -1.433625 3.367149 0.168641 2.569546 0.194977 0.583106 2.267499 0.186324 10.454123 -0.704601 -0.360909 0.178721 3.680931
1 138.32404 -8.679268 -0.927653 -0.317278 -2.230232 -1.433625 3.367149 0.168641 2.569546 0.194977 0.583106 2.267499 0.186324 10.454123 -0.704601 -0.360909 0.178721 3.680931
1 138.32404 -8.679268 -0.927653 -0.317278 -2.230232 -1.433625 3.367149 0.168641 2.569546 0.194977 0.583106 2.267499 0.186324 10.454123 -0.704601 -0.360909 0.178721 3.680931
1 138.32404 -8.679268 -0.927653 -0.317278 -2.230232 -1.433625 3.367149 0.168641 2.569546 0.194977 0.583106 2.267499 0.186324 10.454123 -0.704601 -0.360909 0.178721 3.680931
1 138.32404 -8.679268 -0.927653 -0.317278 -2.230232 -1.433625 3.367149 0.168641 2.569546 0.194977 0.583106 2.267499 0.186324 10.454123 -0.704601 -0.360909 0.178721 3.680931
1 138.32404 -8.679268 -0.927653 -0.317278 -2.230232 -1.433625 3.367149 0.168641 2.569546 0.194977 0.583106 2.267499 0.186324 10.454123 -0.704601 -0.360909 0.178721 3.680931
1 138.32404 -8.679268 -0.927653 -0.317278 -2.230232 -1.433625 3.367149 0.168641 2.569546 0.194977 0.583106 2.267499 0.186324 10.454123 -0.704601 -0.360909 0.178721 3.680931
1 138.32404 -8.679268 -0.927653 -0.317278 -2.230232 -1.433625 3.367149 0.168641 2.569546 0.194977 0.583106 2.267499 0.186324 10.454123 -0.704601 -0.360909 0.178721 3.680931
1 138.32404 -8.679268 -0.927653 -0.317278 -2.230232 -1.433625 3.367149 0.168641 2.569546 0.194977 0.583106 2.267499 0.186324 10.454123 -0.704601 -0.360909 0.178721 3.680931
1 138.32404 -8.679268 -0.927653 -0.317278 -2.230232 -1.433625 3.367149 0.168641 2.569546 0.194977 0.583106 2.267499 0.186324 10.454123 -0.704601 -0.360909 0.178721 3.680931
1 138.32404 -8.679268 -0.927653 -0.317278 -2.230232 -1.433625 3.367149 0.168641 2.569546 0.194977 0.583106 2.267499 0.186324 10.454123 -0.704601 -0.360909 0.178721 3.680931
1 138.32404 -8.679268 -0.927653 -0.317278 -2.230232 -1.433625 3.367149 0.168641 2.569546 0.194977 0.583106 2.267499 0.186324 10.454123 -0.704601 -0.360909 0.178721 3.680931
1 138.32404 -8.679268 -0.927653 -0.317278 -2.230232 -1.433625 3.367149 0.168641 2.569546 0.194977 0.583106 2.267499 0.186324 10.454123 -0.704601 -0.360909 0.178721 3.680931
1 138.32404 -8.679268 -0.927653 -0.317278 -2.230232 -1.433625 3.367149 0.168641 2.569546 0.194977 0.583106 2.267499 0.186324 10.454123 -0.704601 -0.360909 0.178721 3.680931
1 138.32404 -8.679268 -0.927653 -0.317278 -2.230232 -1.433625 3.367149 0.168641 2.569546 0.194977 0.583106 2.267499 0.186324 10.454123 -0.704601 -0.360909 0.178721 3.680931
1 138.32404 -8.679268 -0.927653 -0.317278 -2.230232 -1.433625 3.367149 0.168641 2.569546 0.194977 0.583106 2.267499 0.186324 10.454123 -0.704601 -0.360909 0.178721 3.680931
1 138.32404 -8.679268 -0.927653 -0.317278 -2.230232 -1.433625 3.367149 0.168641 2.569546 0.194977 0.583106 2.267499 0.186324 10.454123 -0.704601 -0.360909 0.178721 3.680931
1 138.32404 -8.679268 -0.927653 -0.317278 -2.230232 -1.433625 3.367149 0.168641 2.569546 0.194977 0.583106 2.267499 0.186324 10.454123 -0.704601 -0.360909 0.178721 3.680931
1 138.32404 -8.679268 -0.927653 -0.317278 -2.230232 -1.433625 3.367149 0.168641 2.569546 0.194977 0.583106 2.267499 0.186324 10.454123 -0.704601 -0.360909 0.178721 3.680931
1 138.32404 -8.679268 -0.927653 -0.317278 -2.230232 -1.433625 3.367149 0.168641 2.569546 0.194977 0.583106 2.267499 0.186324 10.454123 -0.704601 -0.360909 0.178721 3.680931
1 138.32404 -8.679268 -0.927653 -0.317278 -2.230232 -1.433625 3.367149 0.168641 2.569546 0.194977 0.583106 2.267499 0.186324 10.454123 -0.704601 -0.360909 0.178721 3.680931
1 138.32404 -8.679268 -0.927653 -0.317278 -2.230232 -1.433625 3.367149 0.168641 2.569546 0.194977 0.583106 2.267499 0.186324 10.454123 -0.704601 -0.360909 0.178721 3.680931
1 138.32404 -8.679268 -0.927653 -0.317278 -2.230232 -1.433625 3.367149 0.168641 2.569546 0.194977 0.583106 2.267499 0.186324 10.454123 -0.704601 -0.360909 0.178721 3.680931
1 138.32404 -8.679268 -0.927653 -0.317278 -2.230232 -1.433625 3.367149 0.168641 2.569546 0.194977 0.583106 2.267499 0.186324 10.454123 -0.704601 -0.360909 0.178721 3.680931
1 138.32404 -8.679268 -0.927653 -0.317278 -2.230232 -1.433625 3.367149 0.168641 2.569546 0.194977 0.583106 2.267499 0.186324 10.454123 -0.704601 -0.360909 0.178721 3.680931
1 138.32404 -8.679268 -0.927653 -0.317278 -2.230232 -1.433625 3.367149 0.168641 2.569546 0.194977 0.583106 2.267499 0.186324 10.454123 -0.704601 -0.360909 0.178721 3.680931
1 138.32404 -8.679268 -0.927653 -0.317278 -2.230232 -1.433625 3.367149 0.168641 2.569546 0.194977 0.583106 2.267499 0.186324 10.454123 -0.704601 -0.360909 0.178721 3.680931
1 138.32404 -8.679268 -0.927653 -0.317278 -2.230232 -1.433625 3.367149 0.168641 2.569546 0.194977 0.583106 2.267499 0.186324 10.454123 -0.704601 -0.360909 0.178721 3.680931
1 138.32404 -8.679268 -0.927653 -0.317278 -2.230232 -1.433625 3.367149 0.168641 2.569546 0.194977 0.583106 2.267499 0.186324 10.454123 -0.704601 -0.360909 0.178721 3.680931
1 138.32404 -8.679268 -0.927653 -0.317278 -2.230232 -1.433625 3.367149 0.168641 2.569546 0.194977 0.583106 2.267499 0.186324 10.454123 -0.704601 -0.360909 0.178721 3.680931
1 138.32404 -8.679268 -0.927653 -0.317278 -2.230232 -1.433625 3.367149 0.168641 2.569546 0.194977 0.583106 2.267499 0.186324 10.454123 -0.704601 -0.360909 0.178721 3.680931
1 138.32404 -8.679268 -0.927653 -0.317278 -2.230232 -1.433625 3.367149 0.168641 2.569546 0.194977 0.583106 2.267499 0.186324 10.454123 -0.704601 -0.360909 0.178721 3.680931
1 138.32404 -8.679268 -0.927653 -0.317278 -2.230232 -1.433625 3.367149 0.168641 2.569546 0.194977 0.583106 2.267499 0.186324 10.454123 -0.704601 -0.360909 0.178721 3.680931
1 138.32404 -8.679268 -0.927653 -0.317278 -2.230232 -1.433625 3.367149 0.168641 2.569546 0.194977 0.583106 2.267499 0.186324 10.454123 -0.704601 -0.360909 0.178721 3.680931
1 138.32404 -8.679268 -0.927653 -0.317278 -2.230232 -1.433625 3.367149 0.168641 2.569546 0.194977 0.583106 2.267499 0.186324 10.454123 -0.704601 -0.360909 0.178721 3.680931
1 138.32404 -8.679268 -0.927653 -0.317278 -2.230232 -1.433625 3.367149 0.168641 2.569546 0.194977 0.583106 2.267499 0.186324 10.454123 -0.704601 -0.360909 0.178721 3.680931
1 138.32404 -8.679268 -0.927653 -0.317278 -2.230232 -1.433625 3.367149 0.168641 2.569546 0.194977 0.583106 2.267499 0.186324 10.454123 -0.704601 -0.360909 0.178721 3.680931
1 138.32404 -8.679268 -0.927653 -0.317278 -2.230232 -1.433625 3.367149 0.168641 2.569546 0.194977 0.583106 2.267499 0.186324 10.454123 -0.704601 -0.360909 0.178721 3.680931
1 138.32404 -8.679268 -0.927653 -0.317278 -2.230232 -1.433625 3.367149 0.168641 2.569546 0.194977 0.583106 2.267499 0.186324 10.454123 -0.704601 -0.360909 0.178721 3.680931
1 138.32404 -8.679268 -0.927653 -0.317278 -2.230232 -1.433625 3.367149 0.168641 2.569546 0.194977 0.583106 2.267499 0.186324 10.454123 -0.704601 -0.360909 0.178721 3.680931
1 138.32404 -8.679268 -0.927653 -0.317278 -2.230232 -1.433625 3.367149 0.168641 2.569546 0.194977 0.583106 2.267499 0.186324 10.454123 -0.704601 -0.360909 0.178721 3.680931
1 138.32404 -8.679268 -0.927653 -0.317278 -2.230232 -1.433625 3.367149 0.168641 2.569546 0.194977 0.583106 2.267499 0.186324 10.454123 -0.704601 -0.360909 0.178721 3.680931
1 138.32404 -8.679268 -0.927653 -0.317278 -2.230232 -1.433625 3.367149 0.168641 2.569546 0.194977 0.583106 2.267499 0.186324 10.454123 -0.704601 -0.360909 0.178721 3.680931
1 138.32404 -8.679268 -0.927653 -0.317278 -2.230232 -1.433625 3.367149 0.168641 2.569546 0.194977 0.583106 2.267499 0.186324 10.454123 -0.704601 -0.360909 0.178721 3.680931
1 138.32404 -8.679268 -0.927653 -0.317278 -2.230232 -1.433625 3.367149 0.168641 2.569546 0.194977 0.583106 2.267499 0.186324 10.454123 -0.704601 -0.360909 0.178721 3.680931
1 138.32404 -8.679268 -0.927653 -0.317278 -2.230232 -1.433625 3.367149 0.168641 2.569546 0.194977 0.583106 2.267499 0.186324 10.454123 -0.704601 -0.360909 0.178721 3.680931
1 138.32404 -8.679268 -0.927653 -0.317278 -2.230232 -1.433625 3.367149 0.168641 2.569546 0.194977 0.583106 2.267499 0.186324 10.454123 -0.704601 -0.360909 0.178721 3.680931
1 138.32404 -8.679268 -0.927653 -0.317278 -2.230232 -1.433625 3.367149 0.168641 2.569546 0.194977 0.583106 2.267499 0.186324 10.454123 -0.704601 -0.360909 0.178721 3.680931
1 138.32404 -8.679268 -0.927653 -0.317278 -2.230232 -1.433625 3.367149 0.168641 2.569546 0.194977 0.583106 2.267499 0.186324 10.454123 -0.704601 -0.360909 0.178721 3.680931
1 138.32404 -8.679268 -0.927653 -0.317278 -2.230232 -1.433625 3.367149 0.168641 2.569546 0.194977 0.583106 2.267499 0.186324 10.454123 -0.704601 -0.360909 0.178721 3.680931
1 138.32404 -8.679268 -0.927653 -0.317278 -2.230232 -1.433625 3.367149 0.168641 2.569546 0.194977 0.583106 2.267499 0.186324 10.454123 -0.704601 -0.360909 0.178721 3.680931
1 138.32404 -8.679268 -0.927653 -0.317278 -2.230232 -1.433625 3.367149 0.168641 2.569546 0.194977 0.583106 2.267499 0.186324 10.454123 -0.704601 -0.360909 0.178721 3.680931
1 138.32404 -8.679268 -0.927653 -0.317278 -2.230232 -1.433625 3.367149 0.168641 2.569546 0.194977 0.583106 2.267499 0.186324 10.454123 -0.704601 -0.360909 0.178721 3.680931
1 138.32404 -8.679268 -0.927653 -0.317278 -2.230232 -1.433625 3.367149 0.168641 2.569546 0.194977 0.583106 2.267499 0.186324 10.454123 -0.704601 -0.360909 0.178721 3.680931
1 138.32404 -8.679268 -0.927653 -0.317278 -2.230232 -1.433625 3.367149 0.168641 2.569546 0.194977 0.583106 2.267499 0.186324 10.454123 -0.704601 -0.360909 0.178721 3.680931
1 138.32404 -8.679268 -0.927653 -0.317278 -2.230232 -1.433625 3.367149 0.168641 2.569546 0.194977 0.583106 2.267499 0.186324 10.454123 -0.704601 -0.360909 0.178721 3.680931
1 138.32404 -8.679268 -0.927653 -0.317278 -2.230232 -1.433625 3.367149 0.168641 2.569546 0.194977 0.583106 2.267499 0.186324 10.454123 -0.704601 -0.360909 0.178721 3.680931
1 138.32404 -8.679268 -0.927653 -0.317278 -2.230232 -1.433625 3.367149 0.168641 2.569546 0.194977 0.583106 2.267499 0.186324 10.454123 -0.704601 -0.360909 0.178721 3.680931
1 138.32404 -8.679268 -0.927653 -0.317278 -2.230232 -1.433625 3.367149 0.168641 2.569546 0.194977 0.583106 2.267499 0.186324 10.454123 -0.704601 -0.360909 0.178721 3.680931
1 138.32404 -8.679268 -0.927653 -0.317278 -2.230232 -1.433625 3.367149 0.168641 2.569546 0.194977 0.583106 2.267499 0.186324 10.454123 -0.704601 -0.360909 0.178721 3.680931
1 138.32404 -8.679268 -0.927653 -0.317278 -2.230232 -1.433625 3.367149 0.168641 2.569546 0.194977 0.583106 2.267499 0.186324 10.454123 -0.704601 -0.360909 0.178721 3.680931
1 138.32404 -8.679268 -0.927653 -0.317278 -2.230232 -1.433625 3.367149 0.168641 2.569546 0.194977 0.583106 2.267499 0.186324 10.454123 -0.704601 -0.360909 0.178721 3.680931
1 138.32404 -8.679268 -0.927653 -0.317278 -2.230232 -1.433625 3.367149 0.168641 2.569546 0.194977 0.583106 2.267499 0.186324 10.454123 -0.704601 -0.360909 0.178721 3.680931
1 138.32404 -8.679268 -0.927653 -0.317278 -2.230232 -1.433625 3.367149 0.168641 2.569546 0.194977 0.583106 2.267499 0.186324 10.454123 -0.704601 -0.360909 0.178721 3.680931
1 138.32404 -8.679268 -0.927653 -0.317278 -2.230232 -1.433625 3.367149 0.168641 2.569546 0.194977 0.583106 2.267499 0.186324 10.454123 -0.704601 -0.360909 0.178721 3.680931
1 138.32404 -8.679268 -0.927653 -0.317278 -2.230232 -1.433625 3.367149 0.168641 2.569546 0.194977 0.583106 2.267499 0.186324 10.454123 -0.704601 -0.360909 0.178721 3.680931
1 138.32404 -8.679268 -0.927653 -0.317278 -2.230232 -1.433625 3.367149 0.168641 2.569546 0.194977 0.583106 2.267499 0.186324 10.454123 -0.704601 -0.360909 0.178721 3.680931
1 138.32404 -8.679268 -0.927653 -0.317278 -2.230232 -1.433625 3.367149 0.168641 2.569546 0.194977 0.583106 2.267499 0.186324 10.454123 -0.704601 -0.360909 0.178721 3.680931
1 138.32404 -8.679268 -0.927653 -0.317278 -2.230232 -1.433625 3.367149 0.168641 2.569546 0.194977 0.583106 2.267499 0.186324 10.454123 -0.704601 -0.360909 0.178721 3.680931
1 138.32404 -8.679268 -0.927653 -0.317278 -2.230232 -1.433625 3.367149 0.168641 2.569546 0.194977 0.583106 2.267499 0.186324 10.454123 -0.704601 -0.360909 0.178721 3.680931
1 138.32404 -8.679268 -0.927653 -0.317278 -2.230232 -1.433625 3.367149 0.168641 2.569546 0.194977 0.583106 2.267499 0.186324 10.454123 -0.704601 -0.360909 0.178721 3.680931
1 138.32404 -8.679268 -0.927653 -0.317278 -2.230232 -1.433625 3.367149 0.168641 2.569546 0.194977 0.583106 2.267499 0.186324 10.454123 -0.704601 -0.360909 0.178721 3.680931
1 138.32404 -8.679268 -0.927653 -0.317278 -2.230232 -1.433625 3.367149 0.168641 2.569546 0.194977 0.583106 2.267499 0.186324 10.454123 -0.704601 -0.360909 0.178721 3.680931
1 138.32404 -8.679268 -0.927653 -0.317278 -2.230232 -1.433625 3.367149 0.168641 2.569546 0.194977 0.583106 2.267499 0.186324 10.454123 -0.704601 -0.360909 0.178721 3.680931
1 138.32404 -8.679268 -0.927653 -0.317278 -2.230232 -1.433625 3.367149 0.168641 2.569546 0.194977 0.583106 2.267499 0.186324 10.454123 -0.704601 -0.360909 0.178721 3.680931
1 138.32404 -8.679268 -0.927653 -0.317278 -2.230232 -1.433625 3.367149 0.168641 2.569546 0.194977 0.583106 2.267499 0.186324 10.454123 -0.704601 -0.360909 0.178721 3.680931
1 138.32404 -8.679268 -0.927653 -0.317278 -2.230232 -1.433625 3.367149 0.168641 2.569546 0.194977 0.583106 2.267499 0.186324 10.454123 -0.704601 -0.360909 0.178721 3.680931
1 138.32404 -8.679268 -0.927653 -0.317278 -2.230232 -1.433625 3.367149 0.168641 2.569546 0.194977 0.583106 2.267499 0.186324 10.454123 -0.704601 -0.360909 0.178721 3.680931
1 138.32404 -8.679268 -0.927653 -0.317278 -2.230232 -1.433625 3.367149 0.168641 2.569546 0.194977 0.583106 2.267499 0.186324 10.454123 -0.704601 -0.360909 0.178721 3.680931
1 138.32404 -8.679268 -0.927653 -0.317278 -2.230232 -1.433625 3.367149 0.168641 2.569546 0.194977 0.583106 2.267499 0.186324 10.454123 -0.704601 -0.360909 0.178721 3.680931
1 138.32404 -8.679268 -0.927653 -0.317278 -2.230232 -1.433625 3.367149 0.168641 2.569546 0.194977 0.583106 2.267499 0.186324 10.454123 -0.704601 -0.360909 0.178721 3.680931
1 138.32404 -8.679268 -0.927653 -0.317278 -2.230232 -1.433625 3.367149 0.168641 2.569546 0.194977 0.583106 2.267499 0.186324 10.454123 -0.704601 -0.360909 0.178721 3.680931
1 138.32404 -8.679268 -0.927653 -0.317278 -2.230232 -1.433625 3.367149 0.168641 2.569546 0.194977 0.583106 2.267499 0.186324 10.454123 -0.704601 -0.360909 0.178721 3.680931
1 138.32404 -8.679268 -0.927653 -0.317278 -2.230232 -1.433625 3.367149 0.168641 2.569546 0.194977 0.583106 2.267499 0.186324 10.454123 -0.704601 -0.360909 0.178721 3.680931
1 138.32404 -8.679268 -0.927653 -0.317278 -2.230232 -1.433625 3.367149 0.168641 2.569546 0.194977 0.583106 2.267499 0.186324 10.454123 -0.704601 -0.360909 0.178721 3.680931
