1 inf -8.235826 -0.594971 0.140223 -2.139712 -1.082391 3.165245 0.403904 2.047005 -0.410188 0.666131 0.992552 0.014119 11.071868 -0.477711 -0.320294 0.372326 3.594247
1 inf -8.212910 -0.552245 0.135946 -2.141103 -1.139317 3.150391 0.407951 2.062341 -0.401757 0.702594 0.986066 0.028280 11.081877 -0.499704 -0.327934 0.375700 3.608167
1 inf -8.174370 -0.560035 0.092823 -2.132391 -1.160788 3.152320 0.387628 2.023071 -0.424135 0.717162 1.001485 0.016389 11.104880 -0.491913 -0.343965 0.381478 3.586529
1 inf -8.197310 -0.559737 0.104505 -2.157877 -1.142373 3.161936 0.377052 2.051319 -0.423708 0.751072 0.999234 0.003419 11.143975 -0.487440 -0.335040 0.400906 3.579790
1 inf -8.180570 -0.583139 0.106112 -2.200657 -1.181748 3.172926 0.385481 2.064374 -0.389072 0.729303 0.984148 0.008518 11.147055 -0.447274 -0.303797 0.382846 3.613686
1 inf -8.157183 -0.614726 0.107694 -2.222634 -1.208963 3.170721 0.392301 2.073541 -0.332517 0.736585 0.968617 -0.013281 11.179359 -0.439827 -0.313068 0.376962 3.639464
1 inf -8.176753 -0.619560 0.098750 -2.247921 -1.214235 3.151711 0.370737 2.055946 -0.328653 0.718375 0.976000 0.008577 11.210219 -0.446276 -0.317333 0.368251 3.625140
1 inf -8.173169 -0.654717 0.108441 -2.275099 -1.205960 3.128234 0.356204 2.081165 -0.358617 0.715140 1.004010 0.039688 11.207528 -0.422364 -0.294215 0.371086 3.615538
1 inf -8.153044 -0.632402 0.144199 -2.271050 -1.193447 3.130346 0.340212 2.133692 -0.358038 0.707423 0.962322 0.068539 11.225030 -0.396429 -0.299764 0.360323 3.638107
1 inf -8.166728 -0.639816 0.149522 -2.249873 -1.189129 3.121074 0.355456 2.155266 -0.353979 0.695995 0.956141 0.075959 11.173413 -0.443398 -0.308296 0.336187 3.598693
1 inf -8.167401 -0.658790 0.159315 -2.271433 -1.199316 3.124283 0.340432 2.152199 -0.358314 0.699620 0.933315 0.091897 11.177298 -0.465108 -0.284532 0.337609 3.609855
1 inf -8.202991 -0.695169 0.163959 -2.263927 -1.185034 3.123353 0.323053 2.119973 -0.385476 0.732759 0.915204 0.097915 11.155136 -0.486081 -0.280456 0.368187 3.611785
1 inf -8.211138 -0.711486 0.189949 -2.237931 -1.148816 3.164623 0.296054 2.114308 -0.413370 0.737988 0.936179 0.094295 11.148934 -0.492877 -0.302022 0.338773 3.617284
1 inf -8.189769 -0.665800 0.210134 -2.196208 -1.163666 3.157359 0.284599 2.082306 -0.423627 0.721771 0.904681 0.067116 11.156769 -0.472593 -0.312714 0.341462 3.588909
1 inf -8.187425 -0.622936 0.214910 -2.208061 -1.122179 3.158876 0.295555 2.046118 -0.410869 0.719093 0.875453 0.110179 11.162968 -0.471387 -0.336837 0.377158 3.601828
1 inf -8.139116 -0.614877 0.204179 -2.219263 -1.122734 3.169032 0.321931 2.048778 -0.406444 0.733449 0.856067 0.145110 11.178351 -0.488043 -0.363701 0.382779 3.594740
1 inf -8.145640 -0.592164 0.239160 -2.223744 -1.129731 3.182921 0.331003 2.029965 -0.416186 0.746236 0.855378 0.185974 11.175158 -0.511521 -0.350318 0.405790 3.603123
1 inf -8.123680 -0.558636 0.215438 -2.172383 -1.124368 3.187973 0.302448 2.050110 -0.416125 0.710112 0.862928 0.182827 11.186872 -0.529711 -0.357742 0.405668 3.609862
1 inf -8.141264 -0.574367 0.187207 -2.183012 -1.135617 3.151961 0.360474 2.027678 -0.425588 0.725632 0.884942 0.166254 11.198075 -0.533473 -0.369915 0.377657 3.647951
1 inf -8.105436 -0.543651 0.210200 -2.190533 -1.146522 3.157131 0.357812 2.003257 -0.400823 0.745805 0.891673 0.138152 11.148273 -0.497146 -0.370470 0.390252 3.642289
1 inf -8.138402 -0.567520 0.202267 -2.197650 -1.172321 3.148842 0.379747 2.000260 -0.404679 0.737648 0.919509 0.127067 11.122384 -0.509915 -0.382567 0.373264 3.625535
1 inf -8.112996 -0.562852 0.182006 -2.201818 -1.193046 3.149059 0.369281 1.953918 -0.394539 0.725074 0.913516 0.104698 11.157477 -0.500801 -0.343915 0.393070 3.629040
1 inf -8.098966 -0.583485 0.204509 -2.185267 -1.162397 3.134487 0.364879 1.959878 -0.388058 0.703761 0.919099 0.116906 11.173656 -0.513260 -0.362323 0.388794 3.604836
1 inf -8.064638 -0.585192 0.211496 -2.182094 -1.173225 3.169901 0.405647 1.976142 -0.388496 0.706692 0.883965 0.127432 11.187746 -0.465451 -0.375299 0.377287 3.586282
1 inf -8.045277 -0.524402 0.253862 -2.196961 -1.195615 3.168344 0.417462 1.971851 -0.368576 0.733767 0.937734 0.118625 11.191706 -0.494589 -0.384046 0.371876 3.562967
1 inf -8.063112 -0.548801 0.217748 -2.161379 -1.196539 3.132799 0.389167 1.984539 -0.363608 0.743252 1.007601 0.096491 11.202847 -0.500948 -0.378177 0.370778 3.560923
1 inf -8.094743 -0.536615 0.242220 -2.138013 -1.207575 3.106773 0.409899 1.942104 -0.358487 0.758607 1.001375 0.105774 11.169858 -0.533356 -0.403997 0.381602 3.561839
1 inf -8.075717 -0.534285 0.236622 -2.144858 -1.197576 3.116632 0.398312 1.930325 -0.351804 0.754362 1.004108 0.076467 11.204284 -0.544886 -0.390955 0.368974 3.563547
1 inf -8.115553 -0.544374 0.229071 -2.132557 -1.230923 3.105156 0.424242 1.957781 -0.342505 0.731384 0.966113 0.082421 11.162724 -0.565093 -0.377608 0.374779 3.573810
1 inf -8.156387 -0.515107 0.274857 -2.139712 -1.220119 3.100085 0.421908 1.972499 -0.275532 0.749645 0.973183 0.045731 11.178863 -0.533479 -0.403763 0.338687 3.564266
1 inf -8.158213 -0.515302 0.298383 -2.142550 -1.185207 3.127958 0.422655 1.997363 -0.298542 0.763182 0.945343 0.093957 11.184085 -0.526669 -0.383311 0.329281 3.556680
1 inf -8.149707 -0.527189 0.274890 -2.121666 -1.201158 3.105101 0.434557 2.006875 -0.315529 0.785318 0.914365 0.100110 11.187927 -0.518446 -0.372622 0.353703 3.580672
1 inf -8.161263 -0.483538 0.274876 -2.043879 -1.163833 3.115326 0.467346 2.001241 -0.296488 0.806099 0.893968 0.089083 11.194425 -0.532295 -0.367455 0.375762 3.566248
1 inf -8.121793 -0.500329 0.270857 -2.039138 -1.172018 3.122360 0.436670 2.014095 -0.303044 0.791947 0.892000 0.090101 11.209731 -0.563961 -0.339762 0.375654 3.522785
1 inf -8.117226 -0.546412 0.288165 -2.013928 -1.166006 3.126576 0.429311 1.987397 -0.277824 0.794344 0.890451 0.132991 11.204562 -0.576960 -0.332248 0.368174 3.476919
1 inf -8.110309 -0.558876 0.272832 -1.987789 -1.165461 3.163279 0.396219 1.964208 -0.312938 0.821297 0.906367 0.096972 11.217976 -0.586699 -0.303096 0.368295 3.473685
1 inf -8.099808 -0.564615 0.237806 -1.991721 -1.178556 3.160944 0.371894 1.939954 -0.351756 0.827705 0.910919 0.108404 11.190863 -0.610571 -0.294971 0.342707 3.452027
1 inf -8.123883 -0.569157 0.223138 -1.982981 -1.192303 3.144307 0.383024 1.907478 -0.327359 0.824724 0.944732 0.105080 11.202677 -0.644917 -0.245186 0.380498 3.465126
1 inf -8.158175 -0.551704 0.229732 -1.955792 -1.169837 3.155063 0.406192 1.909838 -0.353233 0.817976 0.932693 0.109570 11.203838 -0.634302 -0.242718 0.362855 3.452968
1 inf -8.158736 -0.563001 0.192213 -1.960537 -1.185432 3.136124 0.375981 1.895231 -0.349133 0.824901 0.946627 0.128494 11.204852 -0.611508 -0.248863 0.344338 3.459614
1 inf -8.176652 -0.548120 0.213665 -1.967099 -1.163479 3.129818 0.388538 1.911382 -0.374616 0.846895 0.921115 0.129177 11.186631 -0.633346 -0.227254 0.344961 3.477435
1 inf -8.173023 -0.563937 0.227228 -1.978701 -1.178889 3.115017 0.406013 1.921633 -0.400459 0.846006 0.938429 0.121432 11.172971 -0.612307 -0.221642 0.337301 3.505603
1 inf -8.166674 -0.544571 0.235686 -2.011877 -1.226766 3.118255 0.433176 1.925084 -0.418661 0.841001 0.953509 0.125010 11.215066 -0.623232 -0.211187 0.341393 3.459490
1 inf -8.136718 -0.554811 0.215753 -1.999974 -1.234523 3.140454 0.418664 1.936613 -0.440882 0.820320 0.942742 0.146431 11.188108 -0.621456 -0.200360 0.338493 3.474378
1 inf -8.140592 -0.568085 0.220671 -1.997278 -1.255944 3.161602 0.417243 1.947628 -0.443985 0.820230 0.952138 0.130508 11.196972 -0.604359 -0.173499 0.335432 3.506009
1 inf -8.127221 -0.542508 0.237565 -2.013345 -1.239334 3.180414 0.408785 1.950215 -0.436704 0.837975 0.951150 0.152979 11.166771 -0.598147 -0.149162 0.327736 3.483837
1 inf -8.122543 -0.552645 0.228955 -2.026318 -1.209266 3.171600 0.443509 1.938398 -0.434013 0.822023 0.937330 0.141101 11.183745 -0.592812 -0.143911 0.317830 3.477878
1 inf -8.165146 -0.520669 0.221574 -1.998462 -1.226102 3.156837 0.469910 1.951117 -0.446854 0.819256 0.941995 0.169008 11.181673 -0.594531 -0.143162 0.311011 3.456664
1 inf -8.203417 -0.505703 0.227762 -2.011545 -1.247879 3.137314 0.474331 1.962064 -0.447191 0.812659 0.912587 0.142388 11.199878 -0.610799 -0.151036 0.242302 3.404676
1 inf -8.164055 -0.501164 0.211468 -1.996534 -1.223686 3.143677 0.475564 1.964115 -0.426293 0.798255 0.907546 0.114314 11.217446 -0.593391 -0.178267 0.265716 3.421974
1 inf -8.187870 -0.482868 0.188585 -1.974032 -1.232351 3.139929 0.482306 1.954616 -0.418687 0.789646 0.904658 0.135849 11.210876 -0.586109 -0.187962 0.312143 3.395342
1 inf -8.174412 -0.495449 0.189314 -1.972558 -1.215615 3.156112 0.471078 1.969211 -0.448005 0.783493 0.886818 0.124347 11.196552 -0.581733 -0.169774 0.320932 3.390267
1 inf -8.210083 -0.475158 0.155942 -1.954649 -1.231515 3.163749 0.465344 1.980612 -0.449501 0.784409 0.895851 0.110744 11.229901 -0.596866 -0.143473 0.288549 3.409018
1 inf -8.212098 -0.477314 0.168250 -1.993937 -1.238970 3.166071 0.441005 1.969432 -0.431776 0.793862 0.927640 0.129984 11.232571 -0.645668 -0.137446 0.264613 3.397372
1 inf -8.207625 -0.455953 0.189708 -2.022863 -1.265651 3.167090 0.474428 1.997332 -0.484044 0.816758 0.921184 0.128227 11.233379 -0.632915 -0.100338 0.245164 3.394961
1 inf -8.193778 -0.436797 0.177745 -2.017092 -1.261019 3.162489 0.479075 1.984204 -0.443227 0.841589 0.925026 0.148013 11.274591 -0.639599 -0.082695 0.284230 3.414829
1 inf -8.180947 -0.402238 0.161399 -2.012388 -1.253457 3.163110 0.487786 1.998397 -0.448455 0.864891 0.897283 0.125146 11.322958 -0.654654 -0.043586 0.300222 3.382830
1 inf -8.178598 -0.382747 0.160393 -2.025814 -1.239691 3.159362 0.472814 1.997326 -0.469023 0.865226 0.926132 0.115960 11.305270 -0.621562 -0.062625 0.287890 3.343887
1 inf -8.171611 -0.393588 0.159526 -2.019203 -1.215725 3.195587 0.478520 2.000811 -0.469010 0.889260 0.922543 0.127556 11.326396 -0.585550 -0.035232 0.324144 3.366418
1 inf -8.204645 -0.387032 0.154141 -1.993438 -1.223992 3.218819 0.490910 1.992224 -0.452231 0.892464 0.930072 0.139479 11.290188 -0.562674 -0.049580 0.357518 3.349840
1 inf -8.232993 -0.414918 0.174432 -1.998350 -1.220265 3.248768 0.512481 2.012015 -0.448387 0.892762 0.953821 0.140159 11.270861 -0.590030 -0.058346 0.371180 3.355372
1 inf -8.223873 -0.373351 0.184677 -2.010882 -1.210618 3.242473 0.552963 2.036434 -0.420459 0.876136 0.940631 0.101826 11.275380 -0.616360 -0.073936 0.388407 3.364094
1 inf -8.217256 -0.389949 0.208893 -2.050539 -1.208440 3.247758 0.542122 2.032812 -0.413571 0.881934 0.953741 0.094450 11.261631 -0.618643 -0.071484 0.375489 3.346405
1 inf -8.231086 -0.386017 0.210270 -2.041999 -1.169542 3.239959 0.555149 2.007949 -0.435490 0.872176 0.954056 0.115056 11.294969 -0.628855 -0.077292 0.403672 3.371430
1 inf -8.223220 -0.403314 0.209992 -2.061869 -1.176387 3.237999 0.554817 2.036050 -0.475688 0.846094 0.990574 0.103851 11.263560 -0.615305 -0.111818 0.436702 3.325791
1 inf -8.227429 -0.399319 0.204772 -2.074657 -1.188470 3.248719 0.559937 2.033542 -0.452182 0.907732 0.967953 0.093365 11.282932 -0.582041 -0.114478 0.421941 3.321942
1 inf -8.247763 -0.382035 0.170913 -2.060661 -1.173805 3.231609 0.585503 2.060802 -0.447336 0.874821 0.979291 0.133292 11.278105 -0.601092 -0.133552 0.400213 3.330571
1 inf -8.238422 -0.364728 0.165810 -2.032192 -1.164620 3.239929 0.578099 2.060047 -0.476680 0.885257 1.016118 0.146678 11.274685 -0.563966 -0.138703 0.382357 3.332682
1 inf -8.235836 -0.366041 0.139155 -2.034143 -1.117382 3.227045 0.524089 2.045539 -0.470175 0.853255 1.010562 0.139202 11.279269 -0.540555 -0.104070 0.364636 3.345271
1 inf -8.248131 -0.373073 0.140039 -2.042434 -1.104489 3.206768 0.529189 2.053997 -0.504611 0.834077 1.020413 0.115152 11.302033 -0.522855 -0.069039 0.357818 3.313873
1 inf -8.267307 -0.390763 0.163243 -2.072037 -1.083932 3.214075 0.526241 2.055116 -0.513355 0.843672 1.031074 0.091592 11.279029 -0.544023 -0.095364 0.344088 3.360040
1 inf -8.301837 -0.389089 0.176234 -2.061269 -1.102489 3.260866 0.539611 2.048128 -0.491675 0.840233 1.016176 0.071731 11.262967 -0.557994 -0.090986 0.346954 3.342823
1 inf -8.291982 -0.376499 0.154130 -2.072747 -1.086073 3.240564 0.549114 2.104514 -0.496900 0.868316 0.995839 0.051783 11.213130 -0.543269 -0.079687 0.317264 3.356891
1 inf -8.273016 -0.381973 0.207390 -2.038754 -1.083726 3.229820 0.591462 2.095116 -0.497845 0.874067 1.018431 0.032099 11.234010 -0.531796 -0.055086 0.315453 3.330596
1 inf -8.253954 -0.369060 0.183389 -2.043981 -1.058268 3.240498 0.631519 2.074076 -0.479266 0.894551 0.998595 0.001121 11.239669 -0.520968 -0.011641 0.312723 3.316909
1 inf -8.292349 -0.359807 0.196855 -2.060200 -1.064834 3.279744 0.578891 2.087895 -0.473095 0.893597 0.987543 -0.000775 11.238449 -0.537579 -0.006433 0.324698 3.317754
1 inf -8.263810 -0.355142 0.198832 -2.058299 -1.051664 3.283473 0.569730 2.125081 -0.489022 0.885923 0.958490 0.002900 11.221766 -0.502950 -0.047724 0.279121 3.290344
1 inf -8.271922 -0.365668 0.159387 -2.039535 -1.061010 3.261968 0.632480 2.131426 -0.460697 0.877557 0.957616 0.022916 11.197360 -0.486460 -0.047475 0.274283 3.285236
1 inf -8.265333 -0.382952 0.170098 -2.067777 -1.047036 3.270696 0.658879 2.124857 -0.470870 0.872262 0.945236 0.039569 11.210891 -0.471097 -0.013770 0.295984 3.324510
1 inf -8.243006 -0.394756 0.139846 -2.071665 -1.058842 3.279244 0.650073 2.128933 -0.447529 0.904413 0.937280 0.042117 11.199499 -0.453487 -0.025402 0.302722 3.309202
1 inf -8.204848 -0.379336 0.147906 -2.059981 -1.069815 3.295969 0.650368 2.141094 -0.443255 0.907916 0.904015 0.074925 11.159619 -0.461887 -0.028844 0.310518 3.294483
1 inf -8.179745 -0.398949 0.110251 -2.081450 -1.059805 3.326040 0.674747 2.130997 -0.410664 0.919172 0.887040 0.065939 11.138792 -0.482712 -0.098620 0.290453 3.297918
1 inf -8.159667 -0.394914 0.123992 -2.104352 -1.069776 3.308196 0.681261 2.117385 -0.396668 0.962109 0.847639 0.034063 11.088674 -0.488035 -0.081706 0.286683 3.284290
1 inf -8.129077 -0.367902 0.120267 -2.143874 -1.059081 3.340687 0.680180 2.126641 -0.371932 0.962059 0.864981 0.038417 11.037371 -0.468173 -0.075533 0.283398 3.311447
1 inf -8.119143 -0.346797 0.149552 -2.118122 -1.012324 3.330689 0.666884 2.179352 -0.405268 0.938005 0.904262 0.059567 11.049425 -0.502719 -0.042127 0.299765 3.311311
1 inf -8.102384 -0.340460 0.127052 -2.123121 -1.023591 3.312102 0.658709 2.168868 -0.423950 0.949841 0.904945 0.068371 11.036659 -0.492047 -0.026025 0.308049 3.298127
1 inf -8.087133 -0.367197 0.128346 -2.131357 -1.016863 3.310150 0.639882 2.205120 -0.432457 0.954236 0.914418 0.097523 11.019918 -0.491865 -0.038460 0.308189 3.317623
1 inf -8.104120 -0.357961 0.127759 -2.104880 -1.024553 3.281463 0.628554 2.201905 -0.420870 0.952436 0.885539 0.081924 11.051947 -0.479189 -0.009650 0.312914 3.285865
1 inf -8.098764 -0.389038 0.144484 -2.101129 -1.036472 3.323269 0.631923 2.205657 -0.405255 0.941950 0.897710 0.071606 11.020881 -0.429711 -0.019597 0.315445 3.314403
1 inf -8.093255 -0.416710 0.166194 -2.057344 -1.016078 3.314671 0.633091 2.210276 -0.368439 0.926204 0.926818 0.099663 11.039589 -0.386166 -0.057144 0.280800 3.290103
1 inf -8.064431 -0.429498 0.175362 -2.044114 -1.006350 3.318975 0.593024 2.192489 -0.361863 0.901860 0.935615 0.080522 11.059996 -0.375713 -0.050217 0.278473 3.269254
1 inf -8.047019 -0.464240 0.175736 -2.037430 -1.021855 3.331454 0.564257 2.184370 -0.364601 0.853214 0.943272 0.063047 11.064815 -0.382099 -0.075555 0.269002 3.244997
1 inf -8.071496 -0.486654 0.199339 -2.047895 -1.000603 3.350214 0.587411 2.179369 -0.345136 0.873035 0.939060 0.076791 11.082103 -0.382093 -0.092565 0.288401 3.230389
1 inf -8.067786 -0.506033 0.167491 -2.062852 -1.051413 3.319217 0.571848 2.204852 -0.354824 0.865971 0.943904 0.054523 11.093245 -0.396783 -0.067028 0.291610 3.274946
1 inf -8.040054 -0.465365 0.163131 -2.050543 -1.046656 3.337516 0.590332 2.225591 -0.339789 0.889078 0.925958 0.040810 11.090756 -0.392160 -0.043506 0.282235 3.256402
1 inf -8.041864 -0.486687 0.183269 -2.031910 -1.035390 3.310354 0.600144 2.210727 -0.389602 0.890645 0.917283 -0.022994 11.073780 -0.400836 -0.062218 0.300971 3.264020
1 inf -8.031831 -0.493031 0.186487 -2.031781 -1.034142 3.311715 0.595358 2.199661 -0.380857 0.888536 0.909383 -0.024427 11.080500 -0.445128 -0.088364 0.328341 3.226567
1 inf -8.009507 -0.499432 0.163762 -2.007597 -1.034985 3.295567 0.604904 2.150825 -0.395128 0.882383 0.916067 -0.044115 11.070812 -0.452045 -0.071182 0.290882 3.248703
1 inf -8.036753 -0.504048 0.170334 -2.051503 -1.046778 3.324861 0.598970 2.121968 -0.393909 0.882111 0.908504 -0.008317 11.058613 -0.436608 -0.093074 0.300770 3.249610
1 inf -8.043225 -0.521926 0.149802 -2.062867 -1.015847 3.309722 0.594569 2.136125 -0.440369 0.883418 0.922170 0.036951 11.051966 -0.424554 -0.079623 0.285444 3.266997
1 inf -8.062436 -0.518980 0.166835 -2.100174 -1.008727 3.290090 0.598389 2.139347 -0.472426 0.912631 0.901183 0.010441 11.028797 -0.448453 -0.116132 0.290416 3.303711
1 inf -8.075068 -0.496585 0.192173 -2.112105 -1.000184 3.285431 0.632675 2.133493 -0.473875 0.892001 0.887691 0.015772 11.041720 -0.485581 -0.160421 0.268586 3.328287
1 inf -8.049092 -0.511668 0.187747 -2.124561 -1.027728 3.253946 0.654382 2.186641 -0.471946 0.919504 0.893976 0.021492 11.079716 -0.491772 -0.139054 0.252427 3.285828
1 inf -8.046270 -0.528918 0.195507 -2.116040 -1.029403 3.249778 0.651754 2.176068 -0.492267 0.924853 0.920255 0.012765 11.088560 -0.448059 -0.128455 0.258423 3.283405
1 inf -8.074177 -0.515721 0.189717 -2.140499 -1.063271 3.244850 0.681190 2.170369 -0.463324 0.890940 0.907205 0.019882 11.048446 -0.414697 -0.122359 0.275515 3.287283
1 inf -8.135138 -0.487319 0.188631 -2.162319 -1.082301 3.245291 0.659197 2.191284 -0.483394 0.927572 0.903927 0.063179 11.052963 -0.436680 -0.118395 0.317082 3.288292
1 inf -8.153398 -0.501354 0.197670 -2.149555 -1.101692 3.241994 0.660019 2.212973 -0.471189 0.940952 0.889310 0.045832 11.052720 -0.418879 -0.119120 0.320810 3.249262
1 inf -8.169098 -0.508708 0.215949 -2.209055 -1.095152 3.258137 0.684088 2.208484 -0.441971 0.935793 0.866620 0.077537 11.056496 -0.420565 -0.117004 0.299593 3.282466
1 inf -8.178275 -0.541611 0.251452 -2.205644 -1.084584 3.253659 0.648145 2.240923 -0.420521 0.897695 0.867397 0.040574 11.094809 -0.425932 -0.094104 0.330075 3.301540
1 inf -8.117162 -0.548659 0.275356 -2.204211 -1.091833 3.230874 0.644779 2.254471 -0.406892 0.895073 0.893056 0.013016 11.098775 -0.451214 -0.099048 0.373491 3.315410
1 inf -8.104679 -0.526051 0.287238 -2.185003 -1.081151 3.260858 0.668984 2.217247 -0.423914 0.864794 0.908778 0.021297 11.090205 -0.436322 -0.113630 0.400183 3.345267
1 inf -8.071940 -0.550672 0.296687 -2.188769 -1.093175 3.271910 0.650189 2.232040 -0.443859 0.857429 0.907131 -0.013851 11.055683 -0.418014 -0.109704 0.362762 3.364105
1 inf -8.080326 -0.514022 0.283384 -2.174484 -1.044250 3.263003 0.633714 2.218505 -0.458307 0.847801 0.904809 -0.027658 11.054861 -0.435217 -0.085527 0.334684 3.328254
1 inf -8.100097 -0.519675 0.286333 -2.191269 -1.049809 3.223770 0.589013 2.198954 -0.503812 0.843547 0.906331 0.018526 11.035319 -0.406408 -0.111737 0.298060 3.336250
1 inf -8.142205 -0.549735 0.299289 -2.199337 -1.055486 3.217694 0.576671 2.203347 -0.512974 0.810239 0.890202 0.013502 11.027594 -0.408338 -0.134685 0.294364 3.346044
1 inf -8.099233 -0.552003 0.293528 -2.179725 -1.065718 3.217216 0.588492 2.210663 -0.494267 0.829313 0.939761 0.004721 11.035729 -0.376737 -0.151752 0.311621 3.379033
1 inf -8.115293 -0.595603 0.287067 -2.215642 -1.088953 3.207315 0.561038 2.205919 -0.478405 0.833235 0.947510 -0.033889 11.027739 -0.346382 -0.129398 0.296158 3.359971
1 inf -8.144064 -0.607716 0.273009 -2.191055 -1.128668 3.252598 0.554997 2.207292 -0.480845 0.835794 0.928249 -0.048155 11.043843 -0.345524 -0.125818 0.271038 3.382083
1 inf -8.142053 -0.598364 0.251694 -2.191283 -1.134871 3.222690 0.515850 2.195092 -0.494968 0.832258 0.943804 -0.038519 11.033025 -0.340983 -0.134340 0.268510 3.366347
1 inf -8.141071 -0.603888 0.252913 -2.214026 -1.153565 3.223055 0.523451 2.185134 -0.476353 0.818141 0.922628 -0.038140 11.023470 -0.331098 -0.135719 0.251128 3.334323
1 inf -8.157783 -0.598278 0.256988 -2.230287 -1.127776 3.205063 0.516114 2.204432 -0.471498 0.816894 0.890745 -0.021423 11.014812 -0.329054 -0.130671 0.262459 3.307173
1 inf -8.211372 -0.593395 0.228041 -2.191683 -1.141927 3.207610 0.527421 2.213188 -0.504370 0.832779 0.904997 0.001972 11.035641 -0.352919 -0.146497 0.268680 3.348021
1 inf -8.242269 -0.562125 0.256993 -2.212792 -1.157555 3.216051 0.509712 2.208191 -0.472851 0.863441 0.906284 0.021487 11.018706 -0.373878 -0.179514 0.280764 3.335390
1 inf -8.239343 -0.541909 0.235975 -2.190204 -1.124170 3.214776 0.483972 2.217949 -0.462664 0.870102 0.913817 0.021457 10.987532 -0.403586 -0.145710 0.270359 3.356947
1 inf -8.233590 -0.546438 0.232202 -2.186470 -1.125623 3.195772 0.445895 2.252298 -0.468762 0.884704 0.886108 -0.016338 11.022749 -0.339288 -0.133171 0.307615 3.368394
1 inf -8.204152 -0.553090 0.235112 -2.218714 -1.129543 3.212185 0.419162 2.236882 -0.451030 0.897345 0.894300 -0.028757 11.012129 -0.339736 -0.133473 0.323156 3.375537
1 inf -8.244367 -0.552896 0.223737 -2.191291 -1.116188 3.221803 0.436391 2.239003 -0.454495 0.894317 0.921631 -0.003602 10.993038 -0.292200 -0.145117 0.313421 3.355842
1 inf -8.244243 -0.541855 0.226677 -2.193416 -1.111516 3.230696 0.452546 2.239947 -0.470126 0.884536 0.893967 0.012363 11.006233 -0.263398 -0.137609 0.314925 3.345481
1 inf -8.226551 -0.545890 0.204332 -2.225747 -1.104988 3.260546 0.433687 2.262765 -0.488653 0.884655 0.860967 0.031014 10.985810 -0.245037 -0.139530 0.319585 3.329045
1 inf -8.265049 -0.511209 0.209207 -2.225636 -1.111530 3.296756 0.441641 2.238223 -0.506413 0.934220 0.839172 0.026035 10.992367 -0.260677 -0.166657 0.320042 3.389491
1 inf -8.269539 -0.515413 0.196425 -2.226529 -1.108614 3.306515 0.455352 2.230429 -0.545135 0.942536 0.823307 -0.001488 10.958686 -0.210177 -0.168003 0.292563 3.401598
1 inf -8.227549 -0.502481 0.174568 -2.203294 -1.154181 3.274660 0.453047 2.231457 -0.566925 0.939017 0.763514 0.018285 10.925370 -0.159509 -0.162981 0.285954 3.379793
1 inf -8.185627 -0.529787 0.209275 -2.209827 -1.144674 3.247189 0.441490 2.255125 -0.553498 0.929238 0.773956 0.014565 10.921077 -0.151298 -0.142868 0.274636 3.410054
1 inf -8.197137 -0.524208 0.211507 -2.199920 -1.126480 3.249356 0.429890 2.225659 -0.543401 0.968264 0.772824 -0.037368 10.897845 -0.158311 -0.109039 0.247255 3.434111
1 inf -8.178675 -0.555067 0.188511 -2.190927 -1.155363 3.290849 0.450254 2.179584 -0.528668 0.971680 0.752324 -0.018246 10.880600 -0.163191 -0.102793 0.224868 3.462405
1 inf -8.184047 -0.550830 0.162315 -2.215747 -1.137737 3.278508 0.494198 2.213165 -0.542141 0.976555 0.778659 -0.023350 10.870344 -0.147020 -0.112968 0.232840 3.495953
1 inf -8.178384 -0.538636 0.165090 -2.189840 -1.156041 3.269435 0.491783 2.178391 -0.547476 0.971036 0.764239 -0.025725 10.851313 -0.139647 -0.132362 0.214785 3.535659
1 inf -8.191098 -0.553566 0.205028 -2.219960 -1.146604 3.246954 0.518753 2.171399 -0.568252 0.945868 0.769487 -0.030817 10.862274 -0.112324 -0.124562 0.209620 3.529428
1 inf -8.204279 -0.545608 0.190416 -2.185552 -1.169989 3.226344 0.511989 2.172400 -0.553657 0.981631 0.780456 -0.015114 10.889005 -0.118155 -0.118168 0.196099 3.542463
1 inf -8.227894 -0.464680 0.180853 -2.183692 -1.183920 3.243076 0.502074 2.143201 -0.567103 0.994880 0.782163 -0.020520 10.878340 -0.098360 -0.095241 0.181397 3.612305
1 inf -8.218431 -0.480439 0.197110 -2.178881 -1.186446 3.255010 0.477491 2.168784 -0.602708 0.970929 0.798709 -0.030756 10.888304 -0.118140 -0.093591 0.201616 3.637057
1 inf -8.218712 -0.475823 0.174840 -2.187183 -1.189585 3.236702 0.521169 2.216799 -0.559022 0.971206 0.786927 -0.017585 10.882845 -0.131199 -0.086744 0.184143 3.638949
1 inf -8.212365 -0.514712 0.154801 -2.204875 -1.189653 3.239954 0.540572 2.231377 -0.555537 0.973640 0.759836 -0.038298 10.906621 -0.169258 -0.114053 0.233239 3.627419
1 inf -8.186156 -0.517647 0.152245 -2.205814 -1.203391 3.235771 0.508497 2.238885 -0.561920 0.934752 0.758652 -0.001177 10.926406 -0.177410 -0.110790 0.237662 3.617239
1 inf -8.182201 -0.515529 0.150485 -2.160311 -1.218398 3.258828 0.570147 2.245686 -0.592188 0.957754 0.753581 0.019167 10.932508 -0.170361 -0.157049 0.226657 3.624284
1 inf -8.169082 -0.554229 0.152566 -2.140006 -1.198423 3.292639 0.571723 2.239832 -0.627554 0.987621 0.714522 0.028308 10.962413 -0.149472 -0.162039 0.198534 3.646182
1 inf -8.206421 -0.541652 0.173619 -2.161576 -1.162459 3.316956 0.567312 2.237903 -0.632704 0.993997 0.756944 0.039785 10.987476 -0.155821 -0.181215 0.194420 3.680489
1 inf -8.207770 -0.558789 0.182874 -2.165131 -1.199046 3.321510 0.584576 2.195286 -0.613709 0.990252 0.775989 0.035279 11.000266 -0.138004 -0.178817 0.225116 3.691252
1 inf -8.190293 -0.580818 0.215572 -2.175168 -1.235920 3.335864 0.596605 2.172213 -0.632297 0.989802 0.767273 0.014179 10.992316 -0.129868 -0.176376 0.246733 3.691054
1 inf -8.206623 -0.615859 0.216821 -2.179383 -1.247671 3.346497 0.588551 2.138074 -0.599579 0.955299 0.784120 -0.032103 10.985268 -0.121906 -0.162966 0.256782 3.694603
1 inf -8.213835 -0.608474 0.198967 -2.163116 -1.214701 3.350427 0.576987 2.136514 -0.607747 0.968969 0.810696 -0.051470 10.959874 -0.140780 -0.156306 0.236488 3.682094
1 inf -8.206910 -0.610851 0.154745 -2.175044 -1.220394 3.332889 0.581799 2.119421 -0.633833 0.995169 0.819659 -0.026731 10.949227 -0.137797 -0.133100 0.250495 3.688219
1 inf -8.152807 -0.620921 0.132355 -2.146995 -1.219155 3.352933 0.646176 2.132898 -0.630032 0.940130 0.853592 -0.039781 10.930957 -0.136564 -0.117013 0.218739 3.676790
1 inf -8.165441 -0.633484 0.105655 -2.143509 -1.217845 3.336118 0.687788 2.163548 -0.635458 0.940564 0.840871 0.001516 10.981478 -0.153029 -0.089467 0.207669 3.644683
1 inf -8.145463 -0.633399 0.115435 -2.126669 -1.188762 3.315911 0.685880 2.178341 -0.611131 0.925476 0.857512 0.021116 11.004972 -0.130485 -0.118735 0.200412 3.669308
1 inf -8.134173 -0.624628 0.114213 -2.115712 -1.218190 3.332023 0.652032 2.206643 -0.625342 0.899453 0.846798 0.010390 10.990400 -0.164004 -0.101325 0.211835 3.680031
1 inf -8.111492 -0.661209 0.109014 -2.118473 -1.189010 3.331734 0.639392 2.229325 -0.657018 0.899648 0.847284 0.001784 10.992928 -0.159959 -0.125563 0.238675 3.661724
1 inf -8.128026 -0.666857 0.108117 -2.140953 -1.214350 3.343101 0.646974 2.215102 -0.684479 0.900261 0.854039 0.007767 11.016572 -0.163654 -0.128639 0.212146 3.622926
1 inf -8.178020 -0.672368 0.118553 -2.123733 -1.170235 3.303376 0.662049 2.235701 -0.685392 0.936713 0.869515 0.028167 11.021927 -0.121735 -0.118612 0.236838 3.593289
1 inf -8.242096 -0.681401 0.126974 -2.117166 -1.173577 3.291172 0.678771 2.214488 -0.699413 0.945798 0.856487 0.031815 11.025582 -0.116147 -0.093966 0.240080 3.565665
1 inf -8.238967 -0.698830 0.102966 -2.118506 -1.150389 3.326859 0.663509 2.256622 -0.702475 0.955335 0.844081 0.030413 11.000283 -0.134744 -0.060066 0.191267 3.575989
1 inf -8.230121 -0.705619 0.125459 -2.092335 -1.177835 3.348896 0.690826 2.252493 -0.638015 0.946545 0.867511 0.025431 10.991270 -0.118929 -0.026463 0.172687 3.587414
1 inf -8.254587 -0.692368 0.123240 -2.112041 -1.137130 3.355526 0.691038 2.223454 -0.598723 0.972883 0.878679 0.053137 11.003701 -0.134831 -0.069419 0.157596 3.581620
1 inf -8.227933 -0.674756 0.138582 -2.109149 -1.127382 3.298638 0.689801 2.252707 -0.602014 0.986131 0.919282 0.040814 10.999768 -0.153354 -0.058774 0.175311 3.545608
1 inf -8.264867 -0.667895 0.100960 -2.119366 -1.127956 3.313870 0.681367 2.262396 -0.590956 0.942763 0.924121 0.025716 11.014841 -0.143698 -0.046559 0.151107 3.549440
1 inf -8.275509 -0.648656 0.092464 -2.113218 -1.144378 3.367915 0.679172 2.204466 -0.602964 0.924529 0.943802 0.042441 11.014321 -0.140461 -0.012324 0.156937 3.545024
1 inf -8.275776 -0.634168 0.107193 -2.112757 -1.172135 3.325329 0.667117 2.178833 -0.592983 0.891413 0.982924 0.066723 11.040810 -0.095498 -0.032624 0.169209 3.532012
1 inf -8.244215 -0.628418 0.110227 -2.125795 -1.172129 3.323884 0.682577 2.183288 -0.583078 0.877979 0.945940 0.047977 11.022298 -0.072610 -0.022306 0.212389 3.520414
1 inf -8.213625 -0.601406 0.106502 -2.165317 -1.161434 3.356375 0.681496 2.192544 -0.558342 0.877929 0.963282 0.052331 10.970995 -0.052748 -0.016133 0.209104 3.547571
1 inf -8.202057 -0.580460 0.109424 -2.147959 -1.184103 3.343887 0.696604 2.224298 -0.565252 0.887458 0.937534 0.053110 10.958868 -0.054383 -0.012130 0.214487 3.539235
1 inf -8.191821 -0.546900 0.102962 -2.149713 -1.155920 3.352648 0.696905 2.249595 -0.524390 0.906857 0.941678 0.007734 10.984161 -0.052122 -0.017521 0.207326 3.540916
1 inf -8.234223 -0.532609 0.086551 -2.149213 -1.203560 3.340245 0.685663 2.282968 -0.517592 0.903877 0.932685 0.031803 11.007116 -0.063831 -0.022933 0.160546 3.547934
1 inf -8.261503 -0.538084 0.057802 -2.177342 -1.189522 3.301053 0.692614 2.286959 -0.519424 0.883401 0.932045 0.005718 11.017764 -0.053631 -0.076759 0.168182 3.541802
1 inf -8.273877 -0.550793 0.037553 -2.206624 -1.168883 3.251223 0.708119 2.232091 -0.522476 0.876927 0.926977 0.013908 11.030237 -0.047948 -0.107558 0.148588 3.568095
1 inf -8.323629 -0.559304 0.032450 -2.222719 -1.153916 3.257273 0.679968 2.247456 -0.527535 0.866632 0.920432 0.042775 11.034523 -0.033015 -0.104579 0.163500 3.575246
1 inf -8.310518 -0.535513 0.041658 -2.216209 -1.120805 3.291802 0.675284 2.223398 -0.528178 0.853885 0.957468 0.057440 11.007352 -0.075321 -0.139446 0.128412 3.570621
1 inf -8.309956 -0.525887 0.039327 -2.185826 -1.170989 3.280651 0.674088 2.245575 -0.532595 0.833598 0.996311 0.082617 11.032801 -0.069064 -0.142321 0.123773 3.591103
1 inf -8.304862 -0.504488 0.025661 -2.198930 -1.166441 3.301221 0.695016 2.254773 -0.568288 0.822162 1.004623 0.082654 11.053687 -0.070260 -0.116313 0.132866 3.588509
1 inf -8.327050 -0.509569 0.033645 -2.192971 -1.152290 3.316436 0.695849 2.261913 -0.589671 0.805785 0.970514 0.084936 11.067272 -0.054740 -0.099035 0.105045 3.586281
1 inf -8.332524 -0.477287 0.052233 -2.214692 -1.136325 3.316918 0.697945 2.256070 -0.590121 0.815351 0.976923 0.083207 11.083903 -0.049336 -0.095829 0.133164 3.609677
1 inf -8.332670 -0.466303 0.040445 -2.201502 -1.149686 3.303023 0.702779 2.253353 -0.562688 0.809491 1.005090 0.047614 11.090992 -0.011634 -0.059714 0.164001 3.613258
1 inf -8.330515 -0.489332 0.037597 -2.206023 -1.127156 3.292003 0.696268 2.246979 -0.555953 0.820086 1.038358 0.035375 11.096628 -0.016067 -0.034588 0.178445 3.593290
1 inf -8.337041 -0.468742 0.060222 -2.187965 -1.141191 3.292862 0.680287 2.259814 -0.538370 0.850345 1.040399 0.050419 11.096903 -0.039787 -0.011112 0.190137 3.584658
1 inf -8.327605 -0.463499 0.071498 -2.167816 -1.147144 3.282918 0.705596 2.271818 -0.549621 0.865590 1.036532 0.018190 11.099441 -0.064663 -0.044248 0.208454 3.600818
1 inf -8.337111 -0.451250 0.095442 -2.156136 -1.172789 3.290140 0.701128 2.280245 -0.532286 0.871249 1.044897 -0.001019 11.086324 -0.063438 -0.066365 0.217433 3.587417
1 inf -8.336774 -0.440885 0.078225 -2.149176 -1.166697 3.341102 0.685005 2.246931 -0.528857 0.895180 1.014560 -0.015961 11.135849 -0.046713 -0.094597 0.233607 3.608637
1 inf -8.302225 -0.425496 0.026202 -2.165069 -1.151668 3.352694 0.709268 2.241714 -0.549464 0.905688 1.013310 -0.046563 11.160360 -0.049141 -0.089373 0.206804 3.634966
1 inf -8.282974 -0.404747 0.038800 -2.190525 -1.177275 3.347869 0.676322 2.280079 -0.574778 0.915151 0.991810 -0.042672 11.176053 -0.056071 -0.088651 0.235823 3.638783
1 inf -8.292195 -0.402504 0.035330 -2.211015 -1.168521 3.339547 0.683802 2.318187 -0.576702 0.916408 0.977680 -0.038107 11.173134 -0.088804 -0.104259 0.244257 3.605433
1 inf -8.262185 -0.429317 0.051964 -2.185679 -1.239944 3.374951 0.664165 2.289941 -0.552987 0.941286 0.968391 -0.068321 11.165265 -0.091631 -0.088687 0.223083 3.586324
1 inf -8.201296 -0.447395 0.057299 -2.183837 -1.218586 3.372772 0.654867 2.309635 -0.554957 0.967720 0.941602 -0.055246 11.200848 -0.102276 -0.119940 0.225496 3.549863
1 inf -8.189689 -0.397992 0.055816 -2.177388 -1.200775 3.348296 0.634574 2.292427 -0.548306 0.963591 0.931924 -0.035340 11.213304 -0.081885 -0.141506 0.238926 3.572771
1 inf -8.209986 -0.392269 0.028843 -2.155282 -1.181622 3.422615 0.673944 2.294472 -0.535756 0.991585 0.963358 -0.033317 11.227721 -0.069407 -0.112150 0.201717 3.573760
1 inf -8.201819 -0.385728 0.023839 -2.135344 -1.213726 3.442249 0.636931 2.308445 -0.561964 0.966944 0.988689 -0.079732 11.214676 -0.070029 -0.101304 0.226066 3.604478
1 inf -8.213195 -0.350540 0.048043 -2.153908 -1.201171 3.430398 0.630571 2.351357 -0.555440 0.970685 1.015163 -0.100656 11.216612 -0.066973 -0.094044 0.202920 3.577851
1 inf -8.192672 -0.365263 0.049462 -2.129065 -1.172417 3.434728 0.610459 2.303912 -0.539076 0.988366 1.008354 -0.101959 11.252486 -0.088890 -0.078923 0.192201 3.607438
1 inf -8.170379 -0.396276 0.065879 -2.149306 -1.178014 3.433192 0.613316 2.306371 -0.539492 0.967513 1.004993 -0.135880 11.274244 -0.092796 -0.118099 0.182191 3.599494
1 inf -8.168875 -0.388479 0.060430 -2.158023 -1.197154 3.447051 0.599272 2.323685 -0.542733 0.953203 1.012657 -0.100560 11.256738 -0.058663 -0.132084 0.192558 3.627492
1 inf -8.178587 -0.375036 0.059679 -2.178119 -1.182825 3.415815 0.618370 2.350183 -0.537549 0.961191 1.013551 -0.082051 11.262909 -0.060855 -0.138625 0.184974 3.632404
1 inf -8.173522 -0.380132 0.069167 -2.187614 -1.171318 3.420210 0.596393 2.350264 -0.525673 0.968323 1.025904 -0.075673 11.281622 -0.061994 -0.138036 0.196438 3.608308
1 inf -8.172712 -0.387011 0.047765 -2.200037 -1.175359 3.460025 0.592983 2.393969 -0.566896 0.979302 1.023367 -0.076061 11.315589 -0.048373 -0.145170 0.186185 3.648662
1 inf -8.171289 -0.398719 0.105698 -2.229141 -1.205362 3.423447 0.570457 2.398979 -0.578696 0.963071 1.002571 -0.063819 11.304528 -0.002243 -0.108652 0.181078 3.674026
1 inf -8.206808 -0.413532 0.098466 -2.240884 -1.214640 3.427338 0.552799 2.405651 -0.586800 0.941520 0.974143 -0.048032 11.321235 -0.001930 -0.122721 0.203115 3.634005
1 inf -8.183780 -0.377446 0.079916 -2.213583 -1.245734 3.434268 0.571260 2.407013 -0.580640 0.917545 1.002096 -0.056862 11.293637 -0.056391 -0.116847 0.169504 3.660679
1 inf -8.189330 -0.413801 0.044409 -2.211726 -1.219177 3.409016 0.532751 2.371681 -0.552387 0.903282 1.026710 -0.062111 11.303574 -0.065207 -0.126327 0.159339 3.645146
1 inf -8.199624 -0.448762 0.061945 -2.215059 -1.221720 3.400317 0.518377 2.387796 -0.553717 0.931361 1.025186 -0.098144 11.324181 -0.093716 -0.123793 0.171347 3.647651
1 inf -8.224164 -0.435435 0.067501 -2.234621 -1.264488 3.405196 0.506556 2.405263 -0.562597 0.965165 1.014926 -0.081735 11.332684 -0.087047 -0.124067 0.177828 3.661541
1 inf -8.229513 -0.437830 0.073400 -2.237616 -1.285658 3.413456 0.502649 2.376817 -0.539111 0.953582 1.035532 -0.064709 11.328625 -0.075795 -0.129513 0.175759 3.707194
1 inf -8.261840 -0.447526 0.074630 -2.229600 -1.263745 3.381967 0.533573 2.430814 -0.577305 0.963760 1.022434 -0.042029 11.342385 -0.057651 -0.143449 0.165468 3.728250
1 inf -8.264599 -0.474729 0.097471 -2.234390 -1.273115 3.371852 0.534221 2.429554 -0.592199 0.986236 1.038787 -0.038337 11.333457 -0.072562 -0.131626 0.117544 3.716111
1 inf -8.258514 -0.456433 0.054681 -2.245062 -1.286232 3.384276 0.537342 2.429917 -0.598837 0.981392 1.040273 -0.060920 11.342114 -0.112035 -0.140223 0.119542 3.708205
1 inf -8.246943 -0.428158 0.094179 -2.267384 -1.284805 3.353591 0.508518 2.415564 -0.624765 0.953366 1.033429 -0.101892 11.305226 -0.107247 -0.121963 0.129722 3.698555
1 inf -8.217829 -0.407696 0.107793 -2.242946 -1.267251 3.339316 0.490031 2.441693 -0.618541 0.970563 1.015376 -0.097563 11.335698 -0.066622 -0.127141 0.122226 3.745515
1 inf -8.214341 -0.354444 0.072502 -2.211053 -1.246009 3.339613 0.498935 2.436521 -0.626106 0.961776 0.991128 -0.111577 11.349503 -0.065957 -0.109421 0.105625 3.728751
1 inf -8.191670 -0.369347 0.058091 -2.190482 -1.275133 3.335671 0.514133 2.436287 -0.627566 0.914871 0.996184 -0.097734 11.332714 -0.085830 -0.132488 0.126693 3.756280
1 inf -8.238220 -0.369318 0.056196 -2.183839 -1.279630 3.326495 0.530744 2.398431 -0.624749 0.909934 1.006375 -0.091067 11.345577 -0.077643 -0.130643 0.130429 3.770237
1 inf -8.208315 -0.317881 0.116288 -2.158879 -1.292275 3.363649 0.530534 2.400967 -0.637137 0.900247 1.012892 -0.075150 11.334108 -0.092204 -0.127611 0.162030 3.773054
1 inf -8.212472 -0.309441 0.100085 -2.131926 -1.274679 3.361442 0.569146 2.414970 -0.620943 0.898272 0.982203 -0.108612 11.316422 -0.111535 -0.101420 0.140304 3.787528
1 inf -8.241564 -0.294158 0.097295 -2.163712 -1.258063 3.381257 0.596102 2.421779 -0.607695 0.918070 0.949260 -0.094770 11.308382 -0.094888 -0.110356 0.130459 3.790959
1 inf -8.251358 -0.291540 0.107916 -2.170419 -1.249869 3.322816 0.595008 2.451110 -0.598856 0.940665 0.992197 -0.126645 11.311733 -0.064699 -0.084657 0.138255 3.798290
1 inf -8.249534 -0.309750 0.139230 -2.196043 -1.247660 3.321473 0.616581 2.451954 -0.575104 0.949318 0.996180 -0.142246 11.300443 -0.065332 -0.100634 0.134270 3.837211
1 inf -8.235765 -0.285614 0.157142 -2.196308 -1.246949 3.328416 0.588703 2.480445 -0.573922 0.953051 0.969632 -0.143241 11.284422 -0.053176 -0.097794 0.163897 3.836556
1 inf -8.247806 -0.298218 0.190374 -2.221809 -1.225860 3.353633 0.626202 2.488525 -0.573546 0.952264 1.005245 -0.158370 11.323571 -0.037791 -0.095582 0.151430 3.838920
1 inf -8.247656 -0.280564 0.188004 -2.230703 -1.233097 3.357731 0.609829 2.466008 -0.570536 0.902578 0.998179 -0.164752 11.315513 -0.007384 -0.088540 0.157237 3.843377
1 inf -8.265759 -0.288755 0.136521 -2.214109 -1.199174 3.351562 0.625072 2.481259 -0.561060 0.920603 1.017558 -0.167714 11.308816 -0.001399 -0.097422 0.181220 3.847585
1 inf -8.237617 -0.302541 0.129421 -2.203130 -1.226151 3.323033 0.603253 2.442616 -0.552494 0.948725 0.968969 -0.188869 11.330232 -0.045533 -0.124467 0.232994 3.809247
1 inf -8.266445 -0.258445 0.101280 -2.229910 -1.241245 3.323789 0.605731 2.413348 -0.562781 0.962604 1.017976 -0.198118 11.329337 -0.062334 -0.130538 0.271348 3.840082
1 inf -8.257988 -0.232890 0.082978 -2.208203 -1.213682 3.317059 0.613567 2.450771 -0.538851 0.985181 1.016628 -0.227139 11.344032 -0.059066 -0.152287 0.302157 3.867709
1 inf -8.265984 -0.244843 0.053602 -2.239810 -1.183550 3.277352 0.596252 2.480809 -0.530199 0.956673 1.005429 -0.233808 11.308347 -0.065476 -0.141069 0.269600 3.842625
1 inf -8.259947 -0.243882 0.122932 -2.273221 -1.217116 3.291025 0.581193 2.448009 -0.552217 0.970581 1.006688 -0.233424 11.287068 -0.098029 -0.108608 0.272275 3.887227
1 inf -8.251705 -0.244447 0.137368 -2.304631 -1.191659 3.297171 0.572131 2.436302 -0.539763 0.979186 1.005298 -0.225611 11.259837 -0.100997 -0.104936 0.293121 3.883388
1 inf -8.270163 -0.274033 0.169767 -2.255994 -1.205103 3.291350 0.549951 2.385157 -0.533677 0.989624 0.996521 -0.247199 11.258105 -0.089681 -0.123500 0.324121 3.878189
1 inf -8.284238 -0.271295 0.205061 -2.240736 -1.192787 3.315511 0.554880 2.350903 -0.546903 0.994374 0.971579 -0.241119 11.289061 -0.071708 -0.115761 0.325725 3.851937
1 inf -8.279703 -0.294576 0.197662 -2.258351 -1.177218 3.320866 0.563413 2.370313 -0.573230 0.999898 0.991831 -0.231275 11.273756 -0.098144 -0.154474 0.351318 3.887110
1 inf -8.263829 -0.295078 0.180041 -2.246544 -1.195868 3.358338 0.596131 2.351282 -0.564952 0.964179 0.963284 -0.207701 11.245481 -0.068511 -0.146631 0.336842 3.924209
1 inf -8.247448 -0.305221 0.178861 -2.240378 -1.182935 3.373227 0.599085 2.349218 -0.594141 0.955072 0.917166 -0.193497 11.282053 -0.079938 -0.156230 0.338439 3.923810
1 inf -8.259662 -0.293937 0.165141 -2.251923 -1.196463 3.380683 0.622894 2.415529 -0.621110 0.998904 0.956203 -0.212829 11.287868 -0.062536 -0.134602 0.355975 3.941137
1 inf -8.263597 -0.289039 0.178135 -2.268027 -1.222938 3.392828 0.647907 2.438635 -0.608611 0.997747 0.946312 -0.185785 11.294306 -0.070214 -0.145185 0.366212 3.951708
1 inf -8.258754 -0.302950 0.172242 -2.282995 -1.225987 3.411580 0.650017 2.478177 -0.606048 0.962340 0.969707 -0.174861 11.295378 -0.112805 -0.135266 0.352234 3.955524
1 inf -8.245280 -0.289251 0.187186 -2.299853 -1.214285 3.387061 0.681097 2.470321 -0.610864 0.985352 0.943827 -0.172579 11.279055 -0.139020 -0.127752 0.361435 3.950284
1 inf -8.227829 -0.296345 0.137900 -2.295736 -1.204912 3.386495 0.684276 2.483326 -0.632611 0.964056 0.938853 -0.137610 11.276345 -0.124096 -0.137926 0.388241 3.978790
1 inf -8.205523 -0.310254 0.120476 -2.302391 -1.188457 3.421099 0.704229 2.470690 -0.632888 0.921230 0.968503 -0.120499 11.256462 -0.091528 -0.154058 0.385071 3.974851
1 inf -8.210679 -0.299081 0.107380 -2.317243 -1.165670 3.379236 0.696607 2.433159 -0.618366 0.936976 0.940405 -0.089848 11.217056 -0.065111 -0.165847 0.364309 3.959207
1 inf -8.168519 -0.294078 0.095497 -2.342430 -1.191591 3.396191 0.691381 2.421479 -0.612138 0.961099 0.976755 -0.096175 11.220413 -0.074938 -0.123769 0.369572 3.969727
1 inf -8.170673 -0.329079 0.121828 -2.337442 -1.205421 3.371065 0.688361 2.464055 -0.648506 0.957640 0.964976 -0.097128 11.250596 -0.107468 -0.147968 0.361745 3.989593
1 inf -8.128072 -0.337808 0.108167 -2.346274 -1.209747 3.405220 0.671597 2.470143 -0.667330 0.934486 0.988385 -0.070037 11.271151 -0.104086 -0.148172 0.381996 4.000696
1 inf -8.120912 -0.330821 0.106407 -2.387585 -1.205430 3.411415 0.657283 2.445727 -0.688235 0.963805 0.973392 -0.072897 11.256789 -0.098937 -0.151917 0.373822 3.998939
1 inf -8.150058 -0.320171 0.132367 -2.374954 -1.183367 3.374539 0.644260 2.440118 -0.682417 0.959473 0.997415 -0.055837 11.230061 -0.114043 -0.155392 0.399376 3.985550
1 inf -8.128580 -0.337971 0.145820 -2.371635 -1.196234 3.304269 0.640609 2.403602 -0.643167 0.980996 1.001372 -0.054642 11.242690 -0.049696 -0.154018 0.450657 3.973184
1 inf -8.139916 -0.335762 0.151326 -2.360018 -1.201760 3.270858 0.607195 2.411965 -0.642238 0.966364 1.002812 -0.049225 11.227931 -0.074318 -0.138236 0.457484 4.002685
1 inf -8.150837 -0.334019 0.155134 -2.353117 -1.191556 3.308191 0.609126 2.432035 -0.649556 0.938565 0.984399 -0.068875 11.206502 -0.076198 -0.094081 0.436712 3.959930
1 inf -8.104661 -0.379698 0.187329 -2.353651 -1.180896 3.323482 0.571955 2.435016 -0.615706 0.937181 0.977833 -0.052619 11.197326 -0.075311 -0.059718 0.404859 3.946115
1 inf -8.116284 -0.376157 0.174937 -2.327906 -1.168508 3.320132 0.537590 2.434192 -0.624445 0.967897 0.964471 -0.056228 11.207005 -0.084273 -0.043025 0.413804 3.951383
1 inf -8.085694 -0.349145 0.171212 -2.367428 -1.157813 3.352623 0.536509 2.443448 -0.599709 0.967847 0.981813 -0.051874 11.155702 -0.064411 -0.036852 0.410519 3.978540
1 inf -8.099921 -0.340331 0.162358 -2.384208 -1.154796 3.374782 0.487350 2.448373 -0.645687 0.980315 0.994265 -0.054658 11.152819 -0.078286 -0.029867 0.439554 3.974338
1 inf -8.089007 -0.304945 0.146309 -2.332125 -1.151363 3.363239 0.479977 2.476852 -0.688116 0.970462 0.990128 -0.070867 11.167628 -0.097451 -0.035298 0.456628 3.939577
1 inf -8.068863 -0.277691 0.165985 -2.304789 -1.162784 3.361377 0.505099 2.496730 -0.652921 0.948549 1.009742 -0.037418 11.173463 -0.104171 -0.043107 0.458459 3.929992
1 inf -8.083344 -0.264298 0.123377 -2.321996 -1.176452 3.356021 0.481007 2.494020 -0.661518 0.940234 0.992640 -0.018989 11.185919 -0.123288 -0.034950 0.482699 3.931915
1 inf -8.078551 -0.264001 0.155128 -2.321526 -1.145796 3.386592 0.473703 2.472263 -0.669064 0.976436 0.991396 0.001447 11.189977 -0.174412 -0.003006 0.479338 3.957222
1 inf -8.097789 -0.264533 0.140338 -2.296343 -1.114952 3.362219 0.487102 2.517145 -0.704887 0.956789 0.990704 0.026647 11.189079 -0.164673 -0.003133 0.492876 3.951722
1 inf -8.151048 -0.288874 0.134998 -2.311828 -1.161947 3.384849 0.475669 2.527487 -0.736142 0.931227 1.015317 -0.006275 11.151648 -0.150067 -0.036710 0.471651 3.932968
1 inf -8.142547 -0.308536 0.118477 -2.310928 -1.187670 3.382283 0.494767 2.533721 -0.745931 0.934682 1.052944 -0.017612 11.159351 -0.182373 -0.022720 0.494416 3.929540
1 inf -8.167732 -0.294828 0.104239 -2.305424 -1.174830 3.392700 0.476821 2.548441 -0.737785 0.952815 1.077091 -0.014347 11.131942 -0.167740 -0.006657 0.450212 3.956366
1 inf -8.167221 -0.289483 0.106847 -2.299546 -1.202353 3.398138 0.516184 2.566964 -0.758039 0.971832 1.090831 -0.011480 11.112387 -0.165974 -0.004370 0.446800 3.964438
1 inf -8.149706 -0.244153 0.084732 -2.322226 -1.146864 3.383838 0.551147 2.531758 -0.781843 0.954248 1.124967 0.002880 11.106081 -0.144243 -0.017397 0.456513 3.947864
1 inf -8.164852 -0.241815 0.091264 -2.362054 -1.138493 3.420244 0.547107 2.513846 -0.804155 0.904582 1.097873 0.013120 11.062744 -0.132891 -0.055267 0.389312 3.954766
1 inf -8.151979 -0.244124 0.070454 -2.337593 -1.151470 3.428947 0.556411 2.525172 -0.770939 0.913231 1.073969 0.046596 11.049056 -0.107596 -0.032217 0.385929 3.947936
1 inf -8.171451 -0.247854 0.059360 -2.309087 -1.164924 3.437768 0.528337 2.507111 -0.761958 0.916891 1.096462 0.080253 11.017365 -0.135794 -0.006098 0.392164 3.947658
1 inf -8.118539 -0.246419 0.058545 -2.310288 -1.157919 3.447765 0.509233 2.530781 -0.725565 0.889411 1.082014 0.093804 11.021218 -0.116015 -0.011807 0.430444 3.915661
1 inf -8.129863 -0.273052 0.037985 -2.318625 -1.170890 3.441527 0.493501 2.515600 -0.697610 0.899591 1.094586 0.098192 11.017313 -0.089702 -0.007610 0.416945 3.914173
1 inf -8.166456 -0.279063 0.023486 -2.298779 -1.141693 3.433276 0.534639 2.500523 -0.695096 0.885077 1.050980 0.088996 11.047436 -0.107867 -0.027501 0.394061 3.896461
1 inf -8.182566 -0.279155 0.052544 -2.273302 -1.132172 3.433698 0.506848 2.463545 -0.649450 0.938074 1.006885 0.079931 11.045084 -0.132187 -0.027613 0.387014 3.901242
1 inf -8.173900 -0.248727 0.029910 -2.240253 -1.146068 3.430465 0.514956 2.457759 -0.640941 0.945627 1.017518 0.067885 11.091566 -0.114267 -0.060251 0.389051 3.846768
1 inf -8.207147 -0.271576 0.028539 -2.267035 -1.161214 3.434900 0.511343 2.467418 -0.627211 0.937270 1.017597 0.048099 11.109200 -0.130762 -0.099891 0.382792 3.832066
1 inf -8.157581 -0.251355 0.054597 -2.294548 -1.192292 3.431154 0.505026 2.464840 -0.627637 0.933046 1.019090 0.068527 11.105448 -0.130318 -0.058172 0.397286 3.823189
1 inf -8.125778 -0.284304 0.053198 -2.240324 -1.178037 3.429240 0.527717 2.489854 -0.638349 0.927259 0.951301 0.122026 11.060077 -0.130821 -0.104729 0.417273 3.820043
1 inf -8.128986 -0.257030 0.018503 -2.238375 -1.192403 3.430472 0.561279 2.494312 -0.627817 0.994635 0.935164 0.144487 11.055108 -0.155031 -0.118851 0.419314 3.809523
1 inf -8.109512 -0.269757 -0.013459 -2.241688 -1.171421 3.409411 0.537382 2.502452 -0.641277 0.971219 0.891332 0.131074 11.073015 -0.141606 -0.139126 0.436493 3.833516
1 inf -8.118973 -0.242910 -0.012578 -2.282498 -1.156735 3.392120 0.523138 2.507533 -0.640448 0.993804 0.906331 0.138388 11.087402 -0.152822 -0.142917 0.435644 3.824959
1 inf -8.095498 -0.228228 -0.067552 -2.315293 -1.154494 3.402789 0.543083 2.469822 -0.653289 0.990141 0.873431 0.157742 11.136665 -0.181471 -0.160377 0.425346 3.805433
1 inf -8.090664 -0.245254 -0.069326 -2.332975 -1.175044 3.421662 0.542809 2.506712 -0.631030 0.982024 0.878424 0.176523 11.132401 -0.176854 -0.135322 0.459420 3.842844
1 inf -8.071522 -0.227755 -0.034211 -2.342554 -1.157109 3.408703 0.550995 2.551453 -0.629472 0.963691 0.890200 0.155535 11.144294 -0.173221 -0.124643 0.457050 3.843010
1 inf -8.055664 -0.271691 -0.025034 -2.335083 -1.159619 3.386015 0.575703 2.601719 -0.652821 0.988997 0.898073 0.141515 11.138499 -0.185979 -0.131987 0.442412 3.833939
1 inf -8.073026 -0.266530 -0.012380 -2.298838 -1.152427 3.378414 0.585616 2.579884 -0.654711 0.997417 0.903382 0.123884 11.108521 -0.175193 -0.109636 0.458604 3.847559
1 inf -8.066565 -0.287272 -0.013447 -2.271204 -1.113131 3.410669 0.577158 2.612091 -0.658013 0.981378 0.888309 0.115180 11.107267 -0.202640 -0.081014 0.479967 3.819198
1 inf -8.078745 -0.278671 -0.060723 -2.263897 -1.111896 3.428166 0.520753 2.639415 -0.596587 0.970429 0.859368 0.130229 11.103408 -0.183509 -0.088086 0.496845 3.848293
1 inf -8.068139 -0.253892 -0.056700 -2.267193 -1.077318 3.412286 0.484149 2.638827 -0.624061 0.990658 0.886061 0.146340 11.129400 -0.205027 -0.092264 0.501435 3.821853
1 inf -8.058405 -0.280361 -0.053501 -2.237154 -1.083249 3.405635 0.483395 2.616722 -0.667149 0.996057 0.832177 0.161890 11.146669 -0.220387 -0.100841 0.479146 3.833868
1 inf -8.068290 -0.280917 -0.061363 -2.241207 -1.113794 3.411117 0.482058 2.623673 -0.677127 0.972918 0.829604 0.220491 11.147408 -0.251235 -0.072252 0.483171 3.801248
1 inf -8.069932 -0.301093 -0.042512 -2.226190 -1.109093 3.412628 0.445066 2.584369 -0.682236 0.973858 0.805297 0.191760 11.115115 -0.234277 -0.059739 0.452106 3.830211
1 inf -8.041435 -0.277149 -0.026809 -2.225214 -1.154031 3.412225 0.409529 2.603170 -0.647836 0.946055 0.818260 0.207739 11.086995 -0.210223 -0.062632 0.467927 3.832719
1 inf -7.984322 -0.251866 -0.045248 -2.251667 -1.142773 3.369894 0.376673 2.598132 -0.674696 0.933960 0.811512 0.254329 11.086221 -0.232887 -0.088854 0.508339 3.832767
1 inf -7.980072 -0.247729 -0.007216 -2.269681 -1.129319 3.308730 0.386802 2.621334 -0.658428 0.920277 0.850229 0.221284 11.075730 -0.244490 -0.100445 0.506767 3.806761
1 inf -7.974584 -0.211876 -0.039659 -2.249243 -1.100795 3.304311 0.374097 2.623423 -0.644976 0.912889 0.847945 0.238057 11.072346 -0.222260 -0.097880 0.517887 3.807667
1 inf -7.986024 -0.198154 -0.037613 -2.225285 -1.099517 3.326660 0.383757 2.583385 -0.628715 0.892899 0.821264 0.220467 11.070601 -0.228519 -0.055061 0.494882 3.841435
1 inf -8.012079 -0.193672 -0.031524 -2.235518 -1.081144 3.319125 0.414848 2.595199 -0.602937 0.889138 0.822933 0.197809 11.014893 -0.199508 -0.063729 0.511780 3.873201
1 inf -7.985078 -0.164718 0.010189 -2.266512 -1.107741 3.336807 0.436279 2.589431 -0.573019 0.918216 0.811862 0.198493 10.966093 -0.184037 -0.081991 0.532946 3.847795
1 inf -7.985047 -0.218827 -0.004921 -2.282149 -1.092746 3.360329 0.448216 2.573877 -0.524897 0.886747 0.785116 0.202503 10.983241 -0.160182 -0.101850 0.564325 3.857497
1 inf -7.965895 -0.232561 -0.021625 -2.336391 -1.056824 3.346269 0.476843 2.544592 -0.468551 0.929657 0.781252 0.175600 11.002893 -0.144892 -0.101977 0.583836 3.885552
1 inf -7.970735 -0.230875 -0.071184 -2.330147 -1.066308 3.343609 0.492756 2.548378 -0.477963 0.903827 0.791270 0.163196 10.988501 -0.149944 -0.120986 0.586025 3.881248
1 inf -7.999204 -0.217937 -0.087346 -2.333329 -1.097929 3.362686 0.448280 2.552272 -0.462655 0.886887 0.785801 0.165401 10.994961 -0.155866 -0.121509 0.624749 3.865685
1 inf -8.023849 -0.226900 -0.083026 -2.331748 -1.100998 3.334088 0.428128 2.595058 -0.420583 0.878436 0.813744 0.137720 10.993719 -0.122631 -0.095085 0.627469 3.837779
1 inf -7.986579 -0.231593 -0.095563 -2.316091 -1.102074 3.317108 0.431645 2.600304 -0.441992 0.903725 0.852577 0.121335 10.991087 -0.156405 -0.086571 0.625541 3.850618
1 inf -7.989322 -0.238333 -0.119474 -2.336563 -1.092415 3.316173 0.419520 2.632730 -0.438664 0.914325 0.855759 0.131529 10.961720 -0.130470 -0.090594 0.624709 3.846651
1 inf -7.957794 -0.226547 -0.099032 -2.350006 -1.118673 3.352994 0.405824 2.650450 -0.433197 0.934149 0.846458 0.134848 10.940398 -0.185588 -0.086468 0.592599 3.827099
1 inf -7.953587 -0.236946 -0.072843 -2.363590 -1.118312 3.367283 0.396019 2.634753 -0.426630 0.884724 0.858772 0.096540 10.914189 -0.188973 -0.103905 0.587098 3.873648
1 inf -7.963026 -0.278311 -0.067420 -2.382157 -1.085109 3.365880 0.415697 2.590887 -0.400464 0.869098 0.847424 0.046716 10.931704 -0.188540 -0.107590 0.618487 3.890439
1 inf -7.989849 -0.281282 -0.079162 -2.358997 -1.076159 3.307640 0.449430 2.622373 -0.402806 0.865701 0.886374 0.025753 10.954769 -0.185799 -0.104777 0.608742 3.879021
1 inf -8.022242 -0.294319 -0.088997 -2.335899 -1.071893 3.292284 0.432858 2.614258 -0.360790 0.868453 0.891827 0.056388 10.985310 -0.180836 -0.057545 0.635036 3.885708
1 inf -8.008748 -0.302222 -0.110003 -2.327133 -1.047047 3.270215 0.428031 2.625218 -0.397274 0.876204 0.915703 0.074983 10.956335 -0.183002 -0.003083 0.643222 3.899795
1 inf -8.019512 -0.310448 -0.093495 -2.339314 -1.060031 3.243333 0.406844 2.627501 -0.406948 0.881604 0.905457 0.087163 10.918134 -0.178616 -0.004722 0.615888 3.911617
1 inf -8.017423 -0.329509 -0.108225 -2.320455 -1.067332 3.251870 0.397648 2.635564 -0.413182 0.884997 0.916082 0.082512 10.944352 -0.208503 -0.009485 0.616977 3.941354
1 inf -8.000049 -0.316401 -0.134497 -2.337850 -1.085136 3.268323 0.400584 2.603005 -0.421730 0.901974 0.920969 0.097833 10.906781 -0.207952 -0.051019 0.558508 3.966875
1 inf -7.980056 -0.321647 -0.125612 -2.312417 -1.066501 3.248843 0.397137 2.574117 -0.449396 0.911153 0.873841 0.107564 10.906586 -0.217258 -0.065942 0.546686 3.973416
1 inf -7.964932 -0.338241 -0.156928 -2.312921 -1.074191 3.239954 0.412794 2.579120 -0.479842 0.945363 0.871300 0.125471 10.925684 -0.198105 -0.077639 0.540752 4.002164
1 inf -7.984755 -0.356787 -0.151333 -2.313822 -1.078376 3.286773 0.423882 2.572969 -0.480592 0.943732 0.868167 0.086170 10.911986 -0.197020 -0.107987 0.521161 3.968182
1 inf -7.970857 -0.332204 -0.138505 -2.333013 -1.102806 3.313765 0.415850 2.561534 -0.463477 0.955761 0.880746 0.115397 10.894059 -0.196344 -0.088623 0.533881 3.988594
1 inf -7.984134 -0.367377 -0.126981 -2.327202 -1.094814 3.290345 0.410554 2.571956 -0.478225 0.941912 0.822172 0.168772 10.890671 -0.200986 -0.075813 0.529854 4.003976
1 inf -7.981539 -0.386030 -0.133494 -2.285275 -1.106344 3.276178 0.444431 2.547096 -0.505338 0.915383 0.814596 0.135533 10.887181 -0.190586 -0.096752 0.518500 4.024065
1 inf -7.980543 -0.408336 -0.102933 -2.319951 -1.091865 3.276909 0.452687 2.555406 -0.517066 0.913480 0.817663 0.141749 10.921371 -0.165673 -0.106052 0.508646 4.056976
1 inf -7.967381 -0.410709 -0.123590 -2.271085 -1.110378 3.262033 0.478500 2.551294 -0.509090 0.919967 0.842016 0.182840 10.947213 -0.192080 -0.095735 0.533402 4.050845
1 inf -7.918826 -0.429854 -0.119170 -2.282933 -1.110361 3.239814 0.474261 2.563439 -0.493180 0.925051 0.829102 0.192064 10.967347 -0.178745 -0.078303 0.548514 4.042777
1 inf -7.919595 -0.443577 -0.128457 -2.254791 -1.128819 3.226628 0.470152 2.559740 -0.486206 0.937778 0.823943 0.197765 10.964204 -0.165709 -0.113727 0.554856 4.048969
1 inf -7.946440 -0.430218 -0.121808 -2.228807 -1.132444 3.239511 0.466126 2.567099 -0.484762 0.972472 0.795562 0.163400 10.951441 -0.167401 -0.108117 0.535131 3.989468
1 inf -7.924971 -0.440617 -0.130054 -2.254466 -1.148627 3.245629 0.507570 2.597143 -0.474517 0.923737 0.783456 0.188910 10.958782 -0.181241 -0.101661 0.495561 3.984494
1 inf -7.895742 -0.377330 -0.093554 -2.224201 -1.133377 3.230795 0.516854 2.582739 -0.465596 0.900963 0.791476 0.176446 10.957469 -0.145040 -0.066042 0.529792 3.993313
1 inf -7.872377 -0.362380 -0.092062 -2.194976 -1.138933 3.218848 0.520074 2.595897 -0.463219 0.921433 0.787060 0.167100 10.954201 -0.144121 -0.045140 0.508928 3.976120
1 inf -7.884357 -0.317081 -0.121324 -2.220310 -1.168851 3.184526 0.507297 2.558581 -0.499350 0.912519 0.821070 0.123029 10.936969 -0.125206 -0.049810 0.511784 3.993892
1 inf -7.860190 -0.344491 -0.101450 -2.233229 -1.184919 3.195350 0.528367 2.584024 -0.510553 0.904031 0.830319 0.130457 10.953073 -0.109422 -0.036536 0.536518 3.972649
1 inf -7.893397 -0.325327 -0.159022 -2.256972 -1.202277 3.168036 0.545226 2.602559 -0.516513 0.917712 0.848198 0.125849 10.962940 -0.117616 -0.027202 0.562310 3.975088
1 inf -7.858826 -0.288276 -0.158012 -2.277270 -1.179835 3.181788 0.573954 2.625768 -0.494024 0.920221 0.836515 0.127866 10.947471 -0.131304 -0.041851 0.523160 3.943711
1 inf -7.869185 -0.270504 -0.123253 -2.254224 -1.142700 3.184018 0.578218 2.635643 -0.489682 0.932177 0.854651 0.154909 10.971407 -0.141817 -0.046322 0.533387 3.926422
1 inf -7.878331 -0.281257 -0.095955 -2.239271 -1.155438 3.191513 0.605950 2.653845 -0.499389 0.912108 0.864899 0.184575 10.958909 -0.123068 -0.050402 0.547281 3.935731
