1 inf -8.759056 -0.570056 -0.452099 -2.206827 -1.576501 3.073522 -0.060400 2.392114 0.320939 0.931340 1.886694 -0.070209 10.268973 -0.382718 -0.358002 0.155367 4.058585
1 inf -8.728259 -0.582546 -0.487420 -2.235579 -1.586769 3.057028 -0.036268 2.384720 0.302894 0.934654 1.890555 -0.088090 10.281122 -0.400978 -0.335872 0.137073 4.059879
1 inf -8.748056 -0.571566 -0.478175 -2.235612 -1.556755 3.064409 -0.024535 2.377842 0.292165 0.948794 1.859623 -0.072363 10.261964 -0.414300 -0.341141 0.099588 4.086989
1 inf -8.728061 -0.562479 -0.462620 -2.261152 -1.585028 3.077620 -0.019204 2.414019 0.268608 0.913086 1.878110 -0.066351 10.257615 -0.439851 -0.365859 0.112028 4.104789
1 inf -8.699157 -0.566669 -0.482504 -2.269183 -1.594483 3.064001 -0.004891 2.419655 0.249039 0.880774 1.880301 -0.045189 10.285029 -0.453172 -0.366602 0.116471 4.101141
1 inf -8.696379 -0.534975 -0.508587 -2.280779 -1.568635 3.089181 0.026071 2.440912 0.269967 0.878385 1.830074 -0.093037 10.294753 -0.444196 -0.357383 0.071267 4.072805
1 inf -8.686807 -0.524156 -0.488483 -2.259097 -1.577303 3.111558 0.004805 2.477917 0.280810 0.869705 1.823060 -0.060470 10.306707 -0.454926 -0.346074 0.052623 4.101362
1 inf -8.724395 -0.561309 -0.459174 -2.215617 -1.576173 3.101354 -0.000362 2.450053 0.256562 0.849940 1.821688 -0.076885 10.334520 -0.461658 -0.332642 0.039385 4.107422
1 inf -8.731932 -0.562101 -0.507711 -2.192383 -1.558309 3.108180 -0.010634 2.463566 0.275049 0.835834 1.807424 -0.109923 10.291140 -0.408550 -0.310646 0.055480 4.140638
1 inf -8.728285 -0.550164 -0.519335 -2.180486 -1.541652 3.104166 0.020077 2.458152 0.286715 0.856534 1.770575 -0.107459 10.336673 -0.405240 -0.298143 0.088175 4.150400
1 inf -8.729784 -0.562187 -0.525449 -2.163174 -1.522648 3.095602 0.020775 2.474908 0.272643 0.876361 1.770838 -0.101175 10.332358 -0.362020 -0.277228 0.078590 4.152598
1 inf -8.749566 -0.549605 -0.544198 -2.186262 -1.521562 3.101025 0.052919 2.495380 0.246280 0.835559 1.782585 -0.123992 10.382097 -0.377706 -0.318789 0.076994 4.105642
1 inf -8.697746 -0.539617 -0.559997 -2.156749 -1.528627 3.100189 0.055569 2.499861 0.239623 0.832216 1.767747 -0.120505 10.372940 -0.353604 -0.319537 0.113247 4.142988
1 inf -8.714270 -0.550620 -0.574106 -2.163870 -1.536839 3.089482 0.078013 2.499877 0.213634 0.862665 1.736043 -0.093701 10.356029 -0.308155 -0.301608 0.095109 4.136717
1 inf -8.727455 -0.561841 -0.604251 -2.157342 -1.567960 3.073673 0.092858 2.510430 0.193938 0.880149 1.717515 -0.118247 10.391414 -0.313835 -0.287156 0.076242 4.095200
1 inf -8.743840 -0.564803 -0.623992 -2.137974 -1.507602 3.069672 0.102391 2.510358 0.220007 0.824563 1.711579 -0.159652 10.425095 -0.389535 -0.273366 0.087089 4.102704
1 inf -8.756111 -0.525047 -0.637588 -2.142104 -1.496943 3.081312 0.078350 2.511646 0.221028 0.772103 1.713266 -0.147266 10.425413 -0.357552 -0.305654 0.085187 4.111193
1 inf -8.764361 -0.501697 -0.639434 -2.162252 -1.525396 3.077348 0.059455 2.520366 0.188673 0.797835 1.736602 -0.128749 10.449333 -0.423108 -0.321137 0.125410 4.121130
1 inf -8.747088 -0.516508 -0.643705 -2.187586 -1.559150 3.073146 0.068046 2.506082 0.151563 0.759482 1.752391 -0.100345 10.441074 -0.406937 -0.288236 0.120568 4.139748
1 inf -8.732690 -0.508179 -0.629730 -2.170808 -1.562705 3.065027 0.048203 2.499438 0.174957 0.765332 1.731068 -0.123012 10.443489 -0.427745 -0.301783 0.134322 4.110435
1 inf -8.732678 -0.524371 -0.646967 -2.180395 -1.557085 3.013311 0.056340 2.525181 0.160182 0.754840 1.725126 -0.136533 10.437017 -0.442350 -0.326165 0.125541 4.120018
1 inf -8.775307 -0.530084 -0.674459 -2.171207 -1.529225 3.022157 0.052409 2.509623 0.159440 0.774680 1.696939 -0.126367 10.460016 -0.428503 -0.286578 0.106475 4.139243
1 inf -8.780829 -0.550166 -0.670955 -2.183199 -1.563968 3.031196 0.039384 2.497929 0.173741 0.789225 1.720036 -0.113259 10.421900 -0.410553 -0.297482 0.118822 4.119786
1 inf -8.766820 -0.522838 -0.656995 -2.159337 -1.543249 3.030106 0.030262 2.482618 0.191990 0.751057 1.738292 -0.101831 10.455336 -0.387850 -0.270554 0.105259 4.116199
1 inf -8.753183 -0.518964 -0.633942 -2.136524 -1.510141 3.043400 0.008850 2.509120 0.211065 0.729693 1.698651 -0.059180 10.499617 -0.368324 -0.280754 0.110520 4.096235
1 inf -8.755961 -0.521110 -0.614257 -2.136648 -1.499705 3.058709 -0.002362 2.515898 0.238056 0.735740 1.692625 -0.056779 10.518148 -0.349462 -0.262023 0.104650 4.107539
1 inf -8.747538 -0.548134 -0.596848 -2.143703 -1.486276 3.044178 0.025912 2.528346 0.215014 0.716060 1.682521 -0.043142 10.543466 -0.348403 -0.229719 0.087101 4.065489
1 inf -8.753753 -0.534775 -0.641160 -2.129108 -1.478662 3.060424 0.029800 2.503318 0.223180 0.719201 1.672552 -0.020985 10.540687 -0.324023 -0.202787 0.093935 4.082194
1 inf -8.749717 -0.515834 -0.639789 -2.126476 -1.510532 3.076899 -0.009695 2.519054 0.251600 0.734333 1.656027 0.015495 10.543531 -0.319759 -0.222380 0.096780 4.068691
1 inf -8.769706 -0.539329 -0.657499 -2.145875 -1.536312 3.101648 0.002176 2.510363 0.238652 0.714464 1.620768 -0.016256 10.566434 -0.331617 -0.265617 0.101943 4.064479
1 inf -8.759667 -0.518465 -0.664170 -2.187613 -1.553412 3.121405 -0.035399 2.542543 0.245846 0.727498 1.618871 -0.019327 10.543642 -0.336085 -0.282592 0.097747 4.065247
1 inf -8.767338 -0.519715 -0.658398 -2.152022 -1.550350 3.121496 -0.054066 2.536650 0.255202 0.743965 1.641596 -0.022584 10.516936 -0.312573 -0.301884 0.120007 4.070948
1 inf -8.751207 -0.550593 -0.657361 -2.187344 -1.580650 3.110896 -0.030441 2.533657 0.244983 0.730970 1.647168 -0.020114 10.522124 -0.330365 -0.307755 0.106269 4.084673
1 inf -8.726350 -0.541568 -0.628994 -2.165483 -1.611898 3.105746 -0.003359 2.521569 0.209647 0.705409 1.615176 -0.001994 10.488439 -0.326648 -0.309499 0.111836 4.045991
1 inf -8.726567 -0.556464 -0.611920 -2.152155 -1.614457 3.101396 0.034151 2.517683 0.202672 0.681921 1.651197 0.024393 10.429637 -0.323395 -0.289921 0.082919 4.039634
1 inf -8.731265 -0.583516 -0.599701 -2.186845 -1.589288 3.108472 -0.011307 2.531983 0.186888 0.682956 1.628863 0.064207 10.459769 -0.277821 -0.306516 0.067316 4.057321
1 inf -8.730575 -0.554957 -0.606873 -2.170659 -1.551302 3.124180 0.001298 2.514282 0.194506 0.680719 1.632556 0.071523 10.462479 -0.261096 -0.305541 0.070477 4.038797
1 inf -8.718448 -0.533979 -0.621254 -2.183938 -1.543278 3.142534 -0.001632 2.522839 0.215939 0.651754 1.614038 0.051638 10.454039 -0.227347 -0.289058 0.131151 4.073628
1 inf -8.719480 -0.568417 -0.620990 -2.199818 -1.570284 3.150999 0.028942 2.507627 0.193002 0.645042 1.601005 0.025340 10.454584 -0.223339 -0.293079 0.112478 4.060321
1 inf -8.716461 -0.597836 -0.675941 -2.181479 -1.544098 3.174956 -0.024313 2.498037 0.175131 0.660438 1.591490 0.001169 10.436368 -0.212627 -0.298888 0.089814 4.026654
1 inf -8.701466 -0.605581 -0.685022 -2.181632 -1.531140 3.167666 -0.015492 2.501487 0.176699 0.633887 1.591440 0.019159 10.444816 -0.227211 -0.275231 0.104260 3.986654
1 inf -8.736083 -0.563441 -0.683290 -2.185578 -1.553911 3.150242 -0.010694 2.509467 0.176610 0.653987 1.578365 0.040243 10.467291 -0.232540 -0.278323 0.101244 3.962087
1 inf -8.740018 -0.597339 -0.680735 -2.164685 -1.592737 3.131141 0.006301 2.494695 0.173166 0.699350 1.593717 0.060963 10.486285 -0.230632 -0.280893 0.100726 3.957141
1 inf -8.698455 -0.625319 -0.686757 -2.161981 -1.594419 3.152785 -0.023085 2.507977 0.167618 0.692419 1.614810 0.080506 10.498896 -0.219728 -0.300867 0.121758 3.969346
1 inf -8.708841 -0.627846 -0.671851 -2.159392 -1.596592 3.182200 -0.014920 2.493752 0.165771 0.702050 1.607111 0.024309 10.502875 -0.208685 -0.296847 0.139566 3.944580
1 inf -8.731482 -0.651344 -0.693099 -2.152086 -1.550739 3.181438 -0.005041 2.471387 0.179979 0.648110 1.602745 0.023926 10.483587 -0.187192 -0.278515 0.160451 3.966616
1 inf -8.741628 -0.639061 -0.677134 -2.115536 -1.558441 3.192188 0.017950 2.458749 0.173031 0.646647 1.601916 0.059705 10.510101 -0.216477 -0.270661 0.212967 3.974387
1 inf -8.747480 -0.610654 -0.723289 -2.105328 -1.554912 3.171521 0.040720 2.502712 0.140333 0.651697 1.627204 0.102380 10.477658 -0.224946 -0.296592 0.196180 3.962778
1 inf -8.734923 -0.597275 -0.703811 -2.118723 -1.535665 3.169734 0.041490 2.511465 0.168057 0.660789 1.625851 0.097799 10.467462 -0.236220 -0.306486 0.211327 3.926886
1 inf -8.665598 -0.565625 -0.688621 -2.118930 -1.511896 3.131411 0.036004 2.535625 0.189492 0.640447 1.631048 0.138079 10.449919 -0.253347 -0.288717 0.201929 3.928286
1 inf -8.668376 -0.567771 -0.668936 -2.119054 -1.501460 3.146720 0.024792 2.542403 0.216483 0.646494 1.625022 0.140480 10.468450 -0.234485 -0.269986 0.196059 3.939590
1 inf -8.664514 -0.577967 -0.656756 -2.096668 -1.471698 3.164788 0.030209 2.538052 0.233506 0.625629 1.589789 0.141986 10.452914 -0.214315 -0.270878 0.190244 3.939198
1 inf -8.667363 -0.565109 -0.669017 -2.106576 -1.462026 3.147931 0.025132 2.520753 0.260471 0.639145 1.615577 0.198481 10.439420 -0.219361 -0.280924 0.199282 3.957734
1 inf -8.682086 -0.545076 -0.643379 -2.144156 -1.458135 3.105280 0.059685 2.498085 0.277809 0.651442 1.587724 0.239520 10.405161 -0.211631 -0.266330 0.175677 3.966400
1 inf -8.663528 -0.516024 -0.620127 -2.148469 -1.398184 3.114792 0.077026 2.469187 0.294573 0.625265 1.564081 0.242582 10.387434 -0.205310 -0.313784 0.155357 3.995501
1 inf -8.609808 -0.486983 -0.624241 -2.143460 -1.389360 3.100684 0.116867 2.484893 0.306273 0.634396 1.545644 0.243729 10.373340 -0.192381 -0.330679 0.182284 3.988845
1 inf -8.609360 -0.495179 -0.629230 -2.164468 -1.422000 3.141745 0.126811 2.503875 0.313179 0.640734 1.536650 0.224629 10.380789 -0.186714 -0.316349 0.185132 4.037548
1 inf -8.605642 -0.496542 -0.664210 -2.169225 -1.418530 3.166602 0.140349 2.512570 0.349367 0.652338 1.536980 0.245709 10.376596 -0.219546 -0.306065 0.212596 4.009049
1 inf -8.607568 -0.459272 -0.637995 -2.138111 -1.438786 3.156757 0.144609 2.525338 0.326534 0.687367 1.506878 0.240577 10.392195 -0.208134 -0.327868 0.246430 4.013517
1 inf -8.615080 -0.467598 -0.601587 -2.141514 -1.424566 3.132177 0.156183 2.556654 0.339614 0.711597 1.543157 0.220732 10.395160 -0.219485 -0.328240 0.258385 3.992906
1 inf -8.647625 -0.487657 -0.590413 -2.125590 -1.409402 3.124769 0.147077 2.570788 0.343222 0.720726 1.504503 0.218762 10.361802 -0.194051 -0.314067 0.274453 3.963161
1 inf -8.644518 -0.458005 -0.641351 -2.101641 -1.414248 3.142397 0.172002 2.574569 0.356846 0.735923 1.478204 0.269817 10.373308 -0.196816 -0.342884 0.258322 3.963570
1 inf -8.640082 -0.450895 -0.637105 -2.148831 -1.447946 3.128881 0.161323 2.593524 0.355832 0.728930 1.483816 0.253768 10.340557 -0.162994 -0.317615 0.225459 3.966315
1 inf -8.625650 -0.431364 -0.634599 -2.177444 -1.462796 3.140282 0.177117 2.591435 0.345708 0.719736 1.486177 0.293520 10.331034 -0.164842 -0.352460 0.205250 3.928185
1 inf -8.590764 -0.426524 -0.650124 -2.152238 -1.488099 3.117205 0.190729 2.635341 0.343448 0.674290 1.501473 0.277627 10.324963 -0.186290 -0.339664 0.231970 3.944237
1 inf -8.608178 -0.417555 -0.646173 -2.188936 -1.510942 3.085145 0.187759 2.615053 0.352583 0.678545 1.511242 0.290520 10.333015 -0.170524 -0.325238 0.238025 3.949235
1 inf -8.613572 -0.399527 -0.614540 -2.182684 -1.509150 3.070896 0.158818 2.602299 0.327168 0.705267 1.486708 0.286110 10.323641 -0.162252 -0.311996 0.239136 3.943236
1 inf -8.619412 -0.368309 -0.641155 -2.180007 -1.525898 3.080171 0.142617 2.622989 0.373885 0.691385 1.478435 0.295407 10.313374 -0.176277 -0.321503 0.190850 3.927402
1 inf -8.639487 -0.340307 -0.668972 -2.195705 -1.575155 3.083970 0.127960 2.653153 0.345961 0.663960 1.455046 0.266608 10.313705 -0.200089 -0.292825 0.211931 3.927183
1 inf -8.629090 -0.338199 -0.673287 -2.193781 -1.618792 3.124981 0.114315 2.672599 0.323053 0.673653 1.458277 0.275087 10.293236 -0.175776 -0.275744 0.231996 3.909844
1 inf -8.618706 -0.311174 -0.674618 -2.207790 -1.617520 3.148729 0.144909 2.672849 0.288563 0.643801 1.459369 0.266673 10.292344 -0.192539 -0.289317 0.238090 3.907912
1 inf -8.593517 -0.337858 -0.649369 -2.207194 -1.609353 3.181495 0.107330 2.691798 0.312399 0.668530 1.494789 0.278151 10.292537 -0.198381 -0.273424 0.243999 3.932309
1 inf -8.572038 -0.303923 -0.614063 -2.167909 -1.599075 3.163222 0.101745 2.741293 0.303925 0.653289 1.493862 0.265816 10.262123 -0.187520 -0.254026 0.252029 3.926626
1 inf -8.571834 -0.293542 -0.623540 -2.146069 -1.593864 3.131923 0.112920 2.715437 0.282487 0.640286 1.493576 0.256551 10.285153 -0.186319 -0.276349 0.220665 3.942972
1 inf -8.534610 -0.287352 -0.629712 -2.167373 -1.581181 3.132380 0.110221 2.730015 0.307071 0.635110 1.452670 0.229522 10.260152 -0.201654 -0.270845 0.210049 3.940832
1 inf -8.571033 -0.323398 -0.613497 -2.178297 -1.526550 3.143841 0.092580 2.688825 0.277395 0.653901 1.473024 0.255072 10.199514 -0.202854 -0.273249 0.211476 3.916143
1 inf -8.566588 -0.350160 -0.644020 -2.174554 -1.537431 3.141937 0.099622 2.683621 0.283983 0.659361 1.493015 0.242624 10.196318 -0.200613 -0.250673 0.229497 3.912010
1 inf -8.569366 -0.352306 -0.624335 -2.174678 -1.526995 3.157246 0.088410 2.690399 0.310974 0.665408 1.486989 0.245025 10.214849 -0.181751 -0.231942 0.223627 3.923314
1 inf -8.562773 -0.378388 -0.666456 -2.157468 -1.537784 3.177176 0.062340 2.700066 0.332854 0.695171 1.496648 0.239051 10.198143 -0.186843 -0.206079 0.240940 3.923623
1 inf -8.562648 -0.404779 -0.637731 -2.157534 -1.543204 3.168011 0.049383 2.723926 0.296139 0.694790 1.493063 0.224474 10.157694 -0.145465 -0.205631 0.219617 3.925747
1 inf -8.579884 -0.381175 -0.628805 -2.163769 -1.519093 3.164467 0.029783 2.720871 0.360938 0.688206 1.507177 0.189451 10.165807 -0.165371 -0.193844 0.242319 3.888057
1 inf -8.581141 -0.404918 -0.600673 -2.129737 -1.507425 3.144834 0.003194 2.713837 0.399399 0.665229 1.528612 0.211979 10.158218 -0.201790 -0.204911 0.225536 3.886363
1 inf -8.559555 -0.414259 -0.633035 -2.143755 -1.502687 3.109678 0.007714 2.731200 0.377546 0.637314 1.556877 0.186010 10.161849 -0.188935 -0.208794 0.249552 3.883413
1 inf -8.558206 -0.406323 -0.650199 -2.215467 -1.496883 3.097066 0.016909 2.739007 0.383073 0.615451 1.584869 0.196237 10.124962 -0.174977 -0.197823 0.273474 3.916420
1 inf -8.565205 -0.377463 -0.629371 -2.194858 -1.524454 3.123254 0.038668 2.757226 0.367316 0.643766 1.564217 0.215588 10.141971 -0.184062 -0.199314 0.270158 3.891361
1 inf -8.558341 -0.395256 -0.636319 -2.190179 -1.549676 3.134796 0.044255 2.775497 0.403026 0.612713 1.582950 0.250219 10.134178 -0.207508 -0.225197 0.260833 3.866540
1 inf -8.549705 -0.395813 -0.670940 -2.222481 -1.515080 3.145003 0.040780 2.765313 0.435457 0.601082 1.580202 0.212696 10.136801 -0.217425 -0.238486 0.281221 3.855443
1 inf -8.559913 -0.346803 -0.674712 -2.210129 -1.528345 3.136628 0.083394 2.779781 0.430428 0.589782 1.590230 0.193379 10.115916 -0.239839 -0.243765 0.268398 3.828843
1 inf -8.532750 -0.352457 -0.704434 -2.206962 -1.512543 3.143304 0.102224 2.784406 0.411378 0.619285 1.530399 0.202339 10.125269 -0.210499 -0.251766 0.276716 3.853376
1 inf -8.567748 -0.321688 -0.675281 -2.207207 -1.518419 3.132527 0.110994 2.771355 0.419960 0.604749 1.547085 0.187657 10.114761 -0.193482 -0.249005 0.246432 3.859162
1 inf -8.543119 -0.348248 -0.678016 -2.215275 -1.563278 3.129111 0.133150 2.752802 0.374862 0.601235 1.559283 0.168045 10.109177 -0.234274 -0.230174 0.248324 3.846094
1 inf -8.521047 -0.347925 -0.654584 -2.193588 -1.553054 3.152243 0.109185 2.715708 0.378983 0.621996 1.554574 0.185150 10.122650 -0.228927 -0.207043 0.288997 3.830956
1 inf -8.550572 -0.359709 -0.648423 -2.184084 -1.592786 3.116771 0.108800 2.690565 0.382934 0.615564 1.585249 0.213340 10.132832 -0.218808 -0.190285 0.284806 3.873737
1 inf -8.513525 -0.391647 -0.640613 -2.196339 -1.566686 3.123418 0.138521 2.678376 0.378275 0.605846 1.566919 0.164218 10.166236 -0.202797 -0.184983 0.304130 3.850976
1 inf -8.514024 -0.423388 -0.602450 -2.247616 -1.565163 3.129368 0.146694 2.746509 0.367099 0.621314 1.557666 0.176388 10.173616 -0.210632 -0.199731 0.325454 3.850857
1 inf -8.484236 -0.413617 -0.594908 -2.224362 -1.573586 3.107030 0.152398 2.719063 0.404341 0.615502 1.577872 0.241203 10.219637 -0.221873 -0.183648 0.303003 3.866892
1 inf -8.463350 -0.428202 -0.618925 -2.211026 -1.546885 3.112942 0.132996 2.725144 0.414909 0.651654 1.572540 0.227064 10.182505 -0.162089 -0.180383 0.263076 3.890346
1 inf -8.487585 -0.401525 -0.615264 -2.213319 -1.517123 3.095528 0.099574 2.725252 0.411397 0.657952 1.534048 0.205968 10.181180 -0.171350 -0.148071 0.268103 3.913975
1 inf -8.496705 -0.407447 -0.594263 -2.208626 -1.494873 3.116118 0.114133 2.684165 0.401827 0.671611 1.539653 0.187530 10.148669 -0.179042 -0.160221 0.251403 3.932427
1 inf -8.520491 -0.388970 -0.551742 -2.168554 -1.484422 3.117942 0.126585 2.683012 0.411632 0.633730 1.529759 0.159004 10.111699 -0.144085 -0.163901 0.243869 3.929740
1 inf -8.521041 -0.402671 -0.566925 -2.200346 -1.512952 3.134529 0.129002 2.682580 0.415345 0.625167 1.529895 0.137207 10.130861 -0.194650 -0.157535 0.232701 3.928302
1 inf -8.522248 -0.387858 -0.552959 -2.198055 -1.503984 3.144191 0.143442 2.713069 0.423871 0.647716 1.515117 0.156113 10.169762 -0.170700 -0.162906 0.220937 3.894838
1 inf -8.515798 -0.435254 -0.557376 -2.196361 -1.520201 3.128972 0.133568 2.713140 0.473343 0.611161 1.530685 0.137565 10.153451 -0.184869 -0.155026 0.225920 3.891405
1 inf -8.467931 -0.435571 -0.548115 -2.197165 -1.529256 3.119795 0.133535 2.736615 0.516083 0.609396 1.495661 0.159216 10.167642 -0.175733 -0.166481 0.208367 3.895879
1 inf -8.470709 -0.437717 -0.528430 -2.197289 -1.518820 3.135104 0.122323 2.743393 0.543074 0.615443 1.489635 0.161617 10.186173 -0.156871 -0.147750 0.202497 3.907183
1 inf -8.477169 -0.442680 -0.546926 -2.206421 -1.512687 3.161206 0.112479 2.753438 0.569127 0.598487 1.433859 0.156810 10.178873 -0.166028 -0.159008 0.208444 3.864906
1 inf -8.484865 -0.443413 -0.576059 -2.193931 -1.516886 3.165812 0.072998 2.731741 0.580576 0.569623 1.397482 0.108392 10.217318 -0.179124 -0.155274 0.218658 3.838443
1 inf -8.534069 -0.475963 -0.571687 -2.199980 -1.505839 3.183052 0.114834 2.721258 0.605799 0.555480 1.417019 0.096594 10.238944 -0.169440 -0.133007 0.235105 3.852967
1 inf -8.516713 -0.504690 -0.572613 -2.187341 -1.550324 3.124293 0.153836 2.753468 0.590926 0.551867 1.427848 0.140584 10.239772 -0.126613 -0.175174 0.280522 3.834103
1 inf -8.518100 -0.483053 -0.577089 -2.199971 -1.527830 3.093929 0.157695 2.799047 0.587860 0.508788 1.448548 0.092719 10.258727 -0.133606 -0.160109 0.321759 3.823390
1 inf -8.523073 -0.497995 -0.596221 -2.249139 -1.520992 3.120561 0.154680 2.822872 0.626594 0.534428 1.447083 0.097005 10.265600 -0.134284 -0.193027 0.338843 3.848052
1 inf -8.516262 -0.475130 -0.611525 -2.250772 -1.573374 3.135166 0.139216 2.808627 0.606032 0.559632 1.432552 0.104533 10.255207 -0.155738 -0.210489 0.331131 3.803760
1 inf -8.533599 -0.462804 -0.605960 -2.223875 -1.592390 3.096647 0.167339 2.811179 0.624150 0.568642 1.438819 0.119964 10.255069 -0.142372 -0.228632 0.301046 3.803821
1 inf -8.517489 -0.469732 -0.575928 -2.235705 -1.565478 3.133729 0.182575 2.836476 0.670282 0.583407 1.462170 0.128476 10.236696 -0.136869 -0.218224 0.343955 3.795564
1 inf -8.543023 -0.434458 -0.596147 -2.252039 -1.570616 3.156870 0.202416 2.822037 0.643061 0.600828 1.450033 0.141208 10.258801 -0.137798 -0.238915 0.364492 3.786156
1 inf -8.501680 -0.426960 -0.561150 -2.263301 -1.591959 3.136313 0.242459 2.849764 0.638176 0.608469 1.435146 0.164020 10.289240 -0.118999 -0.265626 0.374560 3.830741
1 inf -8.478191 -0.469335 -0.531946 -2.255180 -1.581017 3.145839 0.269669 2.827914 0.645241 0.626945 1.464419 0.123282 10.313551 -0.109109 -0.249180 0.351673 3.850424
1 inf -8.462407 -0.479754 -0.528557 -2.249175 -1.561798 3.148883 0.271581 2.839654 0.657722 0.623878 1.458234 0.098367 10.331256 -0.116419 -0.256048 0.359944 3.881069
1 inf -8.455954 -0.475799 -0.522047 -2.281638 -1.558083 3.157493 0.274767 2.811050 0.632735 0.605971 1.460202 0.076864 10.310040 -0.151773 -0.245227 0.339898 3.869030
1 inf -8.436490 -0.521043 -0.543837 -2.292887 -1.585595 3.167345 0.286208 2.812517 0.620471 0.595721 1.462892 0.086815 10.299140 -0.123257 -0.224780 0.345393 3.902730
1 inf -8.457187 -0.516869 -0.571720 -2.335865 -1.584726 3.121059 0.308533 2.794726 0.630523 0.614968 1.458803 0.061889 10.290073 -0.154753 -0.222408 0.314180 3.928290
1 inf -8.450812 -0.484545 -0.570629 -2.349767 -1.550241 3.121730 0.272814 2.798740 0.636495 0.635846 1.446919 0.063991 10.274436 -0.154956 -0.249515 0.339363 3.881007
1 inf -8.452109 -0.504537 -0.578460 -2.310587 -1.525451 3.151992 0.253807 2.769334 0.622434 0.622265 1.411005 0.046208 10.261131 -0.166988 -0.263587 0.322211 3.852877
1 inf -8.449280 -0.504811 -0.544174 -2.265625 -1.524301 3.155878 0.253698 2.767658 0.655981 0.608913 1.418514 0.036579 10.276343 -0.204530 -0.239410 0.329773 3.852101
1 inf -8.473716 -0.531262 -0.570019 -2.298834 -1.530926 3.145340 0.263005 2.813099 0.677231 0.586039 1.469772 0.059158 10.258615 -0.202654 -0.234700 0.301805 3.877394
1 inf -8.498953 -0.507622 -0.545224 -2.298497 -1.516747 3.120432 0.204385 2.794779 0.644532 0.597428 1.436428 0.049342 10.220326 -0.222829 -0.255911 0.288426 3.844249
1 inf -8.517907 -0.496634 -0.532856 -2.299297 -1.543178 3.094138 0.217354 2.774479 0.672308 0.584855 1.424164 0.071591 10.216755 -0.232839 -0.246215 0.286109 3.831554
1 inf -8.507590 -0.475125 -0.544184 -2.297934 -1.539655 3.110029 0.231878 2.740979 0.652377 0.581336 1.436068 0.059500 10.221319 -0.220584 -0.208267 0.295636 3.841650
1 inf -8.519508 -0.481809 -0.518208 -2.285429 -1.544063 3.124168 0.222833 2.720788 0.631895 0.574431 1.447237 0.056933 10.230118 -0.241610 -0.204865 0.264420 3.799924
1 inf -8.527154 -0.494598 -0.524052 -2.285750 -1.536649 3.123861 0.238723 2.701738 0.603751 0.537592 1.449078 0.002128 10.212386 -0.212651 -0.195198 0.260321 3.785017
1 inf -8.486484 -0.501498 -0.521245 -2.282292 -1.549706 3.121912 0.252335 2.699336 0.613424 0.555606 1.422782 0.039926 10.234340 -0.206993 -0.188695 0.244069 3.782174
1 inf -8.489262 -0.503644 -0.501560 -2.282416 -1.539270 3.137221 0.241123 2.706114 0.640415 0.561653 1.416756 0.042327 10.252871 -0.188131 -0.169964 0.238199 3.793478
1 inf -8.479186 -0.510775 -0.514879 -2.272832 -1.521331 3.128152 0.229721 2.699441 0.660918 0.559216 1.437113 0.061133 10.259956 -0.178158 -0.157063 0.239897 3.811905
1 inf -8.443707 -0.498737 -0.516093 -2.300857 -1.546794 3.138985 0.264326 2.696377 0.648510 0.585042 1.396440 0.090562 10.231905 -0.143084 -0.149720 0.180640 3.829916
1 inf -8.460529 -0.441559 -0.503365 -2.288452 -1.548473 3.109452 0.259324 2.698307 0.650116 0.634219 1.416443 0.066354 10.237021 -0.151010 -0.191945 0.166386 3.840620
1 inf -8.483552 -0.431462 -0.481683 -2.326792 -1.578516 3.132245 0.223484 2.768709 0.649628 0.601942 1.473169 0.064353 10.230708 -0.150770 -0.213134 0.142232 3.844146
1 inf -8.487161 -0.456626 -0.533411 -2.340671 -1.601677 3.154747 0.245532 2.773842 0.678302 0.605879 1.490648 0.060215 10.171326 -0.124894 -0.238475 0.159769 3.802070
1 inf -8.496478 -0.479995 -0.544129 -2.331753 -1.600373 3.123298 0.248607 2.788890 0.697199 0.567360 1.508219 0.047897 10.136570 -0.119986 -0.251623 0.167384 3.815362
1 inf -8.498506 -0.480222 -0.565078 -2.336240 -1.611864 3.140723 0.200436 2.797747 0.679795 0.562559 1.505561 0.068500 10.160187 -0.092121 -0.252615 0.146738 3.806531
1 inf -8.523630 -0.486577 -0.570556 -2.341125 -1.601634 3.139226 0.205830 2.844604 0.695565 0.570176 1.532078 0.109739 10.132906 -0.114251 -0.256186 0.138080 3.871934
1 inf -8.525583 -0.512402 -0.559375 -2.313107 -1.610552 3.147172 0.230816 2.847504 0.692557 0.523849 1.528389 0.136491 10.153882 -0.125432 -0.270494 0.156345 3.847767
1 inf -8.550231 -0.497687 -0.544610 -2.316340 -1.597030 3.150149 0.195323 2.831838 0.676259 0.528589 1.547290 0.121608 10.187476 -0.103407 -0.267497 0.181433 3.816898
1 inf -8.553361 -0.471388 -0.517316 -2.323110 -1.592957 3.137994 0.183911 2.829633 0.678880 0.492790 1.538501 0.124339 10.198424 -0.093077 -0.253926 0.170595 3.828680
1 inf -8.546631 -0.460286 -0.502966 -2.333423 -1.585120 3.147814 0.152189 2.824385 0.606299 0.464579 1.530803 0.119600 10.174704 -0.101360 -0.226331 0.156686 3.824024
1 inf -8.573508 -0.453008 -0.459449 -2.331966 -1.569174 3.121201 0.152872 2.868134 0.592202 0.462872 1.566109 0.131154 10.164965 -0.074294 -0.231192 0.138735 3.802276
1 inf -8.563348 -0.478091 -0.457718 -2.303971 -1.570843 3.119097 0.140150 2.859102 0.602946 0.455775 1.555920 0.107448 10.182753 -0.094169 -0.243740 0.108119 3.799752
1 inf -8.590293 -0.446893 -0.408346 -2.276739 -1.566550 3.151873 0.119932 2.844160 0.629426 0.488021 1.554268 0.152562 10.166420 -0.120032 -0.250810 0.116338 3.758732
1 inf -8.600790 -0.421622 -0.379672 -2.251710 -1.601179 3.176560 0.124515 2.799376 0.597351 0.464392 1.576562 0.128898 10.188583 -0.108428 -0.277713 0.136807 3.746930
1 inf -8.581612 -0.421367 -0.375072 -2.223568 -1.587521 3.202198 0.098272 2.794503 0.593146 0.480198 1.614722 0.157128 10.181442 -0.113402 -0.238691 0.132086 3.750973
1 inf -8.632402 -0.397291 -0.346092 -2.168215 -1.620262 3.239740 0.123083 2.791902 0.568211 0.488039 1.626717 0.162763 10.188284 -0.134992 -0.244868 0.140161 3.723777
1 inf -8.635180 -0.399437 -0.326407 -2.168339 -1.609826 3.255049 0.111871 2.798680 0.595202 0.494086 1.620691 0.165164 10.206815 -0.116130 -0.226137 0.134291 3.735081
1 inf -8.663108 -0.380403 -0.301921 -2.180221 -1.634653 3.232289 0.089664 2.755296 0.628399 0.484951 1.628326 0.188410 10.220059 -0.104983 -0.203306 0.111925 3.733386
1 inf -8.689096 -0.334862 -0.279146 -2.186663 -1.648612 3.203159 0.092905 2.759722 0.613202 0.488231 1.646299 0.188238 10.208885 -0.075645 -0.229576 0.144342 3.710842
1 inf -8.715966 -0.339694 -0.283955 -2.174251 -1.631153 3.247242 0.090874 2.740967 0.588176 0.500075 1.649673 0.174034 10.222157 -0.088949 -0.236522 0.153817 3.718263
1 inf -8.680284 -0.284932 -0.308804 -2.189453 -1.633592 3.239617 0.073538 2.730283 0.595676 0.496540 1.663899 0.177018 10.238764 -0.102848 -0.218064 0.184809 3.700804
1 inf -8.675752 -0.258037 -0.279563 -2.160604 -1.604919 3.255371 0.071546 2.725542 0.591559 0.464507 1.672103 0.214027 10.264771 -0.079768 -0.231197 0.179834 3.702126
1 inf -8.680877 -0.290899 -0.273224 -2.147806 -1.639007 3.252211 0.063873 2.756539 0.566027 0.464402 1.677525 0.208596 10.259789 -0.039908 -0.191755 0.179521 3.743160
1 inf -8.672167 -0.308613 -0.271281 -2.149610 -1.652842 3.293762 0.046745 2.753571 0.606902 0.476372 1.654257 0.229381 10.230743 -0.033733 -0.186695 0.184290 3.734995
1 inf -8.698048 -0.271389 -0.249834 -2.137325 -1.666840 3.311243 0.070157 2.766069 0.582313 0.472249 1.697948 0.220965 10.200205 -0.054047 -0.190690 0.181370 3.736736
1 inf -8.732360 -0.278194 -0.243695 -2.151729 -1.702371 3.294144 0.071953 2.737854 0.575741 0.467288 1.642502 0.221370 10.205149 -0.072564 -0.150746 0.165463 3.748481
1 inf -8.714038 -0.270183 -0.265956 -2.112137 -1.712503 3.291132 0.070598 2.723355 0.590425 0.503101 1.620786 0.227303 10.179724 -0.093177 -0.172866 0.184677 3.737485
1 inf -8.725195 -0.246571 -0.307717 -2.109254 -1.707903 3.317560 0.069892 2.691623 0.582384 0.500091 1.637041 0.181103 10.156736 -0.099030 -0.167177 0.182629 3.741263
1 inf -8.739838 -0.232890 -0.278821 -2.078333 -1.701903 3.309310 0.086880 2.682920 0.588115 0.511901 1.653899 0.168834 10.158586 -0.081453 -0.151625 0.222304 3.707939
1 inf -8.763961 -0.193492 -0.278941 -2.099141 -1.681582 3.323499 0.085097 2.652730 0.580272 0.524819 1.666229 0.140057 10.167289 -0.101371 -0.116202 0.246982 3.699470
1 inf -8.730222 -0.161847 -0.265458 -2.121524 -1.725508 3.332461 0.092480 2.657222 0.593411 0.495264 1.694109 0.153447 10.162338 -0.093713 -0.088570 0.231533 3.679839
1 inf -8.703800 -0.159256 -0.279805 -2.117755 -1.724175 3.320607 0.119730 2.624505 0.602981 0.465686 1.704964 0.174099 10.170423 -0.094266 -0.100716 0.236420 3.704306
1 inf -8.741935 -0.146178 -0.280278 -2.109033 -1.693347 3.343150 0.149651 2.613780 0.599756 0.471955 1.695359 0.173940 10.147662 -0.103423 -0.080984 0.240887 3.733158
1 inf -8.769220 -0.151546 -0.268712 -2.134090 -1.689679 3.347785 0.152424 2.652948 0.620018 0.475619 1.713003 0.156039 10.134348 -0.118097 -0.115192 0.274286 3.707015
1 inf -8.819074 -0.187611 -0.298827 -2.157201 -1.716714 3.368240 0.117206 2.673159 0.644958 0.472911 1.684306 0.189791 10.152879 -0.135869 -0.168392 0.268933 3.717866
1 inf -8.849792 -0.200456 -0.248719 -2.182662 -1.720648 3.390350 0.134266 2.670108 0.607329 0.469935 1.690495 0.151651 10.181806 -0.119369 -0.142828 0.267869 3.699936
1 inf -8.849158 -0.190326 -0.262591 -2.162790 -1.719371 3.375845 0.169616 2.692649 0.597655 0.473090 1.679556 0.164322 10.181510 -0.096447 -0.139507 0.259183 3.730714
1 inf -8.864395 -0.174116 -0.251904 -2.190895 -1.731123 3.373087 0.153911 2.727027 0.632558 0.503787 1.643789 0.147604 10.158651 -0.064763 -0.140055 0.298470 3.745206
1 inf -8.871368 -0.183209 -0.260802 -2.211326 -1.766677 3.407792 0.180621 2.709598 0.612118 0.521402 1.626225 0.121408 10.163542 -0.057995 -0.143290 0.309013 3.738431
1 inf -8.841641 -0.183435 -0.225075 -2.213993 -1.752921 3.437280 0.191059 2.723751 0.602931 0.501743 1.614349 0.103010 10.155640 -0.097563 -0.135349 0.308693 3.762371
1 inf -8.827351 -0.179374 -0.238469 -2.152209 -1.758666 3.431141 0.184166 2.706068 0.597546 0.497479 1.605361 0.133011 10.092049 -0.108909 -0.156974 0.335261 3.783686
1 inf -8.859136 -0.192583 -0.231971 -2.174309 -1.770667 3.432979 0.182460 2.671295 0.576738 0.471233 1.625125 0.127280 10.092691 -0.136369 -0.176867 0.323390 3.778655
1 inf -8.837136 -0.217765 -0.254856 -2.166861 -1.743575 3.393799 0.224530 2.672962 0.607922 0.508360 1.647626 0.168493 10.084116 -0.172592 -0.175639 0.312412 3.784391
1 inf -8.839914 -0.219911 -0.235171 -2.166985 -1.733139 3.409108 0.213318 2.679740 0.634913 0.514407 1.641600 0.170894 10.102647 -0.153730 -0.156908 0.306542 3.795695
1 inf -8.869780 -0.195627 -0.237560 -2.184487 -1.741712 3.430453 0.221005 2.632192 0.611266 0.489132 1.672817 0.182162 10.117042 -0.169532 -0.217425 0.308447 3.830687
1 inf -8.866962 -0.204481 -0.253789 -2.140692 -1.715684 3.411728 0.211362 2.609961 0.623235 0.463235 1.673763 0.159639 10.142724 -0.169642 -0.247062 0.299148 3.849147
1 inf -8.863187 -0.170963 -0.234126 -2.168645 -1.708920 3.398503 0.196898 2.602248 0.626969 0.449077 1.712298 0.094340 10.127622 -0.173901 -0.260286 0.314959 3.855673
1 inf -8.866964 -0.150022 -0.177127 -2.151581 -1.718672 3.406311 0.184636 2.579024 0.597705 0.437045 1.719862 0.120083 10.163796 -0.135233 -0.274476 0.343536 3.905377
1 inf -8.879058 -0.138104 -0.214530 -2.148767 -1.733775 3.407549 0.194001 2.599331 0.580283 0.427416 1.747399 0.124580 10.186707 -0.154635 -0.284777 0.322044 3.922938
1 inf -8.883688 -0.099784 -0.209171 -2.138800 -1.723871 3.433548 0.193673 2.615925 0.574808 0.451610 1.737502 0.074681 10.166520 -0.134651 -0.306573 0.315603 3.930809
1 inf -8.909090 -0.090588 -0.201735 -2.121922 -1.744563 3.464745 0.213945 2.626575 0.559521 0.426736 1.735904 0.075974 10.134993 -0.123609 -0.348712 0.336492 3.915179
1 inf -8.931163 -0.118296 -0.196304 -2.146760 -1.767691 3.467462 0.238889 2.617985 0.580430 0.439331 1.747015 0.069696 10.106730 -0.112585 -0.356002 0.324488 3.913579
1 inf -8.901130 -0.131312 -0.165473 -2.162049 -1.761829 3.444388 0.234128 2.610172 0.599858 0.430784 1.803115 0.050852 10.118432 -0.119262 -0.332025 0.329216 3.961041
1 inf -8.851036 -0.118105 -0.187936 -2.162397 -1.754134 3.468179 0.244336 2.612872 0.617606 0.356522 1.820317 0.021938 10.116304 -0.113172 -0.324220 0.322305 3.914317
1 inf -8.836930 -0.140725 -0.212066 -2.178558 -1.735397 3.476458 0.258978 2.549841 0.655903 0.344203 1.825254 0.019092 10.133079 -0.099454 -0.340105 0.303523 3.911077
1 inf -8.796696 -0.125592 -0.234723 -2.181136 -1.768763 3.464896 0.251194 2.564516 0.656043 0.354377 1.815205 0.010014 10.094335 -0.115582 -0.316500 0.340390 3.877495
1 inf -8.783701 -0.112262 -0.224279 -2.180294 -1.783939 3.448746 0.248205 2.546407 0.639899 0.344061 1.791535 -0.016624 10.116016 -0.127008 -0.313403 0.349311 3.872080
1 inf -8.774718 -0.098499 -0.241072 -2.160781 -1.770303 3.457813 0.257111 2.584979 0.626577 0.321210 1.781389 -0.051176 10.103339 -0.098794 -0.293794 0.377740 3.901576
1 inf -8.782944 -0.088630 -0.230256 -2.168560 -1.760623 3.470015 0.270942 2.569396 0.687607 0.316813 1.751596 -0.047385 10.095248 -0.082722 -0.211883 0.386019 3.893020
1 inf -8.742506 -0.112960 -0.242328 -2.162846 -1.808625 3.447738 0.267352 2.578509 0.687612 0.290612 1.709892 -0.036732 10.029501 -0.105386 -0.215390 0.381486 3.889103
1 inf -8.705310 -0.092139 -0.224085 -2.191539 -1.760272 3.405811 0.252210 2.570840 0.690891 0.276305 1.730419 -0.027257 9.988666 -0.116351 -0.171161 0.356849 3.924760
1 inf -8.674344 -0.060964 -0.242082 -2.198190 -1.779032 3.436572 0.261445 2.573236 0.676715 0.279338 1.732134 0.000590 10.019050 -0.132265 -0.166429 0.378885 3.929192
1 inf -8.660658 -0.073586 -0.244041 -2.179363 -1.769123 3.468789 0.320838 2.612329 0.669287 0.298563 1.756375 -0.041721 10.001130 -0.125185 -0.167659 0.411749 3.945966
1 inf -8.647019 -0.075221 -0.237589 -2.204813 -1.799069 3.470400 0.308703 2.609670 0.650427 0.302551 1.768020 -0.030665 9.981102 -0.148323 -0.139637 0.445131 3.951899
1 inf -8.631464 -0.092329 -0.213158 -2.197681 -1.767933 3.452857 0.305868 2.603033 0.660044 0.333946 1.739919 -0.049033 9.992228 -0.125933 -0.110483 0.439853 3.952013
1 inf -8.653083 -0.073675 -0.217837 -2.222413 -1.771107 3.462192 0.325123 2.613404 0.638045 0.331782 1.756828 -0.081424 9.989956 -0.133202 -0.116312 0.450443 3.948464
1 inf -8.669187 -0.077987 -0.187777 -2.253266 -1.750396 3.448764 0.356596 2.642877 0.650833 0.305824 1.751047 -0.072762 9.979062 -0.185733 -0.131012 0.455017 3.921032
1 inf -8.661927 -0.047966 -0.195002 -2.261642 -1.783064 3.412750 0.395889 2.649182 0.643788 0.314255 1.739880 -0.046833 9.978454 -0.147660 -0.116444 0.445738 3.945061
1 inf -8.664705 -0.050112 -0.175317 -2.261766 -1.772628 3.428059 0.384677 2.655960 0.670779 0.320302 1.733854 -0.044432 9.996985 -0.128798 -0.097713 0.439868 3.956365
1 inf -8.685297 -0.051818 -0.146603 -2.290221 -1.796226 3.418019 0.398600 2.636715 0.641701 0.322644 1.706028 -0.027297 9.968819 -0.113864 -0.110128 0.431236 3.986811
1 inf -8.692640 -0.040531 -0.147064 -2.302773 -1.824217 3.426373 0.413432 2.632218 0.665010 0.296570 1.676955 0.009525 9.964038 -0.085201 -0.076981 0.398384 4.037995
1 inf -8.730723 -0.055964 -0.134571 -2.294947 -1.819847 3.461821 0.406108 2.600013 0.645923 0.308680 1.663551 0.002972 9.955673 -0.086726 -0.093461 0.419477 4.036386
1 inf -8.783278 -0.064001 -0.145098 -2.282718 -1.812460 3.470334 0.380264 2.610415 0.640474 0.299835 1.661025 0.007262 9.966539 -0.096596 -0.082657 0.427608 4.035141
1 inf -8.761940 -0.049059 -0.180379 -2.281925 -1.817112 3.457570 0.389439 2.585561 0.631279 0.317230 1.677954 -0.002376 9.978535 -0.094796 -0.078527 0.444832 4.084800
