1 inf -8.682243 -0.981665 -0.261676 -2.284857 -1.403620 3.395379 0.238551 2.569573 0.201191 0.621274 2.351420 0.165466 10.413501 -0.263443 0.197186 3.660774
1 inf -8.672347 -0.962769 -0.306309 -2.256984 -1.389275 3.404341 0.206251 2.553829 0.222704 0.587820 2.390923 0.157492 10.398377 -0.281812 0.212436 3.672564
1 inf -8.644860 -0.940281 -0.286088 -2.243550 -1.404027 3.433840 0.212897 2.543620 0.239672 0.584778 2.402053 0.166150 10.396057 -0.246745 0.222563 3.692861
1 inf -8.642115 -0.884072 -0.300436 -2.240570 -1.386943 3.429725 0.177970 2.572672 0.244588 0.602675 2.387494 0.156589 10.422469 -0.271341 0.233657 3.672866
1 inf -8.636896 -0.888153 -0.329262 -2.286431 -1.367975 3.454412 0.215947 2.616932 0.268524 0.569925 2.416805 0.183177 10.378844 -0.295229 0.203923 3.705389
1 inf -8.619295 -0.905867 -0.338732 -2.260913 -1.393192 3.452517 0.237852 2.617452 0.258658 0.550496 2.419710 0.182829 10.406252 -0.288167 0.208297 3.703885
1 inf -8.611452 -0.880150 -0.335133 -2.248627 -1.365667 3.441274 0.255299 2.603399 0.235378 0.546168 2.425403 0.197736 10.386383 -0.273003 0.190727 3.732513
1 inf -8.632138 -0.862406 -0.387274 -2.259287 -1.351689 3.462373 0.268258 2.601256 0.242012 0.575562 2.420777 0.162124 10.424746 -0.265045 0.174480 3.719766
1 inf -8.640985 -0.870438 -0.385347 -2.289995 -1.374244 3.460083 0.278779 2.598866 0.244765 0.587882 2.454908 0.177186 10.441015 -0.256544 0.203080 3.720239
1 inf -8.636179 -0.886614 -0.365104 -2.262833 -1.381895 3.439520 0.314201 2.618851 0.265063 0.559971 2.464088 0.191687 10.441904 -0.218636 0.205669 3.688123
1 inf -8.595543 -0.921062 -0.386363 -2.235548 -1.342310 3.407960 0.350557 2.637878 0.295546 0.510617 2.474503 0.189031 10.401094 -0.189017 0.240876 3.675910
1 inf -8.622553 -0.894042 -0.390074 -2.249335 -1.341230 3.427538 0.307176 2.659652 0.294014 0.529568 2.426792 0.235018 10.403956 -0.199197 0.244974 3.688481
1 inf -8.631887 -0.897093 -0.407180 -2.246098 -1.372827 3.378111 0.341013 2.633203 0.309650 0.526826 2.435666 0.232300 10.423429 -0.197242 0.232396 3.691360
1 inf -8.642925 -0.924651 -0.388797 -2.252886 -1.337487 3.381366 0.326905 2.597281 0.301322 0.475704 2.447342 0.219520 10.428352 -0.219529 0.223314 3.685627
1 inf -8.633936 -0.946498 -0.385021 -2.229831 -1.358243 3.361964 0.308380 2.613680 0.311433 0.468901 2.429607 0.198085 10.430437 -0.217888 0.218100 3.687087
1 inf -8.578793 -0.924613 -0.394689 -2.220315 -1.351044 3.331806 0.305048 2.657304 0.312853 0.466225 2.428041 0.157384 10.427718 -0.227279 0.271722 3.661298
1 inf -8.605923 -0.944642 -0.418218 -2.181416 -1.336986 3.336303 0.292785 2.658753 0.318455 0.450650 2.436575 0.173190 10.436145 -0.216933 0.279031 3.612416
1 inf -8.632536 -0.962239 -0.461038 -2.186863 -1.320912 3.300205 0.289624 2.614167 0.324132 0.435273 2.434398 0.163957 10.482664 -0.224288 0.244895 3.614349
1 inf -8.630044 -0.992520 -0.490662 -2.164470 -1.328228 3.307374 0.325159 2.639024 0.309122 0.461360 2.447584 0.149685 10.490236 -0.226850 0.229989 3.610300
1 inf -8.633362 -0.998298 -0.485003 -2.189024 -1.326416 3.278354 0.299532 2.649284 0.334853 0.457809 2.447852 0.167483 10.457887 -0.244057 0.224076 3.609141
1 inf -8.660096 -0.967909 -0.508733 -2.204679 -1.332689 3.248343 0.307594 2.634304 0.332360 0.436222 2.469136 0.220816 10.470539 -0.262965 0.212793 3.631323
1 inf -8.641896 -0.974854 -0.535492 -2.173759 -1.311926 3.254790 0.302411 2.637155 0.301707 0.426108 2.463549 0.213935 10.475403 -0.242681 0.191562 3.619787
1 inf -8.655430 -0.985860 -0.508413 -2.156261 -1.281344 3.277531 0.336308 2.656327 0.283989 0.422923 2.457841 0.186342 10.441722 -0.246425 0.197347 3.625998
1 inf -8.609077 -0.998500 -0.548806 -2.170089 -1.279035 3.300146 0.328125 2.623000 0.277844 0.434221 2.472826 0.154081 10.480391 -0.253250 0.196843 3.638155
1 inf -8.630943 -0.999077 -0.535137 -2.214475 -1.214251 3.337413 0.327168 2.590649 0.272278 0.399988 2.470598 0.187393 10.452748 -0.259763 0.219211 3.586415
1 inf -8.643431 -0.997408 -0.500273 -2.217560 -1.236401 3.350978 0.312623 2.557978 0.228478 0.404149 2.444632 0.196885 10.495851 -0.262716 0.222305 3.604822
1 inf -8.660279 -0.990962 -0.517622 -2.227649 -1.247672 3.349352 0.279820 2.564435 0.199490 0.407158 2.414401 0.191852 10.475775 -0.256364 0.224293 3.598806
1 inf -8.666729 -0.990414 -0.543874 -2.239861 -1.256290 3.359477 0.274249 2.545427 0.187495 0.431793 2.378657 0.166781 10.440115 -0.224801 0.235943 3.595758
1 125.47632 -8.657988 -0.972334 -0.583010 -2.235219 -1.255154 3.390302 0.295599 2.579214 0.217578 0.467492 2.390054 0.113088 10.447334 -0.217726 0.226841 3.613045
1 125.47632 -8.657988 -0.972334 -0.583010 -2.235219 -1.255154 3.390302 0.295599 2.579214 0.217578 0.467492 2.390054 0.113088 10.447334 -0.217726 0.226841 3.613045
1 124.66851 -8.646800 -0.960359 -0.617356 -2.223720 -1.249850 3.410134 0.301374 2.556223 0.234272 0.438612 2.407051 0.097412 10.447316 -0.219528 0.220115 3.621974
1 124.66851 -8.646800 -0.960359 -0.617356 -2.223720 -1.249850 3.410134 0.301374 2.556223 0.234272 0.438612 2.407051 0.097412 10.447316 -0.219528 0.220115 3.621974
1 125.12947 -8.630237 -0.964602 -0.655946 -2.206210 -1.220847 3.420182 0.335902 2.529064 0.245252 0.426412 2.383780 0.109942 10.447331 -0.252962 0.187427 3.614991
1 125.12947 -8.630237 -0.964602 -0.655946 -2.206210 -1.220847 3.420182 0.335902 2.529064 0.245252 0.426412 2.383780 0.109942 10.447331 -0.252962 0.187427 3.614991
1 125.12947 -8.630237 -0.964602 -0.655946 -2.206210 -1.220847 3.420182 0.335902 2.529064 0.245252 0.426412 2.383780 0.109942 10.447331 -0.252962 0.187427 3.614991
1 125.12947 -8.630237 -0.964602 -0.655946 -2.206210 -1.220847 3.420182 0.335902 2.529064 0.245252 0.426412 2.383780 0.109942 10.447331 -0.252962 0.187427 3.614991
1 125.12947 -8.630237 -0.964602 -0.655946 -2.206210 -1.220847 3.420182 0.335902 2.529064 0.245252 0.426412 2.383780 0.109942 10.447331 -0.252962 0.187427 3.614991
1 125.69926 -8.642346 -0.970962 -0.628307 -2.170138 -1.252697 3.445576 0.348251 2.536525 0.246800 0.386210 2.412506 0.114935 10.446871 -0.266150 0.172637 3.609445
1 125.69926 -8.642346 -0.970962 -0.628307 -2.170138 -1.252697 3.445576 0.348251 2.536525 0.246800 0.386210 2.412506 0.114935 10.446871 -0.266150 0.172637 3.609445
1 122.33036 -8.620619 -0.995534 -0.598106 -2.181755 -1.276008 3.432937 0.334556 2.531825 0.218583 0.379644 2.400265 0.105085 10.441103 -0.254336 0.179493 3.621949
1 122.33036 -8.620619 -0.995534 -0.598106 -2.181755 -1.276008 3.432937 0.334556 2.531825 0.218583 0.379644 2.400265 0.105085 10.441103 -0.254336 0.179493 3.621949
1 120.31347 -8.633353 -0.998842 -0.593777 -2.201030 -1.304367 3.401616 0.325488 2.540607 0.200914 0.370896 2.428585 0.143476 10.416280 -0.253123 0.217711 3.600604
1 114.95042 -8.619464 -0.965576 -0.604127 -2.211624 -1.324662 3.414099 0.346224 2.572234 0.211055 0.370175 2.416829 0.163816 10.377075 -0.267733 0.238107 3.590278
1 113.95631 -8.596763 -0.967256 -0.593426 -2.201831 -1.347002 3.394280 0.333306 2.557179 0.225839 0.386462 2.376993 0.151388 10.366209 -0.318070 0.216196 3.618049
1 113.95631 -8.596763 -0.967256 -0.593426 -2.201831 -1.347002 3.394280 0.333306 2.557179 0.225839 0.386462 2.376993 0.151388 10.366209 -0.318070 0.216196 3.618049
1 113.95631 -8.596763 -0.967256 -0.593426 -2.201831 -1.347002 3.394280 0.333306 2.557179 0.225839 0.386462 2.376993 0.151388 10.366209 -0.318070 0.216196 3.618049
1 113.95631 -8.596763 -0.967256 -0.593426 -2.201831 -1.347002 3.394280 0.333306 2.557179 0.225839 0.386462 2.376993 0.151388 10.366209 -0.318070 0.216196 3.618049
1 113.95631 -8.596763 -0.967256 -0.593426 -2.201831 -1.347002 3.394280 0.333306 2.557179 0.225839 0.386462 2.376993 0.151388 10.366209 -0.318070 0.216196 3.618049
1 113.95631 -8.596763 -0.967256 -0.593426 -2.201831 -1.347002 3.394280 0.333306 2.557179 0.225839 0.386462 2.376993 0.151388 10.366209 -0.318070 0.216196 3.618049
1 112.28648 -8.535085 -0.954636 -0.583322 -2.201778 -1.369511 3.388585 0.308652 2.557538 0.251477 0.371207 2.415895 0.161768 10.372636 -0.332283 0.199790 3.614501
1 112.616 -8.511508 -0.961182 -0.595510 -2.171706 -1.319788 3.400822 0.266702 2.563423 0.216480 0.366885 2.430085 0.149163 10.324220 -0.353088 0.181267 3.600398
1 112.616 -8.511508 -0.961182 -0.595510 -2.171706 -1.319788 3.400822 0.266702 2.563423 0.216480 0.366885 2.430085 0.149163 10.324220 -0.353088 0.181267 3.600398
1 112.616 -8.511508 -0.961182 -0.595510 -2.171706 -1.319788 3.400822 0.266702 2.563423 0.216480 0.366885 2.430085 0.149163 10.324220 -0.353088 0.181267 3.600398
1 112.616 -8.511508 -0.961182 -0.595510 -2.171706 -1.319788 3.400822 0.266702 2.563423 0.216480 0.366885 2.430085 0.149163 10.324220 -0.353088 0.181267 3.600398
1 108.44681 -8.518534 -0.969537 -0.597713 -2.221219 -1.375460 3.397334 0.282463 2.553575 0.204279 0.345664 2.423916 0.127902 10.308852 -0.350742 0.163125 3.596965
1 108.44681 -8.518534 -0.969537 -0.597713 -2.221219 -1.375460 3.397334 0.282463 2.553575 0.204279 0.345664 2.423916 0.127902 10.308852 -0.350742 0.163125 3.596965
1 103.2663 -8.509793 -0.993106 -0.579633 -2.260355 -1.370818 3.398470 0.313288 2.574925 0.238066 0.375747 2.459615 0.139299 10.255159 -0.343523 0.170200 3.587863
1 102.09849 -8.503872 -0.996793 -0.577086 -2.261842 -1.368631 3.391184 0.334556 2.550605 0.219632 0.359504 2.433080 0.123052 10.220973 -0.339778 0.188923 3.572382
1 102.09849 -8.503872 -0.996793 -0.577086 -2.261842 -1.368631 3.391184 0.334556 2.550605 0.219632 0.359504 2.433080 0.123052 10.220973 -0.339778 0.188923 3.572382
1 102.09849 -8.503872 -0.996793 -0.577086 -2.261842 -1.368631 3.391184 0.334556 2.550605 0.219632 0.359504 2.433080 0.123052 10.220973 -0.339778 0.188923 3.572382
1 99.502402 -8.492445 -0.972561 -0.642868 -2.262470 -1.374285 3.403642 0.305076 2.522934 0.230547 0.364894 2.431573 0.123206 10.196814 -0.323288 0.184920 3.569454
1 99.502402 -8.492445 -0.972561 -0.642868 -2.262470 -1.374285 3.403642 0.305076 2.522934 0.230547 0.364894 2.431573 0.123206 10.196814 -0.323288 0.184920 3.569454
1 99.536386 -8.474731 -0.974272 -0.640873 -2.230276 -1.352735 3.424171 0.345777 2.539794 0.264565 0.396684 2.432418 0.155458 10.187781 -0.350160 0.157472 3.603367
1 99.536386 -8.474731 -0.974272 -0.640873 -2.230276 -1.352735 3.424171 0.345777 2.539794 0.264565 0.396684 2.432418 0.155458 10.187781 -0.350160 0.157472 3.603367
1 99.536386 -8.474731 -0.974272 -0.640873 -2.230276 -1.352735 3.424171 0.345777 2.539794 0.264565 0.396684 2.432418 0.155458 10.187781 -0.350160 0.157472 3.603367
1 99.536386 -8.474731 -0.974272 -0.640873 -2.230276 -1.352735 3.424171 0.345777 2.539794 0.264565 0.396684 2.432418 0.155458 10.187781 -0.350160 0.157472 3.603367
1 99.131004 -8.474160 -0.926655 -0.664190 -2.222066 -1.362394 3.415582 0.320532 2.519243 0.257546 0.391384 2.441229 0.197627 10.170293 -0.363198 0.153067 3.624091
1 93.905037 -8.479781 -0.920511 -0.658001 -2.234004 -1.408888 3.457750 0.311790 2.488191 0.264837 0.399032 2.432083 0.180497 10.162008 -0.341151 0.187132 3.622539
1 93.905037 -8.479781 -0.920511 -0.658001 -2.234004 -1.408888 3.457750 0.311790 2.488191 0.264837 0.399032 2.432083 0.180497 10.162008 -0.341151 0.187132 3.622539
1 93.905037 -8.479781 -0.920511 -0.658001 -2.234004 -1.408888 3.457750 0.311790 2.488191 0.264837 0.399032 2.432083 0.180497 10.162008 -0.341151 0.187132 3.622539
1 93.905037 -8.479781 -0.920511 -0.658001 -2.234004 -1.408888 3.457750 0.311790 2.488191 0.264837 0.399032 2.432083 0.180497 10.162008 -0.341151 0.187132 3.622539
1 93.966232 -8.488681 -0.946747 -0.693030 -2.241518 -1.415139 3.459437 0.313608 2.469083 0.246986 0.393050 2.433362 0.178792 10.185250 -0.333494 0.192457 3.634063
1 93.966232 -8.488681 -0.946747 -0.693030 -2.241518 -1.415139 3.459437 0.313608 2.469083 0.246986 0.393050 2.433362 0.178792 10.185250 -0.333494 0.192457 3.634063
1 93.966232 -8.488681 -0.946747 -0.693030 -2.241518 -1.415139 3.459437 0.313608 2.469083 0.246986 0.393050 2.433362 0.178792 10.185250 -0.333494 0.192457 3.634063
1 93.966232 -8.488681 -0.946747 -0.693030 -2.241518 -1.415139 3.459437 0.313608 2.469083 0.246986 0.393050 2.433362 0.178792 10.185250 -0.333494 0.192457 3.634063
1 93.966232 -8.488681 -0.946747 -0.693030 -2.241518 -1.415139 3.459437 0.313608 2.469083 0.246986 0.393050 2.433362 0.178792 10.185250 -0.333494 0.192457 3.634063
1 93.966232 -8.488681 -0.946747 -0.693030 -2.241518 -1.415139 3.459437 0.313608 2.469083 0.246986 0.393050 2.433362 0.178792 10.185250 -0.333494 0.192457 3.634063
1 93.966232 -8.488681 -0.946747 -0.693030 -2.241518 -1.415139 3.459437 0.313608 2.469083 0.246986 0.393050 2.433362 0.178792 10.185250 -0.333494 0.192457 3.634063
1 93.966232 -8.488681 -0.946747 -0.693030 -2.241518 -1.415139 3.459437 0.313608 2.469083 0.246986 0.393050 2.433362 0.178792 10.185250 -0.333494 0.192457 3.634063
1 94.079778 -8.446396 -0.964241 -0.721272 -2.233896 -1.418847 3.457955 0.287125 2.471425 0.296354 0.429300 2.366724 0.197838 10.196593 -0.331794 0.189976 3.604574
1 91.972069 -8.476039 -0.991568 -0.728276 -2.236019 -1.407148 3.460564 0.265226 2.492595 0.320536 0.455053 2.348192 0.218459 10.166115 -0.325521 0.191319 3.605659
1 91.972069 -8.476039 -0.991568 -0.728276 -2.236019 -1.407148 3.460564 0.265226 2.492595 0.320536 0.455053 2.348192 0.218459 10.166115 -0.325521 0.191319 3.605659
1 91.972069 -8.476039 -0.991568 -0.728276 -2.236019 -1.407148 3.460564 0.265226 2.492595 0.320536 0.455053 2.348192 0.218459 10.166115 -0.325521 0.191319 3.605659
1 91.972069 -8.476039 -0.991568 -0.728276 -2.236019 -1.407148 3.460564 0.265226 2.492595 0.320536 0.455053 2.348192 0.218459 10.166115 -0.325521 0.191319 3.605659
1 91.763892 -8.467298 -0.973488 -0.767412 -2.231377 -1.406012 3.471961 0.211533 2.499814 0.327611 0.445951 2.365479 0.224859 10.122919 -0.312213 0.155496 3.585201
1 91.763892 -8.467298 -0.973488 -0.767412 -2.231377 -1.406012 3.471961 0.211533 2.499814 0.327611 0.445951 2.365479 0.224859 10.122919 -0.312213 0.155496 3.585201
1 88.486989 -8.490918 -0.950416 -0.752917 -2.252164 -1.410282 3.453680 0.232214 2.506713 0.325436 0.443874 2.369712 0.205540 10.085466 -0.285739 0.184297 3.578762
1 88.486989 -8.490918 -0.950416 -0.752917 -2.252164 -1.410282 3.453680 0.232214 2.506713 0.325436 0.443874 2.369712 0.205540 10.085466 -0.285739 0.184297 3.578762
1 88.486989 -8.490918 -0.950416 -0.752917 -2.252164 -1.410282 3.453680 0.232214 2.506713 0.325436 0.443874 2.369712 0.205540 10.085466 -0.285739 0.184297 3.578762
1 88.486989 -8.490918 -0.950416 -0.752917 -2.252164 -1.410282 3.453680 0.232214 2.506713 0.325436 0.443874 2.369712 0.205540 10.085466 -0.285739 0.184297 3.578762
1 87.921387 -8.494020 -0.952439 -0.770554 -2.241859 -1.411892 3.442611 0.211017 2.504673 0.335427 0.397839 2.338150 0.164331 10.061083 -0.300925 0.189255 3.582301
1 87.921387 -8.494020 -0.952439 -0.770554 -2.241859 -1.411892 3.442611 0.211017 2.504673 0.335427 0.397839 2.338150 0.164331 10.061083 -0.300925 0.189255 3.582301
1 87.559996 -8.483598 -0.899563 -0.769348 -2.215427 -1.428789 3.444611 0.198637 2.472564 0.339285 0.405524 2.385401 0.175956 10.057121 -0.270524 0.177258 3.578986
1 87.559996 -8.483598 -0.899563 -0.769348 -2.215427 -1.428789 3.444611 0.198637 2.472564 0.339285 0.405524 2.385401 0.175956 10.057121 -0.270524 0.177258 3.578986
1 87.559996 -8.483598 -0.899563 -0.769348 -2.215427 -1.428789 3.444611 0.198637 2.472564 0.339285 0.405524 2.385401 0.175956 10.057121 -0.270524 0.177258 3.578986
1 87.559996 -8.483598 -0.899563 -0.769348 -2.215427 -1.428789 3.444611 0.198637 2.472564 0.339285 0.405524 2.385401 0.175956 10.057121 -0.270524 0.177258 3.578986
1 87.559996 -8.483598 -0.899563 -0.769348 -2.215427 -1.428789 3.444611 0.198637 2.472564 0.339285 0.405524 2.385401 0.175956 10.057121 -0.270524 0.177258 3.578986
1 87.559996 -8.483598 -0.899563 -0.769348 -2.215427 -1.428789 3.444611 0.198637 2.472564 0.339285 0.405524 2.385401 0.175956 10.057121 -0.270524 0.177258 3.578986
1 88.990834 -8.498340 -0.902532 -0.759227 -2.208020 -1.423447 3.449618 0.147853 2.491392 0.357583 0.374696 2.421617 0.192904 10.073418 -0.264648 0.178189 3.591066
1 88.990834 -8.498340 -0.902532 -0.759227 -2.208020 -1.423447 3.449618 0.147853 2.491392 0.357583 0.374696 2.421617 0.192904 10.073418 -0.264648 0.178189 3.591066
1 88.990834 -8.498340 -0.902532 -0.759227 -2.208020 -1.423447 3.449618 0.147853 2.491392 0.357583 0.374696 2.421617 0.192904 10.073418 -0.264648 0.178189 3.591066
1 88.990834 -8.498340 -0.902532 -0.759227 -2.208020 -1.423447 3.449618 0.147853 2.491392 0.357583 0.374696 2.421617 0.192904 10.073418 -0.264648 0.178189 3.591066
1 88.382891 -8.526878 -0.872229 -0.766300 -2.225838 -1.442953 3.473179 0.153215 2.522485 0.348663 0.372113 2.426194 0.171145 10.054664 -0.233861 0.176188 3.578718
1 88.382891 -8.526878 -0.872229 -0.766300 -2.225838 -1.442953 3.473179 0.153215 2.522485 0.348663 0.372113 2.426194 0.171145 10.054664 -0.233861 0.176188 3.578718
1 88.382891 -8.526878 -0.872229 -0.766300 -2.225838 -1.442953 3.473179 0.153215 2.522485 0.348663 0.372113 2.426194 0.171145 10.054664 -0.233861 0.176188 3.578718
1 88.382891 -8.526878 -0.872229 -0.766300 -2.225838 -1.442953 3.473179 0.153215 2.522485 0.348663 0.372113 2.426194 0.171145 10.054664 -0.233861 0.176188 3.578718
1 88.382891 -8.526878 -0.872229 -0.766300 -2.225838 -1.442953 3.473179 0.153215 2.522485 0.348663 0.372113 2.426194 0.171145 10.054664 -0.233861 0.176188 3.578718
1 88.382891 -8.526878 -0.872229 -0.766300 -2.225838 -1.442953 3.473179 0.153215 2.522485 0.348663 0.372113 2.426194 0.171145 10.054664 -0.233861 0.176188 3.578718
1 88.382891 -8.526878 -0.872229 -0.766300 -2.225838 -1.442953 3.473179 0.153215 2.522485 0.348663 0.372113 2.426194 0.171145 10.054664 -0.233861 0.176188 3.578718
1 88.382891 -8.526878 -0.872229 -0.766300 -2.225838 -1.442953 3.473179 0.153215 2.522485 0.348663 0.372113 2.426194 0.171145 10.054664 -0.233861 0.176188 3.578718
1 88.382891 -8.526878 -0.872229 -0.766300 -2.225838 -1.442953 3.473179 0.153215 2.522485 0.348663 0.372113 2.426194 0.171145 10.054664 -0.233861 0.176188 3.578718
1 88.382891 -8.526878 -0.872229 -0.766300 -2.225838 -1.442953 3.473179 0.153215 2.522485 0.348663 0.372113 2.426194 0.171145 10.054664 -0.233861 0.176188 3.578718
1 88.382891 -8.526878 -0.872229 -0.766300 -2.225838 -1.442953 3.473179 0.153215 2.522485 0.348663 0.372113 2.426194 0.171145 10.054664 -0.233861 0.176188 3.578718
