1 inf -8.829815 -0.835500 -0.100473 -2.570724 -1.746142 3.390435 0.065105 2.036512 -0.269180 -0.149648 2.936636 -0.384105 10.770900 -1.289124 -0.996788 0.336963 3.001608
1 inf -8.806081 -0.868451 -0.090940 -2.581008 -1.756098 3.403583 0.049688 2.034806 -0.300060 -0.148756 2.965230 -0.422487 10.794325 -1.288671 -0.938927 0.379176 2.990102
1 inf -8.827665 -0.834521 -0.049570 -2.612775 -1.769573 3.395942 0.041312 2.042732 -0.285043 -0.174880 2.955509 -0.398870 10.810991 -1.301535 -0.980917 0.394993 3.032913
1 inf -8.853807 -0.830356 -0.029662 -2.606417 -1.746418 3.388907 0.072197 2.013827 -0.291129 -0.118321 2.928671 -0.389134 10.841133 -1.292153 -1.003705 0.393633 2.990791
1 inf -8.826097 -0.831789 -0.041969 -2.624528 -1.777094 3.379194 0.076276 2.009558 -0.303734 -0.130159 2.916937 -0.394623 10.818545 -1.277731 -0.981019 0.407915 2.983849
1 inf -8.829373 -0.842013 -0.038345 -2.616719 -1.801256 3.387252 0.041908 2.064385 -0.319147 -0.119302 2.901362 -0.388510 10.839328 -1.285800 -0.958078 0.429743 2.986139
1 inf -8.837102 -0.870867 -0.032101 -2.628221 -1.790024 3.402978 0.059787 2.056870 -0.305337 -0.100741 2.877060 -0.373362 10.830414 -1.270016 -0.961027 0.469501 2.980716
1 inf -8.821001 -0.872967 0.015842 -2.622780 -1.753844 3.406599 0.056000 2.049888 -0.283688 -0.101465 2.927315 -0.389332 10.855365 -1.243308 -0.963000 0.471879 2.954122
1 inf -8.818737 -0.860401 -0.011233 -2.662879 -1.780921 3.399472 0.095902 2.015304 -0.293586 -0.066579 2.917593 -0.388554 10.829079 -1.270491 -0.963112 0.462085 2.946135
1 inf -8.843751 -0.848165 0.019721 -2.646152 -1.812198 3.386036 0.099220 2.033167 -0.268895 -0.050634 2.888983 -0.396512 10.839747 -1.268168 -0.985668 0.480120 2.953447
1 inf -8.778730 -0.852148 0.010034 -2.654936 -1.833697 3.375494 0.076352 2.020844 -0.259153 -0.020845 2.874850 -0.424220 10.836220 -1.251963 -1.000758 0.488033 2.943220
1 inf -8.845093 -0.824162 -0.029752 -2.701185 -1.822845 3.368810 0.060989 2.012138 -0.218114 -0.000033 2.907988 -0.443259 10.846723 -1.218611 -0.982643 0.454230 2.947322
1 inf -8.849297 -0.855557 -0.060000 -2.689527 -1.791860 3.377343 0.043226 2.040201 -0.192162 0.040829 2.925490 -0.439018 10.792542 -1.227990 -1.025085 0.418795 2.982377
1 inf -8.836431 -0.829066 -0.075178 -2.715648 -1.748480 3.350119 0.074706 2.050761 -0.199130 0.018303 2.919006 -0.453706 10.815857 -1.226586 -1.009005 0.428800 2.956893
1 inf -8.825120 -0.806044 -0.061718 -2.704376 -1.748763 3.381955 0.091587 2.051856 -0.221340 -0.015033 2.947824 -0.446615 10.803204 -1.273737 -1.003941 0.445452 2.973270
1 inf -8.835641 -0.809217 -0.024041 -2.676562 -1.751402 3.339134 0.091554 2.022077 -0.230669 -0.033595 2.924208 -0.456369 10.785541 -1.285848 -0.977938 0.445700 2.933946
1 inf -8.849840 -0.841464 -0.044291 -2.688767 -1.759939 3.361280 0.057467 2.025606 -0.216241 -0.015389 2.909806 -0.496508 10.826295 -1.231894 -0.975682 0.451655 2.944713
1 inf -8.853220 -0.879206 -0.033729 -2.726294 -1.772426 3.390216 0.034308 2.053298 -0.254308 0.023240 2.888273 -0.513639 10.819259 -1.232990 -1.007618 0.455829 2.985222
1 inf -8.827203 -0.863957 -0.025025 -2.755826 -1.778296 3.400375 0.041652 2.019780 -0.255907 0.052449 2.882701 -0.508554 10.761053 -1.223774 -1.014695 0.467546 2.965560
1 inf -8.841173 -0.848777 -0.030755 -2.785373 -1.772450 3.439797 0.032502 2.019332 -0.270203 0.083518 2.860816 -0.488629 10.695682 -1.183536 -0.987428 0.470850 2.942291
1 inf -8.790627 -0.838848 -0.035443 -2.775600 -1.785574 3.433120 0.086628 2.064778 -0.274363 0.067930 2.886169 -0.471695 10.672118 -1.156288 -0.979936 0.415411 2.921019
1 inf -8.809569 -0.853033 -0.053180 -2.824141 -1.788138 3.420377 0.087867 2.049924 -0.269769 0.044723 2.857358 -0.486019 10.643997 -1.112554 -0.986780 0.428759 2.920089
1 inf -8.816148 -0.886392 -0.060265 -2.812076 -1.790655 3.399283 0.100979 2.019335 -0.258593 0.041038 2.875525 -0.509960 10.620296 -1.126810 -0.947204 0.385944 2.916291
1 inf -8.832778 -0.892945 -0.049953 -2.787343 -1.759481 3.369384 0.076113 1.994067 -0.241929 0.027926 2.907698 -0.511477 10.621141 -1.111230 -0.945644 0.408418 2.919674
1 inf -8.831107 -0.881231 -0.030817 -2.776722 -1.760735 3.403339 0.106211 2.008278 -0.254574 0.012156 2.913785 -0.514278 10.668816 -1.088421 -0.952308 0.418605 2.925682
1 inf -8.830534 -0.862499 -0.047740 -2.770924 -1.742012 3.384925 0.116500 2.008594 -0.238636 0.002288 2.905838 -0.484510 10.658969 -1.061509 -0.957869 0.431830 2.938579
1 inf -8.799407 -0.840441 -0.038646 -2.743311 -1.744615 3.421086 0.097265 2.028226 -0.234904 -0.018984 2.933491 -0.474776 10.660545 -1.032345 -0.953002 0.430815 2.944449
1 inf -8.844413 -0.843991 -0.062132 -2.721538 -1.722081 3.411356 0.059318 2.013265 -0.203298 -0.040643 2.902827 -0.470450 10.611506 -1.031875 -0.934229 0.413634 2.932876
1 inf -8.850031 -0.842480 -0.058272 -2.746509 -1.688382 3.378757 0.053082 1.938950 -0.195340 -0.017152 2.916640 -0.456269 10.609368 -1.004718 -0.948248 0.419540 2.961187
1 inf -8.880389 -0.844166 -0.054023 -2.752046 -1.675525 3.361112 0.043019 1.934580 -0.192074 0.006626 2.920680 -0.420845 10.599518 -1.013342 -0.941928 0.430531 2.973566
1 inf -8.907698 -0.802690 -0.023518 -2.757295 -1.682701 3.390320 0.006571 1.921866 -0.204483 0.029471 2.931682 -0.415325 10.600998 -1.021359 -0.957265 0.445849 3.015015
1 inf -8.906798 -0.797289 0.024503 -2.745878 -1.689241 3.389686 0.005115 1.949942 -0.181371 0.038771 2.923143 -0.405007 10.573381 -1.022706 -0.954972 0.453921 3.041809
1 inf -8.901994 -0.803609 0.069785 -2.750363 -1.708685 3.404388 -0.044616 1.942196 -0.151111 -0.000989 2.881015 -0.401941 10.551587 -1.044435 -0.925760 0.436250 3.062324
1 inf -8.914979 -0.794365 0.090833 -2.746629 -1.709371 3.371663 -0.036032 1.914313 -0.162886 -0.006472 2.886315 -0.412296 10.593672 -1.061077 -0.906295 0.449273 3.033292
1 inf -8.904651 -0.782605 0.080624 -2.701152 -1.706875 3.351942 -0.019724 1.929826 -0.128882 -0.006893 2.901864 -0.429099 10.575126 -1.095464 -0.934817 0.462033 3.030649
1 inf -8.878624 -0.788694 0.078266 -2.711952 -1.713492 3.356344 -0.042991 1.934526 -0.110754 0.001929 2.885666 -0.445247 10.626705 -1.084044 -0.934153 0.491956 3.049062
1 inf -8.838121 -0.811715 0.078020 -2.708649 -1.713821 3.369678 -0.033619 1.964946 -0.086865 -0.025469 2.907580 -0.428037 10.627369 -1.084276 -0.953668 0.517908 3.042306
1 inf -8.839757 -0.838010 0.088264 -2.748537 -1.715227 3.348189 -0.008267 1.925739 -0.127379 -0.028829 2.914067 -0.407852 10.627416 -1.083993 -0.952935 0.514038 3.071192
1 inf -8.796127 -0.803988 0.084809 -2.723090 -1.723895 3.368002 0.011341 1.922346 -0.155734 -0.057527 2.924140 -0.425805 10.619666 -1.097262 -0.935880 0.538531 3.102275
1 inf -8.769775 -0.788126 0.094094 -2.728749 -1.715099 3.375123 0.043990 1.892068 -0.172313 -0.026879 2.936938 -0.400667 10.629213 -1.129473 -0.913722 0.543492 3.108215
1 inf -8.736332 -0.796117 0.082734 -2.730418 -1.709256 3.376988 0.077604 1.864050 -0.190487 0.003548 2.930788 -0.405298 10.611525 -1.139327 -0.946855 0.550124 3.054585
1 inf -8.745427 -0.772938 0.069158 -2.695880 -1.739578 3.353130 0.090828 1.860834 -0.210495 -0.000021 2.911570 -0.410930 10.644107 -1.094669 -0.972695 0.526671 3.054065
1 inf -8.760824 -0.785419 0.061127 -2.693330 -1.718794 3.349653 0.095914 1.887242 -0.201693 -0.000460 2.893942 -0.434756 10.695431 -1.103143 -0.977025 0.542178 3.034947
1 inf -8.732226 -0.771856 0.084555 -2.708432 -1.712501 3.351735 0.078117 1.875372 -0.189954 0.035713 2.876578 -0.425750 10.691803 -1.077370 -0.958204 0.519000 3.020602
1 inf -8.678840 -0.750981 0.099114 -2.708592 -1.704752 3.322227 0.073068 1.918553 -0.232354 0.044553 2.910161 -0.456412 10.692299 -1.058871 -0.979812 0.516121 3.032822
1 inf -8.689283 -0.797641 0.113858 -2.714235 -1.696392 3.357066 0.025898 1.911232 -0.231633 0.003563 2.908420 -0.448994 10.748134 -1.088935 -0.951506 0.503947 3.059133
1 inf -8.719006 -0.804165 0.140129 -2.718588 -1.721717 3.378984 0.017941 1.872337 -0.261399 0.041775 2.932183 -0.455674 10.743850 -1.060225 -0.969046 0.472957 3.039001
1 inf -8.739525 -0.831249 0.141495 -2.723967 -1.725033 3.375054 0.010160 1.859545 -0.256159 0.015262 2.934467 -0.461914 10.719960 -1.093586 -0.983271 0.440167 3.046743
1 inf -8.733279 -0.813143 0.108675 -2.693226 -1.709293 3.370177 0.032955 1.839886 -0.289219 -0.020433 2.952769 -0.444697 10.722958 -1.070152 -0.989565 0.424102 3.024804
1 inf -8.724306 -0.814712 0.118781 -2.687883 -1.746214 3.396451 0.023495 1.811347 -0.286915 -0.037149 2.933269 -0.479203 10.694630 -1.054531 -0.976311 0.419263 3.047593
1 inf -8.741196 -0.769279 0.115204 -2.655671 -1.765088 3.400945 0.053557 1.823989 -0.304212 -0.031609 2.888577 -0.474290 10.719799 -1.038578 -0.952236 0.429675 3.037824
1 inf -8.741013 -0.756902 0.106147 -2.674269 -1.715096 3.411831 0.075624 1.852571 -0.299943 -0.066034 2.905884 -0.447309 10.758828 -1.030570 -1.014085 0.434906 3.046354
1 inf -8.725281 -0.715068 0.091153 -2.683425 -1.715837 3.414292 0.071365 1.852961 -0.266853 -0.085083 2.957692 -0.479292 10.791181 -1.028802 -1.007592 0.446102 3.029185
1 inf -8.670957 -0.685229 0.085980 -2.637939 -1.687343 3.417077 0.084049 1.867411 -0.261764 -0.089954 2.951275 -0.518802 10.766661 -1.046974 -0.980257 0.449910 3.038215
1 inf -8.682038 -0.701398 0.102360 -2.618615 -1.711464 3.391953 0.086742 1.865265 -0.256890 -0.050123 2.961197 -0.540025 10.758100 -1.049743 -0.982759 0.454572 3.010435
1 inf -8.699127 -0.708069 0.056299 -2.623661 -1.699654 3.365975 0.078035 1.892572 -0.293404 -0.053557 2.960306 -0.531780 10.745311 -1.038250 -0.973764 0.491353 3.005628
1 inf -8.627815 -0.685234 0.052058 -2.579141 -1.663783 3.334618 0.048057 1.882632 -0.290779 -0.048389 2.994607 -0.518093 10.782281 -1.095759 -0.959921 0.497754 2.996511
1 inf -8.662168 -0.701790 0.050299 -2.577361 -1.671381 3.342797 0.040335 1.887022 -0.293855 -0.049523 2.972664 -0.530095 10.770423 -1.119819 -0.962579 0.457283 2.970006
1 inf -8.660081 -0.691502 0.079735 -2.621074 -1.687508 3.375117 0.058228 1.870420 -0.296190 -0.057563 2.981951 -0.558830 10.780965 -1.085325 -0.964931 0.445638 2.986102
1 inf -8.676924 -0.701471 0.084013 -2.619191 -1.690268 3.349525 0.059763 1.876095 -0.300088 -0.092980 2.985089 -0.563287 10.787406 -1.054213 -0.976862 0.456816 2.985490
1 inf -8.717705 -0.720790 0.051157 -2.635954 -1.694033 3.359229 0.086075 1.889375 -0.301100 -0.069581 2.957497 -0.545074 10.837400 -1.064441 -0.973849 0.422730 2.996936
1 inf -8.726946 -0.732708 0.077531 -2.657891 -1.680793 3.377616 0.093957 1.871371 -0.300342 -0.057791 2.968490 -0.543588 10.870520 -1.093185 -0.952627 0.413378 2.965361
1 inf -8.723462 -0.738027 0.068334 -2.620103 -1.687438 3.333002 0.027688 1.879076 -0.327344 -0.070691 2.959921 -0.556161 10.890807 -1.091663 -0.976708 0.410955 2.982188
1 inf -8.733448 -0.762469 0.060502 -2.626901 -1.695785 3.334403 0.000410 1.900459 -0.319034 -0.065378 2.965007 -0.523442 10.890839 -1.100483 -0.976440 0.417187 2.987502
1 inf -8.762052 -0.782462 0.050446 -2.657716 -1.676042 3.308113 0.044506 1.906913 -0.323017 -0.056073 2.963485 -0.500305 10.880093 -1.077778 -0.945125 0.450903 2.993972
1 inf -8.753449 -0.806940 0.079602 -2.687754 -1.664775 3.305806 0.006114 1.882978 -0.298429 -0.015280 2.952457 -0.476165 10.886081 -1.066749 -0.921431 0.452915 2.996030
1 inf -8.727485 -0.795708 0.075375 -2.686452 -1.682364 3.284338 0.013684 1.877489 -0.292940 -0.043706 2.934108 -0.458171 10.881726 -1.063587 -0.944585 0.421654 3.014716
1 inf -8.690768 -0.787445 0.046421 -2.707019 -1.679513 3.285478 0.012220 1.861302 -0.290025 -0.004331 2.953753 -0.424559 10.905660 -1.046951 -0.926505 0.402194 3.018845
1 inf -8.690192 -0.800824 0.038870 -2.738248 -1.655460 3.270554 -0.007046 1.883540 -0.292372 -0.019316 2.923016 -0.439055 10.938248 -1.020901 -0.915788 0.406780 3.032189
1 inf -8.655906 -0.812574 0.045002 -2.721590 -1.630114 3.257762 0.022747 1.888550 -0.296675 0.031088 2.938047 -0.442308 10.941882 -0.991675 -0.899211 0.383367 2.992409
1 inf -8.633908 -0.847525 0.054424 -2.737198 -1.596005 3.286139 0.033561 1.910069 -0.292417 0.015150 2.933630 -0.416466 10.954634 -1.002385 -0.878389 0.375988 2.985467
1 inf -8.652709 -0.845524 0.068456 -2.719838 -1.568942 3.294753 0.027990 1.942754 -0.321993 0.018844 2.964785 -0.464380 10.915808 -1.014682 -0.898009 0.363980 2.979771
1 inf -8.677531 -0.824706 0.050845 -2.784998 -1.581875 3.301024 0.027260 2.002124 -0.356882 -0.002385 2.996143 -0.509062 10.929640 -0.998352 -0.875338 0.403187 2.983524
1 inf -8.650055 -0.838082 0.071845 -2.776983 -1.558150 3.311292 0.023359 2.007106 -0.341713 0.007168 2.985188 -0.498471 10.952643 -1.005578 -0.857168 0.409043 3.008773
1 inf -8.682775 -0.823358 0.061671 -2.785498 -1.555641 3.306176 0.023359 2.051868 -0.322608 -0.003202 2.978744 -0.470544 10.939291 -1.025960 -0.826884 0.401997 2.997741
1 inf -8.670949 -0.867602 0.089980 -2.815491 -1.553916 3.305343 0.018229 2.069589 -0.307973 -0.042073 2.996590 -0.431258 10.918795 -1.029912 -0.811057 0.390606 3.000984
1 inf -8.669326 -0.859358 0.076494 -2.808687 -1.509471 3.323050 0.052350 2.088145 -0.339207 -0.049667 2.985973 -0.434205 10.948842 -1.018348 -0.829024 0.384757 2.963814
1 inf -8.701443 -0.868430 0.079651 -2.781570 -1.516400 3.297998 0.043312 2.043008 -0.397007 -0.043754 2.952792 -0.400105 10.932294 -0.991522 -0.894897 0.409994 2.947854
1 inf -8.721434 -0.849965 0.092126 -2.812010 -1.516709 3.299003 0.053652 2.043569 -0.401087 -0.075101 2.961562 -0.393399 10.950152 -1.011856 -0.920231 0.455483 2.945485
1 inf -8.754375 -0.835398 0.075930 -2.789964 -1.538187 3.282974 0.045191 2.068624 -0.368149 -0.084552 2.984964 -0.401207 10.937901 -1.042465 -0.926076 0.420438 2.928141
1 inf -8.774323 -0.842965 0.103733 -2.785459 -1.518207 3.309048 0.026470 2.045866 -0.349201 -0.105700 2.987929 -0.405265 10.941361 -1.024205 -0.959029 0.424046 2.954937
1 inf -8.781115 -0.866226 0.109390 -2.780839 -1.509171 3.300073 0.032607 2.044577 -0.287788 -0.112265 2.991070 -0.378228 10.940216 -0.987024 -0.991533 0.467969 2.951671
1 inf -8.771324 -0.893197 0.107429 -2.747987 -1.507527 3.297607 0.032709 2.014151 -0.297354 -0.127460 2.958741 -0.371688 10.944175 -1.026145 -1.007864 0.470458 2.940082
1 inf -8.783978 -0.922915 0.087071 -2.774202 -1.468677 3.308566 0.047081 2.032515 -0.314472 -0.081762 2.963075 -0.404906 10.919124 -1.015328 -1.048513 0.455257 2.949592
1 inf -8.817703 -0.890048 0.090551 -2.763693 -1.465546 3.341572 0.050045 2.044169 -0.358886 -0.049524 2.968372 -0.387280 10.934838 -1.006246 -1.035675 0.440038 2.918384
1 inf -8.790934 -0.865694 0.081931 -2.792942 -1.434143 3.338569 0.048840 2.015420 -0.317827 -0.007426 2.972796 -0.378105 10.932805 -0.959927 -1.042706 0.471274 2.897915
1 inf -8.764007 -0.861193 0.073929 -2.822936 -1.434605 3.374135 0.055510 1.991319 -0.350984 -0.043573 2.966260 -0.382333 10.927075 -0.968271 -1.053291 0.450672 2.863357
1 inf -8.805103 -0.826851 0.078934 -2.829623 -1.406594 3.363320 0.079435 2.020575 -0.351780 -0.029551 2.980053 -0.385594 10.916554 -0.994461 -1.087049 0.404242 2.875266
1 inf -8.831460 -0.801096 0.087640 -2.809172 -1.393679 3.378705 0.068872 2.051687 -0.343697 -0.038642 2.965447 -0.430675 10.920580 -1.013724 -1.099920 0.409360 2.864312
1 inf -8.814611 -0.846214 0.084824 -2.758820 -1.367797 3.400276 0.068891 2.074279 -0.307772 -0.020033 2.957964 -0.418215 10.885155 -1.025224 -1.137092 0.440540 2.861491
1 inf -8.823219 -0.868197 0.074449 -2.756505 -1.355492 3.422385 0.068535 2.071448 -0.304890 -0.042129 2.945471 -0.417307 10.902081 -1.054143 -1.155598 0.416712 2.864160
1 inf -8.840379 -0.889780 0.089417 -2.737097 -1.353870 3.429880 0.075098 2.068850 -0.301421 -0.047696 2.901297 -0.420639 10.899836 -1.046311 -1.164895 0.435976 2.901227
1 inf -8.827441 -0.867939 0.075135 -2.755657 -1.352851 3.427254 0.073998 2.061010 -0.318972 -0.072212 2.932153 -0.426029 10.895657 -1.057108 -1.163409 0.473198 2.852924
1 inf -8.801470 -0.864232 0.077886 -2.756434 -1.344152 3.422289 0.092433 2.028616 -0.303585 -0.069251 2.925534 -0.419641 10.877990 -1.076410 -1.126552 0.465353 2.856521
1 inf -8.777862 -0.889934 0.074760 -2.754679 -1.332289 3.430733 0.100929 2.021404 -0.279830 -0.067976 2.919250 -0.410353 10.869253 -1.069998 -1.136775 0.501851 2.861168
1 inf -8.762852 -0.919545 0.112119 -2.783061 -1.325323 3.418577 0.069961 2.036768 -0.267549 -0.039825 2.911811 -0.409203 10.860775 -1.053828 -1.136848 0.498370 2.855216
1 inf -8.792039 -0.956855 0.129307 -2.801996 -1.350958 3.386401 0.077373 2.076283 -0.260672 -0.049692 2.905332 -0.411687 10.880728 -1.045549 -1.158637 0.537101 2.858102
1 inf -8.793960 -0.961682 0.115700 -2.815539 -1.369099 3.371804 0.071992 2.016389 -0.259452 -0.029360 2.894273 -0.398020 10.898305 -1.090245 -1.157166 0.527129 2.811061
1 inf -8.778452 -0.942532 0.090429 -2.824611 -1.380683 3.351977 0.101152 1.997072 -0.277684 -0.046293 2.908370 -0.378513 10.918925 -1.058026 -1.179664 0.579682 2.785535
1 inf -8.746224 -0.922107 0.077142 -2.835577 -1.387225 3.336426 0.069121 2.016914 -0.271364 -0.018840 2.882129 -0.401136 10.925800 -1.066381 -1.173314 0.540026 2.800682
1 inf -8.753712 -0.900203 0.079072 -2.833182 -1.370140 3.308245 0.061412 1.987202 -0.279633 -0.027751 2.907753 -0.386505 10.915962 -1.086585 -1.144821 0.540682 2.810798
1 inf -8.787534 -0.910172 0.078368 -2.828463 -1.409284 3.288339 0.044632 1.983227 -0.264096 -0.018146 2.892786 -0.361633 10.902193 -1.075076 -1.130631 0.540580 2.779049
1 inf -8.773121 -0.892888 0.048407 -2.858722 -1.417065 3.287737 0.057101 1.993313 -0.255721 0.006665 2.861446 -0.346928 10.923191 -1.097192 -1.145047 0.552388 2.775321
1 inf -8.799556 -0.910776 0.016294 -2.853117 -1.421279 3.306143 0.047759 1.969042 -0.240479 0.012632 2.872580 -0.326292 10.901352 -1.113894 -1.137626 0.511395 2.790624
1 inf -8.763510 -0.877410 -0.000955 -2.865363 -1.385703 3.256616 0.049482 1.975241 -0.225244 0.044011 2.847359 -0.306067 10.897994 -1.132636 -1.105842 0.531604 2.790117
1 inf -8.815019 -0.863397 0.003781 -2.868003 -1.421935 3.261750 0.077872 1.990792 -0.210870 0.061416 2.802945 -0.253718 10.888458 -1.138509 -1.056729 0.515290 2.785494
1 inf -8.839054 -0.869080 -0.012740 -2.865600 -1.401482 3.252358 0.079584 2.022135 -0.184768 0.084015 2.773993 -0.274025 10.858724 -1.165206 -1.062219 0.531832 2.790234
1 inf -8.814676 -0.889714 0.023515 -2.871641 -1.385250 3.285863 0.093897 2.047649 -0.175294 0.050754 2.778185 -0.248367 10.843905 -1.167496 -1.035143 0.517475 2.794074
1 inf -8.846524 -0.842724 0.009506 -2.873592 -1.400207 3.282023 0.065008 2.050454 -0.187259 0.072449 2.808946 -0.206995 10.876785 -1.173520 -1.013238 0.537388 2.792504
1 inf -8.839470 -0.830237 -0.000804 -2.871768 -1.388956 3.265140 0.037475 2.025311 -0.199342 0.109989 2.809260 -0.193321 10.864453 -1.199290 -1.010787 0.533922 2.785123
1 inf -8.888682 -0.814464 0.036067 -2.847576 -1.385596 3.313692 0.089565 1.997051 -0.189462 0.111214 2.791654 -0.167551 10.883798 -1.216017 -0.985782 0.537370 2.780145
1 inf -8.896883 -0.814572 0.025403 -2.806055 -1.388843 3.314782 0.076404 1.996094 -0.169648 0.131361 2.791239 -0.168888 10.878933 -1.206335 -0.964644 0.523466 2.757691
1 inf -8.887519 -0.834620 0.006684 -2.813047 -1.388605 3.304647 0.053490 1.984046 -0.148426 0.134937 2.766023 -0.189812 10.912941 -1.228260 -0.946372 0.535003 2.750605
1 inf -8.852745 -0.777386 0.058382 -2.793825 -1.400946 3.320567 0.022957 2.006582 -0.134956 0.121147 2.756557 -0.199591 10.870513 -1.244344 -0.961645 0.516941 2.758312
1 inf -8.834250 -0.787339 0.054381 -2.788903 -1.370424 3.313220 0.059143 1.991400 -0.146837 0.099371 2.743065 -0.225361 10.873374 -1.240684 -0.912574 0.544791 2.776018
1 inf -8.824079 -0.788164 0.046445 -2.774706 -1.368635 3.288568 0.058719 2.000618 -0.153922 0.096339 2.746616 -0.222355 10.884514 -1.222403 -0.921727 0.543263 2.785668
1 inf -8.835402 -0.788320 0.017568 -2.786610 -1.381265 3.325492 0.072820 1.998736 -0.147669 0.096218 2.733966 -0.204831 10.883344 -1.176537 -0.920628 0.574945 2.819035
1 inf -8.860223 -0.761055 -0.007818 -2.759426 -1.384956 3.358207 0.054103 1.989837 -0.186041 0.096422 2.673153 -0.208858 10.891373 -1.208692 -0.874171 0.601095 2.801463
1 inf -8.881397 -0.820182 0.011731 -2.809404 -1.391075 3.360963 0.051368 1.928249 -0.177900 0.095523 2.697634 -0.183451 10.910828 -1.217385 -0.847594 0.566484 2.759966
1 inf -8.915453 -0.792829 0.021323 -2.790127 -1.405087 3.366460 0.055421 1.914486 -0.187056 0.057533 2.689978 -0.198277 10.928686 -1.232514 -0.869603 0.555167 2.717716
1 inf -8.927230 -0.842013 0.049480 -2.805249 -1.436963 3.375033 0.052683 1.879701 -0.170824 0.034508 2.696089 -0.190969 10.894684 -1.229546 -0.878702 0.556472 2.745896
1 inf -8.934171 -0.872328 0.043172 -2.833068 -1.427309 3.377804 0.079534 1.883520 -0.140903 0.017858 2.718924 -0.179728 10.850250 -1.209118 -0.875280 0.533955 2.763916
1 inf -8.944930 -0.900652 0.063634 -2.808053 -1.410755 3.367870 0.073013 1.847839 -0.167494 0.023226 2.743981 -0.165920 10.845071 -1.205965 -0.896213 0.549942 2.762688
1 inf -8.958992 -0.899632 0.064329 -2.831271 -1.394239 3.379711 0.079030 1.854603 -0.163205 0.006750 2.761656 -0.147565 10.828732 -1.217563 -0.922546 0.533247 2.791391
1 inf -8.967197 -0.887856 0.079606 -2.820323 -1.414806 3.405903 0.051597 1.832812 -0.177678 -0.005360 2.720498 -0.165328 10.827088 -1.172388 -0.949311 0.532469 2.737309
1 inf -8.946263 -0.913255 0.069307 -2.816945 -1.445083 3.368857 0.052966 1.824282 -0.155026 0.018026 2.708290 -0.142515 10.828097 -1.197615 -0.934113 0.550713 2.758816
1 inf -8.948673 -0.882252 0.062658 -2.832103 -1.457641 3.307984 0.050841 1.836795 -0.128156 0.014378 2.740796 -0.121162 10.833670 -1.230526 -0.903095 0.536238 2.787338
1 inf -8.960874 -0.897226 0.044541 -2.832580 -1.424695 3.291705 0.047239 1.840165 -0.131753 0.039592 2.748911 -0.134184 10.848874 -1.211309 -0.851299 0.521567 2.790732
1 inf -8.946925 -0.899310 0.059448 -2.860066 -1.371508 3.275091 0.007681 1.841805 -0.167685 0.022732 2.720145 -0.142503 10.878546 -1.222361 -0.856392 0.498767 2.803892
1 inf -8.940491 -0.859537 0.100037 -2.850602 -1.395856 3.235188 0.020860 1.818573 -0.172856 0.000389 2.752787 -0.153407 10.862369 -1.250894 -0.881346 0.487902 2.790941
1 inf -8.914959 -0.888553 0.078641 -2.848208 -1.348052 3.232819 0.050583 1.810541 -0.166675 0.012282 2.784937 -0.163761 10.851814 -1.255164 -0.857452 0.466813 2.795936
1 inf -8.925087 -0.891147 0.084005 -2.869107 -1.348393 3.221651 0.023941 1.824681 -0.172215 0.024821 2.749005 -0.152906 10.874366 -1.283257 -0.886915 0.443376 2.775184
1 inf -8.934977 -0.908660 0.104746 -2.917549 -1.331649 3.209291 -0.018051 1.842686 -0.179738 0.015264 2.723636 -0.148980 10.874711 -1.293233 -0.841313 0.420170 2.802948
1 inf -8.931176 -0.929893 0.074613 -2.912032 -1.369612 3.206904 -0.049253 1.872916 -0.194599 0.036023 2.684001 -0.172494 10.879259 -1.284841 -0.829067 0.436375 2.820193
1 inf -8.919559 -0.940234 0.034508 -2.896785 -1.391732 3.214621 -0.034963 1.831315 -0.227394 0.040291 2.737658 -0.189312 10.866289 -1.258837 -0.850053 0.463369 2.801257
1 inf -8.905800 -0.911715 0.026840 -2.955230 -1.392325 3.195872 -0.051146 1.862191 -0.195571 0.061306 2.741772 -0.193754 10.869873 -1.271602 -0.840149 0.472577 2.797209
1 inf -8.887419 -0.917702 0.040475 -2.935922 -1.397540 3.195499 -0.017171 1.851395 -0.176076 0.053371 2.745772 -0.163979 10.873569 -1.265132 -0.829971 0.466951 2.775221
1 inf -8.898021 -0.890726 0.017981 -2.953159 -1.367620 3.205706 -0.011086 1.869372 -0.162343 0.062713 2.721375 -0.151102 10.897573 -1.252197 -0.880907 0.497082 2.761594
1 inf -8.893958 -0.912242 0.017756 -2.946457 -1.364034 3.234495 -0.041452 1.827511 -0.185087 0.055256 2.711563 -0.147278 10.915155 -1.272649 -0.901582 0.521502 2.756751
1 inf -8.856373 -0.928578 0.024992 -2.908404 -1.365520 3.215789 -0.067481 1.862740 -0.176242 0.061195 2.712687 -0.149031 10.891691 -1.256224 -0.915526 0.551484 2.740929
1 inf -8.869795 -0.951999 -0.012542 -2.922767 -1.356202 3.213530 -0.045931 1.863240 -0.151968 0.101889 2.711975 -0.181403 10.922695 -1.225103 -0.973380 0.526472 2.764320
1 inf -8.894909 -0.961154 0.026329 -2.906073 -1.338156 3.243513 -0.083719 1.857255 -0.151330 0.064738 2.721400 -0.175252 10.915132 -1.204814 -0.980554 0.552322 2.800039
1 inf -8.876765 -0.971792 0.063714 -2.897767 -1.337344 3.253905 -0.055526 1.816806 -0.141488 0.065271 2.760633 -0.157640 10.931091 -1.207033 -0.985495 0.495698 2.821508
1 inf -8.869954 -0.975805 0.104207 -2.885119 -1.361676 3.283636 -0.078262 1.791862 -0.131141 0.105482 2.756934 -0.172445 10.946686 -1.158765 -0.975534 0.498899 2.791150
1 inf -8.879776 -0.970961 0.078848 -2.895983 -1.342589 3.320649 -0.067235 1.787162 -0.124712 0.118014 2.751202 -0.204606 10.938458 -1.148133 -0.959913 0.500513 2.806098
1 inf -8.873896 -0.980904 0.102419 -2.911096 -1.336236 3.323811 -0.097205 1.814918 -0.140307 0.106062 2.763930 -0.199147 10.954044 -1.164066 -0.965399 0.532705 2.832924
1 inf -8.876403 -0.988881 0.104008 -2.916190 -1.370076 3.331648 -0.116786 1.830813 -0.193151 0.104680 2.773300 -0.222238 10.982514 -1.175782 -0.979348 0.521250 2.840307
1 inf -8.909123 -0.974157 0.093834 -2.924705 -1.367567 3.326532 -0.116786 1.875575 -0.174046 0.094310 2.766856 -0.194311 10.969162 -1.196164 -0.949064 0.514204 2.829275
1 inf -8.911093 -0.996796 0.081794 -2.949389 -1.377201 3.277730 -0.118175 1.875717 -0.157573 0.068491 2.766603 -0.187768 10.955736 -1.233267 -0.985972 0.540534 2.814950
1 inf -8.927701 -0.986929 0.058679 -2.982924 -1.393460 3.242517 -0.113481 1.914549 -0.165531 0.065626 2.789036 -0.218863 10.931129 -1.208114 -0.980908 0.574706 2.783219
1 inf -8.932075 -0.940778 0.044622 -3.001095 -1.409613 3.232289 -0.102059 1.919252 -0.158714 0.085753 2.789041 -0.203537 10.936103 -1.185346 -0.977120 0.623137 2.799892
1 inf -8.925391 -0.941014 0.068815 -3.010689 -1.374654 3.221887 -0.102164 1.951697 -0.152996 0.103181 2.839686 -0.211654 10.969054 -1.141506 -0.960529 0.629239 2.797321
1 inf -8.945962 -0.948371 0.063667 -2.982308 -1.346529 3.207843 -0.115634 1.986952 -0.159293 0.120370 2.880351 -0.231282 10.999571 -1.122535 -0.957320 0.642873 2.776316
1 inf -8.950041 -0.943915 0.057139 -2.956325 -1.382324 3.230243 -0.125246 1.983831 -0.143865 0.104707 2.870375 -0.208466 10.999465 -1.154959 -0.944618 0.617293 2.784295
1 inf -8.955941 -0.979852 0.055948 -2.957631 -1.390465 3.206027 -0.124883 2.049489 -0.147740 0.115664 2.867206 -0.253325 10.998740 -1.137449 -0.962727 0.604154 2.766760
1 inf -8.948205 -0.966617 0.037533 -2.957173 -1.406183 3.202550 -0.130446 2.051559 -0.151331 0.100225 2.822714 -0.266247 10.969381 -1.167651 -0.954738 0.630149 2.783806
1 inf -8.930709 -0.993324 0.003385 -2.962293 -1.405671 3.210395 -0.164317 2.040491 -0.134139 0.084060 2.783467 -0.245503 10.963440 -1.154526 -0.948886 0.652059 2.776781
1 inf -8.922888 -0.991913 0.012848 -2.973815 -1.397097 3.200390 -0.177622 2.041750 -0.157733 0.061451 2.789377 -0.243183 10.944178 -1.134445 -0.937640 0.661723 2.775587
1 inf -8.908409 -0.992874 -0.010512 -2.994455 -1.422117 3.161192 -0.193922 2.035990 -0.135847 0.058311 2.797422 -0.243123 10.933558 -1.144003 -0.938439 0.668933 2.767547
1 inf -8.921826 -0.983495 0.025570 -2.989851 -1.438497 3.154315 -0.209416 2.051586 -0.152772 0.100348 2.776927 -0.243442 10.982872 -1.145417 -0.936692 0.672938 2.798955
1 inf -8.926591 -0.993411 0.050569 -2.983658 -1.430584 3.151796 -0.197401 2.048595 -0.146501 0.072074 2.752483 -0.226002 10.971041 -1.155991 -0.939536 0.675367 2.837056
1 inf -8.942125 -0.977997 0.059123 -3.012895 -1.463393 3.117937 -0.147573 2.029579 -0.126305 0.099840 2.763590 -0.230402 10.968286 -1.144995 -0.914146 0.656588 2.859431
1 inf -8.925938 -0.963163 0.066852 -3.021390 -1.456302 3.101837 -0.119166 2.033530 -0.139750 0.090508 2.764211 -0.179448 10.975946 -1.130262 -0.916582 0.695858 2.838025
1 inf -8.866732 -0.977723 0.076198 -3.023591 -1.450248 3.140046 -0.102893 2.009893 -0.121957 0.097589 2.753727 -0.187933 10.978541 -1.141700 -0.891791 0.720255 2.832153
1 inf -8.868967 -0.979454 0.028761 -3.037895 -1.451394 3.136867 -0.097108 2.016503 -0.135547 0.087062 2.789160 -0.197068 10.961991 -1.115723 -0.887106 0.723244 2.837368
1 inf -8.856778 -0.998202 0.047170 -3.061834 -1.451489 3.123070 -0.105799 2.053740 -0.104733 0.082267 2.778797 -0.189296 10.968679 -1.131578 -0.908267 0.740712 2.840003
1 inf -8.828060 -0.982380 0.046399 -3.039746 -1.484723 3.153621 -0.079506 2.069956 -0.134161 0.060102 2.757403 -0.168751 10.959741 -1.164565 -0.897979 0.809459 2.818398
1 inf -8.805151 -0.956063 0.032994 -3.058560 -1.491938 3.160574 -0.096628 2.084491 -0.143853 0.065514 2.761307 -0.166162 10.966711 -1.143477 -0.901224 0.824601 2.826556
1 inf -8.799893 -0.942691 0.015721 -3.078729 -1.518689 3.173941 -0.080739 2.059851 -0.132251 0.102499 2.758528 -0.165006 10.995010 -1.154402 -0.907325 0.843832 2.870541
1 inf -8.791596 -0.955007 0.026361 -3.080326 -1.487451 3.155902 -0.061887 2.066672 -0.108888 0.111377 2.745011 -0.176564 11.014858 -1.157429 -0.893499 0.836663 2.863022
1 inf -8.790315 -0.952449 0.015387 -3.123619 -1.480800 3.132509 -0.042634 2.049619 -0.099915 0.112095 2.727135 -0.207603 11.015365 -1.164828 -0.885493 0.838156 2.861372
1 inf -8.774284 -0.907859 0.014733 -3.117783 -1.492766 3.115656 -0.047809 2.041414 -0.136205 0.120419 2.688757 -0.198113 10.976598 -1.156255 -0.870740 0.817465 2.843721
1 inf -8.788101 -0.856486 -0.010408 -3.141597 -1.480003 3.128120 -0.063114 1.992079 -0.125711 0.130541 2.710245 -0.231581 10.957924 -1.179475 -0.855283 0.800878 2.859045
1 inf -8.776036 -0.847993 -0.002894 -3.129406 -1.495306 3.133866 -0.084149 1.993081 -0.127768 0.144163 2.712425 -0.251310 10.923371 -1.163971 -0.798125 0.814189 2.862177
1 inf -8.768479 -0.830379 0.051881 -3.172327 -1.486689 3.153150 -0.112808 1.966279 -0.118064 0.155769 2.720788 -0.249428 10.913611 -1.114551 -0.783022 0.771525 2.877912
1 inf -8.760421 -0.838450 0.056198 -3.139225 -1.508446 3.095662 -0.099670 1.959638 -0.171835 0.133610 2.740329 -0.217742 10.922127 -1.130958 -0.805458 0.776767 2.861915
1 inf -8.752787 -0.834848 0.046926 -3.144663 -1.499311 3.083268 -0.110178 1.957560 -0.190850 0.112731 2.739500 -0.267772 10.922043 -1.139900 -0.817054 0.797150 2.837460
1 inf -8.699841 -0.821782 0.025153 -3.126734 -1.486141 3.107705 -0.108379 1.958137 -0.218844 0.131798 2.729080 -0.271465 10.932736 -1.152137 -0.817952 0.788214 2.829938
1 inf -8.700680 -0.821844 0.037685 -3.115951 -1.481705 3.073703 -0.100035 1.939940 -0.229921 0.138166 2.723185 -0.265521 10.913546 -1.172762 -0.819786 0.781035 2.814215
1 inf -8.732331 -0.806782 0.059765 -3.114060 -1.501432 3.081034 -0.129134 1.984612 -0.229112 0.151532 2.726367 -0.268780 10.921243 -1.211605 -0.820383 0.770720 2.809829
1 inf -8.689727 -0.807452 0.040522 -3.104568 -1.479894 3.028684 -0.159850 1.974777 -0.231734 0.150508 2.743120 -0.279671 10.915071 -1.192576 -0.799187 0.748312 2.825839
1 inf -8.676543 -0.807163 0.063664 -3.119973 -1.499473 3.029647 -0.163592 1.995980 -0.248429 0.185180 2.750018 -0.304855 10.934950 -1.166001 -0.823316 0.752735 2.853821
1 inf -8.676929 -0.769836 0.053228 -3.142057 -1.518451 3.062775 -0.164517 2.009121 -0.230387 0.227495 2.745545 -0.312788 10.967041 -1.168011 -0.874313 0.745617 2.897366
1 inf -8.676521 -0.760232 0.058012 -3.145510 -1.552023 3.063302 -0.161436 1.998484 -0.218112 0.233117 2.761943 -0.328208 10.963685 -1.141825 -0.895367 0.739573 2.928477
1 inf -8.654487 -0.763188 0.035077 -3.083330 -1.566008 3.059401 -0.171691 2.013713 -0.224110 0.205059 2.767419 -0.318357 10.952253 -1.128489 -0.884473 0.783531 2.920928
1 inf -8.694935 -0.738830 0.033263 -3.092073 -1.569007 3.066311 -0.214066 2.027764 -0.221063 0.240300 2.762961 -0.306907 10.986146 -1.143310 -0.868836 0.779468 2.897468
1 inf -8.709743 -0.708002 0.037676 -3.098552 -1.595929 3.071429 -0.213777 2.011784 -0.219293 0.220609 2.735114 -0.318083 10.921720 -1.131931 -0.909681 0.809345 2.891703
1 inf -8.729230 -0.716488 -0.020311 -3.089519 -1.561526 3.050728 -0.171571 2.019583 -0.247483 0.224383 2.734958 -0.347609 10.892735 -1.069716 -0.913899 0.818434 2.850387
1 inf -8.744919 -0.700820 0.004866 -3.116055 -1.563623 3.041546 -0.185733 2.032620 -0.241137 0.218924 2.762034 -0.349239 10.909550 -1.075306 -0.929716 0.797242 2.879500
1 inf -8.746231 -0.719311 0.007710 -3.133530 -1.589472 3.055552 -0.195840 2.002186 -0.226796 0.216736 2.739677 -0.339906 10.884843 -1.095813 -0.961195 0.781206 2.916502
1 inf -8.738631 -0.707594 0.025118 -3.141816 -1.609684 3.077756 -0.225377 1.965944 -0.181963 0.192275 2.724341 -0.393413 10.891563 -1.103414 -0.948046 0.770911 2.936995
1 inf -8.736216 -0.763976 0.056040 -3.146946 -1.653188 3.064239 -0.224127 1.950217 -0.170494 0.205337 2.758268 -0.398116 10.879404 -1.083337 -0.952258 0.775819 2.943778
1 inf -8.714858 -0.769556 0.047548 -3.131154 -1.657110 3.058231 -0.188500 1.923299 -0.139727 0.186932 2.716851 -0.424593 10.908318 -1.081679 -0.963870 0.786978 2.911008
1 inf -8.712191 -0.733729 0.027713 -3.141847 -1.644966 3.030205 -0.202633 1.939155 -0.155718 0.185031 2.705700 -0.378272 10.886007 -1.084274 -0.950290 0.757248 2.940597
1 inf -8.678252 -0.737947 0.025233 -3.156200 -1.640584 3.029395 -0.184172 1.953769 -0.183891 0.170708 2.705910 -0.358848 10.878209 -1.087138 -0.919866 0.766019 2.930023
1 inf -8.653412 -0.747814 0.053948 -3.150937 -1.669374 3.021187 -0.138373 2.007270 -0.208627 0.187032 2.707220 -0.362263 10.910830 -1.093223 -0.919938 0.753575 2.943018
1 inf -8.641611 -0.778060 0.044842 -3.156554 -1.660175 2.999745 -0.134659 1.991028 -0.238674 0.176222 2.699548 -0.357730 10.911061 -1.087315 -0.893720 0.750124 2.973564
1 inf -8.657616 -0.791170 0.051850 -3.149834 -1.651912 3.014186 -0.156331 2.004187 -0.288669 0.181133 2.697938 -0.419913 10.916107 -1.036381 -0.853552 0.727050 2.973399
1 inf -8.705577 -0.788859 0.055074 -3.156831 -1.683893 3.032044 -0.155439 2.019102 -0.252282 0.192545 2.682473 -0.405165 10.921424 -1.043013 -0.849868 0.708088 2.970722
1 inf -8.681520 -0.778146 0.028962 -3.150995 -1.672901 3.025040 -0.169498 2.034690 -0.258276 0.211828 2.649279 -0.419090 10.933055 -1.010147 -0.859470 0.709812 2.955248
1 inf -8.677672 -0.741518 0.073921 -3.155069 -1.679311 3.010513 -0.177751 2.038951 -0.277524 0.201645 2.664889 -0.416126 10.935023 -0.994982 -0.875550 0.727011 2.949352
1 inf -8.686961 -0.740381 0.115319 -3.147614 -1.687687 2.996465 -0.209812 2.010229 -0.230875 0.216165 2.671852 -0.413562 10.926673 -0.997727 -0.907958 0.669513 2.934315
1 inf -8.683206 -0.732166 0.092462 -3.175197 -1.700058 2.981528 -0.224220 2.039593 -0.181160 0.238818 2.683766 -0.399908 10.904844 -1.024077 -0.929325 0.667883 2.917299
1 inf -8.666178 -0.709575 0.088602 -3.153668 -1.698797 2.997389 -0.209752 2.071850 -0.195145 0.263735 2.659878 -0.409383 10.909256 -1.090233 -0.900891 0.659905 2.911311
1 inf -8.647373 -0.719431 0.076902 -3.172998 -1.731382 3.018326 -0.196377 2.115864 -0.152321 0.250809 2.657300 -0.385209 10.942090 -1.080851 -0.873703 0.658245 2.951097
1 inf -8.620367 -0.746909 0.051337 -3.187966 -1.702209 3.013879 -0.221369 2.115855 -0.154223 0.261774 2.668783 -0.349274 10.962376 -1.045574 -0.903837 0.636943 2.956689
1 inf -8.586507 -0.769814 0.097083 -3.169602 -1.702100 2.963692 -0.195796 2.126524 -0.156383 0.298401 2.661542 -0.348181 10.929650 -1.004675 -0.946138 0.651224 2.939156
1 inf -8.586408 -0.763038 0.114680 -3.174472 -1.703031 2.940097 -0.198797 2.118066 -0.154094 0.309342 2.665059 -0.334997 10.933709 -0.992908 -0.974841 0.666196 2.913347
1 inf -8.559182 -0.744269 0.105291 -3.183337 -1.721891 2.929413 -0.220929 2.093943 -0.167535 0.290653 2.652414 -0.359494 10.927624 -1.002980 -0.956635 0.684501 2.851412
1 inf -8.548186 -0.742581 0.094024 -3.183511 -1.721431 2.923252 -0.219510 2.106168 -0.158474 0.285506 2.676804 -0.376671 10.945038 -1.033782 -0.962821 0.678643 2.795754
1 inf -8.536387 -0.751082 0.067136 -3.152241 -1.725974 2.952732 -0.193705 2.108826 -0.169574 0.265360 2.633945 -0.400321 10.922941 -1.074166 -0.971573 0.682630 2.844443
1 inf -8.544567 -0.738875 0.065471 -3.150873 -1.751558 2.983292 -0.166627 2.110110 -0.146008 0.256982 2.628853 -0.404123 10.939663 -1.068790 -0.968744 0.722418 2.855526
1 inf -8.497890 -0.730148 0.077404 -3.151855 -1.755911 2.982257 -0.139283 2.116412 -0.107457 0.257263 2.633497 -0.409735 10.918047 -1.050282 -0.948260 0.695629 2.887406
1 inf -8.487333 -0.743861 0.023594 -3.143666 -1.748341 2.993354 -0.154869 2.104029 -0.104306 0.284033 2.599314 -0.404921 10.918441 -1.054847 -0.953189 0.681911 2.894982
1 inf -8.520053 -0.729137 0.013420 -3.152181 -1.745832 2.988238 -0.154869 2.148791 -0.085201 0.273663 2.592870 -0.376994 10.905089 -1.075229 -0.922905 0.674865 2.883950
1 inf -8.538803 -0.742567 0.038284 -3.171762 -1.780926 3.003875 -0.121571 2.168896 -0.091986 0.273338 2.577903 -0.373438 10.903491 -1.052212 -0.942484 0.664845 2.863396
1 inf -8.491502 -0.737829 0.057180 -3.202723 -1.771125 3.022524 -0.119098 2.170056 -0.104683 0.285474 2.583566 -0.368025 10.900936 -1.016299 -0.942826 0.698624 2.880366
1 inf -8.519526 -0.756123 0.073935 -3.183382 -1.783302 3.037433 -0.120513 2.148033 -0.120103 0.268000 2.575926 -0.331955 10.921446 -1.014850 -0.934709 0.673104 2.887594
1 inf -8.474888 -0.759296 0.074050 -3.172329 -1.794800 3.025714 -0.137935 2.138100 -0.074210 0.292597 2.554159 -0.365579 10.905794 -1.004598 -0.951277 0.681841 2.894361
1 inf -8.454986 -0.737909 0.055544 -3.147512 -1.819263 3.034731 -0.130869 2.119371 -0.068940 0.286617 2.584198 -0.371512 10.908742 -1.015323 -0.950530 0.653751 2.868698
1 inf -8.483003 -0.729092 0.035215 -3.142659 -1.834995 3.084919 -0.149503 2.112886 -0.060374 0.282560 2.596443 -0.401098 10.929406 -1.010366 -0.934313 0.653175 2.850886
1 inf -8.484872 -0.744299 0.045181 -3.140223 -1.846172 3.084086 -0.153921 2.075770 -0.061628 0.239126 2.617868 -0.419265 10.965227 -1.046769 -0.949840 0.667927 2.829653
1 inf -8.485018 -0.750899 0.075070 -3.132442 -1.850369 3.105178 -0.140094 2.045784 -0.041106 0.202035 2.598350 -0.408094 10.952807 -1.055961 -0.900573 0.708623 2.832204
1 inf -8.513144 -0.745525 0.089877 -3.140603 -1.856199 3.082038 -0.158070 2.026587 -0.017618 0.182083 2.590520 -0.415935 10.951286 -1.028082 -0.896717 0.721048 2.853615
1 inf -8.486047 -0.736333 0.096460 -3.160933 -1.895542 3.119943 -0.145817 2.016991 0.009480 0.162510 2.591243 -0.430964 10.941912 -0.989610 -0.905527 0.736364 2.832290
1 inf -8.487811 -0.713842 0.065092 -3.161967 -1.873498 3.132103 -0.115008 2.036258 -0.008580 0.170713 2.596307 -0.460369 10.936996 -1.008849 -0.938394 0.713422 2.834774
1 inf -8.513144 -0.731517 0.060832 -3.175596 -1.898791 3.125286 -0.122611 2.061468 0.015551 0.204588 2.597674 -0.486075 10.934731 -1.043767 -0.958546 0.703277 2.822927
1 inf -8.509552 -0.720415 0.066623 -3.170637 -1.897040 3.116142 -0.128601 2.056963 0.005361 0.210533 2.594306 -0.519670 10.938673 -1.052927 -0.976330 0.699289 2.841521
1 inf -8.515795 -0.690749 0.078204 -3.177938 -1.882777 3.114803 -0.144265 2.048033 -0.015036 0.220777 2.597657 -0.529030 10.911828 -1.041404 -0.948669 0.701045 2.823705
1 inf -8.509557 -0.656379 0.030665 -3.166704 -1.887937 3.124513 -0.117261 2.058885 -0.021671 0.227950 2.594561 -0.541955 10.912706 -1.026244 -0.944920 0.744353 2.814831
1 inf -8.479053 -0.687925 0.035935 -3.174411 -1.885147 3.162240 -0.099443 2.012596 -0.040506 0.243036 2.618006 -0.560680 10.908678 -1.051498 -0.954326 0.727501 2.797369
1 inf -8.502684 -0.699038 0.048403 -3.195910 -1.925575 3.144837 -0.156379 2.043965 -0.048910 0.240100 2.627651 -0.562457 10.872267 -1.045294 -0.979522 0.719201 2.796150
1 inf -8.477255 -0.704105 0.047055 -3.198206 -1.929233 3.090078 -0.171849 2.102533 -0.068955 0.237264 2.633058 -0.592858 10.840384 -1.051087 -0.984058 0.709994 2.792559
1 inf -8.479448 -0.703573 0.054223 -3.212638 -1.948831 3.078967 -0.180229 2.106827 -0.067057 0.269112 2.614685 -0.579037 10.854416 -1.050601 -0.993181 0.746022 2.801130
1 inf -8.500777 -0.672801 0.049500 -3.184518 -1.994596 3.071828 -0.176226 2.100983 -0.090230 0.267828 2.614187 -0.604101 10.859007 -1.048103 -1.018731 0.772852 2.821764
1 inf -8.505243 -0.698967 0.040308 -3.190941 -1.960359 3.074733 -0.150991 2.106936 -0.103787 0.282176 2.634204 -0.600030 10.826762 -1.077832 -1.022324 0.768792 2.875732
1 inf -8.472749 -0.657580 0.059469 -3.187668 -1.962550 3.079833 -0.146992 2.062741 -0.106373 0.305371 2.629920 -0.567667 10.831866 -1.093522 -1.004680 0.739868 2.878294
1 inf -8.524630 -0.696239 0.053738 -3.151468 -1.985078 3.045123 -0.150494 2.057085 -0.127771 0.299143 2.631634 -0.581679 10.823675 -1.120221 -0.987418 0.759781 2.916165
1 inf -8.576774 -0.698697 0.031651 -3.133229 -1.965156 3.054394 -0.118043 2.061461 -0.127777 0.311129 2.624758 -0.551262 10.836413 -1.132895 -1.004835 0.763575 2.954797
1 inf -8.598807 -0.727071 0.030654 -3.127952 -1.949571 3.058878 -0.080818 2.053647 -0.111172 0.327535 2.589876 -0.515664 10.853624 -1.125466 -1.002587 0.780454 2.969610
1 inf -8.610231 -0.727630 0.048705 -3.064626 -1.964573 3.095217 -0.041957 2.052740 -0.103826 0.347875 2.602677 -0.518733 10.850622 -1.095566 -0.992466 0.743619 2.962506
1 inf -8.597265 -0.725233 0.030864 -3.061973 -1.942330 3.107268 -0.042160 2.059001 -0.119452 0.385939 2.589117 -0.512736 10.826306 -1.070038 -0.983876 0.761411 2.925929
1 inf -8.594807 -0.713490 0.000610 -3.045945 -1.943655 3.118916 -0.040144 2.075512 -0.142572 0.367454 2.586776 -0.530326 10.842234 -1.067617 -0.987981 0.787373 2.955192
1 inf -8.621063 -0.698397 -0.020013 -3.045413 -1.947730 3.128673 -0.047705 2.041525 -0.160312 0.382046 2.605726 -0.490466 10.857859 -1.049433 -0.958140 0.761879 2.988373
1 inf -8.621899 -0.694179 -0.010979 -3.025842 -1.950816 3.139065 -0.032572 2.066188 -0.143560 0.383402 2.625276 -0.498477 10.852018 -1.088915 -0.910007 0.751995 2.976895
1 inf -8.638582 -0.723813 0.015328 -3.014553 -1.933397 3.113664 -0.045255 2.076100 -0.115994 0.369951 2.651684 -0.492541 10.834693 -1.070811 -0.871350 0.730297 3.007750
1 inf -8.615663 -0.735909 0.018630 -3.010563 -1.887649 3.122593 -0.082800 2.103189 -0.106633 0.379484 2.633261 -0.519050 10.851586 -1.090897 -0.870639 0.708404 3.008663
1 inf -8.602078 -0.735945 0.022361 -2.983931 -1.902076 3.150993 -0.087769 2.151200 -0.106158 0.369154 2.612967 -0.463601 10.818755 -1.104293 -0.858655 0.697897 3.017231
1 inf -8.590473 -0.725254 -0.016153 -2.976459 -1.913345 3.133743 -0.111267 2.145969 -0.119247 0.378151 2.623323 -0.491215 10.819234 -1.069068 -0.864887 0.684090 2.998883
1 inf -8.614628 -0.730755 0.005930 -2.987505 -1.903097 3.098172 -0.106061 2.128342 -0.135350 0.391348 2.624097 -0.498665 10.832110 -1.092677 -0.879116 0.710888 2.988433
1 inf -8.577814 -0.754352 0.013308 -3.001164 -1.911357 3.116900 -0.111496 2.133303 -0.138210 0.447594 2.620434 -0.476863 10.852710 -1.100349 -0.869161 0.710233 2.981949
1 inf -8.574510 -0.786194 0.029377 -3.002323 -1.910099 3.137895 -0.147031 2.121675 -0.106960 0.475000 2.628958 -0.495048 10.840452 -1.101534 -0.885760 0.723726 2.945868
1 inf -8.586807 -0.816348 0.046686 -3.007697 -1.910256 3.157326 -0.138909 2.178837 -0.143821 0.462515 2.664382 -0.507644 10.862996 -1.101459 -0.849536 0.722155 2.959280
1 inf -8.573060 -0.833206 0.046888 -3.024052 -1.907970 3.142949 -0.151190 2.175246 -0.175971 0.471628 2.668819 -0.512214 10.880315 -1.107860 -0.871674 0.740149 2.974879
1 inf -8.548326 -0.851240 0.055251 -3.029628 -1.912599 3.116492 -0.125509 2.178445 -0.170223 0.502927 2.677131 -0.542002 10.890811 -1.083453 -0.888285 0.762292 2.992314
1 inf -8.541379 -0.817573 0.035500 -3.022890 -1.916602 3.102211 -0.124132 2.158063 -0.178952 0.531239 2.706835 -0.589479 10.953365 -1.126653 -0.888930 0.767644 3.000883
1 inf -8.532425 -0.804844 0.015437 -3.049157 -1.931530 3.075810 -0.128660 2.164048 -0.196747 0.533306 2.691986 -0.593401 10.911662 -1.176682 -0.886853 0.779512 3.018014
1 inf -8.556076 -0.818931 0.030280 -3.044794 -1.877838 3.105383 -0.109673 2.136153 -0.198263 0.548415 2.668648 -0.632358 10.912982 -1.173676 -0.887297 0.769903 3.017022
1 inf -8.501183 -0.836143 0.002077 -3.040610 -1.887868 3.112668 -0.107687 2.150406 -0.184850 0.548363 2.677787 -0.680310 10.895510 -1.164750 -0.876414 0.814129 3.028635
1 inf -8.509875 -0.847456 0.020862 -3.021962 -1.871687 3.145073 -0.168525 2.155698 -0.235028 0.570687 2.698712 -0.695031 10.874703 -1.137721 -0.877863 0.783198 2.981489
1 inf -8.527336 -0.808116 0.005464 -3.027560 -1.894295 3.106385 -0.154106 2.153194 -0.203894 0.583274 2.719797 -0.687862 10.855742 -1.128714 -0.883344 0.757841 2.952824
1 inf -8.523275 -0.817631 0.021383 -2.999150 -1.871660 3.107941 -0.154280 2.131053 -0.197964 0.557335 2.722908 -0.729335 10.860275 -1.122585 -0.912780 0.799929 2.913243
1 inf -8.538322 -0.813723 0.023141 -2.986826 -1.877634 3.145716 -0.161540 2.130847 -0.172749 0.550967 2.743465 -0.682517 10.894406 -1.111908 -0.877922 0.776064 2.901395
1 inf -8.556176 -0.838896 0.048430 -2.967839 -1.882272 3.164717 -0.132079 2.112056 -0.160939 0.519647 2.712970 -0.699926 10.907586 -1.147115 -0.872462 0.757511 2.886389
1 inf -8.546248 -0.863845 0.013709 -2.974229 -1.887584 3.179589 -0.110699 2.109706 -0.122337 0.565759 2.731648 -0.714458 10.901792 -1.136932 -0.896439 0.745628 2.918233
1 inf -8.509203 -0.870566 -0.021339 -2.968165 -1.895473 3.175472 -0.112645 2.072385 -0.128625 0.552430 2.735669 -0.728045 10.923816 -1.140226 -0.909431 0.729778 2.909307
1 inf -8.465558 -0.856746 -0.026967 -2.955760 -1.870086 3.175912 -0.087665 2.059389 -0.121060 0.573148 2.727019 -0.720979 10.965680 -1.142868 -0.913863 0.796361 2.885285
1 inf -8.434401 -0.831631 -0.039911 -2.978995 -1.851128 3.214549 -0.119900 2.036716 -0.102783 0.588777 2.697042 -0.725464 10.968790 -1.133629 -0.941916 0.782159 2.868359
1 inf -8.444165 -0.834096 -0.041463 -2.990479 -1.857809 3.206685 -0.124941 2.040035 -0.095013 0.579469 2.701646 -0.693159 10.954916 -1.146851 -0.954645 0.794931 2.833468
1 inf -8.460222 -0.806760 -0.019737 -2.969910 -1.846785 3.203211 -0.134118 2.023633 -0.064765 0.552470 2.680998 -0.661188 10.940441 -1.188123 -0.974298 0.792470 2.904919
1 inf -8.455945 -0.826413 -0.011170 -2.949003 -1.829708 3.250093 -0.123783 1.998283 -0.024032 0.550429 2.648408 -0.669244 10.928727 -1.189353 -1.018688 0.797636 2.901501
1 inf -8.458997 -0.804027 0.014934 -2.928232 -1.829179 3.247209 -0.104661 2.006258 -0.032256 0.516761 2.592824 -0.676193 10.953783 -1.164472 -1.006804 0.807986 2.919695
1 inf -8.463141 -0.786435 -0.000157 -2.937536 -1.843479 3.263174 -0.113939 2.019356 0.004785 0.513261 2.582743 -0.685388 10.949272 -1.177391 -1.004663 0.783741 2.923060
1 inf -8.455949 -0.790849 -0.006102 -2.931084 -1.847101 3.289198 -0.065571 2.029354 0.044699 0.495176 2.567504 -0.647523 10.937761 -1.192226 -0.993735 0.797543 2.934251
1 inf -8.482875 -0.793021 0.011644 -2.963532 -1.830158 3.315582 -0.061126 2.037887 0.065061 0.481424 2.565863 -0.645517 10.974957 -1.167054 -1.053936 0.818281 2.902113
1 inf -8.467094 -0.795634 0.035313 -2.970601 -1.819205 3.331114 -0.072193 2.070040 0.039797 0.445155 2.607670 -0.626214 10.951208 -1.190161 -1.062006 0.761488 2.892847
1 inf -8.478472 -0.790294 0.040736 -2.960373 -1.790600 3.330203 -0.048463 2.091844 0.021991 0.459289 2.604084 -0.599920 10.960566 -1.227845 -1.061403 0.749110 2.905935
1 inf -8.524322 -0.777381 0.027745 -2.952676 -1.780472 3.344252 -0.060660 2.094729 0.025131 0.436307 2.599847 -0.608529 10.981002 -1.199563 -1.082755 0.753826 2.883185
1 inf -8.548272 -0.824533 0.017439 -2.976733 -1.794838 3.326957 -0.053905 2.049902 0.023925 0.411317 2.594261 -0.623781 10.955924 -1.190070 -1.051608 0.753835 2.912786
1 inf -8.529656 -0.859652 0.002916 -2.963302 -1.787214 3.346038 -0.049331 2.030420 0.003091 0.380925 2.577361 -0.636655 10.923217 -1.156336 -1.053827 0.754355 2.926818
1 inf -8.533331 -0.845923 0.016791 -2.946024 -1.806465 3.347209 -0.048591 2.055562 -0.004994 0.382426 2.560806 -0.616362 10.940508 -1.134360 -1.026638 0.785897 2.881253
1 inf -8.545372 -0.851152 0.011024 -2.912726 -1.793357 3.347251 -0.052215 2.090552 0.009393 0.406066 2.525254 -0.610918 10.929095 -1.144622 -1.021005 0.790916 2.852482
1 inf -8.566199 -0.844041 0.037013 -2.926072 -1.794344 3.375548 -0.040988 2.112980 -0.030060 0.399181 2.485238 -0.643664 10.948476 -1.150449 -1.025173 0.795910 2.857981
