1 inf -8.391864 -0.830626 -0.532979 -2.422183 -1.812468 3.202153 -0.444293 2.501528 0.254886 0.774696 2.837267 -0.077894 10.678430 -0.362224 -0.295415 -0.450082 3.581084
1 inf -8.392906 -0.865338 -0.521658 -2.415423 -1.806502 3.214556 -0.490614 2.523058 0.223625 0.794380 2.832261 -0.086862 10.695527 -0.359802 -0.319039 -0.485636 3.565452
1 inf -8.371659 -0.904438 -0.510956 -2.410538 -1.844805 3.209389 -0.498725 2.502168 0.226559 0.790410 2.842007 -0.089880 10.688448 -0.363886 -0.273562 -0.496050 3.549192
1 inf -8.349271 -0.884550 -0.525280 -2.383589 -1.853617 3.205617 -0.490256 2.512881 0.247343 0.767022 2.882119 -0.082593 10.687583 -0.377941 -0.276538 -0.469190 3.562192
1 inf -8.352717 -0.868258 -0.533904 -2.371295 -1.858105 3.230847 -0.461875 2.497001 0.238813 0.765225 2.884585 -0.082309 10.652363 -0.361738 -0.293520 -0.496981 3.571847
1 inf -8.361327 -0.888941 -0.537456 -2.368407 -1.829152 3.216002 -0.463781 2.500704 0.237293 0.780883 2.868565 -0.067206 10.657418 -0.339216 -0.282910 -0.493818 3.554067
1 inf -8.357328 -0.899230 -0.532138 -2.392067 -1.837566 3.191512 -0.480773 2.481416 0.220983 0.773864 2.867620 -0.088521 10.656921 -0.334804 -0.279165 -0.459759 3.530006
1 inf -8.338387 -0.916663 -0.530506 -2.403277 -1.852949 3.207494 -0.469437 2.461219 0.234202 0.793676 2.830704 -0.100127 10.635149 -0.327965 -0.261554 -0.466165 3.492946
1 inf -8.347269 -0.903183 -0.504297 -2.412514 -1.865402 3.174354 -0.479772 2.478771 0.258227 0.797986 2.804653 -0.087263 10.624277 -0.335208 -0.255157 -0.445366 3.493345
1 inf -8.341132 -0.911724 -0.523606 -2.430224 -1.867605 3.172389 -0.511450 2.515633 0.266420 0.812294 2.762464 -0.117571 10.603531 -0.345469 -0.242042 -0.458621 3.521161
1 inf -8.334925 -0.917653 -0.532456 -2.460082 -1.877477 3.161185 -0.531122 2.479541 0.217160 0.806263 2.745689 -0.157701 10.624463 -0.365186 -0.224032 -0.442306 3.550498
1 inf -8.372357 -0.943577 -0.528119 -2.488725 -1.865901 3.166620 -0.559116 2.509440 0.185396 0.792104 2.725582 -0.169344 10.592909 -0.377494 -0.254932 -0.449899 3.571772
1 inf -8.354249 -0.930006 -0.547344 -2.506852 -1.859224 3.200464 -0.588202 2.512124 0.210079 0.772361 2.744883 -0.163837 10.594386 -0.374277 -0.256928 -0.443322 3.536418
1 inf -8.338380 -0.921697 -0.503821 -2.490614 -1.857263 3.213679 -0.607989 2.485089 0.179802 0.777489 2.755412 -0.138630 10.576981 -0.325407 -0.214111 -0.416301 3.528931
1 inf -8.309004 -0.918478 -0.471783 -2.499844 -1.899349 3.230849 -0.635323 2.497058 0.199672 0.791893 2.760460 -0.118779 10.589901 -0.367089 -0.162270 -0.424806 3.497385
1 inf -8.301165 -0.905313 -0.472984 -2.498613 -1.883522 3.256966 -0.614292 2.510181 0.211779 0.765713 2.761747 -0.132328 10.560364 -0.331278 -0.139262 -0.448447 3.477449
1 inf -8.303069 -0.900093 -0.482914 -2.510107 -1.891899 3.273918 -0.616614 2.499366 0.170079 0.751372 2.721347 -0.086070 10.593390 -0.323794 -0.118570 -0.418041 3.482692
1 inf -8.292263 -0.916965 -0.494456 -2.537638 -1.922467 3.293530 -0.630607 2.486903 0.184082 0.735307 2.732332 -0.101492 10.592516 -0.364052 -0.161821 -0.457759 3.504768
1 inf -8.321550 -0.918998 -0.503622 -2.558290 -1.895595 3.277439 -0.675933 2.502745 0.165499 0.745884 2.732136 -0.108593 10.603029 -0.358481 -0.199130 -0.440253 3.508739
1 inf -8.346944 -0.948277 -0.508941 -2.568094 -1.896492 3.280340 -0.646333 2.522931 0.174909 0.777076 2.761854 -0.087315 10.650268 -0.351142 -0.202501 -0.421165 3.479103
1 inf -8.325745 -0.954345 -0.512586 -2.596269 -1.893984 3.255796 -0.660058 2.528951 0.192635 0.770902 2.770901 -0.110387 10.683238 -0.325299 -0.196787 -0.466763 3.449846
1 inf -8.311653 -0.981722 -0.526735 -2.560834 -1.860747 3.262744 -0.653461 2.532480 0.173489 0.766393 2.770017 -0.091034 10.697034 -0.317322 -0.198002 -0.499041 3.434534
1 inf -8.336178 -0.959176 -0.507031 -2.567159 -1.836614 3.283711 -0.670651 2.493180 0.152636 0.757066 2.782861 -0.082513 10.690020 -0.306438 -0.194197 -0.509713 3.450848
1 inf -8.323885 -0.942090 -0.504528 -2.588147 -1.854607 3.272547 -0.693852 2.494201 0.146978 0.767184 2.796145 -0.062786 10.734884 -0.318865 -0.174519 -0.500596 3.457128
1 inf -8.333681 -0.945567 -0.508227 -2.584897 -1.863844 3.263523 -0.753604 2.509382 0.171539 0.781830 2.796340 -0.046144 10.725010 -0.352009 -0.160198 -0.485394 3.497507
1 inf -8.345108 -0.974937 -0.515811 -2.633290 -1.837387 3.268505 -0.814287 2.522025 0.161672 0.730445 2.822226 -0.037129 10.729941 -0.360764 -0.134318 -0.521321 3.516165
1 inf -8.334813 -0.966639 -0.499679 -2.648421 -1.812299 3.269159 -0.812321 2.523414 0.169057 0.735328 2.823388 -0.050779 10.684657 -0.345018 -0.127568 -0.536211 3.540970
1 inf -8.337502 -0.938716 -0.506753 -2.643473 -1.794799 3.303942 -0.817964 2.473022 0.165102 0.743792 2.773800 -0.032172 10.668364 -0.337369 -0.124032 -0.531024 3.545227
1 inf -8.334034 -0.943480 -0.522314 -2.640238 -1.780369 3.306418 -0.801872 2.481400 0.176170 0.718834 2.770030 -0.009640 10.695004 -0.307192 -0.117082 -0.523084 3.547186
1 inf -8.360448 -0.959856 -0.536212 -2.639276 -1.747804 3.259281 -0.813952 2.464204 0.157889 0.735824 2.776212 0.023845 10.668895 -0.286146 -0.112371 -0.537007 3.535101
1 inf -8.396803 -0.921051 -0.574265 -2.669432 -1.781726 3.218861 -0.777809 2.489079 0.175303 0.788600 2.791231 0.023886 10.666214 -0.289579 -0.089371 -0.534068 3.555238
1 inf -8.406742 -0.904049 -0.552702 -2.652429 -1.779399 3.213244 -0.753100 2.489826 0.164448 0.753218 2.778364 0.032235 10.675634 -0.295606 -0.050415 -0.529203 3.596712
1 inf -8.416273 -0.913036 -0.545238 -2.695276 -1.760232 3.276192 -0.733733 2.521456 0.158811 0.758014 2.766621 0.047506 10.635802 -0.288435 -0.053128 -0.517765 3.645261
1 inf -8.403183 -0.882350 -0.542492 -2.688643 -1.777922 3.269699 -0.751767 2.483641 0.144322 0.727713 2.739551 0.057127 10.628339 -0.260907 -0.012980 -0.498819 3.687649
1 inf -8.404944 -0.920377 -0.513772 -2.653613 -1.765616 3.303377 -0.750883 2.506850 0.137717 0.721613 2.729793 0.052812 10.638018 -0.254051 -0.006634 -0.492224 3.697244
1 inf -8.394407 -0.922746 -0.494736 -2.655904 -1.767146 3.290553 -0.761471 2.508849 0.136842 0.694285 2.748618 0.043091 10.574573 -0.299575 -0.031618 -0.507076 3.679517
1 inf -8.405588 -0.926149 -0.443063 -2.663502 -1.783028 3.281592 -0.790811 2.516999 0.137658 0.707331 2.754828 0.044709 10.573310 -0.281305 -0.039656 -0.527303 3.675091
1 inf -8.395922 -0.919707 -0.435276 -2.708173 -1.786974 3.290030 -0.746568 2.507935 0.122958 0.710419 2.756430 0.022741 10.605648 -0.294409 -0.007911 -0.528470 3.674233
1 inf -8.377814 -0.906136 -0.454501 -2.726300 -1.780297 3.323874 -0.775654 2.510619 0.147641 0.690676 2.775731 0.028248 10.607125 -0.291192 -0.009907 -0.521893 3.638879
1 inf -8.350729 -0.860049 -0.470041 -2.748150 -1.791753 3.367766 -0.771901 2.544760 0.152547 0.654056 2.796192 -0.007649 10.615621 -0.300206 -0.006794 -0.518683 3.685320
1 inf -8.386555 -0.869863 -0.487225 -2.707123 -1.769215 3.370608 -0.787545 2.564506 0.121891 0.657088 2.819849 -0.003744 10.599173 -0.325909 -0.003462 -0.548150 3.643934
1 inf -8.393079 -0.899477 -0.454368 -2.768070 -1.705189 3.393506 -0.783453 2.561090 0.119463 0.666354 2.819867 -0.014909 10.571218 -0.353793 -0.002389 -0.538638 3.617797
1 inf -8.377052 -0.913113 -0.447109 -2.776289 -1.711624 3.406414 -0.737214 2.559227 0.118768 0.647554 2.790193 0.020131 10.572663 -0.347024 -0.030966 -0.540235 3.636642
1 inf -8.425136 -0.930798 -0.431830 -2.756663 -1.690590 3.390387 -0.743757 2.551673 0.080631 0.613259 2.797630 0.013008 10.526106 -0.368033 -0.028428 -0.498911 3.652957
1 inf -8.435470 -0.942933 -0.413051 -2.795770 -1.715340 3.375313 -0.783206 2.561542 0.052615 0.576186 2.809499 0.000844 10.525896 -0.359205 -0.027210 -0.494475 3.650349
1 inf -8.433861 -0.915229 -0.397922 -2.820131 -1.729509 3.351502 -0.768277 2.568521 0.050966 0.591592 2.805748 -0.011430 10.477481 -0.331356 -0.024647 -0.479181 3.682851
1 inf -8.418058 -0.899081 -0.376007 -2.819184 -1.745980 3.375445 -0.794003 2.563780 0.055058 0.593076 2.846940 -0.007957 10.491833 -0.321036 -0.030879 -0.498915 3.638105
1 inf -8.436483 -0.885042 -0.386207 -2.816418 -1.723599 3.338450 -0.810406 2.551431 0.043994 0.593252 2.873209 -0.016174 10.486392 -0.344007 -0.035550 -0.509062 3.605326
1 inf -8.432688 -0.862873 -0.396280 -2.820479 -1.725197 3.382545 -0.825228 2.521986 0.053219 0.558216 2.844655 -0.021953 10.493531 -0.337038 -0.058128 -0.532008 3.575258
1 inf -8.449741 -0.907342 -0.383421 -2.831139 -1.685869 3.374648 -0.828687 2.526499 0.049849 0.533059 2.854030 -0.019462 10.544316 -0.359117 -0.047897 -0.528752 3.577477
1 inf -8.447876 -0.898869 -0.378801 -2.824670 -1.661291 3.332620 -0.847626 2.529212 0.034157 0.569885 2.803460 -0.000577 10.570932 -0.363134 -0.041060 -0.524547 3.550886
1 inf -8.437988 -0.908088 -0.377748 -2.815801 -1.638599 3.340809 -0.849464 2.536941 0.035329 0.534946 2.794912 0.036972 10.592414 -0.375913 -0.072040 -0.500934 3.557530
1 inf -8.440478 -0.943138 -0.390162 -2.798982 -1.629701 3.332457 -0.844850 2.537548 -0.051650 0.552614 2.776115 0.013282 10.590872 -0.353847 -0.069658 -0.512850 3.591695
1 inf -8.447335 -0.927318 -0.405171 -2.782341 -1.608765 3.361118 -0.850439 2.511251 -0.056737 0.567154 2.784749 0.000935 10.604676 -0.404392 -0.055391 -0.499130 3.564751
1 inf -8.448475 -0.921080 -0.410058 -2.775622 -1.615652 3.385734 -0.874430 2.514840 -0.060158 0.550724 2.830508 -0.010155 10.641084 -0.428216 -0.034410 -0.485858 3.538114
1 inf -8.452279 -0.957528 -0.428687 -2.753204 -1.626304 3.390038 -0.855058 2.536774 -0.051057 0.560780 2.865206 -0.015349 10.649259 -0.426760 -0.021874 -0.473020 3.544854
1 inf -8.484953 -0.951869 -0.416235 -2.785090 -1.624769 3.398646 -0.875226 2.542231 -0.077970 0.543962 2.836650 0.015163 10.658442 -0.448408 -0.045324 -0.457580 3.543567
1 inf -8.516178 -0.955107 -0.384262 -2.765024 -1.610152 3.455993 -0.877968 2.538354 -0.069497 0.530885 2.815030 0.056412 10.635956 -0.457391 -0.057040 -0.427718 3.506090
1 inf -8.537291 -0.960087 -0.348390 -2.753296 -1.614370 3.443986 -0.851010 2.524709 -0.038567 0.522317 2.813358 0.072076 10.651187 -0.436641 -0.037910 -0.412172 3.498660
1 inf -8.499145 -0.937455 -0.357906 -2.753258 -1.595650 3.412018 -0.848305 2.579213 -0.037878 0.519811 2.819684 0.056378 10.622864 -0.439031 -0.017487 -0.422151 3.505938
1 inf -8.468440 -0.935877 -0.338568 -2.733086 -1.583593 3.459468 -0.860354 2.571254 -0.009234 0.527921 2.810639 0.024369 10.643604 -0.447606 -0.036366 -0.454071 3.524569
1 inf -8.483168 -0.933354 -0.336650 -2.733029 -1.554913 3.463585 -0.893602 2.530941 -0.030126 0.510666 2.806867 0.025209 10.621099 -0.451104 -0.045772 -0.473820 3.529660
1 inf -8.434095 -0.888240 -0.383486 -2.692691 -1.539572 3.438532 -0.874196 2.525789 -0.074360 0.537850 2.792958 -0.024319 10.597550 -0.445802 -0.045306 -0.485098 3.506539
1 inf -8.415987 -0.874669 -0.402711 -2.710818 -1.532895 3.472376 -0.903282 2.528473 -0.049677 0.518107 2.812259 -0.018812 10.599027 -0.442585 -0.047302 -0.478521 3.471185
1 inf -8.442149 -0.903688 -0.393688 -2.705658 -1.494168 3.404581 -0.896618 2.538911 -0.040251 0.515637 2.798312 -0.036964 10.606625 -0.439033 -0.042956 -0.459420 3.506172
1 inf -8.425532 -0.927445 -0.407881 -2.680405 -1.529171 3.399232 -0.871286 2.544403 -0.018303 0.529128 2.812132 -0.067462 10.603182 -0.458197 -0.028553 -0.468181 3.548733
1 inf -8.433371 -0.947452 -0.412831 -2.663311 -1.549844 3.394956 -0.887152 2.515341 -0.035074 0.576064 2.781966 -0.074544 10.601487 -0.476717 -0.044764 -0.518174 3.526286
1 inf -8.464859 -0.947620 -0.399360 -2.670578 -1.544051 3.380014 -0.886671 2.499026 -0.021173 0.566225 2.769581 -0.052252 10.599883 -0.501947 -0.043079 -0.518376 3.482201
1 inf -8.464643 -0.982233 -0.412891 -2.685325 -1.534050 3.376972 -0.871642 2.489819 0.002047 0.580697 2.760648 -0.053989 10.562316 -0.516375 -0.011972 -0.488878 3.472934
1 inf -8.448150 -0.987557 -0.427885 -2.692412 -1.467476 3.381932 -0.863979 2.471701 0.008435 0.582505 2.779320 -0.046095 10.579840 -0.494015 -0.022721 -0.476383 3.486762
1 inf -8.407001 -0.971692 -0.379963 -2.701584 -1.424747 3.371132 -0.865877 2.464806 0.015757 0.544252 2.777079 -0.072452 10.562467 -0.494612 -0.013436 -0.456901 3.469600
1 inf -8.404882 -0.955678 -0.349211 -2.713908 -1.441260 3.361902 -0.869971 2.461157 0.005259 0.565270 2.781171 -0.074427 10.561824 -0.438579 -0.031309 -0.432649 3.460508
1 inf -8.410468 -0.969947 -0.372233 -2.729409 -1.446837 3.344339 -0.847021 2.472250 0.011607 0.566132 2.770143 -0.058284 10.560662 -0.431395 -0.040847 -0.423691 3.465077
1 inf -8.431634 -0.996236 -0.362434 -2.720231 -1.458378 3.354495 -0.860418 2.490110 0.005398 0.560184 2.818457 -0.022274 10.570657 -0.469398 -0.054471 -0.427874 3.469489
1 inf -8.444772 -0.960528 -0.375223 -2.675436 -1.467081 3.379334 -0.866777 2.497499 0.017458 0.557604 2.819271 -0.045203 10.588877 -0.466352 -0.067760 -0.426796 3.493672
1 inf -8.472283 -0.962601 -0.412519 -2.676314 -1.471574 3.366326 -0.863098 2.491573 0.007074 0.551480 2.839196 -0.048158 10.556761 -0.448855 -0.058049 -0.437905 3.459557
1 inf -8.473156 -0.958833 -0.459896 -2.678604 -1.473917 3.331601 -0.855166 2.516328 0.009474 0.553256 2.864308 -0.044896 10.523115 -0.421262 -0.066918 -0.427745 3.501483
1 inf -8.459888 -0.919647 -0.484897 -2.654370 -1.494659 3.277340 -0.825369 2.534107 0.024709 0.577949 2.852511 -0.054005 10.534617 -0.406598 -0.052258 -0.419751 3.492939
1 inf -8.433081 -0.937064 -0.490126 -2.659667 -1.508513 3.285890 -0.789521 2.519877 0.008285 0.550445 2.849383 -0.030888 10.548648 -0.408004 -0.039112 -0.396997 3.496590
1 inf -8.427440 -0.939467 -0.474125 -2.664068 -1.524307 3.323558 -0.831269 2.532745 0.027938 0.521944 2.826241 0.000704 10.551277 -0.416838 -0.059630 -0.368068 3.523078
1 inf -8.454070 -0.962500 -0.483028 -2.684615 -1.505241 3.324256 -0.855002 2.530706 0.001570 0.538604 2.866025 -0.019526 10.540194 -0.439439 -0.039560 -0.359981 3.549002
1 inf -8.499048 -0.954848 -0.439225 -2.694099 -1.479598 3.311332 -0.853364 2.515698 -0.038412 0.538186 2.892678 -0.019259 10.554110 -0.455519 -0.070475 -0.364577 3.558111
1 inf -8.502440 -0.939969 -0.466378 -2.691657 -1.469071 3.275313 -0.848009 2.512071 -0.075471 0.549745 2.906815 -0.034434 10.525356 -0.444282 -0.073285 -0.339811 3.563498
1 inf -8.535577 -0.922567 -0.494464 -2.666202 -1.471968 3.256141 -0.852572 2.522176 -0.134888 0.575546 2.894529 -0.037410 10.518047 -0.435272 -0.034652 -0.342928 3.565773
1 inf -8.524409 -0.911027 -0.506939 -2.633714 -1.455906 3.243567 -0.874074 2.517998 -0.134397 0.568382 2.888688 -0.043093 10.477497 -0.419059 -0.019014 -0.289125 3.577492
1 inf -8.548905 -0.938418 -0.516037 -2.643444 -1.455020 3.246300 -0.880955 2.498458 -0.150551 0.511925 2.874216 0.003549 10.482644 -0.433081 -0.014150 -0.284658 3.569294
1 inf -8.548678 -0.917678 -0.522322 -2.604980 -1.420775 3.200986 -0.917683 2.480969 -0.156884 0.511453 2.891371 0.007821 10.484255 -0.439505 -0.026364 -0.277079 3.592402
1 inf -8.530570 -0.904107 -0.541547 -2.623107 -1.414098 3.234830 -0.946769 2.483653 -0.132201 0.491710 2.910672 0.013328 10.485732 -0.436288 -0.028360 -0.270502 3.557048
1 inf -8.536911 -0.900172 -0.525885 -2.628765 -1.421390 3.223925 -0.973172 2.513383 -0.154944 0.492977 2.946843 0.011465 10.473132 -0.410074 -0.045053 -0.265334 3.551481
1 inf -8.504703 -0.909205 -0.530524 -2.638526 -1.409966 3.238929 -0.952017 2.515589 -0.193111 0.468307 2.932929 0.056409 10.490793 -0.403489 -0.032462 -0.270622 3.535499
1 inf -8.465591 -0.910604 -0.529649 -2.627538 -1.420027 3.210922 -0.937843 2.525904 -0.155244 0.456739 2.924961 0.060394 10.525706 -0.393538 -0.026225 -0.252847 3.508425
1 inf -8.464824 -0.908001 -0.528716 -2.600164 -1.452292 3.211800 -0.954754 2.516107 -0.171254 0.482536 2.922899 0.061239 10.526246 -0.405039 -0.009030 -0.261638 3.499028
1 inf -8.442641 -0.905670 -0.532498 -2.626841 -1.453666 3.217190 -0.959586 2.492993 -0.206355 0.472525 2.947654 0.026363 10.552207 -0.409645 -0.025926 -0.268169 3.492644
1 inf -8.424553 -0.940537 -0.578952 -2.584899 -1.470997 3.200483 -0.960103 2.511722 -0.200054 0.440856 2.989368 0.036529 10.563106 -0.446943 -0.004405 -0.269045 3.493065
1 inf -8.427807 -0.953831 -0.583671 -2.607639 -1.502205 3.165164 -0.981965 2.516038 -0.189429 0.448157 2.950902 0.077976 10.597718 -0.437790 -0.002050 -0.250724 3.489921
1 inf -8.431223 -0.964740 -0.543354 -2.606388 -1.508695 3.164912 -0.994423 2.510056 -0.206886 0.465722 2.971613 0.114980 10.588472 -0.448072 -0.029498 -0.262753 3.545776
1 inf -8.423558 -0.949773 -0.557869 -2.619336 -1.470930 3.080328 -0.989829 2.497281 -0.195218 0.511256 2.998020 0.077750 10.554925 -0.443138 -0.035411 -0.220070 3.558875
1 inf -8.409537 -0.939477 -0.580965 -2.585106 -1.451339 3.083101 -0.961358 2.516557 -0.201596 0.501389 2.985736 0.082312 10.556632 -0.444637 -0.073231 -0.221474 3.524253
1 inf -8.370866 -0.933551 -0.611095 -2.589176 -1.478483 3.094540 -0.923088 2.538006 -0.203030 0.490536 2.993375 0.085987 10.572199 -0.469546 -0.085062 -0.179990 3.548992
1 inf -8.365413 -0.935164 -0.607467 -2.588779 -1.479598 3.060173 -0.895469 2.503239 -0.200262 0.500106 2.962776 0.067039 10.560999 -0.481010 -0.066734 -0.162864 3.543503
1 inf -8.371652 -0.937651 -0.599845 -2.615569 -1.479379 3.038195 -0.879416 2.501734 -0.159001 0.518275 2.911129 0.077154 10.588330 -0.490966 -0.058902 -0.142537 3.543800
1 inf -8.385632 -0.896968 -0.595419 -2.616793 -1.486218 3.036193 -0.927896 2.483696 -0.184343 0.528052 2.929898 0.087159 10.623434 -0.463042 -0.005916 -0.144476 3.552277
1 inf -8.352898 -0.866374 -0.599477 -2.608751 -1.471006 3.027656 -0.934493 2.497748 -0.181462 0.528361 2.986258 0.068116 10.595679 -0.490464 -0.014907 -0.152849 3.531958
1 inf -8.373095 -0.856814 -0.628044 -2.614398 -1.468440 3.038746 -0.928400 2.504676 -0.171494 0.560411 2.967747 0.065448 10.611565 -0.478485 -0.014033 -0.118087 3.526012
1 inf -8.333773 -0.831173 -0.631523 -2.596793 -1.438693 3.052999 -0.907403 2.504193 -0.174764 0.531576 2.948227 0.076866 10.645602 -0.497692 -0.006586 -0.102581 3.515437
1 inf -8.361945 -0.831557 -0.645148 -2.593741 -1.467046 3.107490 -0.911805 2.483729 -0.157439 0.554959 2.916516 0.101995 10.673942 -0.511765 -0.058216 -0.128480 3.541159
1 inf -8.367267 -0.844003 -0.650847 -2.566861 -1.470294 3.102136 -0.943057 2.502691 -0.124561 0.531678 2.913943 0.068185 10.662678 -0.514062 -0.006617 -0.126570 3.559824
1 inf -8.363221 -0.848663 -0.640843 -2.597802 -1.493929 3.100710 -0.941444 2.516264 -0.107128 0.544965 2.886257 0.075660 10.666202 -0.541346 -0.011204 -0.110761 3.607359
1 inf -8.345113 -0.835092 -0.660068 -2.615929 -1.487252 3.134554 -0.970530 2.518948 -0.082445 0.525222 2.905558 0.081167 10.667679 -0.538129 -0.013200 -0.104184 3.572005
1 inf -8.328756 -0.809269 -0.665123 -2.610140 -1.487405 3.132649 -0.953174 2.511988 -0.080037 0.537486 2.888202 0.059778 10.696227 -0.526692 -0.035948 -0.095706 3.604952
1 inf -8.287131 -0.792552 -0.644478 -2.597514 -1.496889 3.120879 -0.939337 2.505779 -0.054848 0.509915 2.854527 0.045513 10.665785 -0.538572 -0.027896 -0.092810 3.619636
1 inf -8.274727 -0.762338 -0.656660 -2.619988 -1.526993 3.119857 -0.939867 2.504293 -0.068076 0.548809 2.846663 0.075934 10.691543 -0.523892 -0.003159 -0.081410 3.631069
1 inf -8.257742 -0.811155 -0.668144 -2.630650 -1.508065 3.137023 -0.951238 2.472053 -0.104718 0.564736 2.871928 0.065474 10.675273 -0.556721 -0.016393 -0.091027 3.608354
1 inf -8.257646 -0.782924 -0.634607 -2.637907 -1.501602 3.144250 -0.912854 2.498384 -0.131568 0.548054 2.877380 0.060496 10.680258 -0.604652 -0.022858 -0.066949 3.582174
1 inf -8.255906 -0.763699 -0.630358 -2.646411 -1.510333 3.124875 -0.899863 2.492007 -0.135323 0.517435 2.884315 -0.000690 10.712727 -0.630281 -0.014139 -0.075807 3.560553
1 inf -8.242738 -0.776736 -0.639026 -2.596162 -1.508676 3.126482 -0.927338 2.512975 -0.160024 0.481330 2.878986 -0.017079 10.708586 -0.635208 -0.017566 -0.041351 3.546716
1 inf -8.254710 -0.770429 -0.618152 -2.605940 -1.520084 3.130977 -0.900190 2.516578 -0.155879 0.427154 2.874406 -0.025307 10.717460 -0.637014 -0.010674 -0.000532 3.546271
1 inf -8.235462 -0.786047 -0.643018 -2.628414 -1.497273 3.087215 -0.920538 2.508206 -0.128705 0.452855 2.861432 -0.048302 10.760432 -0.663289 -0.031355 -0.020013 3.600247
1 inf -8.195379 -0.773002 -0.643668 -2.641556 -1.481631 3.046011 -0.950763 2.491310 -0.120381 0.479169 2.847380 -0.030503 10.746577 -0.689514 -0.006940 -0.034103 3.617447
1 inf -8.225441 -0.805262 -0.637688 -2.638147 -1.479381 3.027661 -0.976105 2.469363 -0.141406 0.427141 2.884128 -0.024973 10.722406 -0.655101 -0.009869 -0.053184 3.603849
1 inf -8.222865 -0.793012 -0.627302 -2.638083 -1.492300 3.072696 -0.958382 2.438070 -0.155497 0.414185 2.893902 -0.035391 10.752169 -0.631044 -0.004294 -0.033458 3.607925
1 inf -8.238579 -0.826687 -0.605345 -2.620034 -1.497057 3.053424 -0.974702 2.404904 -0.162123 0.436182 2.878891 -0.070372 10.746849 -0.616362 -0.029696 -0.053648 3.632061
1 inf -8.220471 -0.813116 -0.624570 -2.638161 -1.490380 3.087268 -0.972018 2.429587 -0.181866 0.455483 2.884398 -0.068895 10.750066 -0.618358 -0.023119 -0.089002 3.644551
1 inf -8.230835 -0.803671 -0.595988 -2.637196 -1.475357 3.080462 -0.981366 2.469034 -0.211284 0.440627 2.867824 -0.067094 10.794928 -0.564927 -0.029957 -0.032792 3.636096
1 inf -8.221619 -0.799459 -0.567849 -2.606385 -1.461798 3.056306 -0.940198 2.445318 -0.204790 0.463281 2.860663 -0.081997 10.806248 -0.573746 -0.015624 -0.008960 3.589442
1 inf -8.224182 -0.808051 -0.595506 -2.609226 -1.474022 3.027151 -0.955277 2.468601 -0.212104 0.453382 2.826933 -0.027410 10.821812 -0.597935 -0.009593 0.001651 3.533737
1 inf -8.228748 -0.794043 -0.574758 -2.614003 -1.460595 2.993445 -0.968509 2.467306 -0.213678 0.460254 2.833106 -0.026116 10.799942 -0.591950 -0.007926 0.015625 3.515635
1 inf -8.203960 -0.797772 -0.541049 -2.599054 -1.448518 2.970965 -0.971604 2.451724 -0.209101 0.458331 2.846743 -0.015252 10.757856 -0.578203 -0.011528 0.029933 3.538455
1 inf -8.192278 -0.786311 -0.541211 -2.575385 -1.446269 2.975070 -0.946994 2.473720 -0.240329 0.470029 2.871211 -0.006252 10.785990 -0.596793 -0.003527 0.039560 3.518848
1 inf -8.182841 -0.788149 -0.501938 -2.621425 -1.468998 2.992407 -0.944606 2.462375 -0.255612 0.458695 2.867628 0.000727 10.800810 -0.581153 -0.000854 0.042259 3.516099
1 inf -8.187664 -0.821893 -0.517575 -2.640726 -1.462297 3.015836 -0.944233 2.469310 -0.210566 0.448261 2.873188 -0.011575 10.781345 -0.606304 -0.003407 0.068350 3.483046
1 inf -8.205379 -0.822507 -0.502173 -2.650365 -1.456820 2.996718 -0.918269 2.476925 -0.222954 0.458401 2.860171 -0.035584 10.799754 -0.612868 -0.044761 0.072717 3.502375
1 inf -8.178022 -0.834771 -0.511914 -2.649652 -1.460206 3.033894 -0.921702 2.442781 -0.248228 0.472719 2.811584 -0.017728 10.814056 -0.610766 -0.040947 0.034702 3.473053
1 inf -8.192976 -0.857714 -0.533733 -2.640583 -1.430500 3.014972 -0.937525 2.434596 -0.199996 0.468622 2.821455 0.007777 10.818393 -0.588670 -0.055378 0.029681 3.480148
1 inf -8.225806 -0.831358 -0.521851 -2.645589 -1.447813 3.022246 -0.968911 2.449723 -0.219881 0.474618 2.833280 0.020517 10.850054 -0.596965 -0.089739 0.007244 3.472063
1 inf -8.263029 -0.835109 -0.510817 -2.597365 -1.415266 3.013571 -0.949345 2.459887 -0.238647 0.453806 2.894363 0.019079 10.815524 -0.599356 -0.051794 0.020761 3.472844
1 inf -8.245186 -0.820009 -0.525440 -2.617112 -1.376303 2.973911 -0.993569 2.428314 -0.239113 0.463688 2.841144 0.019885 10.818250 -0.601812 -0.062188 0.010443 3.477374
1 inf -8.246650 -0.790996 -0.527086 -2.617681 -1.384121 2.998130 -0.971921 2.408091 -0.264885 0.487042 2.856642 0.040693 10.820109 -0.576442 -0.081897 0.002955 3.489429
1 inf -8.253955 -0.820452 -0.521248 -2.659173 -1.397167 2.986309 -0.964891 2.406339 -0.257027 0.479210 2.859878 0.020928 10.767723 -0.584133 -0.066911 0.020256 3.508829
1 inf -8.218915 -0.825550 -0.498641 -2.687525 -1.404557 3.013026 -0.973098 2.406934 -0.274729 0.477393 2.841940 0.036230 10.764308 -0.572818 -0.062400 0.015568 3.505900
1 inf -8.236173 -0.830489 -0.495529 -2.709161 -1.396182 3.000596 -0.965789 2.417418 -0.267175 0.457727 2.819788 0.051894 10.778667 -0.550801 -0.076240 0.056049 3.532930
1 inf -8.231112 -0.812368 -0.494974 -2.694298 -1.394550 2.987586 -0.945939 2.383481 -0.291830 0.453707 2.836715 0.069715 10.786331 -0.527065 -0.029398 0.059209 3.538256
1 inf -8.213004 -0.798797 -0.514199 -2.712425 -1.387873 3.021430 -0.975025 2.386165 -0.267147 0.433964 2.856016 0.075222 10.787808 -0.523848 -0.031394 0.065786 3.502902
1 inf -8.176664 -0.803797 -0.531216 -2.739408 -1.394637 3.052827 -0.999279 2.399663 -0.308027 0.431019 2.830977 0.031438 10.803992 -0.492550 -0.034470 0.045091 3.494465
1 inf -8.149624 -0.827603 -0.524898 -2.749425 -1.414645 3.017250 -0.998924 2.403501 -0.297260 0.416243 2.849626 0.039181 10.800383 -0.525772 -0.071416 0.041382 3.491679
1 inf -8.172468 -0.839090 -0.525714 -2.747299 -1.402160 3.002929 -0.990781 2.408918 -0.292188 0.387936 2.843614 0.022240 10.772288 -0.543096 -0.119402 0.060837 3.476964
1 inf -8.219992 -0.838778 -0.556428 -2.717500 -1.402522 2.985420 -0.996929 2.410613 -0.268227 0.409817 2.827624 0.072020 10.755459 -0.545110 -0.151145 0.074117 3.485404
1 inf -8.233168 -0.853126 -0.558159 -2.696067 -1.386407 3.024869 -0.989753 2.430701 -0.279470 0.385306 2.843915 0.064651 10.788685 -0.531495 -0.148085 0.088214 3.458636
1 inf -8.226854 -0.887644 -0.580145 -2.724088 -1.350843 3.040627 -0.969166 2.421936 -0.299054 0.340947 2.877579 0.075286 10.776604 -0.512214 -0.140811 0.096015 3.433238
1 inf -8.211296 -0.922511 -0.601325 -2.765048 -1.327360 3.032895 -0.977245 2.376074 -0.327714 0.350829 2.835319 0.115117 10.773819 -0.521502 -0.154170 0.068362 3.444148
1 inf -8.172979 -0.919474 -0.651902 -2.762618 -1.347057 2.997616 -0.958127 2.394313 -0.308264 0.329907 2.858073 0.087657 10.762591 -0.477759 -0.172854 0.063158 3.428395
1 inf -8.149473 -0.899031 -0.680378 -2.777001 -1.347845 3.033381 -0.981867 2.369665 -0.349423 0.339417 2.820094 0.072657 10.767348 -0.531111 -0.169050 0.072333 3.435629
1 inf -8.144663 -0.887880 -0.690109 -2.770904 -1.346566 3.042775 -0.984399 2.377540 -0.337266 0.294103 2.816527 0.099250 10.783801 -0.504590 -0.184424 0.058780 3.436766
1 inf -8.141398 -0.855453 -0.675642 -2.749367 -1.387366 3.023540 -0.944676 2.357492 -0.307925 0.313761 2.819377 0.090897 10.753086 -0.508751 -0.232317 0.069556 3.456859
1 inf -8.153345 -0.892646 -0.656430 -2.762167 -1.376541 3.030689 -0.960866 2.360614 -0.312677 0.315059 2.806223 0.109143 10.730519 -0.524099 -0.232484 0.048043 3.464372
1 inf -8.189941 -0.888462 -0.641796 -2.747273 -1.393961 3.035835 -0.932078 2.365603 -0.310678 0.339703 2.803797 0.137550 10.686743 -0.555327 -0.235517 0.050014 3.480671
1 inf -8.181542 -0.875930 -0.630187 -2.771614 -1.387035 3.011522 -0.922894 2.366011 -0.301740 0.345682 2.794001 0.143685 10.687549 -0.517390 -0.223395 0.028141 3.499576
1 inf -8.175777 -0.847748 -0.643688 -2.760841 -1.362774 2.984699 -0.897067 2.375700 -0.269019 0.327262 2.803621 0.137363 10.670293 -0.510140 -0.234024 0.055118 3.522810
1 inf -8.203004 -0.844253 -0.664458 -2.744306 -1.385597 2.963825 -0.897131 2.366968 -0.269876 0.319643 2.814571 0.141104 10.653103 -0.510486 -0.237527 0.047122 3.490546
1 inf -8.164024 -0.832756 -0.648615 -2.738067 -1.360823 2.979358 -0.889985 2.389810 -0.275433 0.301523 2.814664 0.134417 10.643659 -0.479579 -0.238627 0.054941 3.488480
1 inf -8.170943 -0.817963 -0.633124 -2.760616 -1.373376 2.926056 -0.851349 2.409776 -0.271348 0.319405 2.792134 0.159500 10.654998 -0.519553 -0.228433 0.043631 3.522120
1 inf -8.174061 -0.857768 -0.641072 -2.763434 -1.373481 2.939234 -0.833802 2.440371 -0.260404 0.340836 2.773375 0.159023 10.647620 -0.534390 -0.219743 0.033454 3.517538
1 inf -8.155953 -0.844197 -0.660297 -2.781561 -1.366804 2.973078 -0.862888 2.443055 -0.235721 0.321093 2.792676 0.164530 10.649097 -0.531173 -0.221739 0.040031 3.482184
1 inf -8.145119 -0.803576 -0.659782 -2.763384 -1.355290 2.973400 -0.854627 2.411282 -0.205293 0.328233 2.778994 0.151649 10.655880 -0.511888 -0.226544 0.062252 3.527443
1 inf -8.174068 -0.791614 -0.624316 -2.765696 -1.339266 2.974152 -0.895596 2.416835 -0.221933 0.313648 2.816982 0.144657 10.657845 -0.520875 -0.185403 0.021258 3.530368
1 inf -8.166490 -0.799137 -0.628233 -2.771852 -1.315763 2.971408 -0.898299 2.455741 -0.226687 0.277597 2.875956 0.165889 10.674431 -0.520597 -0.155080 -0.005250 3.559768
1 inf -8.197833 -0.815322 -0.640321 -2.799543 -1.309104 2.927443 -0.879002 2.435358 -0.261223 0.268004 2.877033 0.192411 10.685645 -0.536350 -0.147187 -0.027802 3.585476
