1 inf -8.771786 -0.798659 -0.211774 -1.991400 -1.443776 3.275995 0.062702 2.053006 -0.681280 0.226157 1.497382 0.302962 10.460735 -0.979798 -0.321360 -0.442080 3.583068
1 inf -8.764812 -0.777296 -0.232244 -2.010246 -1.437959 3.258674 0.051295 2.044213 -0.660909 0.229162 1.483283 0.317877 10.457969 -0.980617 -0.328524 -0.443247 3.549899
1 inf -8.767323 -0.776033 -0.194743 -1.978082 -1.441326 3.262163 0.035361 2.033752 -0.634596 0.220467 1.516170 0.303099 10.457228 -0.999309 -0.335619 -0.454205 3.530688
1 inf -8.741398 -0.760156 -0.176392 -1.978346 -1.399047 3.246158 0.039131 2.055327 -0.629817 0.213226 1.486251 0.307062 10.468466 -1.015233 -0.342756 -0.432688 3.535375
1 inf -8.744783 -0.770174 -0.152202 -1.950312 -1.400330 3.249856 0.044723 2.056127 -0.616396 0.215422 1.478804 0.306449 10.504842 -1.011352 -0.346892 -0.409521 3.536317
1 inf -8.727890 -0.813740 -0.156065 -1.989034 -1.402372 3.287389 0.088555 2.047727 -0.615077 0.261159 1.460135 0.333688 10.527177 -1.047961 -0.347244 -0.441725 3.572049
1 inf -8.736690 -0.824720 -0.131872 -2.024533 -1.422069 3.327323 0.051384 2.063775 -0.603874 0.258290 1.481387 0.344781 10.545331 -1.021865 -0.378382 -0.420809 3.578777
1 inf -8.769103 -0.788199 -0.157886 -2.056191 -1.486780 3.302769 0.053189 2.095745 -0.551338 0.269245 1.451744 0.358782 10.508967 -1.025314 -0.419678 -0.404018 3.551554
1 inf -8.801389 -0.808563 -0.125630 -2.032869 -1.469383 3.275733 0.072880 2.085544 -0.520339 0.297245 1.450612 0.375669 10.469400 -1.057726 -0.410702 -0.418006 3.551211
1 inf -8.802850 -0.814547 -0.099595 -2.030885 -1.476058 3.255915 0.072254 2.076831 -0.535786 0.301496 1.441027 0.330835 10.474503 -1.029944 -0.437775 -0.438777 3.562630
1 inf -8.790451 -0.795285 -0.116422 -1.994751 -1.491435 3.255963 0.103606 2.103236 -0.528721 0.268836 1.441852 0.315126 10.437667 -1.015365 -0.440502 -0.442705 3.556274
1 inf -8.774693 -0.817696 -0.102564 -1.971191 -1.499654 3.228050 0.142937 2.071046 -0.515032 0.285347 1.429697 0.324552 10.444956 -0.984284 -0.443549 -0.415652 3.573239
1 inf -8.766863 -0.810054 -0.065855 -1.955663 -1.513132 3.221420 0.143718 2.079377 -0.501619 0.272568 1.470538 0.336157 10.447856 -0.988813 -0.411917 -0.439827 3.554691
1 inf -8.785605 -0.795004 -0.076054 -1.962721 -1.535216 3.161818 0.138733 2.097315 -0.512060 0.264098 1.473819 0.346676 10.460390 -1.001657 -0.403830 -0.407931 3.533780
1 inf -8.760713 -0.785291 -0.119313 -1.978377 -1.525789 3.187446 0.187638 2.084128 -0.555217 0.266546 1.462981 0.340664 10.444055 -1.013711 -0.437121 -0.384350 3.570985
1 inf -8.747051 -0.769513 -0.146871 -1.921944 -1.521991 3.182834 0.229779 2.103445 -0.566880 0.267432 1.432847 0.380497 10.488831 -0.980415 -0.444865 -0.377838 3.510885
1 inf -8.773945 -0.792709 -0.140255 -1.961212 -1.511206 3.161437 0.217407 2.110617 -0.564157 0.284439 1.423432 0.393637 10.483908 -0.990739 -0.432457 -0.426678 3.469534
1 inf -8.758469 -0.775958 -0.110367 -1.942558 -1.515112 3.167229 0.231448 2.119229 -0.597116 0.276822 1.445121 0.384157 10.437804 -0.971363 -0.430052 -0.446207 3.488698
1 inf -8.787176 -0.766083 -0.151164 -1.934564 -1.505457 3.179249 0.258991 2.093972 -0.596537 0.276223 1.442261 0.380673 10.442165 -0.975135 -0.407707 -0.480202 3.497796
1 inf -8.762553 -0.739376 -0.179024 -1.944601 -1.515048 3.211694 0.287137 2.104396 -0.569638 0.256188 1.460431 0.367216 10.421403 -0.974884 -0.396223 -0.497147 3.516393
1 inf -8.769912 -0.768699 -0.177938 -1.919323 -1.513628 3.159932 0.294343 2.159304 -0.529715 0.254159 1.469766 0.377322 10.433059 -0.968812 -0.380997 -0.499255 3.506029
1 inf -8.761344 -0.747358 -0.205677 -1.925003 -1.535893 3.157298 0.278735 2.164295 -0.520465 0.223766 1.433450 0.390785 10.498076 -0.971873 -0.382064 -0.511977 3.516962
1 inf -8.744474 -0.744224 -0.207913 -1.956636 -1.517559 3.156800 0.309064 2.172214 -0.483036 0.262169 1.405448 0.396122 10.502620 -0.991926 -0.374239 -0.545352 3.520419
1 inf -8.766032 -0.733106 -0.164001 -1.948087 -1.535342 3.158298 0.297568 2.189758 -0.500759 0.266272 1.411549 0.384210 10.488010 -0.989855 -0.372437 -0.552288 3.498603
1 inf -8.775322 -0.712655 -0.172238 -1.998975 -1.536114 3.138407 0.325867 2.246151 -0.496537 0.259205 1.421967 0.387488 10.475714 -0.995595 -0.375958 -0.532599 3.529521
1 inf -8.764816 -0.727813 -0.178333 -1.967789 -1.526943 3.119383 0.290521 2.203724 -0.462566 0.273612 1.418299 0.384759 10.458162 -1.008696 -0.368571 -0.536464 3.549695
1 inf -8.783754 -0.766952 -0.171721 -1.966080 -1.536068 3.117629 0.258238 2.198584 -0.466504 0.274022 1.456635 0.406604 10.479926 -1.014010 -0.379466 -0.516254 3.497993
1 inf -8.780429 -0.782638 -0.182000 -1.974352 -1.531339 3.118599 0.256807 2.192658 -0.468790 0.259655 1.464706 0.429781 10.488095 -1.033029 -0.388174 -0.527458 3.503061
1 inf -8.797810 -0.819272 -0.176367 -2.008681 -1.521596 3.129952 0.261180 2.202640 -0.461040 0.290281 1.500197 0.455332 10.522799 -1.005202 -0.404484 -0.554564 3.494315
1 inf -8.778244 -0.822611 -0.175471 -2.034251 -1.498839 3.102527 0.284009 2.194396 -0.437743 0.319392 1.493838 0.474583 10.552527 -0.974274 -0.402211 -0.519861 3.477955
1 inf -8.779413 -0.850612 -0.178911 -2.051929 -1.501207 3.091689 0.272092 2.214917 -0.468988 0.326352 1.499516 0.489472 10.526155 -0.979741 -0.429379 -0.506201 3.477400
1 inf -8.729868 -0.842333 -0.136368 -2.067065 -1.496220 3.067429 0.285326 2.219075 -0.450116 0.314232 1.502816 0.442335 10.529972 -0.963512 -0.440150 -0.544449 3.435184
1 inf -8.734880 -0.851029 -0.150734 -2.064073 -1.480902 3.074597 0.237605 2.217743 -0.452314 0.339481 1.499450 0.433728 10.518948 -0.973253 -0.500892 -0.575254 3.456167
1 inf -8.741967 -0.840140 -0.149170 -2.089733 -1.438655 3.048414 0.221323 2.197777 -0.463937 0.330636 1.500412 0.418964 10.509197 -0.969769 -0.532591 -0.556884 3.477337
1 inf -8.767498 -0.853554 -0.135714 -2.055394 -1.422056 3.045432 0.252751 2.182728 -0.454358 0.344294 1.495095 0.463116 10.528637 -0.939253 -0.510864 -0.577867 3.497496
1 inf -8.756794 -0.867847 -0.134397 -2.069291 -1.446722 3.035635 0.259734 2.160508 -0.458599 0.321549 1.521259 0.460577 10.538704 -0.967438 -0.543948 -0.559191 3.503012
1 inf -8.786332 -0.837247 -0.135757 -2.043508 -1.449919 3.022747 0.202054 2.144051 -0.469219 0.324437 1.501062 0.493777 10.507352 -0.990691 -0.537772 -0.514083 3.460891
1 inf -8.784810 -0.870303 -0.130781 -2.035272 -1.428163 3.038649 0.209083 2.151444 -0.443999 0.322200 1.496393 0.499328 10.509520 -0.959691 -0.494239 -0.497912 3.482579
1 inf -8.788545 -0.849300 -0.159047 -2.035697 -1.399363 3.033820 0.222763 2.159336 -0.438470 0.286213 1.484868 0.473190 10.531312 -0.939604 -0.478707 -0.497473 3.455250
1 inf -8.779908 -0.850581 -0.164122 -2.046887 -1.389820 3.023629 0.221941 2.156794 -0.449870 0.293377 1.503896 0.470393 10.501219 -0.916552 -0.499607 -0.503662 3.449443
1 inf -8.746459 -0.834570 -0.176963 -2.060192 -1.370495 3.047913 0.245152 2.130310 -0.444422 0.278864 1.523023 0.483091 10.478818 -0.889003 -0.480246 -0.522376 3.401911
1 inf -8.728384 -0.845443 -0.196716 -2.072235 -1.363773 3.084323 0.300955 2.165559 -0.441272 0.265034 1.521313 0.469402 10.478075 -0.889638 -0.460865 -0.541042 3.415186
1 inf -8.714469 -0.843607 -0.228051 -2.055049 -1.383662 3.104449 0.303997 2.185135 -0.478509 0.286669 1.515699 0.456142 10.461382 -0.882892 -0.466884 -0.478779 3.410193
1 inf -8.717129 -0.823810 -0.217943 -2.043051 -1.397634 3.094658 0.289263 2.203847 -0.478475 0.295759 1.505906 0.463003 10.445678 -0.891828 -0.458512 -0.420784 3.415284
1 inf -8.687247 -0.825406 -0.229865 -2.050174 -1.391884 3.101104 0.251656 2.207423 -0.459036 0.274908 1.522238 0.474767 10.445763 -0.900201 -0.487267 -0.419053 3.421117
1 inf -8.720292 -0.811043 -0.197084 -2.057848 -1.370453 3.077829 0.263624 2.211202 -0.448101 0.284084 1.558484 0.474131 10.454181 -0.877645 -0.461291 -0.426593 3.462026
1 inf -8.762333 -0.806067 -0.204888 -2.002481 -1.381519 3.068650 0.290929 2.209057 -0.445238 0.303094 1.549531 0.456757 10.468669 -0.889611 -0.483138 -0.410334 3.438800
1 inf -8.771697 -0.826028 -0.203409 -1.994983 -1.346834 3.071325 0.269847 2.215862 -0.443989 0.331833 1.522853 0.449792 10.476469 -0.897653 -0.489725 -0.410318 3.442508
1 inf -8.811216 -0.836217 -0.243853 -1.988224 -1.359496 3.093205 0.270686 2.239256 -0.447444 0.273628 1.526835 0.444037 10.474065 -0.893076 -0.493901 -0.394915 3.429913
1 inf -8.833168 -0.865802 -0.224102 -2.003769 -1.370270 3.124514 0.258847 2.240465 -0.470936 0.257346 1.552513 0.451279 10.487855 -0.896075 -0.481902 -0.395725 3.409251
1 inf -8.820610 -0.853946 -0.222245 -2.004047 -1.352424 3.137975 0.258606 2.235294 -0.488729 0.306653 1.568408 0.453774 10.468954 -0.920904 -0.491392 -0.405063 3.400653
1 inf -8.847342 -0.862111 -0.266508 -2.029758 -1.354668 3.120415 0.250134 2.229362 -0.510973 0.293369 1.570110 0.423965 10.478307 -0.951229 -0.460874 -0.403974 3.408598
1 inf -8.871454 -0.875031 -0.247484 -2.017248 -1.346095 3.112739 0.251159 2.210561 -0.540818 0.280318 1.596584 0.430515 10.501675 -0.922746 -0.435072 -0.409906 3.375057
1 inf -8.890392 -0.914170 -0.240872 -2.015539 -1.355220 3.110985 0.218876 2.205421 -0.544756 0.280728 1.634920 0.452360 10.523439 -0.928060 -0.445967 -0.389696 3.323355
1 inf -8.904545 -0.926675 -0.246696 -2.060453 -1.392170 3.135673 0.242917 2.215264 -0.555469 0.272522 1.616665 0.479451 10.510368 -0.933989 -0.443715 -0.388760 3.318880
1 inf -8.909069 -0.918345 -0.207814 -2.032684 -1.400193 3.135804 0.218751 2.189795 -0.545373 0.251176 1.630190 0.526777 10.532008 -0.937933 -0.448946 -0.363749 3.328177
1 inf -8.875076 -0.907829 -0.216734 -2.025762 -1.391859 3.141239 0.204210 2.182570 -0.557271 0.249319 1.615908 0.558701 10.494863 -0.947703 -0.458955 -0.337589 3.313497
1 inf -8.868082 -0.891694 -0.268895 -2.044973 -1.392683 3.151170 0.186507 2.167147 -0.562970 0.222793 1.577317 0.540596 10.467083 -0.931101 -0.450917 -0.312237 3.273783
1 inf -8.860200 -0.857549 -0.267958 -2.020422 -1.395478 3.117149 0.194912 2.190192 -0.567860 0.227352 1.603362 0.557444 10.463695 -0.952191 -0.450133 -0.341588 3.254200
1 inf -8.844736 -0.861705 -0.217412 -2.059765 -1.404551 3.103150 0.198575 2.183356 -0.556441 0.195254 1.598662 0.519707 10.465150 -0.954374 -0.409262 -0.305829 3.245845
1 inf -8.845609 -0.840562 -0.212665 -2.031903 -1.405698 3.076594 0.205580 2.186804 -0.563778 0.197871 1.586485 0.547800 10.471939 -0.964546 -0.378690 -0.271616 3.235552
1 inf -8.844850 -0.849317 -0.217435 -2.026826 -1.404075 3.037768 0.203037 2.180165 -0.545599 0.219258 1.594624 0.544038 10.479796 -0.954637 -0.396498 -0.305239 3.240570
1 inf -8.820911 -0.841344 -0.189321 -2.013548 -1.389615 3.075015 0.173086 2.200194 -0.528904 0.240974 1.624421 0.527072 10.475049 -0.950951 -0.361020 -0.310543 3.272854
1 inf -8.820331 -0.848618 -0.194887 -2.028483 -1.349289 3.074964 0.180001 2.185698 -0.545009 0.232550 1.632803 0.552270 10.463808 -0.916547 -0.382572 -0.302686 3.262422
1 inf -8.842110 -0.872933 -0.192191 -2.029617 -1.371709 3.094904 0.158704 2.164270 -0.505640 0.239642 1.656961 0.492820 10.462288 -0.942840 -0.354289 -0.291253 3.252260
1 inf -8.832422 -0.894468 -0.216178 -2.083893 -1.363646 3.115336 0.170324 2.181037 -0.546415 0.226486 1.656266 0.489871 10.483011 -0.902690 -0.376833 -0.306461 3.269441
1 inf -8.853996 -0.883124 -0.226013 -2.079533 -1.364508 3.113638 0.196580 2.219208 -0.558201 0.215896 1.624523 0.473487 10.474833 -0.855741 -0.385255 -0.326246 3.249215
1 inf -8.848388 -0.907111 -0.224805 -2.081602 -1.363152 3.166483 0.176606 2.225610 -0.561097 0.219900 1.594802 0.489250 10.496322 -0.839222 -0.364102 -0.307299 3.268681
1 inf -8.820490 -0.914140 -0.213304 -2.076899 -1.364892 3.184884 0.200586 2.257385 -0.559316 0.206947 1.611500 0.466013 10.489377 -0.829444 -0.332718 -0.299418 3.211557
1 inf -8.786651 -0.888128 -0.163824 -2.118307 -1.372782 3.167205 0.211281 2.317110 -0.544350 0.191000 1.584859 0.490489 10.487949 -0.853078 -0.359578 -0.323790 3.250838
1 inf -8.791995 -0.856212 -0.155248 -2.109633 -1.389615 3.179798 0.205911 2.298440 -0.540557 0.186128 1.566939 0.475542 10.448014 -0.868072 -0.345126 -0.337654 3.250400
1 inf -8.795965 -0.847984 -0.128040 -2.136985 -1.436570 3.207072 0.183005 2.324690 -0.565562 0.174150 1.532601 0.483492 10.432292 -0.863919 -0.330160 -0.342202 3.237744
1 inf -8.809734 -0.856146 -0.146756 -2.141764 -1.457258 3.243409 0.154614 2.349762 -0.554623 0.164552 1.530315 0.475303 10.434826 -0.817153 -0.349388 -0.315166 3.264840
1 inf -8.792935 -0.868974 -0.163609 -2.131240 -1.455023 3.245758 0.110283 2.346724 -0.543866 0.186848 1.557541 0.461867 10.410150 -0.818686 -0.344416 -0.349546 3.268124
1 inf -8.767077 -0.841477 -0.172687 -2.155402 -1.487448 3.275432 0.120658 2.342818 -0.545583 0.163230 1.566702 0.490677 10.440982 -0.819898 -0.336917 -0.356246 3.301686
1 inf -8.742656 -0.873673 -0.183217 -2.164204 -1.490216 3.259070 0.168178 2.337011 -0.546764 0.172208 1.584538 0.490869 10.403192 -0.796534 -0.351308 -0.328755 3.303664
1 inf -8.753668 -0.892581 -0.183104 -2.177279 -1.502551 3.236292 0.163692 2.318650 -0.560873 0.195213 1.536529 0.539722 10.399813 -0.778855 -0.373210 -0.371084 3.318095
1 inf -8.771892 -0.882631 -0.193121 -2.186923 -1.543227 3.197901 0.169387 2.275662 -0.582709 0.158282 1.526349 0.507169 10.352565 -0.761298 -0.352045 -0.402816 3.299662
1 inf -8.790830 -0.921770 -0.186509 -2.185214 -1.552352 3.196147 0.137104 2.270522 -0.586647 0.158692 1.564685 0.529014 10.374329 -0.766612 -0.362940 -0.382606 3.247960
1 inf -8.798509 -0.893631 -0.164184 -2.216528 -1.529364 3.199156 0.184352 2.252236 -0.594494 0.192085 1.546487 0.520981 10.371430 -0.743684 -0.353623 -0.404682 3.212260
1 inf -8.776131 -0.880838 -0.176649 -2.230649 -1.536282 3.158740 0.232439 2.240976 -0.624150 0.187816 1.575703 0.505804 10.387725 -0.743648 -0.372328 -0.402676 3.214061
1 inf -8.800234 -0.875864 -0.162530 -2.200441 -1.561179 3.151998 0.210750 2.201014 -0.597408 0.213899 1.549395 0.500847 10.413724 -0.737579 -0.440429 -0.384181 3.231235
1 inf -8.760444 -0.848011 -0.184176 -2.167337 -1.529851 3.153293 0.214978 2.151427 -0.584677 0.227916 1.546202 0.539369 10.397085 -0.743769 -0.434819 -0.384644 3.244895
1 inf -8.766999 -0.818346 -0.173362 -2.171312 -1.534740 3.169392 0.164295 2.134776 -0.584887 0.235808 1.575543 0.508673 10.433554 -0.770646 -0.451590 -0.366429 3.263630
1 inf -8.776157 -0.815265 -0.184247 -2.150902 -1.524545 3.117021 0.132632 2.181674 -0.563774 0.259698 1.590315 0.506768 10.456013 -0.743260 -0.456619 -0.342755 3.283921
1 inf -8.779641 -0.818993 -0.163164 -2.156257 -1.550349 3.092991 0.127016 2.168504 -0.551712 0.254332 1.598818 0.509364 10.436897 -0.739116 -0.452797 -0.351070 3.240245
1 inf -8.783960 -0.822289 -0.163968 -2.161457 -1.570867 3.103687 0.130647 2.155229 -0.554611 0.270312 1.613955 0.540196 10.429723 -0.713189 -0.467610 -0.344939 3.246039
1 inf -8.760407 -0.844209 -0.188816 -2.145109 -1.565747 3.105934 0.113765 2.181305 -0.577221 0.279213 1.617626 0.548260 10.439940 -0.754577 -0.473868 -0.316987 3.227493
1 inf -8.781015 -0.855259 -0.190381 -2.163403 -1.544729 3.048183 0.084807 2.181999 -0.576785 0.250840 1.628764 0.548792 10.476401 -0.720548 -0.508083 -0.335066 3.216195
1 inf -8.779628 -0.812070 -0.166147 -2.142044 -1.560643 3.060761 0.069532 2.183830 -0.585325 0.230057 1.640087 0.585430 10.519423 -0.666633 -0.569928 -0.364905 3.198139
1 inf -8.746024 -0.794073 -0.149087 -2.135497 -1.586170 3.092293 0.058849 2.145724 -0.543238 0.226063 1.609503 0.581406 10.527271 -0.693792 -0.578317 -0.362921 3.220859
1 inf -8.738014 -0.792383 -0.137936 -2.155912 -1.590342 3.097852 0.006480 2.127016 -0.539850 0.248311 1.605879 0.610004 10.517537 -0.707172 -0.593665 -0.345781 3.196868
1 inf -8.755476 -0.790069 -0.135626 -2.140773 -1.545288 3.101227 0.011976 2.156114 -0.547976 0.246731 1.580254 0.616360 10.533671 -0.740809 -0.564559 -0.347469 3.188082
1 inf -8.781014 -0.788252 -0.133218 -2.139859 -1.545412 3.106197 -0.007285 2.178050 -0.512225 0.225946 1.538799 0.593309 10.572786 -0.727196 -0.585466 -0.379415 3.171171
1 inf -8.777482 -0.791114 -0.099912 -2.137897 -1.511154 3.119785 -0.028778 2.181260 -0.481331 0.199248 1.523998 0.595191 10.532626 -0.734161 -0.594860 -0.375562 3.152160
1 inf -8.778857 -0.826735 -0.086732 -2.096062 -1.467248 3.160081 -0.034222 2.179874 -0.480759 0.176977 1.569770 0.591237 10.526187 -0.697775 -0.604203 -0.366470 3.174822
1 inf -8.798878 -0.809939 -0.088439 -2.121461 -1.444116 3.142091 -0.008451 2.164553 -0.504591 0.171173 1.566116 0.587414 10.526536 -0.700800 -0.606881 -0.351654 3.196576
1 inf -8.786147 -0.819345 -0.116916 -2.126068 -1.449837 3.107748 -0.016587 2.184367 -0.507490 0.159912 1.616595 0.559363 10.492785 -0.729074 -0.599320 -0.364330 3.219313
1 inf -8.809772 -0.818979 -0.096648 -2.129212 -1.466150 3.131538 -0.031128 2.136620 -0.488022 0.144028 1.631737 0.566628 10.467740 -0.714501 -0.623144 -0.345309 3.223603
1 inf -8.767495 -0.812255 -0.113693 -2.113047 -1.453872 3.170957 -0.029678 2.090110 -0.458752 0.162914 1.619260 0.546401 10.449652 -0.715491 -0.619564 -0.352918 3.141986
1 inf -8.770321 -0.806671 -0.188283 -2.110973 -1.475702 3.196474 -0.089997 2.122841 -0.509531 0.141572 1.603284 0.507189 10.447887 -0.709613 -0.619459 -0.339700 3.146945
1 inf -8.731820 -0.789970 -0.184177 -2.096377 -1.501211 3.194769 -0.103438 2.104983 -0.501557 0.122159 1.593406 0.483819 10.445939 -0.740542 -0.584003 -0.307997 3.146527
1 inf -8.733709 -0.794829 -0.133921 -2.063037 -1.505255 3.208690 -0.101293 2.071202 -0.524351 0.140055 1.593865 0.522577 10.439397 -0.731720 -0.575049 -0.286645 3.089995
1 inf -8.752647 -0.833968 -0.127309 -2.061328 -1.514380 3.206936 -0.133576 2.066062 -0.528289 0.140465 1.632201 0.544422 10.461161 -0.737034 -0.585944 -0.266435 3.038293
1 inf -8.728277 -0.843958 -0.149092 -2.041428 -1.557988 3.178513 -0.152779 2.081783 -0.524555 0.135392 1.644996 0.545132 10.452286 -0.718465 -0.573798 -0.266259 3.050717
1 inf -8.746109 -0.829307 -0.116634 -2.052100 -1.594022 3.224609 -0.183525 2.094589 -0.548009 0.141662 1.628613 0.552813 10.441901 -0.685781 -0.570192 -0.286550 3.103982
1 inf -8.769853 -0.810929 -0.094640 -2.046415 -1.579778 3.229653 -0.195327 2.078077 -0.571715 0.118115 1.607704 0.516077 10.456871 -0.668100 -0.587012 -0.284352 3.100254
1 inf -8.775155 -0.824952 -0.064728 -2.022934 -1.587984 3.214663 -0.153433 2.118996 -0.586903 0.120303 1.595437 0.511377 10.459838 -0.642968 -0.601577 -0.260437 3.113712
1 inf -8.770794 -0.831149 -0.066189 -2.029867 -1.589379 3.213156 -0.162823 2.095248 -0.566215 0.113339 1.589080 0.516941 10.447570 -0.631338 -0.641435 -0.236318 3.109063
1 inf -8.788898 -0.846154 -0.098543 -2.023341 -1.583137 3.208648 -0.180308 2.114675 -0.574678 0.073299 1.587764 0.536402 10.444519 -0.600727 -0.662311 -0.250927 3.156731
1 inf -8.785520 -0.831720 -0.103424 -1.977793 -1.601118 3.197386 -0.190429 2.140928 -0.617863 0.062786 1.606989 0.511458 10.433392 -0.599040 -0.660469 -0.247251 3.208724
1 inf -8.755266 -0.837778 -0.110669 -1.973313 -1.601932 3.180731 -0.192285 2.155104 -0.627950 0.051375 1.603538 0.513503 10.419009 -0.629175 -0.672744 -0.309848 3.172899
1 inf -8.756417 -0.830978 -0.099326 -1.974345 -1.587177 3.202083 -0.184192 2.145718 -0.612867 0.030531 1.625305 0.522076 10.442878 -0.627976 -0.686841 -0.285581 3.151686
1 inf -8.741608 -0.828049 -0.116508 -1.953736 -1.608176 3.204205 -0.165308 2.149526 -0.621186 0.038553 1.627873 0.507684 10.425636 -0.642108 -0.659149 -0.252904 3.152967
1 inf -8.758489 -0.828620 -0.150097 -1.941303 -1.607000 3.227873 -0.179493 2.090552 -0.633266 0.037718 1.663400 0.479308 10.433650 -0.653280 -0.684270 -0.258855 3.188834
1 inf -8.792961 -0.837069 -0.147698 -1.905958 -1.656367 3.216562 -0.182692 2.113323 -0.597909 0.026274 1.657012 0.489889 10.440555 -0.659742 -0.689323 -0.283526 3.165624
1 inf -8.766180 -0.833073 -0.147017 -1.903525 -1.671175 3.223013 -0.152087 2.092796 -0.634732 0.039985 1.624952 0.484056 10.447361 -0.625230 -0.678059 -0.289162 3.146620
1 inf -8.764521 -0.849029 -0.097549 -1.905581 -1.645756 3.233973 -0.144169 2.133737 -0.639092 0.041021 1.590282 0.447190 10.450132 -0.617624 -0.657872 -0.278786 3.187558
1 inf -8.790237 -0.854127 -0.070320 -1.899843 -1.654927 3.260577 -0.179398 2.096394 -0.620507 0.024398 1.586918 0.412955 10.479793 -0.594377 -0.672721 -0.272802 3.195848
1 inf -8.792644 -0.862883 -0.017850 -1.888852 -1.656922 3.277380 -0.186002 2.127326 -0.633743 0.038130 1.588720 0.390176 10.520588 -0.599907 -0.656248 -0.271115 3.211726
1 inf -8.795720 -0.858918 -0.012214 -1.860126 -1.645232 3.231443 -0.151131 2.152495 -0.663088 0.019641 1.570818 0.385722 10.556656 -0.619958 -0.665355 -0.302717 3.234159
1 inf -8.773921 -0.830469 0.016191 -1.827712 -1.641899 3.218125 -0.157355 2.150614 -0.676044 0.006178 1.575088 0.354808 10.580336 -0.642969 -0.671965 -0.325333 3.209733
1 inf -8.799441 -0.840231 0.008513 -1.807301 -1.661760 3.238865 -0.137206 2.126978 -0.703254 0.003179 1.564359 0.350642 10.599607 -0.656144 -0.720823 -0.329568 3.232462
1 inf -8.845934 -0.862195 0.040765 -1.817652 -1.639792 3.212658 -0.150262 2.136639 -0.730753 -0.008281 1.543062 0.361863 10.557496 -0.640130 -0.728511 -0.285333 3.196077
1 inf -8.826423 -0.862338 0.039498 -1.835026 -1.626851 3.192767 -0.176609 2.141874 -0.780816 0.000553 1.581594 0.310898 10.553185 -0.649852 -0.746116 -0.259915 3.159894
1 inf -8.832645 -0.860468 0.019082 -1.841952 -1.615843 3.177780 -0.140303 2.136320 -0.844520 -0.018898 1.582939 0.301479 10.557629 -0.636896 -0.753487 -0.246742 3.137491
1 inf -8.851583 -0.899607 0.025694 -1.840243 -1.624968 3.176026 -0.172586 2.131180 -0.848458 -0.018488 1.621275 0.323324 10.579393 -0.642210 -0.764382 -0.226532 3.085789
1 inf -8.867646 -0.929637 0.020453 -1.836082 -1.628822 3.149918 -0.168257 2.113066 -0.846908 -0.034358 1.618989 0.279839 10.599935 -0.609031 -0.789932 -0.209316 3.093192
1 inf -8.855141 -0.952616 0.027093 -1.833164 -1.611227 3.137916 -0.124113 2.110287 -0.857532 -0.037992 1.619351 0.285367 10.584771 -0.619154 -0.810659 -0.197361 3.110784
1 inf -8.870665 -0.931204 0.012502 -1.839938 -1.604920 3.147703 -0.138758 2.092858 -0.866548 -0.078136 1.621562 0.261169 10.600059 -0.632793 -0.779350 -0.204202 3.113552
1 inf -8.856117 -0.928708 0.048022 -1.817259 -1.654468 3.159447 -0.147218 2.101948 -0.861875 -0.079959 1.622207 0.257860 10.598568 -0.644632 -0.774207 -0.222573 3.130351
1 inf -8.840652 -0.932736 0.085155 -1.785854 -1.648788 3.125054 -0.145328 2.114072 -0.856647 -0.088974 1.611369 0.246476 10.604490 -0.665338 -0.782677 -0.191285 3.136811
1 inf -8.836403 -0.959518 0.130679 -1.773386 -1.631762 3.170213 -0.132283 2.127057 -0.879236 -0.076013 1.606661 0.225000 10.577019 -0.714236 -0.794359 -0.181960 3.145392
1 inf -8.841893 -0.950982 0.125223 -1.750621 -1.615562 3.162541 -0.092067 2.173318 -0.863897 -0.061063 1.583599 0.233301 10.586630 -0.747721 -0.768751 -0.184984 3.163778
1 inf -8.809403 -0.956267 0.147583 -1.742068 -1.577340 3.202334 -0.101174 2.164354 -0.895461 -0.068584 1.628207 0.249093 10.578233 -0.722185 -0.783388 -0.164590 3.190483
1 inf -8.823279 -0.937614 0.135829 -1.725006 -1.573530 3.215061 -0.104150 2.158776 -0.897845 -0.077398 1.600530 0.253257 10.574369 -0.751712 -0.726021 -0.156058 3.199103
1 inf -8.832191 -0.965436 0.134445 -1.731607 -1.564764 3.181462 -0.104623 2.141640 -0.864436 -0.069218 1.584815 0.264097 10.611104 -0.773281 -0.748238 -0.144213 3.182878
1 inf -8.848598 -0.923054 0.152630 -1.716777 -1.607200 3.176145 -0.084674 2.106306 -0.821201 -0.047972 1.591525 0.255062 10.627753 -0.759044 -0.708273 -0.106683 3.183247
1 inf -8.831853 -0.934498 0.159291 -1.717714 -1.609310 3.166743 -0.076775 2.103829 -0.796525 -0.025874 1.571259 0.262356 10.619735 -0.723985 -0.701124 -0.130554 3.211629
1 inf -8.817377 -0.920514 0.136899 -1.735802 -1.626393 3.153412 -0.072263 2.051909 -0.797130 -0.023829 1.488179 0.240981 10.586561 -0.699082 -0.700612 -0.137305 3.208518
1 inf -8.832776 -0.893093 0.122594 -1.733412 -1.620957 3.146796 -0.066208 2.050468 -0.810776 -0.003112 1.432952 0.219881 10.577411 -0.680493 -0.710738 -0.188822 3.212108
1 inf -8.851714 -0.932232 0.129206 -1.731703 -1.630082 3.145042 -0.098491 2.045328 -0.814714 -0.002702 1.471288 0.241726 10.599175 -0.685807 -0.721633 -0.168612 3.160406
1 inf -8.832346 -0.969715 0.093569 -1.717024 -1.586322 3.164065 -0.116982 2.029733 -0.824823 -0.027429 1.488399 0.265115 10.592480 -0.668718 -0.674234 -0.160279 3.148873
1 inf -8.824299 -0.966702 0.149039 -1.721440 -1.581582 3.152261 -0.140055 2.007984 -0.822531 0.004595 1.488555 0.299259 10.599751 -0.676383 -0.644325 -0.165352 3.201756
1 inf -8.813245 -0.969081 0.188858 -1.694803 -1.588935 3.175366 -0.182617 2.023322 -0.844700 -0.024793 1.516751 0.332974 10.580921 -0.662098 -0.602014 -0.140833 3.216310
1 inf -8.840752 -0.920623 0.207014 -1.702540 -1.566172 3.218711 -0.158913 2.059663 -0.828957 0.028764 1.529161 0.328671 10.590375 -0.675564 -0.597857 -0.133964 3.232685
1 inf -8.820260 -0.904639 0.229859 -1.750746 -1.557619 3.247492 -0.164052 2.067163 -0.852807 0.060341 1.525535 0.354600 10.584034 -0.653328 -0.582005 -0.137134 3.234567
1 inf -8.807638 -0.871635 0.237283 -1.745054 -1.537441 3.232840 -0.147199 2.074627 -0.814663 0.069023 1.500369 0.343635 10.571895 -0.675139 -0.617071 -0.092916 3.208084
1 inf -8.802138 -0.870005 0.267430 -1.743361 -1.544392 3.177167 -0.134331 2.087980 -0.824849 0.069707 1.492839 0.371433 10.548714 -0.628154 -0.605616 -0.056202 3.217030
1 inf -8.784457 -0.854578 0.267963 -1.763662 -1.538067 3.174054 -0.128591 2.086783 -0.809612 0.081926 1.502862 0.386818 10.526855 -0.610084 -0.606485 -0.073953 3.229380
1 inf -8.820045 -0.842917 0.267544 -1.761128 -1.540111 3.165309 -0.159656 2.113032 -0.796035 0.078145 1.516235 0.411627 10.545492 -0.593205 -0.581067 -0.093204 3.239866
1 inf -8.851152 -0.852969 0.262913 -1.726847 -1.519647 3.168132 -0.149708 2.101256 -0.758691 0.058886 1.543021 0.388417 10.539742 -0.569979 -0.593861 -0.099434 3.244929
1 inf -8.830110 -0.866216 0.269548 -1.710144 -1.560291 3.188755 -0.152392 2.088322 -0.756061 0.040879 1.518851 0.377882 10.538363 -0.591117 -0.582183 -0.098286 3.245890
1 inf -8.837561 -0.875686 0.280276 -1.711637 -1.560434 3.209273 -0.116240 2.145406 -0.735829 0.072938 1.509626 0.385473 10.548238 -0.616329 -0.554990 -0.077666 3.244426
1 inf -8.807886 -0.868257 0.266234 -1.744215 -1.557590 3.180760 -0.148514 2.170841 -0.701436 0.055456 1.490956 0.361714 10.527155 -0.609896 -0.531544 -0.058147 3.223699
1 inf -8.811919 -0.893683 0.268614 -1.728796 -1.579826 3.153982 -0.135889 2.195742 -0.689316 0.041994 1.503095 0.360864 10.559999 -0.604791 -0.519580 -0.061560 3.196885
1 inf -8.832338 -0.929620 0.272215 -1.768762 -1.568713 3.170207 -0.091118 2.169367 -0.686087 0.028753 1.461820 0.361284 10.538341 -0.625860 -0.535696 -0.102461 3.202457
1 inf -8.824688 -0.945364 0.296472 -1.755905 -1.569247 3.177055 -0.058735 2.190088 -0.686188 0.024653 1.480648 0.382657 10.579618 -0.629176 -0.548421 -0.098855 3.195996
1 inf -8.804840 -0.942580 0.265248 -1.757347 -1.595428 3.189319 -0.028875 2.238374 -0.686820 0.033424 1.465260 0.431373 10.584816 -0.674678 -0.554101 -0.068348 3.176694
1 inf -8.826583 -0.920082 0.281098 -1.804339 -1.575353 3.205013 -0.025126 2.259802 -0.655789 0.049890 1.468199 0.431266 10.565502 -0.656529 -0.584885 -0.025593 3.247726
1 inf -8.805112 -0.934391 0.292013 -1.794213 -1.592599 3.235923 -0.019985 2.241615 -0.666169 0.026104 1.463796 0.431825 10.569241 -0.691745 -0.564448 -0.027813 3.250769
1 inf -8.822453 -0.965046 0.291717 -1.796090 -1.662541 3.232212 -0.038112 2.264671 -0.630099 0.020371 1.466699 0.416067 10.609448 -0.682822 -0.537325 0.017060 3.225121
1 inf -8.790270 -0.963514 0.294368 -1.828482 -1.692887 3.211269 -0.052977 2.250267 -0.613112 -0.010290 1.460412 0.400686 10.627098 -0.697050 -0.516059 0.025526 3.202776
1 inf -8.809208 -0.956902 0.296077 -1.837607 -1.694641 3.178986 -0.058117 2.246329 -0.612702 0.028046 1.482257 0.422450 10.621784 -0.707945 -0.495849 -0.026176 3.214481
1 inf -8.802990 -0.976889 0.294103 -1.839050 -1.732674 3.159926 -0.054510 2.256929 -0.581903 -0.015778 1.482531 0.398749 10.593300 -0.697015 -0.516558 -0.001397 3.209527
1 inf -8.799435 -0.976193 0.298647 -1.872044 -1.732931 3.173941 -0.091290 2.262292 -0.621571 -0.011342 1.470001 0.390304 10.578036 -0.658782 -0.528630 0.033275 3.217692
1 inf -8.819142 -0.959816 0.293633 -1.866062 -1.707771 3.160778 -0.084936 2.264654 -0.662886 -0.015768 1.484434 0.413055 10.572865 -0.648231 -0.555337 0.044943 3.207829
1 inf -8.830006 -0.925293 0.294849 -1.830745 -1.713276 3.170503 -0.074271 2.279377 -0.676966 -0.018329 1.489073 0.377423 10.621145 -0.617544 -0.596140 0.016921 3.179435
1 inf -8.839258 -0.910596 0.263103 -1.841929 -1.701217 3.183143 -0.101931 2.273481 -0.706628 -0.003663 1.473075 0.363625 10.614596 -0.631206 -0.583656 0.013364 3.180211
1 inf -8.824707 -0.908973 0.300812 -1.814785 -1.716296 3.184627 -0.107030 2.238618 -0.706600 -0.000925 1.481363 0.372194 10.622661 -0.632160 -0.577623 0.068144 3.173521
1 inf -8.806185 -0.900207 0.276160 -1.810066 -1.710746 3.173676 -0.073263 2.255519 -0.691472 0.007790 1.509454 0.376909 10.586685 -0.637043 -0.578618 0.032707 3.161752
1 inf -8.842516 -0.923428 0.265179 -1.786839 -1.699375 3.154878 -0.087523 2.282530 -0.690915 0.006441 1.509419 0.361250 10.553500 -0.652531 -0.583965 0.033933 3.185302
1 inf -8.855892 -0.915739 0.267536 -1.807715 -1.683319 3.144116 -0.098092 2.255393 -0.718397 -0.016427 1.512042 0.322944 10.538185 -0.652119 -0.603457 -0.001590 3.164910
1 inf -8.845797 -0.927000 0.232350 -1.778917 -1.702924 3.175080 -0.101658 2.233399 -0.695708 0.012771 1.472532 0.322587 10.502586 -0.647203 -0.598508 -0.033899 3.187628
1 inf -8.832669 -0.914950 0.248615 -1.770013 -1.700485 3.189172 -0.068701 2.221040 -0.708543 0.061658 1.507816 0.293393 10.491599 -0.667837 -0.606751 -0.047414 3.180951
1 inf -8.841323 -0.914325 0.253777 -1.787313 -1.708037 3.232524 -0.073745 2.249731 -0.718720 0.048741 1.545685 0.275729 10.488618 -0.659723 -0.584254 -0.032097 3.191890
1 inf -8.761769 -0.873180 0.274768 -1.772724 -1.725759 3.242812 -0.106138 2.293821 -0.719943 0.085630 1.593883 0.257542 10.507153 -0.689585 -0.583830 0.008547 3.192468
1 inf -8.780980 -0.890302 0.272538 -1.756210 -1.727277 3.212687 -0.078669 2.278146 -0.688866 0.072875 1.605894 0.245886 10.498211 -0.696072 -0.605782 0.021486 3.164163
1 inf -8.800271 -0.891587 0.300566 -1.744846 -1.713214 3.207628 -0.059285 2.309266 -0.685810 0.078338 1.612314 0.230301 10.516461 -0.655135 -0.630089 0.032125 3.176535
1 inf -8.746723 -0.906572 0.248772 -1.714224 -1.715244 3.203933 -0.040814 2.302206 -0.671052 0.088094 1.639025 0.268732 10.497605 -0.629092 -0.587907 0.034604 3.186699
1 inf -8.732817 -0.933184 0.230826 -1.689354 -1.698133 3.196910 -0.062785 2.289796 -0.620541 0.096412 1.643965 0.268663 10.479327 -0.604734 -0.625324 0.046212 3.175469
1 inf -8.725916 -0.926089 0.241419 -1.687120 -1.739510 3.176229 -0.046152 2.292514 -0.623273 0.037370 1.628024 0.294898 10.470679 -0.617067 -0.634417 0.050133 3.164160
1 inf -8.723191 -0.911844 0.254595 -1.669607 -1.769634 3.165503 -0.092693 2.325287 -0.598151 0.045227 1.623134 0.287676 10.497869 -0.615500 -0.643303 0.053004 3.171157
1 inf -8.700273 -0.922857 0.252985 -1.681609 -1.760056 3.163789 -0.071621 2.361994 -0.587601 0.027521 1.615101 0.311357 10.502788 -0.613616 -0.661958 0.046437 3.166269
1 inf -8.724125 -0.943770 0.266184 -1.663134 -1.740188 3.159451 -0.058726 2.364816 -0.604141 0.053325 1.635453 0.288530 10.493305 -0.633251 -0.671647 0.041456 3.153673
1 inf -8.743063 -0.982909 0.272796 -1.661425 -1.749313 3.157697 -0.091009 2.359676 -0.608079 0.053735 1.673789 0.310375 10.515069 -0.638565 -0.682542 0.061666 3.101971
1 inf -8.729418 -0.992922 0.277817 -1.657978 -1.729697 3.105354 -0.136345 2.377443 -0.593496 0.088602 1.696424 0.306064 10.530937 -0.646642 -0.679088 0.084698 3.116805
1 inf -8.715242 -0.977176 0.274017 -1.655731 -1.755406 3.085070 -0.142231 2.386046 -0.545550 0.089100 1.705674 0.320808 10.520784 -0.660631 -0.680901 0.116220 3.127471
1 inf -8.734118 -0.954219 0.274688 -1.642616 -1.766556 3.063970 -0.140737 2.360240 -0.531644 0.110259 1.717596 0.360235 10.534124 -0.663487 -0.655514 0.099192 3.113833
1 inf -8.731706 -0.965108 0.290173 -1.658424 -1.762944 3.082953 -0.160903 2.362239 -0.566127 0.116007 1.743156 0.303969 10.513829 -0.666509 -0.634174 0.113242 3.116777
