1 288.46848 -8.526276 -0.934379 -0.224203 -2.277019 -1.491691 3.469776 0.257880 2.469877 0.249210 0.567653 2.299107 0.103944 10.350203 -0.266117 0.284970 3.569417
1 262.57672 -8.505492 -0.911872 -0.239037 -2.298653 -1.513066 3.439521 0.272070 2.444904 0.255117 0.562227 2.319579 0.100541 10.310452 -0.246796 0.289620 3.562034
1 257.82155 -8.458213 -0.880394 -0.226813 -2.296742 -1.486972 3.451296 0.282762 2.434908 0.237113 0.559253 2.315840 0.069746 10.309159 -0.264265 0.263192 3.575717
1 257.82155 -8.458213 -0.880394 -0.226813 -2.296742 -1.486972 3.451296 0.282762 2.434908 0.237113 0.559253 2.315840 0.069746 10.309159 -0.264265 0.263192 3.575717
1 257.82155 -8.458213 -0.880394 -0.226813 -2.296742 -1.486972 3.451296 0.282762 2.434908 0.237113 0.559253 2.315840 0.069746 10.309159 -0.264265 0.263192 3.575717
1 257.82155 -8.458213 -0.880394 -0.226813 -2.296742 -1.486972 3.451296 0.282762 2.434908 0.237113 0.559253 2.315840 0.069746 10.309159 -0.264265 0.263192 3.575717
1 257.82155 -8.458213 -0.880394 -0.226813 -2.296742 -1.486972 3.451296 0.282762 2.434908 0.237113 0.559253 2.315840 0.069746 10.309159 -0.264265 0.263192 3.575717
1 257.82155 -8.458213 -0.880394 -0.226813 -2.296742 -1.486972 3.451296 0.282762 2.434908 0.237113 0.559253 2.315840 0.069746 10.309159 -0.264265 0.263192 3.575717
1 257.82155 -8.458213 -0.880394 -0.226813 -2.296742 -1.486972 3.451296 0.282762 2.434908 0.237113 0.559253 2.315840 0.069746 10.309159 -0.264265 0.263192 3.575717
1 257.82155 -8.458213 -0.880394 -0.226813 -2.296742 -1.486972 3.451296 0.282762 2.434908 0.237113 0.559253 2.315840 0.069746 10.309159 -0.264265 0.263192 3.575717
1 257.82155 -8.458213 -0.880394 -0.226813 -2.296742 -1.486972 3.451296 0.282762 2.434908 0.237113 0.559253 2.315840 0.069746 10.309159 -0.264265 0.263192 3.575717
1 257.82155 -8.458213 -0.880394 -0.226813 -2.296742 -1.486972 3.451296 0.282762 2.434908 0.237113 0.559253 2.315840 0.069746 10.309159 -0.264265 0.263192 3.575717
1 257.82155 -8.458213 -0.880394 -0.226813 -2.296742 -1.486972 3.451296 0.282762 2.434908 0.237113 0.559253 2.315840 0.069746 10.309159 -0.264265 0.263192 3.575717
1 256.9046 -8.452260 -0.887174 -0.235929 -2.260398 -1.512555 3.474165 0.286232 2.422861 0.251576 0.542114 2.361268 0.093709 10.308860 -0.307572 0.277870 3.605024
1 256.9046 -8.452260 -0.887174 -0.235929 -2.260398 -1.512555 3.474165 0.286232 2.422861 0.251576 0.542114 2.361268 0.093709 10.308860 -0.307572 0.277870 3.605024
1 256.9046 -8.452260 -0.887174 -0.235929 -2.260398 -1.512555 3.474165 0.286232 2.422861 0.251576 0.542114 2.361268 0.093709 10.308860 -0.307572 0.277870 3.605024
1 256.9046 -8.452260 -0.887174 -0.235929 -2.260398 -1.512555 3.474165 0.286232 2.422861 0.251576 0.542114 2.361268 0.093709 10.308860 -0.307572 0.277870 3.605024
1 256.9046 -8.452260 -0.887174 -0.235929 -2.260398 -1.512555 3.474165 0.286232 2.422861 0.251576 0.542114 2.361268 0.093709 10.308860 -0.307572 0.277870 3.605024
1 256.9046 -8.452260 -0.887174 -0.235929 -2.260398 -1.512555 3.474165 0.286232 2.422861 0.251576 0.542114 2.361268 0.093709 10.308860 -0.307572 0.277870 3.605024
1 256.9046 -8.452260 -0.887174 -0.235929 -2.260398 -1.512555 3.474165 0.286232 2.422861 0.251576 0.542114 2.361268 0.093709 10.308860 -0.307572 0.277870 3.605024
1 256.9046 -8.452260 -0.887174 -0.235929 -2.260398 -1.512555 3.474165 0.286232 2.422861 0.251576 0.542114 2.361268 0.093709 10.308860 -0.307572 0.277870 3.605024
1 256.9046 -8.452260 -0.887174 -0.235929 -2.260398 -1.512555 3.474165 0.286232 2.422861 0.251576 0.542114 2.361268 0.093709 10.308860 -0.307572 0.277870 3.605024
1 256.9046 -8.452260 -0.887174 -0.235929 -2.260398 -1.512555 3.474165 0.286232 2.422861 0.251576 0.542114 2.361268 0.093709 10.308860 -0.307572 0.277870 3.605024
1 256.9046 -8.452260 -0.887174 -0.235929 -2.260398 -1.512555 3.474165 0.286232 2.422861 0.251576 0.542114 2.361268 0.093709 10.308860 -0.307572 0.277870 3.605024
1 256.9046 -8.452260 -0.887174 -0.235929 -2.260398 -1.512555 3.474165 0.286232 2.422861 0.251576 0.542114 2.361268 0.093709 10.308860 -0.307572 0.277870 3.605024
1 256.9046 -8.452260 -0.887174 -0.235929 -2.260398 -1.512555 3.474165 0.286232 2.422861 0.251576 0.542114 2.361268 0.093709 10.308860 -0.307572 0.277870 3.605024
1 256.9046 -8.452260 -0.887174 -0.235929 -2.260398 -1.512555 3.474165 0.286232 2.422861 0.251576 0.542114 2.361268 0.093709 10.308860 -0.307572 0.277870 3.605024
1 256.9046 -8.452260 -0.887174 -0.235929 -2.260398 -1.512555 3.474165 0.286232 2.422861 0.251576 0.542114 2.361268 0.093709 10.308860 -0.307572 0.277870 3.605024
1 256.9046 -8.452260 -0.887174 -0.235929 -2.260398 -1.512555 3.474165 0.286232 2.422861 0.251576 0.542114 2.361268 0.093709 10.308860 -0.307572 0.277870 3.605024
1 256.9046 -8.452260 -0.887174 -0.235929 -2.260398 -1.512555 3.474165 0.286232 2.422861 0.251576 0.542114 2.361268 0.093709 10.308860 -0.307572 0.277870 3.605024
1 256.9046 -8.452260 -0.887174 -0.235929 -2.260398 -1.512555 3.474165 0.286232 2.422861 0.251576 0.542114 2.361268 0.093709 10.308860 -0.307572 0.277870 3.605024
1 256.9046 -8.452260 -0.887174 -0.235929 -2.260398 -1.512555 3.474165 0.286232 2.422861 0.251576 0.542114 2.361268 0.093709 10.308860 -0.307572 0.277870 3.605024
1 256.9046 -8.452260 -0.887174 -0.235929 -2.260398 -1.512555 3.474165 0.286232 2.422861 0.251576 0.542114 2.361268 0.093709 10.308860 -0.307572 0.277870 3.605024
1 256.9046 -8.452260 -0.887174 -0.235929 -2.260398 -1.512555 3.474165 0.286232 2.422861 0.251576 0.542114 2.361268 0.093709 10.308860 -0.307572 0.277870 3.605024
1 256.9046 -8.452260 -0.887174 -0.235929 -2.260398 -1.512555 3.474165 0.286232 2.422861 0.251576 0.542114 2.361268 0.093709 10.308860 -0.307572 0.277870 3.605024
1 256.9046 -8.452260 -0.887174 -0.235929 -2.260398 -1.512555 3.474165 0.286232 2.422861 0.251576 0.542114 2.361268 0.093709 10.308860 -0.307572 0.277870 3.605024
1 256.9046 -8.452260 -0.887174 -0.235929 -2.260398 -1.512555 3.474165 0.286232 2.422861 0.251576 0.542114 2.361268 0.093709 10.308860 -0.307572 0.277870 3.605024
1 256.9046 -8.452260 -0.887174 -0.235929 -2.260398 -1.512555 3.474165 0.286232 2.422861 0.251576 0.542114 2.361268 0.093709 10.308860 -0.307572 0.277870 3.605024
1 256.9046 -8.452260 -0.887174 -0.235929 -2.260398 -1.512555 3.474165 0.286232 2.422861 0.251576 0.542114 2.361268 0.093709 10.308860 -0.307572 0.277870 3.605024
1 256.9046 -8.452260 -0.887174 -0.235929 -2.260398 -1.512555 3.474165 0.286232 2.422861 0.251576 0.542114 2.361268 0.093709 10.308860 -0.307572 0.277870 3.605024
1 256.9046 -8.452260 -0.887174 -0.235929 -2.260398 -1.512555 3.474165 0.286232 2.422861 0.251576 0.542114 2.361268 0.093709 10.308860 -0.307572 0.277870 3.605024
1 256.9046 -8.452260 -0.887174 -0.235929 -2.260398 -1.512555 3.474165 0.286232 2.422861 0.251576 0.542114 2.361268 0.093709 10.308860 -0.307572 0.277870 3.605024
1 256.9046 -8.452260 -0.887174 -0.235929 -2.260398 -1.512555 3.474165 0.286232 2.422861 0.251576 0.542114 2.361268 0.093709 10.308860 -0.307572 0.277870 3.605024
1 256.9046 -8.452260 -0.887174 -0.235929 -2.260398 -1.512555 3.474165 0.286232 2.422861 0.251576 0.542114 2.361268 0.093709 10.308860 -0.307572 0.277870 3.605024
1 256.9046 -8.452260 -0.887174 -0.235929 -2.260398 -1.512555 3.474165 0.286232 2.422861 0.251576 0.542114 2.361268 0.093709 10.308860 -0.307572 0.277870 3.605024
1 256.9046 -8.452260 -0.887174 -0.235929 -2.260398 -1.512555 3.474165 0.286232 2.422861 0.251576 0.542114 2.361268 0.093709 10.308860 -0.307572 0.277870 3.605024
1 256.9046 -8.452260 -0.887174 -0.235929 -2.260398 -1.512555 3.474165 0.286232 2.422861 0.251576 0.542114 2.361268 0.093709 10.308860 -0.307572 0.277870 3.605024
1 256.9046 -8.452260 -0.887174 -0.235929 -2.260398 -1.512555 3.474165 0.286232 2.422861 0.251576 0.542114 2.361268 0.093709 10.308860 -0.307572 0.277870 3.605024
1 256.9046 -8.452260 -0.887174 -0.235929 -2.260398 -1.512555 3.474165 0.286232 2.422861 0.251576 0.542114 2.361268 0.093709 10.308860 -0.307572 0.277870 3.605024
1 256.9046 -8.452260 -0.887174 -0.235929 -2.260398 -1.512555 3.474165 0.286232 2.422861 0.251576 0.542114 2.361268 0.093709 10.308860 -0.307572 0.277870 3.605024
1 256.9046 -8.452260 -0.887174 -0.235929 -2.260398 -1.512555 3.474165 0.286232 2.422861 0.251576 0.542114 2.361268 0.093709 10.308860 -0.307572 0.277870 3.605024
1 256.9046 -8.452260 -0.887174 -0.235929 -2.260398 -1.512555 3.474165 0.286232 2.422861 0.251576 0.542114 2.361268 0.093709 10.308860 -0.307572 0.277870 3.605024
