1 291.97351 -8.578917 -0.929474 -0.254076 -2.291430 -1.471243 3.473920 0.255300 2.524916 0.204172 0.573363 2.285315 0.105341 10.313452 -0.282608 0.310663 3.556741
1 283.39947 -8.578909 -0.898252 -0.294234 -2.298554 -1.504965 3.444689 0.207385 2.518231 0.225455 0.569376 2.281617 0.110937 10.282913 -0.280821 0.306091 3.599775
1 283.83719 -8.578454 -0.910608 -0.302508 -2.322436 -1.485382 3.433991 0.221652 2.544388 0.229829 0.536694 2.291546 0.116354 10.265806 -0.259644 0.333635 3.601940
1 277.94341 -8.616593 -0.904178 -0.282127 -2.300875 -1.540228 3.439368 0.195523 2.537675 0.218727 0.498788 2.268012 0.080684 10.236406 -0.233641 0.347761 3.604536
1 277.94341 -8.616593 -0.904178 -0.282127 -2.300875 -1.540228 3.439368 0.195523 2.537675 0.218727 0.498788 2.268012 0.080684 10.236406 -0.233641 0.347761 3.604536
1 277.94341 -8.616593 -0.904178 -0.282127 -2.300875 -1.540228 3.439368 0.195523 2.537675 0.218727 0.498788 2.268012 0.080684 10.236406 -0.233641 0.347761 3.604536
1 277.94341 -8.616593 -0.904178 -0.282127 -2.300875 -1.540228 3.439368 0.195523 2.537675 0.218727 0.498788 2.268012 0.080684 10.236406 -0.233641 0.347761 3.604536
1 277.94341 -8.616593 -0.904178 -0.282127 -2.300875 -1.540228 3.439368 0.195523 2.537675 0.218727 0.498788 2.268012 0.080684 10.236406 -0.233641 0.347761 3.604536
1 277.94341 -8.616593 -0.904178 -0.282127 -2.300875 -1.540228 3.439368 0.195523 2.537675 0.218727 0.498788 2.268012 0.080684 10.236406 -0.233641 0.347761 3.604536
1 277.94341 -8.616593 -0.904178 -0.282127 -2.300875 -1.540228 3.439368 0.195523 2.537675 0.218727 0.498788 2.268012 0.080684 10.236406 -0.233641 0.347761 3.604536
1 277.94341 -8.616593 -0.904178 -0.282127 -2.300875 -1.540228 3.439368 0.195523 2.537675 0.218727 0.498788 2.268012 0.080684 10.236406 -0.233641 0.347761 3.604536
1 277.94341 -8.616593 -0.904178 -0.282127 -2.300875 -1.540228 3.439368 0.195523 2.537675 0.218727 0.498788 2.268012 0.080684 10.236406 -0.233641 0.347761 3.604536
1 277.94341 -8.616593 -0.904178 -0.282127 -2.300875 -1.540228 3.439368 0.195523 2.537675 0.218727 0.498788 2.268012 0.080684 10.236406 -0.233641 0.347761 3.604536
1 277.94341 -8.616593 -0.904178 -0.282127 -2.300875 -1.540228 3.439368 0.195523 2.537675 0.218727 0.498788 2.268012 0.080684 10.236406 -0.233641 0.347761 3.604536
1 277.94341 -8.616593 -0.904178 -0.282127 -2.300875 -1.540228 3.439368 0.195523 2.537675 0.218727 0.498788 2.268012 0.080684 10.236406 -0.233641 0.347761 3.604536
1 277.94341 -8.616593 -0.904178 -0.282127 -2.300875 -1.540228 3.439368 0.195523 2.537675 0.218727 0.498788 2.268012 0.080684 10.236406 -0.233641 0.347761 3.604536
1 277.94341 -8.616593 -0.904178 -0.282127 -2.300875 -1.540228 3.439368 0.195523 2.537675 0.218727 0.498788 2.268012 0.080684 10.236406 -0.233641 0.347761 3.604536
1 277.94341 -8.616593 -0.904178 -0.282127 -2.300875 -1.540228 3.439368 0.195523 2.537675 0.218727 0.498788 2.268012 0.080684 10.236406 -0.233641 0.347761 3.604536
1 277.94341 -8.616593 -0.904178 -0.282127 -2.300875 -1.540228 3.439368 0.195523 2.537675 0.218727 0.498788 2.268012 0.080684 10.236406 -0.233641 0.347761 3.604536
1 277.94341 -8.616593 -0.904178 -0.282127 -2.300875 -1.540228 3.439368 0.195523 2.537675 0.218727 0.498788 2.268012 0.080684 10.236406 -0.233641 0.347761 3.604536
1 277.94341 -8.616593 -0.904178 -0.282127 -2.300875 -1.540228 3.439368 0.195523 2.537675 0.218727 0.498788 2.268012 0.080684 10.236406 -0.233641 0.347761 3.604536
1 277.94341 -8.616593 -0.904178 -0.282127 -2.300875 -1.540228 3.439368 0.195523 2.537675 0.218727 0.498788 2.268012 0.080684 10.236406 -0.233641 0.347761 3.604536
1 277.94341 -8.616593 -0.904178 -0.282127 -2.300875 -1.540228 3.439368 0.195523 2.537675 0.218727 0.498788 2.268012 0.080684 10.236406 -0.233641 0.347761 3.604536
1 277.94341 -8.616593 -0.904178 -0.282127 -2.300875 -1.540228 3.439368 0.195523 2.537675 0.218727 0.498788 2.268012 0.080684 10.236406 -0.233641 0.347761 3.604536
1 277.94341 -8.616593 -0.904178 -0.282127 -2.300875 -1.540228 3.439368 0.195523 2.537675 0.218727 0.498788 2.268012 0.080684 10.236406 -0.233641 0.347761 3.604536
1 277.94341 -8.616593 -0.904178 -0.282127 -2.300875 -1.540228 3.439368 0.195523 2.537675 0.218727 0.498788 2.268012 0.080684 10.236406 -0.233641 0.347761 3.604536
1 277.94341 -8.616593 -0.904178 -0.282127 -2.300875 -1.540228 3.439368 0.195523 2.537675 0.218727 0.498788 2.268012 0.080684 10.236406 -0.233641 0.347761 3.604536
1 277.94341 -8.616593 -0.904178 -0.282127 -2.300875 -1.540228 3.439368 0.195523 2.537675 0.218727 0.498788 2.268012 0.080684 10.236406 -0.233641 0.347761 3.604536
1 277.94341 -8.616593 -0.904178 -0.282127 -2.300875 -1.540228 3.439368 0.195523 2.537675 0.218727 0.498788 2.268012 0.080684 10.236406 -0.233641 0.347761 3.604536
1 277.94341 -8.616593 -0.904178 -0.282127 -2.300875 -1.540228 3.439368 0.195523 2.537675 0.218727 0.498788 2.268012 0.080684 10.236406 -0.233641 0.347761 3.604536
1 277.94341 -8.616593 -0.904178 -0.282127 -2.300875 -1.540228 3.439368 0.195523 2.537675 0.218727 0.498788 2.268012 0.080684 10.236406 -0.233641 0.347761 3.604536
1 277.94341 -8.616593 -0.904178 -0.282127 -2.300875 -1.540228 3.439368 0.195523 2.537675 0.218727 0.498788 2.268012 0.080684 10.236406 -0.233641 0.347761 3.604536
1 277.94341 -8.616593 -0.904178 -0.282127 -2.300875 -1.540228 3.439368 0.195523 2.537675 0.218727 0.498788 2.268012 0.080684 10.236406 -0.233641 0.347761 3.604536
1 277.94341 -8.616593 -0.904178 -0.282127 -2.300875 -1.540228 3.439368 0.195523 2.537675 0.218727 0.498788 2.268012 0.080684 10.236406 -0.233641 0.347761 3.604536
1 277.75631 -8.612859 -0.903392 -0.317287 -2.297070 -1.546212 3.459371 0.189914 2.503509 0.241391 0.486194 2.233987 0.092107 10.237984 -0.240701 0.344919 3.557250
1 277.75631 -8.612859 -0.903392 -0.317287 -2.297070 -1.546212 3.459371 0.189914 2.503509 0.241391 0.486194 2.233987 0.092107 10.237984 -0.240701 0.344919 3.557250
1 277.75631 -8.612859 -0.903392 -0.317287 -2.297070 -1.546212 3.459371 0.189914 2.503509 0.241391 0.486194 2.233987 0.092107 10.237984 -0.240701 0.344919 3.557250
1 273.7911 -8.608899 -0.887711 -0.342258 -2.306794 -1.549854 3.436365 0.170204 2.518822 0.242625 0.506473 2.275053 0.092525 10.231992 -0.284527 0.329376 3.568677
1 273.7911 -8.608899 -0.887711 -0.342258 -2.306794 -1.549854 3.436365 0.170204 2.518822 0.242625 0.506473 2.275053 0.092525 10.231992 -0.284527 0.329376 3.568677
1 273.7911 -8.608899 -0.887711 -0.342258 -2.306794 -1.549854 3.436365 0.170204 2.518822 0.242625 0.506473 2.275053 0.092525 10.231992 -0.284527 0.329376 3.568677
1 273.7911 -8.608899 -0.887711 -0.342258 -2.306794 -1.549854 3.436365 0.170204 2.518822 0.242625 0.506473 2.275053 0.092525 10.231992 -0.284527 0.329376 3.568677
1 273.7911 -8.608899 -0.887711 -0.342258 -2.306794 -1.549854 3.436365 0.170204 2.518822 0.242625 0.506473 2.275053 0.092525 10.231992 -0.284527 0.329376 3.568677
1 273.7911 -8.608899 -0.887711 -0.342258 -2.306794 -1.549854 3.436365 0.170204 2.518822 0.242625 0.506473 2.275053 0.092525 10.231992 -0.284527 0.329376 3.568677
1 273.7911 -8.608899 -0.887711 -0.342258 -2.306794 -1.549854 3.436365 0.170204 2.518822 0.242625 0.506473 2.275053 0.092525 10.231992 -0.284527 0.329376 3.568677
1 273.7911 -8.608899 -0.887711 -0.342258 -2.306794 -1.549854 3.436365 0.170204 2.518822 0.242625 0.506473 2.275053 0.092525 10.231992 -0.284527 0.329376 3.568677
1 273.7911 -8.608899 -0.887711 -0.342258 -2.306794 -1.549854 3.436365 0.170204 2.518822 0.242625 0.506473 2.275053 0.092525 10.231992 -0.284527 0.329376 3.568677
1 273.7911 -8.608899 -0.887711 -0.342258 -2.306794 -1.549854 3.436365 0.170204 2.518822 0.242625 0.506473 2.275053 0.092525 10.231992 -0.284527 0.329376 3.568677
1 273.7911 -8.608899 -0.887711 -0.342258 -2.306794 -1.549854 3.436365 0.170204 2.518822 0.242625 0.506473 2.275053 0.092525 10.231992 -0.284527 0.329376 3.568677
1 273.7911 -8.608899 -0.887711 -0.342258 -2.306794 -1.549854 3.436365 0.170204 2.518822 0.242625 0.506473 2.275053 0.092525 10.231992 -0.284527 0.329376 3.568677
1 273.7911 -8.608899 -0.887711 -0.342258 -2.306794 -1.549854 3.436365 0.170204 2.518822 0.242625 0.506473 2.275053 0.092525 10.231992 -0.284527 0.329376 3.568677
