1 inf -8.731680 -0.380379 -0.896724 -1.733975 -1.283662 3.161759 0.069116 2.417170 -0.125986 0.585064 2.749689 0.039820 10.392135 -0.507775 -0.999060 -0.052255 3.305105
1 inf -8.749896 -0.338951 -0.867848 -1.727077 -1.244707 3.182078 -0.002813 2.392533 -0.145094 0.592245 2.725726 0.054149 10.375800 -0.496309 -0.992609 -0.005380 3.313339
1 inf -8.721479 -0.381471 -0.890838 -1.756737 -1.231760 3.184158 -0.007697 2.426032 -0.181318 0.563489 2.677266 0.041294 10.354222 -0.485696 -0.968220 -0.003859 3.331759
1 inf -8.713873 -0.413793 -0.908718 -1.750301 -1.234491 3.201235 -0.020809 2.452119 -0.155529 0.551516 2.693952 0.060886 10.328797 -0.462089 -0.970705 -0.008624 3.336607
1 inf -8.745125 -0.422884 -0.927998 -1.773207 -1.208809 3.219051 -0.031907 2.481069 -0.148036 0.525746 2.697385 0.080800 10.364648 -0.438246 -0.997287 -0.005809 3.332418
1 inf -8.735496 -0.425947 -0.936769 -1.759712 -1.200786 3.231470 -0.025760 2.503177 -0.158544 0.508874 2.708644 0.045214 10.363142 -0.406647 -0.940685 0.010797 3.325388
1 inf -8.712149 -0.425102 -0.955167 -1.758902 -1.195310 3.225891 0.003244 2.476059 -0.170723 0.530795 2.718095 0.043035 10.388863 -0.403167 -0.884921 0.040250 3.324759
1 inf -8.705137 -0.398096 -0.971655 -1.746562 -1.181763 3.236835 0.007202 2.491521 -0.169552 0.546498 2.725684 0.066432 10.403708 -0.401423 -0.906472 0.017669 3.321416
1 inf -8.694561 -0.384729 -0.976575 -1.770094 -1.209364 3.246771 0.030651 2.466815 -0.185590 0.553835 2.747342 0.069949 10.421276 -0.424112 -0.883577 0.006617 3.333937
1 inf -8.680901 -0.372153 -0.964554 -1.734572 -1.222133 3.234184 0.033663 2.444278 -0.191692 0.536818 2.761710 0.043511 10.436945 -0.385172 -0.890323 0.009370 3.366653
1 inf -8.695873 -0.384511 -0.980485 -1.746228 -1.239377 3.248799 -0.000278 2.481119 -0.205481 0.529283 2.759508 0.005583 10.465413 -0.374151 -0.889538 0.009475 3.344083
1 inf -8.684976 -0.367286 -0.973484 -1.767892 -1.245861 3.257718 -0.003197 2.478154 -0.190649 0.497268 2.755992 0.028310 10.469722 -0.341460 -0.896619 0.027833 3.305305
1 inf -8.676835 -0.370468 -0.963225 -1.752635 -1.272476 3.267652 0.014344 2.452268 -0.178772 0.547166 2.766604 0.023432 10.495052 -0.371313 -0.861965 0.003399 3.299055
1 inf -8.682480 -0.348181 -0.964952 -1.707785 -1.254587 3.263437 0.034862 2.420271 -0.173552 0.541807 2.720269 0.013644 10.488953 -0.383800 -0.834160 0.014755 3.337179
1 inf -8.701263 -0.356969 -0.932739 -1.739869 -1.272771 3.255341 0.032198 2.426334 -0.164442 0.532409 2.742332 0.046381 10.492885 -0.366775 -0.819492 0.058225 3.351616
1 inf -8.718966 -0.340331 -0.971917 -1.764587 -1.227815 3.224757 0.049781 2.451798 -0.141156 0.531658 2.731342 0.058624 10.493767 -0.375619 -0.823613 0.037774 3.389095
1 inf -8.712951 -0.345003 -0.984052 -1.759294 -1.233214 3.206320 0.002580 2.450689 -0.150528 0.538503 2.727484 0.071277 10.521293 -0.357049 -0.820279 0.013645 3.369581
1 inf -8.714231 -0.368537 -0.984089 -1.752855 -1.225221 3.206208 -0.034539 2.450161 -0.152293 0.556520 2.730577 0.078440 10.550268 -0.362245 -0.834315 0.069989 3.355896
1 inf -8.729452 -0.359096 -0.953273 -1.721294 -1.243047 3.228602 -0.087159 2.455712 -0.157283 0.572769 2.726000 0.084599 10.533818 -0.385693 -0.835636 0.054874 3.340727
1 inf -8.726378 -0.358513 -0.929732 -1.713409 -1.237951 3.218955 -0.043845 2.480494 -0.157533 0.545309 2.744155 0.094095 10.526126 -0.371890 -0.806192 0.007467 3.343445
1 inf -8.720257 -0.355116 -0.913619 -1.705794 -1.260800 3.166420 -0.016326 2.495395 -0.144973 0.547294 2.726013 0.060288 10.527234 -0.323374 -0.795127 0.015984 3.374811
1 inf -8.698192 -0.354713 -0.916258 -1.701137 -1.271225 3.176928 0.021258 2.484226 -0.167454 0.512397 2.750010 0.033156 10.505360 -0.320370 -0.789005 0.014901 3.387848
1 inf -8.733738 -0.329656 -0.943801 -1.727317 -1.266334 3.214605 0.006568 2.481377 -0.141083 0.527602 2.745687 0.018020 10.511123 -0.331754 -0.807151 -0.020771 3.360542
1 inf -8.750205 -0.329499 -0.928572 -1.680414 -1.286722 3.228793 -0.001741 2.481658 -0.174092 0.539817 2.722974 0.013308 10.524407 -0.325122 -0.831314 -0.018808 3.380469
1 inf -8.768575 -0.343427 -0.938617 -1.657345 -1.306102 3.248667 -0.005578 2.476805 -0.179595 0.522160 2.710261 0.040969 10.529056 -0.328122 -0.847148 -0.014874 3.361378
1 inf -8.762774 -0.339280 -0.955762 -1.671436 -1.317693 3.217683 -0.052035 2.461376 -0.179758 0.530101 2.698029 0.065481 10.509935 -0.357199 -0.867481 -0.008697 3.351680
1 inf -8.785628 -0.363106 -0.966297 -1.662960 -1.324438 3.217314 -0.081584 2.433083 -0.187252 0.512671 2.693353 0.066657 10.505783 -0.362326 -0.899226 -0.043450 3.359948
1 inf -8.780944 -0.375692 -0.928548 -1.666791 -1.333570 3.218339 -0.105918 2.480372 -0.169147 0.488523 2.688299 0.055130 10.508066 -0.364954 -0.896323 -0.035811 3.352131
1 inf -8.771645 -0.364822 -0.940713 -1.705405 -1.365078 3.223717 -0.127433 2.471672 -0.182552 0.512189 2.684811 0.043305 10.518140 -0.338703 -0.885892 -0.027857 3.363356
1 inf -8.774295 -0.319049 -0.932877 -1.699014 -1.375233 3.229112 -0.143768 2.459516 -0.228189 0.517823 2.687500 0.057048 10.525270 -0.326463 -0.889401 -0.045206 3.376635
1 inf -8.808493 -0.304549 -0.934674 -1.684703 -1.362445 3.247751 -0.144441 2.420459 -0.219113 0.495895 2.695425 0.063860 10.505193 -0.314361 -0.893261 -0.044325 3.328675
1 inf -8.803684 -0.280134 -0.949916 -1.692739 -1.371934 3.262315 -0.162152 2.428673 -0.220345 0.518103 2.689835 0.044415 10.509569 -0.339667 -0.886496 -0.041014 3.322023
1 inf -8.802030 -0.303558 -0.972753 -1.727927 -1.360059 3.241450 -0.159596 2.424000 -0.206980 0.524480 2.671179 0.080288 10.488248 -0.381262 -0.902467 -0.067417 3.307086
1 inf -8.825121 -0.288505 -0.941521 -1.718099 -1.330933 3.270235 -0.166526 2.441742 -0.200340 0.568131 2.706517 0.089752 10.473392 -0.416683 -0.926589 -0.044152 3.341256
1 inf -8.799301 -0.280450 -0.941354 -1.718478 -1.318766 3.296250 -0.187864 2.450721 -0.203523 0.545248 2.674033 0.064184 10.462350 -0.409916 -0.936441 -0.024419 3.322443
1 inf -8.801864 -0.294507 -0.949012 -1.730298 -1.316984 3.306668 -0.213545 2.443808 -0.245424 0.506587 2.697396 0.054693 10.461806 -0.413430 -0.923949 -0.010426 3.353214
1 inf -8.836357 -0.297191 -0.961121 -1.778701 -1.311361 3.323963 -0.243252 2.428872 -0.236556 0.515002 2.717655 0.079003 10.480496 -0.377890 -0.891518 -0.046113 3.340865
1 inf -8.855742 -0.295396 -0.925437 -1.744509 -1.290063 3.298709 -0.222741 2.420853 -0.184389 0.478070 2.718844 0.066831 10.454369 -0.356663 -0.902673 -0.060907 3.333691
1 inf -8.845383 -0.332306 -0.938549 -1.770649 -1.278461 3.301895 -0.244419 2.457629 -0.201341 0.480344 2.728774 0.124237 10.423572 -0.388456 -0.878013 -0.042023 3.384297
1 inf -8.830094 -0.320514 -0.905841 -1.766557 -1.259835 3.309702 -0.221475 2.436452 -0.167296 0.488838 2.730923 0.095679 10.442234 -0.385356 -0.840905 -0.038221 3.359225
1 inf -8.821958 -0.312819 -0.944159 -1.773199 -1.284439 3.331239 -0.252335 2.432998 -0.168522 0.490273 2.728173 0.104262 10.470574 -0.379034 -0.828235 -0.048754 3.388588
1 inf -8.862141 -0.327151 -0.920440 -1.743701 -1.248355 3.339981 -0.238278 2.452663 -0.150547 0.489709 2.714456 0.106178 10.476462 -0.414449 -0.815504 -0.055264 3.371545
1 inf -8.848672 -0.349844 -0.928361 -1.740728 -1.264156 3.329270 -0.248708 2.421024 -0.185003 0.481045 2.714259 0.076856 10.466545 -0.405578 -0.843792 -0.049381 3.368063
1 inf -8.862354 -0.354837 -0.913406 -1.749406 -1.265039 3.315319 -0.269639 2.451205 -0.213195 0.473595 2.708519 0.068142 10.474988 -0.356572 -0.858598 -0.075801 3.388079
1 inf -8.852625 -0.319319 -0.911690 -1.765600 -1.283641 3.317376 -0.282758 2.468314 -0.219319 0.492518 2.706363 0.058160 10.469086 -0.420589 -0.898094 -0.067878 3.366841
1 inf -8.819340 -0.311933 -0.976015 -1.760753 -1.338466 3.335241 -0.278288 2.451045 -0.218852 0.458467 2.698948 0.047328 10.487538 -0.433292 -0.880927 -0.056718 3.407284
1 inf -8.794360 -0.310168 -0.994459 -1.767601 -1.340279 3.353739 -0.276697 2.482442 -0.203987 0.483759 2.706602 -0.008702 10.474868 -0.434069 -0.877180 -0.050273 3.426366
1 inf -8.772912 -0.316835 -0.971480 -1.764514 -1.304949 3.381852 -0.247489 2.522015 -0.194267 0.485905 2.721915 -0.018184 10.448599 -0.419399 -0.815388 -0.033085 3.413039
1 inf -8.767150 -0.298565 -0.982193 -1.751532 -1.337334 3.373525 -0.277464 2.511589 -0.177634 0.508080 2.787181 -0.007794 10.432909 -0.398761 -0.792941 -0.063647 3.396434
1 inf -8.769569 -0.301171 -0.981170 -1.738045 -1.305317 3.376120 -0.267352 2.538917 -0.143879 0.518143 2.828073 -0.049336 10.431792 -0.407746 -0.795650 -0.052669 3.384128
1 inf -8.769439 -0.271559 -0.978110 -1.735503 -1.281388 3.379605 -0.267128 2.573698 -0.136896 0.514277 2.794366 -0.034719 10.436889 -0.414202 -0.765862 -0.003613 3.385850
1 inf -8.744443 -0.253824 -0.946829 -1.701243 -1.305100 3.350360 -0.281227 2.579845 -0.171819 0.518331 2.775644 -0.019367 10.407625 -0.419085 -0.750829 -0.001670 3.399435
1 inf -8.724651 -0.228854 -0.945142 -1.671058 -1.339353 3.355593 -0.286710 2.569863 -0.155420 0.507236 2.794442 0.000536 10.414836 -0.404338 -0.748879 -0.037175 3.401375
1 inf -8.728331 -0.232484 -0.950457 -1.651124 -1.333119 3.346311 -0.271832 2.580243 -0.164934 0.489970 2.771540 -0.004326 10.417856 -0.429044 -0.793473 -0.059415 3.416781
1 inf -8.678906 -0.230646 -0.959383 -1.645533 -1.293399 3.323167 -0.293654 2.574108 -0.160774 0.510340 2.765424 -0.033580 10.386391 -0.406594 -0.785764 -0.068674 3.387164
1 inf -8.653427 -0.243972 -0.969824 -1.668410 -1.291419 3.312783 -0.285672 2.601427 -0.207197 0.525871 2.758151 -0.058251 10.336438 -0.384064 -0.815849 -0.063846 3.393435
1 inf -8.642198 -0.280130 -0.955977 -1.679984 -1.269045 3.334722 -0.330390 2.556990 -0.222154 0.519346 2.773029 -0.051527 10.353154 -0.403343 -0.820950 -0.085957 3.420008
1 inf -8.609899 -0.238414 -0.954954 -1.672816 -1.309185 3.339881 -0.336633 2.540816 -0.252212 0.541566 2.782458 -0.036050 10.368367 -0.408792 -0.802930 -0.087934 3.459357
1 inf -8.608272 -0.215593 -0.947903 -1.690178 -1.291220 3.309974 -0.355897 2.519187 -0.243870 0.514626 2.782283 -0.060930 10.387491 -0.428851 -0.822930 -0.123728 3.457466
1 inf -8.592969 -0.208691 -0.934383 -1.694025 -1.273117 3.294109 -0.367653 2.523414 -0.240592 0.540625 2.826983 -0.076721 10.344884 -0.423245 -0.814741 -0.154867 3.449821
1 inf -8.573168 -0.233666 -0.916347 -1.701464 -1.285545 3.286193 -0.336789 2.523666 -0.259734 0.536357 2.830224 -0.059754 10.315991 -0.443380 -0.863022 -0.173151 3.451151
1 inf -8.634440 -0.216270 -0.931053 -1.742238 -1.261007 3.331270 -0.322817 2.529269 -0.275619 0.543765 2.835834 -0.068099 10.303064 -0.430771 -0.832533 -0.170047 3.472883
1 inf -8.635506 -0.210642 -0.912441 -1.737103 -1.229472 3.300232 -0.338678 2.540600 -0.265476 0.538454 2.859166 -0.067894 10.284197 -0.423398 -0.772817 -0.208271 3.461860
1 inf -8.664491 -0.238979 -0.885052 -1.718651 -1.223567 3.314689 -0.307054 2.551785 -0.283796 0.513751 2.862469 -0.025127 10.236742 -0.468629 -0.757317 -0.226134 3.419914
1 inf -8.662433 -0.255906 -0.899934 -1.713226 -1.255903 3.295840 -0.290450 2.592718 -0.298677 0.514382 2.850293 -0.031127 10.237269 -0.466728 -0.742461 -0.258573 3.451947
1 inf -8.679627 -0.248549 -0.897490 -1.708688 -1.259031 3.304804 -0.300189 2.630421 -0.267597 0.503362 2.848798 -0.015470 10.252637 -0.467793 -0.724078 -0.264457 3.475453
1 inf -8.686229 -0.234976 -0.870274 -1.722017 -1.225482 3.332837 -0.316122 2.615051 -0.274252 0.506183 2.873391 -0.025280 10.236201 -0.461677 -0.711332 -0.292555 3.457607
1 inf -8.690905 -0.257689 -0.874859 -1.726292 -1.202151 3.318672 -0.295481 2.610703 -0.259316 0.476758 2.867152 -0.017806 10.228865 -0.470298 -0.707128 -0.305262 3.469270
1 inf -8.750583 -0.269606 -0.866233 -1.715894 -1.203172 3.288611 -0.311678 2.593921 -0.238413 0.470446 2.857886 -0.033270 10.239625 -0.493518 -0.675184 -0.305498 3.495515
1 inf -8.805556 -0.306771 -0.849926 -1.711091 -1.219610 3.308359 -0.301720 2.628244 -0.260676 0.478882 2.860663 -0.054406 10.262158 -0.498650 -0.661222 -0.322314 3.477718
1 inf -8.788700 -0.330482 -0.842491 -1.709188 -1.194236 3.287990 -0.339488 2.625476 -0.272707 0.473509 2.889938 -0.029840 10.280328 -0.493176 -0.665617 -0.373362 3.473742
1 inf -8.797720 -0.314603 -0.833630 -1.739739 -1.172109 3.258183 -0.342184 2.636366 -0.260497 0.472364 2.895624 -0.052619 10.314690 -0.470457 -0.640524 -0.366650 3.470338
1 inf -8.783699 -0.313946 -0.810882 -1.735809 -1.164288 3.260480 -0.303011 2.586710 -0.265423 0.468891 2.918780 -0.075177 10.280147 -0.471940 -0.657015 -0.348429 3.460947
1 inf -8.765862 -0.343559 -0.821374 -1.704931 -1.130080 3.258749 -0.241523 2.575927 -0.255772 0.508865 2.950467 -0.100007 10.274923 -0.481376 -0.668283 -0.353279 3.463121
1 inf -8.764393 -0.339177 -0.847329 -1.727459 -1.135471 3.255443 -0.282909 2.545986 -0.225320 0.500668 2.982538 -0.100377 10.286765 -0.505815 -0.697399 -0.352565 3.453339
1 inf -8.741703 -0.350441 -0.837869 -1.750638 -1.116200 3.245228 -0.281388 2.562634 -0.252366 0.490150 2.995172 -0.090223 10.288591 -0.461772 -0.705752 -0.378182 3.457240
1 inf -8.707811 -0.356026 -0.833146 -1.731285 -1.096646 3.230759 -0.266249 2.596574 -0.254231 0.506183 2.965570 -0.075675 10.250727 -0.481965 -0.662916 -0.421471 3.451262
1 inf -8.744511 -0.352496 -0.847286 -1.766654 -1.094064 3.236121 -0.262285 2.575904 -0.236219 0.512251 2.938962 -0.074236 10.217612 -0.474156 -0.638711 -0.426109 3.421386
1 inf -8.759193 -0.372386 -0.838420 -1.769258 -1.082833 3.205907 -0.249126 2.597683 -0.249242 0.498058 2.954141 -0.079054 10.192945 -0.474297 -0.623814 -0.421596 3.433181
1 inf -8.727437 -0.365091 -0.833158 -1.780024 -1.114783 3.236458 -0.237247 2.618495 -0.229720 0.489018 2.959693 -0.060152 10.211300 -0.535277 -0.610496 -0.401355 3.433379
1 inf -8.753670 -0.359546 -0.799006 -1.782300 -1.087330 3.203499 -0.246692 2.619694 -0.216528 0.478040 2.973374 -0.048460 10.211161 -0.600078 -0.605961 -0.422718 3.454943
1 inf -8.793764 -0.350821 -0.809687 -1.785820 -1.117109 3.195917 -0.246893 2.621824 -0.206614 0.501030 2.994866 -0.039231 10.235385 -0.589007 -0.598891 -0.396243 3.427570
1 inf -8.793192 -0.362024 -0.810062 -1.785575 -1.126020 3.157675 -0.213203 2.645648 -0.168283 0.516725 2.991831 -0.046412 10.234020 -0.583027 -0.566498 -0.394121 3.444491
1 inf -8.776903 -0.301823 -0.795913 -1.759353 -1.111081 3.174363 -0.221136 2.656526 -0.197485 0.501849 2.982943 -0.047875 10.200462 -0.572843 -0.589645 -0.417721 3.463487
1 inf -8.757125 -0.286815 -0.794254 -1.776697 -1.132502 3.165630 -0.221688 2.654943 -0.230754 0.477366 2.997280 -0.043544 10.184985 -0.577260 -0.554167 -0.438485 3.479769
1 inf -8.745404 -0.315866 -0.827479 -1.784596 -1.158913 3.134106 -0.205689 2.675474 -0.249514 0.448673 2.986062 -0.042062 10.165911 -0.618298 -0.561427 -0.449609 3.492678
1 inf -8.756796 -0.333483 -0.846360 -1.798924 -1.116264 3.119930 -0.196802 2.670276 -0.240990 0.469710 2.980222 -0.061686 10.164918 -0.640184 -0.577258 -0.452387 3.489474
1 inf -8.770860 -0.334650 -0.879871 -1.815431 -1.107640 3.157936 -0.232781 2.621910 -0.241051 0.488033 2.964947 -0.091658 10.184036 -0.657579 -0.576389 -0.476706 3.516003
1 inf -8.702803 -0.302010 -0.873401 -1.821376 -1.114356 3.189040 -0.263578 2.606431 -0.234569 0.517542 2.989685 -0.097980 10.191209 -0.676790 -0.540412 -0.481440 3.493645
1 inf -8.700082 -0.300328 -0.868420 -1.815386 -1.135603 3.185740 -0.275708 2.608319 -0.217942 0.515287 2.985039 -0.076363 10.208027 -0.653981 -0.507630 -0.500949 3.482053
1 inf -8.688485 -0.307703 -0.880497 -1.807006 -1.090046 3.207407 -0.284491 2.576914 -0.202674 0.560231 2.955037 -0.104219 10.185291 -0.641208 -0.552952 -0.507596 3.502543
1 inf -8.700593 -0.296370 -0.897837 -1.819567 -1.069728 3.172641 -0.279159 2.564143 -0.178791 0.561641 2.978845 -0.088808 10.237747 -0.647744 -0.555319 -0.512388 3.457163
1 inf -8.694926 -0.325193 -0.919712 -1.816156 -1.085514 3.161071 -0.296254 2.574117 -0.188124 0.573751 2.980719 -0.109539 10.222690 -0.697388 -0.567223 -0.516886 3.465977
1 inf -8.704493 -0.332369 -0.950877 -1.815687 -1.062408 3.156852 -0.300474 2.569905 -0.152738 0.561758 2.998127 -0.080983 10.216807 -0.723930 -0.588841 -0.513211 3.480232
1 inf -8.756630 -0.332442 -0.970976 -1.807114 -1.041010 3.160620 -0.295577 2.549627 -0.147100 0.574351 2.981912 -0.044759 10.211277 -0.741675 -0.559545 -0.498390 3.511689
1 inf -8.771990 -0.324232 -0.932881 -1.788224 -1.106438 3.177732 -0.301060 2.549295 -0.107003 0.554667 2.963372 -0.016304 10.230805 -0.736185 -0.577383 -0.555621 3.538157
1 inf -8.757550 -0.301189 -0.942157 -1.796328 -1.110649 3.219246 -0.302444 2.528481 -0.081720 0.541429 2.938046 -0.039176 10.253518 -0.724892 -0.595311 -0.592352 3.556968
1 inf -8.732338 -0.327592 -0.966832 -1.837708 -1.120211 3.211624 -0.302917 2.584099 -0.077986 0.537552 2.897673 -0.006581 10.246147 -0.726959 -0.582364 -0.621216 3.550500
1 inf -8.709948 -0.350752 -0.965598 -1.820895 -1.101182 3.217911 -0.281507 2.568576 -0.031292 0.531881 2.889194 -0.018095 10.226403 -0.699059 -0.632723 -0.632896 3.551313
1 inf -8.693993 -0.334696 -0.969653 -1.815591 -1.119682 3.208983 -0.275671 2.573989 -0.012152 0.514265 2.924464 -0.006762 10.227493 -0.703998 -0.690062 -0.629510 3.543552
1 inf -8.679163 -0.374048 -0.960670 -1.815387 -1.115099 3.207642 -0.235488 2.532265 -0.003849 0.522861 2.937240 -0.023301 10.269079 -0.707633 -0.708452 -0.608506 3.487020
1 inf -8.731172 -0.376386 -0.974698 -1.824024 -1.122601 3.223186 -0.203642 2.506312 -0.015343 0.560802 2.921011 -0.020600 10.290212 -0.701790 -0.671320 -0.606333 3.478470
1 inf -8.716930 -0.378590 -0.950717 -1.842708 -1.102301 3.228677 -0.241397 2.478441 0.039319 0.540133 2.922679 -0.026662 10.321530 -0.699851 -0.665510 -0.605647 3.448691
1 inf -8.728321 -0.389899 -0.936252 -1.813253 -1.085952 3.245921 -0.254053 2.460971 0.052548 0.575895 2.946328 0.003201 10.359901 -0.697943 -0.687082 -0.598102 3.431966
1 inf -8.748532 -0.373616 -0.934708 -1.834017 -1.060568 3.273568 -0.234866 2.433005 0.074028 0.561485 2.968427 0.022765 10.386299 -0.689104 -0.671684 -0.587073 3.442700
1 inf -8.714003 -0.334905 -0.912249 -1.823496 -1.039535 3.259413 -0.205796 2.417273 0.102171 0.533379 2.943815 -0.034721 10.388489 -0.691999 -0.680886 -0.601477 3.494645
1 inf -8.732564 -0.318043 -0.896405 -1.821052 -1.050112 3.257962 -0.212070 2.432329 0.088107 0.559136 2.966803 -0.038621 10.405814 -0.689003 -0.689360 -0.650963 3.479386
1 inf -8.714489 -0.254521 -0.887199 -1.777612 -1.052888 3.249426 -0.201395 2.441958 0.092114 0.497205 2.990950 -0.077880 10.413372 -0.715823 -0.694276 -0.628731 3.493563
1 inf -8.704175 -0.267611 -0.870771 -1.788102 -1.043846 3.238364 -0.176905 2.404701 0.093459 0.501652 2.971203 -0.059015 10.388448 -0.710190 -0.676377 -0.626259 3.503852
1 inf -8.682931 -0.247563 -0.836357 -1.809374 -1.049096 3.253511 -0.193700 2.385586 0.087756 0.505123 2.982584 -0.047258 10.443608 -0.729181 -0.683856 -0.658127 3.493787
1 inf -8.691192 -0.247549 -0.850767 -1.836210 -1.031648 3.258590 -0.162889 2.407777 0.095038 0.523464 2.946041 -0.024701 10.462656 -0.755539 -0.685028 -0.639010 3.492934
1 inf -8.703613 -0.260675 -0.826613 -1.833387 -1.052478 3.278628 -0.149567 2.388270 0.110803 0.479986 2.957617 -0.043956 10.476643 -0.743523 -0.695979 -0.632678 3.454525
1 inf -8.699388 -0.254421 -0.784299 -1.855465 -1.089273 3.267036 -0.123871 2.368119 0.119904 0.467464 2.978226 -0.055175 10.488063 -0.762509 -0.728375 -0.602762 3.454652
1 inf -8.708587 -0.270691 -0.773831 -1.880568 -1.103695 3.212536 -0.155306 2.371329 0.116986 0.440581 2.993516 -0.035010 10.479269 -0.750037 -0.760250 -0.611131 3.458023
1 inf -8.694930 -0.291391 -0.761264 -1.876787 -1.119097 3.220943 -0.148177 2.325870 0.083318 0.387303 2.976454 -0.047272 10.480832 -0.735101 -0.781055 -0.612538 3.458900
1 inf -8.717857 -0.268825 -0.766899 -1.877598 -1.087302 3.171814 -0.183772 2.316455 0.083951 0.387065 2.984064 -0.037180 10.527876 -0.718854 -0.790670 -0.603003 3.453653
1 inf -8.693294 -0.284183 -0.747823 -1.850275 -1.091004 3.153839 -0.190736 2.242826 0.107845 0.425154 2.953626 -0.016906 10.548595 -0.763890 -0.788996 -0.611964 3.460832
1 inf -8.679522 -0.268028 -0.727126 -1.868689 -1.080831 3.160502 -0.193267 2.259856 0.087499 0.452082 2.898432 -0.019285 10.541380 -0.776680 -0.778597 -0.588654 3.473011
1 inf -8.709888 -0.302542 -0.715651 -1.856967 -1.110988 3.125461 -0.184272 2.252870 0.112693 0.484730 2.900602 -0.007251 10.514302 -0.765272 -0.785712 -0.540881 3.456312
1 inf -8.679576 -0.296545 -0.687956 -1.815894 -1.120953 3.161003 -0.176626 2.266928 0.111174 0.487064 2.915375 0.033572 10.517544 -0.776525 -0.737333 -0.545164 3.480177
1 inf -8.675183 -0.276372 -0.675467 -1.817999 -1.108973 3.130315 -0.154234 2.267599 0.136364 0.489610 2.920212 0.043477 10.486741 -0.806041 -0.777881 -0.549541 3.481995
1 inf -8.688436 -0.296387 -0.679415 -1.803979 -1.121804 3.107402 -0.174366 2.266317 0.083814 0.469651 2.933590 0.021051 10.489624 -0.803544 -0.796221 -0.545467 3.451077
1 inf -8.648128 -0.259175 -0.706710 -1.792593 -1.123625 3.134026 -0.174008 2.279333 0.079713 0.456364 2.932172 0.031613 10.483395 -0.784266 -0.826040 -0.573037 3.469607
1 inf -8.626791 -0.254123 -0.713537 -1.799982 -1.165893 3.120952 -0.208028 2.298995 0.110167 0.453274 2.976664 0.052365 10.504416 -0.753344 -0.786322 -0.602120 3.467270
1 inf -8.616347 -0.271001 -0.732749 -1.799484 -1.142593 3.092515 -0.213115 2.263066 0.082641 0.435574 2.979931 0.059797 10.516105 -0.720528 -0.805338 -0.600929 3.429848
1 inf -8.607242 -0.236383 -0.731655 -1.809912 -1.169341 3.109377 -0.219751 2.252024 0.105824 0.410916 2.983399 0.025841 10.498606 -0.724547 -0.832974 -0.614788 3.452543
1 inf -8.633185 -0.223933 -0.711293 -1.811777 -1.161897 3.091446 -0.243425 2.266784 0.092286 0.389282 2.977430 0.049149 10.490763 -0.696451 -0.820396 -0.576664 3.463406
1 inf -8.636663 -0.210199 -0.745771 -1.817216 -1.165808 3.089146 -0.223858 2.231535 0.095664 0.389464 2.949646 0.032999 10.472993 -0.698806 -0.835033 -0.587981 3.425551
1 inf -8.611017 -0.197386 -0.730111 -1.814841 -1.174336 3.104700 -0.207371 2.280125 0.109258 0.404582 2.975285 0.028971 10.461293 -0.728831 -0.798876 -0.654007 3.424484
1 inf -8.595243 -0.182980 -0.721802 -1.810900 -1.164669 3.080377 -0.200182 2.329279 0.124369 0.420039 2.911282 0.015387 10.441176 -0.712696 -0.814898 -0.644595 3.430226
1 inf -8.564161 -0.184495 -0.706268 -1.795107 -1.161771 3.111134 -0.198541 2.315518 0.105570 0.422339 2.927240 -0.019260 10.409679 -0.720484 -0.819430 -0.653660 3.432977
1 inf -8.608711 -0.166773 -0.698250 -1.794523 -1.144984 3.115929 -0.204439 2.326069 0.092382 0.394883 2.927121 -0.018838 10.380453 -0.748417 -0.823734 -0.637236 3.435999
1 inf -8.601453 -0.181127 -0.690048 -1.784380 -1.145743 3.125559 -0.187878 2.321965 0.084455 0.374249 2.931633 -0.008699 10.376919 -0.721515 -0.820622 -0.639307 3.455929
1 inf -8.590750 -0.167844 -0.679769 -1.778936 -1.142502 3.153379 -0.189740 2.308189 0.093428 0.381190 2.893265 0.014007 10.379674 -0.728420 -0.813044 -0.635434 3.434722
1 inf -8.584814 -0.175276 -0.629674 -1.795124 -1.139104 3.154589 -0.211826 2.313701 0.058636 0.386531 2.893801 0.007035 10.388647 -0.730998 -0.822239 -0.646819 3.400199
1 inf -8.580100 -0.160920 -0.625037 -1.780333 -1.114090 3.177672 -0.162440 2.339142 0.045883 0.333735 2.862785 -0.017618 10.403826 -0.715312 -0.843633 -0.622160 3.381063
1 inf -8.587985 -0.170400 -0.619452 -1.755431 -1.143357 3.184030 -0.151863 2.317313 0.059403 0.345295 2.892598 -0.032588 10.429279 -0.742648 -0.869338 -0.638849 3.356052
1 inf -8.589816 -0.185645 -0.612821 -1.768032 -1.104578 3.143456 -0.151987 2.292254 0.069379 0.323226 2.871775 -0.032587 10.410404 -0.738723 -0.881148 -0.579511 3.376218
1 inf -8.582425 -0.116047 -0.604944 -1.765411 -1.155115 3.145929 -0.112215 2.291634 0.074333 0.304263 2.860354 -0.018242 10.416133 -0.732657 -0.874233 -0.565590 3.402936
1 inf -8.576533 -0.131921 -0.594298 -1.760034 -1.161188 3.152884 -0.136882 2.319982 0.058948 0.297467 2.889872 0.018625 10.413077 -0.706686 -0.867677 -0.578389 3.446159
1 inf -8.610718 -0.121526 -0.568828 -1.745035 -1.200284 3.159195 -0.110708 2.342250 0.069645 0.307099 2.871709 0.019061 10.403340 -0.711038 -0.861716 -0.585308 3.447731
1 inf -8.614088 -0.123694 -0.562641 -1.731245 -1.217872 3.139667 -0.112565 2.343667 0.041635 0.253710 2.888156 0.057371 10.383123 -0.695284 -0.854586 -0.586522 3.485531
1 inf -8.631146 -0.106947 -0.569822 -1.715774 -1.214634 3.145226 -0.106058 2.368177 0.069380 0.256825 2.882754 0.063644 10.397327 -0.629511 -0.865493 -0.565849 3.490834
1 inf -8.636864 -0.126618 -0.546578 -1.683024 -1.200676 3.136072 -0.109019 2.360767 0.051785 0.255379 2.912849 0.055361 10.394070 -0.639664 -0.843572 -0.599068 3.470720
1 inf -8.665234 -0.108412 -0.563583 -1.697009 -1.213230 3.135916 -0.080099 2.389105 0.017202 0.266801 2.904878 0.065310 10.428855 -0.643637 -0.868227 -0.611002 3.470641
1 inf -8.684980 -0.162426 -0.591549 -1.691783 -1.235807 3.149752 -0.076034 2.372833 0.014854 0.257510 2.894703 0.076755 10.404159 -0.641050 -0.887082 -0.593710 3.459020
1 inf -8.689433 -0.156363 -0.632411 -1.672107 -1.234114 3.143237 -0.053368 2.345800 0.004493 0.234629 2.913076 0.089127 10.388047 -0.641475 -0.882586 -0.603278 3.444907
1 inf -8.625115 -0.152249 -0.651921 -1.640730 -1.233959 3.136907 -0.018509 2.351004 -0.017845 0.224073 2.867356 0.076307 10.369089 -0.653132 -0.873289 -0.602115 3.468128
1 inf -8.613676 -0.204710 -0.625474 -1.625120 -1.225266 3.151524 -0.070812 2.365226 -0.039099 0.265488 2.865195 0.084634 10.357845 -0.684108 -0.858964 -0.612936 3.498920
1 inf -8.617612 -0.184078 -0.677447 -1.610716 -1.220614 3.122095 -0.089171 2.375095 -0.086171 0.245785 2.852781 0.099675 10.373830 -0.678841 -0.846646 -0.630350 3.469952
1 inf -8.628023 -0.180126 -0.641257 -1.629611 -1.250240 3.113460 -0.129290 2.347681 -0.078078 0.275225 2.804482 0.103292 10.389845 -0.674070 -0.867581 -0.622420 3.472355
1 inf -8.592808 -0.169579 -0.627981 -1.616166 -1.232208 3.134224 -0.145009 2.309247 -0.077471 0.243329 2.767354 0.114431 10.395768 -0.643873 -0.878349 -0.619513 3.434524
1 inf -8.594713 -0.166774 -0.611541 -1.618897 -1.191101 3.130449 -0.195258 2.304429 -0.095246 0.226270 2.746823 0.114811 10.398879 -0.654184 -0.915287 -0.640441 3.435680
1 inf -8.587006 -0.175063 -0.608894 -1.619342 -1.164536 3.119289 -0.217752 2.280657 -0.066045 0.222135 2.756987 0.124299 10.370022 -0.613469 -0.914535 -0.625648 3.412024
1 inf -8.565646 -0.175027 -0.600502 -1.635476 -1.200628 3.142369 -0.249265 2.295719 -0.058718 0.185508 2.735171 0.163328 10.389678 -0.615039 -0.900197 -0.614878 3.444881
1 inf -8.584724 -0.168617 -0.594472 -1.603872 -1.252009 3.132860 -0.263960 2.317330 -0.035028 0.205431 2.754057 0.169043 10.411098 -0.605689 -0.892726 -0.655181 3.396175
1 inf -8.579433 -0.211594 -0.582821 -1.593557 -1.227153 3.113265 -0.280680 2.263324 -0.086983 0.187244 2.761017 0.190264 10.430732 -0.583432 -0.873282 -0.639824 3.422721
1 inf -8.574597 -0.218074 -0.594973 -1.605259 -1.224948 3.105316 -0.308478 2.232454 -0.062857 0.175040 2.753842 0.178034 10.440347 -0.613592 -0.888343 -0.628020 3.394953
1 inf -8.581213 -0.229197 -0.575249 -1.562907 -1.194609 3.080111 -0.310544 2.214347 -0.048076 0.182113 2.720591 0.186568 10.429917 -0.582714 -0.883274 -0.656880 3.392147
1 inf -8.580342 -0.254552 -0.631675 -1.549960 -1.221919 3.079106 -0.320034 2.210332 -0.071576 0.192906 2.745749 0.188579 10.430477 -0.577133 -0.927274 -0.686298 3.383443
1 inf -8.607206 -0.263946 -0.624403 -1.565934 -1.235187 3.102701 -0.311625 2.220355 -0.077666 0.184739 2.741950 0.202549 10.452009 -0.580010 -0.913112 -0.677097 3.362369
1 inf -8.590708 -0.278853 -0.626831 -1.519807 -1.224186 3.118229 -0.337457 2.203852 -0.044023 0.197390 2.762091 0.205207 10.426271 -0.563331 -0.927159 -0.698974 3.319139
1 inf -8.586883 -0.265461 -0.638869 -1.541242 -1.261744 3.109282 -0.369675 2.218865 -0.059376 0.197196 2.704551 0.251341 10.391995 -0.579917 -0.951182 -0.706076 3.302683
1 inf -8.576365 -0.278506 -0.627537 -1.560413 -1.274663 3.114639 -0.375296 2.191812 -0.064367 0.195554 2.669740 0.251390 10.414971 -0.567401 -0.973748 -0.657808 3.292325
1 inf -8.566557 -0.249260 -0.615422 -1.566771 -1.305559 3.101599 -0.389523 2.184765 -0.030236 0.208443 2.663576 0.303515 10.406964 -0.550877 -0.961971 -0.672515 3.292678
1 inf -8.597845 -0.222184 -0.620497 -1.563411 -1.292708 3.065437 -0.382707 2.157596 -0.062772 0.220715 2.650118 0.325046 10.386223 -0.537055 -0.982943 -0.679777 3.284686
1 inf -8.582887 -0.214709 -0.643915 -1.584099 -1.312803 3.075775 -0.416620 2.177807 -0.072994 0.230108 2.636083 0.322401 10.355959 -0.547607 -0.984042 -0.675746 3.266385
1 inf -8.589423 -0.198797 -0.696541 -1.574756 -1.273551 3.077956 -0.412561 2.135080 -0.063159 0.202436 2.649087 0.303512 10.334879 -0.519502 -1.021814 -0.663720 3.275611
1 inf -8.571477 -0.212231 -0.728335 -1.609282 -1.273044 3.055043 -0.388795 2.159517 -0.061282 0.203017 2.623942 0.296093 10.337039 -0.492264 -1.017625 -0.674220 3.263154
1 inf -8.597980 -0.224975 -0.704420 -1.620984 -1.279213 3.034981 -0.380675 2.118578 -0.034524 0.212244 2.620019 0.283780 10.337888 -0.491563 -1.021078 -0.649204 3.262408
1 inf -8.618149 -0.228052 -0.738795 -1.634766 -1.266450 3.059527 -0.371787 2.130414 -0.023476 0.243272 2.620500 0.296157 10.340531 -0.493714 -1.002514 -0.615839 3.266873
1 inf -8.615407 -0.257330 -0.713471 -1.659484 -1.287570 3.048802 -0.411018 2.143906 -0.060316 0.245962 2.611959 0.364750 10.351005 -0.486135 -1.020164 -0.632228 3.268747
1 inf -8.586361 -0.251084 -0.711533 -1.628342 -1.281926 3.071940 -0.402545 2.141721 -0.077317 0.223926 2.599094 0.387657 10.356700 -0.518062 -1.031038 -0.634144 3.266161
1 inf -8.582094 -0.255579 -0.712854 -1.619753 -1.301847 3.092588 -0.402136 2.150989 -0.084192 0.187916 2.559254 0.388742 10.356825 -0.498587 -1.046560 -0.614932 3.273315
1 inf -8.577781 -0.258675 -0.726597 -1.668701 -1.322206 3.103402 -0.374623 2.143407 -0.078696 0.181036 2.562846 0.414057 10.388367 -0.509552 -1.026996 -0.636216 3.272544
1 inf -8.572804 -0.270167 -0.740320 -1.688058 -1.326794 3.100517 -0.377151 2.123724 -0.099274 0.165188 2.556111 0.459059 10.379511 -0.502418 -1.033459 -0.641435 3.266911
1 inf -8.577864 -0.293153 -0.752271 -1.717827 -1.287727 3.112459 -0.373448 2.149060 -0.143400 0.155254 2.502187 0.469470 10.359215 -0.487578 -1.052745 -0.620734 3.246223
1 inf -8.597116 -0.290405 -0.761656 -1.724614 -1.270773 3.104498 -0.355731 2.150141 -0.109118 0.146784 2.541486 0.493163 10.351734 -0.453921 -1.048989 -0.605410 3.224969
1 inf -8.628141 -0.316113 -0.755762 -1.743184 -1.325680 3.091425 -0.410997 2.145589 -0.138020 0.164521 2.520130 0.488982 10.323081 -0.440134 -1.068760 -0.626262 3.210825
1 inf -8.595812 -0.278480 -0.776409 -1.733124 -1.308142 3.093218 -0.446561 2.143291 -0.159698 0.220260 2.498053 0.466241 10.292005 -0.428034 -1.076878 -0.660968 3.222872
1 inf -8.587730 -0.314735 -0.762020 -1.742369 -1.357484 3.101882 -0.481004 2.101329 -0.145313 0.260387 2.505270 0.454979 10.338742 -0.436848 -1.072537 -0.684128 3.244830
1 inf -8.589800 -0.306773 -0.771695 -1.746970 -1.360667 3.059052 -0.493123 2.070429 -0.176850 0.270753 2.506612 0.461008 10.329145 -0.489787 -1.094159 -0.706037 3.190121
1 inf -8.628525 -0.332752 -0.792234 -1.759475 -1.327051 3.042804 -0.482645 2.063113 -0.143072 0.265822 2.490267 0.443489 10.332851 -0.545784 -1.077237 -0.751759 3.206589
1 inf -8.639917 -0.350369 -0.811115 -1.773803 -1.284402 3.028628 -0.473758 2.057915 -0.134548 0.286859 2.484427 0.423865 10.331858 -0.567670 -1.093068 -0.754537 3.203385
1 inf -8.625258 -0.332738 -0.801626 -1.779291 -1.289438 3.022218 -0.502423 2.033283 -0.161837 0.255321 2.488215 0.435978 10.322662 -0.552842 -1.059172 -0.787998 3.230954
1 inf -8.657636 -0.358896 -0.809139 -1.747525 -1.294653 3.009134 -0.470184 2.012233 -0.130109 0.249522 2.516867 0.424951 10.350074 -0.510495 -1.095588 -0.797950 3.220347
1 inf -8.647431 -0.348170 -0.831854 -1.758346 -1.304352 3.002348 -0.445027 1.989844 -0.103711 0.232305 2.541661 0.428080 10.362895 -0.515637 -1.102861 -0.820617 3.218797
1 inf -8.664111 -0.324892 -0.809318 -1.778347 -1.292518 2.975366 -0.407679 1.995662 -0.116012 0.228788 2.555969 0.455665 10.366815 -0.506820 -1.096083 -0.752940 3.195467
1 inf -8.677002 -0.341689 -0.771277 -1.778768 -1.296817 2.953710 -0.413004 2.013341 -0.112956 0.200391 2.522258 0.464855 10.367512 -0.508858 -1.075166 -0.746982 3.195850
1 inf -8.678590 -0.379533 -0.775425 -1.812016 -1.284288 2.952326 -0.411370 2.025819 -0.099087 0.175054 2.533408 0.473976 10.365946 -0.508286 -1.063379 -0.722567 3.209838
1 inf -8.624149 -0.352220 -0.792826 -1.851891 -1.283641 2.958571 -0.399837 2.025033 -0.097999 0.159342 2.487865 0.486431 10.368606 -0.519122 -1.085903 -0.766140 3.231730
1 inf -8.627979 -0.381240 -0.778086 -1.871078 -1.285632 2.970303 -0.383073 2.023666 -0.105583 0.114143 2.481233 0.524993 10.363980 -0.512846 -1.123923 -0.790122 3.201710
1 inf -8.585985 -0.406976 -0.808657 -1.882602 -1.264874 2.950618 -0.348213 2.072501 -0.141770 0.100791 2.515050 0.532259 10.339618 -0.471186 -1.102262 -0.790035 3.185083
1 inf -8.617020 -0.376362 -0.837950 -1.866174 -1.263812 2.918539 -0.324320 2.105606 -0.152970 0.061338 2.534512 0.522284 10.327170 -0.431287 -1.095331 -0.781970 3.145870
1 inf -8.622422 -0.381548 -0.810394 -1.845075 -1.262024 2.909380 -0.332232 2.070538 -0.152837 0.063787 2.538385 0.525037 10.344926 -0.413635 -1.121835 -0.767038 3.178360
1 inf -8.622958 -0.388410 -0.819979 -1.865189 -1.286519 2.902415 -0.363742 2.040120 -0.184773 0.035092 2.520404 0.540262 10.335862 -0.435401 -1.141462 -0.769097 3.182399
1 inf -8.623844 -0.419052 -0.822363 -1.879227 -1.266403 2.884019 -0.346661 1.977863 -0.221387 0.053951 2.553042 0.554577 10.280286 -0.441934 -1.193933 -0.817964 3.216030
1 inf -8.642978 -0.378993 -0.827859 -1.891818 -1.249043 2.889550 -0.314204 2.017572 -0.224908 0.066743 2.555820 0.532123 10.223059 -0.436165 -1.215551 -0.810336 3.211114
1 inf -8.673130 -0.359204 -0.812758 -1.909127 -1.246899 2.877452 -0.290482 2.024822 -0.225102 0.128670 2.539041 0.497401 10.230043 -0.408985 -1.217373 -0.821663 3.196822
1 inf -8.672180 -0.358884 -0.842682 -1.948668 -1.268882 2.851962 -0.262984 2.006059 -0.172289 0.113948 2.537256 0.490612 10.242149 -0.407385 -1.230434 -0.826811 3.169122
1 inf -8.640377 -0.363874 -0.814571 -1.910695 -1.241272 2.848475 -0.240584 2.022224 -0.165104 0.087936 2.551740 0.444730 10.257037 -0.408461 -1.200298 -0.800321 3.122578
1 inf -8.626041 -0.354704 -0.783458 -1.857643 -1.255141 2.860041 -0.221323 1.982925 -0.171119 0.125035 2.541316 0.400320 10.246452 -0.393043 -1.195209 -0.823915 3.124733
1 inf -8.639940 -0.384320 -0.789564 -1.870908 -1.269481 2.832326 -0.187884 1.996347 -0.217776 0.118362 2.555014 0.414111 10.254484 -0.403189 -1.178701 -0.783032 3.099574
1 inf -8.628541 -0.393558 -0.784748 -1.886907 -1.280167 2.838729 -0.210473 2.035640 -0.243843 0.132268 2.595604 0.385561 10.234267 -0.415104 -1.184446 -0.788066 3.080158
1 inf -8.640872 -0.388099 -0.791573 -1.919616 -1.272646 2.844927 -0.212319 2.045784 -0.233855 0.137492 2.577810 0.379241 10.237513 -0.397810 -1.162298 -0.797349 3.067944
1 inf -8.671624 -0.333250 -0.774190 -1.933386 -1.237110 2.837285 -0.213295 2.022438 -0.233520 0.091179 2.587809 0.387710 10.226031 -0.403977 -1.169345 -0.816049 3.071188
1 inf -8.675781 -0.375765 -0.759924 -1.932882 -1.244897 2.813082 -0.219328 2.014335 -0.265231 0.097025 2.610463 0.372411 10.251199 -0.417694 -1.145379 -0.819219 3.053393
1 inf -8.703921 -0.391783 -0.761040 -1.927087 -1.265257 2.795778 -0.181088 1.994886 -0.267010 0.138343 2.584792 0.344948 10.255435 -0.422082 -1.171510 -0.839030 3.039154
1 inf -8.690692 -0.427804 -0.777405 -1.954001 -1.296242 2.787285 -0.208323 2.018087 -0.281493 0.124288 2.585036 0.335464 10.252149 -0.433463 -1.117312 -0.824803 3.084097
1 inf -8.666800 -0.427000 -0.792810 -1.986243 -1.276805 2.800657 -0.227211 2.060896 -0.272809 0.115585 2.601449 0.340441 10.241961 -0.429950 -1.120951 -0.857938 3.084310
1 inf -8.672767 -0.448154 -0.797230 -1.981326 -1.307230 2.778334 -0.235887 2.062613 -0.255801 0.123458 2.604657 0.367633 10.209297 -0.444637 -1.086784 -0.894350 3.128065
1 inf -8.648991 -0.453297 -0.773380 -1.978710 -1.276102 2.758934 -0.224293 2.052489 -0.255735 0.113109 2.615288 0.396993 10.227307 -0.433635 -1.036834 -0.851918 3.158040
1 inf -8.693815 -0.404045 -0.766220 -1.982212 -1.293353 2.785430 -0.219112 2.044191 -0.231449 0.142248 2.607838 0.389399 10.229943 -0.427246 -1.027452 -0.876312 3.145198
1 inf -8.686516 -0.404734 -0.783157 -1.988990 -1.307359 2.784200 -0.215053 2.001845 -0.222692 0.128620 2.571427 0.400758 10.234805 -0.414370 -1.034032 -0.863751 3.137222
1 inf -8.705704 -0.406412 -0.766466 -1.956204 -1.331003 2.731120 -0.210471 2.011017 -0.207399 0.146671 2.598325 0.386272 10.221589 -0.438645 -1.015562 -0.861109 3.142189
1 inf -8.708491 -0.393441 -0.801926 -1.964418 -1.345814 2.737201 -0.240620 2.037007 -0.181774 0.173143 2.579671 0.402439 10.248229 -0.444494 -1.019489 -0.855863 3.162181
1 inf -8.694941 -0.375649 -0.802605 -1.989107 -1.367397 2.761446 -0.226309 2.037908 -0.203859 0.172545 2.594321 0.434783 10.287283 -0.419148 -0.981226 -0.934996 3.140434
1 inf -8.673704 -0.361225 -0.819175 -2.024160 -1.378739 2.742477 -0.260995 2.025521 -0.191961 0.151494 2.621757 0.435309 10.304694 -0.397978 -0.953190 -0.933191 3.151328
1 inf -8.672221 -0.388656 -0.853312 -1.989459 -1.382492 2.749385 -0.289282 2.025284 -0.202476 0.177281 2.674603 0.442415 10.309361 -0.409999 -0.911014 -0.928914 3.163312
1 inf -8.694684 -0.350553 -0.849032 -2.013619 -1.382420 2.764367 -0.297428 2.046018 -0.200102 0.155599 2.698557 0.439439 10.312686 -0.397216 -0.952580 -0.906063 3.167853
1 inf -8.677258 -0.337189 -0.844154 -2.018547 -1.376612 2.790878 -0.289459 2.013606 -0.245942 0.171426 2.669224 0.429916 10.332882 -0.384530 -0.971241 -0.921023 3.161697
1 inf -8.674297 -0.299170 -0.866305 -2.025631 -1.402341 2.823328 -0.271009 1.973088 -0.249236 0.201188 2.694388 0.456523 10.333154 -0.355873 -0.960593 -0.954688 3.165940
1 inf -8.656045 -0.257989 -0.859152 -2.033056 -1.386868 2.809694 -0.282163 1.924947 -0.243287 0.196613 2.725380 0.456732 10.317176 -0.362685 -0.952480 -0.983904 3.199785
1 inf -8.636411 -0.229638 -0.857741 -2.052880 -1.399247 2.802131 -0.292872 1.904665 -0.209409 0.231618 2.706044 0.431319 10.309497 -0.347668 -0.924784 -0.964335 3.164521
1 inf -8.618970 -0.273081 -0.879054 -2.036032 -1.429686 2.787926 -0.320301 1.908969 -0.207285 0.228001 2.692935 0.393622 10.315572 -0.354938 -0.924695 -0.973382 3.210181
1 inf -8.653506 -0.326095 -0.847807 -2.026893 -1.448529 2.780866 -0.323918 1.907274 -0.232418 0.237533 2.702968 0.393479 10.362263 -0.336196 -0.917581 -0.980064 3.231061
1 inf -8.677320 -0.294272 -0.861658 -2.049853 -1.432602 2.747975 -0.329325 1.889530 -0.255341 0.261182 2.704353 0.377015 10.370568 -0.366815 -0.897929 -0.961497 3.254089
1 inf -8.675462 -0.285582 -0.833517 -2.065808 -1.436181 2.751641 -0.356703 1.851033 -0.248215 0.262802 2.736162 0.392430 10.340234 -0.404095 -0.904469 -0.974222 3.270426
1 inf -8.686728 -0.286355 -0.841232 -2.026198 -1.447461 2.781110 -0.344526 1.878300 -0.223424 0.287800 2.727268 0.409651 10.358515 -0.416235 -0.859139 -0.936792 3.252027
1 inf -8.700454 -0.294000 -0.844783 -2.035763 -1.490017 2.792011 -0.325629 1.865285 -0.267298 0.271136 2.710698 0.412290 10.333849 -0.418400 -0.835565 -0.934954 3.275919
1 inf -8.698177 -0.326089 -0.831321 -1.996743 -1.483079 2.785726 -0.334036 1.895326 -0.264805 0.258944 2.716506 0.414401 10.358352 -0.396708 -0.819351 -0.949718 3.253051
1 inf -8.671277 -0.298855 -0.834284 -1.948431 -1.471823 2.815417 -0.381785 1.916261 -0.262827 0.264451 2.759258 0.404389 10.340279 -0.451510 -0.794952 -0.944567 3.256457
1 inf -8.680566 -0.283149 -0.786633 -1.945778 -1.462894 2.820910 -0.344000 1.934505 -0.286202 0.265681 2.721351 0.396055 10.321653 -0.450792 -0.803208 -0.994807 3.259857
1 inf -8.712427 -0.285917 -0.823192 -1.925855 -1.457990 2.842893 -0.340393 1.942937 -0.277276 0.259875 2.682343 0.437087 10.316993 -0.440002 -0.767948 -0.985602 3.232689
1 inf -8.691920 -0.309639 -0.790309 -1.925175 -1.471160 2.836995 -0.340721 1.959691 -0.336742 0.258044 2.682410 0.444029 10.335588 -0.434715 -0.788213 -0.976753 3.211319
1 inf -8.674208 -0.320994 -0.798431 -1.912778 -1.472673 2.819535 -0.354538 1.959959 -0.329642 0.295477 2.718034 0.473263 10.355639 -0.444426 -0.776731 -0.982774 3.232919
1 inf -8.661123 -0.291089 -0.802132 -1.880745 -1.497514 2.793028 -0.329711 1.975794 -0.369731 0.280466 2.716042 0.486397 10.322289 -0.443906 -0.779851 -0.972643 3.220309
1 inf -8.646350 -0.279864 -0.790395 -1.902613 -1.533588 2.809029 -0.350368 1.976622 -0.331311 0.329919 2.740610 0.477913 10.327407 -0.429654 -0.789755 -0.980272 3.188823
1 inf -8.628042 -0.287662 -0.788643 -1.887383 -1.519133 2.830990 -0.349574 1.958976 -0.332841 0.345696 2.741323 0.528038 10.331924 -0.437618 -0.753043 -0.993410 3.196155
1 inf -8.652979 -0.282815 -0.803968 -1.838190 -1.510018 2.809280 -0.341707 1.964055 -0.346009 0.334864 2.761171 0.525917 10.345400 -0.455502 -0.768780 -0.932897 3.215258
1 inf -8.650429 -0.283091 -0.777359 -1.790555 -1.514634 2.823390 -0.329838 1.990436 -0.354133 0.342331 2.746443 0.536941 10.330255 -0.461349 -0.780625 -0.924531 3.189310
1 inf -8.689652 -0.265915 -0.742482 -1.792469 -1.495138 2.819053 -0.310403 2.033111 -0.339511 0.315109 2.745958 0.509111 10.333154 -0.446362 -0.767074 -0.961101 3.189740
1 inf -8.674060 -0.292330 -0.684040 -1.813051 -1.487635 2.814196 -0.279782 2.025202 -0.331493 0.290379 2.753620 0.508760 10.335670 -0.467117 -0.755375 -0.963648 3.189621
1 inf -8.642377 -0.303147 -0.676771 -1.852357 -1.469523 2.796146 -0.298426 2.025191 -0.328565 0.266968 2.748088 0.484586 10.353157 -0.452673 -0.773162 -0.941633 3.162735
1 inf -8.605739 -0.318795 -0.664475 -1.876433 -1.483195 2.808065 -0.317341 2.038373 -0.371911 0.319855 2.742464 0.477524 10.334230 -0.482075 -0.734917 -0.902515 3.136041
1 inf -8.623069 -0.317496 -0.711821 -1.905104 -1.482368 2.778694 -0.358011 1.990889 -0.374623 0.339685 2.702327 0.455996 10.345258 -0.464003 -0.753160 -0.878629 3.169934
1 inf -8.624667 -0.310715 -0.699843 -1.895820 -1.506070 2.788397 -0.350606 2.017359 -0.397706 0.323904 2.744019 0.455349 10.334253 -0.448146 -0.789989 -0.894354 3.178137
1 inf -8.593504 -0.287538 -0.705528 -1.908068 -1.506217 2.767021 -0.363136 2.009874 -0.396473 0.291932 2.751167 0.504860 10.334078 -0.449632 -0.801911 -0.893161 3.197995
1 inf -8.642241 -0.268927 -0.681123 -1.920346 -1.494551 2.744622 -0.382496 2.008597 -0.392638 0.300847 2.739756 0.504550 10.381286 -0.453974 -0.753898 -0.872481 3.217858
1 inf -8.663743 -0.245088 -0.674064 -1.915493 -1.508230 2.754292 -0.375532 1.970662 -0.380233 0.312526 2.728521 0.514018 10.381409 -0.459004 -0.786500 -0.889884 3.203908
1 inf -8.637380 -0.221861 -0.635554 -1.938962 -1.543282 2.728118 -0.356284 1.977561 -0.387617 0.290264 2.702494 0.587741 10.375505 -0.480291 -0.821858 -0.915787 3.196281
1 inf -8.614751 -0.197662 -0.619638 -1.926487 -1.593402 2.742910 -0.374874 1.998551 -0.451401 0.284015 2.718587 0.585960 10.403436 -0.479936 -0.818974 -0.908027 3.179667
1 inf -8.637767 -0.210951 -0.599110 -1.911753 -1.608997 2.771190 -0.401747 2.007939 -0.460092 0.320065 2.695343 0.592424 10.388950 -0.499152 -0.786898 -0.927143 3.185469
1 inf -8.616970 -0.168625 -0.609001 -1.939188 -1.648941 2.783537 -0.390184 2.013591 -0.447775 0.348336 2.712077 0.544284 10.352553 -0.476104 -0.788372 -0.936268 3.182732
1 inf -8.600604 -0.199012 -0.630049 -1.970058 -1.669414 2.783632 -0.396419 2.006241 -0.399168 0.373602 2.734058 0.544328 10.373627 -0.487337 -0.815208 -0.934413 3.172385
1 inf -8.576789 -0.208100 -0.592620 -1.983828 -1.685696 2.795926 -0.380097 2.042116 -0.394171 0.353823 2.725138 0.519943 10.417015 -0.484010 -0.797890 -0.961155 3.187120
1 inf -8.563892 -0.218724 -0.600062 -1.986715 -1.675456 2.803178 -0.408279 2.020083 -0.420657 0.315926 2.714249 0.502955 10.421434 -0.489489 -0.811023 -0.944293 3.148153
1 inf -8.562587 -0.221642 -0.615022 -1.984038 -1.652051 2.789736 -0.381294 2.043107 -0.456724 0.302337 2.675749 0.483559 10.416702 -0.486897 -0.822822 -0.937152 3.119018
1 inf -8.565514 -0.198631 -0.610047 -1.978521 -1.650120 2.795685 -0.382988 2.062651 -0.445910 0.290092 2.677882 0.466439 10.426969 -0.477610 -0.843943 -0.958239 3.114432
1 inf -8.559279 -0.191306 -0.613422 -2.016309 -1.633819 2.766005 -0.399457 2.068309 -0.443995 0.298279 2.654841 0.452654 10.442907 -0.499807 -0.894926 -0.932800 3.102530
1 inf -8.564588 -0.177407 -0.611196 -2.037656 -1.605397 2.747325 -0.344000 2.066685 -0.444810 0.290987 2.693512 0.461276 10.428962 -0.507594 -0.892998 -0.951836 3.090041
1 inf -8.556546 -0.204974 -0.636539 -2.072459 -1.606716 2.724631 -0.358141 2.078305 -0.439359 0.282420 2.704426 0.481119 10.416833 -0.451095 -0.916013 -0.966582 3.106631
1 inf -8.577260 -0.198747 -0.617155 -2.069338 -1.607624 2.710730 -0.363327 2.071859 -0.468922 0.316450 2.724984 0.469583 10.434559 -0.456177 -0.954171 -0.953072 3.109529
1 inf -8.570945 -0.208572 -0.604793 -2.070201 -1.618020 2.709026 -0.317271 2.046316 -0.467301 0.307724 2.722054 0.472453 10.419697 -0.469370 -0.967712 -0.980312 3.091205
1 inf -8.515734 -0.223109 -0.585297 -2.072178 -1.617051 2.717317 -0.334132 2.073185 -0.445848 0.302886 2.729178 0.457773 10.398200 -0.458109 -0.990733 -0.996594 3.094342
1 inf -8.553436 -0.222871 -0.582224 -2.070629 -1.636491 2.735122 -0.332671 2.084627 -0.437804 0.321076 2.715033 0.479732 10.391830 -0.433061 -0.981603 -0.998285 3.070648
1 inf -8.571018 -0.228988 -0.580619 -2.057656 -1.617503 2.749154 -0.322357 2.121642 -0.424425 0.340595 2.724955 0.470717 10.380337 -0.417008 -0.954466 -0.980830 3.056287
1 inf -8.534701 -0.252707 -0.607353 -2.067574 -1.603817 2.749093 -0.315167 2.146215 -0.415471 0.333323 2.707109 0.453689 10.414072 -0.388311 -0.936479 -0.978413 3.023163
1 inf -8.543821 -0.220446 -0.586332 -2.087456 -1.609582 2.743860 -0.380618 2.189004 -0.403937 0.309988 2.666135 0.448264 10.441766 -0.410998 -0.947110 -0.988997 3.034018
1 inf -8.538844 -0.244806 -0.591142 -2.066706 -1.598593 2.744171 -0.393661 2.158230 -0.392027 0.320689 2.658952 0.438113 10.463375 -0.417700 -0.939940 -0.967436 3.010996
1 inf -8.526190 -0.241008 -0.573627 -2.098902 -1.592543 2.704689 -0.387503 2.156803 -0.428521 0.359332 2.689516 0.440151 10.500115 -0.437154 -0.933636 -0.993443 3.008619
1 inf -8.558026 -0.241338 -0.548999 -2.128415 -1.570392 2.674396 -0.373709 2.165294 -0.407353 0.367502 2.714230 0.412823 10.464724 -0.433807 -0.931492 -0.988824 3.013186
1 inf -8.570680 -0.233393 -0.557749 -2.165488 -1.578093 2.629699 -0.383753 2.160640 -0.404946 0.382312 2.712626 0.421265 10.447622 -0.438695 -0.929859 -0.983138 3.050208
1 inf -8.586246 -0.252118 -0.556060 -2.146637 -1.578358 2.605592 -0.359857 2.157404 -0.398091 0.385876 2.712297 0.398577 10.461289 -0.424979 -0.946319 -0.999791 3.043323
1 inf -8.556020 -0.233250 -0.532221 -2.123028 -1.616359 2.618434 -0.394597 2.169554 -0.350044 0.342931 2.729576 0.378322 10.470195 -0.421838 -0.943348 -0.996447 3.054932
1 inf -8.557722 -0.215391 -0.547321 -2.143700 -1.610923 2.628155 -0.315244 2.156077 -0.345039 0.351244 2.674784 0.344151 10.433561 -0.452585 -0.959452 -0.997849 3.047405
1 inf -8.578853 -0.235794 -0.557116 -2.131260 -1.652755 2.613857 -0.295855 2.145672 -0.329963 0.304843 2.668128 0.386101 10.433051 -0.436338 -0.981461 -0.962060 3.054323
1 inf -8.587363 -0.224140 -0.581874 -2.120127 -1.669153 2.580271 -0.292805 2.162694 -0.321436 0.328284 2.694331 0.378587 10.433492 -0.476270 -0.992300 -0.953052 3.017127
1 inf -8.605302 -0.212163 -0.566315 -2.116926 -1.652505 2.556270 -0.324021 2.162356 -0.330079 0.291302 2.719156 0.376905 10.450718 -0.445254 -1.031476 -0.960670 3.024295
1 inf -8.595374 -0.227780 -0.604738 -2.135694 -1.671033 2.556727 -0.320605 2.177195 -0.366248 0.293397 2.739410 0.414921 10.473199 -0.443111 -0.992894 -0.929342 3.026668
1 inf -8.576482 -0.242487 -0.581758 -2.173700 -1.649370 2.548164 -0.323256 2.176021 -0.384449 0.293276 2.710585 0.421653 10.442172 -0.428264 -0.981152 -0.963295 3.044460
1 inf -8.532864 -0.252906 -0.559112 -2.155351 -1.689350 2.542851 -0.321086 2.208124 -0.379556 0.294572 2.681796 0.382190 10.425894 -0.413162 -0.984972 -0.990481 3.024188
1 inf -8.544256 -0.270523 -0.577993 -2.169679 -1.646701 2.528675 -0.312199 2.202926 -0.371032 0.315609 2.675956 0.362566 10.424901 -0.435048 -1.000803 -0.993259 3.020984
1 inf -8.520371 -0.256603 -0.549934 -2.183574 -1.632770 2.548335 -0.258066 2.212907 -0.380312 0.306371 2.651404 0.361721 10.415189 -0.461316 -0.962554 -0.959855 3.027244
1 inf -8.472421 -0.239896 -0.571024 -2.195184 -1.592579 2.523839 -0.297147 2.203158 -0.377492 0.299617 2.633961 0.347453 10.396430 -0.451589 -0.993416 -0.981919 3.059503
1 inf -8.490251 -0.266834 -0.572908 -2.192016 -1.595434 2.535430 -0.272600 2.190708 -0.375775 0.349512 2.619615 0.332939 10.388941 -0.439540 -1.002294 -0.976596 3.062599
1 inf -8.505834 -0.257146 -0.583272 -2.192262 -1.623856 2.504177 -0.269954 2.176731 -0.341373 0.378168 2.662335 0.327330 10.386404 -0.447743 -0.976606 -0.962630 3.072317
1 inf -8.489232 -0.260898 -0.562779 -2.197956 -1.609647 2.495369 -0.228906 2.174382 -0.338863 0.350614 2.630438 0.314160 10.407925 -0.453823 -0.912564 -0.948829 3.062522
1 inf -8.483336 -0.234835 -0.560400 -2.242531 -1.579487 2.488920 -0.213245 2.148067 -0.330935 0.362571 2.605403 0.322868 10.390187 -0.461664 -0.924216 -0.923529 3.075972
1 inf -8.492770 -0.217542 -0.555482 -2.238739 -1.578148 2.468214 -0.212340 2.134626 -0.348463 0.330407 2.610628 0.379072 10.400444 -0.447795 -0.919223 -0.970242 3.070148
1 inf -8.475139 -0.188705 -0.548960 -2.233447 -1.579661 2.485262 -0.225003 2.137253 -0.307848 0.333688 2.588673 0.385559 10.416987 -0.440607 -0.899517 -0.977028 3.078568
1 inf -8.454753 -0.196882 -0.549873 -2.239517 -1.584474 2.484720 -0.203913 2.127928 -0.266826 0.346995 2.604595 0.385801 10.413410 -0.414069 -0.888969 -0.963787 3.050143
1 inf -8.489744 -0.202427 -0.580906 -2.220408 -1.611107 2.509932 -0.198464 2.140435 -0.275299 0.334784 2.625607 0.375442 10.424624 -0.410508 -0.899977 -0.965420 3.016107
1 inf -8.462369 -0.222858 -0.574835 -2.244528 -1.600431 2.499462 -0.200062 2.134171 -0.260449 0.311710 2.590619 0.401284 10.429406 -0.428930 -0.893778 -0.985799 3.000472
1 inf -8.440412 -0.229001 -0.556011 -2.259698 -1.617276 2.468929 -0.176001 2.177594 -0.265254 0.291351 2.634432 0.424405 10.397644 -0.452192 -0.887387 -0.992190 3.000433
1 inf -8.430303 -0.220248 -0.526464 -2.267835 -1.615305 2.509653 -0.183703 2.183937 -0.298966 0.299865 2.597862 0.451751 10.416395 -0.456785 -0.829018 -0.988331 3.028875
1 inf -8.477824 -0.200566 -0.534339 -2.284647 -1.625687 2.537605 -0.210672 2.173747 -0.278398 0.269713 2.614047 0.440275 10.436207 -0.490947 -0.817123 -0.994636 3.020528
1 inf -8.471822 -0.205037 -0.523076 -2.315056 -1.628476 2.553708 -0.208167 2.139551 -0.314621 0.270909 2.601971 0.445046 10.402392 -0.515238 -0.826140 -0.980672 2.997602
1 inf -8.458130 -0.214291 -0.541143 -2.313167 -1.647022 2.544689 -0.219413 2.175060 -0.285107 0.253768 2.586613 0.463643 10.375323 -0.519452 -0.854305 -0.947581 2.969237
1 inf -8.419900 -0.234637 -0.543688 -2.324084 -1.671313 2.538264 -0.239256 2.183340 -0.280281 0.260894 2.575624 0.456908 10.362496 -0.538046 -0.882933 -0.920374 2.976452
1 inf -8.437800 -0.249219 -0.528056 -2.342521 -1.720670 2.543483 -0.244882 2.198041 -0.291548 0.269407 2.568305 0.468042 10.348233 -0.506328 -0.889042 -0.916085 2.956603
1 inf -8.457945 -0.235836 -0.527412 -2.370481 -1.730927 2.542972 -0.215490 2.193145 -0.341616 0.274885 2.560698 0.473597 10.335283 -0.526234 -0.888796 -0.910909 2.940098
1 inf -8.473549 -0.248919 -0.511551 -2.381693 -1.729516 2.532773 -0.219823 2.201144 -0.375347 0.283781 2.613179 0.467541 10.338412 -0.505831 -0.889144 -0.868974 2.934360
1 inf -8.488291 -0.270277 -0.501355 -2.379376 -1.743301 2.552793 -0.234594 2.158504 -0.385498 0.276072 2.686411 0.451530 10.359447 -0.515079 -0.823802 -0.869055 2.945556
1 inf -8.490959 -0.301913 -0.555270 -2.381406 -1.737210 2.567921 -0.267327 2.139355 -0.380108 0.291733 2.668061 0.479970 10.365923 -0.534959 -0.843129 -0.847365 2.928932
1 inf -8.531838 -0.338321 -0.542425 -2.383228 -1.752929 2.562081 -0.263701 2.126201 -0.360333 0.278108 2.662793 0.523635 10.398455 -0.542718 -0.855634 -0.864484 2.944195
1 inf -8.528578 -0.349627 -0.533787 -2.379339 -1.763477 2.581392 -0.239133 2.125484 -0.331472 0.292708 2.648787 0.528185 10.427204 -0.569179 -0.860948 -0.882727 2.944714
1 inf -8.500574 -0.346380 -0.514179 -2.392076 -1.735605 2.603048 -0.273424 2.110142 -0.359210 0.300405 2.633861 0.568500 10.430346 -0.572111 -0.905883 -0.853415 2.956849
1 inf -8.488104 -0.335507 -0.538470 -2.411427 -1.746186 2.587654 -0.283958 2.070724 -0.379976 0.294657 2.639830 0.575209 10.425008 -0.580941 -0.922850 -0.844208 2.967946
1 inf -8.515086 -0.327034 -0.536238 -2.437281 -1.748005 2.565309 -0.258117 2.066070 -0.396870 0.279766 2.644009 0.556381 10.414523 -0.580138 -0.941633 -0.876140 2.965095
1 inf -8.524294 -0.321422 -0.526923 -2.422838 -1.755171 2.557830 -0.298750 2.108451 -0.331958 0.279197 2.660606 0.532899 10.410695 -0.568017 -0.936753 -0.863852 2.966670
1 inf -8.555356 -0.339639 -0.510615 -2.412558 -1.754084 2.572473 -0.265635 2.111253 -0.330560 0.285334 2.641380 0.542614 10.398185 -0.588686 -0.925248 -0.827965 2.964115
1 inf -8.539642 -0.303016 -0.536297 -2.431551 -1.768835 2.569235 -0.264673 2.117200 -0.303831 0.298109 2.627831 0.513743 10.367487 -0.588594 -0.956677 -0.859718 2.973641
1 inf -8.554791 -0.301059 -0.511546 -2.438070 -1.780716 2.554894 -0.235625 2.116959 -0.328289 0.315582 2.635142 0.507017 10.380486 -0.571905 -0.961423 -0.858596 2.978347
1 inf -8.583722 -0.268572 -0.450750 -2.408205 -1.793332 2.590482 -0.238468 2.108363 -0.309157 0.318352 2.596184 0.498459 10.338241 -0.558452 -0.945714 -0.882725 3.003841
1 inf -8.604243 -0.252148 -0.460734 -2.439476 -1.797719 2.583100 -0.275883 2.115626 -0.302068 0.300439 2.657027 0.524335 10.315562 -0.534349 -0.915148 -0.848162 3.002244
1 inf -8.593564 -0.266442 -0.457024 -2.458332 -1.791181 2.550286 -0.251266 2.116659 -0.317146 0.267958 2.625214 0.499397 10.305351 -0.554732 -0.933330 -0.839333 2.986318
1 inf -8.591213 -0.252789 -0.441918 -2.425691 -1.800960 2.508284 -0.233475 2.115537 -0.283994 0.243539 2.579957 0.523145 10.309944 -0.573803 -0.937226 -0.812463 2.986494
1 inf -8.589718 -0.271038 -0.430221 -2.429565 -1.805674 2.484248 -0.245937 2.092808 -0.282749 0.257010 2.572726 0.503902 10.308504 -0.547786 -0.908919 -0.815876 2.977305
1 inf -8.629574 -0.254981 -0.423264 -2.428989 -1.792152 2.502074 -0.240688 2.048143 -0.282666 0.245084 2.571845 0.449277 10.297809 -0.523605 -0.890872 -0.766936 2.979808
1 inf -8.660169 -0.257451 -0.418328 -2.406885 -1.774493 2.494608 -0.242841 2.060039 -0.297976 0.205327 2.556136 0.478173 10.317449 -0.552170 -0.879901 -0.796484 2.992198
1 inf -8.651614 -0.233592 -0.418835 -2.371659 -1.770488 2.501534 -0.278624 2.036646 -0.344780 0.227695 2.541311 0.456466 10.319725 -0.585386 -0.893591 -0.798891 2.975759
1 inf -8.637222 -0.232997 -0.396367 -2.365054 -1.761184 2.472070 -0.282202 2.073240 -0.329427 0.256242 2.538011 0.460447 10.311649 -0.564771 -0.882109 -0.815350 2.980694
1 inf -8.676040 -0.263456 -0.375138 -2.351543 -1.776548 2.452142 -0.262434 2.027306 -0.345473 0.263046 2.512328 0.467093 10.306457 -0.550990 -0.865665 -0.825758 2.979833
1 inf -8.701741 -0.273836 -0.345246 -2.322937 -1.788329 2.435217 -0.255045 2.065124 -0.346340 0.251742 2.503622 0.436678 10.320662 -0.536147 -0.886219 -0.846554 2.969297
1 inf -8.693623 -0.242590 -0.356879 -2.342605 -1.763416 2.454861 -0.290846 2.101720 -0.326790 0.236189 2.470835 0.438786 10.315489 -0.547792 -0.855057 -0.849604 2.971411
1 inf -8.685005 -0.235334 -0.374884 -2.333419 -1.790251 2.446159 -0.333101 2.079101 -0.297907 0.180685 2.503405 0.484248 10.302478 -0.551643 -0.872483 -0.861054 2.967833
1 inf -8.691314 -0.218411 -0.390342 -2.346232 -1.764693 2.455489 -0.354696 2.065376 -0.285549 0.160833 2.501334 0.480623 10.267278 -0.556581 -0.839551 -0.885334 2.953649
1 inf -8.666654 -0.192210 -0.391088 -2.364558 -1.758391 2.470329 -0.377916 2.081479 -0.315380 0.125401 2.481936 0.515919 10.277556 -0.556136 -0.817414 -0.882240 2.948924
1 inf -8.658891 -0.185561 -0.416763 -2.368505 -1.765388 2.505384 -0.389381 2.092111 -0.331480 0.146043 2.487520 0.498248 10.290124 -0.590946 -0.800525 -0.884532 2.959100
1 inf -8.654503 -0.158711 -0.429519 -2.361066 -1.756936 2.508834 -0.367640 2.106412 -0.293278 0.172192 2.465067 0.531870 10.333627 -0.585821 -0.818204 -0.905447 2.993741
1 inf -8.657922 -0.157801 -0.466958 -2.337561 -1.728370 2.494342 -0.346962 2.135797 -0.291898 0.166899 2.465734 0.530599 10.358860 -0.575635 -0.785124 -0.890579 2.979989
1 inf -8.644569 -0.132976 -0.438486 -2.305759 -1.739618 2.475756 -0.367817 2.168395 -0.275666 0.163155 2.441839 0.518181 10.368624 -0.560146 -0.797985 -0.876307 2.933830
1 inf -8.661037 -0.150267 -0.418805 -2.346953 -1.762330 2.499215 -0.385256 2.164101 -0.271978 0.201522 2.410215 0.525332 10.358729 -0.569534 -0.796705 -0.889789 2.922548
1 inf -8.678722 -0.173163 -0.383341 -2.359286 -1.773917 2.490379 -0.407814 2.194661 -0.286980 0.195006 2.374935 0.544655 10.363562 -0.603035 -0.817998 -0.918831 2.943115
1 inf -8.661514 -0.148296 -0.367116 -2.356490 -1.789769 2.491184 -0.345449 2.223943 -0.296388 0.199006 2.398465 0.560078 10.411179 -0.638908 -0.802785 -0.929180 2.951153
1 inf -8.698082 -0.161441 -0.364513 -2.332835 -1.814709 2.471000 -0.331663 2.206821 -0.304336 0.190329 2.390185 0.575881 10.419459 -0.621025 -0.798007 -0.949460 2.970967
1 inf -8.685779 -0.138314 -0.371108 -2.329981 -1.812559 2.481440 -0.356046 2.198283 -0.305695 0.204976 2.359583 0.558095 10.404486 -0.584586 -0.767585 -0.969202 2.997498
1 inf -8.686715 -0.133940 -0.398341 -2.277755 -1.807278 2.514000 -0.358641 2.221023 -0.349368 0.229685 2.351417 0.539152 10.416820 -0.616357 -0.782265 -0.968323 3.005019
1 inf -8.669810 -0.141838 -0.375248 -2.316782 -1.767298 2.484589 -0.354398 2.218299 -0.356951 0.222643 2.339049 0.548134 10.416912 -0.652003 -0.798500 -0.941417 3.011385
1 inf -8.652509 -0.143476 -0.345385 -2.331763 -1.767003 2.514784 -0.339540 2.204328 -0.337601 0.223350 2.361601 0.552529 10.434422 -0.656851 -0.816379 -0.979807 3.006582
1 inf -8.658100 -0.158948 -0.391959 -2.350007 -1.782085 2.547088 -0.352545 2.234467 -0.372165 0.242479 2.361630 0.522827 10.482908 -0.628251 -0.839691 -0.990589 2.978399
1 inf -8.680406 -0.199429 -0.379039 -2.332964 -1.789986 2.530340 -0.336564 2.241713 -0.364848 0.252932 2.344427 0.515971 10.497980 -0.607464 -0.865984 -0.946649 2.955483
1 inf -8.678934 -0.180823 -0.383501 -2.367162 -1.821315 2.572285 -0.315442 2.199903 -0.364098 0.238608 2.369270 0.526723 10.550979 -0.622093 -0.822034 -0.933527 2.928629
1 inf -8.673775 -0.204098 -0.375681 -2.358025 -1.829657 2.588986 -0.304734 2.184044 -0.336759 0.216459 2.362769 0.516916 10.538747 -0.654810 -0.861277 -0.905611 2.929914
1 inf -8.703781 -0.211391 -0.382407 -2.359097 -1.846484 2.647740 -0.312471 2.152304 -0.355286 0.204629 2.357696 0.505856 10.551708 -0.641640 -0.844641 -0.910938 2.929495
1 inf -8.720001 -0.186258 -0.402128 -2.382012 -1.868712 2.674530 -0.329465 2.147368 -0.358004 0.228896 2.351540 0.497675 10.521717 -0.598073 -0.801972 -0.924973 2.916041
1 inf -8.733752 -0.167341 -0.414065 -2.381832 -1.827327 2.649805 -0.306303 2.130029 -0.361429 0.226852 2.349698 0.497050 10.492182 -0.572383 -0.793357 -0.910050 2.909990
1 inf -8.761772 -0.157670 -0.382613 -2.380076 -1.830221 2.631313 -0.290583 2.102045 -0.376724 0.221004 2.330651 0.532911 10.511057 -0.600679 -0.784033 -0.926396 2.912545
1 inf -8.757054 -0.179625 -0.387946 -2.343320 -1.811204 2.632161 -0.308179 2.127182 -0.394329 0.237964 2.371975 0.530826 10.507862 -0.589136 -0.792215 -0.927349 2.872497
1 inf -8.759810 -0.199211 -0.400947 -2.312257 -1.818986 2.616508 -0.264254 2.128358 -0.388691 0.239505 2.382962 0.507933 10.490886 -0.580994 -0.778322 -0.875352 2.871975
1 inf -8.784097 -0.213296 -0.382057 -2.329780 -1.796566 2.651885 -0.284608 2.138553 -0.357162 0.265624 2.380336 0.483133 10.503943 -0.571827 -0.815727 -0.859359 2.868539
1 inf -8.787494 -0.224592 -0.345272 -2.338301 -1.776976 2.667344 -0.271305 2.137049 -0.354861 0.244783 2.388472 0.492470 10.533100 -0.573782 -0.793320 -0.887076 2.843018
1 inf -8.775020 -0.242177 -0.341778 -2.354571 -1.798608 2.645935 -0.287583 2.164411 -0.350679 0.226609 2.393952 0.462616 10.532007 -0.585037 -0.817859 -0.894495 2.866539
1 inf -8.739441 -0.248638 -0.365257 -2.365189 -1.794109 2.640922 -0.264011 2.166535 -0.371365 0.199630 2.420214 0.438147 10.502095 -0.611558 -0.836111 -0.886924 2.872126
1 inf -8.732292 -0.266016 -0.370932 -2.371927 -1.771050 2.628890 -0.272603 2.159950 -0.327373 0.188464 2.400803 0.390589 10.509172 -0.582585 -0.843870 -0.877921 2.908951
1 inf -8.712526 -0.250305 -0.337543 -2.365565 -1.746952 2.612912 -0.260738 2.163297 -0.302250 0.192517 2.382633 0.401132 10.543177 -0.616514 -0.865706 -0.848063 2.874858
1 inf -8.721181 -0.245775 -0.371889 -2.395967 -1.736136 2.619538 -0.231892 2.159861 -0.316587 0.210964 2.364502 0.420875 10.570327 -0.623527 -0.850356 -0.831430 2.907424
1 inf -8.755687 -0.244679 -0.333384 -2.372098 -1.740910 2.625647 -0.242258 2.164680 -0.310511 0.157059 2.380061 0.365218 10.566273 -0.598677 -0.854947 -0.819493 2.903913
1 inf -8.764745 -0.227469 -0.318058 -2.370617 -1.735021 2.633397 -0.234760 2.191471 -0.356206 0.166904 2.398233 0.395826 10.577519 -0.597535 -0.829757 -0.839724 2.880625
1 inf -8.797295 -0.219687 -0.308426 -2.372434 -1.721545 2.631105 -0.245223 2.192861 -0.315157 0.148004 2.407563 0.421776 10.599162 -0.588857 -0.841363 -0.821624 2.915868
1 inf -8.810120 -0.246801 -0.302530 -2.356357 -1.700011 2.634189 -0.258403 2.184298 -0.316824 0.167569 2.403060 0.434886 10.594420 -0.538976 -0.789773 -0.845035 2.896500
1 inf -8.831786 -0.236399 -0.320778 -2.362870 -1.717842 2.669832 -0.214462 2.176431 -0.305125 0.136240 2.456435 0.409903 10.598459 -0.514019 -0.790701 -0.856809 2.842709
1 inf -8.863330 -0.277668 -0.301159 -2.392443 -1.716636 2.638986 -0.231772 2.156653 -0.284967 0.137369 2.417405 0.403094 10.593545 -0.490970 -0.809439 -0.821697 2.800967
1 inf -8.865136 -0.303540 -0.281491 -2.366883 -1.738321 2.589292 -0.215373 2.173401 -0.321684 0.160778 2.427934 0.426563 10.588551 -0.491984 -0.831989 -0.830290 2.796740
1 inf -8.819743 -0.261155 -0.259629 -2.375013 -1.695218 2.582095 -0.206334 2.171719 -0.300429 0.174489 2.455006 0.439647 10.643931 -0.525496 -0.799360 -0.857514 2.805533
1 inf -8.832115 -0.282768 -0.279470 -2.395043 -1.698448 2.573441 -0.215464 2.155697 -0.321424 0.194047 2.420007 0.456710 10.650694 -0.509146 -0.815323 -0.828567 2.760860
1 inf -8.863711 -0.282426 -0.227980 -2.368437 -1.671745 2.574580 -0.205400 2.127905 -0.318656 0.200363 2.407175 0.485766 10.654604 -0.506590 -0.824618 -0.814628 2.744865
1 inf -8.859425 -0.291122 -0.187269 -2.341647 -1.654209 2.556418 -0.185557 2.124286 -0.406232 0.181799 2.377091 0.481981 10.685967 -0.490841 -0.814145 -0.802664 2.718525
1 inf -8.874744 -0.296066 -0.146956 -2.296748 -1.623018 2.575480 -0.184410 2.098676 -0.416045 0.171188 2.381821 0.452096 10.711717 -0.471565 -0.834253 -0.820194 2.699968
1 inf -8.877464 -0.249155 -0.133426 -2.282600 -1.611884 2.582146 -0.205200 2.087317 -0.429644 0.206489 2.428121 0.432152 10.715462 -0.464037 -0.808510 -0.820817 2.682472
1 inf -8.871347 -0.224742 -0.144046 -2.305735 -1.646693 2.568260 -0.203960 2.076935 -0.446042 0.220900 2.430602 0.446379 10.737910 -0.461807 -0.792064 -0.836980 2.709348
1 inf -8.858479 -0.232317 -0.096514 -2.294682 -1.657139 2.572462 -0.210119 2.052236 -0.451015 0.178895 2.447748 0.426490 10.749279 -0.436144 -0.803727 -0.900519 2.700563
1 inf -8.838240 -0.241815 -0.115213 -2.299084 -1.690043 2.571067 -0.209342 2.046967 -0.456791 0.204568 2.471085 0.393343 10.723236 -0.406543 -0.816572 -0.934510 2.692440
1 inf -8.832947 -0.231060 -0.111168 -2.277994 -1.688090 2.588175 -0.241207 2.024618 -0.449102 0.229681 2.463872 0.380046 10.766094 -0.394682 -0.817659 -0.880710 2.689047
1 inf -8.831386 -0.233733 -0.136237 -2.289849 -1.712910 2.608046 -0.254635 2.043166 -0.393303 0.194469 2.442741 0.358796 10.733363 -0.330721 -0.813732 -0.875338 2.702826
1 inf -8.855412 -0.258673 -0.089917 -2.306401 -1.710880 2.598696 -0.249183 2.054753 -0.369938 0.150650 2.449042 0.360545 10.780020 -0.320179 -0.823567 -0.868557 2.670164
1 inf -8.870335 -0.241734 -0.078216 -2.286889 -1.714189 2.593760 -0.251779 2.081582 -0.382910 0.153029 2.470185 0.378213 10.803552 -0.334798 -0.803698 -0.862515 2.648074
1 inf -8.838569 -0.253393 -0.061450 -2.270591 -1.712935 2.616383 -0.226161 2.087515 -0.372676 0.178795 2.464601 0.366858 10.807169 -0.353194 -0.772312 -0.884928 2.606872
1 inf -8.811264 -0.279750 -0.026700 -2.274180 -1.701210 2.639895 -0.237555 2.091345 -0.396226 0.160102 2.480607 0.360083 10.811544 -0.345252 -0.788386 -0.922282 2.621777
