1 inf -8.673507 -0.992786 -0.265399 -2.215867 -1.377986 3.372024 0.208226 2.534553 0.167856 0.565636 2.310316 0.167209 10.463838 -0.271250 0.185585 3.671058
1 inf -8.674413 -0.977771 -0.259253 -2.205026 -1.325956 3.336492 0.215341 2.527739 0.185075 0.574518 2.294733 0.133223 10.423110 -0.279866 0.187399 3.654896
1 inf -8.707722 -0.989961 -0.255997 -2.170753 -1.304985 3.325680 0.193915 2.510618 0.136388 0.579590 2.248880 0.119638 10.397755 -0.231247 0.158841 3.642612
1 inf -8.668688 -0.989672 -0.223244 -2.182678 -1.297112 3.319602 0.214988 2.515624 0.182141 0.591321 2.234449 0.142004 10.408472 -0.224379 0.144115 3.652909
1 inf -8.679844 -0.990939 -0.220945 -2.187430 -1.312537 3.307312 0.246969 2.499682 0.217601 0.585457 2.245114 0.130995 10.392702 -0.192796 0.132505 3.663633
1 inf -8.666594 -0.976544 -0.205058 -2.149733 -1.318598 3.259680 0.228463 2.543591 0.193473 0.572297 2.235798 0.165605 10.400153 -0.209706 0.138034 3.672298
1 inf -8.710486 -0.985708 -0.220859 -2.181782 -1.305815 3.246603 0.206622 2.553176 0.188398 0.550040 2.228027 0.157523 10.399523 -0.192205 0.150291 3.669548
1 inf -8.712998 -0.977506 -0.246537 -2.160279 -1.346322 3.271767 0.217782 2.538613 0.194606 0.532687 2.236944 0.173496 10.402208 -0.191688 0.179449 3.701605
1 inf -8.708453 -0.937003 -0.212492 -2.168765 -1.375094 3.273447 0.192542 2.530484 0.164435 0.528539 2.287246 0.165122 10.389046 -0.229302 0.163991 3.717099
1 inf -8.721495 -0.932236 -0.197977 -2.191728 -1.360205 3.266114 0.189070 2.544577 0.157276 0.547561 2.283897 0.171455 10.399192 -0.202198 0.199582 3.710788
1 inf -8.726698 -0.951839 -0.205430 -2.183321 -1.394532 3.261173 0.206322 2.520442 0.178165 0.557122 2.283016 0.196825 10.398803 -0.192759 0.174985 3.717624
1 inf -8.709036 -0.928041 -0.190280 -2.163385 -1.392344 3.239563 0.187846 2.481583 0.159881 0.588624 2.291153 0.216368 10.380999 -0.180772 0.176387 3.739195
1 inf -8.752229 -0.906525 -0.214335 -2.158654 -1.387220 3.205358 0.198164 2.462156 0.161477 0.587342 2.307818 0.238044 10.386269 -0.192959 0.173384 3.744131
1 inf -8.762172 -0.932454 -0.190201 -2.165612 -1.420078 3.215002 0.196990 2.453649 0.189697 0.566902 2.330509 0.241248 10.425165 -0.172519 0.164859 3.737848
1 inf -8.768213 -0.922131 -0.211919 -2.131408 -1.443413 3.246125 0.181341 2.380343 0.170688 0.613598 2.296578 0.276019 10.428298 -0.179867 0.166414 3.737546
1 inf -8.777097 -0.927128 -0.190006 -2.155323 -1.447956 3.251063 0.188038 2.341778 0.199713 0.604726 2.289859 0.284219 10.390505 -0.141950 0.170038 3.734430
1 inf -8.769951 -0.900928 -0.176037 -2.172669 -1.439116 3.284545 0.214606 2.363544 0.186458 0.605132 2.305232 0.308448 10.390581 -0.188429 0.178880 3.732025
1 inf -8.785361 -0.848990 -0.163334 -2.168266 -1.438109 3.277099 0.223833 2.321936 0.210177 0.598063 2.288413 0.320658 10.391489 -0.187778 0.141632 3.716565
1 inf -8.756604 -0.872507 -0.125743 -2.184600 -1.443254 3.300506 0.202916 2.357377 0.203687 0.599948 2.266339 0.321120 10.374398 -0.208248 0.140095 3.735207
1 inf -8.754103 -0.925927 -0.134412 -2.191115 -1.459073 3.236261 0.212621 2.342328 0.207509 0.576573 2.274355 0.326950 10.310581 -0.240793 0.135735 3.727564
1 inf -8.768739 -0.920570 -0.143940 -2.200982 -1.458678 3.214804 0.254986 2.331814 0.234643 0.586029 2.286990 0.307074 10.320258 -0.183070 0.168283 3.738771
1 inf -8.757375 -0.912325 -0.150450 -2.183331 -1.484774 3.200806 0.261390 2.366477 0.238159 0.627003 2.334515 0.268671 10.318885 -0.167767 0.171650 3.710741
1 inf -8.752513 -0.946070 -0.130667 -2.154303 -1.489414 3.198867 0.310974 2.380456 0.222130 0.606319 2.320104 0.271216 10.376364 -0.157383 0.192389 3.726773
1 inf -8.742634 -0.996634 -0.161501 -2.151390 -1.482172 3.189750 0.297267 2.368597 0.193536 0.596710 2.307154 0.300198 10.400822 -0.140970 0.184511 3.745711
1 inf -8.781864 -0.991795 -0.166754 -2.165783 -1.479344 3.202349 0.272211 2.371244 0.218015 0.608851 2.326889 0.309951 10.379664 -0.123859 0.199923 3.762707
1 174.44823 -8.760180 -0.975444 -0.132936 -2.135597 -1.503825 3.193108 0.254096 2.369342 0.187387 0.603987 2.332446 0.319549 10.378867 -0.133835 0.203885 3.765900
1 174.44823 -8.760180 -0.975444 -0.132936 -2.135597 -1.503825 3.193108 0.254096 2.369342 0.187387 0.603987 2.332446 0.319549 10.378867 -0.133835 0.203885 3.765900
1 174.44823 -8.760180 -0.975444 -0.132936 -2.135597 -1.503825 3.193108 0.254096 2.369342 0.187387 0.603987 2.332446 0.319549 10.378867 -0.133835 0.203885 3.765900
1 174.44823 -8.760180 -0.975444 -0.132936 -2.135597 -1.503825 3.193108 0.254096 2.369342 0.187387 0.603987 2.332446 0.319549 10.378867 -0.133835 0.203885 3.765900
1 158.26399 -8.781754 -0.993614 -0.120285 -2.145662 -1.505621 3.230967 0.272971 2.397257 0.195807 0.613768 2.296401 0.310095 10.379211 -0.150357 0.166460 3.792846
1 158.26399 -8.781754 -0.993614 -0.120285 -2.145662 -1.505621 3.230967 0.272971 2.397257 0.195807 0.613768 2.296401 0.310095 10.379211 -0.150357 0.166460 3.792846
1 158.26399 -8.781754 -0.993614 -0.120285 -2.145662 -1.505621 3.230967 0.272971 2.397257 0.195807 0.613768 2.296401 0.310095 10.379211 -0.150357 0.166460 3.792846
1 158.26399 -8.781754 -0.993614 -0.120285 -2.145662 -1.505621 3.230967 0.272971 2.397257 0.195807 0.613768 2.296401 0.310095 10.379211 -0.150357 0.166460 3.792846
1 155.81402 -8.788975 -0.979070 -0.129999 -2.163159 -1.507098 3.250997 0.268697 2.422569 0.178300 0.559154 2.313989 0.328365 10.377866 -0.158231 0.149971 3.791283
1 146.723 -8.769624 -0.969582 -0.088649 -2.151463 -1.525386 3.255977 0.257935 2.445213 0.195274 0.568876 2.334570 0.298184 10.376080 -0.181069 0.157486 3.807453
1 139.39358 -8.753829 -0.980755 -0.075966 -2.151128 -1.523807 3.292038 0.278239 2.450314 0.190074 0.551099 2.346452 0.271284 10.354727 -0.216297 0.133639 3.805391
1 134.45857 -8.760420 -0.995870 -0.093999 -2.171339 -1.520263 3.317858 0.255180 2.479520 0.192882 0.536590 2.330061 0.273786 10.383275 -0.254609 0.133957 3.813338
1 134.45857 -8.760420 -0.995870 -0.093999 -2.171339 -1.520263 3.317858 0.255180 2.479520 0.192882 0.536590 2.330061 0.273786 10.383275 -0.254609 0.133957 3.813338
1 134.45857 -8.760420 -0.995870 -0.093999 -2.171339 -1.520263 3.317858 0.255180 2.479520 0.192882 0.536590 2.330061 0.273786 10.383275 -0.254609 0.133957 3.813338
1 129.3803 -8.759577 -0.972600 -0.087900 -2.242526 -1.524539 3.328689 0.277955 2.474888 0.181784 0.591192 2.341129 0.226159 10.377245 -0.253002 0.121873 3.807609
1 129.3803 -8.759577 -0.972600 -0.087900 -2.242526 -1.524539 3.328689 0.277955 2.474888 0.181784 0.591192 2.341129 0.226159 10.377245 -0.253002 0.121873 3.807609
1 130.46569 -8.786461 -0.981056 -0.107666 -2.234983 -1.544477 3.320684 0.262724 2.483438 0.187182 0.547661 2.338806 0.173000 10.394250 -0.295831 0.115710 3.785523
1 130.46569 -8.786461 -0.981056 -0.107666 -2.234983 -1.544477 3.320684 0.262724 2.483438 0.187182 0.547661 2.338806 0.173000 10.394250 -0.295831 0.115710 3.785523
1 130.46569 -8.786461 -0.981056 -0.107666 -2.234983 -1.544477 3.320684 0.262724 2.483438 0.187182 0.547661 2.338806 0.173000 10.394250 -0.295831 0.115710 3.785523
1 130.46569 -8.786461 -0.981056 -0.107666 -2.234983 -1.544477 3.320684 0.262724 2.483438 0.187182 0.547661 2.338806 0.173000 10.394250 -0.295831 0.115710 3.785523
1 129.64867 -8.759763 -0.966927 -0.096135 -2.248140 -1.551846 3.328016 0.249106 2.477381 0.196392 0.510874 2.334859 0.193737 10.425181 -0.285564 0.133981 3.773394
1 129.64867 -8.759763 -0.966927 -0.096135 -2.248140 -1.551846 3.328016 0.249106 2.477381 0.196392 0.510874 2.334859 0.193737 10.425181 -0.285564 0.133981 3.773394
1 129.39625 -8.770053 -0.976530 -0.128160 -2.257048 -1.577730 3.313205 0.235470 2.483551 0.196951 0.505211 2.345892 0.192610 10.425253 -0.279421 0.128403 3.803137
1 120.0972 -8.799737 -0.957284 -0.122661 -2.226089 -1.608181 3.344664 0.241988 2.484248 0.224243 0.519841 2.353564 0.175103 10.383067 -0.255978 0.111577 3.807515
1 120.0972 -8.799737 -0.957284 -0.122661 -2.226089 -1.608181 3.344664 0.241988 2.484248 0.224243 0.519841 2.353564 0.175103 10.383067 -0.255978 0.111577 3.807515
1 120.0972 -8.799737 -0.957284 -0.122661 -2.226089 -1.608181 3.344664 0.241988 2.484248 0.224243 0.519841 2.353564 0.175103 10.383067 -0.255978 0.111577 3.807515
1 119.31714 -8.770648 -0.980951 -0.109287 -2.242786 -1.598367 3.324452 0.219800 2.479610 0.236983 0.528348 2.364425 0.220329 10.341975 -0.272062 0.117190 3.792725
1 119.40531 -8.751011 -0.944547 -0.093217 -2.234225 -1.612175 3.339127 0.211382 2.464120 0.236009 0.537344 2.357658 0.229517 10.341168 -0.287071 0.083247 3.802431
1 119.40531 -8.751011 -0.944547 -0.093217 -2.234225 -1.612175 3.339127 0.211382 2.464120 0.236009 0.537344 2.357658 0.229517 10.341168 -0.287071 0.083247 3.802431
1 119.40531 -8.751011 -0.944547 -0.093217 -2.234225 -1.612175 3.339127 0.211382 2.464120 0.236009 0.537344 2.357658 0.229517 10.341168 -0.287071 0.083247 3.802431
1 119.40531 -8.751011 -0.944547 -0.093217 -2.234225 -1.612175 3.339127 0.211382 2.464120 0.236009 0.537344 2.357658 0.229517 10.341168 -0.287071 0.083247 3.802431
1 119.40531 -8.751011 -0.944547 -0.093217 -2.234225 -1.612175 3.339127 0.211382 2.464120 0.236009 0.537344 2.357658 0.229517 10.341168 -0.287071 0.083247 3.802431
1 119.40531 -8.751011 -0.944547 -0.093217 -2.234225 -1.612175 3.339127 0.211382 2.464120 0.236009 0.537344 2.357658 0.229517 10.341168 -0.287071 0.083247 3.802431
1 116.77401 -8.759810 -0.915166 -0.065355 -2.237667 -1.617877 3.356206 0.176774 2.466705 0.254695 0.538215 2.363155 0.225591 10.349208 -0.289178 0.088197 3.819724
1 116.77401 -8.759810 -0.915166 -0.065355 -2.237667 -1.617877 3.356206 0.176774 2.466705 0.254695 0.538215 2.363155 0.225591 10.349208 -0.289178 0.088197 3.819724
1 116.77401 -8.759810 -0.915166 -0.065355 -2.237667 -1.617877 3.356206 0.176774 2.466705 0.254695 0.538215 2.363155 0.225591 10.349208 -0.289178 0.088197 3.819724
1 115.20602 -8.742101 -0.892925 -0.063681 -2.225043 -1.618263 3.341088 0.176942 2.455106 0.281822 0.527955 2.340508 0.221358 10.355845 -0.280336 0.086642 3.861444
1 115.20602 -8.742101 -0.892925 -0.063681 -2.225043 -1.618263 3.341088 0.176942 2.455106 0.281822 0.527955 2.340508 0.221358 10.355845 -0.280336 0.086642 3.861444
1 115.20602 -8.742101 -0.892925 -0.063681 -2.225043 -1.618263 3.341088 0.176942 2.455106 0.281822 0.527955 2.340508 0.221358 10.355845 -0.280336 0.086642 3.861444
1 115.20602 -8.742101 -0.892925 -0.063681 -2.225043 -1.618263 3.341088 0.176942 2.455106 0.281822 0.527955 2.340508 0.221358 10.355845 -0.280336 0.086642 3.861444
1 115.80712 -8.763463 -0.887214 -0.072613 -2.187319 -1.578505 3.334333 0.198213 2.444492 0.289918 0.538623 2.334150 0.219274 10.333083 -0.294537 0.089241 3.844527
1 115.80712 -8.763463 -0.887214 -0.072613 -2.187319 -1.578505 3.334333 0.198213 2.444492 0.289918 0.538623 2.334150 0.219274 10.333083 -0.294537 0.089241 3.844527
1 115.80712 -8.763463 -0.887214 -0.072613 -2.187319 -1.578505 3.334333 0.198213 2.444492 0.289918 0.538623 2.334150 0.219274 10.333083 -0.294537 0.089241 3.844527
1 115.80712 -8.763463 -0.887214 -0.072613 -2.187319 -1.578505 3.334333 0.198213 2.444492 0.289918 0.538623 2.334150 0.219274 10.333083 -0.294537 0.089241 3.844527
1 114.67475 -8.744014 -0.885967 -0.068473 -2.175031 -1.564635 3.320559 0.208093 2.457054 0.300558 0.558653 2.308326 0.193309 10.338858 -0.302185 0.090815 3.888248
1 114.67475 -8.744014 -0.885967 -0.068473 -2.175031 -1.564635 3.320559 0.208093 2.457054 0.300558 0.558653 2.308326 0.193309 10.338858 -0.302185 0.090815 3.888248
1 114.67475 -8.744014 -0.885967 -0.068473 -2.175031 -1.564635 3.320559 0.208093 2.457054 0.300558 0.558653 2.308326 0.193309 10.338858 -0.302185 0.090815 3.888248
1 114.67475 -8.744014 -0.885967 -0.068473 -2.175031 -1.564635 3.320559 0.208093 2.457054 0.300558 0.558653 2.308326 0.193309 10.338858 -0.302185 0.090815 3.888248
1 114.67475 -8.744014 -0.885967 -0.068473 -2.175031 -1.564635 3.320559 0.208093 2.457054 0.300558 0.558653 2.308326 0.193309 10.338858 -0.302185 0.090815 3.888248
1 114.67475 -8.744014 -0.885967 -0.068473 -2.175031 -1.564635 3.320559 0.208093 2.457054 0.300558 0.558653 2.308326 0.193309 10.338858 -0.302185 0.090815 3.888248
1 114.67475 -8.744014 -0.885967 -0.068473 -2.175031 -1.564635 3.320559 0.208093 2.457054 0.300558 0.558653 2.308326 0.193309 10.338858 -0.302185 0.090815 3.888248
1 114.67475 -8.744014 -0.885967 -0.068473 -2.175031 -1.564635 3.320559 0.208093 2.457054 0.300558 0.558653 2.308326 0.193309 10.338858 -0.302185 0.090815 3.888248
1 114.67475 -8.744014 -0.885967 -0.068473 -2.175031 -1.564635 3.320559 0.208093 2.457054 0.300558 0.558653 2.308326 0.193309 10.338858 -0.302185 0.090815 3.888248
1 114.67475 -8.744014 -0.885967 -0.068473 -2.175031 -1.564635 3.320559 0.208093 2.457054 0.300558 0.558653 2.308326 0.193309 10.338858 -0.302185 0.090815 3.888248
1 114.67475 -8.744014 -0.885967 -0.068473 -2.175031 -1.564635 3.320559 0.208093 2.457054 0.300558 0.558653 2.308326 0.193309 10.338858 -0.302185 0.090815 3.888248
1 114.67475 -8.744014 -0.885967 -0.068473 -2.175031 -1.564635 3.320559 0.208093 2.457054 0.300558 0.558653 2.308326 0.193309 10.338858 -0.302185 0.090815 3.888248
1 114.67475 -8.744014 -0.885967 -0.068473 -2.175031 -1.564635 3.320559 0.208093 2.457054 0.300558 0.558653 2.308326 0.193309 10.338858 -0.302185 0.090815 3.888248
1 114.67475 -8.744014 -0.885967 -0.068473 -2.175031 -1.564635 3.320559 0.208093 2.457054 0.300558 0.558653 2.308326 0.193309 10.338858 -0.302185 0.090815 3.888248
1 114.67475 -8.744014 -0.885967 -0.068473 -2.175031 -1.564635 3.320559 0.208093 2.457054 0.300558 0.558653 2.308326 0.193309 10.338858 -0.302185 0.090815 3.888248
1 112.85858 -8.709410 -0.910987 -0.060803 -2.173590 -1.567322 3.332436 0.192422 2.482476 0.287264 0.566949 2.302502 0.223357 10.342742 -0.326855 0.140428 3.872899
1 112.85858 -8.709410 -0.910987 -0.060803 -2.173590 -1.567322 3.332436 0.192422 2.482476 0.287264 0.566949 2.302502 0.223357 10.342742 -0.326855 0.140428 3.872899
1 112.85858 -8.709410 -0.910987 -0.060803 -2.173590 -1.567322 3.332436 0.192422 2.482476 0.287264 0.566949 2.302502 0.223357 10.342742 -0.326855 0.140428 3.872899
1 112.85858 -8.709410 -0.910987 -0.060803 -2.173590 -1.567322 3.332436 0.192422 2.482476 0.287264 0.566949 2.302502 0.223357 10.342742 -0.326855 0.140428 3.872899
1 112.85858 -8.709410 -0.910987 -0.060803 -2.173590 -1.567322 3.332436 0.192422 2.482476 0.287264 0.566949 2.302502 0.223357 10.342742 -0.326855 0.140428 3.872899
1 111.72713 -8.708905 -0.926112 -0.093980 -2.163001 -1.577703 3.365724 0.186556 2.471160 0.312899 0.575861 2.298779 0.225345 10.343035 -0.306076 0.155095 3.871517
1 111.72713 -8.708905 -0.926112 -0.093980 -2.163001 -1.577703 3.365724 0.186556 2.471160 0.312899 0.575861 2.298779 0.225345 10.343035 -0.306076 0.155095 3.871517
1 111.72713 -8.708905 -0.926112 -0.093980 -2.163001 -1.577703 3.365724 0.186556 2.471160 0.312899 0.575861 2.298779 0.225345 10.343035 -0.306076 0.155095 3.871517
1 111.72713 -8.708905 -0.926112 -0.093980 -2.163001 -1.577703 3.365724 0.186556 2.471160 0.312899 0.575861 2.298779 0.225345 10.343035 -0.306076 0.155095 3.871517
1 111.72713 -8.708905 -0.926112 -0.093980 -2.163001 -1.577703 3.365724 0.186556 2.471160 0.312899 0.575861 2.298779 0.225345 10.343035 -0.306076 0.155095 3.871517
1 111.72713 -8.708905 -0.926112 -0.093980 -2.163001 -1.577703 3.365724 0.186556 2.471160 0.312899 0.575861 2.298779 0.225345 10.343035 -0.306076 0.155095 3.871517
1 111.72713 -8.708905 -0.926112 -0.093980 -2.163001 -1.577703 3.365724 0.186556 2.471160 0.312899 0.575861 2.298779 0.225345 10.343035 -0.306076 0.155095 3.871517
1 111.72713 -8.708905 -0.926112 -0.093980 -2.163001 -1.577703 3.365724 0.186556 2.471160 0.312899 0.575861 2.298779 0.225345 10.343035 -0.306076 0.155095 3.871517
1 111.72713 -8.708905 -0.926112 -0.093980 -2.163001 -1.577703 3.365724 0.186556 2.471160 0.312899 0.575861 2.298779 0.225345 10.343035 -0.306076 0.155095 3.871517
1 111.98176 -8.713471 -0.895178 -0.087792 -2.173539 -1.566550 3.335947 0.173873 2.435874 0.317774 0.578983 2.315249 0.209864 10.289680 -0.275878 0.144211 3.881706
1 111.98176 -8.713471 -0.895178 -0.087792 -2.173539 -1.566550 3.335947 0.173873 2.435874 0.317774 0.578983 2.315249 0.209864 10.289680 -0.275878 0.144211 3.881706
1 111.98176 -8.713471 -0.895178 -0.087792 -2.173539 -1.566550 3.335947 0.173873 2.435874 0.317774 0.578983 2.315249 0.209864 10.289680 -0.275878 0.144211 3.881706
1 111.98176 -8.713471 -0.895178 -0.087792 -2.173539 -1.566550 3.335947 0.173873 2.435874 0.317774 0.578983 2.315249 0.209864 10.289680 -0.275878 0.144211 3.881706
1 111.98176 -8.713471 -0.895178 -0.087792 -2.173539 -1.566550 3.335947 0.173873 2.435874 0.317774 0.578983 2.315249 0.209864 10.289680 -0.275878 0.144211 3.881706
