1 inf -8.586419 -0.948628 -0.255904 -2.301985 -1.499089 3.470817 0.228136 2.459143 0.250241 0.564364 2.324296 0.108451 10.331353 -0.290642 0.248740 3.601357
1 inf -8.576326 -0.954706 -0.224803 -2.280444 -1.491582 3.451094 0.213269 2.441363 0.252091 0.573908 2.294590 0.134043 10.274452 -0.266080 0.255268 3.600841
1 inf -8.607358 -0.970006 -0.208839 -2.230225 -1.481991 3.448386 0.200361 2.444491 0.261751 0.540760 2.332603 0.127950 10.261110 -0.273729 0.233274 3.585568
1 inf -8.575081 -0.972289 -0.248397 -2.192153 -1.493524 3.410709 0.227259 2.469478 0.266078 0.560693 2.314096 0.117699 10.275357 -0.289811 0.244033 3.571140
1 inf -8.591537 -0.961524 -0.305654 -2.205042 -1.491208 3.383686 0.183840 2.429028 0.260856 0.539735 2.332696 0.128502 10.299037 -0.299302 0.265965 3.591479
1 inf -8.570914 -0.981268 -0.309839 -2.163783 -1.526785 3.353291 0.223587 2.452909 0.243265 0.546215 2.338533 0.127422 10.306906 -0.321061 0.218682 3.596898
1 inf -8.578656 -0.966071 -0.296810 -2.148879 -1.535057 3.378835 0.198920 2.445778 0.271153 0.559761 2.353481 0.141011 10.324521 -0.334812 0.226408 3.599275
1 inf -8.549249 -0.975882 -0.297150 -2.210794 -1.536987 3.382685 0.160351 2.430507 0.241746 0.573280 2.389183 0.122731 10.270525 -0.303040 0.242806 3.585054
1 inf -8.559010 -0.944326 -0.295965 -2.216992 -1.529842 3.368342 0.166333 2.414835 0.259832 0.567936 2.370273 0.107515 10.274869 -0.275370 0.243685 3.606376
1 inf -8.574654 -0.932532 -0.312301 -2.173643 -1.524778 3.396086 0.173423 2.428256 0.247023 0.559727 2.377550 0.084176 10.295135 -0.307673 0.264245 3.631137
1 inf -8.602874 -0.934689 -0.299141 -2.180946 -1.511689 3.401339 0.189225 2.443820 0.224461 0.576574 2.400620 0.078271 10.288161 -0.272417 0.244468 3.618589
1 inf -8.621112 -0.910785 -0.295074 -2.179822 -1.493807 3.400988 0.170753 2.448579 0.212396 0.567656 2.371041 0.093474 10.305165 -0.235104 0.229653 3.606703
1 inf -8.610243 -0.920675 -0.290110 -2.143079 -1.496238 3.371779 0.145506 2.421152 0.239404 0.575354 2.377867 0.099940 10.304130 -0.220191 0.211587 3.618779
1 inf -8.665683 -0.918685 -0.298162 -2.129339 -1.499277 3.358496 0.118936 2.449906 0.240534 0.521740 2.389384 0.070934 10.299491 -0.217333 0.206235 3.641615
1 inf -8.706904 -0.898712 -0.331377 -2.131070 -1.497203 3.368810 0.125554 2.433588 0.227877 0.529755 2.359807 0.055976 10.276767 -0.196485 0.201378 3.615373
1 inf -8.681668 -0.902659 -0.349211 -2.115070 -1.492643 3.353044 0.095635 2.440663 0.240420 0.532668 2.333582 0.060693 10.305864 -0.183113 0.211007 3.620586
1 inf -8.669518 -0.928641 -0.367380 -2.133600 -1.501184 3.325859 0.128385 2.457595 0.282622 0.550557 2.360643 0.111178 10.307347 -0.223711 0.178820 3.650703
1 inf -8.654418 -0.934259 -0.377472 -2.139228 -1.496116 3.312934 0.115570 2.449124 0.332137 0.549520 2.363514 0.070575 10.312510 -0.211895 0.189316 3.688675
1 inf -8.647744 -0.946577 -0.408561 -2.122973 -1.495483 3.328439 0.103537 2.438752 0.324895 0.578544 2.352412 0.090826 10.344993 -0.223623 0.192927 3.707492
1 inf -8.642430 -0.909362 -0.418611 -2.117792 -1.498243 3.361931 0.067451 2.440633 0.299661 0.570914 2.322914 0.104317 10.344649 -0.221474 0.188980 3.711846
1 inf -8.638664 -0.907561 -0.400554 -2.128910 -1.460303 3.388653 0.078095 2.464189 0.262796 0.534507 2.267993 0.099459 10.373560 -0.206730 0.184589 3.701418
1 inf -8.595842 -0.899397 -0.398048 -2.143155 -1.488902 3.418607 0.063409 2.467777 0.287480 0.505131 2.214610 0.097121 10.363089 -0.213888 0.152592 3.720768
1 inf -8.633048 -0.928611 -0.358550 -2.131953 -1.486711 3.427920 0.086696 2.482545 0.246823 0.525176 2.238889 0.104006 10.351413 -0.207187 0.159821 3.696858
1 inf -8.658029 -0.920876 -0.365632 -2.107086 -1.510195 3.424817 0.051399 2.456286 0.225950 0.507292 2.225625 0.123502 10.347919 -0.167184 0.133712 3.677041
1 inf -8.657040 -0.929442 -0.346668 -2.123270 -1.486261 3.415291 0.051775 2.486473 0.214873 0.514520 2.229593 0.121651 10.365172 -0.166503 0.147827 3.676681
1 inf -8.676137 -0.925853 -0.374404 -2.124804 -1.525383 3.434042 0.021641 2.491757 0.244819 0.477415 2.225476 0.093503 10.403055 -0.152813 0.190156 3.678078
1 inf -8.634830 -0.937011 -0.378382 -2.113364 -1.521760 3.429075 0.035124 2.481463 0.270765 0.497575 2.231821 0.117416 10.418781 -0.150919 0.174196 3.666811
1 inf -8.639699 -0.932562 -0.352526 -2.119687 -1.530013 3.438140 0.032217 2.468137 0.270817 0.488556 2.269467 0.089345 10.414441 -0.147234 0.164880 3.630745
1 inf -8.613345 -0.934482 -0.365350 -2.116134 -1.548735 3.433901 0.051746 2.485006 0.262309 0.546270 2.246983 0.070050 10.422598 -0.165227 0.167092 3.625076
1 inf -8.635827 -0.917967 -0.364295 -2.143743 -1.588229 3.431897 0.078181 2.516603 0.270533 0.538371 2.259879 0.078245 10.427479 -0.187243 0.186185 3.640359
1 inf -8.627175 -0.936346 -0.429359 -2.158531 -1.602747 3.451343 0.085551 2.500590 0.241878 0.521744 2.245489 0.119546 10.407638 -0.166521 0.174915 3.631484
1 inf -8.621062 -0.930746 -0.464381 -2.180619 -1.572225 3.431033 0.114262 2.513369 0.264772 0.504582 2.258019 0.142125 10.405028 -0.178848 0.180441 3.633510
1 inf -8.615025 -0.930925 -0.441736 -2.176498 -1.564981 3.434784 0.094826 2.513981 0.258833 0.483402 2.208316 0.155109 10.376305 -0.158319 0.193319 3.629957
1 inf -8.617776 -0.943716 -0.421681 -2.160303 -1.579516 3.424235 0.081511 2.518918 0.266510 0.503423 2.223729 0.166610 10.355013 -0.141917 0.197817 3.626825
1 inf -8.648599 -0.922128 -0.440214 -2.157068 -1.587724 3.401807 0.026772 2.514615 0.283525 0.475516 2.203113 0.201069 10.351390 -0.144028 0.223937 3.647668
1 inf -8.620656 -0.907666 -0.445438 -2.175566 -1.579375 3.404159 0.041666 2.493299 0.306274 0.484427 2.195774 0.215377 10.355259 -0.150991 0.247369 3.656775
1 inf -8.576398 -0.910971 -0.470785 -2.192904 -1.584411 3.428439 0.059066 2.506769 0.285280 0.459886 2.153884 0.220754 10.342622 -0.107755 0.250547 3.641604
1 inf -8.572124 -0.902861 -0.451674 -2.189866 -1.596185 3.440308 0.099072 2.494924 0.269048 0.427082 2.149615 0.189023 10.326806 -0.099520 0.216400 3.610633
1 inf -8.563615 -0.883494 -0.446945 -2.196036 -1.551295 3.432397 0.088466 2.521104 0.271659 0.387723 2.152626 0.239371 10.311848 -0.091111 0.173106 3.613429
1 inf -8.562310 -0.907347 -0.479535 -2.198851 -1.549614 3.446860 0.069158 2.545041 0.255446 0.395389 2.146455 0.223913 10.334622 -0.103056 0.201788 3.576519
1 inf -8.553038 -0.907498 -0.485178 -2.191228 -1.551601 3.449176 0.079038 2.546936 0.260725 0.374267 2.130840 0.225341 10.305218 -0.111226 0.236864 3.615967
1 inf -8.573722 -0.877634 -0.494181 -2.216666 -1.556172 3.439069 0.080884 2.549998 0.278888 0.415016 2.113765 0.234583 10.289909 -0.098536 0.189257 3.593039
1 inf -8.561572 -0.903616 -0.512350 -2.235196 -1.564713 3.411884 0.113634 2.566930 0.321090 0.432905 2.140826 0.285068 10.291392 -0.139134 0.157070 3.623156
1 inf -8.553043 -0.906759 -0.533240 -2.244221 -1.564863 3.415947 0.160655 2.548767 0.330338 0.400146 2.106387 0.285549 10.286132 -0.164536 0.107782 3.620868
1 inf -8.559140 -0.939918 -0.546973 -2.281179 -1.552602 3.386418 0.182035 2.550474 0.345475 0.426121 2.082706 0.293061 10.253204 -0.201575 0.084677 3.615607
1 inf -8.580390 -0.937129 -0.603454 -2.278874 -1.561526 3.394537 0.192874 2.538009 0.345008 0.383917 2.109009 0.275848 10.251874 -0.212901 0.091438 3.601294
1 inf -8.593100 -0.972988 -0.646832 -2.283335 -1.562077 3.383148 0.186227 2.527653 0.328862 0.376794 2.134472 0.293616 10.264850 -0.223679 0.096567 3.619305
1 inf -8.606395 -0.961575 -0.664293 -2.302790 -1.557566 3.371894 0.221444 2.520380 0.348328 0.349296 2.144962 0.297018 10.302951 -0.228227 0.061665 3.648510
1 inf -8.638645 -0.965542 -0.630707 -2.321964 -1.580666 3.367812 0.226682 2.534093 0.375070 0.363341 2.153557 0.290504 10.320617 -0.220822 0.068496 3.668414
1 inf -8.660073 -0.937046 -0.659208 -2.346009 -1.596078 3.338728 0.249778 2.522651 0.361799 0.355315 2.165197 0.327908 10.322870 -0.256456 0.037348 3.683186
1 inf -8.680024 -0.940160 -0.678749 -2.314099 -1.572529 3.361103 0.248610 2.496894 0.373771 0.379964 2.198645 0.332415 10.337728 -0.277636 0.035684 3.654038
1 inf -8.729165 -0.911110 -0.682106 -2.326890 -1.588908 3.388752 0.228716 2.491567 0.363133 0.372602 2.167250 0.341857 10.341902 -0.298302 0.032575 3.670953
1 inf -8.725963 -0.901017 -0.689084 -2.345743 -1.561191 3.410713 0.230919 2.485610 0.356951 0.367918 2.136635 0.374619 10.353049 -0.308901 0.019135 3.675151
1 inf -8.721034 -0.908462 -0.711719 -2.391575 -1.557595 3.388253 0.249504 2.499105 0.367506 0.347191 2.102751 0.355288 10.365411 -0.345409 0.018913 3.716314
1 inf -8.698033 -0.914277 -0.738735 -2.391460 -1.540563 3.368240 0.284752 2.521399 0.382218 0.345338 2.132460 0.338330 10.350479 -0.351854 0.002410 3.679337
1 inf -8.673357 -0.899285 -0.706521 -2.392571 -1.508398 3.362037 0.276205 2.540688 0.387167 0.311804 2.066333 0.317595 10.316683 -0.347697 0.005766 3.665785
1 inf -8.662730 -0.900359 -0.719365 -2.414676 -1.507723 3.345940 0.304099 2.531174 0.387404 0.303401 2.093800 0.334471 10.293501 -0.338335 -0.037631 3.653181
1 inf -8.674622 -0.897518 -0.720209 -2.420112 -1.496202 3.353283 0.297222 2.502692 0.402443 0.305715 2.116158 0.343937 10.287664 -0.354826 0.005788 3.632234
1 inf -8.680469 -0.921475 -0.709750 -2.401902 -1.482891 3.340491 0.297302 2.517024 0.321131 0.293708 2.110893 0.328938 10.289779 -0.338161 -0.025747 3.656919
1 inf -8.690787 -0.930443 -0.731276 -2.394357 -1.429318 3.315016 0.294245 2.546187 0.348424 0.266444 2.078734 0.323184 10.292840 -0.328232 -0.033483 3.659593
1 inf -8.686469 -0.928719 -0.720646 -2.422972 -1.451695 3.303423 0.290356 2.564683 0.318414 0.260062 2.074044 0.358814 10.293471 -0.319088 -0.056722 3.670027
1 inf -8.655888 -0.937011 -0.699752 -2.442424 -1.523304 3.352773 0.298519 2.551472 0.344972 0.240433 2.047894 0.372490 10.302567 -0.334081 -0.040949 3.686225
1 inf -8.647825 -0.954507 -0.661304 -2.474475 -1.504171 3.376303 0.325273 2.539868 0.327308 0.197948 2.053815 0.354323 10.278705 -0.297718 -0.082329 3.681306
1 inf -8.610324 -0.956985 -0.632218 -2.471635 -1.540351 3.390805 0.332499 2.550735 0.338952 0.199845 2.062353 0.349758 10.266015 -0.321447 -0.116097 3.701541
1 inf -8.582661 -0.969980 -0.653250 -2.459692 -1.545623 3.390911 0.329101 2.608265 0.312228 0.214896 2.074665 0.399338 10.276055 -0.320329 -0.089981 3.700076
1 inf -8.572367 -0.964771 -0.654374 -2.422788 -1.551481 3.445548 0.308192 2.578445 0.301655 0.209720 2.085922 0.409316 10.233029 -0.360386 -0.111178 3.732719
1 inf -8.573003 -0.944971 -0.689691 -2.421267 -1.598386 3.440587 0.289670 2.590332 0.314001 0.190191 2.061281 0.430234 10.214214 -0.361217 -0.145785 3.768456
1 inf -8.591609 -0.944996 -0.698804 -2.408892 -1.587748 3.427715 0.275227 2.607891 0.338873 0.167385 2.030655 0.453352 10.179405 -0.328796 -0.134624 3.773679
1 inf -8.568295 -0.934758 -0.668333 -2.389608 -1.588717 3.442162 0.260361 2.612332 0.307428 0.178133 2.037520 0.467041 10.185617 -0.313625 -0.117323 3.792749
1 inf -8.572694 -0.932326 -0.636093 -2.355288 -1.592006 3.382385 0.280420 2.614546 0.304784 0.182868 2.036460 0.439792 10.204826 -0.284856 -0.123375 3.787331
1 inf -8.540780 -0.892889 -0.605485 -2.351361 -1.611563 3.379765 0.291790 2.612837 0.316354 0.202875 2.016997 0.412680 10.215656 -0.306208 -0.143131 3.819447
