1 inf -8.550664 -0.943737 -0.238911 -2.326570 -1.463570 3.432109 0.274237 2.526903 0.236826 0.581588 2.312323 0.115814 10.337117 -0.289655 0.288863 3.580797
1 inf -8.525017 -0.950274 -0.256918 -2.333203 -1.473220 3.451383 0.285811 2.526960 0.226217 0.594079 2.312957 0.115513 10.341003 -0.310619 0.309955 3.580961
1 inf -8.526677 -0.936892 -0.288547 -2.307224 -1.421995 3.441948 0.297825 2.539111 0.220480 0.596356 2.281412 0.097404 10.337615 -0.307279 0.317156 3.585032
1 inf -8.498410 -0.959636 -0.282901 -2.314954 -1.389240 3.442757 0.293204 2.534381 0.222151 0.567764 2.277862 0.101044 10.316814 -0.267449 0.324981 3.586065
1 inf -8.524968 -0.961280 -0.319067 -2.337125 -1.416365 3.462817 0.261533 2.537812 0.250325 0.530315 2.272434 0.129656 10.295797 -0.265607 0.301231 3.582301
1 inf -8.520021 -0.955976 -0.311692 -2.311989 -1.415926 3.440905 0.293010 2.535248 0.259786 0.519825 2.329674 0.129733 10.300779 -0.271020 0.301780 3.570779
1 inf -8.539033 -0.933862 -0.273285 -2.293481 -1.414945 3.466768 0.285424 2.499774 0.302400 0.480560 2.295386 0.114889 10.253097 -0.246679 0.271361 3.575598
1 inf -8.551351 -0.967563 -0.287740 -2.281891 -1.470127 3.435659 0.300452 2.494240 0.277391 0.480675 2.292072 0.131031 10.247510 -0.262619 0.286384 3.540047
1 inf -8.556505 -0.979575 -0.280451 -2.278579 -1.412879 3.417194 0.306243 2.500515 0.251241 0.470299 2.308694 0.146981 10.253366 -0.275436 0.297075 3.569921
1 inf -8.565234 -0.994692 -0.282224 -2.264155 -1.429666 3.431085 0.308584 2.536653 0.199944 0.447970 2.311306 0.135413 10.238781 -0.261635 0.249682 3.576657
1 inf -8.566948 -0.978308 -0.259484 -2.273065 -1.448097 3.393663 0.319009 2.481297 0.233971 0.454448 2.317151 0.128381 10.205007 -0.249023 0.259627 3.553479
1 inf -8.569980 -0.994564 -0.233487 -2.276520 -1.435127 3.395794 0.312043 2.461551 0.288136 0.461903 2.349208 0.144934 10.208877 -0.229850 0.247920 3.583718
1 inf -8.597306 -0.995042 -0.229320 -2.287153 -1.431980 3.385006 0.312094 2.489545 0.266728 0.462470 2.349605 0.161093 10.216597 -0.234441 0.234835 3.593671
1 inf -8.593296 -0.998225 -0.241204 -2.296803 -1.430946 3.378462 0.332936 2.525666 0.281580 0.439953 2.353573 0.091145 10.218981 -0.232101 0.206616 3.586261
1 inf -8.583379 -0.969729 -0.241389 -2.323318 -1.393902 3.374828 0.343580 2.497874 0.262927 0.448815 2.339522 0.090887 10.213942 -0.251134 0.218315 3.575661
1 inf -8.586897 -0.972264 -0.249040 -2.332989 -1.381440 3.370193 0.350617 2.471114 0.246521 0.459780 2.382093 0.091652 10.240836 -0.257124 0.236201 3.634040
1 inf -8.577044 -0.987867 -0.252723 -2.372347 -1.379280 3.389912 0.395654 2.428398 0.257756 0.491391 2.401992 0.113241 10.256326 -0.230550 0.230289 3.630593
1 inf -8.562250 -0.972917 -0.252390 -2.360627 -1.354205 3.372447 0.376032 2.475611 0.265169 0.487758 2.392325 0.117305 10.252181 -0.241216 0.213142 3.640751
1 inf -8.592096 -0.970329 -0.213769 -2.347928 -1.403677 3.359560 0.397069 2.469086 0.251402 0.488977 2.400152 0.102478 10.251715 -0.242915 0.187832 3.616460
1 inf -8.577149 -0.967938 -0.190800 -2.372615 -1.419892 3.367130 0.373123 2.460087 0.254308 0.474539 2.366720 0.082561 10.244349 -0.227247 0.183938 3.648082
1 inf -8.558775 -0.978407 -0.187662 -2.355457 -1.417936 3.361007 0.408969 2.443497 0.269880 0.436163 2.409017 0.053304 10.263250 -0.263583 0.191402 3.646839
1 inf -8.569963 -0.995248 -0.179706 -2.352335 -1.407980 3.373088 0.428786 2.438262 0.248821 0.436396 2.398448 0.038388 10.224332 -0.273852 0.195002 3.638641
1 inf -8.563031 -0.988103 -0.140501 -2.350962 -1.397424 3.342713 0.424422 2.485361 0.270403 0.465968 2.366670 0.021259 10.239955 -0.264859 0.200218 3.634203
1 inf -8.581565 -0.982068 -0.149340 -2.378951 -1.386621 3.354003 0.442803 2.488952 0.280341 0.436772 2.347427 0.030159 10.278022 -0.256225 0.203917 3.629345
1 inf -8.522883 -0.972981 -0.147544 -2.370326 -1.398286 3.340309 0.442723 2.465192 0.306267 0.430314 2.335479 -0.010488 10.324209 -0.275346 0.192047 3.624602
1 inf -8.544139 -0.945153 -0.141441 -2.386299 -1.393087 3.332559 0.411876 2.484973 0.309570 0.429326 2.340613 -0.014920 10.324412 -0.261064 0.177386 3.602074
1 inf -8.552926 -0.912715 -0.113076 -2.354602 -1.398545 3.313920 0.394377 2.483157 0.292295 0.444265 2.351463 -0.034637 10.306494 -0.276029 0.195070 3.588002
1 inf -8.554862 -0.924845 -0.097175 -2.355688 -1.397336 3.347167 0.387858 2.476025 0.289229 0.480333 2.405690 -0.045198 10.324073 -0.260075 0.170377 3.627002
1 inf -8.553142 -0.918268 -0.095127 -2.325494 -1.417703 3.355961 0.377417 2.453683 0.272823 0.435265 2.405335 -0.041695 10.311664 -0.237088 0.154655 3.613678
1 inf -8.540113 -0.938083 -0.081559 -2.347392 -1.389838 3.381183 0.358311 2.474721 0.336700 0.447658 2.376596 -0.042530 10.339135 -0.264248 0.151027 3.651001
1 inf -8.546335 -0.893223 -0.068570 -2.344271 -1.406076 3.379994 0.364749 2.473099 0.360186 0.468720 2.368027 -0.057033 10.372318 -0.254650 0.155888 3.668941
1 inf -8.573321 -0.871231 -0.010169 -2.343152 -1.384419 3.390051 0.352524 2.493934 0.329540 0.467255 2.374619 -0.021959 10.344190 -0.226881 0.203180 3.679214
1 inf -8.579380 -0.876762 0.008366 -2.337216 -1.362805 3.377599 0.361510 2.528752 0.313183 0.462075 2.355120 -0.017121 10.305212 -0.214049 0.205277 3.664905
1 inf -8.568233 -0.868865 0.006515 -2.304527 -1.340342 3.378917 0.333085 2.525587 0.296718 0.414003 2.375468 -0.053627 10.311671 -0.215395 0.204097 3.707599
1 inf -8.579351 -0.833557 0.010498 -2.317712 -1.358145 3.387087 0.309876 2.514602 0.321661 0.430385 2.351341 -0.070963 10.318376 -0.216568 0.260945 3.698618
1 inf -8.596206 -0.825476 0.034371 -2.330347 -1.361327 3.395726 0.329903 2.512786 0.328445 0.446274 2.345066 -0.055474 10.304009 -0.216120 0.253160 3.668536
1 inf -8.586216 -0.831358 0.074711 -2.331316 -1.332094 3.403313 0.375384 2.539483 0.344396 0.399295 2.343668 -0.083737 10.311640 -0.202214 0.260008 3.660109
1 inf -8.582678 -0.821416 0.046626 -2.305105 -1.334975 3.398117 0.348539 2.539822 0.357321 0.384807 2.319145 -0.132974 10.295687 -0.205254 0.198087 3.649710
1 inf -8.576857 -0.794064 0.039397 -2.296740 -1.355019 3.391283 0.331731 2.523276 0.407272 0.359231 2.324711 -0.104382 10.289401 -0.177013 0.172757 3.630949
1 inf -8.585851 -0.819945 0.050109 -2.280155 -1.350054 3.369609 0.317894 2.515850 0.421765 0.356162 2.335284 -0.121600 10.319055 -0.154538 0.168498 3.621894
1 inf -8.619622 -0.811741 0.025508 -2.325949 -1.383968 3.390431 0.274937 2.554615 0.401685 0.358452 2.321977 -0.156477 10.261882 -0.126239 0.174196 3.664653
1 inf -8.602610 -0.852635 0.015303 -2.297516 -1.366374 3.391668 0.283632 2.545281 0.375113 0.357156 2.311495 -0.112487 10.274347 -0.100779 0.182783 3.656542
1 inf -8.610570 -0.834966 0.015735 -2.270536 -1.358165 3.375206 0.260829 2.557932 0.368072 0.363588 2.323641 -0.101950 10.265309 -0.091532 0.173782 3.634991
1 inf -8.605459 -0.846415 0.003346 -2.272041 -1.387097 3.357942 0.284098 2.558701 0.386629 0.359392 2.327096 -0.094960 10.300196 -0.048368 0.167429 3.620461
1 inf -8.595606 -0.862018 -0.000337 -2.311399 -1.384937 3.377661 0.329135 2.515985 0.397864 0.391003 2.346995 -0.073371 10.315686 -0.021794 0.161517 3.617014
1 inf -8.599127 -0.852248 0.005904 -2.326720 -1.405105 3.406714 0.361322 2.553022 0.393939 0.359674 2.359192 -0.076118 10.337821 -0.006618 0.162358 3.633792
1 inf -8.585712 -0.820768 0.029853 -2.324149 -1.394376 3.435747 0.354965 2.556558 0.409873 0.348790 2.321098 -0.082328 10.320447 -0.006025 0.164114 3.664134
1 inf -8.595023 -0.786233 0.045747 -2.337663 -1.410181 3.417433 0.402301 2.570986 0.393875 0.355755 2.331033 -0.089789 10.321247 -0.011687 0.147477 3.660701
1 inf -8.579300 -0.755265 0.033141 -2.362244 -1.422801 3.438632 0.421771 2.538585 0.411897 0.360313 2.304406 -0.093048 10.322660 -0.016569 0.116716 3.654255
1 inf -8.619045 -0.769315 0.020485 -2.374174 -1.407913 3.448635 0.447437 2.561174 0.431324 0.365536 2.338979 -0.070639 10.315068 -0.039698 0.150584 3.664599
1 inf -8.650668 -0.782445 0.024411 -2.363572 -1.415316 3.430000 0.470410 2.549728 0.437851 0.372916 2.359450 -0.081428 10.317795 -0.045059 0.137295 3.659895
1 inf -8.652700 -0.814282 0.006799 -2.369199 -1.417818 3.431541 0.507008 2.559620 0.424552 0.355637 2.385746 -0.061238 10.340501 -0.051098 0.112765 3.640150
1 inf -8.620846 -0.798198 0.029859 -2.382471 -1.407598 3.426803 0.534479 2.537795 0.411364 0.374619 2.339908 -0.054005 10.351518 -0.061127 0.106593 3.591033
1 inf -8.596740 -0.823321 0.057649 -2.376275 -1.417817 3.427048 0.542944 2.517258 0.359974 0.377905 2.351571 -0.049088 10.365715 -0.021442 0.082236 3.568425
1 inf -8.580648 -0.850840 0.065987 -2.402628 -1.430383 3.433825 0.567720 2.526030 0.368711 0.389730 2.369076 -0.046249 10.356931 -0.001859 0.095713 3.567014
1 inf -8.564736 -0.814832 0.021785 -2.385245 -1.439230 3.449469 0.541436 2.522633 0.353045 0.397822 2.414927 -0.075024 10.355034 -0.043463 0.090589 3.551473
1 inf -8.541149 -0.836877 0.012647 -2.341364 -1.443874 3.441963 0.558449 2.517300 0.364218 0.390796 2.408302 -0.061326 10.392859 -0.030151 0.109283 3.563305
1 inf -8.541143 -0.852439 0.015082 -2.316000 -1.422191 3.451938 0.553761 2.485728 0.367292 0.391956 2.406149 -0.030102 10.392773 -0.009304 0.125415 3.561719
1 inf -8.581341 -0.852065 0.013808 -2.340365 -1.435898 3.445747 0.556491 2.493009 0.387346 0.392848 2.401635 -0.041605 10.371469 -0.044422 0.159560 3.561224
1 inf -8.567424 -0.825780 -0.031529 -2.317631 -1.393158 3.408859 0.527351 2.516109 0.402064 0.397661 2.427583 -0.038614 10.359461 -0.040643 0.152511 3.569002
1 inf -8.561063 -0.802678 -0.027535 -2.365621 -1.377683 3.414304 0.514186 2.509219 0.434137 0.398942 2.460582 -0.033110 10.368312 -0.062547 0.141772 3.575003
1 inf -8.531274 -0.812167 -0.037860 -2.340857 -1.388972 3.407795 0.523080 2.513381 0.445196 0.414182 2.464028 -0.041659 10.358723 -0.047304 0.158149 3.617594
1 inf -8.534689 -0.819713 -0.051385 -2.319355 -1.397831 3.394955 0.559739 2.524491 0.441280 0.429783 2.461153 -0.051471 10.341780 -0.027324 0.122465 3.605971
1 inf -8.540129 -0.808413 -0.051497 -2.322735 -1.424928 3.381181 0.572615 2.519570 0.447626 0.432375 2.443159 -0.035175 10.320519 -0.043876 0.138276 3.573153
1 inf -8.554523 -0.805910 -0.053642 -2.317170 -1.454325 3.370789 0.567623 2.530579 0.459060 0.407550 2.449177 -0.029218 10.327127 -0.064175 0.093037 3.594459
1 inf -8.573081 -0.789379 -0.056717 -2.272781 -1.472183 3.364412 0.541706 2.505951 0.435647 0.430101 2.431996 -0.071186 10.335888 -0.076643 0.066380 3.556018
1 inf -8.576978 -0.785262 -0.037248 -2.285761 -1.462194 3.369377 0.561738 2.518544 0.453032 0.412901 2.433659 -0.079370 10.312770 -0.045173 0.037006 3.547217
1 inf -8.579389 -0.780166 -0.014030 -2.287469 -1.448284 3.396124 0.503191 2.506227 0.464544 0.383661 2.423322 -0.110076 10.277599 -0.058731 0.031316 3.541805
1 inf -8.560279 -0.784369 0.009271 -2.292090 -1.408790 3.330405 0.504741 2.504055 0.455835 0.424786 2.420119 -0.090968 10.264608 -0.062051 0.026656 3.545176
1 inf -8.561228 -0.760358 0.010510 -2.272106 -1.424368 3.359660 0.503531 2.447831 0.478695 0.440543 2.422531 -0.108415 10.300804 -0.066735 0.033379 3.556599
1 inf -8.564535 -0.769325 0.021341 -2.303187 -1.432533 3.381307 0.514990 2.473666 0.506487 0.427696 2.405604 -0.101677 10.279686 -0.068693 0.027597 3.550639
1 inf -8.553895 -0.796079 -0.001280 -2.331414 -1.415276 3.381215 0.471220 2.505255 0.456138 0.438079 2.406969 -0.132764 10.257200 -0.038071 0.035857 3.535382
1 inf -8.603911 -0.784189 -0.019131 -2.317269 -1.438924 3.373050 0.474009 2.530204 0.447224 0.461399 2.396955 -0.113779 10.208415 -0.016011 0.038466 3.520674
